r | d (mean dist.) | Rcl | d/Rcl - 2
  1.0024E+00  1.1194E-01  5.1838E-02  1.5946E-01
  1.0070E+00  1.3415E-01  6.2122E-02  1.5946E-01
  1.0117E+00  1.4632E-01  6.7758E-02  1.5946E-01
  1.0164E+00  1.5511E-01  7.1829E-02  1.5946E-01
  1.0210E+00  1.6214E-01  7.5086E-02  1.5946E-01
  1.0258E+00  1.6809E-01  7.7837E-02  1.5946E-01
  1.0305E+00  1.7328E-01  8.0242E-02  1.5946E-01
  1.0352E+00  1.7793E-01  8.2393E-02  1.5946E-01
  1.0400E+00  1.8215E-01  8.4352E-02  1.5946E-01
  1.0448E+00  1.8605E-01  8.6157E-02  1.5946E-01
  1.0496E+00  1.8969E-01  8.7839E-02  1.5946E-01
  1.0545E+00  1.9310E-01  8.9419E-02  1.5946E-01
  1.0594E+00  1.9632E-01  9.0912E-02  1.5946E-01
  1.0643E+00  1.9939E-01  9.2332E-02  1.5946E-01
  1.0692E+00  2.0231E-01  9.3688E-02  1.5946E-01
  1.0741E+00  2.0512E-01  9.4989E-02  1.5946E-01
  1.0791E+00  2.0783E-01  9.6241E-02  1.5946E-01
  1.0840E+00  2.1044E-01  9.7450E-02  1.5946E-01
  1.0890E+00  2.1297E-01  9.8621E-02  1.5946E-01
  1.0941E+00  2.1542E-01  9.9757E-02  1.5946E-01
  1.0991E+00  2.1781E-01  1.0086E-01  1.5946E-01
  1.1042E+00  2.2013E-01  1.0194E-01  1.5946E-01
  1.1093E+00  2.2240E-01  1.0299E-01  1.5946E-01
  1.1144E+00  2.2462E-01  1.0402E-01  1.5946E-01
  1.1196E+00  2.2680E-01  1.0503E-01  1.5946E-01
  1.1247E+00  2.2893E-01  1.0601E-01  1.5946E-01
  1.1299E+00  2.3102E-01  1.0698E-01  1.5946E-01
  1.1351E+00  2.3308E-01  1.0793E-01  1.5946E-01
  1.1404E+00  2.3510E-01  1.0887E-01  1.5946E-01
  1.1456E+00  2.3709E-01  1.0979E-01  1.5946E-01
  1.1509E+00  2.3906E-01  1.1070E-01  1.5946E-01
  1.1562E+00  2.4100E-01  1.1160E-01  1.5946E-01
  1.1616E+00  2.4291E-01  1.1248E-01  1.5946E-01
  1.1669E+00  2.4479E-01  1.1336E-01  1.5946E-01
  1.1723E+00  2.4666E-01  1.1422E-01  1.5946E-01
  1.1777E+00  2.4851E-01  1.1508E-01  1.5946E-01
  1.1832E+00  2.5033E-01  1.1592E-01  1.5946E-01
  1.1886E+00  2.5214E-01  1.1676E-01  1.5946E-01
  1.1941E+00  2.5393E-01  1.1759E-01  1.5946E-01
  1.1996E+00  2.5571E-01  1.1841E-01  1.5946E-01
  1.2052E+00  2.5747E-01  1.1923E-01  1.5946E-01
  1.2107E+00  2.5922E-01  1.2004E-01  1.5946E-01
  1.2163E+00  2.6095E-01  1.2084E-01  1.5946E-01
  1.2219E+00  2.6267E-01  1.2164E-01  1.5946E-01
  1.2276E+00  2.6438E-01  1.2243E-01  1.5946E-01
  1.2332E+00  2.6608E-01  1.2322E-01  1.5946E-01
  1.2389E+00  2.6777E-01  1.2400E-01  1.5946E-01
  1.2446E+00  2.6944E-01  1.2477E-01  1.5946E-01
  1.2504E+00  2.7111E-01  1.2555E-01  1.5946E-01
  1.2562E+00  2.7277E-01  1.2631E-01  1.5946E-01
  1.2620E+00  2.7442E-01  1.2708E-01  1.5946E-01
  1.2678E+00  2.7606E-01  1.2784E-01  1.5946E-01
  1.2736E+00  2.7770E-01  1.2860E-01  1.5946E-01
  1.2795E+00  2.7933E-01  1.2935E-01  1.5946E-01
  1.2854E+00  2.8095E-01  1.3010E-01  1.5946E-01
  1.2913E+00  2.8256E-01  1.3085E-01  1.5946E-01
  1.2973E+00  2.8417E-01  1.3159E-01  1.5946E-01
  1.3033E+00  2.8578E-01  1.3234E-01  1.5946E-01
  1.3093E+00  2.8737E-01  1.3308E-01  1.5946E-01
  1.3154E+00  2.8897E-01  1.3381E-01  1.5946E-01
  1.3214E+00  2.9055E-01  1.3455E-01  1.5946E-01
  1.3275E+00  2.9214E-01  1.3528E-01  1.5946E-01
  1.3336E+00  2.9372E-01  1.3601E-01  1.5946E-01
  1.3398E+00  2.9529E-01  1.3674E-01  1.5946E-01
  1.3460E+00  2.9686E-01  1.3747E-01  1.5946E-01
  1.3522E+00  2.9843E-01  1.3820E-01  1.5946E-01
  1.3584E+00  3.0000E-01  1.3892E-01  1.5946E-01
  1.3647E+00  3.0156E-01  1.3965E-01  1.5946E-01
  1.3710E+00  3.0312E-01  1.4037E-01  1.5946E-01
  1.3773E+00  3.0468E-01  1.4109E-01  1.5946E-01
  1.3837E+00  3.0623E-01  1.4181E-01  1.5946E-01
  1.3901E+00  3.0778E-01  1.4253E-01  1.5946E-01
  1.3965E+00  3.0933E-01  1.4324E-01  1.5946E-01
  1.4029E+00  3.1088E-01  1.4396E-01  1.5946E-01
  1.4094E+00  3.1242E-01  1.4468E-01  1.5946E-01
  1.4159E+00  3.1397E-01  1.4539E-01  1.5946E-01
  1.4225E+00  3.1551E-01  1.4611E-01  1.5946E-01
  1.4290E+00  3.1705E-01  1.4682E-01  1.5946E-01
  1.4356E+00  3.1859E-01  1.4753E-01  1.5946E-01
  1.4423E+00  3.2013E-01  1.4825E-01  1.5946E-01
  1.4489E+00  3.2167E-01  1.4896E-01  1.5946E-01
  1.4556E+00  3.2320E-01  1.4967E-01  1.5946E-01
  1.4623E+00  3.2474E-01  1.5038E-01  1.5946E-01
  1.4691E+00  3.2628E-01  1.5109E-01  1.5946E-01
  1.4758E+00  3.2781E-01  1.5180E-01  1.5946E-01
  1.4827E+00  3.2935E-01  1.5251E-01  1.5946E-01
  1.4895E+00  3.3088E-01  1.5322E-01  1.5946E-01
  1.4964E+00  3.3242E-01  1.5393E-01  1.5946E-01
  1.5033E+00  3.3395E-01  1.5465E-01  1.5946E-01
  1.5102E+00  3.3549E-01  1.5536E-01  1.5946E-01
  1.5172E+00  3.3702E-01  1.5607E-01  1.5946E-01
  1.5242E+00  3.3856E-01  1.5678E-01  1.5946E-01
  1.5312E+00  3.4009E-01  1.5749E-01  1.5946E-01
  1.5383E+00  3.4163E-01  1.5820E-01  1.5946E-01
  1.5454E+00  3.4316E-01  1.5891E-01  1.5946E-01
  1.5525E+00  3.4470E-01  1.5962E-01  1.5946E-01
  1.5597E+00  3.4624E-01  1.6033E-01  1.5946E-01
  1.5669E+00  3.4777E-01  1.6105E-01  1.5946E-01
  1.5741E+00  3.4931E-01  1.6176E-01  1.5946E-01
  1.5814E+00  3.5085E-01  1.6247E-01  1.5946E-01
  1.5887E+00  3.5239E-01  1.6319E-01  1.5946E-01
  1.5960E+00  3.5394E-01  1.6390E-01  1.5946E-01
  1.6034E+00  3.5548E-01  1.6461E-01  1.5946E-01
  1.6108E+00  3.5702E-01  1.6533E-01  1.5946E-01
  1.6182E+00  3.5857E-01  1.6605E-01  1.5946E-01
  1.6257E+00  3.6011E-01  1.6676E-01  1.5946E-01
  1.6332E+00  3.6166E-01  1.6748E-01  1.5946E-01
  1.6407E+00  3.6321E-01  1.6820E-01  1.5946E-01
  1.6483E+00  3.6476E-01  1.6891E-01  1.5946E-01
  1.6559E+00  3.6632E-01  1.6963E-01  1.5946E-01
  1.6636E+00  3.6787E-01  1.7035E-01  1.5946E-01
  1.6712E+00  3.6943E-01  1.7107E-01  1.5946E-01
  1.6790E+00  3.7098E-01  1.7179E-01  1.5946E-01
  1.6867E+00  3.7254E-01  1.7252E-01  1.5946E-01
  1.6945E+00  3.7410E-01  1.7324E-01  1.5946E-01
  1.7023E+00  3.7567E-01  1.7396E-01  1.5946E-01
  1.7102E+00  3.7723E-01  1.7469E-01  1.5946E-01
  1.7181E+00  3.7880E-01  1.7541E-01  1.5946E-01
  1.7260E+00  3.8037E-01  1.7614E-01  1.5946E-01
  1.7340E+00  3.8194E-01  1.7687E-01  1.5946E-01
  1.7420E+00  3.8351E-01  1.7760E-01  1.5946E-01
  1.7500E+00  3.8509E-01  1.7832E-01  1.5946E-01
  1.7581E+00  3.8666E-01  1.7906E-01  1.5946E-01
  1.7662E+00  3.8824E-01  1.7979E-01  1.5946E-01
  1.7743E+00  3.8982E-01  1.8052E-01  1.5946E-01
  1.7825E+00  3.9141E-01  1.8125E-01  1.5946E-01
  1.7908E+00  3.9300E-01  1.8199E-01  1.5946E-01
  1.7990E+00  3.9459E-01  1.8272E-01  1.5946E-01
  1.8073E+00  3.9618E-01  1.8346E-01  1.5946E-01
  1.8157E+00  3.9777E-01  1.8420E-01  1.5946E-01
  1.8241E+00  3.9937E-01  1.8494E-01  1.5946E-01
  1.8325E+00  4.0097E-01  1.8568E-01  1.5946E-01
  1.8409E+00  4.0257E-01  1.8642E-01  1.5946E-01
  1.8494E+00  4.0417E-01  1.8716E-01  1.5946E-01
  1.8580E+00  4.0578E-01  1.8791E-01  1.5946E-01
  1.8665E+00  4.0739E-01  1.8865E-01  1.5946E-01
  1.8752E+00  4.0900E-01  1.8940E-01  1.5946E-01
  1.8838E+00  4.1062E-01  1.9015E-01  1.5946E-01
  1.8925E+00  4.1224E-01  1.9090E-01  1.5946E-01
  1.9012E+00  4.1386E-01  1.9165E-01  1.5946E-01
  1.9100E+00  4.1548E-01  1.9240E-01  1.5946E-01
  1.9188E+00  4.1711E-01  1.9316E-01  1.5946E-01
  1.9277E+00  4.1874E-01  1.9391E-01  1.5946E-01
  1.9366E+00  4.2038E-01  1.9467E-01  1.5946E-01
  1.9455E+00  4.2201E-01  1.9543E-01  1.5946E-01
  1.9545E+00  4.2365E-01  1.9618E-01  1.5946E-01
  1.9635E+00  4.2530E-01  1.9695E-01  1.5946E-01
  1.9726E+00  4.2694E-01  1.9771E-01  1.5946E-01
  1.9817E+00  4.2859E-01  1.9847E-01  1.5946E-01
  1.9908E+00  4.3024E-01  1.9924E-01  1.5946E-01
  2.0000E+00  4.3190E-01  2.0000E-01  1.5946E-01
  2.0093E+00  4.3356E-01  2.0077E-01  1.5946E-01
  2.0185E+00  4.3522E-01  2.0154E-01  1.5946E-01
  2.0279E+00  4.3689E-01  2.0231E-01  1.5946E-01
  2.0372E+00  4.3856E-01  2.0309E-01  1.5946E-01
  2.0466E+00  4.4023E-01  2.0386E-01  1.5946E-01
  2.0561E+00  4.4190E-01  2.0464E-01  1.5946E-01
  2.0656E+00  4.4358E-01  2.0541E-01  1.5946E-01
  2.0751E+00  4.4527E-01  2.0619E-01  1.5946E-01
  2.0847E+00  4.4695E-01  2.0697E-01  1.5946E-01
  2.0943E+00  4.4864E-01  2.0776E-01  1.5946E-01
  2.1040E+00  4.5034E-01  2.0854E-01  1.5946E-01
  2.1137E+00  4.5203E-01  2.0933E-01  1.5946E-01
  2.1234E+00  4.5374E-01  2.1012E-01  1.5946E-01
  2.1332E+00  4.5544E-01  2.1090E-01  1.5946E-01
  2.1431E+00  4.5715E-01  2.1170E-01  1.5946E-01
  2.1530E+00  4.5886E-01  2.1249E-01  1.5946E-01
  2.1629E+00  4.6058E-01  2.1328E-01  1.5946E-01
  2.1729E+00  4.6230E-01  2.1408E-01  1.5946E-01
  2.1829E+00  4.6402E-01  2.1488E-01  1.5946E-01
  2.1930E+00  4.6575E-01  2.1568E-01  1.5946E-01
  2.2031E+00  4.6748E-01  2.1648E-01  1.5946E-01
  2.2133E+00  4.6922E-01  2.1728E-01  1.5946E-01
  2.2235E+00  4.7096E-01  2.1809E-01  1.5946E-01
  2.2338E+00  4.7270E-01  2.1890E-01  1.5946E-01
  2.2441E+00  4.7445E-01  2.1971E-01  1.5946E-01
  2.2544E+00  4.7620E-01  2.2052E-01  1.5946E-01
  2.2648E+00  4.7795E-01  2.2133E-01  1.5946E-01
  2.2753E+00  4.7971E-01  2.2214E-01  1.5946E-01
  2.2858E+00  4.8148E-01  2.2296E-01  1.5946E-01
  2.2963E+00  4.8324E-01  2.2378E-01  1.5946E-01
  2.3069E+00  4.8501E-01  2.2460E-01  1.5946E-01
  2.3176E+00  4.8679E-01  2.2542E-01  1.5946E-01
  2.3283E+00  4.8857E-01  2.2625E-01  1.5946E-01
  2.3390E+00  4.9035E-01  2.2707E-01  1.5946E-01
  2.3498E+00  4.9214E-01  2.2790E-01  1.5946E-01
  2.3607E+00  4.9394E-01  2.2873E-01  1.5946E-01
  2.3716E+00  4.9573E-01  2.2956E-01  1.5946E-01
  2.3825E+00  4.9754E-01  2.3040E-01  1.5946E-01
  2.3935E+00  4.9934E-01  2.3123E-01  1.5946E-01
  2.4046E+00  5.0115E-01  2.3207E-01  1.5946E-01
  2.4157E+00  5.0297E-01  2.3291E-01  1.5946E-01
  2.4268E+00  5.0478E-01  2.3376E-01  1.5946E-01
  2.4380E+00  5.0661E-01  2.3460E-01  1.5946E-01
  2.4493E+00  5.0844E-01  2.3545E-01  1.5946E-01
  2.4606E+00  5.1027E-01  2.3629E-01  1.5946E-01
  2.4719E+00  5.1211E-01  2.3715E-01  1.5946E-01
  2.4833E+00  5.1395E-01  2.3800E-01  1.5946E-01
  2.4948E+00  5.1579E-01  2.3885E-01  1.5946E-01
  2.5063E+00  5.1764E-01  2.3971E-01  1.5946E-01
  2.5179E+00  5.1950E-01  2.4057E-01  1.5946E-01
  2.5295E+00  5.2136E-01  2.4143E-01  1.5946E-01
  2.5412E+00  5.2322E-01  2.4229E-01  1.5946E-01
  2.5529E+00  5.2509E-01  2.4316E-01  1.5946E-01
  2.5647E+00  5.2697E-01  2.4403E-01  1.5946E-01
  2.5765E+00  5.2885E-01  2.4490E-01  1.5946E-01
  2.5884E+00  5.3073E-01  2.4577E-01  1.5946E-01
  2.6004E+00  5.3262E-01  2.4664E-01  1.5946E-01
  2.6124E+00  5.3451E-01  2.4752E-01  1.5946E-01
  2.6244E+00  5.3641E-01  2.4840E-01  1.5946E-01
  2.6365E+00  5.3831E-01  2.4928E-01  1.5946E-01
  2.6487E+00  5.4022E-01  2.5016E-01  1.5946E-01
  2.6609E+00  5.4213E-01  2.5105E-01  1.5946E-01
  2.6732E+00  5.4405E-01  2.5194E-01  1.5946E-01
  2.6856E+00  5.4597E-01  2.5283E-01  1.5946E-01
  2.6980E+00  5.4790E-01  2.5372E-01  1.5946E-01
  2.7104E+00  5.4983E-01  2.5461E-01  1.5946E-01
  2.7229E+00  5.5177E-01  2.5551E-01  1.5946E-01
  2.7355E+00  5.5371E-01  2.5641E-01  1.5946E-01
  2.7481E+00  5.5566E-01  2.5731E-01  1.5946E-01
  2.7608E+00  5.5761E-01  2.5822E-01  1.5946E-01
  2.7735E+00  5.5957E-01  2.5912E-01  1.5946E-01
  2.7863E+00  5.6153E-01  2.6003E-01  1.5946E-01
  2.7992E+00  5.6350E-01  2.6094E-01  1.5946E-01
  2.8121E+00  5.6547E-01  2.6186E-01  1.5946E-01
  2.8251E+00  5.6745E-01  2.6277E-01  1.5946E-01
  2.8381E+00  5.6943E-01  2.6369E-01  1.5946E-01
  2.8512E+00  5.7142E-01  2.6461E-01  1.5946E-01
  2.8644E+00  5.7341E-01  2.6554E-01  1.5946E-01
  2.8776E+00  5.7541E-01  2.6646E-01  1.5946E-01
  2.8909E+00  5.7742E-01  2.6739E-01  1.5946E-01
  2.9043E+00  5.7943E-01  2.6832E-01  1.5946E-01
  2.9177E+00  5.8144E-01  2.6925E-01  1.5946E-01
  2.9311E+00  5.8346E-01  2.7019E-01  1.5946E-01
  2.9447E+00  5.8549E-01  2.7113E-01  1.5946E-01
  2.9582E+00  5.8752E-01  2.7207E-01  1.5946E-01
  2.9719E+00  5.8956E-01  2.7301E-01  1.5946E-01
  2.9856E+00  5.9160E-01  2.7396E-01  1.5946E-01
  2.9994E+00  5.9365E-01  2.7490E-01  1.5946E-01
  3.0132E+00  5.9570E-01  2.7586E-01  1.5946E-01
  3.0272E+00  5.9776E-01  2.7681E-01  1.5946E-01
  3.0411E+00  5.9982E-01  2.7776E-01  1.5946E-01
  3.0552E+00  6.0189E-01  2.7872E-01  1.5946E-01
  3.0693E+00  6.0397E-01  2.7968E-01  1.5946E-01
  3.0834E+00  6.0605E-01  2.8065E-01  1.5946E-01
  3.0977E+00  6.0813E-01  2.8161E-01  1.5946E-01
  3.1120E+00  6.1023E-01  2.8258E-01  1.5946E-01
  3.1263E+00  6.1233E-01  2.8355E-01  1.5946E-01
  3.1408E+00  6.1443E-01  2.8453E-01  1.5946E-01
  3.1552E+00  6.1654E-01  2.8551E-01  1.5946E-01
  3.1698E+00  6.1865E-01  2.8649E-01  1.5946E-01
  3.1844E+00  6.2077E-01  2.8747E-01  1.5946E-01
  3.1991E+00  6.2290E-01  2.8845E-01  1.5946E-01
  3.2139E+00  6.2503E-01  2.8944E-01  1.5946E-01
  3.2287E+00  6.2717E-01  2.9043E-01  1.5946E-01
  3.2436E+00  6.2932E-01  2.9142E-01  1.5946E-01
  3.2586E+00  6.3147E-01  2.9242E-01  1.5946E-01
  3.2737E+00  6.3362E-01  2.9342E-01  1.5946E-01
  3.2888E+00  6.3579E-01  2.9442E-01  1.5946E-01
  3.3039E+00  6.3795E-01  2.9542E-01  1.5946E-01
  3.3192E+00  6.4013E-01  2.9643E-01  1.5946E-01
  3.3345E+00  6.4231E-01  2.9744E-01  1.5946E-01
  3.3499E+00  6.4449E-01  2.9845E-01  1.5946E-01
  3.3654E+00  6.4669E-01  2.9947E-01  1.5946E-01
  3.3809E+00  6.4888E-01  3.0048E-01  1.5946E-01
  3.3965E+00  6.5109E-01  3.0151E-01  1.5946E-01
  3.4122E+00  6.5330E-01  3.0253E-01  1.5946E-01
  3.4279E+00  6.5552E-01  3.0356E-01  1.5946E-01
  3.4438E+00  6.5774E-01  3.0458E-01  1.5946E-01
  3.4597E+00  6.5997E-01  3.0562E-01  1.5946E-01
  3.4756E+00  6.6220E-01  3.0665E-01  1.5946E-01
  3.4917E+00  6.6444E-01  3.0769E-01  1.5946E-01
  3.5078E+00  6.6669E-01  3.0873E-01  1.5946E-01
  3.5240E+00  6.6895E-01  3.0977E-01  1.5946E-01
  3.5402E+00  6.7121E-01  3.1082E-01  1.5946E-01
  3.5566E+00  6.7347E-01  3.1187E-01  1.5946E-01
  3.5730E+00  6.7575E-01  3.1292E-01  1.5946E-01
  3.5895E+00  6.7802E-01  3.1398E-01  1.5946E-01
  3.6061E+00  6.8031E-01  3.1504E-01  1.5946E-01
  3.6227E+00  6.8260E-01  3.1610E-01  1.5946E-01
  3.6394E+00  6.8490E-01  3.1716E-01  1.5946E-01
  3.6562E+00  6.8721E-01  3.1823E-01  1.5946E-01
  3.6731E+00  6.8952E-01  3.1930E-01  1.5946E-01
  3.6901E+00  6.9184E-01  3.2037E-01  1.5946E-01
  3.7071E+00  6.9416E-01  3.2145E-01  1.5946E-01
  3.7242E+00  6.9649E-01  3.2253E-01  1.5946E-01
  3.7414E+00  6.9883E-01  3.2361E-01  1.5946E-01
  3.7587E+00  7.0117E-01  3.2470E-01  1.5946E-01
  3.7760E+00  7.0353E-01  3.2579E-01  1.5946E-01
  3.7934E+00  7.0588E-01  3.2688E-01  1.5946E-01
  3.8109E+00  7.0825E-01  3.2797E-01  1.5946E-01
  3.8285E+00  7.1062E-01  3.2907E-01  1.5946E-01
  3.8462E+00  7.1300E-01  3.3017E-01  1.5946E-01
  3.8640E+00  7.1538E-01  3.3128E-01  1.5946E-01
  3.8818E+00  7.1777E-01  3.3238E-01  1.5946E-01
  3.8997E+00  7.2017E-01  3.3350E-01  1.5946E-01
  3.9177E+00  7.2258E-01  3.3461E-01  1.5946E-01
  3.9358E+00  7.2499E-01  3.3573E-01  1.5946E-01
  3.9540E+00  7.2741E-01  3.3685E-01  1.5946E-01
  3.9722E+00  7.2983E-01  3.3797E-01  1.5946E-01
  3.9905E+00  7.3226E-01  3.3910E-01  1.5946E-01
  4.0090E+00  7.3470E-01  3.4023E-01  1.5946E-01
  4.0275E+00  7.3715E-01  3.4136E-01  1.5946E-01
  4.0461E+00  7.3960E-01  3.4249E-01  1.5946E-01
  4.0647E+00  7.4206E-01  3.4363E-01  1.5946E-01
  4.0835E+00  7.4453E-01  3.4478E-01  1.5946E-01
  4.1023E+00  7.4701E-01  3.4592E-01  1.5946E-01
  4.1213E+00  7.4949E-01  3.4707E-01  1.5946E-01
  4.1403E+00  7.5198E-01  3.4822E-01  1.5946E-01
  4.1594E+00  7.5447E-01  3.4938E-01  1.5946E-01
  4.1786E+00  7.5698E-01  3.5054E-01  1.5946E-01
  4.1979E+00  7.5949E-01  3.5170E-01  1.5946E-01
  4.2173E+00  7.6200E-01  3.5287E-01  1.5946E-01
  4.2367E+00  7.6453E-01  3.5404E-01  1.5946E-01
  4.2563E+00  7.6706E-01  3.5521E-01  1.5946E-01
  4.2759E+00  7.6960E-01  3.5639E-01  1.5946E-01
  4.2957E+00  7.7215E-01  3.5756E-01  1.5946E-01
  4.3155E+00  7.7470E-01  3.5875E-01  1.5946E-01
  4.3354E+00  7.7726E-01  3.5993E-01  1.5946E-01
  4.3554E+00  7.7983E-01  3.6112E-01  1.5946E-01
  4.3755E+00  7.8241E-01  3.6232E-01  1.5946E-01
  4.3957E+00  7.8499E-01  3.6351E-01  1.5946E-01
  4.4160E+00  7.8758E-01  3.6471E-01  1.5946E-01
  4.4364E+00  7.9018E-01  3.6592E-01  1.5946E-01
  4.4569E+00  7.9279E-01  3.6712E-01  1.5946E-01
  4.4774E+00  7.9540E-01  3.6833E-01  1.5946E-01
  4.4981E+00  7.9802E-01  3.6955E-01  1.5946E-01
  4.5189E+00  8.0065E-01  3.7076E-01  1.5946E-01
  4.5397E+00  8.0329E-01  3.7198E-01  1.5946E-01
  4.5607E+00  8.0593E-01  3.7321E-01  1.5946E-01
  4.5817E+00  8.0858E-01  3.7444E-01  1.5946E-01
  4.6029E+00  8.1124E-01  3.7567E-01  1.5946E-01
  4.6241E+00  8.1391E-01  3.7690E-01  1.5946E-01
  4.6455E+00  8.1658E-01  3.7814E-01  1.5946E-01
  4.6669E+00  8.1927E-01  3.7939E-01  1.5946E-01
  4.6885E+00  8.2196E-01  3.8063E-01  1.5946E-01
  4.7101E+00  8.2466E-01  3.8188E-01  1.5946E-01
  4.7318E+00  8.2736E-01  3.8313E-01  1.5946E-01
  4.7537E+00  8.3008E-01  3.8439E-01  1.5946E-01
  4.7756E+00  8.3280E-01  3.8565E-01  1.5946E-01
  4.7977E+00  8.3553E-01  3.8692E-01  1.5946E-01
  4.8198E+00  8.3827E-01  3.8818E-01  1.5946E-01
  4.8421E+00  8.4101E-01  3.8945E-01  1.5946E-01
  4.8644E+00  8.4377E-01  3.9073E-01  1.5946E-01
  4.8869E+00  8.4653E-01  3.9201E-01  1.5946E-01
  4.9094E+00  8.4930E-01  3.9329E-01  1.5946E-01
  4.9321E+00  8.5208E-01  3.9458E-01  1.5946E-01
  4.9548E+00  8.5486E-01  3.9587E-01  1.5946E-01
  4.9777E+00  8.5766E-01  3.9716E-01  1.5946E-01
  5.0007E+00  8.6046E-01  3.9846E-01  1.5946E-01
  5.0238E+00  8.6327E-01  3.9976E-01  1.5946E-01
  5.0470E+00  8.6609E-01  4.0107E-01  1.5946E-01
  5.0702E+00  8.6892E-01  4.0238E-01  1.5946E-01
  5.0937E+00  8.7175E-01  4.0369E-01  1.5946E-01
  5.1172E+00  8.7460E-01  4.0501E-01  1.5946E-01
  5.1408E+00  8.7745E-01  4.0633E-01  1.5946E-01
  5.1645E+00  8.8031E-01  4.0765E-01  1.5946E-01
  5.1883E+00  8.8318E-01  4.0898E-01  1.5946E-01
  5.2123E+00  8.8606E-01  4.1031E-01  1.5946E-01
  5.2364E+00  8.8894E-01  4.1165E-01  1.5946E-01
  5.2605E+00  8.9184E-01  4.1299E-01  1.5946E-01
  5.2848E+00  8.9474E-01  4.1433E-01  1.5946E-01
  5.3092E+00  8.9765E-01  4.1568E-01  1.5946E-01
  5.3337E+00  9.0057E-01  4.1704E-01  1.5946E-01
  5.3583E+00  9.0350E-01  4.1839E-01  1.5946E-01
  5.3831E+00  9.0644E-01  4.1975E-01  1.5946E-01
  5.4079E+00  9.0938E-01  4.2112E-01  1.5946E-01
  5.4329E+00  9.1234E-01  4.2248E-01  1.5946E-01
  5.4579E+00  9.1530E-01  4.2386E-01  1.5946E-01
  5.4831E+00  9.1827E-01  4.2523E-01  1.5946E-01
  5.5084E+00  9.2125E-01  4.2661E-01  1.5946E-01
  5.5339E+00  9.2424E-01  4.2800E-01  1.5946E-01
  5.5594E+00  9.2724E-01  4.2939E-01  1.5946E-01
  5.5851E+00  9.3025E-01  4.3078E-01  1.5946E-01
  5.6108E+00  9.3326E-01  4.3217E-01  1.5946E-01
  5.6367E+00  9.3629E-01  4.3358E-01  1.5946E-01
  5.6628E+00  9.3932E-01  4.3498E-01  1.5946E-01
  5.6889E+00  9.4237E-01  4.3639E-01  1.5946E-01
  5.7152E+00  9.4542E-01  4.3780E-01  1.5946E-01
  5.7415E+00  9.4848E-01  4.3922E-01  1.5946E-01
  5.7680E+00  9.5155E-01  4.4064E-01  1.5946E-01
  5.7947E+00  9.5463E-01  4.4207E-01  1.5946E-01
  5.8214E+00  9.5772E-01  4.4350E-01  1.5946E-01
  5.8483E+00  9.6081E-01  4.4493E-01  1.5946E-01
  5.8753E+00  9.6392E-01  4.4637E-01  1.5946E-01
  5.9024E+00  9.6704E-01  4.4781E-01  1.5946E-01
  5.9296E+00  9.7016E-01  4.4926E-01  1.5946E-01
  5.9570E+00  9.7329E-01  4.5071E-01  1.5946E-01
  5.9845E+00  9.7644E-01  4.5217E-01  1.5946E-01
  6.0121E+00  9.7959E-01  4.5363E-01  1.5946E-01
  6.0399E+00  9.8275E-01  4.5509E-01  1.5946E-01
  6.0677E+00  9.8592E-01  4.5656E-01  1.5946E-01
  6.0958E+00  9.8910E-01  4.5803E-01  1.5946E-01
  6.1239E+00  9.9229E-01  4.5951E-01  1.5946E-01
  6.1522E+00  9.9549E-01  4.6099E-01  1.5946E-01
  6.1806E+00  9.9870E-01  4.6248E-01  1.5946E-01
  6.2091E+00  1.0019E+00  4.6397E-01  1.5946E-01
  6.2377E+00  1.0052E+00  4.6546E-01  1.5946E-01
  6.2665E+00  1.0084E+00  4.6696E-01  1.5946E-01
  6.2955E+00  1.0116E+00  4.6847E-01  1.5946E-01
  6.3245E+00  1.0149E+00  4.6998E-01  1.5946E-01
  6.3537E+00  1.0182E+00  4.7149E-01  1.5946E-01
  6.3830E+00  1.0214E+00  4.7301E-01  1.5946E-01
  6.4125E+00  1.0247E+00  4.7453E-01  1.5946E-01
  6.4421E+00  1.0280E+00  4.7605E-01  1.5946E-01
  6.4718E+00  1.0313E+00  4.7758E-01  1.5946E-01
  6.5017E+00  1.0346E+00  4.7912E-01  1.5946E-01
  6.5317E+00  1.0380E+00  4.8066E-01  1.5946E-01
  6.5619E+00  1.0413E+00  4.8221E-01  1.5946E-01
  6.5921E+00  1.0446E+00  4.8375E-01  1.5946E-01
  6.6226E+00  1.0480E+00  4.8531E-01  1.5946E-01
  6.6531E+00  1.0514E+00  4.8687E-01  1.5946E-01
  6.6838E+00  1.0547E+00  4.8843E-01  1.5946E-01
  6.7147E+00  1.0581E+00  4.9000E-01  1.5946E-01
  6.7457E+00  1.0615E+00  4.9157E-01  1.5946E-01
  6.7768E+00  1.0649E+00  4.9315E-01  1.5946E-01
  6.8081E+00  1.0683E+00  4.9473E-01  1.5946E-01
  6.8395E+00  1.0718E+00  4.9632E-01  1.5946E-01
  6.8711E+00  1.0752E+00  4.9791E-01  1.5946E-01
  6.9028E+00  1.0787E+00  4.9950E-01  1.5946E-01
  6.9347E+00  1.0821E+00  5.0110E-01  1.5946E-01
  6.9667E+00  1.0856E+00  5.0271E-01  1.5946E-01
  6.9988E+00  1.0891E+00  5.0432E-01  1.5946E-01
  7.0311E+00  1.0925E+00  5.0594E-01  1.5946E-01
  7.0636E+00  1.0960E+00  5.0756E-01  1.5946E-01
  7.0962E+00  1.0996E+00  5.0918E-01  1.5946E-01
  7.1290E+00  1.1031E+00  5.1081E-01  1.5946E-01
  7.1619E+00  1.1066E+00  5.1244E-01  1.5946E-01
  7.1949E+00  1.1101E+00  5.1408E-01  1.5946E-01
  7.2281E+00  1.1137E+00  5.1573E-01  1.5946E-01
  7.2615E+00  1.1173E+00  5.1738E-01  1.5946E-01
  7.2950E+00  1.1208E+00  5.1903E-01  1.5946E-01
  7.3287E+00  1.1244E+00  5.2069E-01  1.5946E-01
  7.3625E+00  1.1280E+00  5.2236E-01  1.5946E-01
  7.3965E+00  1.1316E+00  5.2402E-01  1.5946E-01
  7.4306E+00  1.1352E+00  5.2570E-01  1.5946E-01
  7.4649E+00  1.1389E+00  5.2738E-01  1.5946E-01
  7.4994E+00  1.1425E+00  5.2906E-01  1.5946E-01
  7.5340E+00  1.1461E+00  5.3075E-01  1.5946E-01
  7.5688E+00  1.1498E+00  5.3245E-01  1.5946E-01
  7.6037E+00  1.1535E+00  5.3414E-01  1.5946E-01
  7.6388E+00  1.1571E+00  5.3585E-01  1.5946E-01
  7.6741E+00  1.1608E+00  5.3756E-01  1.5946E-01
  7.7095E+00  1.1645E+00  5.3927E-01  1.5946E-01
  7.7451E+00  1.1683E+00  5.4099E-01  1.5946E-01
  7.7808E+00  1.1720E+00  5.4272E-01  1.5946E-01
  7.8167E+00  1.1757E+00  5.4445E-01  1.5946E-01
  7.8528E+00  1.1795E+00  5.4618E-01  1.5946E-01
  7.8891E+00  1.1832E+00  5.4792E-01  1.5946E-01
  7.9255E+00  1.1870E+00  5.4967E-01  1.5946E-01
  7.9621E+00  1.1908E+00  5.5142E-01  1.5946E-01
  7.9988E+00  1.1946E+00  5.5318E-01  1.5946E-01
  8.0357E+00  1.1984E+00  5.5494E-01  1.5946E-01
  8.0728E+00  1.2022E+00  5.5671E-01  1.5946E-01
  8.1101E+00  1.2060E+00  5.5848E-01  1.5946E-01
  8.1475E+00  1.2099E+00  5.6026E-01  1.5946E-01
  8.1851E+00  1.2137E+00  5.6204E-01  1.5946E-01
  8.2229E+00  1.2176E+00  5.6383E-01  1.5946E-01
  8.2608E+00  1.2214E+00  5.6562E-01  1.5946E-01
  8.2990E+00  1.2253E+00  5.6742E-01  1.5946E-01
  8.3373E+00  1.2292E+00  5.6922E-01  1.5946E-01
  8.3758E+00  1.2331E+00  5.7103E-01  1.5946E-01
  8.4144E+00  1.2370E+00  5.7285E-01  1.5946E-01
  8.4533E+00  1.2410E+00  5.7467E-01  1.5946E-01
  8.4923E+00  1.2449E+00  5.7650E-01  1.5946E-01
  8.5315E+00  1.2489E+00  5.7833E-01  1.5946E-01
  8.5709E+00  1.2528E+00  5.8016E-01  1.5946E-01
  8.6104E+00  1.2568E+00  5.8201E-01  1.5946E-01
  8.6502E+00  1.2608E+00  5.8386E-01  1.5946E-01
  8.6901E+00  1.2648E+00  5.8571E-01  1.5946E-01
  8.7302E+00  1.2688E+00  5.8757E-01  1.5946E-01
  8.7705E+00  1.2729E+00  5.8943E-01  1.5946E-01
  8.8110E+00  1.2769E+00  5.9130E-01  1.5946E-01
  8.8516E+00  1.2810E+00  5.9318E-01  1.5946E-01
  8.8925E+00  1.2850E+00  5.9506E-01  1.5946E-01
  8.9335E+00  1.2891E+00  5.9695E-01  1.5946E-01
  8.9748E+00  1.2932E+00  5.9884E-01  1.5946E-01
  9.0162E+00  1.2973E+00  6.0074E-01  1.5946E-01
  9.0578E+00  1.3014E+00  6.0265E-01  1.5946E-01
  9.0996E+00  1.3055E+00  6.0456E-01  1.5946E-01
  9.1416E+00  1.3097E+00  6.0647E-01  1.5946E-01
  9.1838E+00  1.3138E+00  6.0840E-01  1.5946E-01
  9.2262E+00  1.3180E+00  6.1032E-01  1.5946E-01
  9.2688E+00  1.3221E+00  6.1226E-01  1.5946E-01
  9.3116E+00  1.3263E+00  6.1420E-01  1.5946E-01
  9.3546E+00  1.3305E+00  6.1614E-01  1.5946E-01
  9.3977E+00  1.3347E+00  6.1809E-01  1.5946E-01
  9.4411E+00  1.3390E+00  6.2005E-01  1.5946E-01
  9.4847E+00  1.3432E+00  6.2201E-01  1.5946E-01
  9.5285E+00  1.3475E+00  6.2398E-01  1.5946E-01
  9.5725E+00  1.3517E+00  6.2596E-01  1.5946E-01
  9.6166E+00  1.3560E+00  6.2794E-01  1.5946E-01
  9.6610E+00  1.3603E+00  6.2992E-01  1.5946E-01
  9.7056E+00  1.3646E+00  6.3192E-01  1.5946E-01
  9.7504E+00  1.3689E+00  6.3392E-01  1.5946E-01
  9.7954E+00  1.3732E+00  6.3592E-01  1.5946E-01
  9.8406E+00  1.3776E+00  6.3793E-01  1.5946E-01
  9.8861E+00  1.3819E+00  6.3995E-01  1.5946E-01
  9.9317E+00  1.3863E+00  6.4197E-01  1.5946E-01
  9.9775E+00  1.3907E+00  6.4400E-01  1.5946E-01
  1.0024E+01  1.3951E+00  6.4604E-01  1.5946E-01
  1.0070E+01  1.3995E+00  6.4808E-01  1.5946E-01
  1.0116E+01  1.4039E+00  6.5012E-01  1.5946E-01
  1.0163E+01  1.4084E+00  6.5218E-01  1.5946E-01
  1.0210E+01  1.4128E+00  6.5424E-01  1.5946E-01
  1.0257E+01  1.4173E+00  6.5630E-01  1.5946E-01
  1.0304E+01  1.4217E+00  6.5838E-01  1.5946E-01
  1.0352E+01  1.4262E+00  6.6046E-01  1.5946E-01
  1.0400E+01  1.4307E+00  6.6254E-01  1.5946E-01
  1.0448E+01  1.4352E+00  6.6463E-01  1.5946E-01
  1.0496E+01  1.4398E+00  6.6673E-01  1.5946E-01
  1.0544E+01  1.4443E+00  6.6883E-01  1.5946E-01
  1.0593E+01  1.4489E+00  6.7094E-01  1.5946E-01
  1.0642E+01  1.4534E+00  6.7306E-01  1.5946E-01
  1.0691E+01  1.4580E+00  6.7518E-01  1.5946E-01
  1.0740E+01  1.4626E+00  6.7731E-01  1.5946E-01
  1.0790E+01  1.4672E+00  6.7945E-01  1.5946E-01
  1.0840E+01  1.4719E+00  6.8159E-01  1.5946E-01
  1.0890E+01  1.4765E+00  6.8374E-01  1.5946E-01
  1.0940E+01  1.4812E+00  6.8590E-01  1.5946E-01
  1.0991E+01  1.4858E+00  6.8806E-01  1.5946E-01
  1.1041E+01  1.4905E+00  6.9023E-01  1.5946E-01
  1.1092E+01  1.4952E+00  6.9240E-01  1.5946E-01
  1.1144E+01  1.4999E+00  6.9458E-01  1.5946E-01
  1.1195E+01  1.5046E+00  6.9677E-01  1.5946E-01
  1.1247E+01  1.5094E+00  6.9897E-01  1.5946E-01
  1.1299E+01  1.5141E+00  7.0117E-01  1.5946E-01
  1.1351E+01  1.5189E+00  7.0338E-01  1.5946E-01
  1.1403E+01  1.5237E+00  7.0559E-01  1.5946E-01
  1.1456E+01  1.5285E+00  7.0781E-01  1.5946E-01
  1.1509E+01  1.5333E+00  7.1004E-01  1.5946E-01
  1.1562E+01  1.5381E+00  7.1228E-01  1.5946E-01
  1.1615E+01  1.5430E+00  7.1452E-01  1.5946E-01
  1.1669E+01  1.5478E+00  7.1677E-01  1.5946E-01
  1.1723E+01  1.5527E+00  7.1902E-01  1.5946E-01
  1.1777E+01  1.5576E+00  7.2128E-01  1.5946E-01
  1.1831E+01  1.5625E+00  7.2355E-01  1.5946E-01
  1.1886E+01  1.5674E+00  7.2583E-01  1.5946E-01
  1.1940E+01  1.5723E+00  7.2811E-01  1.5946E-01
  1.1996E+01  1.5773E+00  7.3040E-01  1.5946E-01
  1.2051E+01  1.5822E+00  7.3270E-01  1.5946E-01
  1.2107E+01  1.5872E+00  7.3500E-01  1.5946E-01
  1.2162E+01  1.5922E+00  7.3731E-01  1.5946E-01
  1.2219E+01  1.5972E+00  7.3963E-01  1.5946E-01
  1.2275E+01  1.6022E+00  7.4196E-01  1.5946E-01
  1.2332E+01  1.6073E+00  7.4429E-01  1.5946E-01
  1.2389E+01  1.6123E+00  7.4663E-01  1.5946E-01
  1.2446E+01  1.6174E+00  7.4897E-01  1.5946E-01
  1.2503E+01  1.6225E+00  7.5133E-01  1.5946E-01
  1.2561E+01  1.6276E+00  7.5369E-01  1.5946E-01
  1.2619E+01  1.6327E+00  7.5605E-01  1.5946E-01
  1.2677E+01  1.6378E+00  7.5843E-01  1.5946E-01
  1.2736E+01  1.6429E+00  7.6081E-01  1.5946E-01
  1.2794E+01  1.6481E+00  7.6320E-01  1.5946E-01
  1.2853E+01  1.6533E+00  7.6560E-01  1.5946E-01
  1.2913E+01  1.6585E+00  7.6800E-01  1.5946E-01
  1.2972E+01  1.6637E+00  7.7041E-01  1.5946E-01
  1.3032E+01  1.6689E+00  7.7283E-01  1.5946E-01
  1.3092E+01  1.6741E+00  7.7525E-01  1.5946E-01
  1.3153E+01  1.6794E+00  7.7769E-01  1.5946E-01
  1.3214E+01  1.6847E+00  7.8013E-01  1.5946E-01
  1.3275E+01  1.6899E+00  7.8258E-01  1.5946E-01
  1.3336E+01  1.6952E+00  7.8503E-01  1.5946E-01
  1.3397E+01  1.7006E+00  7.8749E-01  1.5946E-01
  1.3459E+01  1.7059E+00  7.8996E-01  1.5946E-01
  1.3521E+01  1.7112E+00  7.9244E-01  1.5946E-01
  1.3584E+01  1.7166E+00  7.9493E-01  1.5946E-01
  1.3646E+01  1.7220E+00  7.9742E-01  1.5946E-01
  1.3709E+01  1.7274E+00  7.9992E-01  1.5946E-01
  1.3773E+01  1.7328E+00  8.0243E-01  1.5946E-01
  1.3836E+01  1.7382E+00  8.0494E-01  1.5946E-01
  1.3900E+01  1.7437E+00  8.0747E-01  1.5946E-01
  1.3964E+01  1.7492E+00  8.1000E-01  1.5946E-01
  1.4029E+01  1.7546E+00  8.1254E-01  1.5946E-01
  1.4094E+01  1.7601E+00  8.1508E-01  1.5946E-01
  1.4159E+01  1.7657E+00  8.1764E-01  1.5946E-01
  1.4224E+01  1.7712E+00  8.2020E-01  1.5946E-01
  1.4290E+01  1.7767E+00  8.2277E-01  1.5946E-01
  1.4356E+01  1.7823E+00  8.2534E-01  1.5946E-01
  1.4422E+01  1.7879E+00  8.2793E-01  1.5946E-01
  1.4488E+01  1.7935E+00  8.3052E-01  1.5946E-01
  1.4555E+01  1.7991E+00  8.3312E-01  1.5946E-01
  1.4622E+01  1.8047E+00  8.3573E-01  1.5946E-01
  1.4690E+01  1.8104E+00  8.3835E-01  1.5946E-01
  1.4758E+01  1.8160E+00  8.4097E-01  1.5946E-01
  1.4826E+01  1.8217E+00  8.4361E-01  1.5946E-01
  1.4894E+01  1.8274E+00  8.4625E-01  1.5946E-01
  1.4963E+01  1.8332E+00  8.4890E-01  1.5946E-01
  1.5032E+01  1.8389E+00  8.5155E-01  1.5946E-01
  1.5101E+01  1.8446E+00  8.5422E-01  1.5946E-01
  1.5171E+01  1.8504E+00  8.5689E-01  1.5946E-01
  1.5241E+01  1.8562E+00  8.5957E-01  1.5946E-01
  1.5312E+01  1.8620E+00  8.6226E-01  1.5946E-01
  1.5382E+01  1.8678E+00  8.6496E-01  1.5946E-01
  1.5453E+01  1.8737E+00  8.6766E-01  1.5946E-01
  1.5525E+01  1.8795E+00  8.7038E-01  1.5946E-01
  1.5596E+01  1.8854E+00  8.7310E-01  1.5946E-01
  1.5668E+01  1.8913E+00  8.7583E-01  1.5946E-01
  1.5741E+01  1.8972E+00  8.7857E-01  1.5946E-01
  1.5813E+01  1.9032E+00  8.8132E-01  1.5946E-01
  1.5886E+01  1.9091E+00  8.8407E-01  1.5946E-01
  1.5959E+01  1.9151E+00  8.8684E-01  1.5946E-01
  1.6033E+01  1.9211E+00  8.8961E-01  1.5946E-01
  1.6107E+01  1.9271E+00  8.9239E-01  1.5946E-01
  1.6181E+01  1.9331E+00  8.9518E-01  1.5946E-01
  1.6256E+01  1.9391E+00  8.9798E-01  1.5946E-01
  1.6331E+01  1.9452E+00  9.0078E-01  1.5946E-01
  1.6407E+01  1.9513E+00  9.0360E-01  1.5946E-01
  1.6482E+01  1.9574E+00  9.0642E-01  1.5946E-01
  1.6558E+01  1.9635E+00  9.0925E-01  1.5946E-01
  1.6635E+01  1.9696E+00  9.1209E-01  1.5946E-01
  1.6712E+01  1.9758E+00  9.1494E-01  1.5946E-01
  1.6789E+01  1.9820E+00  9.1780E-01  1.5946E-01
  1.6866E+01  1.9881E+00  9.2067E-01  1.5946E-01
  1.6944E+01  1.9944E+00  9.2354E-01  1.5946E-01
  1.7022E+01  2.0006E+00  9.2643E-01  1.5946E-01
  1.7101E+01  2.0068E+00  9.2932E-01  1.5946E-01
  1.7180E+01  2.0131E+00  9.3222E-01  1.5946E-01
  1.7259E+01  2.0194E+00  9.3513E-01  1.5946E-01
  1.7339E+01  2.0257E+00  9.3805E-01  1.5946E-01
  1.7419E+01  2.0320E+00  9.4098E-01  1.5946E-01
  1.7499E+01  2.0384E+00  9.4392E-01  1.5946E-01
  1.7580E+01  2.0447E+00  9.4686E-01  1.5946E-01
  1.7661E+01  2.0511E+00  9.4982E-01  1.5946E-01
  1.7743E+01  2.0575E+00  9.5278E-01  1.5946E-01
  1.7825E+01  2.0639E+00  9.5576E-01  1.5946E-01
  1.7907E+01  2.0704E+00  9.5874E-01  1.5946E-01
  1.7989E+01  2.0768E+00  9.6173E-01  1.5946E-01
  1.8072E+01  2.0833E+00  9.6473E-01  1.5946E-01
  1.8156E+01  2.0898E+00  9.6774E-01  1.5946E-01
  1.8240E+01  2.0963E+00  9.7076E-01  1.5946E-01
  1.8324E+01  2.1029E+00  9.7379E-01  1.5946E-01
  1.8408E+01  2.1094E+00  9.7683E-01  1.5946E-01
  1.8493E+01  2.1160E+00  9.7987E-01  1.5946E-01
  1.8579E+01  2.1226E+00  9.8293E-01  1.5946E-01
  1.8665E+01  2.1292E+00  9.8599E-01  1.5946E-01
  1.8751E+01  2.1359E+00  9.8907E-01  1.5946E-01
  1.8837E+01  2.1425E+00  9.9215E-01  1.5946E-01
  1.8924E+01  2.1492E+00  9.9524E-01  1.5946E-01
  1.9012E+01  2.1559E+00  9.9835E-01  1.5946E-01
  1.9099E+01  2.1626E+00  1.0015E+00  1.5946E-01
  1.9187E+01  2.1694E+00  1.0046E+00  1.5946E-01
  1.9276E+01  2.1761E+00  1.0077E+00  1.5946E-01
  1.9365E+01  2.1829E+00  1.0109E+00  1.5946E-01
  1.9454E+01  2.1897E+00  1.0140E+00  1.5946E-01
  1.9544E+01  2.1965E+00  1.0172E+00  1.5946E-01
  1.9634E+01  2.2034E+00  1.0203E+00  1.5946E-01
  1.9725E+01  2.2102E+00  1.0235E+00  1.5946E-01
  1.9816E+01  2.2171E+00  1.0267E+00  1.5946E-01
  1.9907E+01  2.2240E+00  1.0299E+00  1.5946E-01
  1.9999E+01  2.2310E+00  1.0331E+00  1.5946E-01
  2.0092E+01  2.2379E+00  1.0363E+00  1.5946E-01
  2.0184E+01  2.2449E+00  1.0396E+00  1.5946E-01
  2.0278E+01  2.2519E+00  1.0428E+00  1.5946E-01
  2.0371E+01  2.2589E+00  1.0460E+00  1.5946E-01
  2.0465E+01  2.2659E+00  1.0493E+00  1.5946E-01
  2.0560E+01  2.2730E+00  1.0526E+00  1.5946E-01
  2.0655E+01  2.2801E+00  1.0558E+00  1.5946E-01
  2.0750E+01  2.2872E+00  1.0591E+00  1.5946E-01
  2.0846E+01  2.2943E+00  1.0624E+00  1.5946E-01
  2.0942E+01  2.3014E+00  1.0657E+00  1.5946E-01
  2.1039E+01  2.3086E+00  1.0691E+00  1.5946E-01
  2.1136E+01  2.3158E+00  1.0724E+00  1.5946E-01
  2.1233E+01  2.3230E+00  1.0757E+00  1.5946E-01
  2.1331E+01  2.3302E+00  1.0791E+00  1.5946E-01
  2.1430E+01  2.3375E+00  1.0824E+00  1.5946E-01
  2.1529E+01  2.3447E+00  1.0858E+00  1.5946E-01
  2.1628E+01  2.3520E+00  1.0892E+00  1.5946E-01
  2.1728E+01  2.3594E+00  1.0926E+00  1.5946E-01
  2.1828E+01  2.3667E+00  1.0960E+00  1.5946E-01
  2.1929E+01  2.3741E+00  1.0994E+00  1.5946E-01
  2.2030E+01  2.3814E+00  1.1028E+00  1.5946E-01
  2.2132E+01  2.3889E+00  1.1062E+00  1.5946E-01
  2.2234E+01  2.3963E+00  1.1097E+00  1.5946E-01
  2.2337E+01  2.4037E+00  1.1131E+00  1.5946E-01
  2.2440E+01  2.4112E+00  1.1166E+00  1.5946E-01
  2.2543E+01  2.4187E+00  1.1201E+00  1.5946E-01
  2.2647E+01  2.4262E+00  1.1235E+00  1.5946E-01
  2.2752E+01  2.4338E+00  1.1270E+00  1.5946E-01
  2.2857E+01  2.4414E+00  1.1305E+00  1.5946E-01
  2.2962E+01  2.4490E+00  1.1341E+00  1.5946E-01
  2.3068E+01  2.4566E+00  1.1376E+00  1.5946E-01
  2.3175E+01  2.4642E+00  1.1411E+00  1.5946E-01
  2.3282E+01  2.4719E+00  1.1447E+00  1.5946E-01
  2.3389E+01  2.4796E+00  1.1482E+00  1.5946E-01
  2.3497E+01  2.4873E+00  1.1518E+00  1.5946E-01
  2.3606E+01  2.4950E+00  1.1554E+00  1.5946E-01
  2.3715E+01  2.5028E+00  1.1590E+00  1.5946E-01
  2.3824E+01  2.5105E+00  1.1626E+00  1.5946E-01
  2.3934E+01  2.5183E+00  1.1662E+00  1.5946E-01
  2.4044E+01  2.5262E+00  1.1698E+00  1.5946E-01
  2.4155E+01  2.5340E+00  1.1734E+00  1.5946E-01
  2.4267E+01  2.5419E+00  1.1771E+00  1.5946E-01
  2.4379E+01  2.5498E+00  1.1808E+00  1.5946E-01
  2.4491E+01  2.5577E+00  1.1844E+00  1.5946E-01
  2.4604E+01  2.5657E+00  1.1881E+00  1.5946E-01
  2.4718E+01  2.5736E+00  1.1918E+00  1.5946E-01
  2.4832E+01  2.5816E+00  1.1955E+00  1.5946E-01
  2.4947E+01  2.5897E+00  1.1992E+00  1.5946E-01
  2.5062E+01  2.5977E+00  1.2029E+00  1.5946E-01
  2.5178E+01  2.6058E+00  1.2067E+00  1.5946E-01
  2.5294E+01  2.6139E+00  1.2104E+00  1.5946E-01
  2.5411E+01  2.6220E+00  1.2142E+00  1.5946E-01
  2.5528E+01  2.6301E+00  1.2180E+00  1.5946E-01
  2.5646E+01  2.6383E+00  1.2217E+00  1.5946E-01
  2.5764E+01  2.6465E+00  1.2255E+00  1.5946E-01
  2.5883E+01  2.6547E+00  1.2293E+00  1.5946E-01
  2.6002E+01  2.6630E+00  1.2332E+00  1.5946E-01
  2.6122E+01  2.6712E+00  1.2370E+00  1.5946E-01
  2.6243E+01  2.6795E+00  1.2408E+00  1.5946E-01
  2.6364E+01  2.6878E+00  1.2447E+00  1.5946E-01
  2.6486E+01  2.6962E+00  1.2485E+00  1.5946E-01
  2.6608E+01  2.7046E+00  1.2524E+00  1.5946E-01
  2.6731E+01  2.7130E+00  1.2563E+00  1.5946E-01
  2.6854E+01  2.7214E+00  1.2602E+00  1.5946E-01
  2.6978E+01  2.7298E+00  1.2641E+00  1.5946E-01
  2.7103E+01  2.7383E+00  1.2680E+00  1.5946E-01
  2.7228E+01  2.7468E+00  1.2720E+00  1.5946E-01
  2.7354E+01  2.7553E+00  1.2759E+00  1.5946E-01
  2.7480E+01  2.7639E+00  1.2799E+00  1.5946E-01
  2.7607E+01  2.7725E+00  1.2839E+00  1.5946E-01
  2.7734E+01  2.7811E+00  1.2879E+00  1.5946E-01
  2.7862E+01  2.7897E+00  1.2918E+00  1.5946E-01
  2.7991E+01  2.7984E+00  1.2959E+00  1.5946E-01
  2.8120E+01  2.8070E+00  1.2999E+00  1.5946E-01
  2.8250E+01  2.8157E+00  1.3039E+00  1.5946E-01
  2.8380E+01  2.8245E+00  1.3080E+00  1.5946E-01
  2.8511E+01  2.8332E+00  1.3120E+00  1.5946E-01
  2.8643E+01  2.8420E+00  1.3161E+00  1.5946E-01
  2.8775E+01  2.8509E+00  1.3202E+00  1.5946E-01
  2.8908E+01  2.8597E+00  1.3243E+00  1.5946E-01
  2.9041E+01  2.8686E+00  1.3284E+00  1.5946E-01
  2.9175E+01  2.8775E+00  1.3325E+00  1.5946E-01
  2.9310E+01  2.8864E+00  1.3366E+00  1.5946E-01
  2.9445E+01  2.8954E+00  1.3408E+00  1.5946E-01
  2.9581E+01  2.9043E+00  1.3449E+00  1.5946E-01
  2.9718E+01  2.9133E+00  1.3491E+00  1.5946E-01
  2.9855E+01  2.9224E+00  1.3533E+00  1.5946E-01
  2.9992E+01  2.9314E+00  1.3575E+00  1.5946E-01
  3.0131E+01  2.9405E+00  1.3617E+00  1.5946E-01
  3.0270E+01  2.9496E+00  1.3659E+00  1.5946E-01
  3.0410E+01  2.9588E+00  1.3702E+00  1.5946E-01
  3.0550E+01  2.9680E+00  1.3744E+00  1.5946E-01
  3.0691E+01  2.9772E+00  1.3787E+00  1.5946E-01
  3.0833E+01  2.9864E+00  1.3829E+00  1.5946E-01
  3.0975E+01  2.9957E+00  1.3872E+00  1.5946E-01
  3.1118E+01  3.0050E+00  1.3915E+00  1.5946E-01
  3.1262E+01  3.0143E+00  1.3958E+00  1.5946E-01
  3.1406E+01  3.0236E+00  1.4002E+00  1.5946E-01
  3.1551E+01  3.0330E+00  1.4045E+00  1.5946E-01
  3.1697E+01  3.0424E+00  1.4089E+00  1.5946E-01
  3.1843E+01  3.0518E+00  1.4132E+00  1.5946E-01
  3.1990E+01  3.0613E+00  1.4176E+00  1.5946E-01
  3.2137E+01  3.0708E+00  1.4220E+00  1.5946E-01
  3.2286E+01  3.0803E+00  1.4264E+00  1.5946E-01
  3.2435E+01  3.0898E+00  1.4308E+00  1.5946E-01
  3.2585E+01  3.0994E+00  1.4353E+00  1.5946E-01
  3.2735E+01  3.1090E+00  1.4397E+00  1.5946E-01
  3.2886E+01  3.1186E+00  1.4442E+00  1.5946E-01
  3.3038E+01  3.1283E+00  1.4487E+00  1.5946E-01
  3.3190E+01  3.1380E+00  1.4531E+00  1.5946E-01
  3.3344E+01  3.1477E+00  1.4576E+00  1.5946E-01
  3.3497E+01  3.1575E+00  1.4622E+00  1.5946E-01
  3.3652E+01  3.1673E+00  1.4667E+00  1.5946E-01
  3.3807E+01  3.1771E+00  1.4712E+00  1.5946E-01
  3.3963E+01  3.1869E+00  1.4758E+00  1.5946E-01
  3.4120E+01  3.1968E+00  1.4804E+00  1.5946E-01
  3.4278E+01  3.2067E+00  1.4850E+00  1.5946E-01
  3.4436E+01  3.2166E+00  1.4896E+00  1.5946E-01
  3.4595E+01  3.2266E+00  1.4942E+00  1.5946E-01
  3.4755E+01  3.2366E+00  1.4988E+00  1.5946E-01
  3.4915E+01  3.2466E+00  1.5034E+00  1.5946E-01
  3.5076E+01  3.2567E+00  1.5081E+00  1.5946E-01
  3.5238E+01  3.2668E+00  1.5128E+00  1.5946E-01
  3.5401E+01  3.2769E+00  1.5175E+00  1.5946E-01
  3.5564E+01  3.2870E+00  1.5222E+00  1.5946E-01
  3.5728E+01  3.2972E+00  1.5269E+00  1.5946E-01
  3.5893E+01  3.3074E+00  1.5316E+00  1.5946E-01
  3.6059E+01  3.3177E+00  1.5363E+00  1.5946E-01
  3.6225E+01  3.3279E+00  1.5411E+00  1.5946E-01
  3.6392E+01  3.3382E+00  1.5459E+00  1.5946E-01
  3.6560E+01  3.3486E+00  1.5507E+00  1.5946E-01
  3.6729E+01  3.3589E+00  1.5555E+00  1.5946E-01
  3.6899E+01  3.3693E+00  1.5603E+00  1.5946E-01
  3.7069E+01  3.3798E+00  1.5651E+00  1.5946E-01
  3.7240E+01  3.3902E+00  1.5699E+00  1.5946E-01
  3.7412E+01  3.4007E+00  1.5748E+00  1.5946E-01
  3.7585E+01  3.4113E+00  1.5797E+00  1.5946E-01
  3.7758E+01  3.4218E+00  1.5846E+00  1.5946E-01
  3.7932E+01  3.4324E+00  1.5895E+00  1.5946E-01
  3.8107E+01  3.4430E+00  1.5944E+00  1.5946E-01
  3.8283E+01  3.4537E+00  1.5993E+00  1.5946E-01
  3.8460E+01  3.4644E+00  1.6043E+00  1.5946E-01
  3.8638E+01  3.4751E+00  1.6093E+00  1.5946E-01
  3.8816E+01  3.4859E+00  1.6142E+00  1.5946E-01
  3.8995E+01  3.4967E+00  1.6192E+00  1.5946E-01
  3.9175E+01  3.5075E+00  1.6242E+00  1.5946E-01
  3.9356E+01  3.5183E+00  1.6293E+00  1.5946E-01
  3.9538E+01  3.5292E+00  1.6343E+00  1.5946E-01
  3.9720E+01  3.5401E+00  1.6394E+00  1.5946E-01
  3.9903E+01  3.5511E+00  1.6444E+00  1.5946E-01
  4.0088E+01  3.5621E+00  1.6495E+00  1.5946E-01
  4.0273E+01  3.5731E+00  1.6546E+00  1.5946E-01
  4.0458E+01  3.5842E+00  1.6598E+00  1.5946E-01
  4.0645E+01  3.5953E+00  1.6649E+00  1.5946E-01
  4.0833E+01  3.6064E+00  1.6700E+00  1.5946E-01
  4.1021E+01  3.6175E+00  1.6752E+00  1.5946E-01
  4.1211E+01  3.6287E+00  1.6804E+00  1.5946E-01
  4.1401E+01  3.6400E+00  1.6856E+00  1.5946E-01
  4.1592E+01  3.6512E+00  1.6908E+00  1.5946E-01
  4.1784E+01  3.6625E+00  1.6960E+00  1.5946E-01
  4.1977E+01  3.6738E+00  1.7013E+00  1.5946E-01
  4.2171E+01  3.6852E+00  1.7065E+00  1.5946E-01
  4.2365E+01  3.6966E+00  1.7118E+00  1.5946E-01
  4.2561E+01  3.7080E+00  1.7171E+00  1.5946E-01
  4.2757E+01  3.7195E+00  1.7224E+00  1.5946E-01
  4.2955E+01  3.7310E+00  1.7278E+00  1.5946E-01
  4.3153E+01  3.7426E+00  1.7331E+00  1.5946E-01
  4.3352E+01  3.7541E+00  1.7385E+00  1.5946E-01
  4.3552E+01  3.7658E+00  1.7438E+00  1.5946E-01
  4.3753E+01  3.7774E+00  1.7492E+00  1.5946E-01
  4.3955E+01  3.7891E+00  1.7546E+00  1.5946E-01
  4.4158E+01  3.8008E+00  1.7601E+00  1.5946E-01
  4.4362E+01  3.8126E+00  1.7655E+00  1.5946E-01
  4.4567E+01  3.8243E+00  1.7710E+00  1.5946E-01
  4.4772E+01  3.8362E+00  1.7764E+00  1.5946E-01
  4.4979E+01  3.8480E+00  1.7819E+00  1.5946E-01
  4.5186E+01  3.8599E+00  1.7875E+00  1.5946E-01
  4.5395E+01  3.8719E+00  1.7930E+00  1.5946E-01
  4.5605E+01  3.8838E+00  1.7985E+00  1.5946E-01
  4.5815E+01  3.8958E+00  1.8041E+00  1.5946E-01
  4.6027E+01  3.9079E+00  1.8097E+00  1.5946E-01
  4.6239E+01  3.9200E+00  1.8153E+00  1.5946E-01
  4.6452E+01  3.9321E+00  1.8209E+00  1.5946E-01
  4.6667E+01  3.9443E+00  1.8265E+00  1.5946E-01
  4.6882E+01  3.9564E+00  1.8321E+00  1.5946E-01
  4.7099E+01  3.9687E+00  1.8378E+00  1.5946E-01
  4.7316E+01  3.9809E+00  1.8435E+00  1.5946E-01
  4.7534E+01  3.9933E+00  1.8492E+00  1.5946E-01
  4.7754E+01  4.0056E+00  1.8549E+00  1.5946E-01
  4.7974E+01  4.0180E+00  1.8606E+00  1.5946E-01
  4.8196E+01  4.0304E+00  1.8664E+00  1.5946E-01
  4.8418E+01  4.0429E+00  1.8722E+00  1.5946E-01
  4.8642E+01  4.0554E+00  1.8779E+00  1.5946E-01
  4.8866E+01  4.0679E+00  1.8838E+00  1.5946E-01
  4.9092E+01  4.0805E+00  1.8896E+00  1.5946E-01
  4.9318E+01  4.0931E+00  1.8954E+00  1.5946E-01
  4.9546E+01  4.1057E+00  1.9013E+00  1.5946E-01
  4.9775E+01  4.1184E+00  1.9071E+00  1.5946E-01
  5.0004E+01  4.1311E+00  1.9130E+00  1.5946E-01
  5.0235E+01  4.1439E+00  1.9190E+00  1.5946E-01
  5.0467E+01  4.1567E+00  1.9249E+00  1.5946E-01
  5.0700E+01  4.1696E+00  1.9308E+00  1.5946E-01
  5.0934E+01  4.1824E+00  1.9368E+00  1.5946E-01
  5.1169E+01  4.1954E+00  1.9428E+00  1.5946E-01
  5.1405E+01  4.2083E+00  1.9488E+00  1.5946E-01
  5.1643E+01  4.2213E+00  1.9548E+00  1.5946E-01
  5.1881E+01  4.2344E+00  1.9609E+00  1.5946E-01
  5.2120E+01  4.2475E+00  1.9669E+00  1.5946E-01
  5.2361E+01  4.2606E+00  1.9730E+00  1.5946E-01
  5.2603E+01  4.2738E+00  1.9791E+00  1.5946E-01
  5.2845E+01  4.2870E+00  1.9852E+00  1.5946E-01
  5.3089E+01  4.3002E+00  1.9913E+00  1.5946E-01
  5.3334E+01  4.3135E+00  1.9975E+00  1.5946E-01
  5.3581E+01  4.3268E+00  2.0037E+00  1.5946E-01
  5.3828E+01  4.3402E+00  2.0098E+00  1.5946E-01
  5.4076E+01  4.3536E+00  2.0161E+00  1.5946E-01
  5.4326E+01  4.3670E+00  2.0223E+00  1.5946E-01
  5.4577E+01  4.3805E+00  2.0285E+00  1.5946E-01
  5.4829E+01  4.3941E+00  2.0348E+00  1.5946E-01
  5.5082E+01  4.4076E+00  2.0411E+00  1.5946E-01
  5.5336E+01  4.4212E+00  2.0474E+00  1.5946E-01
  5.5591E+01  4.4349E+00  2.0537E+00  1.5946E-01
  5.5848E+01  4.4486E+00  2.0601E+00  1.5946E-01
  5.6106E+01  4.4623E+00  2.0664E+00  1.5946E-01
  5.6365E+01  4.4761E+00  2.0728E+00  1.5946E-01
  5.6625E+01  4.4900E+00  2.0792E+00  1.5946E-01
  5.6886E+01  4.5038E+00  2.0856E+00  1.5946E-01
  5.7149E+01  4.5177E+00  2.0921E+00  1.5946E-01
  5.7412E+01  4.5317E+00  2.0985E+00  1.5946E-01
  5.7677E+01  4.5457E+00  2.1050E+00  1.5946E-01
  5.7944E+01  4.5597E+00  2.1115E+00  1.5946E-01
  5.8211E+01  4.5738E+00  2.1180E+00  1.5946E-01
  5.8480E+01  4.5879E+00  2.1246E+00  1.5946E-01
  5.8750E+01  4.6021E+00  2.1311E+00  1.5946E-01
  5.9021E+01  4.6163E+00  2.1377E+00  1.5946E-01
  5.9293E+01  4.6306E+00  2.1443E+00  1.5946E-01
  5.9567E+01  4.6449E+00  2.1509E+00  1.5946E-01
  5.9842E+01  4.6592E+00  2.1576E+00  1.5946E-01
  6.0118E+01  4.6736E+00  2.1642E+00  1.5946E-01
  6.0396E+01  4.6880E+00  2.1709E+00  1.5946E-01
  6.0674E+01  4.7025E+00  2.1776E+00  1.5946E-01
  6.0955E+01  4.7170E+00  2.1843E+00  1.5946E-01
  6.1236E+01  4.7316E+00  2.1911E+00  1.5946E-01
  6.1518E+01  4.7462E+00  2.1979E+00  1.5946E-01
  6.1802E+01  4.7608E+00  2.2046E+00  1.5946E-01
  6.2088E+01  4.7755E+00  2.2114E+00  1.5946E-01
  6.2374E+01  4.7903E+00  2.2183E+00  1.5946E-01
  6.2662E+01  4.8051E+00  2.2251E+00  1.5946E-01
  6.2951E+01  4.8199E+00  2.2320E+00  1.5946E-01
  6.3242E+01  4.8348E+00  2.2389E+00  1.5946E-01
  6.3534E+01  4.8497E+00  2.2458E+00  1.5946E-01
  6.3827E+01  4.8647E+00  2.2527E+00  1.5946E-01
  6.4122E+01  4.8797E+00  2.2597E+00  1.5946E-01
  6.4418E+01  4.8948E+00  2.2667E+00  1.5946E-01
  6.4715E+01  4.9099E+00  2.2737E+00  1.5946E-01
  6.5014E+01  4.9250E+00  2.2807E+00  1.5946E-01
  6.5314E+01  4.9402E+00  2.2877E+00  1.5946E-01
  6.5615E+01  4.9555E+00  2.2948E+00  1.5946E-01
  6.5918E+01  4.9708E+00  2.3019E+00  1.5946E-01
  6.6222E+01  4.9861E+00  2.3090E+00  1.5946E-01
  6.6528E+01  5.0015E+00  2.3161E+00  1.5946E-01
  6.6835E+01  5.0169E+00  2.3232E+00  1.5946E-01
  6.7144E+01  5.0324E+00  2.3304E+00  1.5946E-01
  6.7454E+01  5.0480E+00  2.3376E+00  1.5946E-01
  6.7765E+01  5.0635E+00  2.3448E+00  1.5946E-01
  6.8078E+01  5.0792E+00  2.3521E+00  1.5946E-01
  6.8392E+01  5.0948E+00  2.3593E+00  1.5946E-01
  6.8708E+01  5.1106E+00  2.3666E+00  1.5946E-01
  6.9025E+01  5.1263E+00  2.3739E+00  1.5946E-01
  6.9343E+01  5.1422E+00  2.3812E+00  1.5946E-01
  6.9663E+01  5.1580E+00  2.3886E+00  1.5946E-01
  6.9985E+01  5.1739E+00  2.3959E+00  1.5946E-01
  7.0308E+01  5.1899E+00  2.4033E+00  1.5946E-01
  7.0632E+01  5.2059E+00  2.4108E+00  1.5946E-01
  7.0958E+01  5.2220E+00  2.4182E+00  1.5946E-01
  7.1286E+01  5.2381E+00  2.4257E+00  1.5946E-01
  7.1615E+01  5.2543E+00  2.4331E+00  1.5946E-01
  7.1946E+01  5.2705E+00  2.4406E+00  1.5946E-01
  7.2278E+01  5.2867E+00  2.4482E+00  1.5946E-01
  7.2611E+01  5.3031E+00  2.4557E+00  1.5946E-01
  7.2946E+01  5.3194E+00  2.4633E+00  1.5946E-01
  7.3283E+01  5.3358E+00  2.4709E+00  1.5946E-01
  7.3621E+01  5.3523E+00  2.4785E+00  1.5946E-01
  7.3961E+01  5.3688E+00  2.4862E+00  1.5946E-01
  7.4303E+01  5.3854E+00  2.4938E+00  1.5946E-01
  7.4646E+01  5.4020E+00  2.5015E+00  1.5946E-01
  7.4990E+01  5.4187E+00  2.5093E+00  1.5946E-01
  7.5336E+01  5.4354E+00  2.5170E+00  1.5946E-01
  7.5684E+01  5.4521E+00  2.5248E+00  1.5946E-01
  7.6033E+01  5.4690E+00  2.5326E+00  1.5946E-01
  7.6384E+01  5.4858E+00  2.5404E+00  1.5946E-01
  7.6737E+01  5.5028E+00  2.5482E+00  1.5946E-01
  7.7091E+01  5.5197E+00  2.5561E+00  1.5946E-01
  7.7447E+01  5.5368E+00  2.5640E+00  1.5946E-01
  7.7804E+01  5.5538E+00  2.5719E+00  1.5946E-01
  7.8163E+01  5.5710E+00  2.5798E+00  1.5946E-01
  7.8524E+01  5.5882E+00  2.5878E+00  1.5946E-01
  7.8887E+01  5.6054E+00  2.5957E+00  1.5946E-01
  7.9251E+01  5.6227E+00  2.6037E+00  1.5946E-01
  7.9617E+01  5.6400E+00  2.6118E+00  1.5946E-01
  7.9984E+01  5.6574E+00  2.6198E+00  1.5946E-01
  8.0353E+01  5.6749E+00  2.6279E+00  1.5946E-01
  8.0724E+01  5.6924E+00  2.6360E+00  1.5946E-01
  8.1097E+01  5.7099E+00  2.6441E+00  1.5946E-01
  8.1471E+01  5.7275E+00  2.6523E+00  1.5946E-01
  8.1847E+01  5.7452E+00  2.6605E+00  1.5946E-01
  8.2225E+01  5.7629E+00  2.6687E+00  1.5946E-01
  8.2604E+01  5.7807E+00  2.6769E+00  1.5946E-01
  8.2986E+01  5.7985E+00  2.6852E+00  1.5946E-01
  8.3369E+01  5.8164E+00  2.6935E+00  1.5946E-01
  8.3753E+01  5.8344E+00  2.7018E+00  1.5946E-01
  8.4140E+01  5.8523E+00  2.7101E+00  1.5946E-01
  8.4528E+01  5.8704E+00  2.7185E+00  1.5946E-01
  8.4919E+01  5.8885E+00  2.7268E+00  1.5946E-01
  8.5311E+01  5.9067E+00  2.7352E+00  1.5946E-01
  8.5704E+01  5.9249E+00  2.7437E+00  1.5946E-01
  8.6100E+01  5.9431E+00  2.7521E+00  1.5946E-01
  8.6497E+01  5.9615E+00  2.7606E+00  1.5946E-01
  8.6897E+01  5.9799E+00  2.7691E+00  1.5946E-01
  8.7298E+01  5.9983E+00  2.7777E+00  1.5946E-01
  8.7701E+01  6.0168E+00  2.7862E+00  1.5946E-01
  8.8105E+01  6.0353E+00  2.7948E+00  1.5946E-01
  8.8512E+01  6.0540E+00  2.8035E+00  1.5946E-01
  8.8921E+01  6.0726E+00  2.8121E+00  1.5946E-01
  8.9331E+01  6.0914E+00  2.8208E+00  1.5946E-01
  8.9743E+01  6.1101E+00  2.8295E+00  1.5946E-01
  9.0158E+01  6.1290E+00  2.8382E+00  1.5946E-01
  9.0574E+01  6.1479E+00  2.8469E+00  1.5946E-01
  9.0992E+01  6.1668E+00  2.8557E+00  1.5946E-01
  9.1412E+01  6.1858E+00  2.8645E+00  1.5946E-01
  9.1834E+01  6.2049E+00  2.8734E+00  1.5946E-01
  9.2258E+01  6.2240E+00  2.8822E+00  1.5946E-01
  9.2683E+01  6.2432E+00  2.8911E+00  1.5946E-01
  9.3111E+01  6.2625E+00  2.9000E+00  1.5946E-01
  9.3541E+01  6.2818E+00  2.9090E+00  1.5946E-01
  9.3973E+01  6.3012E+00  2.9179E+00  1.5946E-01
  9.4406E+01  6.3206E+00  2.9269E+00  1.5946E-01
  9.4842E+01  6.3401E+00  2.9360E+00  1.5946E-01
  9.5280E+01  6.3596E+00  2.9450E+00  1.5946E-01
  9.5720E+01  6.3792E+00  2.9541E+00  1.5946E-01
  9.6162E+01  6.3989E+00  2.9632E+00  1.5946E-01
  9.6605E+01  6.4186E+00  2.9723E+00  1.5946E-01
  9.7051E+01  6.4384E+00  2.9815E+00  1.5946E-01
  9.7499E+01  6.4583E+00  2.9907E+00  1.5946E-01
  9.7949E+01  6.4782E+00  2.9999E+00  1.5946E-01
  9.8401E+01  6.4981E+00  3.0091E+00  1.5946E-01
  9.8856E+01  6.5182E+00  3.0184E+00  1.5946E-01
  9.9312E+01  6.5383E+00  3.0277E+00  1.5946E-01
  9.9770E+01  6.5584E+00  3.0371E+00  1.5946E-01
