r | d (mean dist.) | Rcl | d/Rcl - 2
  1.0024E+00  4.1240E-02  1.2960E-02  1.1822E+00
  1.0070E+00  4.9421E-02  1.5531E-02  1.1822E+00
  1.0117E+00  5.3905E-02  1.6940E-02  1.1822E+00
  1.0164E+00  5.7144E-02  1.7957E-02  1.1822E+00
  1.0210E+00  5.9735E-02  1.8771E-02  1.1822E+00
  1.0258E+00  6.1923E-02  1.9459E-02  1.1822E+00
  1.0305E+00  6.3836E-02  2.0060E-02  1.1822E+00
  1.0352E+00  6.5548E-02  2.0598E-02  1.1822E+00
  1.0400E+00  6.7106E-02  2.1088E-02  1.1822E+00
  1.0448E+00  6.8543E-02  2.1539E-02  1.1822E+00
  1.0496E+00  6.9881E-02  2.1960E-02  1.1822E+00
  1.0545E+00  7.1137E-02  2.2355E-02  1.1822E+00
  1.0594E+00  7.2325E-02  2.2728E-02  1.1822E+00
  1.0643E+00  7.3455E-02  2.3083E-02  1.1822E+00
  1.0692E+00  7.4533E-02  2.3422E-02  1.1822E+00
  1.0741E+00  7.5568E-02  2.3747E-02  1.1822E+00
  1.0791E+00  7.6565E-02  2.4060E-02  1.1822E+00
  1.0840E+00  7.7526E-02  2.4362E-02  1.1822E+00
  1.0890E+00  7.8458E-02  2.4655E-02  1.1822E+00
  1.0941E+00  7.9362E-02  2.4939E-02  1.1822E+00
  1.0991E+00  8.0241E-02  2.5216E-02  1.1822E+00
  1.1042E+00  8.1098E-02  2.5485E-02  1.1822E+00
  1.1093E+00  8.1934E-02  2.5748E-02  1.1822E+00
  1.1144E+00  8.2752E-02  2.6005E-02  1.1822E+00
  1.1196E+00  8.3553E-02  2.6256E-02  1.1822E+00
  1.1247E+00  8.4339E-02  2.6503E-02  1.1822E+00
  1.1299E+00  8.5110E-02  2.6745E-02  1.1822E+00
  1.1351E+00  8.5867E-02  2.6984E-02  1.1822E+00
  1.1404E+00  8.6613E-02  2.7218E-02  1.1822E+00
  1.1456E+00  8.7347E-02  2.7448E-02  1.1822E+00
  1.1509E+00  8.8070E-02  2.7676E-02  1.1822E+00
  1.1562E+00  8.8783E-02  2.7900E-02  1.1822E+00
  1.1616E+00  8.9488E-02  2.8121E-02  1.1822E+00
  1.1669E+00  9.0183E-02  2.8340E-02  1.1822E+00
  1.1723E+00  9.0871E-02  2.8556E-02  1.1822E+00
  1.1777E+00  9.1551E-02  2.8770E-02  1.1822E+00
  1.1832E+00  9.2224E-02  2.8981E-02  1.1822E+00
  1.1886E+00  9.2890E-02  2.9190E-02  1.1822E+00
  1.1941E+00  9.3550E-02  2.9398E-02  1.1822E+00
  1.1996E+00  9.4204E-02  2.9603E-02  1.1822E+00
  1.2052E+00  9.4853E-02  2.9807E-02  1.1822E+00
  1.2107E+00  9.5497E-02  3.0010E-02  1.1822E+00
  1.2163E+00  9.6135E-02  3.0210E-02  1.1822E+00
  1.2219E+00  9.6769E-02  3.0409E-02  1.1822E+00
  1.2276E+00  9.7399E-02  3.0607E-02  1.1822E+00
  1.2332E+00  9.8024E-02  3.0804E-02  1.1822E+00
  1.2389E+00  9.8646E-02  3.0999E-02  1.1822E+00
  1.2446E+00  9.9264E-02  3.1193E-02  1.1822E+00
  1.2504E+00  9.9878E-02  3.1387E-02  1.1822E+00
  1.2562E+00  1.0049E-01  3.1579E-02  1.1822E+00
  1.2620E+00  1.0110E-01  3.1770E-02  1.1822E+00
  1.2678E+00  1.0170E-01  3.1960E-02  1.1822E+00
  1.2736E+00  1.0231E-01  3.2149E-02  1.1822E+00
  1.2795E+00  1.0291E-01  3.2338E-02  1.1822E+00
  1.2854E+00  1.0350E-01  3.2525E-02  1.1822E+00
  1.2913E+00  1.0410E-01  3.2712E-02  1.1822E+00
  1.2973E+00  1.0469E-01  3.2899E-02  1.1822E+00
  1.3033E+00  1.0528E-01  3.3084E-02  1.1822E+00
  1.3093E+00  1.0587E-01  3.3269E-02  1.1822E+00
  1.3154E+00  1.0646E-01  3.3454E-02  1.1822E+00
  1.3214E+00  1.0704E-01  3.3637E-02  1.1822E+00
  1.3275E+00  1.0762E-01  3.3821E-02  1.1822E+00
  1.3336E+00  1.0821E-01  3.4004E-02  1.1822E+00
  1.3398E+00  1.0879E-01  3.4186E-02  1.1822E+00
  1.3460E+00  1.0937E-01  3.4368E-02  1.1822E+00
  1.3522E+00  1.0994E-01  3.4549E-02  1.1822E+00
  1.3584E+00  1.1052E-01  3.4731E-02  1.1822E+00
  1.3647E+00  1.1110E-01  3.4911E-02  1.1822E+00
  1.3710E+00  1.1167E-01  3.5092E-02  1.1822E+00
  1.3773E+00  1.1224E-01  3.5272E-02  1.1822E+00
  1.3837E+00  1.1282E-01  3.5452E-02  1.1822E+00
  1.3901E+00  1.1339E-01  3.5632E-02  1.1822E+00
  1.3965E+00  1.1396E-01  3.5811E-02  1.1822E+00
  1.4029E+00  1.1453E-01  3.5990E-02  1.1822E+00
  1.4094E+00  1.1510E-01  3.6169E-02  1.1822E+00
  1.4159E+00  1.1567E-01  3.6348E-02  1.1822E+00
  1.4225E+00  1.1623E-01  3.6526E-02  1.1822E+00
  1.4290E+00  1.1680E-01  3.6705E-02  1.1822E+00
  1.4356E+00  1.1737E-01  3.6883E-02  1.1822E+00
  1.4423E+00  1.1794E-01  3.7061E-02  1.1822E+00
  1.4489E+00  1.1850E-01  3.7239E-02  1.1822E+00
  1.4556E+00  1.1907E-01  3.7417E-02  1.1822E+00
  1.4623E+00  1.1964E-01  3.7595E-02  1.1822E+00
  1.4691E+00  1.2020E-01  3.7773E-02  1.1822E+00
  1.4758E+00  1.2077E-01  3.7951E-02  1.1822E+00
  1.4827E+00  1.2133E-01  3.8128E-02  1.1822E+00
  1.4895E+00  1.2190E-01  3.8306E-02  1.1822E+00
  1.4964E+00  1.2246E-01  3.8484E-02  1.1822E+00
  1.5033E+00  1.2303E-01  3.8661E-02  1.1822E+00
  1.5102E+00  1.2359E-01  3.8839E-02  1.1822E+00
  1.5172E+00  1.2416E-01  3.9017E-02  1.1822E+00
  1.5242E+00  1.2472E-01  3.9194E-02  1.1822E+00
  1.5312E+00  1.2529E-01  3.9372E-02  1.1822E+00
  1.5383E+00  1.2586E-01  3.9550E-02  1.1822E+00
  1.5454E+00  1.2642E-01  3.9728E-02  1.1822E+00
  1.5525E+00  1.2699E-01  3.9906E-02  1.1822E+00
  1.5597E+00  1.2755E-01  4.0084E-02  1.1822E+00
  1.5669E+00  1.2812E-01  4.0262E-02  1.1822E+00
  1.5741E+00  1.2869E-01  4.0440E-02  1.1822E+00
  1.5814E+00  1.2926E-01  4.0618E-02  1.1822E+00
  1.5887E+00  1.2982E-01  4.0797E-02  1.1822E+00
  1.5960E+00  1.3039E-01  4.0975E-02  1.1822E+00
  1.6034E+00  1.3096E-01  4.1154E-02  1.1822E+00
  1.6108E+00  1.3153E-01  4.1332E-02  1.1822E+00
  1.6182E+00  1.3210E-01  4.1511E-02  1.1822E+00
  1.6257E+00  1.3267E-01  4.1690E-02  1.1822E+00
  1.6332E+00  1.3324E-01  4.1870E-02  1.1822E+00
  1.6407E+00  1.3381E-01  4.2049E-02  1.1822E+00
  1.6483E+00  1.3438E-01  4.2229E-02  1.1822E+00
  1.6559E+00  1.3495E-01  4.2408E-02  1.1822E+00
  1.6636E+00  1.3552E-01  4.2588E-02  1.1822E+00
  1.6712E+00  1.3610E-01  4.2768E-02  1.1822E+00
  1.6790E+00  1.3667E-01  4.2949E-02  1.1822E+00
  1.6867E+00  1.3725E-01  4.3129E-02  1.1822E+00
  1.6945E+00  1.3782E-01  4.3310E-02  1.1822E+00
  1.7023E+00  1.3840E-01  4.3491E-02  1.1822E+00
  1.7102E+00  1.3897E-01  4.3672E-02  1.1822E+00
  1.7181E+00  1.3955E-01  4.3853E-02  1.1822E+00
  1.7260E+00  1.4013E-01  4.4035E-02  1.1822E+00
  1.7340E+00  1.4071E-01  4.4217E-02  1.1822E+00
  1.7420E+00  1.4129E-01  4.4399E-02  1.1822E+00
  1.7500E+00  1.4187E-01  4.4581E-02  1.1822E+00
  1.7581E+00  1.4245E-01  4.4764E-02  1.1822E+00
  1.7662E+00  1.4303E-01  4.4947E-02  1.1822E+00
  1.7743E+00  1.4361E-01  4.5130E-02  1.1822E+00
  1.7825E+00  1.4420E-01  4.5313E-02  1.1822E+00
  1.7908E+00  1.4478E-01  4.5497E-02  1.1822E+00
  1.7990E+00  1.4537E-01  4.5681E-02  1.1822E+00
  1.8073E+00  1.4595E-01  4.5865E-02  1.1822E+00
  1.8157E+00  1.4654E-01  4.6050E-02  1.1822E+00
  1.8241E+00  1.4713E-01  4.6235E-02  1.1822E+00
  1.8325E+00  1.4772E-01  4.6420E-02  1.1822E+00
  1.8409E+00  1.4831E-01  4.6605E-02  1.1822E+00
  1.8494E+00  1.4890E-01  4.6791E-02  1.1822E+00
  1.8580E+00  1.4949E-01  4.6977E-02  1.1822E+00
  1.8665E+00  1.5008E-01  4.7164E-02  1.1822E+00
  1.8752E+00  1.5068E-01  4.7350E-02  1.1822E+00
  1.8838E+00  1.5127E-01  4.7537E-02  1.1822E+00
  1.8925E+00  1.5187E-01  4.7725E-02  1.1822E+00
  1.9012E+00  1.5247E-01  4.7912E-02  1.1822E+00
  1.9100E+00  1.5307E-01  4.8101E-02  1.1822E+00
  1.9188E+00  1.5367E-01  4.8289E-02  1.1822E+00
  1.9277E+00  1.5427E-01  4.8478E-02  1.1822E+00
  1.9366E+00  1.5487E-01  4.8667E-02  1.1822E+00
  1.9455E+00  1.5547E-01  4.8856E-02  1.1822E+00
  1.9545E+00  1.5607E-01  4.9046E-02  1.1822E+00
  1.9635E+00  1.5668E-01  4.9236E-02  1.1822E+00
  1.9726E+00  1.5729E-01  4.9427E-02  1.1822E+00
  1.9817E+00  1.5789E-01  4.9618E-02  1.1822E+00
  1.9908E+00  1.5850E-01  4.9809E-02  1.1822E+00
  2.0000E+00  1.5911E-01  5.0001E-02  1.1822E+00
  2.0093E+00  1.5972E-01  5.0193E-02  1.1822E+00
  2.0185E+00  1.6034E-01  5.0385E-02  1.1822E+00
  2.0279E+00  1.6095E-01  5.0578E-02  1.1822E+00
  2.0372E+00  1.6157E-01  5.0771E-02  1.1822E+00
  2.0466E+00  1.6218E-01  5.0965E-02  1.1822E+00
  2.0561E+00  1.6280E-01  5.1159E-02  1.1822E+00
  2.0656E+00  1.6342E-01  5.1354E-02  1.1822E+00
  2.0751E+00  1.6404E-01  5.1548E-02  1.1822E+00
  2.0847E+00  1.6466E-01  5.1744E-02  1.1822E+00
  2.0943E+00  1.6528E-01  5.1939E-02  1.1822E+00
  2.1040E+00  1.6591E-01  5.2135E-02  1.1822E+00
  2.1137E+00  1.6653E-01  5.2332E-02  1.1822E+00
  2.1234E+00  1.6716E-01  5.2529E-02  1.1822E+00
  2.1332E+00  1.6779E-01  5.2726E-02  1.1822E+00
  2.1431E+00  1.6842E-01  5.2924E-02  1.1822E+00
  2.1530E+00  1.6905E-01  5.3122E-02  1.1822E+00
  2.1629E+00  1.6968E-01  5.3321E-02  1.1822E+00
  2.1729E+00  1.7031E-01  5.3520E-02  1.1822E+00
  2.1829E+00  1.7095E-01  5.3720E-02  1.1822E+00
  2.1930E+00  1.7158E-01  5.3920E-02  1.1822E+00
  2.2031E+00  1.7222E-01  5.4120E-02  1.1822E+00
  2.2133E+00  1.7286E-01  5.4321E-02  1.1822E+00
  2.2235E+00  1.7350E-01  5.4522E-02  1.1822E+00
  2.2338E+00  1.7414E-01  5.4724E-02  1.1822E+00
  2.2441E+00  1.7479E-01  5.4926E-02  1.1822E+00
  2.2544E+00  1.7543E-01  5.5129E-02  1.1822E+00
  2.2648E+00  1.7608E-01  5.5332E-02  1.1822E+00
  2.2753E+00  1.7673E-01  5.5536E-02  1.1822E+00
  2.2858E+00  1.7738E-01  5.5740E-02  1.1822E+00
  2.2963E+00  1.7803E-01  5.5945E-02  1.1822E+00
  2.3069E+00  1.7868E-01  5.6150E-02  1.1822E+00
  2.3176E+00  1.7934E-01  5.6356E-02  1.1822E+00
  2.3283E+00  1.7999E-01  5.6562E-02  1.1822E+00
  2.3390E+00  1.8065E-01  5.6768E-02  1.1822E+00
  2.3498E+00  1.8131E-01  5.6975E-02  1.1822E+00
  2.3607E+00  1.8197E-01  5.7183E-02  1.1822E+00
  2.3716E+00  1.8263E-01  5.7391E-02  1.1822E+00
  2.3825E+00  1.8329E-01  5.7599E-02  1.1822E+00
  2.3935E+00  1.8396E-01  5.7809E-02  1.1822E+00
  2.4046E+00  1.8463E-01  5.8018E-02  1.1822E+00
  2.4157E+00  1.8529E-01  5.8228E-02  1.1822E+00
  2.4268E+00  1.8596E-01  5.8439E-02  1.1822E+00
  2.4380E+00  1.8664E-01  5.8650E-02  1.1822E+00
  2.4493E+00  1.8731E-01  5.8861E-02  1.1822E+00
  2.4606E+00  1.8798E-01  5.9074E-02  1.1822E+00
  2.4719E+00  1.8866E-01  5.9286E-02  1.1822E+00
  2.4833E+00  1.8934E-01  5.9499E-02  1.1822E+00
  2.4948E+00  1.9002E-01  5.9713E-02  1.1822E+00
  2.5063E+00  1.9070E-01  5.9927E-02  1.1822E+00
  2.5179E+00  1.9139E-01  6.0142E-02  1.1822E+00
  2.5295E+00  1.9207E-01  6.0358E-02  1.1822E+00
  2.5412E+00  1.9276E-01  6.0573E-02  1.1822E+00
  2.5529E+00  1.9345E-01  6.0790E-02  1.1822E+00
  2.5647E+00  1.9414E-01  6.1007E-02  1.1822E+00
  2.5765E+00  1.9483E-01  6.1224E-02  1.1822E+00
  2.5884E+00  1.9552E-01  6.1442E-02  1.1822E+00
  2.6004E+00  1.9622E-01  6.1661E-02  1.1822E+00
  2.6124E+00  1.9692E-01  6.1880E-02  1.1822E+00
  2.6244E+00  1.9761E-01  6.2100E-02  1.1822E+00
  2.6365E+00  1.9832E-01  6.2320E-02  1.1822E+00
  2.6487E+00  1.9902E-01  6.2541E-02  1.1822E+00
  2.6609E+00  1.9972E-01  6.2762E-02  1.1822E+00
  2.6732E+00  2.0043E-01  6.2984E-02  1.1822E+00
  2.6856E+00  2.0114E-01  6.3207E-02  1.1822E+00
  2.6980E+00  2.0185E-01  6.3430E-02  1.1822E+00
  2.7104E+00  2.0256E-01  6.3654E-02  1.1822E+00
  2.7229E+00  2.0327E-01  6.3878E-02  1.1822E+00
  2.7355E+00  2.0399E-01  6.4103E-02  1.1822E+00
  2.7481E+00  2.0471E-01  6.4328E-02  1.1822E+00
  2.7608E+00  2.0542E-01  6.4554E-02  1.1822E+00
  2.7735E+00  2.0615E-01  6.4781E-02  1.1822E+00
  2.7863E+00  2.0687E-01  6.5008E-02  1.1822E+00
  2.7992E+00  2.0759E-01  6.5236E-02  1.1822E+00
  2.8121E+00  2.0832E-01  6.5464E-02  1.1822E+00
  2.8251E+00  2.0905E-01  6.5693E-02  1.1822E+00
  2.8381E+00  2.0978E-01  6.5923E-02  1.1822E+00
  2.8512E+00  2.1051E-01  6.6153E-02  1.1822E+00
  2.8644E+00  2.1125E-01  6.6384E-02  1.1822E+00
  2.8776E+00  2.1198E-01  6.6615E-02  1.1822E+00
  2.8909E+00  2.1272E-01  6.6847E-02  1.1822E+00
  2.9043E+00  2.1346E-01  6.7080E-02  1.1822E+00
  2.9177E+00  2.1420E-01  6.7313E-02  1.1822E+00
  2.9311E+00  2.1495E-01  6.7547E-02  1.1822E+00
  2.9447E+00  2.1570E-01  6.7782E-02  1.1822E+00
  2.9582E+00  2.1644E-01  6.8017E-02  1.1822E+00
  2.9719E+00  2.1719E-01  6.8253E-02  1.1822E+00
  2.9856E+00  2.1795E-01  6.8489E-02  1.1822E+00
  2.9994E+00  2.1870E-01  6.8726E-02  1.1822E+00
  3.0132E+00  2.1946E-01  6.8964E-02  1.1822E+00
  3.0272E+00  2.2022E-01  6.9202E-02  1.1822E+00
  3.0411E+00  2.2098E-01  6.9441E-02  1.1822E+00
  3.0552E+00  2.2174E-01  6.9681E-02  1.1822E+00
  3.0693E+00  2.2250E-01  6.9921E-02  1.1822E+00
  3.0834E+00  2.2327E-01  7.0162E-02  1.1822E+00
  3.0977E+00  2.2404E-01  7.0404E-02  1.1822E+00
  3.1120E+00  2.2481E-01  7.0646E-02  1.1822E+00
  3.1263E+00  2.2558E-01  7.0889E-02  1.1822E+00
  3.1408E+00  2.2636E-01  7.1132E-02  1.1822E+00
  3.1552E+00  2.2713E-01  7.1376E-02  1.1822E+00
  3.1698E+00  2.2791E-01  7.1621E-02  1.1822E+00
  3.1844E+00  2.2870E-01  7.1867E-02  1.1822E+00
  3.1991E+00  2.2948E-01  7.2113E-02  1.1822E+00
  3.2139E+00  2.3026E-01  7.2360E-02  1.1822E+00
  3.2287E+00  2.3105E-01  7.2608E-02  1.1822E+00
  3.2436E+00  2.3184E-01  7.2856E-02  1.1822E+00
  3.2586E+00  2.3263E-01  7.3105E-02  1.1822E+00
  3.2737E+00  2.3343E-01  7.3354E-02  1.1822E+00
  3.2888E+00  2.3423E-01  7.3605E-02  1.1822E+00
  3.3039E+00  2.3502E-01  7.3856E-02  1.1822E+00
  3.3192E+00  2.3583E-01  7.4107E-02  1.1822E+00
  3.3345E+00  2.3663E-01  7.4360E-02  1.1822E+00
  3.3499E+00  2.3743E-01  7.4613E-02  1.1822E+00
  3.3654E+00  2.3824E-01  7.4867E-02  1.1822E+00
  3.3809E+00  2.3905E-01  7.5121E-02  1.1822E+00
  3.3965E+00  2.3986E-01  7.5376E-02  1.1822E+00
  3.4122E+00  2.4068E-01  7.5632E-02  1.1822E+00
  3.4279E+00  2.4149E-01  7.5889E-02  1.1822E+00
  3.4438E+00  2.4231E-01  7.6146E-02  1.1822E+00
  3.4597E+00  2.4313E-01  7.6404E-02  1.1822E+00
  3.4756E+00  2.4396E-01  7.6663E-02  1.1822E+00
  3.4917E+00  2.4478E-01  7.6922E-02  1.1822E+00
  3.5078E+00  2.4561E-01  7.7183E-02  1.1822E+00
  3.5240E+00  2.4644E-01  7.7444E-02  1.1822E+00
  3.5402E+00  2.4727E-01  7.7705E-02  1.1822E+00
  3.5566E+00  2.4811E-01  7.7968E-02  1.1822E+00
  3.5730E+00  2.4895E-01  7.8231E-02  1.1822E+00
  3.5895E+00  2.4979E-01  7.8495E-02  1.1822E+00
  3.6061E+00  2.5063E-01  7.8759E-02  1.1822E+00
  3.6227E+00  2.5147E-01  7.9025E-02  1.1822E+00
  3.6394E+00  2.5232E-01  7.9291E-02  1.1822E+00
  3.6562E+00  2.5317E-01  7.9558E-02  1.1822E+00
  3.6731E+00  2.5402E-01  7.9825E-02  1.1822E+00
  3.6901E+00  2.5487E-01  8.0094E-02  1.1822E+00
  3.7071E+00  2.5573E-01  8.0363E-02  1.1822E+00
  3.7242E+00  2.5659E-01  8.0633E-02  1.1822E+00
  3.7414E+00  2.5745E-01  8.0903E-02  1.1822E+00
  3.7587E+00  2.5831E-01  8.1175E-02  1.1822E+00
  3.7760E+00  2.5918E-01  8.1447E-02  1.1822E+00
  3.7934E+00  2.6005E-01  8.1720E-02  1.1822E+00
  3.8109E+00  2.6092E-01  8.1994E-02  1.1822E+00
  3.8285E+00  2.6179E-01  8.2268E-02  1.1822E+00
  3.8462E+00  2.6267E-01  8.2543E-02  1.1822E+00
  3.8640E+00  2.6355E-01  8.2819E-02  1.1822E+00
  3.8818E+00  2.6443E-01  8.3096E-02  1.1822E+00
  3.8997E+00  2.6531E-01  8.3374E-02  1.1822E+00
  3.9177E+00  2.6620E-01  8.3652E-02  1.1822E+00
  3.9358E+00  2.6709E-01  8.3931E-02  1.1822E+00
  3.9540E+00  2.6798E-01  8.4212E-02  1.1822E+00
  3.9722E+00  2.6887E-01  8.4492E-02  1.1822E+00
  3.9905E+00  2.6977E-01  8.4774E-02  1.1822E+00
  4.0090E+00  2.7067E-01  8.5056E-02  1.1822E+00
  4.0275E+00  2.7157E-01  8.5340E-02  1.1822E+00
  4.0461E+00  2.7247E-01  8.5624E-02  1.1822E+00
  4.0647E+00  2.7338E-01  8.5908E-02  1.1822E+00
  4.0835E+00  2.7429E-01  8.6194E-02  1.1822E+00
  4.1023E+00  2.7520E-01  8.6481E-02  1.1822E+00
  4.1213E+00  2.7611E-01  8.6768E-02  1.1822E+00
  4.1403E+00  2.7703E-01  8.7056E-02  1.1822E+00
  4.1594E+00  2.7795E-01  8.7345E-02  1.1822E+00
  4.1786E+00  2.7887E-01  8.7635E-02  1.1822E+00
  4.1979E+00  2.7980E-01  8.7925E-02  1.1822E+00
  4.2173E+00  2.8072E-01  8.8217E-02  1.1822E+00
  4.2367E+00  2.8165E-01  8.8509E-02  1.1822E+00
  4.2563E+00  2.8259E-01  8.8802E-02  1.1822E+00
  4.2759E+00  2.8352E-01  8.9096E-02  1.1822E+00
  4.2957E+00  2.8446E-01  8.9391E-02  1.1822E+00
  4.3155E+00  2.8540E-01  8.9687E-02  1.1822E+00
  4.3354E+00  2.8635E-01  8.9983E-02  1.1822E+00
  4.3554E+00  2.8729E-01  9.0281E-02  1.1822E+00
  4.3755E+00  2.8824E-01  9.0579E-02  1.1822E+00
  4.3957E+00  2.8919E-01  9.0878E-02  1.1822E+00
  4.4160E+00  2.9015E-01  9.1178E-02  1.1822E+00
  4.4364E+00  2.9110E-01  9.1479E-02  1.1822E+00
  4.4569E+00  2.9207E-01  9.1781E-02  1.1822E+00
  4.4774E+00  2.9303E-01  9.2083E-02  1.1822E+00
  4.4981E+00  2.9399E-01  9.2387E-02  1.1822E+00
  4.5189E+00  2.9496E-01  9.2691E-02  1.1822E+00
  4.5397E+00  2.9593E-01  9.2996E-02  1.1822E+00
  4.5607E+00  2.9691E-01  9.3302E-02  1.1822E+00
  4.5817E+00  2.9788E-01  9.3609E-02  1.1822E+00
  4.6029E+00  2.9886E-01  9.3917E-02  1.1822E+00
  4.6241E+00  2.9985E-01  9.4226E-02  1.1822E+00
  4.6455E+00  3.0083E-01  9.4536E-02  1.1822E+00
  4.6669E+00  3.0182E-01  9.4846E-02  1.1822E+00
  4.6885E+00  3.0281E-01  9.5158E-02  1.1822E+00
  4.7101E+00  3.0381E-01  9.5470E-02  1.1822E+00
  4.7318E+00  3.0480E-01  9.5783E-02  1.1822E+00
  4.7537E+00  3.0580E-01  9.6098E-02  1.1822E+00
  4.7756E+00  3.0681E-01  9.6413E-02  1.1822E+00
  4.7977E+00  3.0781E-01  9.6729E-02  1.1822E+00
  4.8198E+00  3.0882E-01  9.7046E-02  1.1822E+00
  4.8421E+00  3.0983E-01  9.7364E-02  1.1822E+00
  4.8644E+00  3.1085E-01  9.7683E-02  1.1822E+00
  4.8869E+00  3.1186E-01  9.8002E-02  1.1822E+00
  4.9094E+00  3.1288E-01  9.8323E-02  1.1822E+00
  4.9321E+00  3.1391E-01  9.8645E-02  1.1822E+00
  4.9548E+00  3.1493E-01  9.8967E-02  1.1822E+00
  4.9777E+00  3.1596E-01  9.9291E-02  1.1822E+00
  5.0007E+00  3.1700E-01  9.9615E-02  1.1822E+00
  5.0238E+00  3.1803E-01  9.9941E-02  1.1822E+00
  5.0470E+00  3.1907E-01  1.0027E-01  1.1822E+00
  5.0702E+00  3.2011E-01  1.0059E-01  1.1822E+00
  5.0937E+00  3.2116E-01  1.0092E-01  1.1822E+00
  5.1172E+00  3.2220E-01  1.0125E-01  1.1822E+00
  5.1408E+00  3.2326E-01  1.0158E-01  1.1822E+00
  5.1645E+00  3.2431E-01  1.0191E-01  1.1822E+00
  5.1883E+00  3.2537E-01  1.0225E-01  1.1822E+00
  5.2123E+00  3.2643E-01  1.0258E-01  1.1822E+00
  5.2364E+00  3.2749E-01  1.0291E-01  1.1822E+00
  5.2605E+00  3.2856E-01  1.0325E-01  1.1822E+00
  5.2848E+00  3.2962E-01  1.0358E-01  1.1822E+00
  5.3092E+00  3.3070E-01  1.0392E-01  1.1822E+00
  5.3337E+00  3.3177E-01  1.0426E-01  1.1822E+00
  5.3583E+00  3.3285E-01  1.0460E-01  1.1822E+00
  5.3831E+00  3.3393E-01  1.0494E-01  1.1822E+00
  5.4079E+00  3.3502E-01  1.0528E-01  1.1822E+00
  5.4329E+00  3.3611E-01  1.0562E-01  1.1822E+00
  5.4579E+00  3.3720E-01  1.0596E-01  1.1822E+00
  5.4831E+00  3.3829E-01  1.0631E-01  1.1822E+00
  5.5084E+00  3.3939E-01  1.0665E-01  1.1822E+00
  5.5339E+00  3.4049E-01  1.0700E-01  1.1822E+00
  5.5594E+00  3.4160E-01  1.0735E-01  1.1822E+00
  5.5851E+00  3.4271E-01  1.0769E-01  1.1822E+00
  5.6108E+00  3.4382E-01  1.0804E-01  1.1822E+00
  5.6367E+00  3.4493E-01  1.0839E-01  1.1822E+00
  5.6628E+00  3.4605E-01  1.0875E-01  1.1822E+00
  5.6889E+00  3.4717E-01  1.0910E-01  1.1822E+00
  5.7152E+00  3.4829E-01  1.0945E-01  1.1822E+00
  5.7415E+00  3.4942E-01  1.0981E-01  1.1822E+00
  5.7680E+00  3.5055E-01  1.1016E-01  1.1822E+00
  5.7947E+00  3.5169E-01  1.1052E-01  1.1822E+00
  5.8214E+00  3.5283E-01  1.1087E-01  1.1822E+00
  5.8483E+00  3.5397E-01  1.1123E-01  1.1822E+00
  5.8753E+00  3.5511E-01  1.1159E-01  1.1822E+00
  5.9024E+00  3.5626E-01  1.1195E-01  1.1822E+00
  5.9296E+00  3.5741E-01  1.1232E-01  1.1822E+00
  5.9570E+00  3.5856E-01  1.1268E-01  1.1822E+00
  5.9845E+00  3.5972E-01  1.1304E-01  1.1822E+00
  6.0121E+00  3.6088E-01  1.1341E-01  1.1822E+00
  6.0399E+00  3.6205E-01  1.1377E-01  1.1822E+00
  6.0677E+00  3.6322E-01  1.1414E-01  1.1822E+00
  6.0958E+00  3.6439E-01  1.1451E-01  1.1822E+00
  6.1239E+00  3.6556E-01  1.1488E-01  1.1822E+00
  6.1522E+00  3.6674E-01  1.1525E-01  1.1822E+00
  6.1806E+00  3.6793E-01  1.1562E-01  1.1822E+00
  6.2091E+00  3.6911E-01  1.1599E-01  1.1822E+00
  6.2377E+00  3.7030E-01  1.1637E-01  1.1822E+00
  6.2665E+00  3.7149E-01  1.1674E-01  1.1822E+00
  6.2955E+00  3.7269E-01  1.1712E-01  1.1822E+00
  6.3245E+00  3.7389E-01  1.1749E-01  1.1822E+00
  6.3537E+00  3.7509E-01  1.1787E-01  1.1822E+00
  6.3830E+00  3.7630E-01  1.1825E-01  1.1822E+00
  6.4125E+00  3.7751E-01  1.1863E-01  1.1822E+00
  6.4421E+00  3.7873E-01  1.1901E-01  1.1822E+00
  6.4718E+00  3.7994E-01  1.1940E-01  1.1822E+00
  6.5017E+00  3.8117E-01  1.1978E-01  1.1822E+00
  6.5317E+00  3.8239E-01  1.2017E-01  1.1822E+00
  6.5619E+00  3.8362E-01  1.2055E-01  1.1822E+00
  6.5921E+00  3.8485E-01  1.2094E-01  1.1822E+00
  6.6226E+00  3.8609E-01  1.2133E-01  1.1822E+00
  6.6531E+00  3.8733E-01  1.2172E-01  1.1822E+00
  6.6838E+00  3.8857E-01  1.2211E-01  1.1822E+00
  6.7147E+00  3.8982E-01  1.2250E-01  1.1822E+00
  6.7457E+00  3.9107E-01  1.2289E-01  1.1822E+00
  6.7768E+00  3.9232E-01  1.2329E-01  1.1822E+00
  6.8081E+00  3.9358E-01  1.2368E-01  1.1822E+00
  6.8395E+00  3.9484E-01  1.2408E-01  1.1822E+00
  6.8711E+00  3.9611E-01  1.2448E-01  1.1822E+00
  6.9028E+00  3.9738E-01  1.2488E-01  1.1822E+00
  6.9347E+00  3.9865E-01  1.2528E-01  1.1822E+00
  6.9667E+00  3.9993E-01  1.2568E-01  1.1822E+00
  6.9988E+00  4.0121E-01  1.2608E-01  1.1822E+00
  7.0311E+00  4.0250E-01  1.2648E-01  1.1822E+00
  7.0636E+00  4.0379E-01  1.2689E-01  1.1822E+00
  7.0962E+00  4.0508E-01  1.2729E-01  1.1822E+00
  7.1290E+00  4.0638E-01  1.2770E-01  1.1822E+00
  7.1619E+00  4.0768E-01  1.2811E-01  1.1822E+00
  7.1949E+00  4.0898E-01  1.2852E-01  1.1822E+00
  7.2281E+00  4.1029E-01  1.2893E-01  1.1822E+00
  7.2615E+00  4.1160E-01  1.2934E-01  1.1822E+00
  7.2950E+00  4.1292E-01  1.2976E-01  1.1822E+00
  7.3287E+00  4.1424E-01  1.3017E-01  1.1822E+00
  7.3625E+00  4.1556E-01  1.3059E-01  1.1822E+00
  7.3965E+00  4.1689E-01  1.3101E-01  1.1822E+00
  7.4306E+00  4.1822E-01  1.3142E-01  1.1822E+00
  7.4649E+00  4.1956E-01  1.3184E-01  1.1822E+00
  7.4994E+00  4.2090E-01  1.3227E-01  1.1822E+00
  7.5340E+00  4.2224E-01  1.3269E-01  1.1822E+00
  7.5688E+00  4.2359E-01  1.3311E-01  1.1822E+00
  7.6037E+00  4.2494E-01  1.3354E-01  1.1822E+00
  7.6388E+00  4.2630E-01  1.3396E-01  1.1822E+00
  7.6741E+00  4.2766E-01  1.3439E-01  1.1822E+00
  7.7095E+00  4.2902E-01  1.3482E-01  1.1822E+00
  7.7451E+00  4.3039E-01  1.3525E-01  1.1822E+00
  7.7808E+00  4.3176E-01  1.3568E-01  1.1822E+00
  7.8167E+00  4.3314E-01  1.3611E-01  1.1822E+00
  7.8528E+00  4.3452E-01  1.3655E-01  1.1822E+00
  7.8891E+00  4.3590E-01  1.3698E-01  1.1822E+00
  7.9255E+00  4.3729E-01  1.3742E-01  1.1822E+00
  7.9621E+00  4.3868E-01  1.3786E-01  1.1822E+00
  7.9988E+00  4.4008E-01  1.3829E-01  1.1822E+00
  8.0357E+00  4.4148E-01  1.3873E-01  1.1822E+00
  8.0728E+00  4.4289E-01  1.3918E-01  1.1822E+00
  8.1101E+00  4.4430E-01  1.3962E-01  1.1822E+00
  8.1475E+00  4.4571E-01  1.4006E-01  1.1822E+00
  8.1851E+00  4.4713E-01  1.4051E-01  1.1822E+00
  8.2229E+00  4.4855E-01  1.4096E-01  1.1822E+00
  8.2608E+00  4.4998E-01  1.4141E-01  1.1822E+00
  8.2990E+00  4.5141E-01  1.4185E-01  1.1822E+00
  8.3373E+00  4.5285E-01  1.4231E-01  1.1822E+00
  8.3758E+00  4.5429E-01  1.4276E-01  1.1822E+00
  8.4144E+00  4.5573E-01  1.4321E-01  1.1822E+00
  8.4533E+00  4.5718E-01  1.4367E-01  1.1822E+00
  8.4923E+00  4.5863E-01  1.4412E-01  1.1822E+00
  8.5315E+00  4.6009E-01  1.4458E-01  1.1822E+00
  8.5709E+00  4.6155E-01  1.4504E-01  1.1822E+00
  8.6104E+00  4.6302E-01  1.4550E-01  1.1822E+00
  8.6502E+00  4.6449E-01  1.4596E-01  1.1822E+00
  8.6901E+00  4.6596E-01  1.4643E-01  1.1822E+00
  8.7302E+00  4.6744E-01  1.4689E-01  1.1822E+00
  8.7705E+00  4.6893E-01  1.4736E-01  1.1822E+00
  8.8110E+00  4.7041E-01  1.4783E-01  1.1822E+00
  8.8516E+00  4.7191E-01  1.4830E-01  1.1822E+00
  8.8925E+00  4.7340E-01  1.4877E-01  1.1822E+00
  8.9335E+00  4.7491E-01  1.4924E-01  1.1822E+00
  8.9748E+00  4.7641E-01  1.4971E-01  1.1822E+00
  9.0162E+00  4.7792E-01  1.5019E-01  1.1822E+00
  9.0578E+00  4.7944E-01  1.5066E-01  1.1822E+00
  9.0996E+00  4.8096E-01  1.5114E-01  1.1822E+00
  9.1416E+00  4.8248E-01  1.5162E-01  1.1822E+00
  9.1838E+00  4.8401E-01  1.5210E-01  1.1822E+00
  9.2262E+00  4.8554E-01  1.5258E-01  1.1822E+00
  9.2688E+00  4.8708E-01  1.5306E-01  1.1822E+00
  9.3116E+00  4.8863E-01  1.5355E-01  1.1822E+00
  9.3546E+00  4.9017E-01  1.5404E-01  1.1822E+00
  9.3977E+00  4.9173E-01  1.5452E-01  1.1822E+00
  9.4411E+00  4.9328E-01  1.5501E-01  1.1822E+00
  9.4847E+00  4.9484E-01  1.5550E-01  1.1822E+00
  9.5285E+00  4.9641E-01  1.5600E-01  1.1822E+00
  9.5725E+00  4.9798E-01  1.5649E-01  1.1822E+00
  9.6166E+00  4.9956E-01  1.5698E-01  1.1822E+00
  9.6610E+00  5.0114E-01  1.5748E-01  1.1822E+00
  9.7056E+00  5.0272E-01  1.5798E-01  1.1822E+00
  9.7504E+00  5.0431E-01  1.5848E-01  1.1822E+00
  9.7954E+00  5.0591E-01  1.5898E-01  1.1822E+00
  9.8406E+00  5.0751E-01  1.5948E-01  1.1822E+00
  9.8861E+00  5.0911E-01  1.5999E-01  1.1822E+00
  9.9317E+00  5.1072E-01  1.6049E-01  1.1822E+00
  9.9775E+00  5.1234E-01  1.6100E-01  1.1822E+00
  1.0024E+01  5.1395E-01  1.6151E-01  1.1822E+00
  1.0070E+01  5.1558E-01  1.6202E-01  1.1822E+00
  1.0116E+01  5.1721E-01  1.6253E-01  1.1822E+00
  1.0163E+01  5.1884E-01  1.6304E-01  1.1822E+00
  1.0210E+01  5.2048E-01  1.6356E-01  1.1822E+00
  1.0257E+01  5.2212E-01  1.6408E-01  1.1822E+00
  1.0304E+01  5.2377E-01  1.6459E-01  1.1822E+00
  1.0352E+01  5.2543E-01  1.6511E-01  1.1822E+00
  1.0400E+01  5.2709E-01  1.6564E-01  1.1822E+00
  1.0448E+01  5.2875E-01  1.6616E-01  1.1822E+00
  1.0496E+01  5.3042E-01  1.6668E-01  1.1822E+00
  1.0544E+01  5.3209E-01  1.6721E-01  1.1822E+00
  1.0593E+01  5.3377E-01  1.6774E-01  1.1822E+00
  1.0642E+01  5.3545E-01  1.6827E-01  1.1822E+00
  1.0691E+01  5.3714E-01  1.6880E-01  1.1822E+00
  1.0740E+01  5.3884E-01  1.6933E-01  1.1822E+00
  1.0790E+01  5.4054E-01  1.6986E-01  1.1822E+00
  1.0840E+01  5.4224E-01  1.7040E-01  1.1822E+00
  1.0890E+01  5.4395E-01  1.7094E-01  1.1822E+00
  1.0940E+01  5.4567E-01  1.7147E-01  1.1822E+00
  1.0991E+01  5.4739E-01  1.7201E-01  1.1822E+00
  1.1041E+01  5.4911E-01  1.7256E-01  1.1822E+00
  1.1092E+01  5.5084E-01  1.7310E-01  1.1822E+00
  1.1144E+01  5.5258E-01  1.7365E-01  1.1822E+00
  1.1195E+01  5.5432E-01  1.7419E-01  1.1822E+00
  1.1247E+01  5.5606E-01  1.7474E-01  1.1822E+00
  1.1299E+01  5.5782E-01  1.7529E-01  1.1822E+00
  1.1351E+01  5.5957E-01  1.7584E-01  1.1822E+00
  1.1403E+01  5.6133E-01  1.7640E-01  1.1822E+00
  1.1456E+01  5.6310E-01  1.7695E-01  1.1822E+00
  1.1509E+01  5.6487E-01  1.7751E-01  1.1822E+00
  1.1562E+01  5.6665E-01  1.7807E-01  1.1822E+00
  1.1615E+01  5.6844E-01  1.7863E-01  1.1822E+00
  1.1669E+01  5.7022E-01  1.7919E-01  1.1822E+00
  1.1723E+01  5.7202E-01  1.7976E-01  1.1822E+00
  1.1777E+01  5.7382E-01  1.8032E-01  1.1822E+00
  1.1831E+01  5.7562E-01  1.8089E-01  1.1822E+00
  1.1886E+01  5.7743E-01  1.8146E-01  1.1822E+00
  1.1940E+01  5.7925E-01  1.8203E-01  1.1822E+00
  1.1996E+01  5.8107E-01  1.8260E-01  1.1822E+00
  1.2051E+01  5.8290E-01  1.8317E-01  1.1822E+00
  1.2107E+01  5.8473E-01  1.8375E-01  1.1822E+00
  1.2162E+01  5.8657E-01  1.8433E-01  1.1822E+00
  1.2219E+01  5.8842E-01  1.8491E-01  1.1822E+00
  1.2275E+01  5.9026E-01  1.8549E-01  1.1822E+00
  1.2332E+01  5.9212E-01  1.8607E-01  1.1822E+00
  1.2389E+01  5.9398E-01  1.8666E-01  1.1822E+00
  1.2446E+01  5.9585E-01  1.8724E-01  1.1822E+00
  1.2503E+01  5.9772E-01  1.8783E-01  1.1822E+00
  1.2561E+01  5.9960E-01  1.8842E-01  1.1822E+00
  1.2619E+01  6.0148E-01  1.8901E-01  1.1822E+00
  1.2677E+01  6.0337E-01  1.8961E-01  1.1822E+00
  1.2736E+01  6.0526E-01  1.9020E-01  1.1822E+00
  1.2794E+01  6.0716E-01  1.9080E-01  1.1822E+00
  1.2853E+01  6.0907E-01  1.9140E-01  1.1822E+00
  1.2913E+01  6.1098E-01  1.9200E-01  1.1822E+00
  1.2972E+01  6.1290E-01  1.9260E-01  1.1822E+00
  1.3032E+01  6.1483E-01  1.9321E-01  1.1822E+00
  1.3092E+01  6.1676E-01  1.9381E-01  1.1822E+00
  1.3153E+01  6.1869E-01  1.9442E-01  1.1822E+00
  1.3214E+01  6.2063E-01  1.9503E-01  1.1822E+00
  1.3275E+01  6.2258E-01  1.9564E-01  1.1822E+00
  1.3336E+01  6.2453E-01  1.9626E-01  1.1822E+00
  1.3397E+01  6.2649E-01  1.9687E-01  1.1822E+00
  1.3459E+01  6.2846E-01  1.9749E-01  1.1822E+00
  1.3521E+01  6.3043E-01  1.9811E-01  1.1822E+00
  1.3584E+01  6.3241E-01  1.9873E-01  1.1822E+00
  1.3646E+01  6.3439E-01  1.9935E-01  1.1822E+00
  1.3709E+01  6.3638E-01  1.9998E-01  1.1822E+00
  1.3773E+01  6.3837E-01  2.0061E-01  1.1822E+00
  1.3836E+01  6.4037E-01  2.0124E-01  1.1822E+00
  1.3900E+01  6.4238E-01  2.0187E-01  1.1822E+00
  1.3964E+01  6.4439E-01  2.0250E-01  1.1822E+00
  1.4029E+01  6.4641E-01  2.0313E-01  1.1822E+00
  1.4094E+01  6.4844E-01  2.0377E-01  1.1822E+00
  1.4159E+01  6.5047E-01  2.0441E-01  1.1822E+00
  1.4224E+01  6.5251E-01  2.0505E-01  1.1822E+00
  1.4290E+01  6.5455E-01  2.0569E-01  1.1822E+00
  1.4356E+01  6.5660E-01  2.0634E-01  1.1822E+00
  1.4422E+01  6.5866E-01  2.0698E-01  1.1822E+00
  1.4488E+01  6.6072E-01  2.0763E-01  1.1822E+00
  1.4555E+01  6.6279E-01  2.0828E-01  1.1822E+00
  1.4622E+01  6.6487E-01  2.0893E-01  1.1822E+00
  1.4690E+01  6.6695E-01  2.0959E-01  1.1822E+00
  1.4758E+01  6.6904E-01  2.1024E-01  1.1822E+00
  1.4826E+01  6.7113E-01  2.1090E-01  1.1822E+00
  1.4894E+01  6.7323E-01  2.1156E-01  1.1822E+00
  1.4963E+01  6.7534E-01  2.1222E-01  1.1822E+00
  1.5032E+01  6.7745E-01  2.1289E-01  1.1822E+00
  1.5101E+01  6.7957E-01  2.1355E-01  1.1822E+00
  1.5171E+01  6.8170E-01  2.1422E-01  1.1822E+00
  1.5241E+01  6.8383E-01  2.1489E-01  1.1822E+00
  1.5312E+01  6.8597E-01  2.1557E-01  1.1822E+00
  1.5382E+01  6.8812E-01  2.1624E-01  1.1822E+00
  1.5453E+01  6.9027E-01  2.1692E-01  1.1822E+00
  1.5525E+01  6.9243E-01  2.1759E-01  1.1822E+00
  1.5596E+01  6.9460E-01  2.1828E-01  1.1822E+00
  1.5668E+01  6.9677E-01  2.1896E-01  1.1822E+00
  1.5741E+01  6.9895E-01  2.1964E-01  1.1822E+00
  1.5813E+01  7.0113E-01  2.2033E-01  1.1822E+00
  1.5886E+01  7.0333E-01  2.2102E-01  1.1822E+00
  1.5959E+01  7.0552E-01  2.2171E-01  1.1822E+00
  1.6033E+01  7.0773E-01  2.2240E-01  1.1822E+00
  1.6107E+01  7.0994E-01  2.2310E-01  1.1822E+00
  1.6181E+01  7.1216E-01  2.2379E-01  1.1822E+00
  1.6256E+01  7.1439E-01  2.2449E-01  1.1822E+00
  1.6331E+01  7.1662E-01  2.2520E-01  1.1822E+00
  1.6407E+01  7.1886E-01  2.2590E-01  1.1822E+00
  1.6482E+01  7.2111E-01  2.2661E-01  1.1822E+00
  1.6558E+01  7.2336E-01  2.2731E-01  1.1822E+00
  1.6635E+01  7.2562E-01  2.2802E-01  1.1822E+00
  1.6712E+01  7.2788E-01  2.2874E-01  1.1822E+00
  1.6789E+01  7.3016E-01  2.2945E-01  1.1822E+00
  1.6866E+01  7.3244E-01  2.3017E-01  1.1822E+00
  1.6944E+01  7.3473E-01  2.3089E-01  1.1822E+00
  1.7022E+01  7.3702E-01  2.3161E-01  1.1822E+00
  1.7101E+01  7.3932E-01  2.3233E-01  1.1822E+00
  1.7180E+01  7.4163E-01  2.3306E-01  1.1822E+00
  1.7259E+01  7.4395E-01  2.3378E-01  1.1822E+00
  1.7339E+01  7.4627E-01  2.3451E-01  1.1822E+00
  1.7419E+01  7.4860E-01  2.3525E-01  1.1822E+00
  1.7499E+01  7.5094E-01  2.3598E-01  1.1822E+00
  1.7580E+01  7.5328E-01  2.3672E-01  1.1822E+00
  1.7661E+01  7.5563E-01  2.3745E-01  1.1822E+00
  1.7743E+01  7.5799E-01  2.3820E-01  1.1822E+00
  1.7825E+01  7.6035E-01  2.3894E-01  1.1822E+00
  1.7907E+01  7.6273E-01  2.3968E-01  1.1822E+00
  1.7989E+01  7.6511E-01  2.4043E-01  1.1822E+00
  1.8072E+01  7.6749E-01  2.4118E-01  1.1822E+00
  1.8156E+01  7.6989E-01  2.4194E-01  1.1822E+00
  1.8240E+01  7.7229E-01  2.4269E-01  1.1822E+00
  1.8324E+01  7.7470E-01  2.4345E-01  1.1822E+00
  1.8408E+01  7.7712E-01  2.4421E-01  1.1822E+00
  1.8493E+01  7.7954E-01  2.4497E-01  1.1822E+00
  1.8579E+01  7.8197E-01  2.4573E-01  1.1822E+00
  1.8665E+01  7.8441E-01  2.4650E-01  1.1822E+00
  1.8751E+01  7.8685E-01  2.4727E-01  1.1822E+00
  1.8837E+01  7.8931E-01  2.4804E-01  1.1822E+00
  1.8924E+01  7.9177E-01  2.4881E-01  1.1822E+00
  1.9012E+01  7.9424E-01  2.4959E-01  1.1822E+00
  1.9099E+01  7.9671E-01  2.5036E-01  1.1822E+00
  1.9187E+01  7.9920E-01  2.5115E-01  1.1822E+00
  1.9276E+01  8.0169E-01  2.5193E-01  1.1822E+00
  1.9365E+01  8.0419E-01  2.5271E-01  1.1822E+00
  1.9454E+01  8.0669E-01  2.5350E-01  1.1822E+00
  1.9544E+01  8.0921E-01  2.5429E-01  1.1822E+00
  1.9634E+01  8.1173E-01  2.5508E-01  1.1822E+00
  1.9725E+01  8.1426E-01  2.5588E-01  1.1822E+00
  1.9816E+01  8.1680E-01  2.5668E-01  1.1822E+00
  1.9907E+01  8.1934E-01  2.5748E-01  1.1822E+00
  1.9999E+01  8.2189E-01  2.5828E-01  1.1822E+00
  2.0092E+01  8.2445E-01  2.5908E-01  1.1822E+00
  2.0184E+01  8.2702E-01  2.5989E-01  1.1822E+00
  2.0278E+01  8.2960E-01  2.6070E-01  1.1822E+00
  2.0371E+01  8.3218E-01  2.6151E-01  1.1822E+00
  2.0465E+01  8.3477E-01  2.6232E-01  1.1822E+00
  2.0560E+01  8.3737E-01  2.6314E-01  1.1822E+00
  2.0655E+01  8.3998E-01  2.6396E-01  1.1822E+00
  2.0750E+01  8.4260E-01  2.6478E-01  1.1822E+00
  2.0846E+01  8.4522E-01  2.6561E-01  1.1822E+00
  2.0942E+01  8.4785E-01  2.6643E-01  1.1822E+00
  2.1039E+01  8.5049E-01  2.6726E-01  1.1822E+00
  2.1136E+01  8.5314E-01  2.6810E-01  1.1822E+00
  2.1233E+01  8.5579E-01  2.6893E-01  1.1822E+00
  2.1331E+01  8.5846E-01  2.6977E-01  1.1822E+00
  2.1430E+01  8.6113E-01  2.7061E-01  1.1822E+00
  2.1529E+01  8.6381E-01  2.7145E-01  1.1822E+00
  2.1628E+01  8.6650E-01  2.7229E-01  1.1822E+00
  2.1728E+01  8.6919E-01  2.7314E-01  1.1822E+00
  2.1828E+01  8.7190E-01  2.7399E-01  1.1822E+00
  2.1929E+01  8.7461E-01  2.7484E-01  1.1822E+00
  2.2030E+01  8.7733E-01  2.7570E-01  1.1822E+00
  2.2132E+01  8.8006E-01  2.7656E-01  1.1822E+00
  2.2234E+01  8.8280E-01  2.7742E-01  1.1822E+00
  2.2337E+01  8.8555E-01  2.7828E-01  1.1822E+00
  2.2440E+01  8.8830E-01  2.7915E-01  1.1822E+00
  2.2543E+01  8.9107E-01  2.8001E-01  1.1822E+00
  2.2647E+01  8.9384E-01  2.8089E-01  1.1822E+00
  2.2752E+01  8.9662E-01  2.8176E-01  1.1822E+00
  2.2857E+01  8.9941E-01  2.8264E-01  1.1822E+00
  2.2962E+01  9.0220E-01  2.8351E-01  1.1822E+00
  2.3068E+01  9.0501E-01  2.8440E-01  1.1822E+00
  2.3175E+01  9.0782E-01  2.8528E-01  1.1822E+00
  2.3282E+01  9.1065E-01  2.8617E-01  1.1822E+00
  2.3389E+01  9.1348E-01  2.8706E-01  1.1822E+00
  2.3497E+01  9.1632E-01  2.8795E-01  1.1822E+00
  2.3606E+01  9.1917E-01  2.8885E-01  1.1822E+00
  2.3715E+01  9.2202E-01  2.8974E-01  1.1822E+00
  2.3824E+01  9.2489E-01  2.9064E-01  1.1822E+00
  2.3934E+01  9.2776E-01  2.9155E-01  1.1822E+00
  2.4044E+01  9.3065E-01  2.9245E-01  1.1822E+00
  2.4155E+01  9.3354E-01  2.9336E-01  1.1822E+00
  2.4267E+01  9.3644E-01  2.9427E-01  1.1822E+00
  2.4379E+01  9.3935E-01  2.9519E-01  1.1822E+00
  2.4491E+01  9.4227E-01  2.9611E-01  1.1822E+00
  2.4604E+01  9.4520E-01  2.9703E-01  1.1822E+00
  2.4718E+01  9.4814E-01  2.9795E-01  1.1822E+00
  2.4832E+01  9.5108E-01  2.9887E-01  1.1822E+00
  2.4947E+01  9.5404E-01  2.9980E-01  1.1822E+00
  2.5062E+01  9.5700E-01  3.0073E-01  1.1822E+00
  2.5178E+01  9.5997E-01  3.0167E-01  1.1822E+00
  2.5294E+01  9.6296E-01  3.0261E-01  1.1822E+00
  2.5411E+01  9.6595E-01  3.0355E-01  1.1822E+00
  2.5528E+01  9.6895E-01  3.0449E-01  1.1822E+00
  2.5646E+01  9.7196E-01  3.0543E-01  1.1822E+00
  2.5764E+01  9.7498E-01  3.0638E-01  1.1822E+00
  2.5883E+01  9.7800E-01  3.0734E-01  1.1822E+00
  2.6002E+01  9.8104E-01  3.0829E-01  1.1822E+00
  2.6122E+01  9.8409E-01  3.0925E-01  1.1822E+00
  2.6243E+01  9.8714E-01  3.1021E-01  1.1822E+00
  2.6364E+01  9.9021E-01  3.1117E-01  1.1822E+00
  2.6486E+01  9.9328E-01  3.1214E-01  1.1822E+00
  2.6608E+01  9.9637E-01  3.1311E-01  1.1822E+00
  2.6731E+01  9.9946E-01  3.1408E-01  1.1822E+00
  2.6854E+01  1.0026E+00  3.1505E-01  1.1822E+00
  2.6978E+01  1.0057E+00  3.1603E-01  1.1822E+00
  2.7103E+01  1.0088E+00  3.1701E-01  1.1822E+00
  2.7228E+01  1.0119E+00  3.1800E-01  1.1822E+00
  2.7354E+01  1.0151E+00  3.1898E-01  1.1822E+00
  2.7480E+01  1.0182E+00  3.1997E-01  1.1822E+00
  2.7607E+01  1.0214E+00  3.2097E-01  1.1822E+00
  2.7734E+01  1.0246E+00  3.2196E-01  1.1822E+00
  2.7862E+01  1.0277E+00  3.2296E-01  1.1822E+00
  2.7991E+01  1.0309E+00  3.2396E-01  1.1822E+00
  2.8120E+01  1.0341E+00  3.2497E-01  1.1822E+00
  2.8250E+01  1.0373E+00  3.2598E-01  1.1822E+00
  2.8380E+01  1.0405E+00  3.2699E-01  1.1822E+00
  2.8511E+01  1.0438E+00  3.2800E-01  1.1822E+00
  2.8643E+01  1.0470E+00  3.2902E-01  1.1822E+00
  2.8775E+01  1.0503E+00  3.3004E-01  1.1822E+00
  2.8908E+01  1.0535E+00  3.3107E-01  1.1822E+00
  2.9041E+01  1.0568E+00  3.3209E-01  1.1822E+00
  2.9175E+01  1.0601E+00  3.3312E-01  1.1822E+00
  2.9310E+01  1.0634E+00  3.3416E-01  1.1822E+00
  2.9445E+01  1.0667E+00  3.3519E-01  1.1822E+00
  2.9581E+01  1.0700E+00  3.3623E-01  1.1822E+00
  2.9718E+01  1.0733E+00  3.3728E-01  1.1822E+00
  2.9855E+01  1.0766E+00  3.3832E-01  1.1822E+00
  2.9992E+01  1.0800E+00  3.3937E-01  1.1822E+00
  3.0131E+01  1.0833E+00  3.4042E-01  1.1822E+00
  3.0270E+01  1.0867E+00  3.4148E-01  1.1822E+00
  3.0410E+01  1.0900E+00  3.4254E-01  1.1822E+00
  3.0550E+01  1.0934E+00  3.4360E-01  1.1822E+00
  3.0691E+01  1.0968E+00  3.4467E-01  1.1822E+00
  3.0833E+01  1.1002E+00  3.4573E-01  1.1822E+00
  3.0975E+01  1.1036E+00  3.4681E-01  1.1822E+00
  3.1118E+01  1.1070E+00  3.4788E-01  1.1822E+00
  3.1262E+01  1.1105E+00  3.4896E-01  1.1822E+00
  3.1406E+01  1.1139E+00  3.5004E-01  1.1822E+00
  3.1551E+01  1.1174E+00  3.5113E-01  1.1822E+00
  3.1697E+01  1.1208E+00  3.5222E-01  1.1822E+00
  3.1843E+01  1.1243E+00  3.5331E-01  1.1822E+00
  3.1990E+01  1.1278E+00  3.5440E-01  1.1822E+00
  3.2137E+01  1.1313E+00  3.5550E-01  1.1822E+00
  3.2286E+01  1.1348E+00  3.5660E-01  1.1822E+00
  3.2435E+01  1.1383E+00  3.5771E-01  1.1822E+00
  3.2585E+01  1.1418E+00  3.5882E-01  1.1822E+00
  3.2735E+01  1.1454E+00  3.5993E-01  1.1822E+00
  3.2886E+01  1.1489E+00  3.6104E-01  1.1822E+00
  3.3038E+01  1.1525E+00  3.6216E-01  1.1822E+00
  3.3190E+01  1.1561E+00  3.6329E-01  1.1822E+00
  3.3344E+01  1.1596E+00  3.6441E-01  1.1822E+00
  3.3497E+01  1.1632E+00  3.6554E-01  1.1822E+00
  3.3652E+01  1.1668E+00  3.6667E-01  1.1822E+00
  3.3807E+01  1.1704E+00  3.6781E-01  1.1822E+00
  3.3963E+01  1.1741E+00  3.6895E-01  1.1822E+00
  3.4120E+01  1.1777E+00  3.7009E-01  1.1822E+00
  3.4278E+01  1.1814E+00  3.7124E-01  1.1822E+00
  3.4436E+01  1.1850E+00  3.7239E-01  1.1822E+00
  3.4595E+01  1.1887E+00  3.7354E-01  1.1822E+00
  3.4755E+01  1.1924E+00  3.7470E-01  1.1822E+00
  3.4915E+01  1.1961E+00  3.7586E-01  1.1822E+00
  3.5076E+01  1.1998E+00  3.7702E-01  1.1822E+00
  3.5238E+01  1.2035E+00  3.7819E-01  1.1822E+00
  3.5401E+01  1.2072E+00  3.7936E-01  1.1822E+00
  3.5564E+01  1.2110E+00  3.8054E-01  1.1822E+00
  3.5728E+01  1.2147E+00  3.8172E-01  1.1822E+00
  3.5893E+01  1.2185E+00  3.8290E-01  1.1822E+00
  3.6059E+01  1.2222E+00  3.8408E-01  1.1822E+00
  3.6225E+01  1.2260E+00  3.8527E-01  1.1822E+00
  3.6392E+01  1.2298E+00  3.8647E-01  1.1822E+00
  3.6560E+01  1.2336E+00  3.8766E-01  1.1822E+00
  3.6729E+01  1.2374E+00  3.8886E-01  1.1822E+00
  3.6899E+01  1.2413E+00  3.9007E-01  1.1822E+00
  3.7069E+01  1.2451E+00  3.9128E-01  1.1822E+00
  3.7240E+01  1.2490E+00  3.9249E-01  1.1822E+00
  3.7412E+01  1.2528E+00  3.9370E-01  1.1822E+00
  3.7585E+01  1.2567E+00  3.9492E-01  1.1822E+00
  3.7758E+01  1.2606E+00  3.9614E-01  1.1822E+00
  3.7932E+01  1.2645E+00  3.9737E-01  1.1822E+00
  3.8107E+01  1.2684E+00  3.9860E-01  1.1822E+00
  3.8283E+01  1.2724E+00  3.9983E-01  1.1822E+00
  3.8460E+01  1.2763E+00  4.0107E-01  1.1822E+00
  3.8638E+01  1.2802E+00  4.0231E-01  1.1822E+00
  3.8816E+01  1.2842E+00  4.0356E-01  1.1822E+00
  3.8995E+01  1.2882E+00  4.0481E-01  1.1822E+00
  3.9175E+01  1.2922E+00  4.0606E-01  1.1822E+00
  3.9356E+01  1.2962E+00  4.0732E-01  1.1822E+00
  3.9538E+01  1.3002E+00  4.0858E-01  1.1822E+00
  3.9720E+01  1.3042E+00  4.0984E-01  1.1822E+00
  3.9903E+01  1.3082E+00  4.1111E-01  1.1822E+00
  4.0088E+01  1.3123E+00  4.1238E-01  1.1822E+00
  4.0273E+01  1.3163E+00  4.1366E-01  1.1822E+00
  4.0458E+01  1.3204E+00  4.1494E-01  1.1822E+00
  4.0645E+01  1.3245E+00  4.1622E-01  1.1822E+00
  4.0833E+01  1.3286E+00  4.1751E-01  1.1822E+00
  4.1021E+01  1.3327E+00  4.1880E-01  1.1822E+00
  4.1211E+01  1.3368E+00  4.2010E-01  1.1822E+00
  4.1401E+01  1.3410E+00  4.2140E-01  1.1822E+00
  4.1592E+01  1.3451E+00  4.2270E-01  1.1822E+00
  4.1784E+01  1.3493E+00  4.2401E-01  1.1822E+00
  4.1977E+01  1.3535E+00  4.2532E-01  1.1822E+00
  4.2171E+01  1.3576E+00  4.2664E-01  1.1822E+00
  4.2365E+01  1.3618E+00  4.2796E-01  1.1822E+00
  4.2561E+01  1.3661E+00  4.2928E-01  1.1822E+00
  4.2757E+01  1.3703E+00  4.3061E-01  1.1822E+00
  4.2955E+01  1.3745E+00  4.3194E-01  1.1822E+00
  4.3153E+01  1.3788E+00  4.3328E-01  1.1822E+00
  4.3352E+01  1.3830E+00  4.3462E-01  1.1822E+00
  4.3552E+01  1.3873E+00  4.3596E-01  1.1822E+00
  4.3753E+01  1.3916E+00  4.3731E-01  1.1822E+00
  4.3955E+01  1.3959E+00  4.3866E-01  1.1822E+00
  4.4158E+01  1.4002E+00  4.4002E-01  1.1822E+00
  4.4362E+01  1.4046E+00  4.4138E-01  1.1822E+00
  4.4567E+01  1.4089E+00  4.4274E-01  1.1822E+00
  4.4772E+01  1.4133E+00  4.4411E-01  1.1822E+00
  4.4979E+01  1.4176E+00  4.4549E-01  1.1822E+00
  4.5186E+01  1.4220E+00  4.4686E-01  1.1822E+00
  4.5395E+01  1.4264E+00  4.4824E-01  1.1822E+00
  4.5605E+01  1.4308E+00  4.4963E-01  1.1822E+00
  4.5815E+01  1.4352E+00  4.5102E-01  1.1822E+00
  4.6027E+01  1.4397E+00  4.5242E-01  1.1822E+00
  4.6239E+01  1.4441E+00  4.5381E-01  1.1822E+00
  4.6452E+01  1.4486E+00  4.5522E-01  1.1822E+00
  4.6667E+01  1.4531E+00  4.5662E-01  1.1822E+00
  4.6882E+01  1.4576E+00  4.5804E-01  1.1822E+00
  4.7099E+01  1.4621E+00  4.5945E-01  1.1822E+00
  4.7316E+01  1.4666E+00  4.6087E-01  1.1822E+00
  4.7534E+01  1.4711E+00  4.6230E-01  1.1822E+00
  4.7754E+01  1.4757E+00  4.6373E-01  1.1822E+00
  4.7974E+01  1.4802E+00  4.6516E-01  1.1822E+00
  4.8196E+01  1.4848E+00  4.6660E-01  1.1822E+00
  4.8418E+01  1.4894E+00  4.6804E-01  1.1822E+00
  4.8642E+01  1.4940E+00  4.6949E-01  1.1822E+00
  4.8866E+01  1.4986E+00  4.7094E-01  1.1822E+00
  4.9092E+01  1.5033E+00  4.7239E-01  1.1822E+00
  4.9318E+01  1.5079E+00  4.7385E-01  1.1822E+00
  4.9546E+01  1.5126E+00  4.7532E-01  1.1822E+00
  4.9775E+01  1.5172E+00  4.7679E-01  1.1822E+00
  5.0004E+01  1.5219E+00  4.7826E-01  1.1822E+00
  5.0235E+01  1.5266E+00  4.7974E-01  1.1822E+00
  5.0467E+01  1.5313E+00  4.8122E-01  1.1822E+00
  5.0700E+01  1.5361E+00  4.8271E-01  1.1822E+00
  5.0934E+01  1.5408E+00  4.8420E-01  1.1822E+00
  5.1169E+01  1.5456E+00  4.8570E-01  1.1822E+00
  5.1405E+01  1.5504E+00  4.8720E-01  1.1822E+00
  5.1643E+01  1.5552E+00  4.8870E-01  1.1822E+00
  5.1881E+01  1.5600E+00  4.9021E-01  1.1822E+00
  5.2120E+01  1.5648E+00  4.9173E-01  1.1822E+00
  5.2361E+01  1.5696E+00  4.9325E-01  1.1822E+00
  5.2603E+01  1.5745E+00  4.9477E-01  1.1822E+00
  5.2845E+01  1.5793E+00  4.9630E-01  1.1822E+00
  5.3089E+01  1.5842E+00  4.9783E-01  1.1822E+00
  5.3334E+01  1.5891E+00  4.9937E-01  1.1822E+00
  5.3581E+01  1.5940E+00  5.0091E-01  1.1822E+00
  5.3828E+01  1.5989E+00  5.0246E-01  1.1822E+00
  5.4076E+01  1.6039E+00  5.0401E-01  1.1822E+00
  5.4326E+01  1.6088E+00  5.0557E-01  1.1822E+00
  5.4577E+01  1.6138E+00  5.0713E-01  1.1822E+00
  5.4829E+01  1.6188E+00  5.0870E-01  1.1822E+00
  5.5082E+01  1.6238E+00  5.1027E-01  1.1822E+00
  5.5336E+01  1.6288E+00  5.1185E-01  1.1822E+00
  5.5591E+01  1.6338E+00  5.1343E-01  1.1822E+00
  5.5848E+01  1.6389E+00  5.1501E-01  1.1822E+00
  5.6106E+01  1.6439E+00  5.1660E-01  1.1822E+00
  5.6365E+01  1.6490E+00  5.1820E-01  1.1822E+00
  5.6625E+01  1.6541E+00  5.1980E-01  1.1822E+00
  5.6886E+01  1.6592E+00  5.2141E-01  1.1822E+00
  5.7149E+01  1.6643E+00  5.2302E-01  1.1822E+00
  5.7412E+01  1.6695E+00  5.2463E-01  1.1822E+00
  5.7677E+01  1.6746E+00  5.2625E-01  1.1822E+00
  5.7944E+01  1.6798E+00  5.2788E-01  1.1822E+00
  5.8211E+01  1.6850E+00  5.2951E-01  1.1822E+00
  5.8480E+01  1.6902E+00  5.3114E-01  1.1822E+00
  5.8750E+01  1.6954E+00  5.3278E-01  1.1822E+00
  5.9021E+01  1.7007E+00  5.3443E-01  1.1822E+00
  5.9293E+01  1.7059E+00  5.3608E-01  1.1822E+00
  5.9567E+01  1.7112E+00  5.3773E-01  1.1822E+00
  5.9842E+01  1.7165E+00  5.3939E-01  1.1822E+00
  6.0118E+01  1.7218E+00  5.4106E-01  1.1822E+00
  6.0396E+01  1.7271E+00  5.4273E-01  1.1822E+00
  6.0674E+01  1.7324E+00  5.4441E-01  1.1822E+00
  6.0955E+01  1.7378E+00  5.4609E-01  1.1822E+00
  6.1236E+01  1.7431E+00  5.4777E-01  1.1822E+00
  6.1518E+01  1.7485E+00  5.4946E-01  1.1822E+00
  6.1802E+01  1.7539E+00  5.5116E-01  1.1822E+00
  6.2088E+01  1.7593E+00  5.5286E-01  1.1822E+00
  6.2374E+01  1.7648E+00  5.5457E-01  1.1822E+00
  6.2662E+01  1.7702E+00  5.5628E-01  1.1822E+00
  6.2951E+01  1.7757E+00  5.5800E-01  1.1822E+00
  6.3242E+01  1.7811E+00  5.5972E-01  1.1822E+00
  6.3534E+01  1.7866E+00  5.6145E-01  1.1822E+00
  6.3827E+01  1.7922E+00  5.6318E-01  1.1822E+00
  6.4122E+01  1.7977E+00  5.6492E-01  1.1822E+00
  6.4418E+01  1.8032E+00  5.6666E-01  1.1822E+00
  6.4715E+01  1.8088E+00  5.6841E-01  1.1822E+00
  6.5014E+01  1.8144E+00  5.7017E-01  1.1822E+00
  6.5314E+01  1.8200E+00  5.7193E-01  1.1822E+00
  6.5615E+01  1.8256E+00  5.7369E-01  1.1822E+00
  6.5918E+01  1.8312E+00  5.7546E-01  1.1822E+00
  6.6222E+01  1.8369E+00  5.7724E-01  1.1822E+00
  6.6528E+01  1.8426E+00  5.7902E-01  1.1822E+00
  6.6835E+01  1.8483E+00  5.8081E-01  1.1822E+00
  6.7144E+01  1.8540E+00  5.8260E-01  1.1822E+00
  6.7454E+01  1.8597E+00  5.8440E-01  1.1822E+00
  6.7765E+01  1.8654E+00  5.8620E-01  1.1822E+00
  6.8078E+01  1.8712E+00  5.8801E-01  1.1822E+00
  6.8392E+01  1.8770E+00  5.8983E-01  1.1822E+00
  6.8708E+01  1.8827E+00  5.9165E-01  1.1822E+00
  6.9025E+01  1.8886E+00  5.9347E-01  1.1822E+00
  6.9343E+01  1.8944E+00  5.9531E-01  1.1822E+00
  6.9663E+01  1.9002E+00  5.9714E-01  1.1822E+00
  6.9985E+01  1.9061E+00  5.9899E-01  1.1822E+00
  7.0308E+01  1.9120E+00  6.0083E-01  1.1822E+00
  7.0632E+01  1.9179E+00  6.0269E-01  1.1822E+00
  7.0958E+01  1.9238E+00  6.0455E-01  1.1822E+00
  7.1286E+01  1.9297E+00  6.0641E-01  1.1822E+00
  7.1615E+01  1.9357E+00  6.0828E-01  1.1822E+00
  7.1946E+01  1.9417E+00  6.1016E-01  1.1822E+00
  7.2278E+01  1.9477E+00  6.1204E-01  1.1822E+00
  7.2611E+01  1.9537E+00  6.1393E-01  1.1822E+00
  7.2946E+01  1.9597E+00  6.1583E-01  1.1822E+00
  7.3283E+01  1.9657E+00  6.1773E-01  1.1822E+00
  7.3621E+01  1.9718E+00  6.1963E-01  1.1822E+00
  7.3961E+01  1.9779E+00  6.2154E-01  1.1822E+00
  7.4303E+01  1.9840E+00  6.2346E-01  1.1822E+00
  7.4646E+01  1.9901E+00  6.2539E-01  1.1822E+00
  7.4990E+01  1.9962E+00  6.2732E-01  1.1822E+00
  7.5336E+01  2.0024E+00  6.2925E-01  1.1822E+00
  7.5684E+01  2.0086E+00  6.3119E-01  1.1822E+00
  7.6033E+01  2.0148E+00  6.3314E-01  1.1822E+00
  7.6384E+01  2.0210E+00  6.3509E-01  1.1822E+00
  7.6737E+01  2.0272E+00  6.3705E-01  1.1822E+00
  7.7091E+01  2.0335E+00  6.3902E-01  1.1822E+00
  7.7447E+01  2.0398E+00  6.4099E-01  1.1822E+00
  7.7804E+01  2.0461E+00  6.4297E-01  1.1822E+00
  7.8163E+01  2.0524E+00  6.4495E-01  1.1822E+00
  7.8524E+01  2.0587E+00  6.4694E-01  1.1822E+00
  7.8887E+01  2.0650E+00  6.4893E-01  1.1822E+00
  7.9251E+01  2.0714E+00  6.5094E-01  1.1822E+00
  7.9617E+01  2.0778E+00  6.5294E-01  1.1822E+00
  7.9984E+01  2.0842E+00  6.5496E-01  1.1822E+00
  8.0353E+01  2.0906E+00  6.5698E-01  1.1822E+00
  8.0724E+01  2.0971E+00  6.5900E-01  1.1822E+00
  8.1097E+01  2.1036E+00  6.6104E-01  1.1822E+00
  8.1471E+01  2.1100E+00  6.6308E-01  1.1822E+00
  8.1847E+01  2.1166E+00  6.6512E-01  1.1822E+00
  8.2225E+01  2.1231E+00  6.6717E-01  1.1822E+00
  8.2604E+01  2.1296E+00  6.6923E-01  1.1822E+00
  8.2986E+01  2.1362E+00  6.7129E-01  1.1822E+00
  8.3369E+01  2.1428E+00  6.7336E-01  1.1822E+00
  8.3753E+01  2.1494E+00  6.7544E-01  1.1822E+00
  8.4140E+01  2.1560E+00  6.7752E-01  1.1822E+00
  8.4528E+01  2.1627E+00  6.7961E-01  1.1822E+00
  8.4919E+01  2.1693E+00  6.8171E-01  1.1822E+00
  8.5311E+01  2.1760E+00  6.8381E-01  1.1822E+00
  8.5704E+01  2.1827E+00  6.8592E-01  1.1822E+00
  8.6100E+01  2.1895E+00  6.8804E-01  1.1822E+00
  8.6497E+01  2.1962E+00  6.9016E-01  1.1822E+00
  8.6897E+01  2.2030E+00  6.9229E-01  1.1822E+00
  8.7298E+01  2.2098E+00  6.9442E-01  1.1822E+00
  8.7701E+01  2.2166E+00  6.9656E-01  1.1822E+00
  8.8105E+01  2.2234E+00  6.9871E-01  1.1822E+00
  8.8512E+01  2.2303E+00  7.0086E-01  1.1822E+00
  8.8921E+01  2.2372E+00  7.0303E-01  1.1822E+00
  8.9331E+01  2.2441E+00  7.0519E-01  1.1822E+00
  8.9743E+01  2.2510E+00  7.0737E-01  1.1822E+00
  9.0158E+01  2.2579E+00  7.0955E-01  1.1822E+00
  9.0574E+01  2.2649E+00  7.1174E-01  1.1822E+00
  9.0992E+01  2.2719E+00  7.1393E-01  1.1822E+00
  9.1412E+01  2.2789E+00  7.1613E-01  1.1822E+00
  9.1834E+01  2.2859E+00  7.1834E-01  1.1822E+00
  9.2258E+01  2.2930E+00  7.2056E-01  1.1822E+00
  9.2683E+01  2.3000E+00  7.2278E-01  1.1822E+00
  9.3111E+01  2.3071E+00  7.2501E-01  1.1822E+00
  9.3541E+01  2.3142E+00  7.2724E-01  1.1822E+00
  9.3973E+01  2.3214E+00  7.2948E-01  1.1822E+00
  9.4406E+01  2.3285E+00  7.3173E-01  1.1822E+00
  9.4842E+01  2.3357E+00  7.3399E-01  1.1822E+00
  9.5280E+01  2.3429E+00  7.3625E-01  1.1822E+00
  9.5720E+01  2.3501E+00  7.3852E-01  1.1822E+00
  9.6162E+01  2.3574E+00  7.4080E-01  1.1822E+00
  9.6605E+01  2.3646E+00  7.4308E-01  1.1822E+00
  9.7051E+01  2.3719E+00  7.4537E-01  1.1822E+00
  9.7499E+01  2.3792E+00  7.4767E-01  1.1822E+00
  9.7949E+01  2.3866E+00  7.4997E-01  1.1822E+00
  9.8401E+01  2.3939E+00  7.5229E-01  1.1822E+00
  9.8856E+01  2.4013E+00  7.5461E-01  1.1822E+00
  9.9312E+01  2.4087E+00  7.5693E-01  1.1822E+00
  9.9770E+01  2.4161E+00  7.5926E-01  1.1822E+00
