x | y | R
Nphases Nclumps0           16           0
xxx
 -9.8881E-01 -4.4143E-01  9.7171E-02
 -1.4099E-02 -1.0828E+00  9.7171E-02
 -1.0749E+00  1.3142E-01  9.7171E-02
  1.0823E+00  3.6429E-02  9.7171E-02
 -5.9306E-01  9.0603E-01  9.7171E-02
  7.2546E-01  8.0394E-01  9.7171E-02
xxx
 -1.2462E+00 -5.5631E-01  1.3964E-01
 -1.7769E-02 -1.3646E+00  1.3964E-01
 -1.3546E+00  1.6562E-01  1.3964E-01
  1.3639E+00  4.5910E-02  1.3964E-01
 -7.4741E-01  1.1418E+00  1.3964E-01
  9.1426E-01  1.0132E+00  1.3964E-01
 -8.3864E-01  7.2298E-01  1.0258E-01
 -5.8191E-01 -9.4202E-01  1.0258E-01
 -6.4601E-01 -8.9927E-01  1.0258E-01
 -4.5453E-01  9.2067E-01  7.8370E-02
 -8.3551E-01  5.9678E-01  7.8370E-02
  1.0068E+00 -2.0164E-01  7.8370E-02
 -4.6587E-01 -8.8635E-01  4.6889E-02
xxx
 -1.6238E+00 -7.2488E-01  1.8087E-01
 -2.3153E-02 -1.7781E+00  1.8087E-01
 -1.7651E+00  2.1581E-01  1.8087E-01
  1.7772E+00  5.9822E-02  1.8087E-01
 -9.7389E-01  1.4878E+00  1.8087E-01
  1.1913E+00  1.3202E+00  1.8087E-01
 -1.0669E+00  9.1972E-01  1.4458E-01
 -7.4025E-01 -1.1984E+00  1.4458E-01
 -8.2180E-01 -1.1440E+00  1.4458E-01
 -5.4983E-01  1.1137E+00  1.2442E-01
 -1.0107E+00  7.2190E-01  1.2442E-01
  1.2179E+00 -2.4392E-01  1.2442E-01
 -5.2910E-01 -1.0066E+00  1.0831E-01
 -5.3596E-01  9.7468E-01  1.0360E-01
  3.8105E-02 -1.1117E+00  1.0360E-01
 -2.0141E-01 -1.0226E+00  8.5191E-02
 -5.6820E-01 -8.7370E-01  8.5191E-02
 -7.6633E-01 -6.5297E-01  6.1756E-02
xxx
 -2.0728E+00 -9.2533E-01  2.2173E-01
 -2.9556E-02 -2.2698E+00  2.2173E-01
 -2.2532E+00  2.7549E-01  2.2173E-01
  2.2687E+00  7.6365E-02  2.2173E-01
 -1.2432E+00  1.8992E+00  2.2173E-01
  1.5207E+00  1.6853E+00  2.2173E-01
 -1.3889E+00  1.1973E+00  1.8579E-01
 -9.6370E-01 -1.5601E+00  1.8579E-01
 -1.0699E+00 -1.4893E+00  1.8579E-01
 -7.1485E-01  1.4480E+00  1.6572E-01
 -1.3140E+00  9.3856E-01  1.6572E-01
  1.5834E+00 -3.1713E-01  1.6572E-01
 -6.7862E-01 -1.2911E+00  1.4999E-01
 -6.8289E-01  1.2419E+00  1.4554E-01
  4.8552E-02 -1.4164E+00  1.4554E-01
 -2.4754E-01 -1.2568E+00  1.2953E-01
 -6.9834E-01 -1.0738E+00  1.2953E-01
 -8.9328E-01 -7.6113E-01  1.1442E-01
  1.1124E+00 -5.9951E-03  1.0362E-01
 -1.0561E+00 -3.4950E-01  1.0362E-01
 -9.8309E-01 -3.4701E-01  8.5313E-02
  8.5077E-01 -6.0255E-01  8.5313E-02
 -1.3336E-01 -9.9802E-01  6.1896E-02
xxx
 -2.5655E+00 -1.1453E+00  2.6167E-01
 -3.6581E-02 -2.8093E+00  2.6167E-01
 -2.7888E+00  3.4097E-01  2.6167E-01
  2.8080E+00  9.4518E-02  2.6167E-01
 -1.5387E+00  2.3507E+00  2.6167E-01
  1.8822E+00  2.0859E+00  2.6167E-01
 -1.7666E+00  1.5230E+00  2.2657E-01
 -1.2258E+00 -1.9844E+00  2.2657E-01
 -1.3608E+00 -1.8943E+00  2.2657E-01
 -9.2182E-01  1.8672E+00  2.0678E-01
 -1.6945E+00  1.2103E+00  2.0678E-01
  2.0418E+00 -4.0894E-01  2.0678E-01
 -8.8198E-01 -1.6780E+00  1.9117E-01
 -8.8880E-01  1.6164E+00  1.8674E-01
  6.3192E-02 -1.8435E+00  1.8674E-01
 -3.2239E-01 -1.6368E+00  1.7079E-01
 -9.0949E-01 -1.3985E+00  1.7079E-01
 -1.1534E+00 -9.8282E-01  1.5588E-01
  1.4174E+00 -7.6389E-03  1.4556E-01
 -1.3457E+00 -4.4533E-01  1.4556E-01
 -1.2086E+00 -4.2660E-01  1.2963E-01
  1.0459E+00 -7.4076E-01  1.2963E-01
 -1.5549E-01 -1.1637E+00  1.1449E-01
  1.0025E+00 -4.8233E-01  1.0363E-01
 -5.0798E-01 -9.8972E-01  1.0363E-01
 -5.5497E-01  8.8277E-01  8.5384E-02
 -7.8488E-01 -6.8646E-01  8.5384E-02
  9.5182E-01 -3.2859E-01  6.1988E-02
 -1.0068E+00  1.5159E-02  6.1988E-02
xxx
 -3.0866E+00 -1.3779E+00  3.0044E-01
 -4.4012E-02 -3.3799E+00  3.0044E-01
 -3.3552E+00  4.1023E-01  3.0044E-01
  3.3783E+00  1.1372E-01  3.0044E-01
 -1.8513E+00  2.8282E+00  3.0044E-01
  2.2645E+00  2.5095E+00  3.0044E-01
 -2.1786E+00  1.8782E+00  2.6638E-01
 -1.5117E+00 -2.4472E+00  2.6638E-01
 -1.6782E+00 -2.3362E+00  2.6638E-01
 -1.1540E+00  2.3375E+00  2.4711E-01
 -2.1213E+00  1.5151E+00  2.4711E-01
  2.5560E+00 -5.1194E-01  2.4711E-01
 -1.1174E+00 -2.1258E+00  2.3185E-01
 -1.1297E+00  2.0545E+00  2.2750E-01
  8.0321E-02 -2.3433E+00  2.2750E-01
 -4.1440E-01 -2.1039E+00  2.1180E-01
 -1.1691E+00 -1.7976E+00  2.1180E-01
 -1.4954E+00 -1.2742E+00  1.9703E-01
  1.8448E+00 -9.9422E-03  1.8676E-01
 -1.7514E+00 -5.7961E-01  1.8676E-01
 -1.5741E+00 -5.5560E-01  1.7088E-01
  1.3622E+00 -9.6476E-01  1.7088E-01
 -2.0080E-01 -1.5027E+00  1.5595E-01
  1.2774E+00 -6.1459E-01  1.4557E-01
 -6.4728E-01 -1.2611E+00  1.4557E-01
 -6.8238E-01  1.0854E+00  1.2968E-01
 -9.6508E-01 -8.4406E-01  1.2968E-01
  1.1100E+00 -3.8321E-01  1.1454E-01
 -1.1742E+00  1.7679E-02  1.1454E-01
 -9.7990E-01  5.2669E-01  1.0364E-01
  1.1124E+00 -1.4544E-02  1.0364E-01
 -2.4176E-02 -1.0425E+00  8.5398E-02
  8.6875E-01  5.7674E-01  8.5398E-02
  1.1145E-02 -1.0069E+00  6.2009E-02
 -2.7378E-01 -9.6903E-01  6.2009E-02
xxx
 -3.6273E+00 -1.6193E+00  3.3798E-01
 -5.1721E-02 -3.9720E+00  3.3798E-01
 -3.9429E+00  4.8209E-01  3.3798E-01
  3.9701E+00  1.3363E-01  3.3798E-01
 -2.1755E+00  3.3236E+00  3.3798E-01
  2.6612E+00  2.9491E+00  3.3798E-01
 -2.6131E+00  2.2528E+00  3.0500E-01
 -1.8132E+00 -2.9353E+00  3.0500E-01
 -2.0129E+00 -2.8021E+00  3.0500E-01
 -1.4022E+00  2.8402E+00  2.8633E-01
 -2.5775E+00  1.8410E+00  2.8633E-01
  3.1058E+00 -6.2205E-01  2.8633E-01
 -1.3726E+00 -2.6114E+00  2.7151E-01
 -1.3923E+00  2.5319E+00  2.6729E-01
  9.8986E-02 -2.8878E+00  2.6729E-01
 -5.1679E-01 -2.6237E+00  2.5200E-01
 -1.4579E+00 -2.2418E+00  2.5200E-01
 -1.8860E+00 -1.6070E+00  2.3759E-01
  2.3448E+00 -1.2637E-02  2.2752E-01
 -2.2261E+00 -7.3672E-01  2.2752E-01
 -2.0232E+00 -7.1414E-01  2.1189E-01
  1.7509E+00 -1.2400E+00  2.1189E-01
 -2.6031E-01 -1.9481E+00  1.9710E-01
  1.6625E+00 -7.9990E-01  1.8677E-01
 -8.4244E-01 -1.6414E+00  1.8677E-01
 -8.8873E-01  1.4137E+00  1.7094E-01
 -1.2569E+00 -1.0993E+00  1.7094E-01
  1.4335E+00 -4.9487E-01  1.5600E-01
 -1.5163E+00  2.2830E-02  1.5600E-01
 -1.2486E+00  6.7112E-01  1.4557E-01
  1.4174E+00 -1.8532E-02  1.4557E-01
 -2.9728E-02 -1.2819E+00  1.2969E-01
  1.0682E+00  7.0917E-01  1.2969E-01
  1.2998E-02 -1.1743E+00  1.1455E-01
 -3.1930E-01 -1.1301E+00  1.1455E-01
 -1.0379E+00 -4.0038E-01  1.0364E-01
 -1.1040E+00  1.3679E-01  1.0364E-01
  6.7706E-01  7.9306E-01  8.5398E-02
 -1.0346E+00 -1.3049E-01  8.5398E-02
 -3.3400E-01  9.4995E-01  6.2008E-02
 -5.1291E-01 -8.6654E-01  6.2008E-02
xxx
 -4.1820E+00 -1.8669E+00  3.7432E-01
 -5.9631E-02 -4.5794E+00  3.7432E-01
 -4.5460E+00  5.5582E-01  3.7432E-01
  4.5772E+00  1.5407E-01  3.7432E-01
 -2.5083E+00  3.8319E+00  3.7432E-01
  3.0682E+00  3.4001E+00  3.7432E-01
 -3.0632E+00  2.6407E+00  3.4239E-01
 -2.1254E+00 -3.4408E+00  3.4239E-01
 -2.3596E+00 -3.2846E+00  3.4239E-01
 -1.6612E+00  3.3648E+00  3.2431E-01
 -3.0536E+00  2.1811E+00  3.2431E-01
  3.6794E+00 -7.3695E-01  3.2431E-01
 -1.6410E+00 -3.1220E+00  3.0997E-01
 -1.6689E+00  3.0351E+00  3.0588E-01
  1.1866E-01 -3.4617E+00  3.0588E-01
 -6.2582E-01 -3.1773E+00  2.9107E-01
 -1.7655E+00 -2.7147E+00  2.9107E-01
 -2.3072E+00 -1.9659E+00  2.7709E-01
  2.8897E+00 -1.5573E-02  2.6731E-01
 -2.7434E+00 -9.0791E-01  2.6731E-01
 -2.5229E+00 -8.9052E-01  2.5210E-01
  2.1833E+00 -1.5463E+00  2.5210E-01
 -3.2830E-01 -2.4569E+00  2.3766E-01
  2.1131E+00 -1.0167E+00  2.2753E-01
 -1.0708E+00 -2.0862E+00  2.2753E-01
 -1.1423E+00  1.8170E+00  2.1195E-01
 -1.6155E+00 -1.4129E+00  2.1195E-01
  1.8583E+00 -6.4154E-01  1.9715E-01
 -1.9657E+00  2.9596E-02  1.9715E-01
 -1.6251E+00  8.7348E-01  1.8677E-01
  1.8448E+00 -2.4119E-02  1.8677E-01
 -3.8718E-02 -1.6695E+00  1.7095E-01
  1.3913E+00  9.2362E-01  1.7095E-01
  1.6786E-02 -1.5165E+00  1.5601E-01
 -4.1234E-01 -1.4595E+00  1.5601E-01
 -1.3226E+00 -5.1017E-01  1.4557E-01
 -1.4068E+00  1.7430E-01  1.4557E-01
  8.3253E-01  9.7516E-01  1.2969E-01
 -1.2721E+00 -1.6045E-01  1.2969E-01
 -3.8953E-01  1.1079E+00  1.1455E-01
 -5.9818E-01 -1.0106E+00  1.1455E-01
 -8.0838E-02  1.1095E+00  1.0364E-01
  8.9485E-01  6.6095E-01  1.0364E-01
 -7.4005E-01  7.3463E-01  8.5398E-02
  2.7778E-01 -1.0051E+00  8.5398E-02
  1.4879E-01 -9.9591E-01  6.2008E-02
  7.5848E-01  6.6232E-01  6.2008E-02
xxx
 -4.7473E+00 -2.1193E+00  4.0957E-01
 -6.7692E-02 -5.1985E+00  4.0957E-01
 -5.1605E+00  6.3095E-01  4.0957E-01
  5.1960E+00  1.7490E-01  4.0957E-01
 -2.8473E+00  4.3499E+00  4.0957E-01
  3.4829E+00  3.8598E+00  4.0957E-01
 -3.5245E+00  3.0384E+00  3.7860E-01
 -2.4455E+00 -3.9590E+00  3.7860E-01
 -2.7149E+00 -3.7793E+00  3.7860E-01
 -1.9278E+00  3.9049E+00  3.6109E-01
 -3.5438E+00  2.5312E+00  3.6109E-01
  4.2701E+00 -8.5524E-01  3.6109E-01
 -1.9184E+00 -3.6499E+00  3.4720E-01
 -1.9554E+00  3.5561E+00  3.4324E-01
  1.3903E-01 -4.0559E+00  3.4324E-01
 -7.3936E-01 -3.7537E+00  3.2890E-01
 -2.0858E+00 -3.2072E+00  3.2890E-01
 -2.7487E+00 -2.3421E+00  3.1537E-01
  3.4639E+00 -1.8668E-02  3.0590E-01
 -3.2885E+00 -1.0883E+00  3.0590E-01
 -3.0549E+00 -1.0783E+00  2.9116E-01
  2.6438E+00 -1.8724E+00  2.9116E-01
 -4.0159E-01 -3.0054E+00  2.7715E-01
  2.6041E+00 -1.2529E+00  2.6732E-01
 -1.3196E+00 -2.5710E+00  2.6732E-01
 -1.4243E+00  2.2657E+00  2.5215E-01
 -2.0144E+00 -1.7618E+00  2.5215E-01
  2.3436E+00 -8.0907E-01  2.3770E-01
 -2.4791E+00  3.7325E-02  2.3770E-01
 -2.0656E+00  1.1102E+00  2.2753E-01
  2.3448E+00 -3.0657E-02  2.2753E-01
 -4.9763E-02 -2.1458E+00  2.1196E-01
  1.7882E+00  1.1871E+00  2.1196E-01
  2.1761E-02 -1.9659E+00  1.9716E-01
 -5.3454E-01 -1.8920E+00  1.9716E-01
 -1.7213E+00 -6.6400E-01  1.8677E-01
 -1.8310E+00  2.2685E-01  1.8677E-01
  1.0843E+00  1.2701E+00  1.7095E-01
 -1.6568E+00 -2.0897E-01  1.7095E-01
 -5.0305E-01  1.4307E+00  1.5601E-01
 -7.7250E-01 -1.3051E+00  1.5601E-01
 -1.0301E-01  1.4138E+00  1.4557E-01
  1.1402E+00  8.4219E-01  1.4557E-01
 -9.0998E-01  9.0332E-01  1.2969E-01
  3.4157E-01 -1.2359E+00  1.2969E-01
  1.7353E-01 -1.1615E+00  1.1455E-01
  8.8459E-01  7.7243E-01  1.1455E-01
 -9.1290E-01 -6.3579E-01  1.0364E-01
  8.3815E-01  7.3152E-01  1.0364E-01
  8.4140E-01  6.1595E-01  8.5398E-02
  2.0560E-02  1.0426E+00  8.5398E-02
  2.6967E-01  1.0073E+00  8.5398E-02
  9.9523E-01  1.5322E-01  6.2008E-02
 -8.0659E-01  6.0281E-01  6.2008E-02
xxx
 -5.3209E+00 -2.3753E+00  4.4380E-01
 -7.5870E-02 -5.8265E+00  4.4380E-01
 -5.7839E+00  7.0718E-01  4.4380E-01
  5.8237E+00  1.9603E-01  4.4380E-01
 -3.1913E+00  4.8754E+00  4.4380E-01
  3.9037E+00  4.3261E+00  4.4380E-01
 -3.9943E+00  3.4434E+00  4.1372E-01
 -2.7715E+00 -4.4867E+00  4.1372E-01
 -3.0768E+00 -4.2831E+00  4.1372E-01
 -2.2002E+00  4.4565E+00  3.9673E-01
 -4.0444E+00  2.8887E+00  3.9673E-01
  4.8733E+00 -9.7606E-01  3.9673E-01
 -2.2026E+00 -4.1905E+00  3.8326E-01
 -2.2490E+00  4.0901E+00  3.7943E-01
  1.5990E-01 -4.6649E+00  3.7943E-01
 -8.5611E-01 -4.3465E+00  3.6554E-01
 -2.4152E+00 -3.7137E+00  3.6554E-01
 -3.2044E+00 -2.7304E+00  3.5243E-01
  4.0585E+00 -2.1873E-02  3.4326E-01
 -3.8530E+00 -1.2751E+00  3.4326E-01
 -3.6090E+00 -1.2739E+00  3.2899E-01
  3.1232E+00 -2.2120E+00  3.2899E-01
 -4.7842E-01 -3.5804E+00  3.1543E-01
  3.1216E+00 -1.5019E+00  3.0591E-01
 -1.5818E+00 -3.0819E+00  3.0591E-01
 -1.7247E+00  2.7434E+00  2.9121E-01
 -2.4392E+00 -2.1333E+00  2.9121E-01
  2.8667E+00 -9.8967E-01  2.7719E-01
 -3.0324E+00  4.5657E-02  2.7719E-01
 -2.5455E+00  1.3682E+00  2.6732E-01
  2.8896E+00 -3.7780E-02  2.6732E-01
 -6.2051E-02 -2.6756E+00  2.5216E-01
  2.2297E+00  1.4802E+00  2.5216E-01
  2.7444E-02 -2.4793E+00  2.3771E-01
 -6.7413E-01 -2.3861E+00  2.3771E-01
 -2.1879E+00 -8.4397E-01  2.2753E-01
 -2.3272E+00  2.8834E-01  2.2753E-01
  1.3936E+00  1.6324E+00  2.1196E-01
 -2.1295E+00 -2.6858E-01  2.1196E-01
 -6.5213E-01  1.8547E+00  1.9716E-01
 -1.0014E+00 -1.6919E+00  1.9716E-01
 -1.3406E-01  1.8401E+00  1.8677E-01
  1.4840E+00  1.0961E+00  1.8677E-01
 -1.1852E+00  1.1765E+00  1.7095E-01
  4.4486E-01 -1.6096E+00  1.7095E-01
  2.2410E-01 -1.4999E+00  1.5601E-01
  1.1424E+00  9.9753E-01  1.5601E-01
 -1.1632E+00 -8.1013E-01  1.4557E-01
  1.0680E+00  9.3212E-01  1.4557E-01
  1.0346E+00  7.5739E-01  1.2969E-01
  2.5281E-02  1.2820E+00  1.2969E-01
  3.3159E-01  1.2386E+00  1.2969E-01
  1.1607E+00  1.7870E-01  1.1455E-01
 -9.4069E-01  7.0303E-01  1.1455E-01
 -3.9255E-01 -1.0409E+00  1.0364E-01
  7.6195E-01  8.1059E-01  1.0364E-01
  5.5751E-01 -8.8121E-01  8.5398E-02
 -9.0755E-01 -5.1352E-01  8.5398E-02
  7.7765E-01  6.9470E-01  8.5398E-02
  5.1256E-01 -8.6674E-01  6.2008E-02
  5.5654E-01 -8.3918E-01  6.2008E-02
xxx
 -5.9009E+00 -2.6343E+00  4.7709E-01
 -8.4140E-02 -6.4617E+00  4.7709E-01
 -6.4144E+00  7.8427E-01  4.7709E-01
  6.4586E+00  2.1740E-01  4.7709E-01
 -3.5392E+00  5.4069E+00  4.7709E-01
  4.3293E+00  4.7977E+00  4.7709E-01
 -4.4707E+00  3.8542E+00  4.4783E-01
 -3.1021E+00 -5.0218E+00  4.4783E-01
 -3.4438E+00 -4.7939E+00  4.4783E-01
 -2.4769E+00  5.0170E+00  4.3132E-01
 -4.5530E+00  3.2520E+00  4.3132E-01
  5.4861E+00 -1.0988E+00  4.3132E-01
 -2.4918E+00 -4.7407E+00  4.1824E-01
 -2.5480E+00  4.6338E+00  4.1452E-01
  1.8116E-01 -5.2851E+00  4.1452E-01
 -9.7526E-01 -4.9514E+00  4.0104E-01
 -2.7513E+00 -4.2306E+00  4.0104E-01
 -3.6706E+00 -3.1276E+00  3.8833E-01
  4.6678E+00 -2.5157E-02  3.7944E-01
 -4.4315E+00 -1.4666E+00  3.7944E-01
 -4.1787E+00 -1.4750E+00  3.6562E-01
  3.6163E+00 -2.5612E+00  3.6562E-01
 -5.5772E-01 -4.1738E+00  3.5249E-01
  3.6574E+00 -1.7597E+00  3.4327E-01
 -1.8533E+00 -3.6109E+00  3.4327E-01
 -2.0374E+00  3.2408E+00  3.2904E-01
 -2.8814E+00 -2.5201E+00  3.2904E-01
  3.4150E+00 -1.1790E+00  3.1547E-01
 -3.6124E+00  5.4389E-02  3.1547E-01
 -3.0513E+00  1.6401E+00  3.0591E-01
  3.4638E+00 -4.5287E-02  3.0591E-01
 -7.5134E-02 -3.2397E+00  2.9122E-01
  2.6998E+00  1.7923E+00  2.9122E-01
  3.3569E-02 -3.0327E+00  2.7720E-01
 -8.2460E-01 -2.9186E+00  2.7720E-01
 -2.6962E+00 -1.0401E+00  2.6732E-01
 -2.8680E+00  3.5534E-01  2.6732E-01
  1.7377E+00  2.0354E+00  2.5216E-01
 -2.6553E+00 -3.3490E-01  2.5216E-01
 -8.2242E-01  2.3391E+00  2.3771E-01
 -1.2630E+00 -2.1337E+00  2.3771E-01
 -1.7040E-01  2.3388E+00  2.2753E-01
  1.8863E+00  1.3932E+00  2.2753E-01
 -1.5233E+00  1.5121E+00  2.1196E-01
  5.7176E-01 -2.0688E+00  2.1196E-01
  2.9051E-01 -1.9445E+00  1.9716E-01
  1.4809E+00  1.2932E+00  1.9716E-01
 -1.5140E+00 -1.0544E+00  1.8677E-01
  1.3900E+00  1.2132E+00  1.8677E-01
  1.3475E+00  9.8643E-01  1.7095E-01
  3.2926E-02  1.6696E+00  1.7095E-01
  4.3187E-01  1.6131E+00  1.7095E-01
  1.4989E+00  2.3077E-01  1.5601E-01
 -1.2148E+00  9.0790E-01  1.5601E-01
 -5.0019E-01 -1.3264E+00  1.4557E-01
  9.7089E-01  1.0329E+00  1.4557E-01
  6.8553E-01 -1.0836E+00  1.2969E-01
 -1.1159E+00 -6.3143E-01  1.2969E-01
  9.5622E-01  8.5422E-01  1.2969E-01
  5.9778E-01 -1.0108E+00  1.1455E-01
  6.4907E-01 -9.7870E-01  1.1455E-01
 -5.6338E-01 -9.5928E-01  1.0364E-01
 -9.4156E-01  5.9253E-01  1.0364E-01
 -9.5673E-02 -1.0384E+00  8.5398E-02
 -1.0141E+00  2.4263E-01  8.5398E-02
 -3.0687E-01 -9.9658E-01  8.5398E-02
  9.3080E-01 -3.8415E-01  6.2008E-02
  3.6178E-01 -9.3972E-01  6.2008E-02
xxx
 -6.4863E+00 -2.8956E+00  5.0953E-01
 -9.2487E-02 -7.1026E+00  5.0953E-01
 -7.0507E+00  8.6206E-01  5.0953E-01
  7.0992E+00  2.3896E-01  5.0953E-01
 -3.8903E+00  5.9432E+00  5.0953E-01
  4.7587E+00  5.2736E+00  5.0953E-01
 -4.9524E+00  4.2694E+00  4.8102E-01
 -3.4363E+00 -5.5629E+00  4.8102E-01
 -3.8149E+00 -5.3105E+00  4.8102E-01
 -2.7570E+00  5.5844E+00  4.6495E-01
 -5.0679E+00  3.6198E+00  4.6495E-01
  6.1066E+00 -1.2231E+00  4.6495E-01
 -2.7849E+00 -5.2984E+00  4.5223E-01
 -2.8512E+00  5.1852E+00  4.4861E-01
  2.0271E-01 -5.9139E+00  4.4861E-01
 -1.0963E+00 -5.5657E+00  4.3551E-01
 -3.0926E+00 -4.7554E+00  4.3551E-01
 -4.1447E+00 -3.5316E+00  4.2316E-01
  5.2884E+00 -2.8501E-02  4.1454E-01
 -5.0206E+00 -1.6615E+00  4.1454E-01
 -4.7601E+00 -1.6802E+00  4.0112E-01
  4.1194E+00 -2.9175E+00  4.0112E-01
 -6.3884E-01 -4.7809E+00  3.8839E-01
  4.2065E+00 -2.0239E+00  3.7945E-01
 -2.1316E+00 -4.1530E+00  3.7945E-01
 -2.3590E+00  3.7523E+00  3.6567E-01
 -3.3362E+00 -2.9179E+00  3.6567E-01
  3.9810E+00 -1.3743E+00  3.5253E-01
 -4.2111E+00  6.3403E-02  3.5253E-01
 -3.5750E+00  1.9216E+00  3.4327E-01
  4.0584E+00 -5.3060E-02  3.4327E-01
 -8.8756E-02 -3.8271E+00  3.2905E-01
  3.1894E+00  2.1173E+00  3.2905E-01
  3.9990E-02 -3.6127E+00  3.1548E-01
 -9.8231E-01 -3.4769E+00  3.1548E-01
 -3.2320E+00 -1.2467E+00  3.0591E-01
 -3.4378E+00  4.2595E-01  3.0591E-01
  2.1041E+00  2.4646E+00  2.9122E-01
 -3.2151E+00 -4.0551E-01  2.9122E-01
 -1.0060E+00  2.8612E+00  2.7720E-01
 -1.5449E+00 -2.6100E+00  2.7720E-01
 -2.0999E-01  2.8823E+00  2.6732E-01
  2.3246E+00  1.7169E+00  2.6732E-01
 -1.8994E+00  1.8855E+00  2.5216E-01
  7.1295E-01 -2.5796E+00  2.5216E-01
  3.6637E-01 -2.4522E+00  2.3771E-01
  1.8676E+00  1.6308E+00  2.3771E-01
 -1.9243E+00 -1.3402E+00  2.2753E-01
  1.7667E+00  1.5420E+00  2.2753E-01
  1.7319E+00  1.2678E+00  2.1196E-01
  4.2319E-02  2.1459E+00  2.1196E-01
  5.5507E-01  2.0733E+00  2.1196E-01
  1.9432E+00  2.9917E-01  1.9716E-01
 -1.5748E+00  1.1770E+00  1.9716E-01
 -6.5101E-01 -1.7263E+00  1.8677E-01
  1.2636E+00  1.3443E+00  1.8677E-01
  8.9283E-01 -1.4112E+00  1.7095E-01
 -1.4534E+00 -8.2238E-01  1.7095E-01
  1.2454E+00  1.1125E+00  1.7095E-01
  7.7197E-01 -1.3054E+00  1.5601E-01
  8.3822E-01 -1.2639E+00  1.5601E-01
 -7.1787E-01 -1.2223E+00  1.4557E-01
 -1.1997E+00  7.5501E-01  1.4557E-01
 -1.1764E-01 -1.2768E+00  1.2969E-01
 -1.2470E+00  2.9834E-01  1.2969E-01
 -3.7733E-01 -1.2254E+00  1.2969E-01
  1.0856E+00 -4.4801E-01  1.1455E-01
  4.2193E-01 -1.0960E+00  1.1455E-01
 -3.7765E-01 -1.0464E+00  1.0364E-01
  6.8160E-01 -8.7923E-01  1.0364E-01
 -3.5117E-01  1.0556E+00  1.0364E-01
 -7.6588E-01 -7.0765E-01  8.5398E-02
  1.0408E+00 -6.3911E-02  8.5398E-02
  9.1619E-01 -4.9794E-01  8.5398E-02
  9.1365E-01 -4.2333E-01  6.2008E-02
xxx
 -7.0760E+00 -3.1588E+00  5.4119E-01
 -1.0090E-01 -7.7484E+00  5.4119E-01
 -7.6918E+00  9.4044E-01  5.4119E-01
  7.7447E+00  2.6069E-01  5.4119E-01
 -4.2440E+00  6.4835E+00  5.4119E-01
  5.1914E+00  5.7530E+00  5.4119E-01
 -5.4384E+00  4.6884E+00  5.1336E-01
 -3.7735E+00 -6.1088E+00  5.1336E-01
 -4.1892E+00 -5.8316E+00  5.1336E-01
 -3.0399E+00  6.1574E+00  4.9769E-01
 -5.5879E+00  3.9912E+00  4.9769E-01
  6.7332E+00 -1.3486E+00  4.9769E-01
 -3.0812E+00 -5.8620E+00  4.8530E-01
 -3.1577E+00  5.7426E+00  4.8178E-01
  2.2451E-01 -6.5496E+00  4.8178E-01
 -1.2187E+00 -6.1873E+00  4.6903E-01
 -3.4381E+00 -5.2866E+00  4.6903E-01
 -4.6251E+00 -3.9409E+00  4.5701E-01
  5.9176E+00 -3.1892E-02  4.4862E-01
 -5.6180E+00 -1.8592E+00  4.4862E-01
 -5.3505E+00 -1.8886E+00  4.3559E-01
  4.6304E+00 -3.2794E+00  4.3559E-01
 -7.2134E-01 -5.3983E+00  4.2322E-01
  4.7657E+00 -2.2930E+00  4.1454E-01
 -2.4149E+00 -4.7051E+00  4.1454E-01
 -2.6871E+00  4.2743E+00  4.0117E-01
 -3.8004E+00 -3.3238E+00  4.0117E-01
  4.5600E+00 -1.5742E+00  3.8843E-01
 -4.8235E+00  7.2624E-02  3.8843E-01
 -4.1118E+00  2.2101E+00  3.7945E-01
  4.6677E+00 -6.1027E-02  3.7945E-01
 -1.0277E-01 -4.4312E+00  3.6568E-01
  3.6927E+00  2.4515E+00  3.6568E-01
  4.6617E-02 -4.2115E+00  3.5253E-01
 -1.1451E+00 -4.0531E+00  3.5253E-01
 -3.7868E+00 -1.4607E+00  3.4327E-01
 -4.0279E+00  4.9906E-01  3.4327E-01
  2.4856E+00  2.9115E+00  3.2905E-01
 -3.7981E+00 -4.7904E-01  3.2905E-01
 -1.1984E+00  3.4084E+00  3.1548E-01
 -1.8403E+00 -3.1091E+00  3.1548E-01
 -2.5172E-01  3.4550E+00  3.0591E-01
  2.7865E+00  2.0581E+00  3.0591E-01
 -2.2999E+00  2.2830E+00  2.9122E-01
  8.6326E-01 -3.1235E+00  2.9122E-01
  4.4815E-01 -2.9996E+00  2.7720E-01
  2.2845E+00  1.9949E+00  2.7720E-01
 -2.3714E+00 -1.6516E+00  2.6732E-01
  2.1773E+00  1.9003E+00  2.6732E-01
  2.1595E+00  1.5809E+00  2.5216E-01
  5.2769E-02  2.6758E+00  2.5216E-01
  6.9213E-01  2.5853E+00  2.5216E-01
  2.4506E+00  3.7729E-01  2.3771E-01
 -1.9861E+00  1.4843E+00  2.3771E-01
 -8.2746E-01 -2.1942E+00  2.2753E-01
  1.6061E+00  1.7087E+00  2.2753E-01
  1.1475E+00 -1.8138E+00  2.1196E-01
 -1.8680E+00 -1.0570E+00  2.1196E-01
  1.6007E+00  1.4299E+00  2.1196E-01
  1.0008E+00 -1.6923E+00  1.9716E-01
  1.0866E+00 -1.6385E+00  1.9716E-01
 -9.3432E-01 -1.5909E+00  1.8677E-01
 -1.5615E+00  9.8266E-01  1.8677E-01
 -1.5322E-01 -1.6629E+00  1.7095E-01
 -1.6241E+00  3.8856E-01  1.7095E-01
 -4.9144E-01 -1.5960E+00  1.7095E-01
  1.4019E+00 -5.7857E-01  1.5601E-01
  5.4488E-01 -1.4153E+00  1.5601E-01
 -4.8121E-01 -1.3334E+00  1.4557E-01
  8.6850E-01 -1.1203E+00  1.4557E-01
 -4.4746E-01  1.3451E+00  1.4557E-01
 -9.4175E-01 -8.7015E-01  1.2969E-01
  1.2798E+00 -7.8586E-02  1.2969E-01
  1.1266E+00 -6.1228E-01  1.2969E-01
  1.0655E+00 -4.9371E-01  1.1455E-01
 -1.0865E+00  2.3918E-01  1.0364E-01
 -8.0130E-01  7.7171E-01  1.0364E-01
 -6.9206E-01  8.7101E-01  1.0364E-01
 -7.6661E-01 -7.0686E-01  8.5398E-02
 -4.2164E-01  9.5371E-01  8.5398E-02
  3.2272E-01  9.9156E-01  8.5398E-02
  9.9846E-01 -1.3058E-01  6.2008E-02
xxx
 -7.6694E+00 -3.4238E+00  5.7212E-01
 -1.0936E-01 -8.3982E+00  5.7212E-01
 -8.3368E+00  1.0193E+00  5.7212E-01
  8.3941E+00  2.8255E-01  5.7212E-01
 -4.5999E+00  7.0273E+00  5.7212E-01
  5.6267E+00  6.2355E+00  5.7212E-01
 -5.9279E+00  5.1104E+00  5.4493E-01
 -4.1132E+00 -6.6587E+00  5.4493E-01
 -4.5663E+00 -6.3565E+00  5.4493E-01
 -3.3250E+00  6.7350E+00  5.2963E-01
 -6.1121E+00  4.3656E+00  5.2963E-01
  7.3648E+00 -1.4751E+00  5.2963E-01
 -3.3800E+00 -6.4306E+00  5.1754E-01
 -3.4669E+00  6.3049E+00  5.1410E-01
  2.4649E-01 -7.1910E+00  5.1410E-01
 -1.3423E+00 -6.8150E+00  5.0167E-01
 -3.7868E+00 -5.8229E+00  5.0167E-01
 -5.1104E+00 -4.3544E+00  4.8996E-01
  6.5537E+00 -3.5320E-02  4.8179E-01
 -6.2219E+00 -2.0591E+00  4.8179E-01
 -5.9480E+00 -2.0995E+00  4.6910E-01
  5.1475E+00 -3.6456E+00  4.6910E-01
 -8.0493E-01 -6.0239E+00  4.5707E-01
  5.3327E+00 -2.5658E+00  4.4863E-01
 -2.7022E+00 -5.2648E+00  4.4863E-01
 -3.0203E+00  4.8044E+00  4.3564E-01
 -4.2717E+00 -3.7360E+00  4.3564E-01
  5.1488E+00 -1.7775E+00  4.2326E-01
 -5.4464E+00  8.2002E-02  4.2326E-01
 -4.6584E+00  2.5039E+00  4.1455E-01
  5.2882E+00 -6.9139E-02  4.1455E-01
 -1.1706E-01 -5.0476E+00  4.0118E-01
  4.2064E+00  2.7925E+00  4.0118E-01
  5.3396E-02 -4.8239E+00  3.8844E-01
 -1.3116E+00 -4.6425E+00  3.8844E-01
 -4.3553E+00 -1.6800E+00  3.7945E-01
 -4.6327E+00  5.7399E-01  3.7945E-01
  2.8779E+00  3.3710E+00  3.6568E-01
 -4.3975E+00 -5.5465E-01  3.6568E-01
 -1.3970E+00  3.9733E+00  3.5253E-01
 -2.1453E+00 -3.6244E+00  3.5253E-01
 -2.9493E-01  4.0480E+00  3.4327E-01
  3.2647E+00  2.4114E+00  3.4327E-01
 -2.7169E+00  2.6970E+00  3.2905E-01
  1.0198E+00 -3.6898E+00  3.2905E-01
  5.3386E-01 -3.5733E+00  3.1548E-01
  2.7214E+00  2.3764E+00  3.1548E-01
 -2.8427E+00 -1.9798E+00  3.0591E-01
  2.6099E+00  2.2779E+00  3.0591E-01
  2.6148E+00  1.9142E+00  2.9122E-01
  6.3895E-02  3.2400E+00  2.9122E-01
  8.3806E-01  3.1304E+00  2.9122E-01
  2.9976E+00  4.6150E-01  2.7720E-01
 -2.4294E+00  1.8156E+00  2.7720E-01
 -1.0197E+00 -2.7040E+00  2.6732E-01
  1.9793E+00  2.1057E+00  2.6732E-01
  1.4309E+00 -2.2617E+00  2.5216E-01
 -2.3293E+00 -1.3180E+00  2.5216E-01
  1.9959E+00  1.7830E+00  2.5216E-01
  1.2621E+00 -2.1342E+00  2.3771E-01
  1.3704E+00 -2.0663E+00  2.3771E-01
 -1.1876E+00 -2.0221E+00  2.2753E-01
 -1.9847E+00  1.2490E+00  2.2753E-01
 -1.9693E-01 -2.1373E+00  2.1196E-01
 -2.0874E+00  4.9941E-01  2.1196E-01
 -6.3164E-01 -2.0513E+00  2.1196E-01
  1.8174E+00 -7.5003E-01  1.9716E-01
  7.0637E-01 -1.8348E+00  1.9716E-01
 -6.2630E-01 -1.7354E+00  1.8677E-01
  1.1304E+00 -1.4581E+00  1.8677E-01
 -5.8238E-01  1.7506E+00  1.8677E-01
 -1.2265E+00 -1.1333E+00  1.7095E-01
  1.6668E+00 -1.0235E-01  1.7095E-01
  1.4672E+00 -7.9744E-01  1.7095E-01
  1.3761E+00 -6.3759E-01  1.5601E-01
 -1.3844E+00  3.0477E-01  1.4557E-01
 -1.0210E+00  9.8332E-01  1.4557E-01
 -8.8184E-01  1.1099E+00  1.4557E-01
 -9.4265E-01 -8.6917E-01  1.2969E-01
 -5.1846E-01  1.1727E+00  1.2969E-01
  3.9683E-01  1.2193E+00  1.2969E-01
  1.1645E+00 -1.5229E-01  1.1455E-01
  7.6400E-01  8.0866E-01  1.0364E-01
  6.3005E-01 -9.1687E-01  1.0364E-01
 -1.0941E+00 -2.0140E-01  1.0364E-01
  8.4645E-01 -6.0899E-01  8.5398E-02
  7.8469E-01  6.8674E-01  8.5398E-02
 -6.7831E-01 -7.4422E-01  6.2008E-02
xxx
 -8.2659E+00 -3.6901E+00  6.0239E-01
 -1.1786E-01 -9.0514E+00  6.0239E-01
 -8.9852E+00  1.0986E+00  6.0239E-01
  9.0470E+00  3.0453E-01  6.0239E-01
 -4.9577E+00  7.5738E+00  6.0239E-01
  6.0644E+00  6.7205E+00  6.0239E-01
 -6.4204E+00  5.5350E+00  5.7578E-01
 -4.4549E+00 -7.2119E+00  5.7578E-01
 -4.9457E+00 -6.8846E+00  5.7578E-01
 -3.6121E+00  7.3164E+00  5.6082E-01
 -6.6397E+00  4.7425E+00  5.6082E-01
  8.0006E+00 -1.6024E+00  5.6082E-01
 -3.6810E+00 -7.0032E+00  5.4901E-01
 -3.7784E+00  6.8714E+00  5.4565E-01
  2.6864E-01 -7.8371E+00  5.4565E-01
 -1.4669E+00 -7.4475E+00  5.3351E-01
 -4.1383E+00 -6.3633E+00  5.3351E-01
 -5.5999E+00 -4.7715E+00  5.2208E-01
  7.1954E+00 -3.8779E-02  5.1411E-01
 -6.8312E+00 -2.2607E+00  5.1411E-01
 -6.5513E+00 -2.3124E+00  5.0174E-01
  5.6695E+00 -4.0154E+00  5.0174E-01
 -8.8938E-01 -6.6559E+00  4.9002E-01
  5.9059E+00 -2.8416E+00  4.8180E-01
 -2.9927E+00 -5.8308E+00  4.8180E-01
 -3.3576E+00  5.3408E+00  4.6915E-01
 -4.7486E+00 -4.1531E+00  4.6915E-01
  5.7454E+00 -1.9834E+00  4.5710E-01
 -6.0774E+00  9.1503E-02  4.5710E-01
 -5.2126E+00  2.8017E+00  4.4863E-01
  5.9173E+00 -7.7365E-02  4.4863E-01
 -1.3158E-01 -5.6736E+00  4.3565E-01
  4.7281E+00  3.1388E+00  4.3565E-01
  6.0291E-02 -5.4468E+00  4.2327E-01
 -1.4810E+00 -5.2420E+00  4.2327E-01
 -4.9342E+00 -1.9034E+00  4.1455E-01
 -5.2485E+00  6.5029E-01  4.1455E-01
  3.2783E+00  3.8399E+00  4.0118E-01
 -5.0093E+00 -6.3180E-01  4.0118E-01
 -1.6002E+00  4.5511E+00  3.8844E-01
 -2.4573E+00 -4.1515E+00  3.8844E-01
 -3.3921E-01  4.6558E+00  3.7945E-01
  3.7549E+00  2.7734E+00  3.7945E-01
 -3.1457E+00  3.1226E+00  3.6568E-01
  1.1807E+00 -4.2722E+00  3.6568E-01
  6.2234E-01 -4.1655E+00  3.5253E-01
  3.1725E+00  2.7702E+00  3.5253E-01
 -3.3306E+00 -2.3196E+00  3.4327E-01
  3.0578E+00  2.6689E+00  3.4327E-01
  3.0889E+00  2.2613E+00  3.2905E-01
  7.5480E-02  3.8274E+00  3.2905E-01
  9.9001E-01  3.6979E+00  3.2905E-01
  3.5709E+00  5.4977E-01  3.1548E-01
 -2.8940E+00  2.1629E+00  3.1548E-01
 -1.2223E+00 -3.2413E+00  3.0591E-01
  2.3726E+00  2.5241E+00  3.0591E-01
  1.7326E+00 -2.7386E+00  2.9122E-01
 -2.8204E+00 -1.5959E+00  2.9122E-01
  2.4167E+00  2.1589E+00  2.9122E-01
  1.5438E+00 -2.6106E+00  2.7720E-01
  1.6763E+00 -2.5276E+00  2.7720E-01
 -1.4635E+00 -2.4919E+00  2.6732E-01
 -2.4459E+00  1.5392E+00  2.6732E-01
 -2.4555E-01 -2.6650E+00  2.5216E-01
 -2.6029E+00  6.2272E-01  2.5216E-01
 -7.8760E-01 -2.5578E+00  2.5216E-01
  2.2919E+00 -9.4590E-01  2.3771E-01
  8.9083E-01 -2.3139E+00  2.3771E-01
 -7.9606E-01 -2.2058E+00  2.2753E-01
  1.4368E+00 -1.8533E+00  2.2753E-01
 -7.4023E-01  2.2251E+00  2.2753E-01
 -1.5764E+00 -1.4566E+00  2.1196E-01
  2.1423E+00 -1.3155E-01  2.1196E-01
  1.8858E+00 -1.0249E+00  2.1196E-01
  1.7839E+00 -8.2654E-01  1.9716E-01
 -1.8018E+00  3.9666E-01  1.8677E-01
 -1.3289E+00  1.2798E+00  1.8677E-01
 -1.1477E+00  1.4445E+00  1.8677E-01
 -1.2277E+00 -1.1320E+00  1.7095E-01
 -6.7525E-01  1.5273E+00  1.7095E-01
  5.1683E-01  1.5880E+00  1.7095E-01
  1.5038E+00 -1.9667E-01  1.5601E-01
  9.7350E-01  1.0304E+00  1.4557E-01
  8.0282E-01 -1.1683E+00  1.4557E-01
 -1.3941E+00 -2.5663E-01  1.4557E-01
  1.0408E+00 -7.4883E-01  1.2969E-01
  9.6488E-01  8.4443E-01  1.2969E-01
 -7.9109E-01 -8.6795E-01  1.1455E-01
  5.9376E-01  9.4078E-01  1.0364E-01
  4.0788E-01  1.0350E+00  1.0364E-01
  4.0724E-01 -1.0353E+00  1.0364E-01
  4.8075E-01 -9.2533E-01  8.5398E-02
  5.5589E-01  8.8223E-01  8.5398E-02
 -1.0014E-01  1.0020E+00  6.2008E-02
xxx
 -8.8651E+00 -3.9576E+00  6.3204E-01
 -1.2641E-01 -9.7076E+00  6.3204E-01
 -9.6366E+00  1.1782E+00  6.3204E-01
  9.7029E+00  3.2660E-01  6.3204E-01
 -5.3171E+00  8.1229E+00  6.3204E-01
  6.5040E+00  7.2077E+00  6.3204E-01
 -6.9155E+00  5.9618E+00  6.0597E-01
 -4.7985E+00 -7.7680E+00  6.0597E-01
 -5.3271E+00 -7.4155E+00  6.0597E-01
 -3.9008E+00  7.9011E+00  5.9133E-01
 -7.1703E+00  5.1215E+00  5.9133E-01
  8.6400E+00 -1.7305E+00  5.9133E-01
 -3.9837E+00 -7.5792E+00  5.7977E-01
 -4.0918E+00  7.4413E+00  5.7649E-01
  2.9092E-01 -8.4871E+00  5.7649E-01
 -1.5923E+00 -8.0842E+00  5.6461E-01
 -4.4921E+00 -6.9073E+00  5.6461E-01
 -6.0927E+00 -5.1914E+00  5.5345E-01
  7.8419E+00 -4.2262E-02  5.4566E-01
 -7.4449E+00 -2.4638E+00  5.4566E-01
 -7.1592E+00 -2.5270E+00  5.3358E-01
  6.1956E+00 -4.3880E+00  5.3358E-01
 -9.7455E-01 -7.2933E+00  5.2214E-01
  6.4842E+00 -3.1198E+00  5.1412E-01
 -3.2857E+00 -6.4017E+00  5.1412E-01
 -3.6981E+00  5.8824E+00  5.0179E-01
 -5.2301E+00 -4.5743E+00  5.0179E-01
  6.3481E+00 -2.1915E+00  4.9005E-01
 -6.7150E+00  1.0110E-01  4.9005E-01
 -5.7729E+00  3.1029E+00  4.8180E-01
  6.5534E+00 -8.5681E-02  4.8180E-01
 -1.4627E-01 -6.3070E+00  4.6916E-01
  5.2560E+00  3.4893E+00  4.6916E-01
  6.7276E-02 -6.0779E+00  4.5711E-01
 -1.6526E+00 -5.8493E+00  4.5711E-01
 -5.5213E+00 -2.1298E+00  4.4863E-01
 -5.8729E+00  7.2765E-01  4.4863E-01
  3.6848E+00  4.3161E+00  4.3564E-01
 -5.6305E+00 -7.1015E-01  4.3564E-01
 -1.8068E+00  5.1388E+00  4.2327E-01
 -2.7746E+00 -4.6875E+00  4.2327E-01
 -3.8430E-01  5.2747E+00  4.1455E-01
  4.2541E+00  3.1421E+00  4.1455E-01
 -3.5833E+00  3.5570E+00  4.0118E-01
  1.3450E+00 -4.8665E+00  4.0118E-01
  7.1284E-01 -4.7713E+00  3.8844E-01
  3.6338E+00  3.1731E+00  3.8844E-01
 -3.8306E+00 -2.6678E+00  3.7945E-01
  3.5170E+00  3.0696E+00  3.7945E-01
  3.5765E+00  2.6182E+00  3.6568E-01
  8.7393E-02  4.4315E+00  3.6568E-01
  1.1463E+00  4.2816E+00  3.6568E-01
  4.1627E+00  6.4088E-01  3.5253E-01
 -3.3737E+00  2.5213E+00  3.5253E-01
 -1.4322E+00 -3.7977E+00  3.4327E-01
  2.7799E+00  2.9573E+00  3.4327E-01
  2.0467E+00 -3.2351E+00  3.2905E-01
 -3.3318E+00 -1.8852E+00  3.2905E-01
  2.8549E+00  2.5504E+00  3.2905E-01
  1.8391E+00 -3.1099E+00  3.1548E-01
  1.9969E+00 -3.0110E+00  3.1548E-01
 -1.7543E+00 -2.9871E+00  3.0591E-01
 -2.9319E+00  1.8451E+00  3.0591E-01
 -2.9732E-01 -3.2269E+00  2.9122E-01
 -3.1517E+00  7.5402E-01  2.9122E-01
 -9.5366E-01 -3.0971E+00  2.9122E-01
  2.8035E+00 -1.1570E+00  2.7720E-01
  1.0897E+00 -2.8304E+00  2.7720E-01
 -9.8102E-01 -2.7183E+00  2.6732E-01
  1.7706E+00 -2.2840E+00  2.6732E-01
 -9.1223E-01  2.7421E+00  2.6732E-01
 -1.9657E+00 -1.8162E+00  2.5216E-01
  2.6713E+00 -1.6403E-01  2.5216E-01
  2.3515E+00 -1.2780E+00  2.5216E-01
  2.2497E+00 -1.0424E+00  2.3771E-01
 -2.2902E+00  5.0418E-01  2.2753E-01
 -1.6891E+00  1.6267E+00  2.2753E-01
 -1.4588E+00  1.8360E+00  2.2753E-01
 -1.5779E+00 -1.4550E+00  2.1196E-01
 -8.6788E-01  1.9631E+00  2.1196E-01
  6.6427E-01  2.0410E+00  2.1196E-01
  1.9495E+00 -2.5495E-01  1.9716E-01
  1.2670E+00  1.3411E+00  1.8677E-01
  1.0449E+00 -1.5206E+00  1.8677E-01
 -1.8145E+00 -3.3401E-01  1.8677E-01
  1.3556E+00 -9.7528E-01  1.7095E-01
  1.2567E+00  1.0998E+00  1.7095E-01
 -1.0216E+00 -1.1209E+00  1.5601E-01
  7.5658E-01  1.1988E+00  1.4557E-01
  5.1973E-01  1.3188E+00  1.4557E-01
  5.1891E-01 -1.3192E+00  1.4557E-01
  5.9114E-01 -1.1378E+00  1.2969E-01
  6.8353E-01  1.0848E+00  1.2969E-01
 -1.1679E-01  1.1685E+00  1.1455E-01
 -1.0502E+00 -3.6709E-01  1.0364E-01
  6.6096E-01  8.9485E-01  1.0364E-01
 -8.3811E-01 -7.3157E-01  1.0364E-01
  8.4946E-01 -6.0479E-01  8.5398E-02
  5.7731E-01  8.6837E-01  8.5398E-02
  6.6367E-01  7.5731E-01  6.2008E-02
xxx
