r | th | ph | R
Nclumps0          794
  2.7270E+00  1.5708E+00  3.5615E+00  6.1481E-02
  5.8625E+00  1.5708E+00  4.6994E+00  1.0241E-01
  4.5622E+00  1.5708E+00  3.0199E+00  8.6643E-02
  6.6058E+00  1.5708E+00  3.3648E-02  1.1089E-01
  6.4977E+00  1.5708E+00  2.1504E+00  1.0968E-01
  2.6950E+00  1.5708E+00  8.3667E-01  6.0999E-02
  4.4406E+00  1.5708E+00  2.4301E+00  8.5096E-02
  8.5973E+00  1.5708E+00  4.1590E+00  1.3219E-01
  9.7089E+00  1.5708E+00  4.0894E+00  1.4335E-01
  1.9885E+00  1.5708E+00  2.0294E+00  4.9809E-02
  2.8836E+00  1.5708E+00  2.5214E+00  6.3812E-02
  7.9516E+00  1.5708E+00  6.0855E+00  1.2548E-01
  6.1599E+00  1.5708E+00  4.2285E+00  1.0584E-01
  8.9256E+00  1.5708E+00  2.0735E+00  1.3553E-01
  7.5144E+00  1.5708E+00  4.7467E+00  1.2084E-01
  8.4091E+00  1.5708E+00  4.5179E+00  1.3025E-01
  3.8902E+00  1.5708E+00  4.1358E+00  7.7911E-02
  6.1601E+00  1.5708E+00  3.8473E+00  1.0585E-01
  2.8128E+00  1.5708E+00  6.2778E+00  6.2764E-02
  5.3175E+00  1.5708E+00  3.4612E+00  9.5960E-02
  5.6375E+00  1.5708E+00  3.4809E+00  9.9772E-02
  4.1051E+00  1.5708E+00  5.6670E+00  8.0754E-02
  3.9077E+00  1.5708E+00  4.5796E+00  7.8145E-02
  7.4175E+00  1.5708E+00  5.8347E+00  1.1980E-01
  5.6233E+00  1.5708E+00  4.2382E+00  9.9604E-02
  3.1608E+00  1.5708E+00  2.1320E+00  6.7839E-02
  4.8830E+00  1.5708E+00  3.8602E+00  9.0659E-02
  9.0521E+00  1.5708E+00  5.9508E+00  1.3681E-01
  9.3520E+00  1.5708E+00  3.1265E+00  1.3981E-01
  2.7550E+00  1.5708E+00  2.6484E+00  6.1901E-02
  1.8444E+00  1.5708E+00  6.2701E+00  4.7372E-02
  7.6761E+00  1.5708E+00  4.6892E+00  1.2257E-01
  1.6849E+00  1.5708E+00  5.8606E-01  4.4600E-02
  1.5187E+00  1.5708E+00  4.7235E+00  4.1616E-02
  7.7327E+00  1.5708E+00  4.4370E+00  1.2317E-01
  6.8361E+00  1.5708E+00  3.5098E+00  1.1345E-01
  2.4949E+00  1.5708E+00  3.0183E+00  5.7941E-02
  6.3381E+00  1.5708E+00  8.6414E-01  1.0788E-01
  8.2842E+00  1.5708E+00  3.2671E+00  1.2896E-01
  4.2323E+00  1.5708E+00  1.9089E+00  8.2414E-02
  3.4327E+00  1.5708E+00  4.1779E+00  7.1677E-02
  5.2949E+00  1.5708E+00  1.6435E+00  9.5688E-02
  9.6790E+00  1.5708E+00  6.3617E-01  1.4306E-01
  5.7852E+00  1.5708E+00  2.3599E+00  1.0151E-01
  2.8530E+00  1.5708E+00  4.9820E+00  6.3361E-02
  5.3430E+00  1.5708E+00  4.8607E+00  9.6266E-02
  3.9644E+00  1.5708E+00  7.1782E-01  7.8898E-02
  4.2688E+00  1.5708E+00  3.7499E+00  8.2888E-02
  1.3485E+00  1.5708E+00  7.1758E-01  3.8445E-02
  1.2666E+00  1.5708E+00  6.3192E-01  3.6874E-02
  3.4875E+00  1.5708E+00  1.5511E+00  7.2437E-02
  3.6042E+00  1.5708E+00  1.3092E+00  7.4044E-02
  4.8927E+00  1.5708E+00  1.5276E-01  9.0779E-02
  6.3208E+00  1.5708E+00  2.4998E+00  1.0768E-01
  1.1688E+00  1.5708E+00  4.3518E+00  3.4949E-02
  4.3719E+00  1.5708E+00  8.1632E-01  8.4216E-02
  3.3882E+00  1.5708E+00  5.2765E+00  7.1055E-02
  1.4327E+00  1.5708E+00  3.6565E+00  4.0030E-02
  2.2933E+00  1.5708E+00  7.2912E-01  5.4776E-02
  5.8522E+00  1.5708E+00  5.2464E+00  1.0229E-01
  5.6388E+00  1.5708E+00  5.2980E+00  9.9787E-02
  9.1122E+00  1.5708E+00  4.1814E+00  1.3741E-01
  8.2146E+00  1.5708E+00  2.5799E+00  1.2824E-01
  5.3590E+00  1.5708E+00  4.6205E+00  9.6459E-02
  9.6604E+00  1.5708E+00  2.9068E+00  1.4287E-01
  8.2064E+00  1.5708E+00  4.4137E+00  1.2815E-01
  7.4218E+00  1.5708E+00  5.8918E+00  1.1985E-01
  7.7649E+00  1.5708E+00  5.0799E+00  1.2351E-01
  6.2372E+00  1.5708E+00  4.3660E+00  1.0673E-01
  1.3251E+00  1.5708E+00  5.3718E+00  3.7999E-02
  3.3296E+00  1.5708E+00  1.8919E+00  7.0234E-02
  3.3719E+00  1.5708E+00  3.8875E+00  7.0827E-02
  6.8946E+00  1.5708E+00  6.2219E+00  1.1410E-01
  4.6949E+00  1.5708E+00  5.7854E+00  8.8315E-02
  1.0497E+00  1.5708E+00  5.8493E+00  3.2532E-02
  9.5553E+00  1.5708E+00  2.9249E+00  1.4183E-01
  3.6772E+00  1.5708E+00  2.3750E+00  7.5040E-02
  7.3504E+00  1.5708E+00  2.2422E+00  1.1908E-01
  5.1354E+00  1.5708E+00  3.8865E+00  9.3756E-02
  7.6788E+00  1.5708E+00  1.9871E+00  1.2260E-01
  3.7439E+00  1.5708E+00  1.2561E+00  7.5945E-02
  9.3245E+00  1.5708E+00  6.1531E+00  1.3954E-01
  7.7743E+00  1.5708E+00  8.1379E-01  1.2361E-01
  2.5422E+00  1.5708E+00  5.3145E+00  5.8672E-02
  4.6837E+00  1.5708E+00  3.3236E+00  8.8174E-02
  5.9509E+00  1.5708E+00  5.6595E+00  1.0344E-01
  5.4038E+00  1.5708E+00  7.1892E-01  9.6995E-02
  1.6260E+00  1.5708E+00  3.9733E+00  4.3553E-02
  1.8555E+00  1.5708E+00  1.0078E+00  4.7562E-02
  1.7257E+00  1.5708E+00  1.1954E+00  4.5317E-02
  4.2861E+00  1.5708E+00  5.0872E+00  8.3111E-02
  5.4149E+00  1.5708E+00  5.1915E+00  9.7128E-02
  6.9244E+00  1.5708E+00  1.0085E+00  1.1443E-01
  9.6204E+00  1.5708E+00  1.6704E+00  1.4248E-01
  9.8250E+00  1.5708E+00  3.4779E+00  1.4449E-01
  7.0641E+00  1.5708E+00  9.3461E-01  1.1596E-01
  9.2626E+00  1.5708E+00  3.8592E+00  1.3892E-01
  7.6337E+00  1.5708E+00  5.6645E+00  1.2212E-01
  6.0733E+00  1.5708E+00  9.8407E-01  1.0485E-01
  3.2166E+00  1.5708E+00  8.5120E-01  6.8635E-02
  7.4898E+00  1.5708E+00  2.0201E+00  1.2058E-01
  1.0549E+00  1.5708E+00  4.5849E+00  3.2641E-02
  5.0878E+00  1.5708E+00  5.2083E+00  9.3176E-02
  8.4186E+00  1.5708E+00  1.9379E+00  1.3035E-01
  5.6075E+00  1.5708E+00  1.4668E+00  9.9417E-02
  8.2787E+00  1.5708E+00  1.6219E+00  1.2890E-01
  7.7394E+00  1.5708E+00  3.3782E+00  1.2324E-01
  7.0244E+00  1.5708E+00  3.0839E+00  1.1553E-01
  8.1885E+00  1.5708E+00  1.4801E+00  1.2796E-01
  7.7822E+00  1.5708E+00  3.8150E+00  1.2369E-01
  8.4313E+00  1.5708E+00  5.3331E+00  1.3048E-01
  2.6764E+00  1.5708E+00  1.6262E+00  6.0719E-02
  6.0067E+00  1.5708E+00  3.5301E+00  1.0408E-01
  3.7176E+00  1.5708E+00  6.1479E+00  7.5589E-02
  2.7342E+00  1.5708E+00  4.5283E+00  6.1590E-02
  4.1105E+00  1.5708E+00  5.7170E+00  8.0826E-02
  1.7882E+00  1.5708E+00  6.0298E+00  4.6405E-02
  9.1383E+00  1.5708E+00  3.9793E+00  1.3768E-01
  1.5350E+00  1.5708E+00  1.0979E+00  4.1914E-02
  7.4272E+00  1.5708E+00  3.8867E+00  1.1990E-01
  1.2520E+00  1.5708E+00  1.5233E+00  3.6590E-02
  4.9168E+00  1.5708E+00  2.4568E+00  9.1076E-02
  3.6709E+00  1.5708E+00  4.7356E+00  7.4955E-02
  9.4208E+00  1.5708E+00  4.4024E+00  1.4050E-01
  1.7409E+00  1.5708E+00  4.7285E+00  4.5583E-02
  3.7315E+00  1.5708E+00  5.4732E+00  7.5777E-02
  9.9067E+00  1.5708E+00  6.0141E+00  1.4529E-01
  1.2653E+00  1.5708E+00  3.6411E+00  3.6848E-02
  7.9313E+00  1.5708E+00  5.2777E+00  1.2527E-01
  8.3990E+00  1.5708E+00  4.4582E+00  1.3015E-01
  4.1404E+00  1.5708E+00  1.5734E-01  8.1217E-02
  5.5488E+00  1.5708E+00  4.3279E+00  9.8722E-02
  9.9197E+00  1.5708E+00  5.8605E+00  1.4542E-01
  9.9433E+00  1.5708E+00  3.1350E+00  1.4565E-01
  7.1674E+00  1.5708E+00  1.0799E+00  1.1709E-01
  2.9783E+00  1.5708E+00  1.9266E+00  6.5203E-02
  7.3340E+00  1.5708E+00  4.7260E+00  1.1890E-01
  3.3543E+00  1.5708E+00  5.5157E-01  7.0580E-02
  4.3950E+00  1.5708E+00  4.8969E+00  8.4513E-02
  7.1794E+00  1.5708E+00  1.9577E+00  1.1722E-01
  8.9411E+00  1.5708E+00  3.1780E+00  1.3569E-01
  1.9454E+00  1.5708E+00  3.6922E+00  4.9087E-02
  7.8529E+00  1.5708E+00  1.8529E+00  1.2444E-01
  5.4643E+00  1.5708E+00  6.1258E+00  9.7717E-02
  6.2089E+00  1.5708E+00  4.7632E+00  1.0640E-01
  5.6765E+00  1.5708E+00  1.5488E+00  1.0023E-01
  6.3273E+00  1.5708E+00  3.8834E+00  1.0775E-01
  4.8182E+00  1.5708E+00  6.2341E+00  8.9855E-02
  8.0399E+00  1.5708E+00  5.9520E+00  1.2641E-01
  5.6284E+00  1.5708E+00  4.3990E+00  9.9664E-02
  6.4184E+00  1.5708E+00  2.7746E+00  1.0878E-01
  8.1893E+00  1.5708E+00  5.6402E+00  1.2797E-01
  1.4370E+00  1.5708E+00  2.7306E+00  4.0109E-02
  8.1095E+00  1.5708E+00  1.9439E+00  1.2714E-01
  1.2105E+00  1.5708E+00  4.3338E+00  3.5776E-02
  5.2899E+00  1.5708E+00  2.4640E+00  9.5627E-02
  5.2048E+00  1.5708E+00  3.6190E+00  9.4599E-02
  6.4846E+00  1.5708E+00  8.9707E-01  1.0953E-01
  1.1975E+00  1.5708E+00  1.0078E+00  3.5519E-02
  6.3525E+00  1.5708E+00  4.5448E+00  1.0804E-01
  2.6853E+00  1.5708E+00  1.2504E+00  6.0853E-02
  6.6088E+00  1.5708E+00  6.2428E+00  1.1093E-01
  4.5998E+00  1.5708E+00  1.5763E+00  8.7118E-02
  1.4579E+00  1.5708E+00  1.2301E+00  4.0497E-02
  2.6036E+00  1.5708E+00  2.8075E-01  5.9612E-02
  8.2722E+00  1.5708E+00  4.2181E-01  1.2883E-01
  3.3238E+00  1.5708E+00  8.6280E-01  7.0152E-02
  1.7256E+00  1.5708E+00  1.9223E+00  4.5316E-02
  3.3095E+00  1.5708E+00  4.1699E+00  6.9950E-02
  8.6979E+00  1.5708E+00  4.7355E+00  1.3322E-01
  8.6944E+00  1.5708E+00  1.3885E+00  1.3318E-01
  6.2863E+00  1.5708E+00  3.8643E+00  1.0729E-01
  9.6069E+00  1.5708E+00  3.5135E+00  1.4234E-01
  8.2735E+00  1.5708E+00  2.1212E+00  1.2885E-01
  2.7865E+00  1.5708E+00  3.5797E+00  6.2372E-02
  9.1517E+00  1.5708E+00  4.0727E+00  1.3781E-01
  6.8493E+00  1.5708E+00  1.0706E+00  1.1360E-01
  3.7653E+00  1.5708E+00  2.7694E+00  7.6234E-02
  3.9872E+00  1.5708E+00  2.4835E+00  7.9200E-02
  7.0210E+00  1.5708E+00  1.8780E+00  1.1549E-01
  6.1723E+00  1.5708E+00  1.2082E+00  1.0599E-01
  1.1834E+00  1.5708E+00  4.3395E+00  3.5241E-02
  4.3421E+00  1.5708E+00  9.0315E-01  8.3833E-02
  6.2335E+00  1.5708E+00  3.6171E+00  1.0669E-01
  9.5655E+00  1.5708E+00  4.8713E+00  1.4193E-01
  6.1887E+00  1.5708E+00  5.5073E+00  1.0617E-01
  6.9646E+00  1.5708E+00  2.1018E+00  1.1487E-01
  7.2718E+00  1.5708E+00  8.2698E-01  1.1823E-01
  1.8343E+00  1.5708E+00  3.4047E+00  4.7199E-02
  4.1554E+00  1.5708E+00  2.8832E+00  8.1413E-02
  5.9825E+00  1.5708E+00  3.1720E+00  1.0380E-01
  4.1072E+00  1.5708E+00  3.4572E+00  8.0781E-02
  3.6689E+00  1.5708E+00  1.2637E+00  7.4927E-02
  7.7590E+00  1.5708E+00  6.0953E+00  1.2345E-01
  5.2211E+00  1.5708E+00  1.7134E+00  9.4796E-02
  9.2304E+00  1.5708E+00  2.5054E+00  1.3860E-01
  7.4090E+00  1.5708E+00  5.3576E-01  1.1971E-01
  7.5919E+00  1.5708E+00  5.4216E+00  1.2167E-01
  7.7864E+00  1.5708E+00  4.3633E+00  1.2374E-01
  6.4471E+00  1.5708E+00  5.3718E-01  1.0911E-01
  1.9435E+00  1.5708E+00  3.7225E+00  4.9054E-02
  4.4166E+00  1.5708E+00  4.7248E-01  8.4790E-02
  1.7937E+00  1.5708E+00  5.7371E+00  4.6499E-02
  9.5091E+00  1.5708E+00  2.8448E+00  1.4138E-01
  8.1565E+00  1.5708E+00  1.7818E-01  1.2763E-01
  3.1713E+00  1.5708E+00  4.8234E+00  6.7989E-02
  5.2608E+00  1.5708E+00  5.9344E+00  9.5276E-02
  3.4935E+00  1.5708E+00  3.3393E+00  7.2520E-02
  6.2891E+00  1.5708E+00  1.9652E+00  1.0732E-01
  2.8330E+00  1.5708E+00  2.1525E+00  6.3065E-02
  2.4296E+00  1.5708E+00  5.3358E+00  5.6926E-02
  9.6522E+00  1.5708E+00  2.7704E+00  1.4279E-01
  6.9484E+00  1.5708E+00  2.8665E+00  1.1469E-01
  8.5746E+00  1.5708E+00  4.5740E+00  1.3196E-01
  4.7201E+00  1.5708E+00  4.5493E+00  8.8631E-02
  8.5983E+00  1.5708E+00  1.6521E-01  1.3220E-01
  9.3348E+00  1.5708E+00  1.2390E+00  1.3964E-01
  2.4490E+00  1.5708E+00  3.3417E+00  5.7229E-02
  4.4244E+00  1.5708E+00  2.8409E+00  8.4889E-02
  4.0211E+00  1.5708E+00  6.1960E+00  7.9649E-02
  6.0763E+00  1.5708E+00  6.0274E+00  1.0488E-01
  6.4252E+00  1.5708E+00  4.4248E+00  1.0886E-01
  2.1042E+00  1.5708E+00  4.5463E+00  5.1722E-02
  3.9471E+00  1.5708E+00  2.7984E+00  7.8668E-02
  8.5826E+00  1.5708E+00  5.7945E+00  1.3204E-01
  4.0235E+00  1.5708E+00  2.6812E+00  7.9680E-02
  1.1647E+00  1.5708E+00  4.5830E+00  3.4867E-02
  8.9181E+00  1.5708E+00  3.5087E+00  1.3546E-01
  3.3384E+00  1.5708E+00  2.4072E+00  7.0357E-02
  8.9229E+00  1.5708E+00  1.9797E+00  1.3550E-01
  6.8323E+00  1.5708E+00  3.0148E-01  1.1341E-01
  4.1026E+00  1.5708E+00  4.6328E+00  8.0722E-02
  5.2103E+00  1.5708E+00  1.9351E+00  9.4666E-02
  9.7718E+00  1.5708E+00  5.1277E+00  1.4397E-01
  4.4491E+00  1.5708E+00  5.4349E+00  8.5205E-02
  2.3928E+00  1.5708E+00  3.2175E+00  5.6349E-02
  2.5710E+00  1.5708E+00  3.0967E+00  5.9113E-02
  7.4454E+00  1.5708E+00  2.7968E+00  1.2010E-01
  4.2926E+00  1.5708E+00  3.4377E-01  8.3195E-02
  6.5545E+00  1.5708E+00  5.7757E+00  1.1032E-01
  3.0061E+00  1.5708E+00  1.5637E+00  6.5608E-02
  5.0185E+00  1.5708E+00  6.2748E+00  9.2328E-02
  7.3751E+00  1.5708E+00  1.1293E+00  1.1934E-01
  3.3148E+00  1.5708E+00  1.5328E+00  7.0026E-02
  6.7737E+00  1.5708E+00  5.1410E+00  1.1276E-01
  1.8785E+00  1.5708E+00  6.2081E+00  4.7953E-02
  8.6477E+00  1.5708E+00  5.0781E+00  1.3270E-01
  9.3360E+00  1.5708E+00  6.0963E+00  1.3966E-01
  2.2457E+00  1.5708E+00  3.9798E+00  5.4015E-02
  3.8785E+00  1.5708E+00  4.8285E+00  7.7755E-02
  9.2941E+00  1.5708E+00  3.4680E+00  1.3924E-01
  7.1212E+00  1.5708E+00  2.3704E+00  1.1659E-01
  6.4230E+00  1.5708E+00  3.9249E+00  1.0884E-01
  2.0783E+00  1.5708E+00  1.3296E+00  5.1297E-02
  3.6165E+00  1.5708E+00  2.2846E+00  7.4213E-02
  8.6534E+00  1.5708E+00  2.0679E+00  1.3276E-01
  2.4711E+00  1.5708E+00  2.6958E+00  5.7571E-02
  2.7838E+00  1.5708E+00  5.8283E+00  6.2332E-02
  2.5595E+00  1.5708E+00  4.1925E+00  5.8937E-02
  8.4520E+00  1.5708E+00  4.9689E+00  1.3069E-01
  3.0240E+00  1.5708E+00  1.6109E+00  6.5867E-02
  9.3746E+00  1.5708E+00  5.6456E+00  1.4004E-01
  2.0647E+00  1.5708E+00  1.2589E-01  5.1073E-02
  9.2982E+00  1.5708E+00  6.2264E+00  1.3928E-01
  6.0473E+00  1.5708E+00  6.0964E+00  1.0455E-01
  9.8733E+00  1.5708E+00  2.3545E+00  1.4496E-01
  7.3835E+00  1.5708E+00  4.7169E+00  1.1943E-01
  7.6600E+00  1.5708E+00  4.5518E+00  1.2240E-01
  9.7873E+00  1.5708E+00  3.9085E+00  1.4412E-01
  4.4547E+00  1.5708E+00  1.8930E+00  8.5277E-02
  7.6101E+00  1.5708E+00  5.2154E+00  1.2186E-01
  9.1393E+00  1.5708E+00  3.5151E+00  1.3769E-01
  3.2946E+00  1.5708E+00  4.5911E+00  6.9741E-02
  3.5174E+00  1.5708E+00  3.3482E+00  7.2851E-02
  9.6609E+00  1.5708E+00  1.3558E+00  1.4288E-01
  2.0511E+00  1.5708E+00  3.1507E+00  5.0848E-02
  1.6183E+00  1.5708E+00  2.9311E+00  4.3416E-02
  1.2157E+00  1.5708E+00  1.2259E+00  3.5878E-02
  2.0293E+00  1.5708E+00  5.6913E+00  5.0487E-02
  7.3824E+00  1.5708E+00  4.6178E+00  1.1942E-01
  4.6172E+00  1.5708E+00  5.0956E+00  8.7338E-02
  6.0507E+00  1.5708E+00  3.0858E+00  1.0459E-01
  7.2094E+00  1.5708E+00  4.7870E+00  1.1755E-01
  3.1533E+00  1.5708E+00  3.7048E+00  6.7732E-02
  1.8986E+00  1.5708E+00  2.4258E-01  4.8295E-02
  1.5937E+00  1.5708E+00  2.9470E-01  4.2975E-02
  1.6507E+00  1.5708E+00  1.2407E-01  4.3995E-02
  9.4661E+00  1.5708E+00  6.1588E+00  1.4095E-01
  6.4954E+00  1.5708E+00  3.6918E+00  1.0965E-01
  1.3075E+00  1.5708E+00  5.6135E+00  3.7662E-02
  4.2687E+00  1.5708E+00  8.0005E-02  8.2886E-02
  9.5190E+00  1.5708E+00  5.5947E+00  1.4147E-01
  3.8620E+00  1.5708E+00  5.5859E+00  7.7533E-02
  6.1883E+00  1.5708E+00  2.3072E+00  1.0617E-01
  8.7792E+00  1.5708E+00  5.5100E+00  1.3405E-01
  5.4298E+00  1.5708E+00  2.2774E+00  9.7306E-02
  5.3301E+00  1.5708E+00  1.1764E+00  9.6111E-02
  3.4591E+00  1.5708E+00  1.1477E+00  7.2043E-02
  6.9595E+00  1.5708E+00  5.9296E+00  1.1482E-01
  9.3551E+00  1.5708E+00  6.1608E+00  1.3985E-01
  5.0669E+00  1.5708E+00  2.2788E+00  9.2921E-02
  1.5870E+00  1.5708E+00  9.1605E-01  4.2855E-02
  9.0885E+00  1.5708E+00  2.3950E+00  1.3718E-01
  5.9250E+00  1.5708E+00  3.4541E+00  1.0314E-01
  9.5870E+00  1.5708E+00  3.3762E+00  1.4215E-01
  9.9733E+00  1.5708E+00  3.3407E-01  1.4594E-01
  9.7288E+00  1.5708E+00  3.8872E+00  1.4355E-01
  4.5455E+00  1.5708E+00  5.7181E+00  8.6431E-02
  9.5653E+00  1.5708E+00  4.6496E+00  1.4193E-01
  6.6224E+00  1.5708E+00  5.1639E+00  1.1108E-01
  4.6289E+00  1.5708E+00  4.0891E+00  8.7485E-02
  1.9509E+00  1.5708E+00  5.1416E+00  4.9178E-02
  8.6385E+00  1.5708E+00  4.1292E+00  1.3261E-01
  4.3291E+00  1.5708E+00  2.4212E+00  8.3666E-02
  2.8851E+00  1.5708E+00  6.0654E+00  6.3834E-02
  9.4503E+00  1.5708E+00  6.2351E+00  1.4079E-01
  9.1732E+00  1.5708E+00  6.1477E+00  1.3803E-01
  5.8201E+00  1.5708E+00  1.5275E+00  1.0191E-01
  1.2875E+00  1.5708E+00  4.6230E+00  3.7277E-02
  7.7268E+00  1.5708E+00  4.0171E+00  1.2311E-01
  3.1546E+00  1.5708E+00  6.4635E-01  6.7750E-02
  1.0654E+00  1.5708E+00  2.8584E+00  3.2856E-02
  2.7323E+00  1.5708E+00  2.6698E+00  6.1561E-02
  6.9216E+00  1.5708E+00  2.2959E+00  1.1440E-01
  2.3587E+00  1.5708E+00  2.5735E+00  5.5813E-02
  8.3924E+00  1.5708E+00  4.4297E+00  1.3008E-01
  7.4864E+00  1.5708E+00  1.2806E+00  1.2054E-01
  8.6082E+00  1.5708E+00  2.1005E+00  1.3230E-01
  4.7763E+00  1.5708E+00  5.3119E+00  8.9333E-02
  2.7814E+00  1.5708E+00  4.4617E+00  6.2295E-02
  4.5522E+00  1.5708E+00  5.1693E+00  8.6516E-02
  8.0946E+00  1.5708E+00  3.9257E+00  1.2698E-01
  9.3055E+00  1.5708E+00  5.4911E+00  1.3935E-01
  4.1927E+00  1.5708E+00  1.7542E+00  8.1899E-02
  9.9044E+00  1.5708E+00  6.1971E+00  1.4527E-01
  1.3067E+00  1.5708E+00  2.1861E+00  3.7648E-02
  5.4041E+00  1.5708E+00  1.2132E+00  9.6999E-02
  1.4102E+00  1.5708E+00  2.8413E-01  3.9610E-02
  7.0479E+00  1.5708E+00  5.0699E+00  1.1579E-01
  7.3476E+00  1.5708E+00  1.5373E+00  1.1905E-01
  7.4762E+00  1.5708E+00  6.1806E+00  1.2043E-01
  1.9437E+00  1.5708E+00  1.8380E+00  4.9056E-02
  1.6586E+00  1.5708E+00  4.6252E+00  4.4135E-02
  6.5650E+00  1.5708E+00  9.8386E-02  1.1043E-01
  7.2369E+00  1.5708E+00  4.8796E+00  1.1785E-01
  3.1895E+00  1.5708E+00  5.7503E+00  6.8249E-02
  8.7882E+00  1.5708E+00  1.8806E+00  1.3414E-01
  7.9029E+00  1.5708E+00  2.8863E+00  1.2497E-01
  3.7321E+00  1.5708E+00  2.1306E+00  7.5786E-02
  1.4607E+00  1.5708E+00  5.8291E-01  4.0550E-02
  9.4970E+00  1.5708E+00  2.4830E+00  1.4126E-01
  4.3523E+00  1.5708E+00  5.1850E+00  8.3964E-02
  6.2062E+00  1.5708E+00  1.9382E+00  1.0637E-01
  6.4780E+00  1.5708E+00  2.5867E+00  1.0946E-01
  7.7810E+00  1.5708E+00  2.4028E+00  1.2368E-01
  8.4428E+00  1.5708E+00  1.5183E+00  1.3060E-01
  6.7329E+00  1.5708E+00  5.3834E+00  1.1231E-01
  8.1754E+00  1.5708E+00  4.5949E+00  1.2783E-01
  5.2363E+00  1.5708E+00  1.7603E+00  9.4980E-02
  2.2135E+00  1.5708E+00  4.7831E+00  5.3498E-02
  2.4112E+00  1.5708E+00  4.4401E+00  5.6637E-02
  6.4317E+00  1.5708E+00  5.6575E-01  1.0894E-01
  7.5918E+00  1.5708E+00  1.6577E+00  1.2167E-01
  9.2753E+00  1.5708E+00  4.5436E+00  1.3905E-01
  2.0776E+00  1.5708E+00  3.6747E+00  5.1285E-02
  4.3059E+00  1.5708E+00  6.9550E-01  8.3367E-02
  7.1047E+00  1.5708E+00  6.2435E+00  1.1641E-01
  6.9895E+00  1.5708E+00  4.7783E+00  1.1515E-01
  6.6826E+00  1.5708E+00  5.4240E+00  1.1175E-01
  2.6490E+00  1.5708E+00  5.5392E-01  6.0303E-02
  8.4011E+00  1.5708E+00  5.7210E+00  1.3017E-01
  9.0660E+00  1.5708E+00  4.8723E-01  1.3695E-01
  8.5933E+00  1.5708E+00  3.5009E+00  1.3215E-01
  2.1730E+00  1.5708E+00  6.2788E+00  5.2843E-02
  4.5601E+00  1.5708E+00  4.9365E+00  8.6616E-02
  6.8930E+00  1.5708E+00  3.5200E+00  1.1408E-01
  5.7170E+00  1.5708E+00  5.5016E+00  1.0071E-01
  4.7587E+00  1.5708E+00  1.7954E+00  8.9114E-02
  3.8943E+00  1.5708E+00  5.0750E+00  7.7965E-02
  6.4452E+00  1.5708E+00  3.0526E+00  1.0909E-01
  7.1471E+00  1.5708E+00  2.8490E-01  1.1687E-01
  5.4249E+00  1.5708E+00  4.9017E+00  9.7247E-02
  3.2363E+00  1.5708E+00  1.0023E+00  6.8916E-02
  8.9661E+00  1.5708E+00  1.0243E+00  1.3594E-01
  2.1044E+00  1.5708E+00  1.9166E+00  5.1725E-02
  5.3287E+00  1.5708E+00  3.6130E+00  9.6094E-02
  7.5541E+00  1.5708E+00  1.2145E+00  1.2127E-01
  5.5840E+00  1.5708E+00  5.9702E+00  9.9140E-02
  2.4936E+00  1.5708E+00  4.4610E+00  5.7920E-02
  3.9197E+00  1.5708E+00  2.5006E+00  7.8304E-02
  5.7880E+00  1.5708E+00  2.5961E+00  1.0154E-01
  8.8715E+00  1.5708E+00  5.5158E+00  1.3498E-01
  9.7276E+00  1.5708E+00  2.7050E-01  1.4353E-01
  6.9564E+00  1.5708E+00  3.6569E-01  1.1478E-01
  2.7758E+00  1.5708E+00  2.1634E+00  6.2213E-02
  6.7055E+00  1.5708E+00  1.7732E+00  1.1201E-01
  4.4814E+00  1.5708E+00  3.4535E+00  8.5617E-02
  7.3330E+00  1.5708E+00  5.6726E+00  1.1889E-01
  6.9233E+00  1.5708E+00  3.3881E+00  1.1442E-01
  3.1635E+00  1.5708E+00  4.8817E+00  6.7878E-02
  2.5355E+00  1.5708E+00  3.7871E+00  5.8567E-02
  8.1129E+00  1.5708E+00  2.7591E+00  1.2717E-01
  5.0272E+00  1.5708E+00  1.8823E+00  9.2435E-02
  1.1381E+00  1.5708E+00  6.0015E+00  3.4335E-02
  9.9465E+00  1.5708E+00  4.2347E+00  1.4568E-01
  4.1468E+00  1.5708E+00  2.2600E+00  8.1300E-02
  1.6936E+00  1.5708E+00  5.3372E+00  4.4753E-02
  2.7864E+00  1.5708E+00  4.6988E+00  6.2370E-02
  7.6368E+00  1.5708E+00  3.8602E+00  1.2215E-01
  4.6447E+00  1.5708E+00  4.1636E+00  8.7684E-02
  9.2196E+00  1.5708E+00  5.9007E+00  1.3849E-01
  5.3124E+00  1.5708E+00  2.8379E+00  9.5899E-02
  8.2380E+00  1.5708E+00  1.4087E+00  1.2848E-01
  9.3264E+00  1.5708E+00  5.2157E+00  1.3956E-01
  7.7328E+00  1.5708E+00  4.7497E+00  1.2317E-01
  3.1054E+00  1.5708E+00  1.4320E+00  6.7044E-02
  4.0341E+00  1.5708E+00  8.6362E-01  7.9820E-02
  8.2305E+00  1.5708E+00  9.2696E-01  1.2840E-01
  7.4242E+00  1.5708E+00  1.5801E+00  1.1987E-01
  2.5050E+00  1.5708E+00  6.0105E+00  5.8098E-02
  5.3450E+00  1.5708E+00  5.2489E+00  9.6290E-02
  5.6560E+00  1.5708E+00  3.3796E+00  9.9990E-02
  9.7256E+00  1.5708E+00  4.3613E+00  1.4351E-01
  1.8661E+00  1.5708E+00  6.0538E-01  4.7743E-02
  7.0970E+00  1.5708E+00  1.8403E+00  1.1632E-01
  8.3602E+00  1.5708E+00  5.2971E+00  1.2975E-01
  3.6144E+00  1.5708E+00  6.0512E+00  7.4183E-02
  3.2076E+00  1.5708E+00  2.5377E+00  6.8508E-02
  4.5202E+00  1.5708E+00  8.6578E-01  8.6111E-02
  7.4207E+00  1.5708E+00  3.2862E+00  1.1983E-01
  7.1810E+00  1.5708E+00  3.2823E+00  1.1724E-01
  6.9088E+00  1.5708E+00  5.4229E+00  1.1426E-01
  8.1319E+00  1.5708E+00  1.9256E-02  1.2737E-01
  6.6117E+00  1.5708E+00  5.5317E+00  1.1096E-01
  3.2385E+00  1.5708E+00  3.4176E+00  6.8946E-02
  1.8334E+00  1.5708E+00  4.2828E+00  4.7184E-02
  1.4479E+00  1.5708E+00  3.7368E+00  4.0313E-02
  4.4775E+00  1.5708E+00  5.9345E+00  8.5568E-02
  6.9434E+00  1.5708E+00  6.1234E+00  1.1464E-01
  9.3921E+00  1.5708E+00  9.4947E-01  1.4021E-01
  1.1139E+00  1.5708E+00  1.2914E+00  3.3846E-02
  9.7638E+00  1.5708E+00  8.4286E-01  1.4389E-01
  6.7861E+00  1.5708E+00  6.1390E+00  1.1290E-01
  9.8155E+00  1.5708E+00  3.1053E+00  1.4440E-01
  1.9638E+00  1.5708E+00  5.6710E+00  4.9395E-02
  2.1572E+00  1.5708E+00  4.8709E+00  5.2587E-02
  8.9899E+00  1.5708E+00  3.9001E+00  1.3618E-01
  1.7608E+00  1.5708E+00  6.1433E+00  4.5929E-02
  2.6055E+00  1.5708E+00  5.2005E+00  5.9641E-02
  4.0968E+00  1.5708E+00  1.7432E+00  8.0645E-02
  1.2791E+00  1.5708E+00  9.6902E-01  3.7115E-02
  4.9161E+00  1.5708E+00  5.8543E+00  9.1067E-02
  9.2717E+00  1.5708E+00  7.7530E-01  1.3901E-01
  2.8808E+00  1.5708E+00  5.2744E+00  6.3772E-02
  9.2572E+00  1.5708E+00  6.2202E+00  1.3887E-01
  3.0209E+00  1.5708E+00  6.0409E+00  6.5823E-02
  5.2899E+00  1.5708E+00  4.7327E+00  9.5627E-02
  3.1812E+00  1.5708E+00  4.1776E+00  6.8131E-02
  9.2711E+00  1.5708E+00  4.5844E+00  1.3901E-01
  5.3360E+00  1.5708E+00  3.3574E+00  9.6182E-02
  9.9640E+00  1.5708E+00  5.1947E+00  1.4585E-01
  6.9707E+00  1.5708E+00  1.4130E+00  1.1494E-01
  2.8236E+00  1.5708E+00  3.9500E+00  6.2924E-02
  8.1617E+00  1.5708E+00  4.1670E+00  1.2768E-01
  9.9537E+00  1.5708E+00  3.6574E+00  1.4575E-01
  8.5726E+00  1.5708E+00  1.7971E+00  1.3193E-01
  2.7135E+00  1.5708E+00  5.5185E+00  6.1277E-02
  2.6875E+00  1.5708E+00  1.4841E+00  6.0885E-02
  7.4711E+00  1.5708E+00  3.9005E-01  1.2038E-01
  9.0695E+00  1.5708E+00  1.3424E+00  1.3698E-01
  4.3622E+00  1.5708E+00  6.0773E-01  8.4092E-02
  8.8780E+00  1.5708E+00  8.1503E-01  1.3505E-01
  3.4790E+00  1.5708E+00  2.1083E+00  7.2319E-02
  6.8017E+00  1.5708E+00  3.0952E+00  1.1307E-01
  5.3900E+00  1.5708E+00  4.6640E+00  9.6830E-02
  2.1520E+00  1.5708E+00  3.4022E+00  5.2503E-02
  8.3603E+00  1.5708E+00  4.3050E+00  1.2975E-01
  4.0354E+00  1.5708E+00  5.8568E+00  7.9837E-02
  4.0239E+00  1.5708E+00  3.7294E+00  7.9686E-02
  3.9586E+00  1.5708E+00  6.2813E+00  7.8822E-02
  6.8981E+00  1.5708E+00  2.2628E+00  1.1414E-01
  1.4857E+00  1.5708E+00  3.9690E+00  4.1012E-02
  2.3904E+00  1.5708E+00  2.5396E+00  5.6311E-02
  8.7722E+00  1.5708E+00  4.3058E+00  1.3397E-01
  4.0712E+00  1.5708E+00  1.5359E+00  8.0309E-02
  4.9106E+00  1.5708E+00  4.5113E+00  9.0999E-02
  7.6970E+00  1.5708E+00  7.4581E-01  1.2279E-01
  4.5604E+00  1.5708E+00  1.7991E+00  8.6620E-02
  5.7515E+00  1.5708E+00  1.5424E+00  1.0111E-01
  4.2960E+00  1.5708E+00  1.8658E-01  8.3240E-02
  5.9617E+00  1.5708E+00  2.8511E+00  1.0356E-01
  6.2045E+00  1.5708E+00  4.4929E+00  1.0635E-01
  1.7678E+00  1.5708E+00  3.8428E+00  4.6051E-02
  1.4586E+00  1.5708E+00  2.1562E+00  4.0512E-02
  8.0295E+00  1.5708E+00  3.1299E+00  1.2630E-01
  1.2537E+00  1.5708E+00  4.3709E+00  3.6623E-02
  1.7723E+00  1.5708E+00  2.7733E+00  4.6130E-02
  5.6487E+00  1.5708E+00  3.6914E-01  9.9903E-02
  3.8589E+00  1.5708E+00  2.7071E+00  7.7492E-02
  4.9027E+00  1.5708E+00  2.4818E+00  9.0902E-02
  6.9828E+00  1.5708E+00  3.9059E-01  1.1507E-01
  7.7500E+00  1.5708E+00  3.2656E+00  1.2335E-01
  9.9203E+00  1.5708E+00  2.4878E+00  1.4542E-01
  2.2372E+00  1.5708E+00  3.0092E-01  5.3879E-02
  5.4086E+00  1.5708E+00  4.0430E+00  9.7052E-02
  6.2834E+00  1.5708E+00  1.1583E+00  1.0725E-01
  2.7933E+00  1.5708E+00  3.9434E+00  6.2474E-02
  5.3809E+00  1.5708E+00  3.3747E+00  9.6721E-02
  1.2303E+00  1.5708E+00  2.5728E+00  3.6165E-02
  6.7883E+00  1.5708E+00  5.1971E+00  1.1293E-01
  4.3258E+00  1.5708E+00  2.3734E+00  8.3623E-02
  4.9045E+00  1.5708E+00  4.2584E+00  9.0924E-02
  8.3634E+00  1.5708E+00  1.0812E+00  1.2978E-01
  3.7656E+00  1.5708E+00  2.0680E+00  7.6239E-02
  7.9306E+00  1.5708E+00  1.7060E+00  1.2526E-01
  3.8425E+00  1.5708E+00  8.3216E-01  7.7273E-02
  7.8522E+00  1.5708E+00  1.2941E+00  1.2444E-01
  8.4454E+00  1.5708E+00  1.2330E+00  1.3063E-01
  4.2008E+00  1.5708E+00  5.1634E+00  8.2005E-02
  2.0383E+00  1.5708E+00  2.9405E+00  5.0637E-02
  7.6559E+00  1.5708E+00  1.0084E+00  1.2235E-01
  7.3174E+00  1.5708E+00  5.3640E+00  1.1872E-01
  6.1754E+00  1.5708E+00  1.5782E+00  1.0602E-01
  7.8881E+00  1.5708E+00  1.6386E+00  1.2481E-01
  9.7542E+00  1.5708E+00  3.9497E+00  1.4380E-01
  1.3575E+00  1.5708E+00  5.4657E+00  3.8616E-02
  4.9858E+00  1.5708E+00  5.5885E+00  9.1927E-02
  4.7421E+00  1.5708E+00  5.5302E+00  8.8906E-02
  7.0188E+00  1.5708E+00  5.9806E+00  1.1547E-01
  5.1570E+00  1.5708E+00  6.9525E-01  9.4018E-02
  1.3418E+00  1.5708E+00  4.0649E+00  3.8318E-02
  8.8893E+00  1.5708E+00  8.1191E-02  1.3516E-01
  3.3188E+00  1.5708E+00  5.0294E+00  7.0082E-02
  8.3526E+00  1.5708E+00  3.6405E+00  1.2967E-01
  9.0012E+00  1.5708E+00  4.2091E+00  1.3630E-01
  1.6303E+00  1.5708E+00  1.8009E+00  4.3632E-02
  3.2222E+00  1.5708E+00  3.7006E+00  6.8716E-02
  2.3285E+00  1.5708E+00  8.3453E-01  5.5335E-02
  9.3476E+00  1.5708E+00  3.1437E+00  1.3977E-01
  6.7957E+00  1.5708E+00  6.2250E+00  1.1301E-01
  1.8920E+00  1.5708E+00  4.3938E+00  4.8184E-02
  6.8647E+00  1.5708E+00  1.5973E+00  1.1377E-01
  2.2385E+00  1.5708E+00  3.5994E+00  5.3900E-02
  5.0143E+00  1.5708E+00  3.0767E+00  9.2277E-02
  3.2090E+00  1.5708E+00  3.8102E+00  6.8527E-02
  2.1048E+00  1.5708E+00  1.6222E+00  5.1732E-02
  2.8098E+00  1.5708E+00  5.1103E+00  6.2719E-02
  6.1907E+00  1.5708E+00  6.2394E+00  1.0620E-01
  5.6430E+00  1.5708E+00  4.7001E-01  9.9837E-02
  1.1160E+00  1.5708E+00  2.5934E+00  3.3889E-02
  7.4738E+00  1.5708E+00  1.5962E+00  1.2040E-01
  1.9220E+00  1.5708E+00  3.8478E+00  4.8691E-02
  5.6070E+00  1.5708E+00  2.5174E+00  9.9412E-02
  7.9537E+00  1.5708E+00  5.7171E+00  1.2551E-01
  1.9519E+00  1.5708E+00  5.3804E+00  4.9195E-02
  7.2898E+00  1.5708E+00  3.2383E+00  1.1842E-01
  5.2190E+00  1.5708E+00  1.8067E+00  9.4771E-02
  9.4593E+00  1.5708E+00  2.3657E+00  1.4088E-01
  7.0563E+00  1.5708E+00  3.3955E+00  1.1588E-01
  1.7506E+00  1.5708E+00  1.9504E-01  4.5752E-02
  2.4171E+00  1.5708E+00  2.6597E+00  5.6731E-02
  7.2518E+00  1.5708E+00  9.9905E-01  1.1801E-01
  6.0616E+00  1.5708E+00  3.7943E+00  1.0471E-01
  2.3389E+00  1.5708E+00  4.4359E+00  5.5500E-02
  3.0350E+00  1.5708E+00  5.3711E+00  6.6027E-02
  1.2081E+00  1.5708E+00  3.2870E+00  3.5730E-02
  1.9716E+00  1.5708E+00  2.1333E-01  4.9526E-02
  9.9287E+00  1.5708E+00  5.1426E+00  1.4551E-01
  2.6368E+00  1.5708E+00  1.3365E+00  6.0118E-02
  3.1021E+00  1.5708E+00  1.9468E+00  6.6996E-02
  3.0286E+00  1.5708E+00  5.4548E+00  6.5934E-02
  1.3843E+00  1.5708E+00  5.7088E+00  3.9124E-02
  3.3700E+00  1.5708E+00  2.2553E+00  7.0800E-02
  9.2111E+00  1.5708E+00  4.0959E+00  1.3841E-01
  7.8473E+00  1.5708E+00  4.7995E+00  1.2438E-01
  6.5016E+00  1.5708E+00  5.2484E+00  1.0972E-01
  2.5544E+00  1.5708E+00  3.1134E+00  5.8858E-02
  6.7601E+00  1.5708E+00  4.8293E+00  1.1261E-01
  7.8584E+00  1.5708E+00  5.7687E-01  1.2450E-01
  7.9414E+00  1.5708E+00  4.4496E+00  1.2538E-01
  6.6049E+00  1.5708E+00  5.0334E+00  1.1088E-01
  4.2860E+00  1.5708E+00  5.1208E+00  8.3109E-02
  5.9626E+00  1.5708E+00  6.2716E+00  1.0357E-01
  2.5637E+00  1.5708E+00  4.3416E+00  5.9001E-02
  2.1110E+00  1.5708E+00  3.9800E+00  5.1833E-02
  4.1536E+00  1.5708E+00  4.7834E+00  8.1389E-02
  4.4943E+00  1.5708E+00  5.4208E+00  8.5781E-02
  5.2905E+00  1.5708E+00  6.1757E+00  9.5634E-02
  9.0585E+00  1.5708E+00  3.9947E+00  1.3687E-01
  5.4499E+00  1.5708E+00  1.0868E+00  9.7546E-02
  4.3159E+00  1.5708E+00  2.7588E+00  8.3496E-02
  5.9488E+00  1.5708E+00  2.6947E+00  1.0341E-01
  1.7352E+00  1.5708E+00  4.4506E+00  4.5483E-02
  8.7621E+00  1.5708E+00  5.6623E+00  1.3387E-01
  7.6997E+00  1.5708E+00  1.1279E-01  1.2282E-01
  2.9419E+00  1.5708E+00  3.0701E+00  6.4671E-02
  5.1754E+00  1.5708E+00  5.1369E-01  9.4242E-02
  6.9152E+00  1.5708E+00  1.2537E+00  1.1433E-01
  2.3193E+00  1.5708E+00  2.7100E+00  5.5190E-02
  9.9258E+00  1.5708E+00  5.8826E+00  1.4548E-01
  6.1117E+00  1.5708E+00  6.0809E+00  1.0529E-01
  9.1211E+00  1.5708E+00  1.6228E+00  1.3750E-01
  3.3420E+00  1.5708E+00  4.9715E-01  7.0408E-02
  9.2895E+00  1.5708E+00  2.0991E+00  1.3919E-01
  4.3047E+00  1.5708E+00  3.1685E+00  8.3351E-02
  9.0330E+00  1.5708E+00  5.6124E+00  1.3662E-01
  3.8617E+00  1.5708E+00  3.1064E+00  7.7530E-02
  3.9108E+00  1.5708E+00  3.8832E+00  7.8185E-02
  6.2270E+00  1.5708E+00  4.6160E+00  1.0661E-01
  6.4706E+00  1.5708E+00  4.1412E+00  1.0937E-01
  8.9507E+00  1.5708E+00  1.7087E+00  1.3579E-01
  6.4554E+00  1.5708E+00  8.8091E-01  1.0920E-01
  7.6364E+00  1.5708E+00  2.9793E+00  1.2214E-01
  4.6507E+00  1.5708E+00  1.4562E+00  8.7759E-02
  3.7733E+00  1.5708E+00  5.5654E+00  7.6343E-02
  2.1045E+00  1.5708E+00  2.1194E+00  5.1726E-02
  8.9137E+00  1.5708E+00  2.4063E+00  1.3541E-01
  2.0157E+00  1.5708E+00  5.7432E+00  5.0261E-02
  7.0548E+00  1.5708E+00  6.2099E+00  1.1586E-01
  9.0211E+00  1.5708E+00  7.8343E-01  1.3650E-01
  7.2537E+00  1.5708E+00  2.9804E+00  1.1803E-01
  4.4703E+00  1.5708E+00  3.0584E+00  8.5475E-02
  2.0262E+00  1.5708E+00  6.2069E+00  5.0436E-02
  3.1114E+00  1.5708E+00  6.0380E+00  6.7131E-02
  3.9942E+00  1.5708E+00  3.0213E+00  7.9294E-02
  7.7113E+00  1.5708E+00  1.5563E-01  1.2294E-01
  8.3956E+00  1.5708E+00  7.3767E-01  1.3011E-01
  2.5613E+00  1.5708E+00  1.6429E+00  5.8964E-02
  4.5680E+00  1.5708E+00  2.0078E-01  8.6716E-02
  6.7664E+00  1.5708E+00  1.7225E+00  1.1268E-01
  6.2252E+00  1.5708E+00  4.8319E-01  1.0659E-01
  6.1524E+00  1.5708E+00  3.5933E+00  1.0576E-01
  9.6967E+00  1.5708E+00  3.5740E+00  1.4323E-01
  6.9234E+00  1.5708E+00  4.6421E+00  1.1442E-01
  6.0329E+00  1.5708E+00  1.8659E+00  1.0438E-01
  2.5805E+00  1.5708E+00  6.0084E+00  5.9259E-02
  2.0402E+00  1.5708E+00  3.4375E-01  5.0667E-02
  6.6177E+00  1.5708E+00  3.0596E+00  1.1103E-01
  6.5474E+00  1.5708E+00  4.8051E-01  1.1024E-01
  2.2937E+00  1.5708E+00  2.0339E+00  5.4782E-02
  4.7441E+00  1.5708E+00  4.5684E+00  8.8931E-02
  6.1655E+00  1.5708E+00  1.9765E+00  1.0591E-01
  8.7077E+00  1.5708E+00  4.9111E+00  1.3332E-01
  6.0842E+00  1.5708E+00  1.2894E-01  1.0498E-01
  2.8705E+00  1.5708E+00  5.4930E+00  6.3620E-02
  9.8693E+00  1.5708E+00  1.2428E+00  1.4492E-01
  8.1228E+00  1.5708E+00  5.0468E+00  1.2728E-01
  5.7883E+00  1.5708E+00  3.0520E+00  1.0154E-01
  3.5138E+00  1.5708E+00  7.3916E-01  7.2801E-02
  6.4340E+00  1.5708E+00  2.8522E+00  1.0896E-01
  5.3533E+00  1.5708E+00  9.8002E-01  9.6390E-02
  2.9691E+00  1.5708E+00  9.5564E-01  6.5068E-02
  9.0755E+00  1.5708E+00  5.8349E+00  1.3704E-01
  3.3188E+00  1.5708E+00  7.6003E-01  7.0082E-02
  9.2938E+00  1.5708E+00  5.4174E+00  1.3923E-01
  3.7391E+00  1.5708E+00  5.9192E+00  7.5880E-02
  4.4256E+00  1.5708E+00  1.3700E+00  8.4905E-02
  3.0212E+00  1.5708E+00  5.8172E+00  6.5827E-02
  5.9390E+00  1.5708E+00  4.2476E+00  1.0330E-01
  7.0247E+00  1.5708E+00  3.7584E+00  1.1553E-01
  1.6180E+00  1.5708E+00  5.9274E+00  4.3412E-02
  4.3490E+00  1.5708E+00  2.4171E+00  8.3923E-02
  5.5052E+00  1.5708E+00  3.1025E+00  9.8205E-02
  4.1031E+00  1.5708E+00  1.8620E-01  8.0728E-02
  5.1499E+00  1.5708E+00  1.6927E+00  9.3932E-02
  1.6390E+00  1.5708E+00  1.8134E-01  4.3786E-02
  9.9171E+00  1.5708E+00  5.2435E+00  1.4539E-01
  4.2402E+00  1.5708E+00  4.9926E+00  8.2517E-02
  3.4586E+00  1.5708E+00  3.1110E+00  7.2036E-02
  2.6176E+00  1.5708E+00  1.5790E+00  5.9826E-02
  2.9487E+00  1.5708E+00  1.0588E+00  6.4770E-02
  6.9933E+00  1.5708E+00  1.0535E-01  1.1519E-01
  8.5863E+00  1.5708E+00  2.8281E+00  1.3208E-01
  9.6078E+00  1.5708E+00  1.3871E+00  1.4235E-01
  6.2123E+00  1.5708E+00  4.2520E+00  1.0644E-01
  6.2076E+00  1.5708E+00  4.9069E+00  1.0639E-01
  2.9545E+00  1.5708E+00  1.0164E+00  6.4854E-02
  3.0263E+00  1.5708E+00  1.2031E+00  6.5900E-02
  8.6288E+00  1.5708E+00  6.1824E+00  1.3251E-01
  8.4958E+00  1.5708E+00  4.3854E+00  1.3115E-01
  8.1782E+00  1.5708E+00  5.1004E+00  1.2786E-01
  1.5114E+00  1.5708E+00  4.0017E+00  4.1483E-02
  6.1406E+00  1.5708E+00  5.0300E+00  1.0562E-01
  4.4322E+00  1.5708E+00  3.3655E-02  8.4989E-02
  8.9322E+00  1.5708E+00  5.6503E+00  1.3560E-01
  7.2262E+00  1.5708E+00  2.5646E+00  1.1773E-01
  4.7997E+00  1.5708E+00  6.6126E-01  8.9625E-02
  9.7875E+00  1.5708E+00  1.4994E+00  1.4412E-01
  8.6606E+00  1.5708E+00  5.6669E+00  1.3284E-01
  8.9633E+00  1.5708E+00  3.6191E+00  1.3591E-01
  4.1050E+00  1.5708E+00  2.5927E+00  8.0753E-02
  8.2610E+00  1.5708E+00  3.5174E+00  1.2872E-01
  9.3925E+00  1.5708E+00  4.7197E-01  1.4022E-01
  3.9620E+00  1.5708E+00  2.8803E+00  7.8866E-02
  1.8138E+00  1.5708E+00  3.8873E+00  4.6846E-02
  7.2609E+00  1.5708E+00  5.7502E+00  1.1811E-01
  4.2030E+00  1.5708E+00  5.7453E+00  8.2034E-02
  5.8669E+00  1.5708E+00  6.1233E+00  1.0246E-01
  7.5601E+00  1.5708E+00  4.6611E+00  1.2133E-01
  5.0745E+00  1.5708E+00  3.0490E+00  9.3013E-02
  2.0135E+00  1.5708E+00  5.6703E+00  5.0224E-02
  9.7547E+00  1.5708E+00  3.2678E+00  1.4380E-01
  8.3787E+00  1.5708E+00  5.1930E+00  1.2994E-01
  3.7747E+00  1.5708E+00  4.2340E+00  7.6361E-02
  5.9863E+00  1.5708E+00  2.9395E+00  1.0385E-01
  9.3821E+00  1.5708E+00  3.6726E+00  1.4011E-01
  3.9765E+00  1.5708E+00  3.6760E+00  7.9059E-02
  9.2262E+00  1.5708E+00  5.1112E+00  1.3856E-01
  6.9635E+00  1.5708E+00  2.0962E+00  1.1486E-01
  9.2765E+00  1.5708E+00  5.8271E+00  1.3906E-01
  2.5226E+00  1.5708E+00  1.8525E+00  5.8369E-02
  9.6868E+00  1.5708E+00  1.9504E+00  1.4313E-01
  8.6259E+00  1.5708E+00  9.6672E-01  1.3248E-01
  1.4502E+00  1.5708E+00  2.4338E+00  4.0356E-02
  1.3169E+00  1.5708E+00  6.3153E-01  3.7844E-02
  6.6702E+00  1.5708E+00  2.6265E+00  1.1161E-01
  1.1962E+00  1.5708E+00  3.1996E+00  3.5494E-02
  9.9663E+00  1.5708E+00  3.9857E+00  1.4587E-01
  5.8161E+00  1.5708E+00  6.1002E+00  1.0187E-01
  2.8962E+00  1.5708E+00  5.8193E+00  6.3998E-02
  3.9354E+00  1.5708E+00  1.3207E+00  7.8513E-02
  1.5392E+00  1.5708E+00  4.3183E+00  4.1991E-02
  9.9614E+00  1.5708E+00  3.3257E+00  1.4582E-01
  1.8655E+00  1.5708E+00  3.9264E+00  4.7732E-02
  9.3060E+00  1.5708E+00  3.9181E+00  1.3936E-01
  8.6869E+00  1.5708E+00  4.2525E+00  1.3311E-01
  4.3244E+00  1.5708E+00  1.3175E+00  8.3606E-02
  7.8255E+00  1.5708E+00  2.7773E+00  1.2415E-01
  8.7325E+00  1.5708E+00  4.3036E+00  1.3357E-01
  3.6972E+00  1.5708E+00  3.1514E+00  7.5312E-02
  7.4677E+00  1.5708E+00  1.2417E+00  1.2034E-01
  7.2152E+00  1.5708E+00  5.7565E+00  1.1761E-01
  8.2738E+00  1.5708E+00  2.6159E+00  1.2885E-01
  3.8013E+00  1.5708E+00  5.6757E+00  7.6719E-02
  5.8801E+00  1.5708E+00  3.0482E+00  1.0261E-01
  7.4286E+00  1.5708E+00  1.0304E+00  1.1992E-01
  2.6491E+00  1.5708E+00  2.5182E+00  6.0304E-02
  2.5125E+00  1.5708E+00  1.5598E+00  5.8214E-02
  8.6820E+00  1.5708E+00  3.9508E+00  1.3305E-01
  6.7738E+00  1.5708E+00  8.2295E-01  1.1276E-01
  1.5148E+00  1.5708E+00  3.8745E+00  4.1545E-02
  8.7381E+00  1.5708E+00  5.0407E+00  1.3363E-01
  5.9250E+00  1.5708E+00  6.0017E-01  1.0314E-01
  2.6491E+00  1.5708E+00  5.6612E+00  6.0304E-02
  2.1202E+00  1.5708E+00  4.2629E+00  5.1984E-02
  8.7148E+00  1.5708E+00  5.6829E+00  1.3339E-01
  6.2340E+00  1.5708E+00  4.5435E+00  1.0669E-01
  4.1951E+00  1.5708E+00  3.7114E+00  8.1931E-02
  8.0770E+00  1.5708E+00  2.8243E-01  1.2680E-01
  2.3758E+00  1.5708E+00  2.7168E+00  5.6082E-02
  1.1205E+00  1.5708E+00  6.0177E+00  3.3979E-02
  4.0650E+00  1.5708E+00  9.2568E-01  8.0228E-02
  7.7168E+00  1.5708E+00  6.2609E+00  1.2300E-01
  8.7252E+00  1.5708E+00  3.7605E-01  1.3350E-01
  4.0745E+00  1.5708E+00  5.6354E+00  8.0353E-02
  8.4386E+00  1.5708E+00  4.7385E+00  1.3056E-01
  2.5931E+00  1.5708E+00  1.8658E+00  5.9451E-02
  6.6293E+00  1.5708E+00  2.2891E+00  1.1115E-01
  1.8096E+00  1.5708E+00  2.7814E+00  4.6775E-02
  2.6975E+00  1.5708E+00  6.2385E+00  6.1037E-02
  6.5458E+00  1.5708E+00  3.2245E+00  1.1022E-01
  1.2745E+00  1.5708E+00  2.3871E+00  3.7027E-02
  2.0393E+00  1.5708E+00  1.2190E+00  5.0653E-02
  5.5480E+00  1.5708E+00  4.7332E+00  9.8713E-02
  3.2774E+00  1.5708E+00  5.9826E-01  6.9498E-02
  8.4026E+00  1.5708E+00  5.5841E-01  1.3018E-01
  1.9965E+00  1.5708E+00  5.9423E+00  4.9941E-02
  1.6125E+00  1.5708E+00  3.1741E+00  4.3313E-02
  6.5597E+00  1.5708E+00  4.2629E+00  1.1038E-01
  6.0149E+00  1.5708E+00  2.5830E+00  1.0418E-01
  7.4170E+00  1.5708E+00  1.1618E+00  1.1979E-01
  9.9457E+00  1.5708E+00  5.9221E+00  1.4567E-01
  7.4638E+00  1.5708E+00  2.9518E+00  1.2030E-01
  7.0031E+00  1.5708E+00  2.8376E+00  1.1530E-01
  6.0766E+00  1.5708E+00  3.0786E-01  1.0489E-01
  7.7011E+00  1.5708E+00  4.4906E+00  1.2283E-01
  1.9501E+00  1.5708E+00  1.0183E+00  4.9164E-02
  8.8831E+00  1.5708E+00  4.1393E+00  1.3510E-01
  3.5090E+00  1.5708E+00  5.5967E-01  7.2734E-02
  1.2169E+00  1.5708E+00  2.3928E+00  3.5903E-02
  6.5662E+00  1.5708E+00  4.5763E+00  1.1045E-01
  1.7006E+00  1.5708E+00  3.5763E+00  4.4877E-02
  2.5055E+00  1.5708E+00  2.3922E+00  5.8105E-02
  1.2071E+00  1.5708E+00  5.5392E+00  3.5709E-02
  1.4024E+00  1.5708E+00  1.9235E+00  3.9463E-02
  5.1145E+00  1.5708E+00  1.9713E+00  9.3502E-02
  4.5045E+00  1.5708E+00  4.6478E-01  8.5911E-02
  6.0841E+00  1.5708E+00  1.8499E-01  1.0497E-01
  2.7961E+00  1.5708E+00  4.5384E+00  6.2515E-02
  6.1824E+00  1.5708E+00  4.8280E+00  1.0610E-01
  6.9815E+00  1.5708E+00  2.7063E+00  1.1506E-01
  2.1880E+00  1.5708E+00  3.5331E-01  5.3086E-02
  4.3949E+00  1.5708E+00  2.4571E+00  8.4511E-02
  9.5610E+00  1.5708E+00  3.0371E+00  1.4189E-01
