time   0.0000E+00 | phase bin 00000000 in 00002600
  1.6981E-02
  1.6993E-02
  1.7003E-02
  1.7017E-02
  1.6999E-02
  1.7037E-02
  1.7042E-02
  1.7046E-02
  1.7067E-02
  1.7015E-02
  1.7033E-02
  1.7076E-02
  1.7129E-02
  1.7122E-02
  1.7105E-02
  1.7143E-02
  1.7215E-02
  1.7308E-02
  1.7337E-02
  1.7310E-02
  1.7237E-02
  1.7218E-02
  1.7224E-02
  1.7206E-02
  1.7250E-02
  1.7273E-02
  1.7291E-02
  1.7306E-02
  1.7306E-02
  1.7293E-02
  1.7295E-02
  1.7284E-02
  1.7316E-02
  1.7316E-02
  1.7304E-02
  1.7245E-02
  1.7158E-02
  1.7131E-02
  1.7134E-02
  1.7088E-02
  1.7069E-02
  1.7039E-02
  1.7019E-02
  1.6959E-02
  1.6857E-02
  1.6793E-02
  1.6696E-02
  1.6602E-02
  1.6483E-02
  1.6432E-02
  1.6432E-02
  1.6414E-02
  1.6344E-02
  1.6312E-02
  1.6270E-02
  1.6176E-02
  1.6104E-02
  1.6033E-02
  1.5961E-02
  1.5901E-02
  1.5855E-02
  1.5810E-02
  1.5777E-02
  1.5693E-02
  1.5661E-02
  1.5607E-02
  1.5556E-02
  1.5480E-02
  1.5480E-02
  1.5544E-02
  1.5652E-02
  1.5677E-02
  1.5707E-02
  1.5730E-02
  1.5749E-02
  1.5725E-02
  1.5735E-02
  1.5691E-02
  1.5733E-02
  1.5737E-02
  1.5776E-02
  1.5759E-02
  1.5766E-02
  1.5811E-02
  1.5854E-02
  1.5837E-02
  1.5810E-02
  1.5808E-02
  1.5810E-02
  1.5778E-02
  1.5797E-02
  1.5806E-02
  1.5844E-02
  1.5842E-02
  1.5809E-02
  1.5850E-02
  1.5880E-02
  1.5869E-02
  1.5906E-02
  1.5890E-02
  1.5906E-02
  1.5980E-02
  1.6062E-02
  1.6068E-02
  1.6132E-02
  1.6187E-02
  1.6256E-02
  1.6281E-02
  1.6339E-02
  1.6414E-02
  1.6436E-02
  1.6527E-02
  1.6566E-02
  1.6661E-02
  1.6636E-02
  1.6652E-02
  1.6704E-02
  1.6721E-02
  1.6761E-02
  1.6784E-02
  1.6789E-02
  1.6735E-02
  1.6674E-02
  1.6691E-02
  1.6683E-02
  1.6639E-02
  1.6640E-02
  1.6638E-02
  1.6635E-02
  1.6609E-02
  1.6545E-02
  1.6473E-02
  1.6454E-02
  1.6381E-02
  1.6328E-02
  1.6302E-02
  1.6263E-02
  1.6276E-02
  1.6311E-02
  1.6381E-02
  1.6386E-02
  1.6431E-02
  1.6412E-02
  1.6412E-02
  1.6406E-02
  1.6392E-02
  1.6407E-02
  1.6431E-02
  1.6441E-02
  1.6404E-02
  1.6360E-02
  1.6342E-02
  1.6353E-02
  1.6354E-02
  1.6359E-02
  1.6403E-02
  1.6363E-02
  1.6365E-02
  1.6357E-02
  1.6430E-02
  1.6464E-02
  1.6459E-02
  1.6513E-02
  1.6557E-02
  1.6577E-02
  1.6651E-02
  1.6651E-02
  1.6722E-02
  1.6758E-02
  1.6778E-02
  1.6885E-02
  1.6966E-02
  1.7042E-02
  1.7125E-02
  1.7178E-02
  1.7252E-02
  1.7292E-02
  1.7426E-02
  1.7518E-02
  1.7608E-02
  1.7614E-02
  1.7605E-02
  1.7638E-02
  1.7669E-02
  1.7666E-02
  1.7715E-02
  1.7658E-02
  1.7608E-02
  1.7597E-02
  1.7566E-02
  1.7539E-02
  1.7534E-02
  1.7547E-02
  1.7562E-02
  1.7585E-02
  1.7638E-02
  1.7593E-02
  1.7604E-02
  1.7596E-02
  1.7636E-02
  1.7612E-02
  1.7718E-02
  1.7752E-02
  1.7806E-02
  1.7898E-02
  1.7877E-02
  1.7844E-02
  1.7848E-02
  1.7809E-02
  1.7805E-02
  1.7801E-02
  1.7784E-02
  1.7753E-02
  1.7675E-02
  1.7592E-02
  1.7469E-02
  1.7423E-02
  1.7414E-02
  1.7392E-02
  1.7419E-02
  1.7385E-02
  1.7379E-02
  1.7357E-02
  1.7346E-02
  1.7393E-02
  1.7426E-02
  1.7471E-02
  1.7467E-02
  1.7417E-02
  1.7346E-02
  1.7308E-02
  1.7291E-02
  1.7247E-02
  1.7208E-02
  1.7256E-02
  1.7214E-02
  1.7137E-02
  1.7101E-02
  1.7070E-02
  1.7148E-02
  1.7158E-02
  1.7161E-02
  1.7206E-02
  1.7148E-02
  1.7093E-02
  1.7130E-02
  1.7245E-02
  1.7276E-02
  1.7227E-02
  1.7212E-02
  1.7208E-02
  1.7244E-02
  1.7240E-02
  1.7250E-02
  1.7251E-02
  1.7269E-02
  1.7195E-02
  1.7178E-02
  1.7226E-02
  1.7212E-02
  1.7188E-02
  1.7189E-02
  1.7227E-02
  1.7264E-02
  1.7321E-02
  1.7335E-02
  1.7343E-02
  1.7372E-02
  1.7443E-02
  1.7471E-02
  1.7454E-02
  1.7446E-02
  1.7428E-02
  1.7404E-02
  1.7379E-02
  1.7378E-02
  1.7323E-02
  1.7215E-02
  1.7234E-02
  1.7254E-02
  1.7222E-02
  1.7169E-02
  1.7152E-02
  1.7168E-02
  1.7139E-02
  1.7159E-02
  1.7162E-02
  1.7209E-02
  1.7196E-02
  1.7147E-02
  1.7218E-02
  1.7214E-02
  1.7241E-02
  1.7226E-02
  1.7221E-02
  1.7189E-02
  1.7162E-02
  1.7127E-02
  1.7115E-02
  1.7059E-02
  1.7069E-02
  1.7045E-02
  1.7127E-02
  1.7110E-02
  1.7023E-02
  1.7042E-02
  1.6967E-02
  1.6911E-02
  1.6947E-02
  1.6948E-02
  1.6982E-02
  1.6940E-02
  1.6909E-02
  1.6867E-02
  1.6872E-02
  1.6879E-02
  1.6920E-02
  1.7025E-02
  1.7069E-02
  1.7089E-02
  1.7170E-02
  1.7305E-02
  1.7399E-02
  1.7385E-02
  1.7432E-02
  1.7448E-02
  1.7468E-02
  1.7533E-02
  1.7523E-02
  1.7580E-02
  1.7573E-02
  1.7554E-02
  1.7531E-02
  1.7459E-02
  1.7420E-02
  1.7358E-02
  1.7329E-02
  1.7319E-02
  1.7360E-02
  1.7399E-02
  1.7337E-02
  1.7361E-02
  1.7333E-02
  1.7385E-02
  1.7367E-02
  1.7307E-02
  1.7293E-02
  1.7226E-02
  1.7210E-02
  1.7207E-02
  1.7237E-02
  1.7181E-02
  1.7115E-02
  1.7124E-02
  1.6998E-02
  1.6969E-02
  1.6911E-02
  1.6861E-02
  1.6773E-02
  1.6667E-02
  1.6669E-02
  1.6701E-02
  1.6758E-02
  1.6747E-02
  1.6703E-02
  1.6716E-02
  1.6678E-02
  1.6656E-02
  1.6644E-02
  1.6603E-02
  1.6541E-02
  1.6470E-02
  1.6403E-02
  1.6383E-02
  1.6330E-02
  1.6318E-02
  1.6293E-02
  1.6248E-02
  1.6266E-02
  1.6301E-02
  1.6354E-02
  1.6335E-02
  1.6344E-02
  1.6334E-02
  1.6366E-02
  1.6371E-02
  1.6398E-02
  1.6342E-02
  1.6523E-02
  1.6547E-02
  1.6554E-02
  1.6586E-02
  1.6593E-02
  1.6640E-02
  1.6680E-02
  1.6692E-02
  1.6670E-02
  1.6792E-02
  1.6816E-02
  1.6789E-02
  1.6744E-02
  1.6707E-02
  1.6678E-02
  1.6642E-02
  1.6731E-02
  1.6750E-02
  1.6753E-02
  1.6784E-02
  1.6813E-02
  1.6834E-02
  1.6806E-02
  1.6802E-02
  1.6868E-02
  1.6800E-02
  1.6775E-02
  1.6711E-02
  1.6678E-02
  1.6601E-02
  1.6619E-02
  1.6555E-02
  1.6614E-02
  1.6605E-02
  1.6558E-02
  1.6506E-02
  1.6469E-02
  1.6483E-02
  1.6470E-02
  1.6451E-02
  1.6401E-02
  1.6450E-02
  1.6360E-02
  1.6354E-02
  1.6290E-02
  1.6295E-02
  1.6265E-02
  1.6243E-02
  1.6225E-02
  1.6254E-02
  1.6243E-02
  1.6173E-02
  1.6128E-02
  1.6076E-02
  1.6039E-02
  1.5997E-02
  1.5954E-02
  1.5978E-02
  1.5970E-02
  1.5945E-02
  1.5929E-02
  1.5940E-02
  1.5887E-02
  1.5862E-02
  1.5808E-02
  1.5762E-02
  1.5762E-02
  1.5756E-02
  1.5744E-02
  1.5714E-02
  1.5696E-02
  1.5724E-02
  1.5709E-02
  1.5706E-02
  1.5768E-02
  1.5729E-02
  1.5704E-02
  1.5649E-02
  1.5617E-02
  1.5640E-02
  1.5659E-02
  1.5651E-02
  1.5697E-02
  1.5648E-02
  1.5646E-02
  1.5650E-02
  1.5628E-02
  1.5668E-02
  1.5711E-02
  1.5665E-02
  1.5646E-02
  1.5740E-02
  1.5798E-02
  1.5743E-02
  1.5722E-02
  1.5809E-02
  1.5850E-02
  1.5820E-02
  1.5822E-02
  1.5842E-02
  1.5810E-02
  1.5776E-02
  1.5830E-02
  1.5820E-02
  1.5840E-02
  1.5858E-02
  1.5923E-02
  1.5930E-02
  1.5898E-02
  1.5901E-02
  1.5894E-02
  1.5906E-02
  1.5845E-02
  1.5831E-02
  1.5886E-02
  1.5888E-02
  1.5880E-02
  1.5839E-02
  1.5828E-02
  1.5790E-02
  1.5716E-02
  1.5738E-02
  1.5764E-02
  1.5744E-02
  1.5784E-02
  1.5760E-02
  1.5734E-02
  1.5736E-02
  1.5670E-02
  1.5708E-02
  1.5713E-02
  1.5679E-02
  1.5631E-02
  1.5621E-02
  1.5619E-02
  1.5676E-02
  1.5769E-02
  1.5797E-02
  1.5896E-02
  1.5890E-02
  1.5844E-02
  1.5780E-02
  1.5796E-02
  1.5896E-02
  1.5868E-02
  1.5858E-02
  1.5848E-02
  1.5862E-02
  1.5840E-02
  1.5762E-02
  1.5799E-02
  1.5786E-02
  1.5781E-02
  1.5713E-02
  1.5691E-02
  1.5643E-02
  1.5586E-02
  1.5617E-02
  1.5546E-02
  1.5561E-02
  1.5617E-02
  1.5616E-02
  1.5627E-02
  1.5608E-02
  1.5565E-02
  1.5643E-02
  1.5583E-02
  1.5530E-02
  1.5583E-02
  1.5612E-02
  1.5703E-02
  1.5744E-02
  1.5694E-02
  1.5710E-02
  1.5795E-02
  1.5801E-02
  1.5772E-02
  1.5760E-02
  1.5755E-02
  1.5725E-02
  1.5689E-02
  1.5669E-02
  1.5613E-02
  1.5589E-02
  1.5674E-02
  1.5675E-02
  1.5768E-02
  1.5803E-02
  1.5758E-02
  1.5824E-02
  1.5790E-02
  1.5748E-02
  1.5802E-02
  1.5809E-02
  1.5850E-02
  1.5881E-02
  1.5972E-02
  1.5992E-02
  1.5948E-02
  1.5919E-02
  1.5957E-02
  1.5962E-02
  1.5961E-02
  1.5974E-02
  1.6070E-02
  1.6094E-02
  1.6075E-02
  1.6066E-02
  1.6012E-02
  1.5982E-02
  1.5953E-02
  1.5932E-02
  1.6004E-02
  1.5930E-02
  1.5912E-02
  1.5851E-02
  1.5802E-02
  1.5769E-02
  1.5726E-02
  1.5665E-02
  1.5610E-02
  1.5566E-02
  1.5534E-02
  1.5516E-02
  1.5571E-02
  1.5522E-02
  1.5559E-02
  1.5522E-02
  1.5486E-02
  1.5461E-02
  1.5547E-02
  1.5584E-02
  1.5540E-02
  1.5461E-02
  1.5446E-02
  1.5454E-02
  1.5403E-02
  1.5370E-02
  1.5306E-02
  1.5300E-02
  1.5375E-02
  1.5331E-02
  1.5294E-02
  1.5376E-02
  1.5306E-02
  1.5244E-02
  1.5238E-02
  1.5258E-02
  1.5202E-02
  1.5178E-02
  1.5122E-02
  1.5067E-02
  1.5062E-02
  1.5044E-02
  1.5140E-02
  1.5214E-02
  1.5214E-02
  1.5163E-02
  1.5133E-02
  1.5137E-02
  1.5131E-02
  1.5173E-02
  1.5142E-02
  1.5109E-02
  1.5052E-02
  1.4997E-02
  1.4964E-02
  1.4951E-02
  1.4902E-02
  1.4877E-02
  1.4881E-02
  1.4907E-02
  1.4907E-02
  1.4872E-02
  1.4841E-02
  1.4829E-02
  1.4798E-02
  1.4801E-02
  1.4747E-02
  1.4712E-02
  1.4722E-02
  1.4672E-02
  1.4683E-02
  1.4663E-02
  1.4609E-02
  1.4630E-02
  1.4627E-02
  1.4569E-02
  1.4537E-02
  1.4519E-02
  1.4474E-02
  1.4432E-02
  1.4364E-02
  1.4381E-02
  1.4336E-02
  1.4316E-02
  1.4284E-02
  1.4251E-02
  1.4232E-02
  1.4210E-02
  1.4253E-02
  1.4277E-02
  1.4292E-02
  1.4229E-02
  1.4216E-02
  1.4221E-02
  1.4211E-02
  1.4188E-02
  1.4153E-02
  1.4111E-02
  1.4095E-02
  1.4068E-02
  1.4072E-02
  1.4057E-02
  1.3996E-02
  1.3965E-02
  1.3907E-02
  1.3890E-02
  1.3889E-02
  1.3863E-02
  1.3810E-02
  1.3759E-02
  1.3714E-02
  1.3699E-02
  1.3683E-02
  1.3662E-02
  1.3617E-02
  1.3578E-02
  1.3533E-02
  1.3486E-02
  1.3540E-02
  1.3531E-02
  1.3491E-02
  1.3432E-02
  1.3396E-02
  1.3393E-02
  1.3374E-02
  1.3357E-02
  1.3351E-02
  1.3344E-02
  1.3301E-02
  1.3276E-02
  1.3220E-02
  1.3205E-02
  1.3216E-02
  1.3228E-02
  1.3224E-02
  1.3189E-02
  1.3168E-02
  1.3127E-02
  1.3119E-02
  1.3110E-02
  1.3103E-02
  1.3082E-02
  1.3026E-02
  1.3027E-02
  1.2982E-02
  1.2963E-02
  1.2975E-02
  1.2981E-02
  1.3006E-02
  1.2960E-02
  1.2919E-02
  1.2908E-02
  1.2838E-02
  1.2822E-02
  1.2797E-02
  1.2803E-02
  1.2734E-02
  1.2731E-02
  1.2695E-02
  1.2646E-02
  1.2605E-02
  1.2595E-02
  1.2558E-02
  1.2561E-02
  1.2595E-02
  1.2586E-02
  1.2563E-02
  1.2581E-02
  1.2554E-02
  1.2539E-02
  1.2523E-02
  1.2516E-02
  1.2481E-02
  1.2484E-02
  1.2433E-02
  1.2455E-02
  1.2443E-02
  1.2394E-02
  1.2405E-02
  1.2381E-02
  1.2329E-02
  1.2271E-02
  1.2227E-02
  1.2174E-02
  1.2131E-02
  1.2091E-02
  1.2090E-02
  1.2036E-02
  1.1983E-02
  1.1941E-02
  1.1923E-02
  1.1876E-02
  1.1853E-02
  1.1791E-02
  1.1724E-02
  1.1646E-02
  1.1566E-02
  1.1541E-02
  1.1503E-02
  1.1451E-02
  1.1445E-02
  1.1407E-02
  1.1366E-02
  1.1350E-02
  1.1319E-02
  1.1310E-02
  1.1288E-02
  1.1272E-02
  1.1263E-02
  1.1197E-02
  1.1143E-02
  1.1052E-02
  1.0986E-02
  1.0941E-02
  1.0938E-02
  1.0914E-02
  1.0843E-02
  1.0786E-02
  1.0752E-02
  1.0723E-02
  1.0690E-02
  1.0629E-02
  1.0552E-02
  1.0559E-02
  1.0503E-02
  1.0453E-02
  1.0443E-02
  1.0408E-02
  1.0352E-02
  1.0265E-02
  1.0173E-02
  1.0054E-02
  9.9233E-03
  9.8679E-03
  9.8032E-03
  9.7659E-03
  9.7254E-03
  9.6794E-03
  9.5968E-03
  9.5391E-03
  9.5248E-03
  9.4715E-03
  9.4129E-03
  9.3650E-03
  9.3399E-03
  9.2805E-03
  9.1884E-03
  9.0981E-03
  9.0272E-03
  8.9737E-03
  8.9186E-03
  8.8676E-03
  8.7978E-03
  8.7128E-03
  8.6699E-03
  8.6060E-03
  8.6061E-03
  8.5773E-03
  8.4917E-03
  8.4299E-03
  8.3339E-03
  8.2479E-03
  8.1766E-03
  8.0811E-03
  8.0134E-03
  7.9289E-03
  7.8424E-03
  7.7544E-03
  7.7167E-03
  7.6551E-03
  7.6020E-03
  7.5377E-03
  7.4720E-03
  7.4353E-03
  7.3850E-03
  7.3611E-03
  7.3352E-03
  7.2927E-03
  7.3060E-03
  7.2722E-03
  7.2639E-03
  7.2712E-03
  7.2728E-03
  7.2722E-03
  7.2789E-03
  7.2755E-03
  7.2424E-03
  7.2025E-03
  7.1744E-03
  7.1932E-03
  7.1767E-03
  7.1590E-03
  7.1751E-03
  7.1046E-03
  7.0548E-03
  6.9932E-03
  6.9541E-03
  6.9566E-03
  6.9732E-03
  6.9295E-03
  6.8906E-03
  6.8400E-03
  6.8554E-03
  6.8003E-03
  6.7713E-03
  6.7678E-03
  6.7315E-03
  6.7594E-03
  6.7611E-03
  6.7428E-03
  6.6896E-03
  6.6131E-03
  6.5865E-03
  6.5521E-03
  6.5216E-03
  6.4724E-03
  6.4102E-03
  6.3405E-03
  6.2965E-03
  6.2367E-03
  6.1785E-03
  6.0846E-03
  6.0269E-03
  5.9622E-03
  5.8614E-03
  5.7980E-03
  5.7041E-03
  5.6274E-03
  5.5368E-03
  5.4450E-03
  5.3361E-03
  5.2180E-03
  5.1175E-03
  5.0459E-03
  5.0117E-03
  4.9697E-03
  4.8999E-03
  4.8158E-03
  4.6957E-03
  4.6000E-03
  4.5222E-03
  4.4253E-03
  4.3551E-03
  4.2441E-03
  4.1722E-03
  4.1132E-03
  4.0282E-03
  3.9271E-03
  3.8379E-03
  3.7196E-03
  3.6276E-03
  3.5836E-03
  3.5237E-03
  3.4868E-03
  3.4389E-03
  3.4139E-03
  3.3811E-03
  3.3360E-03
  3.2789E-03
  3.2353E-03
  3.1703E-03
  3.1147E-03
  3.0409E-03
  2.9450E-03
  2.8393E-03
  2.7784E-03
  2.6876E-03
  2.5869E-03
  2.4864E-03
  2.3957E-03
  2.2906E-03
  2.2125E-03
  2.1863E-03
  2.1472E-03
  2.0903E-03
  2.0373E-03
  1.9614E-03
  1.8828E-03
  1.8075E-03
  1.7285E-03
  1.6606E-03
  1.6226E-03
  1.5682E-03
  1.5294E-03
  1.4643E-03
  1.4087E-03
  1.4085E-03
  1.3787E-03
  1.3650E-03
  1.3551E-03
  1.3352E-03
  1.3178E-03
  1.2927E-03
  1.2738E-03
  1.2395E-03
  1.2120E-03
  1.1797E-03
  1.1518E-03
  1.1234E-03
  1.1106E-03
  1.0826E-03
  1.0318E-03
  9.9758E-04
  9.6206E-04
  9.2226E-04
  8.8391E-04
  8.4735E-04
  8.3609E-04
  8.1360E-04
  7.9303E-04
  7.7861E-04
  7.5220E-04
  7.0590E-04
  7.1540E-04
  7.1866E-04
  7.2843E-04
  7.2269E-04
  7.2322E-04
  7.2602E-04
  7.1596E-04
  7.0695E-04
  6.8914E-04
  6.7957E-04
  6.7938E-04
  6.7038E-04
  6.5608E-04
  6.5071E-04
  6.4257E-04
  6.5343E-04
  6.6871E-04
  6.9438E-04
  7.1025E-04
  7.1902E-04
  7.1113E-04
  7.0682E-04
  6.8628E-04
  6.8944E-04
  6.7381E-04
  6.8240E-04
  6.8135E-04
  6.8122E-04
  6.7146E-04
  6.5898E-04
  6.4208E-04
  6.1209E-04
  5.8836E-04
  5.7570E-04
  5.7075E-04
  5.5972E-04
  5.5516E-04
  5.5946E-04
  5.6081E-04
  5.4245E-04
  5.2312E-04
  5.0555E-04
  4.8648E-04
  4.6528E-04
  4.4274E-04
  1.0000E+99
  1.0000E+99
  1.0000E+99
  1.0000E+99
  1.0000E+99
  1.0000E+99
  1.0000E+99
  1.0000E+99
  1.0000E+99
  1.0000E+99
  1.0000E+99
  1.0000E+99
  1.0000E+99
  1.0000E+99
  1.0000E+99
  1.0000E+99
  1.0000E+99
  1.0000E+99
  1.0000E+99
  1.0000E+99
  1.0000E+99
  1.0000E+99
  1.0000E+99
  1.0000E+99
  1.0000E+99
  1.0000E+99
  1.0000E+99
  1.0000E+99
  1.0000E+99
  1.0000E+99
  1.0000E+99
  1.0000E+99
  1.0000E+99
  1.0000E+99
  1.0000E+99
  1.0000E+99
  1.0000E+99
  1.0000E+99
  1.0000E+99
  1.0000E+99
  1.0000E+99
  1.0000E+99
  1.0000E+99
  1.0000E+99
  1.0000E+99
  1.0000E+99
  1.0000E+99
  1.0000E+99
  1.0000E+99
  1.0000E+99
  1.0000E+99
  1.0000E+99
  1.0000E+99
  1.0000E+99
  1.0000E+99
  1.0000E+99
  1.0000E+99
  1.0000E+99
  1.0000E+99
  1.0000E+99
  1.0000E+99
  1.0000E+99
  1.0000E+99
  1.0000E+99
  1.0000E+99
  1.0000E+99
  1.0000E+99
  1.0000E+99
  1.0000E+99
  1.0000E+99
  1.0000E+99
  1.0000E+99
  1.0000E+99
  1.0000E+99
  1.0000E+99
  1.0000E+99
  1.0000E+99
  1.0000E+99
  1.0000E+99
  1.0000E+99
  1.0000E+99
  1.0000E+99
  1.0000E+99
  1.0000E+99
  1.0000E+99
  1.0000E+99
  1.0000E+99
  1.0000E+99
  1.0000E+99
  1.0000E+99
  1.0000E+99
  1.0000E+99
  1.0000E+99
  1.0000E+99
  1.0000E+99
  1.0000E+99
  1.0000E+99
  1.0000E+99
  1.0000E+99
  1.0000E+99
  1.0000E+99
  1.0000E+99
  1.0000E+99
  1.0000E+99
  1.0000E+99
  1.0000E+99
  1.0000E+99
  1.0000E+99
  1.0000E+99
  1.0000E+99
  1.0000E+99
  1.0000E+99
  1.0000E+99
  1.0000E+99
  1.0000E+99
  1.0000E+99
  1.0000E+99
  1.0000E+99
  1.0000E+99
  1.0000E+99
  1.0000E+99
  1.0000E+99
  1.0000E+99
  1.0000E+99
  1.0000E+99
  1.0000E+99
  1.0000E+99
  1.0000E+99
  1.0000E+99
  1.0000E+99
  1.0000E+99
  1.0000E+99
  1.0000E+99
  1.0000E+99
  1.0000E+99
  1.0000E+99
  1.0000E+99
  1.0000E+99
  1.0000E+99
  1.0000E+99
  1.0000E+99
  1.0000E+99
  1.0000E+99
  1.0000E+99
  1.0000E+99
  1.0000E+99
  1.0000E+99
  1.0000E+99
  1.0000E+99
  1.0000E+99
  1.0000E+99
  1.0000E+99
  1.0000E+99
  1.0000E+99
  1.0000E+99
  1.0000E+99
  1.0000E+99
  1.0000E+99
  1.0000E+99
  1.0000E+99
  1.0000E+99
  1.0000E+99
  1.0000E+99
  1.0000E+99
  1.0000E+99
  1.0000E+99
  1.0000E+99
  1.0000E+99
  1.0000E+99
  1.0000E+99
  1.0000E+99
  1.0000E+99
  1.0000E+99
  1.0000E+99
  1.0000E+99
  1.0000E+99
  1.0000E+99
  1.0000E+99
  1.0000E+99
  1.0000E+99
  1.0000E+99
  1.0000E+99
  1.0000E+99
  1.0000E+99
  1.0000E+99
  1.0000E+99
  1.0000E+99
  1.0000E+99
  1.0000E+99
  1.0000E+99
  1.0000E+99
  1.0000E+99
  1.0000E+99
  1.0000E+99
  1.0000E+99
  1.0000E+99
  1.0000E+99
  1.0000E+99
  1.0000E+99
  1.0000E+99
  1.0000E+99
  1.0000E+99
  1.0000E+99
  1.0000E+99
  1.0000E+99
  1.0000E+99
  1.0000E+99
  1.0000E+99
  1.0000E+99
  1.0000E+99
  1.0000E+99
  1.0000E+99
  1.0000E+99
  1.0000E+99
  1.0000E+99
  1.0000E+99
  1.0000E+99
  1.0000E+99
  1.0000E+99
  1.0000E+99
  1.0000E+99
  1.0000E+99
  1.0000E+99
  1.0000E+99
  1.0000E+99
  1.0000E+99
  1.0000E+99
  1.0000E+99
  1.0000E+99
  1.0000E+99
  1.0000E+99
  1.0000E+99
  1.0000E+99
  1.0000E+99
  1.0000E+99
  1.0000E+99
  1.0000E+99
  1.0000E+99
  1.0000E+99
  1.0000E+99
  1.0000E+99
  1.0000E+99
  1.0000E+99
  1.0000E+99
  1.0000E+99
  1.0000E+99
  1.0000E+99
  1.0000E+99
  1.0000E+99
  1.0000E+99
  1.0000E+99
  1.0000E+99
  1.0000E+99
  1.0000E+99
  1.0000E+99
  1.0000E+99
  1.0000E+99
  1.0000E+99
  1.0000E+99
  1.0000E+99
  1.0000E+99
  1.0000E+99
  1.0000E+99
  1.0000E+99
  1.0000E+99
  1.0000E+99
  1.0000E+99
  1.0000E+99
  1.0000E+99
  1.0000E+99
  1.0000E+99
  1.0000E+99
  1.0000E+99
  1.0000E+99
  1.0000E+99
  1.0000E+99
  1.0000E+99
  1.0000E+99
  1.0000E+99
  1.0000E+99
  1.0000E+99
  1.0000E+99
  1.0000E+99
  1.0000E+99
  1.0000E+99
  1.0000E+99
  1.0000E+99
  1.0000E+99
  1.0000E+99
  1.0000E+99
  1.0000E+99
  1.0000E+99
  1.0000E+99
  1.0000E+99
  1.0000E+99
  1.0000E+99
  1.0000E+99
  1.0000E+99
  1.0000E+99
  1.0000E+99
  1.0000E+99
  1.0000E+99
  1.0000E+99
  1.0000E+99
  1.0000E+99
  1.0000E+99
  1.0000E+99
  1.0000E+99
  1.0000E+99
  1.0000E+99
  1.0000E+99
  1.0000E+99
  1.0000E+99
  1.0000E+99
  1.0000E+99
  1.0000E+99
  1.0000E+99
  1.0000E+99
  1.0000E+99
  1.0000E+99
  1.0000E+99
  1.0000E+99
  1.0000E+99
  1.0000E+99
  1.0000E+99
  1.0000E+99
  1.0000E+99
  1.0000E+99
  1.0000E+99
  1.0000E+99
  1.0000E+99
  1.0000E+99
  1.0000E+99
  1.0000E+99
  1.0000E+99
  1.0000E+99
  1.0000E+99
  1.0000E+99
  1.0000E+99
  1.0000E+99
  1.0000E+99
  1.0000E+99
  1.0000E+99
  1.0000E+99
  1.0000E+99
  1.0000E+99
  1.0000E+99
  1.0000E+99
  1.0000E+99
  1.0000E+99
  1.0000E+99
  1.0000E+99
  1.0000E+99
  1.0000E+99
  1.0000E+99
  1.0000E+99
  1.0000E+99
  1.0000E+99
  1.0000E+99
  1.0000E+99
  1.0000E+99
  1.0000E+99
  1.0000E+99
  1.0000E+99
  1.0000E+99
  1.0000E+99
  1.0000E+99
  1.0000E+99
  1.0000E+99
  1.0000E+99
  1.0000E+99
  1.0000E+99
  1.0000E+99
  1.0000E+99
  1.0000E+99
  1.0000E+99
  1.0000E+99
  1.0000E+99
  1.0000E+99
  1.0000E+99
  1.0000E+99
  1.0000E+99
  1.0000E+99
  1.0000E+99
  1.0000E+99
  1.0000E+99
  1.0000E+99
  1.0000E+99
  1.0000E+99
  1.0000E+99
  1.0000E+99
  1.0000E+99
  1.0000E+99
  1.0000E+99
  1.0000E+99
  1.0000E+99
  1.0000E+99
  1.0000E+99
  1.0000E+99
  1.0000E+99
  1.0000E+99
  1.0000E+99
  1.0000E+99
  1.0000E+99
  1.0000E+99
  1.0000E+99
  1.0000E+99
  1.0000E+99
  1.0000E+99
  1.0000E+99
  1.0000E+99
  1.0000E+99
  1.0000E+99
  1.0000E+99
  1.0000E+99
  1.0000E+99
  1.0000E+99
  1.0000E+99
  1.0000E+99
  1.0000E+99
  1.0000E+99
  1.0000E+99
  1.0000E+99
  1.0000E+99
  1.0000E+99
  1.0000E+99
  1.0000E+99
  1.0000E+99
  1.0000E+99
  1.0000E+99
  1.0000E+99
  1.0000E+99
  1.0000E+99
  1.0000E+99
  1.0000E+99
  1.0000E+99
  1.0000E+99
  1.0000E+99
  1.0000E+99
  1.0000E+99
  1.0000E+99
  1.0000E+99
  1.0000E+99
  1.0000E+99
  1.0000E+99
  1.0000E+99
  1.0000E+99
  1.0000E+99
  1.0000E+99
  1.0000E+99
  1.0000E+99
  1.0000E+99
  1.0000E+99
  1.0000E+99
  1.0000E+99
  1.0000E+99
  1.0000E+99
  1.0000E+99
  1.0000E+99
  1.0000E+99
  1.0000E+99
  1.0000E+99
  1.0000E+99
  1.0000E+99
  1.0000E+99
  1.0000E+99
  1.0000E+99
  1.0000E+99
  1.0000E+99
  1.0000E+99
  1.0000E+99
  1.0000E+99
  1.0000E+99
  1.0000E+99
  1.0000E+99
  1.0000E+99
  1.0000E+99
  1.0000E+99
  1.0000E+99
  1.0000E+99
  1.0000E+99
  1.0000E+99
  1.0000E+99
  1.0000E+99
  1.0000E+99
  3.0320E-04
  3.0968E-04
  3.2013E-04
  3.2622E-04
  3.4110E-04
  3.4784E-04
  3.4363E-04
  3.5749E-04
  3.7168E-04
  3.8330E-04
  3.8567E-04
  3.9028E-04
  3.8056E-04
  3.8193E-04
  3.7841E-04
  3.7496E-04
  3.6418E-04
  3.5565E-04
  3.6621E-04
  3.7621E-04
  4.0808E-04
  4.4808E-04
  4.8893E-04
  5.3035E-04
  5.6626E-04
  5.8697E-04
  6.0217E-04
  6.3386E-04
  6.6108E-04
  6.8971E-04
  6.9961E-04
  7.1644E-04
  7.2065E-04
  7.3456E-04
  7.6531E-04
  7.9661E-04
  8.1886E-04
  8.2841E-04
  8.4659E-04
  8.6849E-04
  9.0101E-04
  8.9111E-04
  9.0703E-04
  9.2521E-04
  9.3438E-04
  9.1678E-04
  9.1231E-04
  9.4365E-04
  9.5762E-04
  9.7810E-04
  1.0136E-03
  1.0624E-03
  1.1273E-03
  1.1865E-03
  1.2348E-03
  1.2681E-03
  1.3244E-03
  1.3603E-03
  1.3941E-03
  1.4373E-03
  1.4533E-03
  1.4788E-03
  1.5042E-03
  1.5069E-03
  1.5316E-03
  1.5419E-03
  1.5452E-03
  1.5629E-03
  1.5761E-03
  1.5975E-03
  1.6182E-03
  1.6261E-03
  1.6423E-03
  1.6590E-03
  1.6803E-03
  1.7258E-03
  1.7544E-03
  1.7893E-03
  1.8333E-03
  1.8925E-03
  1.9394E-03
  1.9573E-03
  1.9774E-03
  2.0252E-03
  2.0998E-03
  2.1530E-03
  2.2107E-03
  2.2664E-03
  2.3311E-03
  2.4276E-03
  2.5374E-03
  2.6213E-03
  2.6982E-03
  2.7679E-03
  2.8113E-03
  2.8617E-03
  2.9075E-03
  2.9379E-03
  2.9838E-03
  3.0435E-03
  3.0752E-03
  3.0966E-03
  3.1599E-03
  3.2228E-03
  3.2896E-03
  3.3150E-03
  3.4048E-03
  3.4882E-03
  3.5652E-03
  3.6227E-03
  3.6902E-03
  3.7513E-03
  3.8448E-03
  3.9035E-03
  3.9806E-03
  4.0478E-03
  4.1261E-03
  4.2094E-03
  4.3106E-03
  4.3802E-03
  4.4416E-03
  4.5166E-03
  4.5960E-03
  4.6715E-03
  4.7720E-03
  4.9025E-03
  5.0386E-03
  5.1607E-03
  5.2589E-03
  5.3871E-03
  5.4882E-03
  5.6051E-03
  5.7309E-03
  5.8083E-03
  5.8933E-03
  5.9369E-03
  6.0155E-03
  6.1032E-03
  6.1716E-03
  6.2387E-03
  6.3053E-03
  6.3450E-03
  6.3723E-03
  6.4478E-03
  6.4892E-03
  6.5408E-03
  6.6009E-03
  6.6188E-03
  6.6336E-03
  6.6618E-03
  6.7085E-03
  6.7743E-03
  6.8168E-03
  6.8256E-03
  6.8383E-03
  6.8466E-03
  6.8591E-03
  6.8632E-03
  6.8857E-03
  6.8633E-03
  6.9358E-03
  6.9877E-03
  7.0606E-03
  7.1113E-03
  7.1475E-03
  7.1994E-03
  7.2294E-03
  7.2731E-03
  7.3372E-03
  7.3774E-03
  7.4423E-03
  7.5344E-03
  7.6213E-03
  7.7153E-03
  7.8081E-03
  7.8778E-03
  7.9713E-03
  8.0333E-03
  8.1006E-03
  8.1501E-03
  8.2705E-03
  8.2965E-03
  8.3212E-03
  8.4103E-03
  8.4703E-03
  8.5459E-03
  8.5949E-03
  8.6666E-03
  8.7215E-03
  8.7610E-03
  8.8575E-03
  8.9343E-03
  8.9814E-03
  9.0669E-03
  9.0968E-03
  9.1932E-03
  9.2517E-03
  9.3539E-03
  9.4298E-03
  9.4572E-03
  9.4706E-03
  9.5006E-03
  9.5390E-03
  9.5476E-03
  9.5690E-03
  9.5835E-03
  9.5987E-03
  9.6006E-03
  9.6149E-03
  9.5897E-03
  9.5443E-03
  9.5465E-03
  9.5505E-03
  9.5413E-03
  9.5621E-03
  9.5543E-03
  9.5329E-03
  9.5297E-03
  9.5465E-03
  9.5424E-03
  9.5729E-03
  9.6057E-03
  9.6196E-03
  9.6080E-03
  9.6251E-03
  9.6312E-03
  9.6387E-03
  9.6117E-03
  9.6057E-03
  9.5982E-03
  9.6059E-03
  9.5996E-03
  9.5577E-03
  9.5328E-03
  9.4435E-03
  9.4083E-03
  9.3565E-03
  9.3200E-03
  9.2920E-03
  9.2323E-03
  9.2130E-03
  9.1404E-03
  9.0861E-03
  9.0412E-03
  8.9648E-03
  8.8890E-03
  8.8090E-03
  8.7164E-03
  8.6341E-03
  8.5657E-03
  8.4594E-03
  8.3727E-03
  8.2532E-03
  8.1402E-03
  8.0216E-03
  7.9361E-03
  7.8299E-03
  7.7324E-03
  7.6237E-03
  7.5123E-03
  7.4074E-03
  7.2846E-03
  7.1464E-03
  7.0377E-03
  6.8739E-03
  6.7451E-03
  6.6428E-03
  6.5295E-03
  6.3824E-03
  6.2692E-03
  6.1672E-03
  6.0647E-03
  5.9601E-03
  5.8479E-03
  5.7349E-03
  5.5890E-03
  5.4229E-03
  5.2879E-03
  5.1778E-03
  5.0327E-03
  4.9151E-03
  4.8125E-03
  4.7039E-03
  4.5832E-03
  4.4611E-03
  4.3422E-03
  4.2418E-03
  4.1434E-03
  4.0418E-03
  3.9379E-03
  3.8571E-03
  3.7522E-03
  3.6719E-03
  3.5839E-03
  3.5003E-03
  3.4001E-03
  3.3227E-03
  3.2481E-03
  3.1686E-03
  3.0921E-03
  3.0158E-03
  2.9424E-03
  2.8365E-03
  2.7545E-03
  2.6798E-03
  2.6048E-03
  2.5279E-03
  2.4472E-03
  2.3682E-03
  2.2973E-03
  2.2258E-03
  2.1548E-03
  2.0943E-03
  1.9976E-03
  1.9147E-03
  1.8482E-03
  1.6937E-03
  1.6046E-03
  1.5376E-03
  1.4629E-03
  1.3799E-03
  1.3134E-03
  1.2446E-03
  1.1812E-03
  1.1231E-03
  1.0286E-03
  9.6670E-04
  9.1324E-04
  8.6238E-04
  8.2109E-04
  7.8401E-04
  7.4529E-04
  7.0147E-04
  6.5947E-04
  6.2081E-04
  5.8255E-04
  5.3626E-04
  5.0117E-04
  4.7330E-04
  4.4772E-04
  4.2201E-04
  3.9511E-04
  3.6553E-04
  3.3764E-04
  3.1512E-04
  2.9227E-04
  2.7119E-04
  2.5354E-04
  2.3429E-04
  2.1390E-04
  1.9549E-04
  1.7572E-04
  1.5414E-04
  1.4182E-04
  1.3214E-04
  1.2067E-04
  1.0824E-04
  9.9460E-05
  8.8946E-05
  7.7700E-05
  6.4912E-05
  5.8192E-05
  4.9623E-05
  3.9112E-05
  3.3170E-05
  2.5290E-05
  1.8859E-05
  1.5779E-05
  1.2863E-05
  8.0725E-06
  6.5162E-06
  6.1876E-06
  5.8495E-06
  5.5002E-06
  5.1376E-06
  4.7588E-06
  4.3598E-06
  3.9345E-06
  3.4735E-06
  2.9604E-06
  2.3617E-06
  1.5834E-06
  0.0000E+00
  0.0000E+00
  0.0000E+00
  0.0000E+00
  0.0000E+00
  0.0000E+00
  0.0000E+00
  0.0000E+00
  0.0000E+00
  0.0000E+00
  0.0000E+00
  0.0000E+00
  0.0000E+00
  0.0000E+00
  0.0000E+00
  0.0000E+00
  0.0000E+00
  0.0000E+00
  0.0000E+00
  0.0000E+00
  0.0000E+00
  0.0000E+00
  0.0000E+00
  0.0000E+00
  0.0000E+00
  0.0000E+00
  0.0000E+00
  0.0000E+00
  0.0000E+00
  0.0000E+00
  0.0000E+00
  0.0000E+00
  0.0000E+00
  0.0000E+00
  0.0000E+00
  0.0000E+00
  0.0000E+00
  0.0000E+00
  0.0000E+00
  0.0000E+00
  0.0000E+00
  0.0000E+00
  0.0000E+00
  0.0000E+00
  0.0000E+00
  0.0000E+00
  8.6953E-07
  1.9474E-06
  2.6363E-06
  3.1981E-06
  3.6911E-06
  4.1400E-06
  4.5576E-06
  4.9518E-06
  6.4492E-06
  9.6168E-06
  1.1970E-05
  1.3795E-05
  1.5382E-05
  1.9019E-05
  2.3508E-05
  3.0541E-05
  3.6559E-05
  4.2457E-05
  5.1383E-05
  6.1226E-05
  7.1312E-05
  8.1716E-05
  9.7052E-05
  1.1582E-04
  1.3242E-04
  1.4845E-04
  1.6927E-04
  1.9344E-04
  2.1175E-04
  2.3523E-04
  2.5813E-04
  2.7749E-04
  2.9792E-04
  3.1724E-04
  3.3906E-04
  3.7129E-04
  3.9950E-04
  4.2915E-04
  4.6090E-04
  4.9090E-04
  5.2661E-04
  5.6426E-04
  6.0426E-04
  6.3688E-04
  6.7254E-04
  7.0667E-04
  7.4427E-04
  7.5711E-04
  7.8854E-04
  8.2736E-04
  8.6475E-04
  9.0806E-04
  9.5759E-04
  1.0090E-03
  1.0501E-03
  1.1175E-03
  1.1758E-03
  1.2112E-03
  1.2766E-03
  1.3568E-03
  1.4261E-03
  1.4715E-03
  1.5461E-03
  1.6027E-03
  1.6673E-03
  1.7365E-03
  1.8098E-03
  1.8958E-03
  1.9900E-03
  2.0800E-03
  2.1740E-03
  2.2665E-03
  2.3558E-03
  2.4477E-03
  2.5544E-03
  2.6668E-03
  2.7545E-03
  2.8382E-03
  2.9214E-03
  3.0132E-03
  3.1009E-03
  3.1994E-03
  3.2772E-03
  3.3643E-03
  3.4444E-03
  3.5351E-03
  3.6233E-03
  3.7463E-03
  3.8376E-03
  3.9682E-03
  4.0750E-03
  4.1692E-03
  4.2870E-03
  4.4306E-03
  4.4664E-03
  4.5303E-03
  4.6313E-03
  4.7650E-03
  4.8169E-03
  4.9544E-03
  5.0945E-03
  5.1862E-03
  5.3054E-03
  5.4306E-03
  5.5629E-03
  5.6908E-03
  5.8531E-03
  5.9821E-03
  6.1388E-03
  6.2847E-03
  6.4411E-03
  6.5743E-03
  6.7168E-03
  6.8664E-03
  6.9851E-03
  7.1569E-03
  7.2682E-03
  7.3720E-03
  7.5349E-03
  7.6898E-03
  7.7914E-03
  7.9003E-03
  8.0053E-03
  8.1932E-03
  8.3259E-03
  8.4352E-03
  8.5619E-03
  8.7148E-03
  8.8751E-03
  9.0261E-03
  9.1683E-03
  9.2754E-03
  9.4279E-03
  9.4642E-03
  9.5064E-03
  9.6952E-03
  9.7884E-03
  9.9293E-03
  1.0057E-02
  1.0193E-02
  1.0328E-02
  1.0469E-02
  1.0606E-02
  1.0729E-02
  1.0858E-02
  1.0977E-02
  1.1162E-02
  1.1309E-02
  1.1418E-02
  1.1556E-02
  1.1641E-02
  1.1728E-02
  1.1786E-02
  1.1910E-02
  1.2024E-02
  1.2060E-02
  1.2180E-02
  1.2270E-02
  1.2401E-02
  1.2527E-02
  1.2698E-02
  1.2888E-02
  1.3074E-02
  1.3194E-02
  1.3300E-02
  1.3332E-02
  1.3434E-02
  1.3473E-02
  1.3623E-02
  1.3676E-02
  1.3718E-02
  1.3800E-02
  1.3809E-02
  1.3930E-02
  1.4054E-02
  1.4111E-02
  1.4202E-02
  1.4195E-02
  1.4269E-02
  1.4270E-02
  1.4322E-02
  1.4303E-02
  1.4375E-02
  1.4380E-02
  1.4387E-02
  1.4419E-02
  1.4447E-02
  1.4323E-02
  1.4345E-02
  1.4384E-02
  1.4443E-02
  1.4473E-02
  1.4480E-02
  1.4528E-02
  1.4611E-02
  1.4665E-02
  1.4691E-02
  1.4727E-02
  1.4782E-02
  1.4788E-02
  1.4801E-02
  1.4884E-02
  1.4922E-02
  1.4905E-02
  1.4970E-02
  1.5014E-02
  1.5075E-02
  1.5119E-02
  1.5135E-02
  1.5228E-02
  1.5293E-02
  1.5351E-02
  1.5414E-02
  1.5518E-02
  1.5565E-02
  1.5585E-02
  1.5672E-02
  1.5744E-02
  1.5801E-02
  1.5865E-02
  1.5948E-02
  1.6016E-02
  1.6062E-02
  1.6134E-02
  1.6147E-02
  1.6225E-02
  1.6190E-02
  1.6262E-02
  1.6340E-02
  1.6398E-02
  1.6446E-02
  1.6453E-02
  1.6495E-02
  1.6544E-02
  1.6602E-02
  1.6593E-02
  1.6625E-02
  1.6621E-02
  1.6670E-02
  1.6620E-02
  1.6592E-02
  1.6570E-02
  1.6599E-02
  1.6592E-02
  1.6572E-02
  1.6479E-02
  1.6485E-02
  1.6446E-02
  1.6438E-02
  1.6347E-02
  1.6383E-02
  1.6422E-02
  1.6399E-02
  1.6432E-02
  1.6491E-02
  1.6584E-02
  1.6519E-02
  1.6607E-02
  1.6578E-02
  1.6564E-02
  1.6578E-02
  1.6664E-02
  1.6666E-02
  1.6707E-02
  1.6720E-02
  1.6754E-02
  1.6778E-02
  1.6743E-02
  1.6685E-02
  1.6713E-02
  1.6651E-02
  1.6671E-02
  1.6686E-02
  1.6576E-02
  1.6462E-02
  1.6416E-02
  1.6334E-02
  1.6111E-02
  1.6112E-02
  1.6095E-02
  1.6056E-02
  1.5990E-02
  1.5977E-02
  1.5957E-02
  1.5967E-02
  1.5896E-02
  1.5932E-02
  1.5924E-02
  1.5920E-02
  1.5920E-02
  1.5902E-02
  1.5945E-02
  1.5925E-02
  1.5930E-02
  1.5941E-02
  1.5975E-02
  1.5892E-02
  1.5873E-02
  1.5886E-02
  1.5914E-02
  1.5955E-02
  1.5833E-02
  1.5857E-02
  1.5955E-02
  1.5975E-02
  1.5957E-02
  1.5946E-02
  1.5993E-02
  1.6003E-02
  1.5913E-02
  1.5947E-02
  1.5930E-02
  1.5928E-02
  1.5957E-02
  1.5903E-02
  1.5938E-02
  1.5956E-02
  1.6003E-02
  1.6054E-02
  1.6072E-02
  1.6101E-02
  1.6120E-02
  1.6180E-02
  1.6175E-02
  1.6228E-02
  1.6278E-02
  1.6272E-02
  1.6276E-02
  1.6308E-02
  1.6281E-02
  1.6326E-02
  1.6417E-02
  1.6532E-02
  1.6680E-02
  1.6777E-02
  1.6879E-02
  1.6874E-02
  1.6908E-02
  1.6945E-02
  1.7044E-02
  1.7089E-02
  1.7099E-02
  1.7136E-02
  1.7100E-02
  1.7092E-02
  1.7125E-02
  1.7083E-02
  1.7021E-02
  1.7040E-02
  1.6997E-02
  1.6959E-02
  1.6838E-02
  1.6852E-02
  1.6815E-02
  1.6731E-02
  1.6794E-02
  1.6806E-02
  1.6765E-02
  1.6736E-02
  1.6628E-02
  1.6627E-02
  1.6581E-02
  1.6561E-02
  1.6517E-02
  1.6542E-02
  1.6485E-02
  1.6500E-02
  1.6496E-02
  1.6523E-02
  1.6468E-02
  1.6483E-02
  1.6460E-02
  1.6424E-02
  1.6444E-02
  1.6304E-02
  1.6291E-02
  1.6307E-02
  1.6258E-02
  1.6262E-02
  1.6303E-02
  1.6297E-02
  1.6366E-02
  1.6342E-02
  1.6290E-02
  1.6355E-02
  1.6329E-02
  1.6267E-02
  1.6261E-02
  1.6238E-02
  1.6261E-02
  1.6211E-02
  1.6155E-02
  1.6121E-02
  1.6068E-02
  1.6064E-02
  1.6058E-02
  1.6056E-02
  1.6008E-02
  1.5943E-02
  1.5924E-02
  1.5962E-02
  1.6019E-02
  1.6046E-02
  1.6089E-02
  1.6123E-02
  1.6127E-02
  1.6083E-02
  1.6092E-02
  1.6060E-02
  1.6055E-02
  1.5987E-02
  1.5974E-02
  1.5951E-02
  1.5985E-02
  1.5989E-02
  1.6026E-02
  1.6049E-02
  1.6125E-02
  1.6162E-02
  1.6160E-02
  1.6177E-02
  1.6114E-02
  1.6162E-02
  1.6160E-02
  1.6160E-02
  1.6200E-02
  1.6119E-02
  1.6119E-02
  1.6094E-02
  1.6029E-02
  1.5987E-02
  1.5973E-02
  1.5935E-02
  1.5934E-02
  1.5912E-02
  1.5950E-02
  1.5891E-02
  1.5879E-02
  1.5849E-02
  1.5905E-02
  1.5976E-02
  1.6020E-02
  1.6102E-02
  1.6176E-02
  1.6255E-02
  1.6291E-02
  1.6223E-02
  1.6250E-02
  1.6293E-02
  1.6291E-02
  1.6299E-02
  1.6317E-02
  1.6362E-02
  1.6399E-02
  1.6402E-02
  1.6344E-02
  1.6287E-02
  1.6287E-02
  1.6285E-02
  1.6275E-02
  1.6282E-02
  1.6214E-02
  1.6151E-02
  1.6058E-02
  1.6068E-02
  1.6012E-02
  1.6023E-02
  1.6050E-02
  1.6029E-02
  1.6027E-02
  1.6041E-02
  1.6034E-02
  1.6016E-02
  1.6028E-02
  1.6109E-02
  1.6078E-02
  1.6125E-02
  1.6136E-02
  1.6128E-02
  1.6153E-02
  1.6197E-02
  1.6207E-02
  1.6160E-02
  1.6183E-02
  1.6138E-02
  1.6125E-02
  1.6109E-02
  1.6106E-02
  1.6119E-02
  1.6130E-02
  1.6122E-02
  1.6133E-02
  1.6161E-02
  1.6176E-02
  1.6225E-02
  1.6272E-02
  1.6367E-02
  1.6372E-02
  1.6446E-02
  1.6440E-02
  1.6494E-02
  1.6568E-02
  1.6609E-02
  1.6660E-02
  1.6746E-02
  1.6852E-02
  1.6850E-02
  1.6859E-02
  1.6853E-02
  1.6803E-02
  1.6826E-02
  1.6807E-02
  1.6763E-02
  1.6680E-02
  1.6654E-02
  1.6596E-02
  1.6530E-02
  1.6485E-02
  1.6444E-02
  1.6322E-02
  1.6209E-02
  1.6108E-02
  1.6064E-02
  1.6053E-02
  1.5981E-02
  1.5988E-02
  1.5998E-02
  1.5948E-02
  1.5848E-02
  1.5832E-02
  1.5809E-02
  1.5811E-02
  1.5822E-02
  1.5826E-02
  1.5828E-02
  1.5779E-02
  1.5777E-02
  1.5706E-02
  1.5707E-02
  1.5688E-02
  1.5566E-02
  1.5543E-02
  1.5514E-02
  1.5473E-02
  1.5424E-02
  1.5398E-02
  1.5433E-02
  1.5434E-02
  1.5426E-02
  1.5516E-02
  1.5575E-02
  1.5606E-02
  1.5617E-02
  1.5603E-02
  1.5643E-02
  1.5701E-02
  1.5692E-02
  1.5653E-02
  1.5599E-02
  1.5563E-02
  1.5593E-02
  1.5640E-02
  1.5685E-02
  1.5690E-02
  1.5671E-02
  1.5708E-02
  1.5695E-02
  1.5670E-02
  1.5705E-02
  1.5756E-02
  1.5827E-02
  1.5892E-02
  1.5928E-02
  1.5896E-02
  1.5905E-02
  1.5883E-02
  1.5831E-02
  1.5830E-02
  1.5832E-02
  1.5807E-02
  1.5746E-02
  1.5752E-02
  1.5745E-02
  1.5748E-02
  1.5730E-02
  1.5719E-02
  1.5784E-02
  1.5824E-02
  1.5843E-02
  1.5876E-02
  1.5901E-02
  1.5960E-02
  1.6018E-02
  1.6053E-02
  1.6054E-02
  1.6042E-02
  1.6049E-02
  1.6108E-02
  1.6148E-02
  1.6166E-02
  1.6197E-02
  1.6196E-02
  1.6240E-02
  1.6257E-02
  1.6263E-02
  1.6265E-02
  1.6337E-02
  1.6412E-02
  1.6447E-02
  1.6456E-02
  1.6446E-02
  1.6406E-02
  1.6421E-02
  1.6445E-02
  1.6508E-02
  1.6564E-02
  1.6597E-02
  1.6592E-02
  1.6653E-02
  1.6709E-02
  1.6765E-02
  1.6828E-02
  1.6871E-02
  1.6909E-02
  1.6940E-02
  1.6973E-02
  1.7003E-02
  1.6995E-02
  1.6964E-02
  
