r_center | r_left | r_right | NH | cumulated NH
  1.0116E+00  1.0000E+00  1.0233E+00  0.0000E+00  0.0000E+00
  1.0351E+00  1.0233E+00  1.0471E+00  0.0000E+00  0.0000E+00
  1.0593E+00  1.0471E+00  1.0715E+00  0.0000E+00  0.0000E+00
  1.0839E+00  1.0715E+00  1.0965E+00  0.0000E+00  0.0000E+00
  1.1092E+00  1.0965E+00  1.1220E+00  0.0000E+00  0.0000E+00
  1.1350E+00  1.1220E+00  1.1482E+00  0.0000E+00  0.0000E+00
  1.1614E+00  1.1482E+00  1.1749E+00  0.0000E+00  0.0000E+00
  1.1885E+00  1.1749E+00  1.2023E+00  0.0000E+00  0.0000E+00
  1.2162E+00  1.2023E+00  1.2303E+00  0.0000E+00  0.0000E+00
  1.2445E+00  1.2303E+00  1.2589E+00  0.0000E+00  0.0000E+00
  1.2735E+00  1.2589E+00  1.2882E+00  0.0000E+00  0.0000E+00
  1.3032E+00  1.2882E+00  1.3183E+00  0.0000E+00  0.0000E+00
  1.3335E+00  1.3183E+00  1.3490E+00  0.0000E+00  0.0000E+00
  1.3646E+00  1.3490E+00  1.3804E+00  0.0000E+00  0.0000E+00
  1.3964E+00  1.3804E+00  1.4125E+00  0.0000E+00  0.0000E+00
  1.4289E+00  1.4125E+00  1.4454E+00  0.0000E+00  0.0000E+00
  1.4622E+00  1.4454E+00  1.4791E+00  0.0000E+00  0.0000E+00
  1.4962E+00  1.4791E+00  1.5136E+00  0.0000E+00  0.0000E+00
  1.5311E+00  1.5136E+00  1.5488E+00  0.0000E+00  0.0000E+00
  1.5668E+00  1.5488E+00  1.5849E+00  0.0000E+00  0.0000E+00
  1.6032E+00  1.5849E+00  1.6218E+00  0.0000E+00  0.0000E+00
  1.6406E+00  1.6218E+00  1.6596E+00  0.0000E+00  0.0000E+00
  1.6788E+00  1.6596E+00  1.6982E+00  0.0000E+00  0.0000E+00
  1.7179E+00  1.6982E+00  1.7378E+00  0.0000E+00  0.0000E+00
  1.7579E+00  1.7378E+00  1.7783E+00  0.0000E+00  0.0000E+00
  1.7989E+00  1.7783E+00  1.8197E+00  0.0000E+00  0.0000E+00
  1.8408E+00  1.8197E+00  1.8621E+00  1.8280E-03  1.8280E-03
  1.8836E+00  1.8621E+00  1.9055E+00  6.9959E-05  1.8980E-03
  1.9275E+00  1.9055E+00  1.9498E+00  1.8737E-03  3.7717E-03
  1.9724E+00  1.9498E+00  1.9953E+00  3.2181E-04  4.0935E-03
  2.0184E+00  1.9953E+00  2.0417E+00  2.3784E-04  4.3314E-03
  2.0654E+00  2.0417E+00  2.0893E+00  0.0000E+00  4.3314E-03
  2.1135E+00  2.0893E+00  2.1380E+00  7.9996E-04  5.1313E-03
  2.1627E+00  2.1380E+00  2.1878E+00  0.0000E+00  5.1313E-03
  2.2131E+00  2.1878E+00  2.2387E+00  1.7957E-03  6.9270E-03
  2.2646E+00  2.2387E+00  2.2909E+00  1.3537E-03  8.2806E-03
  2.3174E+00  2.2909E+00  2.3442E+00  0.0000E+00  8.2806E-03
  2.3714E+00  2.3442E+00  2.3988E+00  6.3259E-04  8.9132E-03
  2.4266E+00  2.3988E+00  2.4547E+00  6.6342E-04  9.5767E-03
  2.4831E+00  2.4547E+00  2.5119E+00  0.0000E+00  9.5767E-03
  2.5410E+00  2.5119E+00  2.5704E+00  5.6036E-04  1.0137E-02
  2.6002E+00  2.5704E+00  2.6303E+00  1.4896E-04  1.0286E-02
  2.6607E+00  2.6303E+00  2.6915E+00  0.0000E+00  1.0286E-02
  2.7227E+00  2.6915E+00  2.7542E+00  0.0000E+00  1.0286E-02
  2.7861E+00  2.7542E+00  2.8184E+00  2.4746E-04  1.0533E-02
  2.8510E+00  2.8184E+00  2.8840E+00  6.0960E-04  1.1143E-02
  2.9174E+00  2.8840E+00  2.9512E+00  5.5035E-04  1.1693E-02
  2.9854E+00  2.9512E+00  3.0200E+00  0.0000E+00  1.1693E-02
  3.0549E+00  3.0200E+00  3.0903E+00  5.1391E-04  1.2207E-02
  3.1261E+00  3.0903E+00  3.1623E+00  0.0000E+00  1.2207E-02
  3.1989E+00  3.1623E+00  3.2359E+00  0.0000E+00  1.2207E-02
  3.2734E+00  3.2359E+00  3.3113E+00  0.0000E+00  1.2207E-02
  3.3497E+00  3.3113E+00  3.3884E+00  0.0000E+00  1.2207E-02
  3.4277E+00  3.3884E+00  3.4674E+00  0.0000E+00  1.2207E-02
  3.5075E+00  3.4674E+00  3.5481E+00  4.0418E-04  1.2611E-02
  3.5892E+00  3.5481E+00  3.6308E+00  3.2714E-04  1.2939E-02
  3.6728E+00  3.6308E+00  3.7154E+00  4.0180E-04  1.3340E-02
  3.7584E+00  3.7154E+00  3.8019E+00  4.1107E-04  1.3751E-02
  3.8459E+00  3.8019E+00  3.8905E+00  0.0000E+00  1.3751E-02
  3.9355E+00  3.8905E+00  3.9811E+00  1.0983E-04  1.3861E-02
  4.0272E+00  3.9811E+00  4.0738E+00  0.0000E+00  1.3861E-02
  4.1210E+00  4.0738E+00  4.1687E+00  5.2980E-04  1.4391E-02
  4.2170E+00  4.1687E+00  4.2658E+00  0.0000E+00  1.4391E-02
  4.3152E+00  4.2658E+00  4.3652E+00  4.3752E-04  1.4829E-02
  4.4157E+00  4.3652E+00  4.4668E+00  0.0000E+00  1.4829E-02
  4.5186E+00  4.4668E+00  4.5709E+00  6.0432E-05  1.4889E-02
  4.6238E+00  4.5709E+00  4.6774E+00  2.6084E-04  1.5150E-02
  4.7315E+00  4.6774E+00  4.7863E+00  2.5206E-04  1.5402E-02
  4.8417E+00  4.7863E+00  4.8978E+00  4.7667E-04  1.5879E-02
  4.9545E+00  4.8978E+00  5.0119E+00  2.7037E-04  1.6149E-02
  5.0699E+00  5.0119E+00  5.1286E+00  1.0425E-04  1.6253E-02
  5.1880E+00  5.1286E+00  5.2481E+00  0.0000E+00  1.6253E-02
  5.3088E+00  5.2481E+00  5.3703E+00  2.3235E-04  1.6486E-02
  5.4325E+00  5.3703E+00  5.4954E+00  0.0000E+00  1.6486E-02
  5.5590E+00  5.4954E+00  5.6234E+00  0.0000E+00  1.6486E-02
  5.6885E+00  5.6234E+00  5.7544E+00  0.0000E+00  1.6486E-02
  5.8210E+00  5.7544E+00  5.8884E+00  0.0000E+00  1.6486E-02
  5.9566E+00  5.8884E+00  6.0256E+00  2.9638E-04  1.6782E-02
  6.0954E+00  6.0256E+00  6.1660E+00  1.1199E-04  1.6894E-02
  6.2373E+00  6.1660E+00  6.3096E+00  0.0000E+00  1.6894E-02
  6.3826E+00  6.3096E+00  6.4565E+00  0.0000E+00  1.6894E-02
  6.5313E+00  6.4565E+00  6.6069E+00  0.0000E+00  1.6894E-02
  6.6834E+00  6.6069E+00  6.7608E+00  0.0000E+00  1.6894E-02
  6.8391E+00  6.7608E+00  6.9183E+00  1.0685E-04  1.7001E-02
  6.9984E+00  6.9183E+00  7.0795E+00  2.4911E-04  1.7250E-02
  7.1614E+00  7.0795E+00  7.2444E+00  0.0000E+00  1.7250E-02
  7.3282E+00  7.2444E+00  7.4131E+00  1.1297E-04  1.7363E-02
  7.4989E+00  7.4131E+00  7.5858E+00  2.5860E-04  1.7622E-02
  7.6736E+00  7.5858E+00  7.7625E+00  0.0000E+00  1.7622E-02
  7.8524E+00  7.7625E+00  7.9433E+00  1.3571E-04  1.7757E-02
  8.0353E+00  7.9433E+00  8.1283E+00  1.3189E-04  1.7889E-02
  8.2224E+00  8.1283E+00  8.3176E+00  0.0000E+00  1.7889E-02
  8.4140E+00  8.3176E+00  8.5114E+00  0.0000E+00  1.7889E-02
  8.6099E+00  8.5114E+00  8.7096E+00  1.0789E-04  1.7997E-02
  8.8105E+00  8.7096E+00  8.9125E+00  0.0000E+00  1.7997E-02
  9.0157E+00  8.9125E+00  9.1201E+00  0.0000E+00  1.7997E-02
  9.2257E+00  9.1201E+00  9.3325E+00  1.1760E-04  1.8115E-02
  9.4406E+00  9.3325E+00  9.5499E+00  0.0000E+00  1.8115E-02
  9.6605E+00  9.5499E+00  9.7724E+00  0.0000E+00  1.8115E-02
  9.8855E+00  9.7724E+00  1.0000E+01  0.0000E+00  1.8115E-02
  1.0116E+01  1.0000E+01  1.0233E+01  0.0000E+00  1.8115E-02
  1.0351E+01  1.0233E+01  1.0471E+01  8.1580E-05  1.8196E-02
  1.0593E+01  1.0471E+01  1.0715E+01  8.4659E-05  1.8281E-02
  1.0839E+01  1.0715E+01  1.0965E+01  6.4179E-06  1.8287E-02
  1.1092E+01  1.0965E+01  1.1220E+01  8.4687E-05  1.8372E-02
  1.1350E+01  1.1220E+01  1.1482E+01  3.4180E-05  1.8406E-02
  1.1614E+01  1.1482E+01  1.1749E+01  0.0000E+00  1.8406E-02
  1.1885E+01  1.1749E+01  1.2023E+01  5.1986E-05  1.8458E-02
  1.2162E+01  1.2023E+01  1.2303E+01  0.0000E+00  1.8458E-02
  1.2445E+01  1.2303E+01  1.2589E+01  1.0828E-04  1.8566E-02
  1.2735E+01  1.2589E+01  1.2882E+01  2.0835E-05  1.8587E-02
  1.3032E+01  1.2882E+01  1.3183E+01  1.0900E-04  1.8696E-02
  1.3335E+01  1.3183E+01  1.3490E+01  3.6065E-05  1.8732E-02
  1.3646E+01  1.3490E+01  1.3804E+01  4.7141E-05  1.8779E-02
  1.3964E+01  1.3804E+01  1.4125E+01  0.0000E+00  1.8779E-02
  1.4289E+01  1.4125E+01  1.4454E+01  0.0000E+00  1.8779E-02
  1.4622E+01  1.4454E+01  1.4791E+01  4.8217E-05  1.8828E-02
  1.4962E+01  1.4791E+01  1.5136E+01  5.2070E-05  1.8880E-02
  1.5311E+01  1.5136E+01  1.5488E+01  0.0000E+00  1.8880E-02
  1.5668E+01  1.5488E+01  1.5849E+01  0.0000E+00  1.8880E-02
  1.6032E+01  1.5849E+01  1.6218E+01  0.0000E+00  1.8880E-02
  1.6406E+01  1.6218E+01  1.6596E+01  2.4091E-05  1.8904E-02
  1.6788E+01  1.6596E+01  1.6982E+01  0.0000E+00  1.8904E-02
  1.7179E+01  1.6982E+01  1.7378E+01  6.9209E-06  1.8911E-02
  1.7579E+01  1.7378E+01  1.7783E+01  0.0000E+00  1.8911E-02
  1.7989E+01  1.7783E+01  1.8197E+01  4.1529E-05  1.8952E-02
  1.8408E+01  1.8197E+01  1.8621E+01  4.1150E-05  1.8993E-02
  1.8836E+01  1.8621E+01  1.9055E+01  5.3665E-06  1.8999E-02
  1.9275E+01  1.9055E+01  1.9498E+01  1.1017E-05  1.9010E-02
  1.9724E+01  1.9498E+01  1.9953E+01  0.0000E+00  1.9010E-02
  2.0184E+01  1.9953E+01  2.0417E+01  0.0000E+00  1.9010E-02
  2.0654E+01  2.0417E+01  2.0893E+01  0.0000E+00  1.9010E-02
  2.1135E+01  2.0893E+01  2.1380E+01  2.4414E-05  1.9034E-02
  2.1627E+01  2.1380E+01  2.1878E+01  1.8628E-05  1.9053E-02
  2.2131E+01  2.1878E+01  2.2387E+01  8.6554E-06  1.9061E-02
  2.2646E+01  2.2387E+01  2.2909E+01  7.6483E-06  1.9069E-02
  2.3174E+01  2.2909E+01  2.3442E+01  5.3606E-05  1.9123E-02
  2.3714E+01  2.3442E+01  2.3988E+01  0.0000E+00  1.9123E-02
  2.4266E+01  2.3988E+01  2.4547E+01  0.0000E+00  1.9123E-02
  2.4831E+01  2.4547E+01  2.5119E+01  2.2002E-05  1.9145E-02
  2.5410E+01  2.5119E+01  2.5704E+01  0.0000E+00  1.9145E-02
  2.6002E+01  2.5704E+01  2.6303E+01  2.2442E-05  1.9167E-02
  2.6607E+01  2.6303E+01  2.6915E+01  0.0000E+00  1.9167E-02
  2.7227E+01  2.6915E+01  2.7542E+01  0.0000E+00  1.9167E-02
  2.7861E+01  2.7542E+01  2.8184E+01  0.0000E+00  1.9167E-02
  2.8510E+01  2.8184E+01  2.8840E+01  0.0000E+00  1.9167E-02
  2.9174E+01  2.8840E+01  2.9512E+01  0.0000E+00  1.9167E-02
  2.9854E+01  2.9512E+01  3.0200E+01  0.0000E+00  1.9167E-02
  3.0549E+01  3.0200E+01  3.0903E+01  0.0000E+00  1.9167E-02
  3.1261E+01  3.0903E+01  3.1623E+01  0.0000E+00  1.9167E-02
  3.1989E+01  3.1623E+01  3.2359E+01  0.0000E+00  1.9167E-02
  3.2734E+01  3.2359E+01  3.3113E+01  1.4514E-05  1.9182E-02
  3.3497E+01  3.3113E+01  3.3884E+01  0.0000E+00  1.9182E-02
  3.4277E+01  3.3884E+01  3.4674E+01  0.0000E+00  1.9182E-02
  3.5075E+01  3.4674E+01  3.5481E+01  0.0000E+00  1.9182E-02
  3.5892E+01  3.5481E+01  3.6308E+01  6.9724E-06  1.9189E-02
  3.6728E+01  3.6308E+01  3.7154E+01  9.3404E-06  1.9198E-02
  3.7584E+01  3.7154E+01  3.8019E+01  0.0000E+00  1.9198E-02
  3.8459E+01  3.8019E+01  3.8905E+01  0.0000E+00  1.9198E-02
  3.9355E+01  3.8905E+01  3.9811E+01  0.0000E+00  1.9198E-02
  4.0272E+01  3.9811E+01  4.0738E+01  5.8618E-06  1.9204E-02
  4.1210E+01  4.0738E+01  4.1687E+01  0.0000E+00  1.9204E-02
  4.2170E+01  4.1687E+01  4.2658E+01  3.2379E-06  1.9207E-02
  4.3152E+01  4.2658E+01  4.3652E+01  1.7455E-05  1.9225E-02
  4.4157E+01  4.3652E+01  4.4668E+01  0.0000E+00  1.9225E-02
  4.5186E+01  4.4668E+01  4.5709E+01  0.0000E+00  1.9225E-02
  4.6238E+01  4.5709E+01  4.6774E+01  1.0201E-05  1.9235E-02
  4.7315E+01  4.6774E+01  4.7863E+01  3.9583E-06  1.9239E-02
  4.8417E+01  4.7863E+01  4.8978E+01  0.0000E+00  1.9239E-02
  4.9545E+01  4.8978E+01  5.0119E+01  6.5154E-06  1.9245E-02
  5.0699E+01  5.0119E+01  5.1286E+01  0.0000E+00  1.9245E-02
  5.1880E+01  5.1286E+01  5.2481E+01  0.0000E+00  1.9245E-02
  5.3088E+01  5.2481E+01  5.3703E+01  0.0000E+00  1.9245E-02
  5.4325E+01  5.3703E+01  5.4954E+01  7.0576E-06  1.9252E-02
  5.5590E+01  5.4954E+01  5.6234E+01  0.0000E+00  1.9252E-02
  5.6885E+01  5.6234E+01  5.7544E+01  0.0000E+00  1.9252E-02
  5.8210E+01  5.7544E+01  5.8884E+01  0.0000E+00  1.9252E-02
  5.9566E+01  5.8884E+01  6.0256E+01  0.0000E+00  1.9252E-02
  6.0954E+01  6.0256E+01  6.1660E+01  0.0000E+00  1.9252E-02
  6.2373E+01  6.1660E+01  6.3096E+01  0.0000E+00  1.9252E-02
  6.3826E+01  6.3096E+01  6.4565E+01  0.0000E+00  1.9252E-02
  6.5313E+01  6.4565E+01  6.6069E+01  0.0000E+00  1.9252E-02
  6.6834E+01  6.6069E+01  6.7608E+01  0.0000E+00  1.9252E-02
  6.8391E+01  6.7608E+01  6.9183E+01  1.8540E-06  1.9254E-02
  6.9984E+01  6.9183E+01  7.0795E+01  0.0000E+00  1.9254E-02
  7.1614E+01  7.0795E+01  7.2444E+01  0.0000E+00  1.9254E-02
  7.3282E+01  7.2444E+01  7.4131E+01  2.1603E-06  1.9256E-02
  7.4989E+01  7.4131E+01  7.5858E+01  1.8023E-06  1.9258E-02
  7.6736E+01  7.5858E+01  7.7625E+01  0.0000E+00  1.9258E-02
  7.8524E+01  7.7625E+01  7.9433E+01  0.0000E+00  1.9258E-02
  8.0353E+01  7.9433E+01  8.1283E+01  0.0000E+00  1.9258E-02
  8.2224E+01  8.1283E+01  8.3176E+01  0.0000E+00  1.9258E-02
  8.4140E+01  8.3176E+01  8.5114E+01  0.0000E+00  1.9258E-02
  8.6099E+01  8.5114E+01  8.7096E+01  0.0000E+00  1.9258E-02
  8.8105E+01  8.7096E+01  8.9125E+01  0.0000E+00  1.9258E-02
  9.0157E+01  8.9125E+01  9.1201E+01  0.0000E+00  1.9258E-02
  9.2257E+01  9.1201E+01  9.3325E+01  3.2671E-06  1.9261E-02
  9.4406E+01  9.3325E+01  9.5499E+01  0.0000E+00  1.9261E-02
  9.6605E+01  9.5499E+01  9.7724E+01  0.0000E+00  1.9261E-02
  9.8855E+01  9.7724E+01  1.0000E+02  2.4598E-06  1.9264E-02
