orb. phase | NH
  0.0000E+00  3.9106E-02
  5.8824E-04  3.9106E-02
  1.1765E-03  3.9107E-02
  1.7647E-03  3.9107E-02
  2.3529E-03  3.9107E-02
  2.9412E-03  3.9108E-02
  3.5294E-03  3.9109E-02
  4.1176E-03  3.9110E-02
  4.7059E-03  3.9111E-02
  5.2941E-03  3.9112E-02
  5.8824E-03  3.9113E-02
  6.4706E-03  3.9115E-02
  7.0588E-03  3.9117E-02
  7.6471E-03  3.9118E-02
  8.2353E-03  3.9120E-02
  8.8235E-03  3.9122E-02
  9.4118E-03  3.9125E-02
  1.0000E-02  3.9127E-02
  1.0588E-02  3.9129E-02
  1.1176E-02  3.9132E-02
  1.1765E-02  3.9135E-02
  1.2353E-02  3.9138E-02
  1.2941E-02  3.9141E-02
  1.3529E-02  3.9144E-02
  1.4118E-02  3.9148E-02
  1.4706E-02  3.9151E-02
  1.5294E-02  3.9155E-02
  1.5882E-02  3.9158E-02
  1.6471E-02  3.9162E-02
  1.7059E-02  3.9167E-02
  1.7647E-02  3.9171E-02
  1.8235E-02  3.9175E-02
  1.8824E-02  3.9180E-02
  1.9412E-02  3.9184E-02
  2.0000E-02  3.9189E-02
  2.0588E-02  3.9194E-02
  2.1176E-02  3.9199E-02
  2.1765E-02  3.9204E-02
  2.2353E-02  3.9210E-02
  2.2941E-02  3.9215E-02
  2.3529E-02  3.9221E-02
  2.4118E-02  3.9227E-02
  2.4706E-02  3.9233E-02
  2.5294E-02  3.9239E-02
  2.5882E-02  3.9245E-02
  2.6471E-02  3.9251E-02
  2.7059E-02  3.9258E-02
  2.7647E-02  3.9265E-02
  2.8235E-02  3.9272E-02
  2.8824E-02  3.9278E-02
  2.9412E-02  3.9286E-02
  3.0000E-02  3.9293E-02
  3.0588E-02  3.9300E-02
  3.1176E-02  3.9308E-02
  3.1765E-02  3.9315E-02
  3.2353E-02  3.9323E-02
  3.2941E-02  3.9331E-02
  3.3529E-02  3.9339E-02
  3.4118E-02  3.9348E-02
  3.4706E-02  3.9356E-02
  3.5294E-02  3.9365E-02
  3.5882E-02  3.9373E-02
  3.6471E-02  3.9382E-02
  3.7059E-02  3.9391E-02
  3.7647E-02  3.9400E-02
  3.8235E-02  3.9410E-02
  3.8824E-02  3.9419E-02
  3.9412E-02  3.9429E-02
  4.0000E-02  3.9438E-02
  4.0588E-02  3.9448E-02
  4.1176E-02  3.9458E-02
  4.1765E-02  3.9468E-02
  4.2353E-02  3.9479E-02
  4.2941E-02  3.9489E-02
  4.3529E-02  3.9500E-02
  4.4118E-02  3.9511E-02
  4.4706E-02  3.9521E-02
  4.5294E-02  3.9533E-02
  4.5882E-02  3.9544E-02
  4.6471E-02  3.9555E-02
  4.7059E-02  3.9567E-02
  4.7647E-02  3.9578E-02
  4.8235E-02  3.9590E-02
  4.8824E-02  3.9602E-02
  4.9412E-02  3.9614E-02
  5.0000E-02  3.9626E-02
  5.0588E-02  3.9638E-02
  5.1176E-02  3.9651E-02
  5.1765E-02  3.9664E-02
  5.2353E-02  3.9676E-02
  5.2941E-02  3.9689E-02
  5.3529E-02  3.9702E-02
  5.4118E-02  3.9716E-02
  5.4706E-02  3.9729E-02
  5.5294E-02  3.9743E-02
  5.5882E-02  3.9756E-02
  5.6471E-02  3.9770E-02
  5.7059E-02  3.9784E-02
  5.7647E-02  3.9798E-02
  5.8235E-02  3.9813E-02
  5.8824E-02  3.9827E-02
  5.9412E-02  3.9842E-02
  6.0000E-02  3.9856E-02
  6.0588E-02  3.9871E-02
  6.1176E-02  3.9886E-02
  6.1765E-02  3.9901E-02
  6.2353E-02  3.9917E-02
  6.2941E-02  3.9932E-02
  6.3529E-02  3.9948E-02
  6.4118E-02  3.9964E-02
  6.4706E-02  3.9980E-02
  6.5294E-02  3.9996E-02
  6.5882E-02  4.0012E-02
  6.6471E-02  4.0028E-02
  6.7059E-02  4.0045E-02
  6.7647E-02  4.0061E-02
  6.8235E-02  4.0078E-02
  6.8824E-02  4.0095E-02
  6.9412E-02  4.0112E-02
  7.0000E-02  4.0130E-02
  7.0588E-02  4.0147E-02
  7.1176E-02  4.0165E-02
  7.1765E-02  4.0182E-02
  7.2353E-02  4.0200E-02
  7.2941E-02  4.0218E-02
  7.3529E-02  4.0236E-02
  7.4118E-02  4.0255E-02
  7.4706E-02  4.0273E-02
  7.5294E-02  4.0292E-02
  7.5882E-02  4.0311E-02
  7.6471E-02  4.0330E-02
  7.7059E-02  4.0349E-02
  7.7647E-02  4.0368E-02
  7.8235E-02  4.0387E-02
  7.8824E-02  4.0407E-02
  7.9412E-02  4.0427E-02
  8.0000E-02  4.0447E-02
  8.0588E-02  4.0467E-02
  8.1176E-02  4.0487E-02
  8.1765E-02  4.0507E-02
  8.2353E-02  4.0528E-02
  8.2941E-02  4.0548E-02
  8.3529E-02  4.0569E-02
  8.4118E-02  4.0590E-02
  8.4706E-02  4.0611E-02
  8.5294E-02  4.0632E-02
  8.5882E-02  4.0654E-02
  8.6471E-02  4.0675E-02
  8.7059E-02  4.0697E-02
  8.7647E-02  4.0719E-02
  8.8235E-02  4.0741E-02
  8.8824E-02  4.0763E-02
  8.9412E-02  4.0785E-02
  9.0000E-02  4.0808E-02
  9.0588E-02  4.0830E-02
  9.1176E-02  4.0853E-02
  9.1765E-02  4.0876E-02
  9.2353E-02  4.0899E-02
  9.2941E-02  4.0923E-02
  9.3529E-02  4.0946E-02
  9.4118E-02  4.0970E-02
  9.4706E-02  4.0993E-02
  9.5294E-02  4.1017E-02
  9.5882E-02  4.1041E-02
  9.6471E-02  4.1065E-02
  9.7059E-02  4.1090E-02
  9.7647E-02  4.1114E-02
  9.8235E-02  4.1139E-02
  9.8824E-02  4.1164E-02
  9.9412E-02  4.1189E-02
  1.0000E-01  4.1214E-02
  1.0059E-01  4.1239E-02
  1.0118E-01  4.1265E-02
  1.0176E-01  4.1291E-02
  1.0235E-01  4.1316E-02
  1.0294E-01  4.1342E-02
  1.0353E-01  4.1368E-02
  1.0412E-01  4.1395E-02
  1.0471E-01  4.1421E-02
  1.0529E-01  4.1448E-02
  1.0588E-01  4.1474E-02
  1.0647E-01  4.1501E-02
  1.0706E-01  4.1528E-02
  1.0765E-01  4.1556E-02
  1.0824E-01  4.1583E-02
  1.0882E-01  4.1611E-02
  1.0941E-01  4.1638E-02
  1.1000E-01  4.1666E-02
  1.1059E-01  4.1694E-02
  1.1118E-01  4.1723E-02
  1.1176E-01  4.1751E-02
  1.1235E-01  4.1779E-02
  1.1294E-01  4.1808E-02
  1.1353E-01  4.1837E-02
  1.1412E-01  4.1866E-02
  1.1471E-01  4.1895E-02
  1.1529E-01  4.1925E-02
  1.1588E-01  4.1954E-02
  1.1647E-01  4.1984E-02
  1.1706E-01  4.2014E-02
  1.1765E-01  4.2044E-02
  1.1824E-01  4.2074E-02
  1.1882E-01  4.2104E-02
  1.1941E-01  4.2135E-02
  1.2000E-01  4.2165E-02
  1.2059E-01  4.2196E-02
  1.2118E-01  4.2227E-02
  1.2176E-01  4.2258E-02
  1.2235E-01  4.2290E-02
  1.2294E-01  4.2321E-02
  1.2353E-01  4.2353E-02
  1.2412E-01  4.2385E-02
  1.2471E-01  4.2417E-02
  1.2529E-01  4.2449E-02
  1.2588E-01  4.2481E-02
  1.2647E-01  4.2514E-02
  1.2706E-01  4.2546E-02
  1.2765E-01  4.2579E-02
  1.2824E-01  4.2612E-02
  1.2882E-01  4.2645E-02
  1.2941E-01  4.2679E-02
  1.3000E-01  4.2712E-02
  1.3059E-01  4.2746E-02
  1.3118E-01  4.2780E-02
  1.3176E-01  4.2814E-02
  1.3235E-01  4.2848E-02
  1.3294E-01  4.2882E-02
  1.3353E-01  4.2917E-02
  1.3412E-01  4.2952E-02
  1.3471E-01  4.2986E-02
  1.3529E-01  4.3021E-02
  1.3588E-01  4.3057E-02
  1.3647E-01  4.3092E-02
  1.3706E-01  4.3128E-02
  1.3765E-01  4.3163E-02
  1.3824E-01  4.3199E-02
  1.3882E-01  4.3235E-02
  1.3941E-01  4.3272E-02
  1.4000E-01  4.3308E-02
  1.4059E-01  4.3345E-02
  1.4118E-01  4.3381E-02
  1.4176E-01  4.3418E-02
  1.4235E-01  4.3455E-02
  1.4294E-01  4.3493E-02
  1.4353E-01  4.3530E-02
  1.4412E-01  4.3568E-02
  1.4471E-01  4.3606E-02
  1.4529E-01  4.3644E-02
  1.4588E-01  4.3682E-02
  1.4647E-01  4.3720E-02
  1.4706E-01  4.3759E-02
  1.4765E-01  4.3797E-02
  1.4824E-01  4.3836E-02
  1.4882E-01  4.3875E-02
  1.4941E-01  4.3914E-02
  1.5000E-01  4.3954E-02
  1.5059E-01  4.3993E-02
  1.5118E-01  4.4033E-02
  1.5176E-01  4.4073E-02
  1.5235E-01  4.4113E-02
  1.5294E-01  4.4153E-02
  1.5353E-01  4.4194E-02
  1.5412E-01  4.4235E-02
  1.5471E-01  4.4275E-02
  1.5529E-01  4.4316E-02
  1.5588E-01  4.4358E-02
  1.5647E-01  4.4399E-02
  1.5706E-01  4.4440E-02
  1.5765E-01  4.4482E-02
  1.5824E-01  4.4524E-02
  1.5882E-01  4.4566E-02
  1.5941E-01  4.4608E-02
  1.6000E-01  4.4651E-02
  1.6059E-01  4.4693E-02
  1.6118E-01  4.4736E-02
  1.6176E-01  4.4779E-02
  1.6235E-01  4.4822E-02
  1.6294E-01  4.4866E-02
  1.6353E-01  4.4909E-02
  1.6412E-01  4.4953E-02
  1.6471E-01  4.4997E-02
  1.6529E-01  4.5041E-02
  1.6588E-01  4.5085E-02
  1.6647E-01  4.5130E-02
  1.6706E-01  4.5174E-02
  1.6765E-01  4.5219E-02
  1.6824E-01  4.5264E-02
  1.6882E-01  4.5309E-02
  1.6941E-01  4.5355E-02
  1.7000E-01  4.5400E-02
  1.7059E-01  4.5446E-02
  1.7118E-01  4.5492E-02
  1.7176E-01  4.5538E-02
  1.7235E-01  4.5584E-02
  1.7294E-01  4.5631E-02
  1.7353E-01  4.5677E-02
  1.7412E-01  4.5724E-02
  1.7471E-01  4.5771E-02
  1.7529E-01  4.5819E-02
  1.7588E-01  4.5866E-02
  1.7647E-01  4.5914E-02
  1.7706E-01  4.5961E-02
  1.7765E-01  4.6009E-02
  1.7824E-01  4.6058E-02
  1.7882E-01  4.6106E-02
  1.7941E-01  4.6155E-02
  1.8000E-01  4.6203E-02
  1.8059E-01  4.6252E-02
  1.8118E-01  4.6301E-02
  1.8176E-01  4.6351E-02
  1.8235E-01  4.6400E-02
  1.8294E-01  4.6450E-02
  1.8353E-01  4.6500E-02
  1.8412E-01  4.6550E-02
  1.8471E-01  4.6600E-02
  1.8529E-01  4.6651E-02
  1.8588E-01  4.6701E-02
  1.8647E-01  4.6752E-02
  1.8706E-01  4.6803E-02
  1.8765E-01  4.6854E-02
  1.8824E-01  4.6906E-02
  1.8882E-01  4.6957E-02
  1.8941E-01  4.7009E-02
  1.9000E-01  4.7061E-02
  1.9059E-01  4.7113E-02
  1.9118E-01  4.7166E-02
  1.9176E-01  4.7218E-02
  1.9235E-01  4.7271E-02
  1.9294E-01  4.7324E-02
  1.9353E-01  4.7377E-02
  1.9412E-01  4.7431E-02
  1.9471E-01  4.7484E-02
  1.9529E-01  4.7538E-02
  1.9588E-01  4.7592E-02
  1.9647E-01  4.7646E-02
  1.9706E-01  4.7700E-02
  1.9765E-01  4.7755E-02
  1.9824E-01  4.7810E-02
  1.9882E-01  4.7865E-02
  1.9941E-01  4.7920E-02
  2.0000E-01  4.7975E-02
  2.0059E-01  4.8031E-02
  2.0118E-01  4.8086E-02
  2.0176E-01  4.8142E-02
  2.0235E-01  4.8198E-02
  2.0294E-01  4.8255E-02
  2.0353E-01  4.8311E-02
  2.0412E-01  4.8368E-02
  2.0471E-01  4.8425E-02
  2.0529E-01  4.8482E-02
  2.0588E-01  4.8539E-02
  2.0647E-01  4.8597E-02
  2.0706E-01  4.8655E-02
  2.0765E-01  4.8712E-02
  2.0824E-01  4.8771E-02
  2.0882E-01  4.8829E-02
  2.0941E-01  4.8887E-02
  2.1000E-01  4.8946E-02
  2.1059E-01  4.9005E-02
  2.1118E-01  4.9064E-02
  2.1176E-01  4.9124E-02
  2.1235E-01  4.9183E-02
  2.1294E-01  4.9243E-02
  2.1353E-01  4.9303E-02
  2.1412E-01  4.9363E-02
  2.1471E-01  4.9423E-02
  2.1529E-01  4.9484E-02
  2.1588E-01  4.9545E-02
  2.1647E-01  4.9605E-02
  2.1706E-01  4.9667E-02
  2.1765E-01  4.9728E-02
  2.1824E-01  4.9790E-02
  2.1882E-01  4.9851E-02
  2.1941E-01  4.9913E-02
  2.2000E-01  4.9975E-02
  2.2059E-01  5.0038E-02
  2.2118E-01  5.0100E-02
  2.2176E-01  5.0163E-02
  2.2235E-01  5.0226E-02
  2.2294E-01  5.0289E-02
  2.2353E-01  5.0353E-02
  2.2412E-01  5.0416E-02
  2.2471E-01  5.0480E-02
  2.2529E-01  5.0544E-02
  2.2588E-01  5.0608E-02
  2.2647E-01  5.0673E-02
  2.2706E-01  5.0738E-02
  2.2765E-01  5.0802E-02
  2.2824E-01  5.0867E-02
  2.2882E-01  5.0933E-02
  2.2941E-01  5.0998E-02
  2.3000E-01  5.1064E-02
  2.3059E-01  5.1130E-02
  2.3118E-01  5.1196E-02
  2.3176E-01  5.1262E-02
  2.3235E-01  5.1329E-02
  2.3294E-01  5.1395E-02
  2.3353E-01  5.1462E-02
  2.3412E-01  5.1529E-02
  2.3471E-01  5.1597E-02
  2.3529E-01  5.1664E-02
  2.3588E-01  5.1732E-02
  2.3647E-01  5.1800E-02
  2.3706E-01  5.1868E-02
  2.3765E-01  5.1936E-02
  2.3824E-01  5.2005E-02
  2.3882E-01  5.2074E-02
  2.3941E-01  5.2143E-02
  2.4000E-01  5.2212E-02
  2.4059E-01  5.2281E-02
  2.4118E-01  5.2351E-02
  2.4176E-01  5.2421E-02
  2.4235E-01  5.2491E-02
  2.4294E-01  5.2561E-02
  2.4353E-01  5.2631E-02
  2.4412E-01  5.2702E-02
  2.4471E-01  5.2773E-02
  2.4529E-01  5.2844E-02
  2.4588E-01  5.2915E-02
  2.4647E-01  5.2987E-02
  2.4706E-01  5.3059E-02
  2.4765E-01  5.3130E-02
  2.4824E-01  5.3203E-02
  2.4882E-01  5.3275E-02
  2.4941E-01  5.3347E-02
  2.5000E-01  5.3420E-02
  2.5059E-01  5.3493E-02
  2.5118E-01  5.3566E-02
  2.5176E-01  5.3640E-02
  2.5235E-01  5.3713E-02
  2.5294E-01  5.3787E-02
  2.5353E-01  5.3861E-02
  2.5412E-01  5.3935E-02
  2.5471E-01  5.4010E-02
  2.5529E-01  5.4084E-02
  2.5588E-01  5.4159E-02
  2.5647E-01  5.4234E-02
  2.5706E-01  5.4309E-02
  2.5765E-01  5.4385E-02
  2.5824E-01  5.4460E-02
  2.5882E-01  5.4536E-02
  2.5941E-01  5.4612E-02
  2.6000E-01  5.4689E-02
  2.6059E-01  5.4765E-02
  2.6118E-01  5.4842E-02
  2.6176E-01  5.4919E-02
  2.6235E-01  5.4996E-02
  2.6294E-01  5.5073E-02
  2.6353E-01  5.5151E-02
  2.6412E-01  5.5228E-02
  2.6471E-01  5.5306E-02
  2.6529E-01  5.5384E-02
  2.6588E-01  5.5463E-02
  2.6647E-01  5.5541E-02
  2.6706E-01  5.5620E-02
  2.6765E-01  5.5699E-02
  2.6824E-01  5.5778E-02
  2.6882E-01  5.5858E-02
  2.6941E-01  5.5937E-02
  2.7000E-01  5.6017E-02
  2.7059E-01  5.6097E-02
  2.7118E-01  5.6177E-02
  2.7176E-01  5.6258E-02
  2.7235E-01  5.6338E-02
  2.7294E-01  5.6419E-02
  2.7353E-01  5.6500E-02
  2.7412E-01  5.6581E-02
  2.7471E-01  5.6662E-02
  2.7529E-01  5.6744E-02
  2.7588E-01  5.6826E-02
  2.7647E-01  5.6908E-02
  2.7706E-01  5.6990E-02
  2.7765E-01  5.7073E-02
  2.7824E-01  5.7155E-02
  2.7882E-01  5.7238E-02
  2.7941E-01  5.7321E-02
  2.8000E-01  5.7404E-02
  2.8059E-01  5.7488E-02
  2.8118E-01  5.7571E-02
  2.8176E-01  5.7655E-02
  2.8235E-01  5.7739E-02
  2.8294E-01  5.7823E-02
  2.8353E-01  5.7908E-02
  2.8412E-01  5.7992E-02
  2.8471E-01  5.8077E-02
  2.8529E-01  5.8162E-02
  2.8588E-01  5.8247E-02
  2.8647E-01  5.8332E-02
  2.8706E-01  5.8418E-02
  2.8765E-01  5.8504E-02
  2.8824E-01  5.8590E-02
  2.8882E-01  5.8676E-02
  2.8941E-01  5.8762E-02
  2.9000E-01  5.8849E-02
  2.9059E-01  5.8935E-02
  2.9118E-01  5.9022E-02
  2.9176E-01  5.9109E-02
  2.9235E-01  5.9197E-02
  2.9294E-01  5.9284E-02
  2.9353E-01  5.9372E-02
  2.9412E-01  5.9460E-02
  2.9471E-01  5.9548E-02
  2.9529E-01  5.9636E-02
  2.9588E-01  5.9724E-02
  2.9647E-01  5.9813E-02
  2.9706E-01  5.9902E-02
  2.9765E-01  5.9991E-02
  2.9824E-01  6.0080E-02
  2.9882E-01  6.0169E-02
  2.9941E-01  6.0258E-02
  3.0000E-01  6.0348E-02
  3.0059E-01  6.0438E-02
  3.0118E-01  6.0528E-02
  3.0176E-01  6.0618E-02
  3.0235E-01  6.0709E-02
  3.0294E-01  6.0799E-02
  3.0353E-01  6.0890E-02
  3.0412E-01  6.0981E-02
  3.0471E-01  6.1072E-02
  3.0529E-01  6.1163E-02
  3.0588E-01  6.1255E-02
  3.0647E-01  6.1346E-02
  3.0706E-01  6.1438E-02
  3.0765E-01  6.1530E-02
  3.0824E-01  6.1622E-02
  3.0882E-01  6.1714E-02
  3.0941E-01  6.1807E-02
  3.1000E-01  6.1899E-02
  3.1059E-01  6.1992E-02
  3.1118E-01  6.2085E-02
  3.1176E-01  6.2178E-02
  3.1235E-01  6.2271E-02
  3.1294E-01  6.2365E-02
  3.1353E-01  6.2458E-02
  3.1412E-01  6.2552E-02
  3.1471E-01  6.2646E-02
  3.1529E-01  6.2740E-02
  3.1588E-01  6.2834E-02
  3.1647E-01  6.2928E-02
  3.1706E-01  6.3023E-02
  3.1765E-01  6.3117E-02
  3.1824E-01  6.3212E-02
  3.1882E-01  6.3307E-02
  3.1941E-01  6.3402E-02
  3.2000E-01  6.3498E-02
  3.2059E-01  6.3593E-02
  3.2118E-01  6.3688E-02
  3.2176E-01  6.3784E-02
  3.2235E-01  6.3880E-02
  3.2294E-01  6.3976E-02
  3.2353E-01  6.4072E-02
  3.2412E-01  6.4168E-02
  3.2471E-01  6.4264E-02
  3.2529E-01  6.4361E-02
  3.2588E-01  6.4458E-02
  3.2647E-01  6.4554E-02
  3.2706E-01  6.4651E-02
  3.2765E-01  6.4748E-02
  3.2824E-01  6.4845E-02
  3.2882E-01  6.4942E-02
  3.2941E-01  6.5040E-02
  3.3000E-01  6.5137E-02
  3.3059E-01  6.5235E-02
  3.3118E-01  6.5333E-02
  3.3176E-01  6.5431E-02
  3.3235E-01  6.5529E-02
  3.3294E-01  6.5627E-02
  3.3353E-01  6.5725E-02
  3.3412E-01  6.5823E-02
  3.3471E-01  6.5921E-02
  3.3529E-01  6.6020E-02
  3.3588E-01  6.6119E-02
  3.3647E-01  6.6217E-02
  3.3706E-01  6.6316E-02
  3.3765E-01  6.6415E-02
  3.3824E-01  6.6514E-02
  3.3882E-01  6.6613E-02
  3.3941E-01  6.6712E-02
  3.4000E-01  6.6812E-02
  3.4059E-01  6.6911E-02
  3.4118E-01  6.7011E-02
  3.4176E-01  6.7110E-02
  3.4235E-01  6.7210E-02
  3.4294E-01  6.7309E-02
  3.4353E-01  6.7409E-02
  3.4412E-01  6.7509E-02
  3.4471E-01  6.7609E-02
  3.4529E-01  6.7709E-02
  3.4588E-01  6.7809E-02
  3.4647E-01  6.7909E-02
  3.4706E-01  6.8010E-02
  3.4765E-01  6.8110E-02
  3.4824E-01  6.8210E-02
  3.4882E-01  6.8311E-02
  3.4941E-01  6.8411E-02
  3.5000E-01  6.8512E-02
  3.5059E-01  6.8612E-02
  3.5118E-01  6.8713E-02
  3.5176E-01  6.8814E-02
  3.5235E-01  6.8914E-02
  3.5294E-01  6.9015E-02
  3.5353E-01  6.9116E-02
  3.5412E-01  6.9217E-02
  3.5471E-01  6.9318E-02
  3.5529E-01  6.9419E-02
  3.5588E-01  6.9520E-02
  3.5647E-01  6.9621E-02
  3.5706E-01  6.9722E-02
  3.5765E-01  6.9823E-02
  3.5824E-01  6.9924E-02
  3.5882E-01  7.0025E-02
  3.5941E-01  7.0126E-02
  3.6000E-01  7.0227E-02
  3.6059E-01  7.0328E-02
  3.6118E-01  7.0430E-02
  3.6176E-01  7.0531E-02
  3.6235E-01  7.0632E-02
  3.6294E-01  7.0733E-02
  3.6353E-01  7.0834E-02
  3.6412E-01  7.0935E-02
  3.6471E-01  7.1037E-02
  3.6529E-01  7.1138E-02
  3.6588E-01  7.1239E-02
  3.6647E-01  7.1340E-02
  3.6706E-01  7.1441E-02
  3.6765E-01  7.1542E-02
  3.6824E-01  7.1643E-02
  3.6882E-01  7.1744E-02
  3.6941E-01  7.1845E-02
  3.7000E-01  7.1946E-02
  3.7059E-01  7.2047E-02
  3.7118E-01  7.2148E-02
  3.7176E-01  7.2249E-02
  3.7235E-01  7.2349E-02
  3.7294E-01  7.2450E-02
  3.7353E-01  7.2551E-02
  3.7412E-01  7.2651E-02
  3.7471E-01  7.2752E-02
  3.7529E-01  7.2852E-02
  3.7588E-01  7.2953E-02
  3.7647E-01  7.3053E-02
  3.7706E-01  7.3153E-02
  3.7765E-01  7.3254E-02
  3.7824E-01  7.3354E-02
  3.7882E-01  7.3454E-02
  3.7941E-01  7.3554E-02
  3.8000E-01  7.3654E-02
  3.8059E-01  7.3754E-02
  3.8118E-01  7.3853E-02
  3.8176E-01  7.3953E-02
  3.8235E-01  7.4052E-02
  3.8294E-01  7.4152E-02
  3.8353E-01  7.4251E-02
  3.8412E-01  7.4350E-02
  3.8471E-01  7.4449E-02
  3.8529E-01  7.4548E-02
  3.8588E-01  7.4647E-02
  3.8647E-01  7.4745E-02
  3.8706E-01  7.4844E-02
  3.8765E-01  7.4942E-02
  3.8824E-01  7.5041E-02
  3.8882E-01  7.5139E-02
  3.8941E-01  7.5237E-02
  3.9000E-01  7.5335E-02
  3.9059E-01  7.5432E-02
  3.9118E-01  7.5530E-02
  3.9176E-01  7.5627E-02
  3.9235E-01  7.5724E-02
  3.9294E-01  7.5821E-02
  3.9353E-01  7.5918E-02
  3.9412E-01  7.6015E-02
  3.9471E-01  7.6111E-02
  3.9529E-01  7.6207E-02
  3.9588E-01  7.6304E-02
  3.9647E-01  7.6399E-02
  3.9706E-01  7.6495E-02
  3.9765E-01  7.6591E-02
  3.9824E-01  7.6686E-02
  3.9882E-01  7.6781E-02
  3.9941E-01  7.6876E-02
  4.0000E-01  7.6971E-02
  4.0059E-01  7.7065E-02
  4.0118E-01  7.7159E-02
  4.0176E-01  7.7253E-02
  4.0235E-01  7.7347E-02
  4.0294E-01  7.7440E-02
  4.0353E-01  7.7534E-02
  4.0412E-01  7.7627E-02
  4.0471E-01  7.7719E-02
  4.0529E-01  7.7812E-02
  4.0588E-01  7.7904E-02
  4.0647E-01  7.7996E-02
  4.0706E-01  7.8088E-02
  4.0765E-01  7.8179E-02
  4.0824E-01  7.8271E-02
  4.0882E-01  7.8361E-02
  4.0941E-01  7.8452E-02
  4.1000E-01  7.8542E-02
  4.1059E-01  7.8632E-02
  4.1118E-01  7.8722E-02
  4.1176E-01  7.8812E-02
  4.1235E-01  7.8901E-02
  4.1294E-01  7.8990E-02
  4.1353E-01  7.9078E-02
  4.1412E-01  7.9166E-02
  4.1471E-01  7.9254E-02
  4.1529E-01  7.9342E-02
  4.1588E-01  7.9429E-02
  4.1647E-01  7.9516E-02
  4.1706E-01  7.9602E-02
  4.1765E-01  7.9688E-02
  4.1824E-01  7.9774E-02
  4.1882E-01  7.9860E-02
  4.1941E-01  7.9945E-02
  4.2000E-01  8.0029E-02
  4.2059E-01  8.0114E-02
  4.2118E-01  8.0198E-02
  4.2176E-01  8.0281E-02
  4.2235E-01  8.0365E-02
  4.2294E-01  8.0447E-02
  4.2353E-01  8.0530E-02
  4.2412E-01  8.0612E-02
  4.2471E-01  8.0694E-02
  4.2529E-01  8.0775E-02
  4.2588E-01  8.0856E-02
  4.2647E-01  8.0936E-02
  4.2706E-01  8.1016E-02
  4.2765E-01  8.1096E-02
  4.2824E-01  8.1175E-02
  4.2882E-01  8.1254E-02
  4.2941E-01  8.1332E-02
  4.3000E-01  8.1410E-02
  4.3059E-01  8.1487E-02
  4.3118E-01  8.1564E-02
  4.3176E-01  8.1641E-02
  4.3235E-01  8.1717E-02
  4.3294E-01  8.1793E-02
  4.3353E-01  8.1868E-02
  4.3412E-01  8.1943E-02
  4.3471E-01  8.2017E-02
  4.3529E-01  8.2091E-02
  4.3588E-01  8.2164E-02
  4.3647E-01  8.2237E-02
  4.3706E-01  8.2309E-02
  4.3765E-01  8.2381E-02
  4.3824E-01  8.2452E-02
  4.3882E-01  8.2523E-02
  4.3941E-01  8.2593E-02
  4.4000E-01  8.2663E-02
  4.4059E-01  8.2732E-02
  4.4118E-01  8.2801E-02
  4.4176E-01  8.2869E-02
  4.4235E-01  8.2936E-02
  4.4294E-01  8.3004E-02
  4.4353E-01  8.3070E-02
  4.4412E-01  8.3136E-02
  4.4471E-01  8.3202E-02
  4.4529E-01  8.3267E-02
  4.4588E-01  8.3331E-02
  4.4647E-01  8.3395E-02
  4.4706E-01  8.3458E-02
  4.4765E-01  8.3521E-02
  4.4824E-01  8.3583E-02
  4.4882E-01  8.3645E-02
  4.4941E-01  8.3706E-02
  4.5000E-01  8.3766E-02
  4.5059E-01  8.3826E-02
  4.5118E-01  8.3885E-02
  4.5176E-01  8.3944E-02
  4.5235E-01  8.4002E-02
  4.5294E-01  8.4059E-02
  4.5353E-01  8.4116E-02
  4.5412E-01  8.4172E-02
  4.5471E-01  8.4228E-02
  4.5529E-01  8.4283E-02
  4.5588E-01  8.4337E-02
  4.5647E-01  8.4391E-02
  4.5706E-01  8.4444E-02
  4.5765E-01  8.4496E-02
  4.5824E-01  8.4548E-02
  4.5882E-01  8.4600E-02
  4.5941E-01  8.4650E-02
  4.6000E-01  8.4700E-02
  4.6059E-01  8.4749E-02
  4.6118E-01  8.4798E-02
  4.6176E-01  8.4846E-02
  4.6235E-01  8.4893E-02
  4.6294E-01  8.4940E-02
  4.6353E-01  8.4986E-02
  4.6412E-01  8.5031E-02
  4.6471E-01  8.5076E-02
  4.6529E-01  8.5120E-02
  4.6588E-01  8.5163E-02
  4.6647E-01  8.5206E-02
  4.6706E-01  8.5248E-02
  4.6765E-01  8.5289E-02
  4.6824E-01  8.5329E-02
  4.6882E-01  8.5369E-02
  4.6941E-01  8.5408E-02
  4.7000E-01  8.5447E-02
  4.7059E-01  8.5485E-02
  4.7118E-01  8.5522E-02
  4.7176E-01  8.5558E-02
  4.7235E-01  8.5594E-02
  4.7294E-01  8.5629E-02
  4.7353E-01  8.5663E-02
  4.7412E-01  8.5697E-02
  4.7471E-01  8.5729E-02
  4.7529E-01  8.5761E-02
  4.7588E-01  8.5793E-02
  4.7647E-01  8.5823E-02
  4.7706E-01  8.5853E-02
  4.7765E-01  8.5882E-02
  4.7824E-01  8.5911E-02
  4.7882E-01  8.5939E-02
  4.7941E-01  8.5966E-02
  4.8000E-01  8.5992E-02
  4.8059E-01  8.6017E-02
  4.8118E-01  8.6042E-02
  4.8176E-01  8.6066E-02
  4.8235E-01  8.6089E-02
  4.8294E-01  8.6112E-02
  4.8353E-01  8.6134E-02
  4.8412E-01  8.6155E-02
  4.8471E-01  8.6175E-02
  4.8529E-01  8.6195E-02
  4.8588E-01  8.6213E-02
  4.8647E-01  8.6231E-02
  4.8706E-01  8.6249E-02
  4.8765E-01  8.6265E-02
  4.8824E-01  8.6281E-02
  4.8882E-01  8.6296E-02
  4.8941E-01  8.6310E-02
  4.9000E-01  8.6323E-02
  4.9059E-01  8.6336E-02
  4.9118E-01  8.6348E-02
  4.9176E-01  8.6359E-02
  4.9235E-01  8.6370E-02
  4.9294E-01  8.6379E-02
  4.9353E-01  8.6388E-02
  4.9412E-01  8.6396E-02
  4.9471E-01  8.6404E-02
  4.9529E-01  8.6410E-02
  4.9588E-01  8.6416E-02
  4.9647E-01  8.6421E-02
  4.9706E-01  8.6425E-02
  4.9765E-01  8.6429E-02
  4.9824E-01  8.6431E-02
  4.9882E-01  8.6433E-02
  4.9941E-01  8.6434E-02
  5.0000E-01  8.6435E-02
  5.0059E-01  8.6434E-02
  5.0118E-01  8.6433E-02
  5.0176E-01  8.6431E-02
  5.0235E-01  8.6429E-02
  5.0294E-01  8.6425E-02
  5.0353E-01  8.6421E-02
  5.0412E-01  8.6416E-02
  5.0471E-01  8.6410E-02
  5.0529E-01  8.6404E-02
  5.0588E-01  8.6396E-02
  5.0647E-01  8.6388E-02
  5.0706E-01  8.6379E-02
  5.0765E-01  8.6370E-02
  5.0824E-01  8.6359E-02
  5.0882E-01  8.6348E-02
  5.0941E-01  8.6336E-02
  5.1000E-01  8.6323E-02
  5.1059E-01  8.6310E-02
  5.1118E-01  8.6296E-02
  5.1176E-01  8.6281E-02
  5.1235E-01  8.6265E-02
  5.1294E-01  8.6249E-02
  5.1353E-01  8.6231E-02
  5.1412E-01  8.6213E-02
  5.1471E-01  8.6195E-02
  5.1529E-01  8.6175E-02
  5.1588E-01  8.6155E-02
  5.1647E-01  8.6134E-02
  5.1706E-01  8.6112E-02
  5.1765E-01  8.6089E-02
  5.1824E-01  8.6066E-02
  5.1882E-01  8.6042E-02
  5.1941E-01  8.6017E-02
  5.2000E-01  8.5992E-02
  5.2059E-01  8.5966E-02
  5.2118E-01  8.5939E-02
  5.2176E-01  8.5911E-02
  5.2235E-01  8.5882E-02
  5.2294E-01  8.5853E-02
  5.2353E-01  8.5823E-02
  5.2412E-01  8.5793E-02
  5.2471E-01  8.5761E-02
  5.2529E-01  8.5729E-02
  5.2588E-01  8.5697E-02
  5.2647E-01  8.5663E-02
  5.2706E-01  8.5629E-02
  5.2765E-01  8.5594E-02
  5.2824E-01  8.5558E-02
  5.2882E-01  8.5522E-02
  5.2941E-01  8.5485E-02
  5.3000E-01  8.5447E-02
  5.3059E-01  8.5408E-02
  5.3118E-01  8.5369E-02
  5.3176E-01  8.5329E-02
  5.3235E-01  8.5289E-02
  5.3294E-01  8.5248E-02
  5.3353E-01  8.5206E-02
  5.3412E-01  8.5163E-02
  5.3471E-01  8.5120E-02
  5.3529E-01  8.5076E-02
  5.3588E-01  8.5031E-02
  5.3647E-01  8.4986E-02
  5.3706E-01  8.4940E-02
  5.3765E-01  8.4893E-02
  5.3824E-01  8.4846E-02
  5.3882E-01  8.4798E-02
  5.3941E-01  8.4749E-02
  5.4000E-01  8.4700E-02
  5.4059E-01  8.4650E-02
  5.4118E-01  8.4600E-02
  5.4176E-01  8.4548E-02
  5.4235E-01  8.4496E-02
  5.4294E-01  8.4444E-02
  5.4353E-01  8.4391E-02
  5.4412E-01  8.4337E-02
  5.4471E-01  8.4283E-02
  5.4529E-01  8.4228E-02
  5.4588E-01  8.4172E-02
  5.4647E-01  8.4116E-02
  5.4706E-01  8.4059E-02
  5.4765E-01  8.4002E-02
  5.4824E-01  8.3944E-02
  5.4882E-01  8.3885E-02
  5.4941E-01  8.3826E-02
  5.5000E-01  8.3766E-02
  5.5059E-01  8.3706E-02
  5.5118E-01  8.3645E-02
  5.5176E-01  8.3583E-02
  5.5235E-01  8.3521E-02
  5.5294E-01  8.3458E-02
  5.5353E-01  8.3395E-02
  5.5412E-01  8.3331E-02
  5.5471E-01  8.3267E-02
  5.5529E-01  8.3202E-02
  5.5588E-01  8.3136E-02
  5.5647E-01  8.3070E-02
  5.5706E-01  8.3004E-02
  5.5765E-01  8.2936E-02
  5.5824E-01  8.2869E-02
  5.5882E-01  8.2801E-02
  5.5941E-01  8.2732E-02
  5.6000E-01  8.2663E-02
  5.6059E-01  8.2593E-02
  5.6118E-01  8.2523E-02
  5.6176E-01  8.2452E-02
  5.6235E-01  8.2381E-02
  5.6294E-01  8.2309E-02
  5.6353E-01  8.2237E-02
  5.6412E-01  8.2164E-02
  5.6471E-01  8.2091E-02
  5.6529E-01  8.2017E-02
  5.6588E-01  8.1943E-02
  5.6647E-01  8.1868E-02
  5.6706E-01  8.1793E-02
  5.6765E-01  8.1717E-02
  5.6824E-01  8.1641E-02
  5.6882E-01  8.1564E-02
  5.6941E-01  8.1487E-02
  5.7000E-01  8.1410E-02
  5.7059E-01  8.1332E-02
  5.7118E-01  8.1254E-02
  5.7176E-01  8.1175E-02
  5.7235E-01  8.1096E-02
  5.7294E-01  8.1016E-02
  5.7353E-01  8.0936E-02
  5.7412E-01  8.0856E-02
  5.7471E-01  8.0775E-02
  5.7529E-01  8.0694E-02
  5.7588E-01  8.0612E-02
  5.7647E-01  8.0530E-02
  5.7706E-01  8.0447E-02
  5.7765E-01  8.0365E-02
  5.7824E-01  8.0281E-02
  5.7882E-01  8.0198E-02
  5.7941E-01  8.0114E-02
  5.8000E-01  8.0029E-02
  5.8059E-01  7.9945E-02
  5.8118E-01  7.9860E-02
  5.8176E-01  7.9774E-02
  5.8235E-01  7.9688E-02
  5.8294E-01  7.9602E-02
  5.8353E-01  7.9516E-02
  5.8412E-01  7.9429E-02
  5.8471E-01  7.9342E-02
  5.8529E-01  7.9254E-02
  5.8588E-01  7.9166E-02
  5.8647E-01  7.9078E-02
  5.8706E-01  7.8990E-02
  5.8765E-01  7.8901E-02
  5.8824E-01  7.8812E-02
  5.8882E-01  7.8722E-02
  5.8941E-01  7.8632E-02
  5.9000E-01  7.8542E-02
  5.9059E-01  7.8452E-02
  5.9118E-01  7.8361E-02
  5.9176E-01  7.8271E-02
  5.9235E-01  7.8179E-02
  5.9294E-01  7.8088E-02
  5.9353E-01  7.7996E-02
  5.9412E-01  7.7904E-02
  5.9471E-01  7.7812E-02
  5.9529E-01  7.7719E-02
  5.9588E-01  7.7627E-02
  5.9647E-01  7.7534E-02
  5.9706E-01  7.7440E-02
  5.9765E-01  7.7347E-02
  5.9824E-01  7.7253E-02
  5.9882E-01  7.7159E-02
  5.9941E-01  7.7065E-02
  6.0000E-01  7.6971E-02
  6.0059E-01  7.6876E-02
  6.0118E-01  7.6781E-02
  6.0176E-01  7.6686E-02
  6.0235E-01  7.6591E-02
  6.0294E-01  7.6495E-02
  6.0353E-01  7.6399E-02
  6.0412E-01  7.6304E-02
  6.0471E-01  7.6207E-02
  6.0529E-01  7.6111E-02
  6.0588E-01  7.6015E-02
  6.0647E-01  7.5918E-02
  6.0706E-01  7.5821E-02
  6.0765E-01  7.5724E-02
  6.0824E-01  7.5627E-02
  6.0882E-01  7.5530E-02
  6.0941E-01  7.5432E-02
  6.1000E-01  7.5335E-02
  6.1059E-01  7.5237E-02
  6.1118E-01  7.5139E-02
  6.1176E-01  7.5041E-02
  6.1235E-01  7.4942E-02
  6.1294E-01  7.4844E-02
  6.1353E-01  7.4745E-02
  6.1412E-01  7.4647E-02
  6.1471E-01  7.4548E-02
  6.1529E-01  7.4449E-02
  6.1588E-01  7.4350E-02
  6.1647E-01  7.4251E-02
  6.1706E-01  7.4152E-02
  6.1765E-01  7.4052E-02
  6.1824E-01  7.3953E-02
  6.1882E-01  7.3853E-02
  6.1941E-01  7.3754E-02
  6.2000E-01  7.3654E-02
  6.2059E-01  7.3554E-02
  6.2118E-01  7.3454E-02
  6.2176E-01  7.3354E-02
  6.2235E-01  7.3254E-02
  6.2294E-01  7.3153E-02
  6.2353E-01  7.3053E-02
  6.2412E-01  7.2953E-02
  6.2471E-01  7.2852E-02
  6.2529E-01  7.2752E-02
  6.2588E-01  7.2651E-02
  6.2647E-01  7.2551E-02
  6.2706E-01  7.2450E-02
  6.2765E-01  7.2349E-02
  6.2824E-01  7.2249E-02
  6.2882E-01  7.2148E-02
  6.2941E-01  7.2047E-02
  6.3000E-01  7.1946E-02
  6.3059E-01  7.1845E-02
  6.3118E-01  7.1744E-02
  6.3176E-01  7.1643E-02
  6.3235E-01  7.1542E-02
  6.3294E-01  7.1441E-02
  6.3353E-01  7.1340E-02
  6.3412E-01  7.1239E-02
  6.3471E-01  7.1138E-02
  6.3529E-01  7.1037E-02
  6.3588E-01  7.0935E-02
  6.3647E-01  7.0834E-02
  6.3706E-01  7.0733E-02
  6.3765E-01  7.0632E-02
  6.3824E-01  7.0531E-02
  6.3882E-01  7.0430E-02
  6.3941E-01  7.0328E-02
  6.4000E-01  7.0227E-02
  6.4059E-01  7.0126E-02
  6.4118E-01  7.0025E-02
  6.4176E-01  6.9924E-02
  6.4235E-01  6.9823E-02
  6.4294E-01  6.9722E-02
  6.4353E-01  6.9621E-02
  6.4412E-01  6.9520E-02
  6.4471E-01  6.9419E-02
  6.4529E-01  6.9318E-02
  6.4588E-01  6.9217E-02
  6.4647E-01  6.9116E-02
  6.4706E-01  6.9015E-02
  6.4765E-01  6.8914E-02
  6.4824E-01  6.8814E-02
  6.4882E-01  6.8713E-02
  6.4941E-01  6.8612E-02
  6.5000E-01  6.8512E-02
  6.5059E-01  6.8411E-02
  6.5118E-01  6.8311E-02
  6.5176E-01  6.8210E-02
  6.5235E-01  6.8110E-02
  6.5294E-01  6.8010E-02
  6.5353E-01  6.7909E-02
  6.5412E-01  6.7809E-02
  6.5471E-01  6.7709E-02
  6.5529E-01  6.7609E-02
  6.5588E-01  6.7509E-02
  6.5647E-01  6.7409E-02
  6.5706E-01  6.7309E-02
  6.5765E-01  6.7210E-02
  6.5824E-01  6.7110E-02
  6.5882E-01  6.7011E-02
  6.5941E-01  6.6911E-02
  6.6000E-01  6.6812E-02
  6.6059E-01  6.6712E-02
  6.6118E-01  6.6613E-02
  6.6176E-01  6.6514E-02
  6.6235E-01  6.6415E-02
  6.6294E-01  6.6316E-02
  6.6353E-01  6.6217E-02
  6.6412E-01  6.6119E-02
  6.6471E-01  6.6020E-02
  6.6529E-01  6.5921E-02
  6.6588E-01  6.5823E-02
  6.6647E-01  6.5725E-02
  6.6706E-01  6.5627E-02
  6.6765E-01  6.5529E-02
  6.6824E-01  6.5431E-02
  6.6882E-01  6.5333E-02
  6.6941E-01  6.5235E-02
  6.7000E-01  6.5137E-02
  6.7059E-01  6.5040E-02
  6.7118E-01  6.4942E-02
  6.7176E-01  6.4845E-02
  6.7235E-01  6.4748E-02
  6.7294E-01  6.4651E-02
  6.7353E-01  6.4554E-02
  6.7412E-01  6.4458E-02
  6.7471E-01  6.4361E-02
  6.7529E-01  6.4264E-02
  6.7588E-01  6.4168E-02
  6.7647E-01  6.4072E-02
  6.7706E-01  6.3976E-02
  6.7765E-01  6.3880E-02
  6.7824E-01  6.3784E-02
  6.7882E-01  6.3688E-02
  6.7941E-01  6.3593E-02
  6.8000E-01  6.3498E-02
  6.8059E-01  6.3402E-02
  6.8118E-01  6.3307E-02
  6.8176E-01  6.3212E-02
  6.8235E-01  6.3117E-02
  6.8294E-01  6.3023E-02
  6.8353E-01  6.2928E-02
  6.8412E-01  6.2834E-02
  6.8471E-01  6.2740E-02
  6.8529E-01  6.2646E-02
  6.8588E-01  6.2552E-02
  6.8647E-01  6.2458E-02
  6.8706E-01  6.2365E-02
  6.8765E-01  6.2271E-02
  6.8824E-01  6.2178E-02
  6.8882E-01  6.2085E-02
  6.8941E-01  6.1992E-02
  6.9000E-01  6.1899E-02
  6.9059E-01  6.1807E-02
  6.9118E-01  6.1714E-02
  6.9176E-01  6.1622E-02
  6.9235E-01  6.1530E-02
  6.9294E-01  6.1438E-02
  6.9353E-01  6.1346E-02
  6.9412E-01  6.1255E-02
  6.9471E-01  6.1163E-02
  6.9529E-01  6.1072E-02
  6.9588E-01  6.0981E-02
  6.9647E-01  6.0890E-02
  6.9706E-01  6.0799E-02
  6.9765E-01  6.0709E-02
  6.9824E-01  6.0618E-02
  6.9882E-01  6.0528E-02
  6.9941E-01  6.0438E-02
  7.0000E-01  6.0348E-02
  7.0059E-01  6.0258E-02
  7.0118E-01  6.0169E-02
  7.0176E-01  6.0080E-02
  7.0235E-01  5.9991E-02
  7.0294E-01  5.9902E-02
  7.0353E-01  5.9813E-02
  7.0412E-01  5.9724E-02
  7.0471E-01  5.9636E-02
  7.0529E-01  5.9548E-02
  7.0588E-01  5.9460E-02
  7.0647E-01  5.9372E-02
  7.0706E-01  5.9284E-02
  7.0765E-01  5.9197E-02
  7.0824E-01  5.9109E-02
  7.0882E-01  5.9022E-02
  7.0941E-01  5.8935E-02
  7.1000E-01  5.8849E-02
  7.1059E-01  5.8762E-02
  7.1118E-01  5.8676E-02
  7.1176E-01  5.8590E-02
  7.1235E-01  5.8504E-02
  7.1294E-01  5.8418E-02
  7.1353E-01  5.8332E-02
  7.1412E-01  5.8247E-02
  7.1471E-01  5.8162E-02
  7.1529E-01  5.8077E-02
  7.1588E-01  5.7992E-02
  7.1647E-01  5.7908E-02
  7.1706E-01  5.7823E-02
  7.1765E-01  5.7739E-02
  7.1824E-01  5.7655E-02
  7.1882E-01  5.7571E-02
  7.1941E-01  5.7488E-02
  7.2000E-01  5.7404E-02
  7.2059E-01  5.7321E-02
  7.2118E-01  5.7238E-02
  7.2176E-01  5.7155E-02
  7.2235E-01  5.7073E-02
  7.2294E-01  5.6990E-02
  7.2353E-01  5.6908E-02
  7.2412E-01  5.6826E-02
  7.2471E-01  5.6744E-02
  7.2529E-01  5.6662E-02
  7.2588E-01  5.6581E-02
  7.2647E-01  5.6500E-02
  7.2706E-01  5.6419E-02
  7.2765E-01  5.6338E-02
  7.2824E-01  5.6258E-02
  7.2882E-01  5.6177E-02
  7.2941E-01  5.6097E-02
  7.3000E-01  5.6017E-02
  7.3059E-01  5.5937E-02
  7.3118E-01  5.5858E-02
  7.3176E-01  5.5778E-02
  7.3235E-01  5.5699E-02
  7.3294E-01  5.5620E-02
  7.3353E-01  5.5541E-02
  7.3412E-01  5.5463E-02
  7.3471E-01  5.5384E-02
  7.3529E-01  5.5306E-02
  7.3588E-01  5.5228E-02
  7.3647E-01  5.5151E-02
  7.3706E-01  5.5073E-02
  7.3765E-01  5.4996E-02
  7.3824E-01  5.4919E-02
  7.3882E-01  5.4842E-02
  7.3941E-01  5.4765E-02
  7.4000E-01  5.4689E-02
  7.4059E-01  5.4612E-02
  7.4118E-01  5.4536E-02
  7.4176E-01  5.4460E-02
  7.4235E-01  5.4385E-02
  7.4294E-01  5.4309E-02
  7.4353E-01  5.4234E-02
  7.4412E-01  5.4159E-02
  7.4471E-01  5.4084E-02
  7.4529E-01  5.4010E-02
  7.4588E-01  5.3935E-02
  7.4647E-01  5.3861E-02
  7.4706E-01  5.3787E-02
  7.4765E-01  5.3713E-02
  7.4824E-01  5.3640E-02
  7.4882E-01  5.3566E-02
  7.4941E-01  5.3493E-02
  7.5000E-01  5.3420E-02
  7.5059E-01  5.3347E-02
  7.5118E-01  5.3275E-02
  7.5176E-01  5.3203E-02
  7.5235E-01  5.3130E-02
  7.5294E-01  5.3059E-02
  7.5353E-01  5.2987E-02
  7.5412E-01  5.2915E-02
  7.5471E-01  5.2844E-02
  7.5529E-01  5.2773E-02
  7.5588E-01  5.2702E-02
  7.5647E-01  5.2631E-02
  7.5706E-01  5.2561E-02
  7.5765E-01  5.2491E-02
  7.5824E-01  5.2421E-02
  7.5882E-01  5.2351E-02
  7.5941E-01  5.2281E-02
  7.6000E-01  5.2212E-02
  7.6059E-01  5.2143E-02
  7.6118E-01  5.2074E-02
  7.6176E-01  5.2005E-02
  7.6235E-01  5.1936E-02
  7.6294E-01  5.1868E-02
  7.6353E-01  5.1800E-02
  7.6412E-01  5.1732E-02
  7.6471E-01  5.1664E-02
  7.6529E-01  5.1597E-02
  7.6588E-01  5.1529E-02
  7.6647E-01  5.1462E-02
  7.6706E-01  5.1395E-02
  7.6765E-01  5.1329E-02
  7.6824E-01  5.1262E-02
  7.6882E-01  5.1196E-02
  7.6941E-01  5.1130E-02
  7.7000E-01  5.1064E-02
  7.7059E-01  5.0998E-02
  7.7118E-01  5.0933E-02
  7.7176E-01  5.0867E-02
  7.7235E-01  5.0802E-02
  7.7294E-01  5.0738E-02
  7.7353E-01  5.0673E-02
  7.7412E-01  5.0608E-02
  7.7471E-01  5.0544E-02
  7.7529E-01  5.0480E-02
  7.7588E-01  5.0416E-02
  7.7647E-01  5.0353E-02
  7.7706E-01  5.0289E-02
  7.7765E-01  5.0226E-02
  7.7824E-01  5.0163E-02
  7.7882E-01  5.0100E-02
  7.7941E-01  5.0038E-02
  7.8000E-01  4.9975E-02
  7.8059E-01  4.9913E-02
  7.8118E-01  4.9851E-02
  7.8176E-01  4.9790E-02
  7.8235E-01  4.9728E-02
  7.8294E-01  4.9667E-02
  7.8353E-01  4.9605E-02
  7.8412E-01  4.9545E-02
  7.8471E-01  4.9484E-02
  7.8529E-01  4.9423E-02
  7.8588E-01  4.9363E-02
  7.8647E-01  4.9303E-02
  7.8706E-01  4.9243E-02
  7.8765E-01  4.9183E-02
  7.8824E-01  4.9124E-02
  7.8882E-01  4.9064E-02
  7.8941E-01  4.9005E-02
  7.9000E-01  4.8946E-02
  7.9059E-01  4.8887E-02
  7.9118E-01  4.8829E-02
  7.9176E-01  4.8771E-02
  7.9235E-01  4.8712E-02
  7.9294E-01  4.8655E-02
  7.9353E-01  4.8597E-02
  7.9412E-01  4.8539E-02
  7.9471E-01  4.8482E-02
  7.9529E-01  4.8425E-02
  7.9588E-01  4.8368E-02
  7.9647E-01  4.8311E-02
  7.9706E-01  4.8255E-02
  7.9765E-01  4.8198E-02
  7.9824E-01  4.8142E-02
  7.9882E-01  4.8086E-02
  7.9941E-01  4.8031E-02
  8.0000E-01  4.7975E-02
  8.0059E-01  4.7920E-02
  8.0118E-01  4.7865E-02
  8.0176E-01  4.7810E-02
  8.0235E-01  4.7755E-02
  8.0294E-01  4.7700E-02
  8.0353E-01  4.7646E-02
  8.0412E-01  4.7592E-02
  8.0471E-01  4.7538E-02
  8.0529E-01  4.7484E-02
  8.0588E-01  4.7431E-02
  8.0647E-01  4.7377E-02
  8.0706E-01  4.7324E-02
  8.0765E-01  4.7271E-02
  8.0824E-01  4.7218E-02
  8.0882E-01  4.7166E-02
  8.0941E-01  4.7113E-02
  8.1000E-01  4.7061E-02
  8.1059E-01  4.7009E-02
  8.1118E-01  4.6957E-02
  8.1176E-01  4.6906E-02
  8.1235E-01  4.6854E-02
  8.1294E-01  4.6803E-02
  8.1353E-01  4.6752E-02
  8.1412E-01  4.6701E-02
  8.1471E-01  4.6651E-02
  8.1529E-01  4.6600E-02
  8.1588E-01  4.6550E-02
  8.1647E-01  4.6500E-02
  8.1706E-01  4.6450E-02
  8.1765E-01  4.6400E-02
  8.1824E-01  4.6351E-02
  8.1882E-01  4.6301E-02
  8.1941E-01  4.6252E-02
  8.2000E-01  4.6203E-02
  8.2059E-01  4.6155E-02
  8.2118E-01  4.6106E-02
  8.2176E-01  4.6058E-02
  8.2235E-01  4.6009E-02
  8.2294E-01  4.5961E-02
  8.2353E-01  4.5914E-02
  8.2412E-01  4.5866E-02
  8.2471E-01  4.5819E-02
  8.2529E-01  4.5771E-02
  8.2588E-01  4.5724E-02
  8.2647E-01  4.5677E-02
  8.2706E-01  4.5631E-02
  8.2765E-01  4.5584E-02
  8.2824E-01  4.5538E-02
  8.2882E-01  4.5492E-02
  8.2941E-01  4.5446E-02
  8.3000E-01  4.5400E-02
  8.3059E-01  4.5355E-02
  8.3118E-01  4.5309E-02
  8.3176E-01  4.5264E-02
  8.3235E-01  4.5219E-02
  8.3294E-01  4.5174E-02
  8.3353E-01  4.5130E-02
  8.3412E-01  4.5085E-02
  8.3471E-01  4.5041E-02
  8.3529E-01  4.4997E-02
  8.3588E-01  4.4953E-02
  8.3647E-01  4.4909E-02
  8.3706E-01  4.4866E-02
  8.3765E-01  4.4822E-02
  8.3824E-01  4.4779E-02
  8.3882E-01  4.4736E-02
  8.3941E-01  4.4693E-02
  8.4000E-01  4.4651E-02
  8.4059E-01  4.4608E-02
  8.4118E-01  4.4566E-02
  8.4176E-01  4.4524E-02
  8.4235E-01  4.4482E-02
  8.4294E-01  4.4440E-02
  8.4353E-01  4.4399E-02
  8.4412E-01  4.4358E-02
  8.4471E-01  4.4316E-02
  8.4529E-01  4.4275E-02
  8.4588E-01  4.4235E-02
  8.4647E-01  4.4194E-02
  8.4706E-01  4.4153E-02
  8.4765E-01  4.4113E-02
  8.4824E-01  4.4073E-02
  8.4882E-01  4.4033E-02
  8.4941E-01  4.3993E-02
  8.5000E-01  4.3954E-02
  8.5059E-01  4.3914E-02
  8.5118E-01  4.3875E-02
  8.5176E-01  4.3836E-02
  8.5235E-01  4.3797E-02
  8.5294E-01  4.3759E-02
  8.5353E-01  4.3720E-02
  8.5412E-01  4.3682E-02
  8.5471E-01  4.3644E-02
  8.5529E-01  4.3606E-02
  8.5588E-01  4.3568E-02
  8.5647E-01  4.3530E-02
  8.5706E-01  4.3493E-02
  8.5765E-01  4.3455E-02
  8.5824E-01  4.3418E-02
  8.5882E-01  4.3381E-02
  8.5941E-01  4.3345E-02
  8.6000E-01  4.3308E-02
  8.6059E-01  4.3272E-02
  8.6118E-01  4.3235E-02
  8.6176E-01  4.3199E-02
  8.6235E-01  4.3163E-02
  8.6294E-01  4.3128E-02
  8.6353E-01  4.3092E-02
  8.6412E-01  4.3057E-02
  8.6471E-01  4.3021E-02
  8.6529E-01  4.2986E-02
  8.6588E-01  4.2952E-02
  8.6647E-01  4.2917E-02
  8.6706E-01  4.2882E-02
  8.6765E-01  4.2848E-02
  8.6824E-01  4.2814E-02
  8.6882E-01  4.2780E-02
  8.6941E-01  4.2746E-02
  8.7000E-01  4.2712E-02
  8.7059E-01  4.2679E-02
  8.7118E-01  4.2645E-02
  8.7176E-01  4.2612E-02
  8.7235E-01  4.2579E-02
  8.7294E-01  4.2546E-02
  8.7353E-01  4.2514E-02
  8.7412E-01  4.2481E-02
  8.7471E-01  4.2449E-02
  8.7529E-01  4.2417E-02
  8.7588E-01  4.2385E-02
  8.7647E-01  4.2353E-02
  8.7706E-01  4.2321E-02
  8.7765E-01  4.2290E-02
  8.7824E-01  4.2258E-02
  8.7882E-01  4.2227E-02
  8.7941E-01  4.2196E-02
  8.8000E-01  4.2165E-02
  8.8059E-01  4.2135E-02
  8.8118E-01  4.2104E-02
  8.8176E-01  4.2074E-02
  8.8235E-01  4.2044E-02
  8.8294E-01  4.2014E-02
  8.8353E-01  4.1984E-02
  8.8412E-01  4.1954E-02
  8.8471E-01  4.1925E-02
  8.8529E-01  4.1895E-02
  8.8588E-01  4.1866E-02
  8.8647E-01  4.1837E-02
  8.8706E-01  4.1808E-02
  8.8765E-01  4.1779E-02
  8.8824E-01  4.1751E-02
  8.8882E-01  4.1723E-02
  8.8941E-01  4.1694E-02
  8.9000E-01  4.1666E-02
  8.9059E-01  4.1638E-02
  8.9118E-01  4.1611E-02
  8.9176E-01  4.1583E-02
  8.9235E-01  4.1556E-02
  8.9294E-01  4.1528E-02
  8.9353E-01  4.1501E-02
  8.9412E-01  4.1474E-02
  8.9471E-01  4.1448E-02
  8.9529E-01  4.1421E-02
  8.9588E-01  4.1395E-02
  8.9647E-01  4.1368E-02
  8.9706E-01  4.1342E-02
  8.9765E-01  4.1316E-02
  8.9824E-01  4.1291E-02
  8.9882E-01  4.1265E-02
  8.9941E-01  4.1239E-02
  9.0000E-01  4.1214E-02
  9.0059E-01  4.1189E-02
  9.0118E-01  4.1164E-02
  9.0176E-01  4.1139E-02
  9.0235E-01  4.1114E-02
  9.0294E-01  4.1090E-02
  9.0353E-01  4.1065E-02
  9.0412E-01  4.1041E-02
  9.0471E-01  4.1017E-02
  9.0529E-01  4.0993E-02
  9.0588E-01  4.0970E-02
  9.0647E-01  4.0946E-02
  9.0706E-01  4.0923E-02
  9.0765E-01  4.0899E-02
  9.0824E-01  4.0876E-02
  9.0882E-01  4.0853E-02
  9.0941E-01  4.0830E-02
  9.1000E-01  4.0808E-02
  9.1059E-01  4.0785E-02
  9.1118E-01  4.0763E-02
  9.1176E-01  4.0741E-02
  9.1235E-01  4.0719E-02
  9.1294E-01  4.0697E-02
  9.1353E-01  4.0675E-02
  9.1412E-01  4.0654E-02
  9.1471E-01  4.0632E-02
  9.1529E-01  4.0611E-02
  9.1588E-01  4.0590E-02
  9.1647E-01  4.0569E-02
  9.1706E-01  4.0548E-02
  9.1765E-01  4.0528E-02
  9.1824E-01  4.0507E-02
  9.1882E-01  4.0487E-02
  9.1941E-01  4.0467E-02
  9.2000E-01  4.0447E-02
  9.2059E-01  4.0427E-02
  9.2118E-01  4.0407E-02
  9.2176E-01  4.0387E-02
  9.2235E-01  4.0368E-02
  9.2294E-01  4.0349E-02
  9.2353E-01  4.0330E-02
  9.2412E-01  4.0311E-02
  9.2471E-01  4.0292E-02
  9.2529E-01  4.0273E-02
  9.2588E-01  4.0255E-02
  9.2647E-01  4.0236E-02
  9.2706E-01  4.0218E-02
  9.2765E-01  4.0200E-02
  9.2824E-01  4.0182E-02
  9.2882E-01  4.0165E-02
  9.2941E-01  4.0147E-02
  9.3000E-01  4.0130E-02
  9.3059E-01  4.0112E-02
  9.3118E-01  4.0095E-02
  9.3176E-01  4.0078E-02
  9.3235E-01  4.0061E-02
  9.3294E-01  4.0045E-02
  9.3353E-01  4.0028E-02
  9.3412E-01  4.0012E-02
  9.3471E-01  3.9996E-02
  9.3529E-01  3.9980E-02
  9.3588E-01  3.9964E-02
  9.3647E-01  3.9948E-02
  9.3706E-01  3.9932E-02
  9.3765E-01  3.9917E-02
  9.3824E-01  3.9901E-02
  9.3882E-01  3.9886E-02
  9.3941E-01  3.9871E-02
  9.4000E-01  3.9856E-02
  9.4059E-01  3.9842E-02
  9.4118E-01  3.9827E-02
  9.4176E-01  3.9813E-02
  9.4235E-01  3.9798E-02
  9.4294E-01  3.9784E-02
  9.4353E-01  3.9770E-02
  9.4412E-01  3.9756E-02
  9.4471E-01  3.9743E-02
  9.4529E-01  3.9729E-02
  9.4588E-01  3.9716E-02
  9.4647E-01  3.9702E-02
  9.4706E-01  3.9689E-02
  9.4765E-01  3.9676E-02
  9.4824E-01  3.9664E-02
  9.4882E-01  3.9651E-02
  9.4941E-01  3.9638E-02
  9.5000E-01  3.9626E-02
  9.5059E-01  3.9614E-02
  9.5118E-01  3.9602E-02
  9.5176E-01  3.9590E-02
  9.5235E-01  3.9578E-02
  9.5294E-01  3.9567E-02
  9.5353E-01  3.9555E-02
  9.5412E-01  3.9544E-02
  9.5471E-01  3.9533E-02
  9.5529E-01  3.9521E-02
  9.5588E-01  3.9511E-02
  9.5647E-01  3.9500E-02
  9.5706E-01  3.9489E-02
  9.5765E-01  3.9479E-02
  9.5824E-01  3.9468E-02
  9.5882E-01  3.9458E-02
  9.5941E-01  3.9448E-02
  9.6000E-01  3.9438E-02
  9.6059E-01  3.9429E-02
  9.6118E-01  3.9419E-02
  9.6176E-01  3.9410E-02
  9.6235E-01  3.9400E-02
  9.6294E-01  3.9391E-02
  9.6353E-01  3.9382E-02
  9.6412E-01  3.9373E-02
  9.6471E-01  3.9365E-02
  9.6529E-01  3.9356E-02
  9.6588E-01  3.9348E-02
  9.6647E-01  3.9339E-02
  9.6706E-01  3.9331E-02
  9.6765E-01  3.9323E-02
  9.6824E-01  3.9315E-02
  9.6882E-01  3.9308E-02
  9.6941E-01  3.9300E-02
  9.7000E-01  3.9293E-02
  9.7059E-01  3.9286E-02
  9.7118E-01  3.9278E-02
  9.7176E-01  3.9272E-02
  9.7235E-01  3.9265E-02
  9.7294E-01  3.9258E-02
  9.7353E-01  3.9251E-02
  9.7412E-01  3.9245E-02
  9.7471E-01  3.9239E-02
  9.7529E-01  3.9233E-02
  9.7588E-01  3.9227E-02
  9.7647E-01  3.9221E-02
  9.7706E-01  3.9215E-02
  9.7765E-01  3.9210E-02
  9.7824E-01  3.9204E-02
  9.7882E-01  3.9199E-02
  9.7941E-01  3.9194E-02
  9.8000E-01  3.9189E-02
  9.8059E-01  3.9184E-02
  9.8118E-01  3.9180E-02
  9.8176E-01  3.9175E-02
  9.8235E-01  3.9171E-02
  9.8294E-01  3.9167E-02
  9.8353E-01  3.9162E-02
  9.8412E-01  3.9158E-02
  9.8471E-01  3.9155E-02
  9.8529E-01  3.9151E-02
  9.8588E-01  3.9148E-02
  9.8647E-01  3.9144E-02
  9.8706E-01  3.9141E-02
  9.8765E-01  3.9138E-02
  9.8824E-01  3.9135E-02
  9.8882E-01  3.9132E-02
  9.8941E-01  3.9129E-02
  9.9000E-01  3.9127E-02
  9.9059E-01  3.9125E-02
  9.9118E-01  3.9122E-02
  9.9176E-01  3.9120E-02
  9.9235E-01  3.9118E-02
  9.9294E-01  3.9117E-02
  9.9353E-01  3.9115E-02
  9.9412E-01  3.9113E-02
  9.9471E-01  3.9112E-02
  9.9529E-01  3.9111E-02
  9.9588E-01  3.9110E-02
  9.9647E-01  3.9109E-02
  9.9706E-01  3.9108E-02
  9.9765E-01  3.9107E-02
  9.9824E-01  3.9107E-02
  9.9882E-01  3.9107E-02
  9.9941E-01  3.9106E-02
