r_center | r_left | r_right | NH | cumulated NH
  1.0116E+00  1.0000E+00  1.0233E+00  0.0000E+00  0.0000E+00
  1.0351E+00  1.0233E+00  1.0471E+00  0.0000E+00  0.0000E+00
  1.0593E+00  1.0471E+00  1.0715E+00  0.0000E+00  0.0000E+00
  1.0839E+00  1.0715E+00  1.0965E+00  0.0000E+00  0.0000E+00
  1.1092E+00  1.0965E+00  1.1220E+00  0.0000E+00  0.0000E+00
  1.1350E+00  1.1220E+00  1.1482E+00  0.0000E+00  0.0000E+00
  1.1614E+00  1.1482E+00  1.1749E+00  0.0000E+00  0.0000E+00
  1.1885E+00  1.1749E+00  1.2023E+00  0.0000E+00  0.0000E+00
  1.2162E+00  1.2023E+00  1.2303E+00  0.0000E+00  0.0000E+00
  1.2445E+00  1.2303E+00  1.2589E+00  0.0000E+00  0.0000E+00
  1.2735E+00  1.2589E+00  1.2882E+00  0.0000E+00  0.0000E+00
  1.3032E+00  1.2882E+00  1.3183E+00  0.0000E+00  0.0000E+00
  1.3335E+00  1.3183E+00  1.3490E+00  0.0000E+00  0.0000E+00
  1.3646E+00  1.3490E+00  1.3804E+00  0.0000E+00  0.0000E+00
  1.3964E+00  1.3804E+00  1.4125E+00  0.0000E+00  0.0000E+00
  1.4289E+00  1.4125E+00  1.4454E+00  0.0000E+00  0.0000E+00
  1.4622E+00  1.4454E+00  1.4791E+00  0.0000E+00  0.0000E+00
  1.4962E+00  1.4791E+00  1.5136E+00  0.0000E+00  0.0000E+00
  1.5311E+00  1.5136E+00  1.5488E+00  0.0000E+00  0.0000E+00
  1.5668E+00  1.5488E+00  1.5849E+00  0.0000E+00  0.0000E+00
  1.6032E+00  1.5849E+00  1.6218E+00  0.0000E+00  0.0000E+00
  1.6406E+00  1.6218E+00  1.6596E+00  0.0000E+00  0.0000E+00
  1.6788E+00  1.6596E+00  1.6982E+00  0.0000E+00  0.0000E+00
  1.7179E+00  1.6982E+00  1.7378E+00  0.0000E+00  0.0000E+00
  1.7579E+00  1.7378E+00  1.7783E+00  0.0000E+00  0.0000E+00
  1.7989E+00  1.7783E+00  1.8197E+00  2.5721E-04  2.5721E-04
  1.8408E+00  1.8197E+00  1.8621E+00  7.6814E-04  1.0254E-03
  1.8836E+00  1.8621E+00  1.9055E+00  7.0889E-04  1.7342E-03
  1.9275E+00  1.9055E+00  1.9498E+00  7.1563E-04  2.4499E-03
  1.9724E+00  1.9498E+00  1.9953E+00  6.8267E-04  3.1326E-03
  2.0184E+00  1.9953E+00  2.0417E+00  8.9552E-04  4.0281E-03
  2.0654E+00  2.0417E+00  2.0893E+00  7.0264E-04  4.7307E-03
  2.1135E+00  2.0893E+00  2.1380E+00  5.0558E-04  5.2363E-03
  2.1627E+00  2.1380E+00  2.1878E+00  7.6394E-04  6.0002E-03
  2.2131E+00  2.1878E+00  2.2387E+00  5.3767E-04  6.5379E-03
  2.2646E+00  2.2387E+00  2.2909E+00  5.3406E-04  7.0720E-03
  2.3174E+00  2.2909E+00  2.3442E+00  4.1797E-04  7.4899E-03
  2.3714E+00  2.3442E+00  2.3988E+00  5.0663E-04  7.9966E-03
  2.4266E+00  2.3988E+00  2.4547E+00  4.4776E-04  8.4443E-03
  2.4831E+00  2.4547E+00  2.5119E+00  4.5485E-04  8.8992E-03
  2.5410E+00  2.5119E+00  2.5704E+00  3.7164E-04  9.2708E-03
  2.6002E+00  2.5704E+00  2.6303E+00  3.7669E-04  9.6475E-03
  2.6607E+00  2.6303E+00  2.6915E+00  3.8353E-04  1.0031E-02
  2.7227E+00  2.6915E+00  2.7542E+00  3.7827E-04  1.0409E-02
  2.7861E+00  2.7542E+00  2.8184E+00  2.9726E-04  1.0707E-02
  2.8510E+00  2.8184E+00  2.8840E+00  2.6290E-04  1.0969E-02
  2.9174E+00  2.8840E+00  2.9512E+00  3.6331E-04  1.1333E-02
  2.9854E+00  2.9512E+00  3.0200E+00  2.4473E-04  1.1578E-02
  3.0549E+00  3.0200E+00  3.0903E+00  2.9049E-04  1.1868E-02
  3.1261E+00  3.0903E+00  3.1623E+00  1.6429E-04  1.2032E-02
  3.1989E+00  3.1623E+00  3.2359E+00  2.9676E-04  1.2329E-02
  3.2734E+00  3.2359E+00  3.3113E+00  2.0815E-04  1.2537E-02
  3.3497E+00  3.3113E+00  3.3884E+00  2.2299E-04  1.2760E-02
  3.4277E+00  3.3884E+00  3.4674E+00  2.5924E-04  1.3019E-02
  3.5075E+00  3.4674E+00  3.5481E+00  1.9250E-04  1.3212E-02
  3.5892E+00  3.5481E+00  3.6308E+00  1.1472E-04  1.3327E-02
  3.6728E+00  3.6308E+00  3.7154E+00  1.0042E-04  1.3427E-02
  3.7584E+00  3.7154E+00  3.8019E+00  1.8514E-04  1.3612E-02
  3.8459E+00  3.8019E+00  3.8905E+00  2.3866E-04  1.3851E-02
  3.9355E+00  3.8905E+00  3.9811E+00  1.9478E-04  1.4046E-02
  4.0272E+00  3.9811E+00  4.0738E+00  1.4822E-04  1.4194E-02
  4.1210E+00  4.0738E+00  4.1687E+00  1.2631E-04  1.4320E-02
  4.2170E+00  4.1687E+00  4.2658E+00  1.6286E-04  1.4483E-02
  4.3152E+00  4.2658E+00  4.3652E+00  1.4839E-04  1.4631E-02
  4.4157E+00  4.3652E+00  4.4668E+00  1.1763E-04  1.4749E-02
  4.5186E+00  4.4668E+00  4.5709E+00  1.6685E-04  1.4916E-02
  4.6238E+00  4.5709E+00  4.6774E+00  1.1388E-04  1.5030E-02
  4.7315E+00  4.6774E+00  4.7863E+00  1.7807E-04  1.5208E-02
  4.8417E+00  4.7863E+00  4.8978E+00  1.0931E-04  1.5317E-02
  4.9545E+00  4.8978E+00  5.0119E+00  5.9623E-05  1.5377E-02
  5.0699E+00  5.0119E+00  5.1286E+00  1.1164E-04  1.5488E-02
  5.1880E+00  5.1286E+00  5.2481E+00  9.5713E-05  1.5584E-02
  5.3088E+00  5.2481E+00  5.3703E+00  9.7761E-05  1.5682E-02
  5.4325E+00  5.3703E+00  5.4954E+00  7.9540E-05  1.5761E-02
  5.5590E+00  5.4954E+00  5.6234E+00  7.0123E-05  1.5832E-02
  5.6885E+00  5.6234E+00  5.7544E+00  7.7122E-05  1.5909E-02
  5.8210E+00  5.7544E+00  5.8884E+00  4.8192E-05  1.5957E-02
  5.9566E+00  5.8884E+00  6.0256E+00  8.3350E-05  1.6040E-02
  6.0954E+00  6.0256E+00  6.1660E+00  5.9628E-05  1.6100E-02
  6.2373E+00  6.1660E+00  6.3096E+00  7.6578E-05  1.6176E-02
  6.3826E+00  6.3096E+00  6.4565E+00  5.2666E-05  1.6229E-02
  6.5313E+00  6.4565E+00  6.6069E+00  4.2482E-05  1.6272E-02
  6.6834E+00  6.6069E+00  6.7608E+00  8.0435E-05  1.6352E-02
  6.8391E+00  6.7608E+00  6.9183E+00  5.6300E-05  1.6408E-02
  6.9984E+00  6.9183E+00  7.0795E+00  5.1522E-05  1.6460E-02
  7.1614E+00  7.0795E+00  7.2444E+00  5.5373E-05  1.6515E-02
  7.3282E+00  7.2444E+00  7.4131E+00  4.1460E-05  1.6557E-02
  7.4989E+00  7.4131E+00  7.5858E+00  3.5229E-05  1.6592E-02
  7.6736E+00  7.5858E+00  7.7625E+00  5.2397E-05  1.6644E-02
  7.8524E+00  7.7625E+00  7.9433E+00  4.6761E-05  1.6691E-02
  8.0353E+00  7.9433E+00  8.1283E+00  3.1860E-05  1.6723E-02
  8.2224E+00  8.1283E+00  8.3176E+00  3.4575E-05  1.6758E-02
  8.4140E+00  8.3176E+00  8.5114E+00  3.4790E-05  1.6792E-02
  8.6099E+00  8.5114E+00  8.7096E+00  2.4652E-05  1.6817E-02
  8.8105E+00  8.7096E+00  8.9125E+00  2.8674E-05  1.6846E-02
  9.0157E+00  8.9125E+00  9.1201E+00  4.9772E-05  1.6895E-02
  9.2257E+00  9.1201E+00  9.3325E+00  2.4394E-05  1.6920E-02
  9.4406E+00  9.3325E+00  9.5499E+00  2.6278E-05  1.6946E-02
  9.6605E+00  9.5499E+00  9.7724E+00  2.1761E-05  1.6968E-02
  9.8855E+00  9.7724E+00  1.0000E+01  1.3537E-05  1.6981E-02
