orb. phase | NH
  0.0000E+00  5.2280E-02
  3.8462E-04  5.2280E-02
  7.6923E-04  5.2280E-02
  1.1538E-03  5.2280E-02
  1.5385E-03  5.2281E-02
  1.9231E-03  5.2281E-02
  2.3077E-03  5.2282E-02
  2.6923E-03  5.2283E-02
  3.0769E-03  5.2284E-02
  3.4615E-03  5.2285E-02
  3.8462E-03  5.2286E-02
  4.2308E-03  5.2287E-02
  4.6154E-03  5.2288E-02
  5.0000E-03  5.2290E-02
  5.3846E-03  5.2291E-02
  5.7692E-03  5.2293E-02
  6.1538E-03  5.2294E-02
  6.5385E-03  5.2296E-02
  6.9231E-03  5.2298E-02
  7.3077E-03  5.2300E-02
  7.6923E-03  5.2303E-02
  8.0769E-03  5.2305E-02
  8.4615E-03  5.2307E-02
  8.8462E-03  5.2310E-02
  9.2308E-03  5.2313E-02
  9.6154E-03  5.2316E-02
  1.0000E-02  5.2318E-02
  1.0385E-02  5.2321E-02
  1.0769E-02  5.2325E-02
  1.1154E-02  5.2328E-02
  1.1538E-02  5.2331E-02
  1.1923E-02  5.2335E-02
  1.2308E-02  5.2338E-02
  1.2692E-02  5.2342E-02
  1.3077E-02  5.2346E-02
  1.3462E-02  5.2350E-02
  1.3846E-02  5.2354E-02
  1.4231E-02  5.2358E-02
  1.4615E-02  5.2362E-02
  1.5000E-02  5.2367E-02
  1.5385E-02  5.2371E-02
  1.5769E-02  5.2376E-02
  1.6154E-02  5.2381E-02
  1.6538E-02  5.2385E-02
  1.6923E-02  5.2390E-02
  1.7308E-02  5.2396E-02
  1.7692E-02  5.2401E-02
  1.8077E-02  5.2406E-02
  1.8462E-02  5.2411E-02
  1.8846E-02  5.2417E-02
  1.9231E-02  5.2423E-02
  1.9615E-02  5.2428E-02
  2.0000E-02  5.2434E-02
  2.0385E-02  5.2440E-02
  2.0769E-02  5.2446E-02
  2.1154E-02  5.2453E-02
  2.1538E-02  5.2459E-02
  2.1923E-02  5.2466E-02
  2.2308E-02  5.2472E-02
  2.2692E-02  5.2479E-02
  2.3077E-02  5.2486E-02
  2.3462E-02  5.2493E-02
  2.3846E-02  5.2500E-02
  2.4231E-02  5.2507E-02
  2.4615E-02  5.2514E-02
  2.5000E-02  5.2522E-02
  2.5385E-02  5.2529E-02
  2.5769E-02  5.2537E-02
  2.6154E-02  5.2544E-02
  2.6538E-02  5.2552E-02
  2.6923E-02  5.2560E-02
  2.7308E-02  5.2568E-02
  2.7692E-02  5.2577E-02
  2.8077E-02  5.2585E-02
  2.8462E-02  5.2593E-02
  2.8846E-02  5.2602E-02
  2.9231E-02  5.2611E-02
  2.9615E-02  5.2619E-02
  3.0000E-02  5.2628E-02
  3.0385E-02  5.2637E-02
  3.0769E-02  5.2647E-02
  3.1154E-02  5.2656E-02
  3.1538E-02  5.2665E-02
  3.1923E-02  5.2675E-02
  3.2308E-02  5.2684E-02
  3.2692E-02  5.2694E-02
  3.3077E-02  5.2704E-02
  3.3462E-02  5.2714E-02
  3.3846E-02  5.2724E-02
  3.4231E-02  5.2734E-02
  3.4615E-02  5.2745E-02
  3.5000E-02  5.2755E-02
  3.5385E-02  5.2766E-02
  3.5769E-02  5.2776E-02
  3.6154E-02  5.2787E-02
  3.6538E-02  5.2798E-02
  3.6923E-02  5.2809E-02
  3.7308E-02  5.2820E-02
  3.7692E-02  5.2831E-02
  3.8077E-02  5.2843E-02
  3.8462E-02  5.2854E-02
  3.8846E-02  5.2866E-02
  3.9231E-02  5.2878E-02
  3.9615E-02  5.2890E-02
  4.0000E-02  5.2902E-02
  4.0385E-02  5.2914E-02
  4.0769E-02  5.2926E-02
  4.1154E-02  5.2938E-02
  4.1538E-02  5.2951E-02
  4.1923E-02  5.2963E-02
  4.2308E-02  5.2976E-02
  4.2692E-02  5.2989E-02
  4.3077E-02  5.3002E-02
  4.3462E-02  5.3015E-02
  4.3846E-02  5.3028E-02
  4.4231E-02  5.3042E-02
  4.4615E-02  5.3055E-02
  4.5000E-02  5.3069E-02
  4.5385E-02  5.3082E-02
  4.5769E-02  5.3096E-02
  4.6154E-02  5.3110E-02
  4.6538E-02  5.3124E-02
  4.6923E-02  5.3138E-02
  4.7308E-02  5.3153E-02
  4.7692E-02  5.3167E-02
  4.8077E-02  5.3181E-02
  4.8462E-02  5.3196E-02
  4.8846E-02  5.3211E-02
  4.9231E-02  5.3226E-02
  4.9615E-02  5.3241E-02
  5.0000E-02  5.3256E-02
  5.0385E-02  5.3271E-02
  5.0769E-02  5.3287E-02
  5.1154E-02  5.3302E-02
  5.1538E-02  5.3318E-02
  5.1923E-02  5.3334E-02
  5.2308E-02  5.3350E-02
  5.2692E-02  5.3366E-02
  5.3077E-02  5.3382E-02
  5.3462E-02  5.3398E-02
  5.3846E-02  5.3414E-02
  5.4231E-02  5.3431E-02
  5.4615E-02  5.3448E-02
  5.5000E-02  5.3464E-02
  5.5385E-02  5.3481E-02
  5.5769E-02  5.3498E-02
  5.6154E-02  5.3515E-02
  5.6538E-02  5.3533E-02
  5.6923E-02  5.3550E-02
  5.7308E-02  5.3568E-02
  5.7692E-02  5.3585E-02
  5.8077E-02  5.3603E-02
  5.8462E-02  5.3621E-02
  5.8846E-02  5.3639E-02
  5.9231E-02  5.3657E-02
  5.9615E-02  5.3675E-02
  6.0000E-02  5.3694E-02
  6.0385E-02  5.3712E-02
  6.0769E-02  5.3731E-02
  6.1154E-02  5.3750E-02
  6.1538E-02  5.3769E-02
  6.1923E-02  5.3788E-02
  6.2308E-02  5.3807E-02
  6.2692E-02  5.3826E-02
  6.3077E-02  5.3846E-02
  6.3462E-02  5.3865E-02
  6.3846E-02  5.3885E-02
  6.4231E-02  5.3905E-02
  6.4615E-02  5.3925E-02
  6.5000E-02  5.3945E-02
  6.5385E-02  5.3965E-02
  6.5769E-02  5.3985E-02
  6.6154E-02  5.4006E-02
  6.6538E-02  5.4026E-02
  6.6923E-02  5.4047E-02
  6.7308E-02  5.4068E-02
  6.7692E-02  5.4089E-02
  6.8077E-02  5.4110E-02
  6.8462E-02  5.4131E-02
  6.8846E-02  5.4153E-02
  6.9231E-02  5.4174E-02
  6.9615E-02  5.4196E-02
  7.0000E-02  5.4218E-02
  7.0385E-02  5.4240E-02
  7.0769E-02  5.4262E-02
  7.1154E-02  5.4284E-02
  7.1538E-02  5.4306E-02
  7.1923E-02  5.4329E-02
  7.2308E-02  5.4351E-02
  7.2692E-02  5.4374E-02
  7.3077E-02  5.4397E-02
  7.3462E-02  5.4420E-02
  7.3846E-02  5.4443E-02
  7.4231E-02  5.4466E-02
  7.4615E-02  5.4490E-02
  7.5000E-02  5.4513E-02
  7.5385E-02  5.4537E-02
  7.5769E-02  5.4561E-02
  7.6154E-02  5.4585E-02
  7.6538E-02  5.4609E-02
  7.6923E-02  5.4633E-02
  7.7308E-02  5.4657E-02
  7.7692E-02  5.4682E-02
  7.8077E-02  5.4707E-02
  7.8462E-02  5.4731E-02
  7.8846E-02  5.4756E-02
  7.9231E-02  5.4781E-02
  7.9615E-02  5.4806E-02
  8.0000E-02  5.4832E-02
  8.0385E-02  5.4857E-02
  8.0769E-02  5.4883E-02
  8.1154E-02  5.4909E-02
  8.1538E-02  5.4934E-02
  8.1923E-02  5.4960E-02
  8.2308E-02  5.4987E-02
  8.2692E-02  5.5013E-02
  8.3077E-02  5.5039E-02
  8.3462E-02  5.5066E-02
  8.3846E-02  5.5093E-02
  8.4231E-02  5.5119E-02
  8.4615E-02  5.5146E-02
  8.5000E-02  5.5174E-02
  8.5385E-02  5.5201E-02
  8.5769E-02  5.5228E-02
  8.6154E-02  5.5256E-02
  8.6538E-02  5.5284E-02
  8.6923E-02  5.5311E-02
  8.7308E-02  5.5339E-02
  8.7692E-02  5.5368E-02
  8.8077E-02  5.5396E-02
  8.8462E-02  5.5424E-02
  8.8846E-02  5.5453E-02
  8.9231E-02  5.5482E-02
  8.9615E-02  5.5511E-02
  9.0000E-02  5.5540E-02
  9.0385E-02  5.5569E-02
  9.0769E-02  5.5598E-02
  9.1154E-02  5.5628E-02
  9.1538E-02  5.5657E-02
  9.1923E-02  5.5687E-02
  9.2308E-02  5.5717E-02
  9.2692E-02  5.5747E-02
  9.3077E-02  5.5777E-02
  9.3462E-02  5.5807E-02
  9.3846E-02  5.5838E-02
  9.4231E-02  5.5869E-02
  9.4615E-02  5.5899E-02
  9.5000E-02  5.5930E-02
  9.5385E-02  5.5961E-02
  9.5769E-02  5.5993E-02
  9.6154E-02  5.6024E-02
  9.6538E-02  5.6056E-02
  9.6923E-02  5.6087E-02
  9.7308E-02  5.6119E-02
  9.7692E-02  5.6151E-02
  9.8077E-02  5.6183E-02
  9.8462E-02  5.6216E-02
  9.8846E-02  5.6248E-02
  9.9231E-02  5.6281E-02
  9.9615E-02  5.6313E-02
  1.0000E-01  5.6346E-02
  1.0038E-01  5.6379E-02
  1.0077E-01  5.6413E-02
  1.0115E-01  5.6446E-02
  1.0154E-01  5.6480E-02
  1.0192E-01  5.6513E-02
  1.0231E-01  5.6547E-02
  1.0269E-01  5.6581E-02
  1.0308E-01  5.6615E-02
  1.0346E-01  5.6650E-02
  1.0385E-01  5.6684E-02
  1.0423E-01  5.6719E-02
  1.0462E-01  5.6754E-02
  1.0500E-01  5.6789E-02
  1.0538E-01  5.6824E-02
  1.0577E-01  5.6859E-02
  1.0615E-01  5.6895E-02
  1.0654E-01  5.6930E-02
  1.0692E-01  5.6966E-02
  1.0731E-01  5.7002E-02
  1.0769E-01  5.7038E-02
  1.0808E-01  5.7074E-02
  1.0846E-01  5.7111E-02
  1.0885E-01  5.7147E-02
  1.0923E-01  5.7184E-02
  1.0962E-01  5.7221E-02
  1.1000E-01  5.7258E-02
  1.1038E-01  5.7295E-02
  1.1077E-01  5.7333E-02
  1.1115E-01  5.7370E-02
  1.1154E-01  5.7408E-02
  1.1192E-01  5.7446E-02
  1.1231E-01  5.7484E-02
  1.1269E-01  5.7522E-02
  1.1308E-01  5.7561E-02
  1.1346E-01  5.7599E-02
  1.1385E-01  5.7638E-02
  1.1423E-01  5.7677E-02
  1.1462E-01  5.7716E-02
  1.1500E-01  5.7755E-02
  1.1538E-01  5.7795E-02
  1.1577E-01  5.7834E-02
  1.1615E-01  5.7874E-02
  1.1654E-01  5.7914E-02
  1.1692E-01  5.7954E-02
  1.1731E-01  5.7994E-02
  1.1769E-01  5.8035E-02
  1.1808E-01  5.8075E-02
  1.1846E-01  5.8116E-02
  1.1885E-01  5.8157E-02
  1.1923E-01  5.8198E-02
  1.1962E-01  5.8240E-02
  1.2000E-01  5.8281E-02
  1.2038E-01  5.8323E-02
  1.2077E-01  5.8365E-02
  1.2115E-01  5.8407E-02
  1.2154E-01  5.8449E-02
  1.2192E-01  5.8491E-02
  1.2231E-01  5.8534E-02
  1.2269E-01  5.8577E-02
  1.2308E-01  5.8619E-02
  1.2346E-01  5.8663E-02
  1.2385E-01  5.8706E-02
  1.2423E-01  5.8749E-02
  1.2462E-01  5.8793E-02
  1.2500E-01  5.8837E-02
  1.2538E-01  5.8881E-02
  1.2577E-01  5.8925E-02
  1.2615E-01  5.8969E-02
  1.2654E-01  5.9014E-02
  1.2692E-01  5.9059E-02
  1.2731E-01  5.9104E-02
  1.2769E-01  5.9149E-02
  1.2808E-01  5.9194E-02
  1.2846E-01  5.9240E-02
  1.2885E-01  5.9285E-02
  1.2923E-01  5.9331E-02
  1.2962E-01  5.9377E-02
  1.3000E-01  5.9424E-02
  1.3038E-01  5.9470E-02
  1.3077E-01  5.9517E-02
  1.3115E-01  5.9563E-02
  1.3154E-01  5.9610E-02
  1.3192E-01  5.9658E-02
  1.3231E-01  5.9705E-02
  1.3269E-01  5.9753E-02
  1.3308E-01  5.9800E-02
  1.3346E-01  5.9848E-02
  1.3385E-01  5.9897E-02
  1.3423E-01  5.9945E-02
  1.3462E-01  5.9993E-02
  1.3500E-01  6.0042E-02
  1.3538E-01  6.0091E-02
  1.3577E-01  6.0140E-02
  1.3615E-01  6.0190E-02
  1.3654E-01  6.0239E-02
  1.3692E-01  6.0289E-02
  1.3731E-01  6.0339E-02
  1.3769E-01  6.0389E-02
  1.3808E-01  6.0439E-02
  1.3846E-01  6.0490E-02
  1.3885E-01  6.0541E-02
  1.3923E-01  6.0592E-02
  1.3962E-01  6.0643E-02
  1.4000E-01  6.0694E-02
  1.4038E-01  6.0746E-02
  1.4077E-01  6.0798E-02
  1.4115E-01  6.0850E-02
  1.4154E-01  6.0902E-02
  1.4192E-01  6.0954E-02
  1.4231E-01  6.1007E-02
  1.4269E-01  6.1060E-02
  1.4308E-01  6.1113E-02
  1.4346E-01  6.1166E-02
  1.4385E-01  6.1219E-02
  1.4423E-01  6.1273E-02
  1.4462E-01  6.1327E-02
  1.4500E-01  6.1381E-02
  1.4538E-01  6.1435E-02
  1.4577E-01  6.1490E-02
  1.4615E-01  6.1545E-02
  1.4654E-01  6.1600E-02
  1.4692E-01  6.1655E-02
  1.4731E-01  6.1710E-02
  1.4769E-01  6.1766E-02
  1.4808E-01  6.1821E-02
  1.4846E-01  6.1878E-02
  1.4885E-01  6.1934E-02
  1.4923E-01  6.1990E-02
  1.4962E-01  6.2047E-02
  1.5000E-01  6.2104E-02
  1.5038E-01  6.2161E-02
  1.5077E-01  6.2218E-02
  1.5115E-01  6.2276E-02
  1.5154E-01  6.2334E-02
  1.5192E-01  6.2392E-02
  1.5231E-01  6.2450E-02
  1.5269E-01  6.2509E-02
  1.5308E-01  6.2567E-02
  1.5346E-01  6.2626E-02
  1.5385E-01  6.2685E-02
  1.5423E-01  6.2745E-02
  1.5462E-01  6.2805E-02
  1.5500E-01  6.2864E-02
  1.5538E-01  6.2925E-02
  1.5577E-01  6.2985E-02
  1.5615E-01  6.3045E-02
  1.5654E-01  6.3106E-02
  1.5692E-01  6.3167E-02
  1.5731E-01  6.3229E-02
  1.5769E-01  6.3290E-02
  1.5808E-01  6.3352E-02
  1.5846E-01  6.3414E-02
  1.5885E-01  6.3476E-02
  1.5923E-01  6.3539E-02
  1.5962E-01  6.3601E-02
  1.6000E-01  6.3664E-02
  1.6038E-01  6.3728E-02
  1.6077E-01  6.3791E-02
  1.6115E-01  6.3855E-02
  1.6154E-01  6.3919E-02
  1.6192E-01  6.3983E-02
  1.6231E-01  6.4047E-02
  1.6269E-01  6.4112E-02
  1.6308E-01  6.4177E-02
  1.6346E-01  6.4242E-02
  1.6385E-01  6.4308E-02
  1.6423E-01  6.4373E-02
  1.6462E-01  6.4439E-02
  1.6500E-01  6.4505E-02
  1.6538E-01  6.4572E-02
  1.6577E-01  6.4639E-02
  1.6615E-01  6.4706E-02
  1.6654E-01  6.4773E-02
  1.6692E-01  6.4840E-02
  1.6731E-01  6.4908E-02
  1.6769E-01  6.4976E-02
  1.6808E-01  6.5044E-02
  1.6846E-01  6.5113E-02
  1.6885E-01  6.5182E-02
  1.6923E-01  6.5251E-02
  1.6962E-01  6.5320E-02
  1.7000E-01  6.5390E-02
  1.7038E-01  6.5459E-02
  1.7077E-01  6.5530E-02
  1.7115E-01  6.5600E-02
  1.7154E-01  6.5671E-02
  1.7192E-01  6.5742E-02
  1.7231E-01  6.5813E-02
  1.7269E-01  6.5884E-02
  1.7308E-01  6.5956E-02
  1.7346E-01  6.6028E-02
  1.7385E-01  6.6100E-02
  1.7423E-01  6.6173E-02
  1.7462E-01  6.6246E-02
  1.7500E-01  6.6319E-02
  1.7538E-01  6.6392E-02
  1.7577E-01  6.6466E-02
  1.7615E-01  6.6540E-02
  1.7654E-01  6.6614E-02
  1.7692E-01  6.6689E-02
  1.7731E-01  6.6764E-02
  1.7769E-01  6.6839E-02
  1.7808E-01  6.6914E-02
  1.7846E-01  6.6990E-02
  1.7885E-01  6.7066E-02
  1.7923E-01  6.7142E-02
  1.7962E-01  6.7219E-02
  1.8000E-01  6.7296E-02
  1.8038E-01  6.7373E-02
  1.8077E-01  6.7451E-02
  1.8115E-01  6.7528E-02
  1.8154E-01  6.7606E-02
  1.8192E-01  6.7685E-02
  1.8231E-01  6.7763E-02
  1.8269E-01  6.7842E-02
  1.8308E-01  6.7922E-02
  1.8346E-01  6.8001E-02
  1.8385E-01  6.8081E-02
  1.8423E-01  6.8161E-02
  1.8462E-01  6.8242E-02
  1.8500E-01  6.8323E-02
  1.8538E-01  6.8404E-02
  1.8577E-01  6.8485E-02
  1.8615E-01  6.8567E-02
  1.8654E-01  6.8649E-02
  1.8692E-01  6.8732E-02
  1.8731E-01  6.8814E-02
  1.8769E-01  6.8897E-02
  1.8808E-01  6.8981E-02
  1.8846E-01  6.9064E-02
  1.8885E-01  6.9148E-02
  1.8923E-01  6.9233E-02
  1.8962E-01  6.9317E-02
  1.9000E-01  6.9402E-02
  1.9038E-01  6.9487E-02
  1.9077E-01  6.9573E-02
  1.9115E-01  6.9659E-02
  1.9154E-01  6.9745E-02
  1.9192E-01  6.9832E-02
  1.9231E-01  6.9919E-02
  1.9269E-01  7.0006E-02
  1.9308E-01  7.0094E-02
  1.9346E-01  7.0182E-02
  1.9385E-01  7.0270E-02
  1.9423E-01  7.0359E-02
  1.9462E-01  7.0448E-02
  1.9500E-01  7.0537E-02
  1.9538E-01  7.0627E-02
  1.9577E-01  7.0717E-02
  1.9615E-01  7.0807E-02
  1.9654E-01  7.0898E-02
  1.9692E-01  7.0989E-02
  1.9731E-01  7.1080E-02
  1.9769E-01  7.1172E-02
  1.9808E-01  7.1264E-02
  1.9846E-01  7.1357E-02
  1.9885E-01  7.1450E-02
  1.9923E-01  7.1543E-02
  1.9962E-01  7.1636E-02
  2.0000E-01  7.1730E-02
  2.0038E-01  7.1825E-02
  2.0077E-01  7.1919E-02
  2.0115E-01  7.2014E-02
  2.0154E-01  7.2110E-02
  2.0192E-01  7.2206E-02
  2.0231E-01  7.2302E-02
  2.0269E-01  7.2398E-02
  2.0308E-01  7.2495E-02
  2.0346E-01  7.2592E-02
  2.0385E-01  7.2690E-02
  2.0423E-01  7.2788E-02
  2.0462E-01  7.2887E-02
  2.0500E-01  7.2986E-02
  2.0538E-01  7.3085E-02
  2.0577E-01  7.3184E-02
  2.0615E-01  7.3284E-02
  2.0654E-01  7.3385E-02
  2.0692E-01  7.3486E-02
  2.0731E-01  7.3587E-02
  2.0769E-01  7.3688E-02
  2.0808E-01  7.3790E-02
  2.0846E-01  7.3893E-02
  2.0885E-01  7.3995E-02
  2.0923E-01  7.4099E-02
  2.0962E-01  7.4202E-02
  2.1000E-01  7.4306E-02
  2.1038E-01  7.4411E-02
  2.1077E-01  7.4515E-02
  2.1115E-01  7.4621E-02
  2.1154E-01  7.4726E-02
  2.1192E-01  7.4832E-02
  2.1231E-01  7.4939E-02
  2.1269E-01  7.5046E-02
  2.1308E-01  7.5153E-02
  2.1346E-01  7.5261E-02
  2.1385E-01  7.5369E-02
  2.1423E-01  7.5478E-02
  2.1462E-01  7.5587E-02
  2.1500E-01  7.5696E-02
  2.1538E-01  7.5806E-02
  2.1577E-01  7.5917E-02
  2.1615E-01  7.6028E-02
  2.1654E-01  7.6139E-02
  2.1692E-01  7.6251E-02
  2.1731E-01  7.6363E-02
  2.1769E-01  7.6475E-02
  2.1808E-01  7.6588E-02
  2.1846E-01  7.6702E-02
  2.1885E-01  7.6816E-02
  2.1923E-01  7.6930E-02
  2.1962E-01  7.7045E-02
  2.2000E-01  7.7160E-02
  2.2038E-01  7.7276E-02
  2.2077E-01  7.7392E-02
  2.2115E-01  7.7509E-02
  2.2154E-01  7.7626E-02
  2.2192E-01  7.7744E-02
  2.2231E-01  7.7862E-02
  2.2269E-01  7.7981E-02
  2.2308E-01  7.8100E-02
  2.2346E-01  7.8220E-02
  2.2385E-01  7.8340E-02
  2.2423E-01  7.8460E-02
  2.2462E-01  7.8581E-02
  2.2500E-01  7.8703E-02
  2.2538E-01  7.8825E-02
  2.2577E-01  7.8948E-02
  2.2615E-01  7.9071E-02
  2.2654E-01  7.9194E-02
  2.2692E-01  7.9318E-02
  2.2731E-01  7.9443E-02
  2.2769E-01  7.9568E-02
  2.2808E-01  7.9693E-02
  2.2846E-01  7.9819E-02
  2.2885E-01  7.9946E-02
  2.2923E-01  8.0073E-02
  2.2962E-01  8.0201E-02
  2.3000E-01  8.0329E-02
  2.3038E-01  8.0458E-02
  2.3077E-01  8.0587E-02
  2.3115E-01  8.0717E-02
  2.3154E-01  8.0847E-02
  2.3192E-01  8.0978E-02
  2.3231E-01  8.1109E-02
  2.3269E-01  8.1241E-02
  2.3308E-01  8.1374E-02
  2.3346E-01  8.1507E-02
  2.3385E-01  8.1640E-02
  2.3423E-01  8.1775E-02
  2.3462E-01  8.1909E-02
  2.3500E-01  8.2044E-02
  2.3538E-01  8.2180E-02
  2.3577E-01  8.2317E-02
  2.3615E-01  8.2454E-02
  2.3654E-01  8.2591E-02
  2.3692E-01  8.2729E-02
  2.3731E-01  8.2868E-02
  2.3769E-01  8.3007E-02
  2.3808E-01  8.3147E-02
  2.3846E-01  8.3288E-02
  2.3885E-01  8.3429E-02
  2.3923E-01  8.3570E-02
  2.3962E-01  8.3713E-02
  2.4000E-01  8.3855E-02
  2.4038E-01  8.3999E-02
  2.4077E-01  8.4143E-02
  2.4115E-01  8.4288E-02
  2.4154E-01  8.4433E-02
  2.4192E-01  8.4579E-02
  2.4231E-01  8.4725E-02
  2.4269E-01  8.4872E-02
  2.4308E-01  8.5020E-02
  2.4346E-01  8.5169E-02
  2.4385E-01  8.5318E-02
  2.4423E-01  8.5467E-02
  2.4462E-01  8.5618E-02
  2.4500E-01  8.5769E-02
  2.4538E-01  8.5920E-02
  2.4577E-01  8.6072E-02
  2.4615E-01  8.6225E-02
  2.4654E-01  8.6379E-02
  2.4692E-01  8.6533E-02
  2.4731E-01  8.6688E-02
  2.4769E-01  8.6844E-02
  2.4808E-01  8.7000E-02
  2.4846E-01  8.7157E-02
  2.4885E-01  8.7314E-02
  2.4923E-01  8.7473E-02
  2.4962E-01  8.7632E-02
  2.5000E-01  8.7791E-02
  2.5038E-01  8.7952E-02
  2.5077E-01  8.8113E-02
  2.5115E-01  8.8275E-02
  2.5154E-01  8.8437E-02
  2.5192E-01  8.8600E-02
  2.5231E-01  8.8764E-02
  2.5269E-01  8.8929E-02
  2.5308E-01  8.9094E-02
  2.5346E-01  8.9261E-02
  2.5385E-01  8.9427E-02
  2.5423E-01  8.9595E-02
  2.5462E-01  8.9763E-02
  2.5500E-01  8.9932E-02
  2.5538E-01  9.0102E-02
  2.5577E-01  9.0273E-02
  2.5615E-01  9.0444E-02
  2.5654E-01  9.0616E-02
  2.5692E-01  9.0789E-02
  2.5731E-01  9.0963E-02
  2.5769E-01  9.1137E-02
  2.5808E-01  9.1313E-02
  2.5846E-01  9.1489E-02
  2.5885E-01  9.1665E-02
  2.5923E-01  9.1843E-02
  2.5962E-01  9.2021E-02
  2.6000E-01  9.2201E-02
  2.6038E-01  9.2381E-02
  2.6077E-01  9.2561E-02
  2.6115E-01  9.2743E-02
  2.6154E-01  9.2926E-02
  2.6192E-01  9.3109E-02
  2.6231E-01  9.3293E-02
  2.6269E-01  9.3478E-02
  2.6308E-01  9.3664E-02
  2.6346E-01  9.3851E-02
  2.6385E-01  9.4038E-02
  2.6423E-01  9.4227E-02
  2.6462E-01  9.4416E-02
  2.6500E-01  9.4606E-02
  2.6538E-01  9.4797E-02
  2.6577E-01  9.4989E-02
  2.6615E-01  9.5182E-02
  2.6654E-01  9.5376E-02
  2.6692E-01  9.5570E-02
  2.6731E-01  9.5766E-02
  2.6769E-01  9.5962E-02
  2.6808E-01  9.6160E-02
  2.6846E-01  9.6358E-02
  2.6885E-01  9.6557E-02
  2.6923E-01  9.6757E-02
  2.6962E-01  9.6958E-02
  2.7000E-01  9.7160E-02
  2.7038E-01  9.7363E-02
  2.7077E-01  9.7567E-02
  2.7115E-01  9.7772E-02
  2.7154E-01  9.7978E-02
  2.7192E-01  9.8185E-02
  2.7231E-01  9.8393E-02
  2.7269E-01  9.8602E-02
  2.7308E-01  9.8812E-02
  2.7346E-01  9.9023E-02
  2.7385E-01  9.9234E-02
  2.7423E-01  9.9447E-02
  2.7462E-01  9.9661E-02
  2.7500E-01  9.9876E-02
  2.7538E-01  1.0009E-01
  2.7577E-01  1.0031E-01
  2.7615E-01  1.0053E-01
  2.7654E-01  1.0075E-01
  2.7692E-01  1.0097E-01
  2.7731E-01  1.0119E-01
  2.7769E-01  1.0141E-01
  2.7808E-01  1.0163E-01
  2.7846E-01  1.0186E-01
  2.7885E-01  1.0208E-01
  2.7923E-01  1.0231E-01
  2.7962E-01  1.0254E-01
  2.8000E-01  1.0277E-01
  2.8038E-01  1.0300E-01
  2.8077E-01  1.0323E-01
  2.8115E-01  1.0346E-01
  2.8154E-01  1.0370E-01
  2.8192E-01  1.0393E-01
  2.8231E-01  1.0417E-01
  2.8269E-01  1.0440E-01
  2.8308E-01  1.0464E-01
  2.8346E-01  1.0488E-01
  2.8385E-01  1.0512E-01
  2.8423E-01  1.0536E-01
  2.8462E-01  1.0561E-01
  2.8500E-01  1.0585E-01
  2.8538E-01  1.0610E-01
  2.8577E-01  1.0634E-01
  2.8615E-01  1.0659E-01
  2.8654E-01  1.0684E-01
  2.8692E-01  1.0709E-01
  2.8731E-01  1.0734E-01
  2.8769E-01  1.0760E-01
  2.8808E-01  1.0785E-01
  2.8846E-01  1.0811E-01
  2.8885E-01  1.0836E-01
  2.8923E-01  1.0862E-01
  2.8962E-01  1.0888E-01
  2.9000E-01  1.0914E-01
  2.9038E-01  1.0941E-01
  2.9077E-01  1.0967E-01
  2.9115E-01  1.0994E-01
  2.9154E-01  1.1020E-01
  2.9192E-01  1.1047E-01
  2.9231E-01  1.1074E-01
  2.9269E-01  1.1101E-01
  2.9308E-01  1.1128E-01
  2.9346E-01  1.1156E-01
  2.9385E-01  1.1183E-01
  2.9423E-01  1.1211E-01
  2.9462E-01  1.1239E-01
  2.9500E-01  1.1267E-01
  2.9538E-01  1.1295E-01
  2.9577E-01  1.1323E-01
  2.9615E-01  1.1352E-01
  2.9654E-01  1.1380E-01
  2.9692E-01  1.1409E-01
  2.9731E-01  1.1438E-01
  2.9769E-01  1.1467E-01
  2.9808E-01  1.1496E-01
  2.9846E-01  1.1525E-01
  2.9885E-01  1.1555E-01
  2.9923E-01  1.1585E-01
  2.9962E-01  1.1614E-01
  3.0000E-01  1.1644E-01
  3.0038E-01  1.1675E-01
  3.0077E-01  1.1705E-01
  3.0115E-01  1.1735E-01
  3.0154E-01  1.1766E-01
  3.0192E-01  1.1797E-01
  3.0231E-01  1.1828E-01
  3.0269E-01  1.1859E-01
  3.0308E-01  1.1891E-01
  3.0346E-01  1.1922E-01
  3.0385E-01  1.1954E-01
  3.0423E-01  1.1986E-01
  3.0462E-01  1.2018E-01
  3.0500E-01  1.2050E-01
  3.0538E-01  1.2083E-01
  3.0577E-01  1.2115E-01
  3.0615E-01  1.2148E-01
  3.0654E-01  1.2181E-01
  3.0692E-01  1.2214E-01
  3.0731E-01  1.2248E-01
  3.0769E-01  1.2281E-01
  3.0808E-01  1.2315E-01
  3.0846E-01  1.2349E-01
  3.0885E-01  1.2383E-01
  3.0923E-01  1.2418E-01
  3.0962E-01  1.2452E-01
  3.1000E-01  1.2487E-01
  3.1038E-01  1.2522E-01
  3.1077E-01  1.2557E-01
  3.1115E-01  1.2593E-01
  3.1154E-01  1.2628E-01
  3.1192E-01  1.2664E-01
  3.1231E-01  1.2700E-01
  3.1269E-01  1.2737E-01
  3.1308E-01  1.2773E-01
  3.1346E-01  1.2810E-01
  3.1385E-01  1.2847E-01
  3.1423E-01  1.2884E-01
  3.1462E-01  1.2921E-01
  3.1500E-01  1.2959E-01
  3.1538E-01  1.2997E-01
  3.1577E-01  1.3035E-01
  3.1615E-01  1.3073E-01
  3.1654E-01  1.3112E-01
  3.1692E-01  1.3150E-01
  3.1731E-01  1.3190E-01
  3.1769E-01  1.3229E-01
  3.1808E-01  1.3268E-01
  3.1846E-01  1.3308E-01
  3.1885E-01  1.3348E-01
  3.1923E-01  1.3388E-01
  3.1962E-01  1.3429E-01
  3.2000E-01  1.3470E-01
  3.2038E-01  1.3511E-01
  3.2077E-01  1.3552E-01
  3.2115E-01  1.3594E-01
  3.2154E-01  1.3635E-01
  3.2192E-01  1.3677E-01
  3.2231E-01  1.3720E-01
  3.2269E-01  1.3763E-01
  3.2308E-01  1.3805E-01
  3.2346E-01  1.3849E-01
  3.2385E-01  1.3892E-01
  3.2423E-01  1.3936E-01
  3.2462E-01  1.3980E-01
  3.2500E-01  1.4024E-01
  3.2538E-01  1.4069E-01
  3.2577E-01  1.4114E-01
  3.2615E-01  1.4159E-01
  3.2654E-01  1.4205E-01
  3.2692E-01  1.4251E-01
  3.2731E-01  1.4297E-01
  3.2769E-01  1.4343E-01
  3.2808E-01  1.4390E-01
  3.2846E-01  1.4437E-01
  3.2885E-01  1.4485E-01
  3.2923E-01  1.4532E-01
  3.2962E-01  1.4580E-01
  3.3000E-01  1.4629E-01
  3.3038E-01  1.4678E-01
  3.3077E-01  1.4727E-01
  3.3115E-01  1.4776E-01
  3.3154E-01  1.4826E-01
  3.3192E-01  1.4876E-01
  3.3231E-01  1.4926E-01
  3.3269E-01  1.4977E-01
  3.3308E-01  1.5029E-01
  3.3346E-01  1.5080E-01
  3.3385E-01  1.5132E-01
  3.3423E-01  1.5184E-01
  3.3462E-01  1.5237E-01
  3.3500E-01  1.5290E-01
  3.3538E-01  1.5344E-01
  3.3577E-01  1.5397E-01
  3.3615E-01  1.5452E-01
  3.3654E-01  1.5506E-01
  3.3692E-01  1.5561E-01
  3.3731E-01  1.5617E-01
  3.3769E-01  1.5673E-01
  3.3808E-01  1.5729E-01
  3.3846E-01  1.5786E-01
  3.3885E-01  1.5843E-01
  3.3923E-01  1.5900E-01
  3.3962E-01  1.5959E-01
  3.4000E-01  1.6017E-01
  3.4038E-01  1.6076E-01
  3.4077E-01  1.6135E-01
  3.4115E-01  1.6195E-01
  3.4154E-01  1.6255E-01
  3.4192E-01  1.6316E-01
  3.4231E-01  1.6377E-01
  3.4269E-01  1.6439E-01
  3.4308E-01  1.6501E-01
  3.4346E-01  1.6564E-01
  3.4385E-01  1.6627E-01
  3.4423E-01  1.6691E-01
  3.4462E-01  1.6755E-01
  3.4500E-01  1.6820E-01
  3.4538E-01  1.6885E-01
  3.4577E-01  1.6951E-01
  3.4615E-01  1.7017E-01
  3.4654E-01  1.7084E-01
  3.4692E-01  1.7151E-01
  3.4731E-01  1.7219E-01
  3.4769E-01  1.7288E-01
  3.4808E-01  1.7357E-01
  3.4846E-01  1.7427E-01
  3.4885E-01  1.7497E-01
  3.4923E-01  1.7568E-01
  3.4962E-01  1.7639E-01
  3.5000E-01  1.7712E-01
  3.5038E-01  1.7784E-01
  3.5077E-01  1.7858E-01
  3.5115E-01  1.7932E-01
  3.5154E-01  1.8006E-01
  3.5192E-01  1.8082E-01
  3.5231E-01  1.8158E-01
  3.5269E-01  1.8234E-01
  3.5308E-01  1.8312E-01
  3.5346E-01  1.8390E-01
  3.5385E-01  1.8468E-01
  3.5423E-01  1.8548E-01
  3.5462E-01  1.8628E-01
  3.5500E-01  1.8709E-01
  3.5538E-01  1.8791E-01
  3.5577E-01  1.8873E-01
  3.5615E-01  1.8956E-01
  3.5654E-01  1.9040E-01
  3.5692E-01  1.9125E-01
  3.5731E-01  1.9211E-01
  3.5769E-01  1.9297E-01
  3.5808E-01  1.9384E-01
  3.5846E-01  1.9472E-01
  3.5885E-01  1.9561E-01
  3.5923E-01  1.9651E-01
  3.5962E-01  1.9742E-01
  3.6000E-01  1.9834E-01
  3.6038E-01  1.9926E-01
  3.6077E-01  2.0020E-01
  3.6115E-01  2.0114E-01
  3.6154E-01  2.0209E-01
  3.6192E-01  2.0306E-01
  3.6231E-01  2.0403E-01
  3.6269E-01  2.0502E-01
  3.6308E-01  2.0601E-01
  3.6346E-01  2.0701E-01
  3.6385E-01  2.0803E-01
  3.6423E-01  2.0905E-01
  3.6462E-01  2.1009E-01
  3.6500E-01  2.1114E-01
  3.6538E-01  2.1220E-01
  3.6577E-01  2.1327E-01
  3.6615E-01  2.1435E-01
  3.6654E-01  2.1545E-01
  3.6692E-01  2.1656E-01
  3.6731E-01  2.1768E-01
  3.6769E-01  2.1881E-01
  3.6808E-01  2.1996E-01
  3.6846E-01  2.2112E-01
  3.6885E-01  2.2229E-01
  3.6923E-01  2.2348E-01
  3.6962E-01  2.2468E-01
  3.7000E-01  2.2589E-01
  3.7038E-01  2.2712E-01
  3.7077E-01  2.2837E-01
  3.7115E-01  2.2963E-01
  3.7154E-01  2.3090E-01
  3.7192E-01  2.3219E-01
  3.7231E-01  2.3350E-01
  3.7269E-01  2.3483E-01
  3.7308E-01  2.3617E-01
  3.7346E-01  2.3753E-01
  3.7385E-01  2.3890E-01
  3.7423E-01  2.4030E-01
  3.7462E-01  2.4171E-01
  3.7500E-01  2.4315E-01
  3.7538E-01  2.4460E-01
  3.7577E-01  2.4607E-01
  3.7615E-01  2.4756E-01
  3.7654E-01  2.4908E-01
  3.7692E-01  2.5061E-01
  3.7731E-01  2.5217E-01
  3.7769E-01  2.5375E-01
  3.7808E-01  2.5535E-01
  3.7846E-01  2.5698E-01
  3.7885E-01  2.5863E-01
  3.7923E-01  2.6031E-01
  3.7962E-01  2.6201E-01
  3.8000E-01  2.6374E-01
  3.8038E-01  2.6549E-01
  3.8077E-01  2.6727E-01
  3.8115E-01  2.6909E-01
  3.8154E-01  2.7093E-01
  3.8192E-01  2.7280E-01
  3.8231E-01  2.7470E-01
  3.8269E-01  2.7664E-01
  3.8308E-01  2.7861E-01
  3.8346E-01  2.8061E-01
  3.8385E-01  2.8265E-01
  3.8423E-01  2.8473E-01
  3.8462E-01  2.8684E-01
  3.8500E-01  2.8899E-01
  3.8538E-01  2.9118E-01
  3.8577E-01  2.9342E-01
  3.8615E-01  2.9570E-01
  3.8654E-01  2.9802E-01
  3.8692E-01  3.0039E-01
  3.8731E-01  3.0281E-01
  3.8769E-01  3.0528E-01
  3.8808E-01  3.0780E-01
  3.8846E-01  3.1037E-01
  3.8885E-01  3.1300E-01
  3.8923E-01  3.1569E-01
  3.8962E-01  3.1845E-01
  3.9000E-01  3.2126E-01
  3.9038E-01  3.2415E-01
  3.9077E-01  3.2710E-01
  3.9115E-01  3.3013E-01
  3.9154E-01  3.3323E-01
  3.9192E-01  3.3641E-01
  3.9231E-01  3.3968E-01
  3.9269E-01  3.4304E-01
  3.9308E-01  3.4650E-01
  3.9346E-01  3.5005E-01
  3.9385E-01  3.5371E-01
  3.9423E-01  3.5748E-01
  3.9462E-01  3.6137E-01
  3.9500E-01  3.6538E-01
  3.9538E-01  3.6953E-01
  3.9577E-01  3.7382E-01
  3.9615E-01  3.7826E-01
  3.9654E-01  3.8287E-01
  3.9692E-01  3.8765E-01
  3.9731E-01  3.9263E-01
  3.9769E-01  3.9781E-01
  3.9808E-01  4.0321E-01
  3.9846E-01  4.0886E-01
  3.9885E-01  4.1477E-01
  3.9923E-01  4.2098E-01
  3.9962E-01  4.2751E-01
  4.0000E-01  4.3440E-01
  4.0038E-01  4.4170E-01
  4.0077E-01  4.4944E-01
  4.0115E-01  4.5770E-01
  4.0154E-01  4.6655E-01
  4.0192E-01  4.7608E-01
  4.0231E-01  4.8640E-01
  4.0269E-01  4.9766E-01
  4.0308E-01  5.1006E-01
  4.0346E-01  5.2385E-01
  4.0385E-01  5.3941E-01
  4.0423E-01  5.5725E-01
  4.0462E-01  5.7820E-01
  4.0500E-01  6.0360E-01
  4.0538E-01  6.3594E-01
  4.0577E-01  6.8066E-01
  4.0615E-01  7.5418E-01
  4.0654E-01  1.0171E+00
  4.0692E-01  1.0000E+99
  4.0731E-01  1.0000E+99
  4.0769E-01  1.0000E+99
  4.0808E-01  1.0000E+99
  4.0846E-01  1.0000E+99
  4.0885E-01  1.0000E+99
  4.0923E-01  1.0000E+99
  4.0962E-01  1.0000E+99
  4.1000E-01  1.0000E+99
  4.1038E-01  1.0000E+99
  4.1077E-01  1.0000E+99
  4.1115E-01  1.0000E+99
  4.1154E-01  1.0000E+99
  4.1192E-01  1.0000E+99
  4.1231E-01  1.0000E+99
  4.1269E-01  1.0000E+99
  4.1308E-01  1.0000E+99
  4.1346E-01  1.0000E+99
  4.1385E-01  1.0000E+99
  4.1423E-01  1.0000E+99
  4.1462E-01  1.0000E+99
  4.1500E-01  1.0000E+99
  4.1538E-01  1.0000E+99
  4.1577E-01  1.0000E+99
  4.1615E-01  1.0000E+99
  4.1654E-01  1.0000E+99
  4.1692E-01  1.0000E+99
  4.1731E-01  1.0000E+99
  4.1769E-01  1.0000E+99
  4.1808E-01  1.0000E+99
  4.1846E-01  1.0000E+99
  4.1885E-01  1.0000E+99
  4.1923E-01  1.0000E+99
  4.1962E-01  1.0000E+99
  4.2000E-01  1.0000E+99
  4.2038E-01  1.0000E+99
  4.2077E-01  1.0000E+99
  4.2115E-01  1.0000E+99
  4.2154E-01  1.0000E+99
  4.2192E-01  1.0000E+99
  4.2231E-01  1.0000E+99
  4.2269E-01  1.0000E+99
  4.2308E-01  1.0000E+99
  4.2346E-01  1.0000E+99
  4.2385E-01  1.0000E+99
  4.2423E-01  1.0000E+99
  4.2462E-01  1.0000E+99
  4.2500E-01  1.0000E+99
  4.2538E-01  1.0000E+99
  4.2577E-01  1.0000E+99
  4.2615E-01  1.0000E+99
  4.2654E-01  1.0000E+99
  4.2692E-01  1.0000E+99
  4.2731E-01  1.0000E+99
  4.2769E-01  1.0000E+99
  4.2808E-01  1.0000E+99
  4.2846E-01  1.0000E+99
  4.2885E-01  1.0000E+99
  4.2923E-01  1.0000E+99
  4.2962E-01  1.0000E+99
  4.3000E-01  1.0000E+99
  4.3038E-01  1.0000E+99
  4.3077E-01  1.0000E+99
  4.3115E-01  1.0000E+99
  4.3154E-01  1.0000E+99
  4.3192E-01  1.0000E+99
  4.3231E-01  1.0000E+99
  4.3269E-01  1.0000E+99
  4.3308E-01  1.0000E+99
  4.3346E-01  1.0000E+99
  4.3385E-01  1.0000E+99
  4.3423E-01  1.0000E+99
  4.3462E-01  1.0000E+99
  4.3500E-01  1.0000E+99
  4.3538E-01  1.0000E+99
  4.3577E-01  1.0000E+99
  4.3615E-01  1.0000E+99
  4.3654E-01  1.0000E+99
  4.3692E-01  1.0000E+99
  4.3731E-01  1.0000E+99
  4.3769E-01  1.0000E+99
  4.3808E-01  1.0000E+99
  4.3846E-01  1.0000E+99
  4.3885E-01  1.0000E+99
  4.3923E-01  1.0000E+99
  4.3962E-01  1.0000E+99
  4.4000E-01  1.0000E+99
  4.4038E-01  1.0000E+99
  4.4077E-01  1.0000E+99
  4.4115E-01  1.0000E+99
  4.4154E-01  1.0000E+99
  4.4192E-01  1.0000E+99
  4.4231E-01  1.0000E+99
  4.4269E-01  1.0000E+99
  4.4308E-01  1.0000E+99
  4.4346E-01  1.0000E+99
  4.4385E-01  1.0000E+99
  4.4423E-01  1.0000E+99
  4.4462E-01  1.0000E+99
  4.4500E-01  1.0000E+99
  4.4538E-01  1.0000E+99
  4.4577E-01  1.0000E+99
  4.4615E-01  1.0000E+99
  4.4654E-01  1.0000E+99
  4.4692E-01  1.0000E+99
  4.4731E-01  1.0000E+99
  4.4769E-01  1.0000E+99
  4.4808E-01  1.0000E+99
  4.4846E-01  1.0000E+99
  4.4885E-01  1.0000E+99
  4.4923E-01  1.0000E+99
  4.4962E-01  1.0000E+99
  4.5000E-01  1.0000E+99
  4.5038E-01  1.0000E+99
  4.5077E-01  1.0000E+99
  4.5115E-01  1.0000E+99
  4.5154E-01  1.0000E+99
  4.5192E-01  1.0000E+99
  4.5231E-01  1.0000E+99
  4.5269E-01  1.0000E+99
  4.5308E-01  1.0000E+99
  4.5346E-01  1.0000E+99
  4.5385E-01  1.0000E+99
  4.5423E-01  1.0000E+99
  4.5462E-01  1.0000E+99
  4.5500E-01  1.0000E+99
  4.5538E-01  1.0000E+99
  4.5577E-01  1.0000E+99
  4.5615E-01  1.0000E+99
  4.5654E-01  1.0000E+99
  4.5692E-01  1.0000E+99
  4.5731E-01  1.0000E+99
  4.5769E-01  1.0000E+99
  4.5808E-01  1.0000E+99
  4.5846E-01  1.0000E+99
  4.5885E-01  1.0000E+99
  4.5923E-01  1.0000E+99
  4.5962E-01  1.0000E+99
  4.6000E-01  1.0000E+99
  4.6038E-01  1.0000E+99
  4.6077E-01  1.0000E+99
  4.6115E-01  1.0000E+99
  4.6154E-01  1.0000E+99
  4.6192E-01  1.0000E+99
  4.6231E-01  1.0000E+99
  4.6269E-01  1.0000E+99
  4.6308E-01  1.0000E+99
  4.6346E-01  1.0000E+99
  4.6385E-01  1.0000E+99
  4.6423E-01  1.0000E+99
  4.6462E-01  1.0000E+99
  4.6500E-01  1.0000E+99
  4.6538E-01  1.0000E+99
  4.6577E-01  1.0000E+99
  4.6615E-01  1.0000E+99
  4.6654E-01  1.0000E+99
  4.6692E-01  1.0000E+99
  4.6731E-01  1.0000E+99
  4.6769E-01  1.0000E+99
  4.6808E-01  1.0000E+99
  4.6846E-01  1.0000E+99
  4.6885E-01  1.0000E+99
  4.6923E-01  1.0000E+99
  4.6962E-01  1.0000E+99
  4.7000E-01  1.0000E+99
  4.7038E-01  1.0000E+99
  4.7077E-01  1.0000E+99
  4.7115E-01  1.0000E+99
  4.7154E-01  1.0000E+99
  4.7192E-01  1.0000E+99
  4.7231E-01  1.0000E+99
  4.7269E-01  1.0000E+99
  4.7308E-01  1.0000E+99
  4.7346E-01  1.0000E+99
  4.7385E-01  1.0000E+99
  4.7423E-01  1.0000E+99
  4.7462E-01  1.0000E+99
  4.7500E-01  1.0000E+99
  4.7538E-01  1.0000E+99
  4.7577E-01  1.0000E+99
  4.7615E-01  1.0000E+99
  4.7654E-01  1.0000E+99
  4.7692E-01  1.0000E+99
  4.7731E-01  1.0000E+99
  4.7769E-01  1.0000E+99
  4.7808E-01  1.0000E+99
  4.7846E-01  1.0000E+99
  4.7885E-01  1.0000E+99
  4.7923E-01  1.0000E+99
  4.7962E-01  1.0000E+99
  4.8000E-01  1.0000E+99
  4.8038E-01  1.0000E+99
  4.8077E-01  1.0000E+99
  4.8115E-01  1.0000E+99
  4.8154E-01  1.0000E+99
  4.8192E-01  1.0000E+99
  4.8231E-01  1.0000E+99
  4.8269E-01  1.0000E+99
  4.8308E-01  1.0000E+99
  4.8346E-01  1.0000E+99
  4.8385E-01  1.0000E+99
  4.8423E-01  1.0000E+99
  4.8462E-01  1.0000E+99
  4.8500E-01  1.0000E+99
  4.8538E-01  1.0000E+99
  4.8577E-01  1.0000E+99
  4.8615E-01  1.0000E+99
  4.8654E-01  1.0000E+99
  4.8692E-01  1.0000E+99
  4.8731E-01  1.0000E+99
  4.8769E-01  1.0000E+99
  4.8808E-01  1.0000E+99
  4.8846E-01  1.0000E+99
  4.8885E-01  1.0000E+99
  4.8923E-01  1.0000E+99
  4.8962E-01  1.0000E+99
  4.9000E-01  1.0000E+99
  4.9038E-01  1.0000E+99
  4.9077E-01  1.0000E+99
  4.9115E-01  1.0000E+99
  4.9154E-01  1.0000E+99
  4.9192E-01  1.0000E+99
  4.9231E-01  1.0000E+99
  4.9269E-01  1.0000E+99
  4.9308E-01  1.0000E+99
  4.9346E-01  1.0000E+99
  4.9385E-01  1.0000E+99
  4.9423E-01  1.0000E+99
  4.9462E-01  1.0000E+99
  4.9500E-01  1.0000E+99
  4.9538E-01  1.0000E+99
  4.9577E-01  1.0000E+99
  4.9615E-01  1.0000E+99
  4.9654E-01  1.0000E+99
  4.9692E-01  1.0000E+99
  4.9731E-01  1.0000E+99
  4.9769E-01  1.0000E+99
  4.9808E-01  1.0000E+99
  4.9846E-01  1.0000E+99
  4.9885E-01  1.0000E+99
  4.9923E-01  1.0000E+99
  4.9962E-01  1.0000E+99
  5.0000E-01  1.0000E+99
  5.0038E-01  1.0000E+99
  5.0077E-01  1.0000E+99
  5.0115E-01  1.0000E+99
  5.0154E-01  1.0000E+99
  5.0192E-01  1.0000E+99
  5.0231E-01  1.0000E+99
  5.0269E-01  1.0000E+99
  5.0308E-01  1.0000E+99
  5.0346E-01  1.0000E+99
  5.0385E-01  1.0000E+99
  5.0423E-01  1.0000E+99
  5.0462E-01  1.0000E+99
  5.0500E-01  1.0000E+99
  5.0538E-01  1.0000E+99
  5.0577E-01  1.0000E+99
  5.0615E-01  1.0000E+99
  5.0654E-01  1.0000E+99
  5.0692E-01  1.0000E+99
  5.0731E-01  1.0000E+99
  5.0769E-01  1.0000E+99
  5.0808E-01  1.0000E+99
  5.0846E-01  1.0000E+99
  5.0885E-01  1.0000E+99
  5.0923E-01  1.0000E+99
  5.0962E-01  1.0000E+99
  5.1000E-01  1.0000E+99
  5.1038E-01  1.0000E+99
  5.1077E-01  1.0000E+99
  5.1115E-01  1.0000E+99
  5.1154E-01  1.0000E+99
  5.1192E-01  1.0000E+99
  5.1231E-01  1.0000E+99
  5.1269E-01  1.0000E+99
  5.1308E-01  1.0000E+99
  5.1346E-01  1.0000E+99
  5.1385E-01  1.0000E+99
  5.1423E-01  1.0000E+99
  5.1462E-01  1.0000E+99
  5.1500E-01  1.0000E+99
  5.1538E-01  1.0000E+99
  5.1577E-01  1.0000E+99
  5.1615E-01  1.0000E+99
  5.1654E-01  1.0000E+99
  5.1692E-01  1.0000E+99
  5.1731E-01  1.0000E+99
  5.1769E-01  1.0000E+99
  5.1808E-01  1.0000E+99
  5.1846E-01  1.0000E+99
  5.1885E-01  1.0000E+99
  5.1923E-01  1.0000E+99
  5.1962E-01  1.0000E+99
  5.2000E-01  1.0000E+99
  5.2038E-01  1.0000E+99
  5.2077E-01  1.0000E+99
  5.2115E-01  1.0000E+99
  5.2154E-01  1.0000E+99
  5.2192E-01  1.0000E+99
  5.2231E-01  1.0000E+99
  5.2269E-01  1.0000E+99
  5.2308E-01  1.0000E+99
  5.2346E-01  1.0000E+99
  5.2385E-01  1.0000E+99
  5.2423E-01  1.0000E+99
  5.2462E-01  1.0000E+99
  5.2500E-01  1.0000E+99
  5.2538E-01  1.0000E+99
  5.2577E-01  1.0000E+99
  5.2615E-01  1.0000E+99
  5.2654E-01  1.0000E+99
  5.2692E-01  1.0000E+99
  5.2731E-01  1.0000E+99
  5.2769E-01  1.0000E+99
  5.2808E-01  1.0000E+99
  5.2846E-01  1.0000E+99
  5.2885E-01  1.0000E+99
  5.2923E-01  1.0000E+99
  5.2962E-01  1.0000E+99
  5.3000E-01  1.0000E+99
  5.3038E-01  1.0000E+99
  5.3077E-01  1.0000E+99
  5.3115E-01  1.0000E+99
  5.3154E-01  1.0000E+99
  5.3192E-01  1.0000E+99
  5.3231E-01  1.0000E+99
  5.3269E-01  1.0000E+99
  5.3308E-01  1.0000E+99
  5.3346E-01  1.0000E+99
  5.3385E-01  1.0000E+99
  5.3423E-01  1.0000E+99
  5.3462E-01  1.0000E+99
  5.3500E-01  1.0000E+99
  5.3538E-01  1.0000E+99
  5.3577E-01  1.0000E+99
  5.3615E-01  1.0000E+99
  5.3654E-01  1.0000E+99
  5.3692E-01  1.0000E+99
  5.3731E-01  1.0000E+99
  5.3769E-01  1.0000E+99
  5.3808E-01  1.0000E+99
  5.3846E-01  1.0000E+99
  5.3885E-01  1.0000E+99
  5.3923E-01  1.0000E+99
  5.3962E-01  1.0000E+99
  5.4000E-01  1.0000E+99
  5.4038E-01  1.0000E+99
  5.4077E-01  1.0000E+99
  5.4115E-01  1.0000E+99
  5.4154E-01  1.0000E+99
  5.4192E-01  1.0000E+99
  5.4231E-01  1.0000E+99
  5.4269E-01  1.0000E+99
  5.4308E-01  1.0000E+99
  5.4346E-01  1.0000E+99
  5.4385E-01  1.0000E+99
  5.4423E-01  1.0000E+99
  5.4462E-01  1.0000E+99
  5.4500E-01  1.0000E+99
  5.4538E-01  1.0000E+99
  5.4577E-01  1.0000E+99
  5.4615E-01  1.0000E+99
  5.4654E-01  1.0000E+99
  5.4692E-01  1.0000E+99
  5.4731E-01  1.0000E+99
  5.4769E-01  1.0000E+99
  5.4808E-01  1.0000E+99
  5.4846E-01  1.0000E+99
  5.4885E-01  1.0000E+99
  5.4923E-01  1.0000E+99
  5.4962E-01  1.0000E+99
  5.5000E-01  1.0000E+99
  5.5038E-01  1.0000E+99
  5.5077E-01  1.0000E+99
  5.5115E-01  1.0000E+99
  5.5154E-01  1.0000E+99
  5.5192E-01  1.0000E+99
  5.5231E-01  1.0000E+99
  5.5269E-01  1.0000E+99
  5.5308E-01  1.0000E+99
  5.5346E-01  1.0000E+99
  5.5385E-01  1.0000E+99
  5.5423E-01  1.0000E+99
  5.5462E-01  1.0000E+99
  5.5500E-01  1.0000E+99
  5.5538E-01  1.0000E+99
  5.5577E-01  1.0000E+99
  5.5615E-01  1.0000E+99
  5.5654E-01  1.0000E+99
  5.5692E-01  1.0000E+99
  5.5731E-01  1.0000E+99
  5.5769E-01  1.0000E+99
  5.5808E-01  1.0000E+99
  5.5846E-01  1.0000E+99
  5.5885E-01  1.0000E+99
  5.5923E-01  1.0000E+99
  5.5962E-01  1.0000E+99
  5.6000E-01  1.0000E+99
  5.6038E-01  1.0000E+99
  5.6077E-01  1.0000E+99
  5.6115E-01  1.0000E+99
  5.6154E-01  1.0000E+99
  5.6192E-01  1.0000E+99
  5.6231E-01  1.0000E+99
  5.6269E-01  1.0000E+99
  5.6308E-01  1.0000E+99
  5.6346E-01  1.0000E+99
  5.6385E-01  1.0000E+99
  5.6423E-01  1.0000E+99
  5.6462E-01  1.0000E+99
  5.6500E-01  1.0000E+99
  5.6538E-01  1.0000E+99
  5.6577E-01  1.0000E+99
  5.6615E-01  1.0000E+99
  5.6654E-01  1.0000E+99
  5.6692E-01  1.0000E+99
  5.6731E-01  1.0000E+99
  5.6769E-01  1.0000E+99
  5.6808E-01  1.0000E+99
  5.6846E-01  1.0000E+99
  5.6885E-01  1.0000E+99
  5.6923E-01  1.0000E+99
  5.6962E-01  1.0000E+99
  5.7000E-01  1.0000E+99
  5.7038E-01  1.0000E+99
  5.7077E-01  1.0000E+99
  5.7115E-01  1.0000E+99
  5.7154E-01  1.0000E+99
  5.7192E-01  1.0000E+99
  5.7231E-01  1.0000E+99
  5.7269E-01  1.0000E+99
  5.7308E-01  1.0000E+99
  5.7346E-01  1.0000E+99
  5.7385E-01  1.0000E+99
  5.7423E-01  1.0000E+99
  5.7462E-01  1.0000E+99
  5.7500E-01  1.0000E+99
  5.7538E-01  1.0000E+99
  5.7577E-01  1.0000E+99
  5.7615E-01  1.0000E+99
  5.7654E-01  1.0000E+99
  5.7692E-01  1.0000E+99
  5.7731E-01  1.0000E+99
  5.7769E-01  1.0000E+99
  5.7808E-01  1.0000E+99
  5.7846E-01  1.0000E+99
  5.7885E-01  1.0000E+99
  5.7923E-01  1.0000E+99
  5.7962E-01  1.0000E+99
  5.8000E-01  1.0000E+99
  5.8038E-01  1.0000E+99
  5.8077E-01  1.0000E+99
  5.8115E-01  1.0000E+99
  5.8154E-01  1.0000E+99
  5.8192E-01  1.0000E+99
  5.8231E-01  1.0000E+99
  5.8269E-01  1.0000E+99
  5.8308E-01  1.0000E+99
  5.8346E-01  1.0000E+99
  5.8385E-01  1.0000E+99
  5.8423E-01  1.0000E+99
  5.8462E-01  1.0000E+99
  5.8500E-01  1.0000E+99
  5.8538E-01  1.0000E+99
  5.8577E-01  1.0000E+99
  5.8615E-01  1.0000E+99
  5.8654E-01  1.0000E+99
  5.8692E-01  1.0000E+99
  5.8731E-01  1.0000E+99
  5.8769E-01  1.0000E+99
  5.8808E-01  1.0000E+99
  5.8846E-01  1.0000E+99
  5.8885E-01  1.0000E+99
  5.8923E-01  1.0000E+99
  5.8962E-01  1.0000E+99
  5.9000E-01  1.0000E+99
  5.9038E-01  1.0000E+99
  5.9077E-01  1.0000E+99
  5.9115E-01  1.0000E+99
  5.9154E-01  1.0000E+99
  5.9192E-01  1.0000E+99
  5.9231E-01  1.0000E+99
  5.9269E-01  1.0000E+99
  5.9308E-01  1.0000E+99
  5.9346E-01  1.0171E+00
  5.9385E-01  7.5418E-01
  5.9423E-01  6.8066E-01
  5.9462E-01  6.3594E-01
  5.9500E-01  6.0360E-01
  5.9538E-01  5.7820E-01
  5.9577E-01  5.5725E-01
  5.9615E-01  5.3941E-01
  5.9654E-01  5.2385E-01
  5.9692E-01  5.1006E-01
  5.9731E-01  4.9766E-01
  5.9769E-01  4.8640E-01
  5.9808E-01  4.7608E-01
  5.9846E-01  4.6655E-01
  5.9885E-01  4.5770E-01
  5.9923E-01  4.4944E-01
  5.9962E-01  4.4170E-01
  6.0000E-01  4.3440E-01
  6.0038E-01  4.2751E-01
  6.0077E-01  4.2098E-01
  6.0115E-01  4.1477E-01
  6.0154E-01  4.0886E-01
  6.0192E-01  4.0321E-01
  6.0231E-01  3.9781E-01
  6.0269E-01  3.9263E-01
  6.0308E-01  3.8765E-01
  6.0346E-01  3.8287E-01
  6.0385E-01  3.7826E-01
  6.0423E-01  3.7382E-01
  6.0462E-01  3.6953E-01
  6.0500E-01  3.6538E-01
  6.0538E-01  3.6137E-01
  6.0577E-01  3.5748E-01
  6.0615E-01  3.5371E-01
  6.0654E-01  3.5005E-01
  6.0692E-01  3.4650E-01
  6.0731E-01  3.4304E-01
  6.0769E-01  3.3968E-01
  6.0808E-01  3.3641E-01
  6.0846E-01  3.3323E-01
  6.0885E-01  3.3013E-01
  6.0923E-01  3.2710E-01
  6.0962E-01  3.2415E-01
  6.1000E-01  3.2126E-01
  6.1038E-01  3.1845E-01
  6.1077E-01  3.1569E-01
  6.1115E-01  3.1300E-01
  6.1154E-01  3.1037E-01
  6.1192E-01  3.0780E-01
  6.1231E-01  3.0528E-01
  6.1269E-01  3.0281E-01
  6.1308E-01  3.0039E-01
  6.1346E-01  2.9802E-01
  6.1385E-01  2.9570E-01
  6.1423E-01  2.9342E-01
  6.1462E-01  2.9118E-01
  6.1500E-01  2.8899E-01
  6.1538E-01  2.8684E-01
  6.1577E-01  2.8473E-01
  6.1615E-01  2.8265E-01
  6.1654E-01  2.8061E-01
  6.1692E-01  2.7861E-01
  6.1731E-01  2.7664E-01
  6.1769E-01  2.7470E-01
  6.1808E-01  2.7280E-01
  6.1846E-01  2.7093E-01
  6.1885E-01  2.6909E-01
  6.1923E-01  2.6727E-01
  6.1962E-01  2.6549E-01
  6.2000E-01  2.6374E-01
  6.2038E-01  2.6201E-01
  6.2077E-01  2.6031E-01
  6.2115E-01  2.5863E-01
  6.2154E-01  2.5698E-01
  6.2192E-01  2.5535E-01
  6.2231E-01  2.5375E-01
  6.2269E-01  2.5217E-01
  6.2308E-01  2.5061E-01
  6.2346E-01  2.4908E-01
  6.2385E-01  2.4756E-01
  6.2423E-01  2.4607E-01
  6.2462E-01  2.4460E-01
  6.2500E-01  2.4315E-01
  6.2538E-01  2.4171E-01
  6.2577E-01  2.4030E-01
  6.2615E-01  2.3890E-01
  6.2654E-01  2.3753E-01
  6.2692E-01  2.3617E-01
  6.2731E-01  2.3483E-01
  6.2769E-01  2.3350E-01
  6.2808E-01  2.3219E-01
  6.2846E-01  2.3090E-01
  6.2885E-01  2.2963E-01
  6.2923E-01  2.2837E-01
  6.2962E-01  2.2712E-01
  6.3000E-01  2.2589E-01
  6.3038E-01  2.2468E-01
  6.3077E-01  2.2348E-01
  6.3115E-01  2.2229E-01
  6.3154E-01  2.2112E-01
  6.3192E-01  2.1996E-01
  6.3231E-01  2.1881E-01
  6.3269E-01  2.1768E-01
  6.3308E-01  2.1656E-01
  6.3346E-01  2.1545E-01
  6.3385E-01  2.1435E-01
  6.3423E-01  2.1327E-01
  6.3462E-01  2.1220E-01
  6.3500E-01  2.1114E-01
  6.3538E-01  2.1009E-01
  6.3577E-01  2.0905E-01
  6.3615E-01  2.0803E-01
  6.3654E-01  2.0701E-01
  6.3692E-01  2.0601E-01
  6.3731E-01  2.0502E-01
  6.3769E-01  2.0403E-01
  6.3808E-01  2.0306E-01
  6.3846E-01  2.0209E-01
  6.3885E-01  2.0114E-01
  6.3923E-01  2.0020E-01
  6.3962E-01  1.9926E-01
  6.4000E-01  1.9834E-01
  6.4038E-01  1.9742E-01
  6.4077E-01  1.9651E-01
  6.4115E-01  1.9561E-01
  6.4154E-01  1.9472E-01
  6.4192E-01  1.9384E-01
  6.4231E-01  1.9297E-01
  6.4269E-01  1.9211E-01
  6.4308E-01  1.9125E-01
  6.4346E-01  1.9040E-01
  6.4385E-01  1.8956E-01
  6.4423E-01  1.8873E-01
  6.4462E-01  1.8791E-01
  6.4500E-01  1.8709E-01
  6.4538E-01  1.8628E-01
  6.4577E-01  1.8548E-01
  6.4615E-01  1.8468E-01
  6.4654E-01  1.8390E-01
  6.4692E-01  1.8312E-01
  6.4731E-01  1.8234E-01
  6.4769E-01  1.8158E-01
  6.4808E-01  1.8082E-01
  6.4846E-01  1.8006E-01
  6.4885E-01  1.7932E-01
  6.4923E-01  1.7858E-01
  6.4962E-01  1.7784E-01
  6.5000E-01  1.7712E-01
  6.5038E-01  1.7639E-01
  6.5077E-01  1.7568E-01
  6.5115E-01  1.7497E-01
  6.5154E-01  1.7427E-01
  6.5192E-01  1.7357E-01
  6.5231E-01  1.7288E-01
  6.5269E-01  1.7219E-01
  6.5308E-01  1.7151E-01
  6.5346E-01  1.7084E-01
  6.5385E-01  1.7017E-01
  6.5423E-01  1.6951E-01
  6.5462E-01  1.6885E-01
  6.5500E-01  1.6820E-01
  6.5538E-01  1.6755E-01
  6.5577E-01  1.6691E-01
  6.5615E-01  1.6627E-01
  6.5654E-01  1.6564E-01
  6.5692E-01  1.6501E-01
  6.5731E-01  1.6439E-01
  6.5769E-01  1.6377E-01
  6.5808E-01  1.6316E-01
  6.5846E-01  1.6255E-01
  6.5885E-01  1.6195E-01
  6.5923E-01  1.6135E-01
  6.5962E-01  1.6076E-01
  6.6000E-01  1.6017E-01
  6.6038E-01  1.5959E-01
  6.6077E-01  1.5900E-01
  6.6115E-01  1.5843E-01
  6.6154E-01  1.5786E-01
  6.6192E-01  1.5729E-01
  6.6231E-01  1.5673E-01
  6.6269E-01  1.5617E-01
  6.6308E-01  1.5561E-01
  6.6346E-01  1.5506E-01
  6.6385E-01  1.5452E-01
  6.6423E-01  1.5397E-01
  6.6462E-01  1.5344E-01
  6.6500E-01  1.5290E-01
  6.6538E-01  1.5237E-01
  6.6577E-01  1.5184E-01
  6.6615E-01  1.5132E-01
  6.6654E-01  1.5080E-01
  6.6692E-01  1.5029E-01
  6.6731E-01  1.4977E-01
  6.6769E-01  1.4926E-01
  6.6808E-01  1.4876E-01
  6.6846E-01  1.4826E-01
  6.6885E-01  1.4776E-01
  6.6923E-01  1.4727E-01
  6.6962E-01  1.4678E-01
  6.7000E-01  1.4629E-01
  6.7038E-01  1.4580E-01
  6.7077E-01  1.4532E-01
  6.7115E-01  1.4485E-01
  6.7154E-01  1.4437E-01
  6.7192E-01  1.4390E-01
  6.7231E-01  1.4343E-01
  6.7269E-01  1.4297E-01
  6.7308E-01  1.4251E-01
  6.7346E-01  1.4205E-01
  6.7385E-01  1.4159E-01
  6.7423E-01  1.4114E-01
  6.7462E-01  1.4069E-01
  6.7500E-01  1.4024E-01
  6.7538E-01  1.3980E-01
  6.7577E-01  1.3936E-01
  6.7615E-01  1.3892E-01
  6.7654E-01  1.3849E-01
  6.7692E-01  1.3805E-01
  6.7731E-01  1.3763E-01
  6.7769E-01  1.3720E-01
  6.7808E-01  1.3677E-01
  6.7846E-01  1.3635E-01
  6.7885E-01  1.3594E-01
  6.7923E-01  1.3552E-01
  6.7962E-01  1.3511E-01
  6.8000E-01  1.3470E-01
  6.8038E-01  1.3429E-01
  6.8077E-01  1.3388E-01
  6.8115E-01  1.3348E-01
  6.8154E-01  1.3308E-01
  6.8192E-01  1.3268E-01
  6.8231E-01  1.3229E-01
  6.8269E-01  1.3190E-01
  6.8308E-01  1.3150E-01
  6.8346E-01  1.3112E-01
  6.8385E-01  1.3073E-01
  6.8423E-01  1.3035E-01
  6.8462E-01  1.2997E-01
  6.8500E-01  1.2959E-01
  6.8538E-01  1.2921E-01
  6.8577E-01  1.2884E-01
  6.8615E-01  1.2847E-01
  6.8654E-01  1.2810E-01
  6.8692E-01  1.2773E-01
  6.8731E-01  1.2737E-01
  6.8769E-01  1.2700E-01
  6.8808E-01  1.2664E-01
  6.8846E-01  1.2628E-01
  6.8885E-01  1.2593E-01
  6.8923E-01  1.2557E-01
  6.8962E-01  1.2522E-01
  6.9000E-01  1.2487E-01
  6.9038E-01  1.2452E-01
  6.9077E-01  1.2418E-01
  6.9115E-01  1.2383E-01
  6.9154E-01  1.2349E-01
  6.9192E-01  1.2315E-01
  6.9231E-01  1.2281E-01
  6.9269E-01  1.2248E-01
  6.9308E-01  1.2214E-01
  6.9346E-01  1.2181E-01
  6.9385E-01  1.2148E-01
  6.9423E-01  1.2115E-01
  6.9462E-01  1.2083E-01
  6.9500E-01  1.2050E-01
  6.9538E-01  1.2018E-01
  6.9577E-01  1.1986E-01
  6.9615E-01  1.1954E-01
  6.9654E-01  1.1922E-01
  6.9692E-01  1.1891E-01
  6.9731E-01  1.1859E-01
  6.9769E-01  1.1828E-01
  6.9808E-01  1.1797E-01
  6.9846E-01  1.1766E-01
  6.9885E-01  1.1735E-01
  6.9923E-01  1.1705E-01
  6.9962E-01  1.1675E-01
  7.0000E-01  1.1644E-01
  7.0038E-01  1.1614E-01
  7.0077E-01  1.1585E-01
  7.0115E-01  1.1555E-01
  7.0154E-01  1.1525E-01
  7.0192E-01  1.1496E-01
  7.0231E-01  1.1467E-01
  7.0269E-01  1.1438E-01
  7.0308E-01  1.1409E-01
  7.0346E-01  1.1380E-01
  7.0385E-01  1.1352E-01
  7.0423E-01  1.1323E-01
  7.0462E-01  1.1295E-01
  7.0500E-01  1.1267E-01
  7.0538E-01  1.1239E-01
  7.0577E-01  1.1211E-01
  7.0615E-01  1.1183E-01
  7.0654E-01  1.1156E-01
  7.0692E-01  1.1128E-01
  7.0731E-01  1.1101E-01
  7.0769E-01  1.1074E-01
  7.0808E-01  1.1047E-01
  7.0846E-01  1.1020E-01
  7.0885E-01  1.0994E-01
  7.0923E-01  1.0967E-01
  7.0962E-01  1.0941E-01
  7.1000E-01  1.0914E-01
  7.1038E-01  1.0888E-01
  7.1077E-01  1.0862E-01
  7.1115E-01  1.0836E-01
  7.1154E-01  1.0811E-01
  7.1192E-01  1.0785E-01
  7.1231E-01  1.0760E-01
  7.1269E-01  1.0734E-01
  7.1308E-01  1.0709E-01
  7.1346E-01  1.0684E-01
  7.1385E-01  1.0659E-01
  7.1423E-01  1.0634E-01
  7.1462E-01  1.0610E-01
  7.1500E-01  1.0585E-01
  7.1538E-01  1.0561E-01
  7.1577E-01  1.0536E-01
  7.1615E-01  1.0512E-01
  7.1654E-01  1.0488E-01
  7.1692E-01  1.0464E-01
  7.1731E-01  1.0440E-01
  7.1769E-01  1.0417E-01
  7.1808E-01  1.0393E-01
  7.1846E-01  1.0370E-01
  7.1885E-01  1.0346E-01
  7.1923E-01  1.0323E-01
  7.1962E-01  1.0300E-01
  7.2000E-01  1.0277E-01
  7.2038E-01  1.0254E-01
  7.2077E-01  1.0231E-01
  7.2115E-01  1.0208E-01
  7.2154E-01  1.0186E-01
  7.2192E-01  1.0163E-01
  7.2231E-01  1.0141E-01
  7.2269E-01  1.0119E-01
  7.2308E-01  1.0097E-01
  7.2346E-01  1.0075E-01
  7.2385E-01  1.0053E-01
  7.2423E-01  1.0031E-01
  7.2462E-01  1.0009E-01
  7.2500E-01  9.9876E-02
  7.2538E-01  9.9661E-02
  7.2577E-01  9.9447E-02
  7.2615E-01  9.9234E-02
  7.2654E-01  9.9023E-02
  7.2692E-01  9.8812E-02
  7.2731E-01  9.8602E-02
  7.2769E-01  9.8393E-02
  7.2808E-01  9.8185E-02
  7.2846E-01  9.7978E-02
  7.2885E-01  9.7772E-02
  7.2923E-01  9.7567E-02
  7.2962E-01  9.7363E-02
  7.3000E-01  9.7160E-02
  7.3038E-01  9.6958E-02
  7.3077E-01  9.6757E-02
  7.3115E-01  9.6557E-02
  7.3154E-01  9.6358E-02
  7.3192E-01  9.6160E-02
  7.3231E-01  9.5962E-02
  7.3269E-01  9.5766E-02
  7.3308E-01  9.5570E-02
  7.3346E-01  9.5376E-02
  7.3385E-01  9.5182E-02
  7.3423E-01  9.4989E-02
  7.3462E-01  9.4797E-02
  7.3500E-01  9.4606E-02
  7.3538E-01  9.4416E-02
  7.3577E-01  9.4227E-02
  7.3615E-01  9.4038E-02
  7.3654E-01  9.3851E-02
  7.3692E-01  9.3664E-02
  7.3731E-01  9.3478E-02
  7.3769E-01  9.3293E-02
  7.3808E-01  9.3109E-02
  7.3846E-01  9.2926E-02
  7.3885E-01  9.2743E-02
  7.3923E-01  9.2561E-02
  7.3962E-01  9.2381E-02
  7.4000E-01  9.2201E-02
  7.4038E-01  9.2021E-02
  7.4077E-01  9.1843E-02
  7.4115E-01  9.1665E-02
  7.4154E-01  9.1489E-02
  7.4192E-01  9.1313E-02
  7.4231E-01  9.1137E-02
  7.4269E-01  9.0963E-02
  7.4308E-01  9.0789E-02
  7.4346E-01  9.0616E-02
  7.4385E-01  9.0444E-02
  7.4423E-01  9.0273E-02
  7.4462E-01  9.0102E-02
  7.4500E-01  8.9932E-02
  7.4538E-01  8.9763E-02
  7.4577E-01  8.9595E-02
  7.4615E-01  8.9427E-02
  7.4654E-01  8.9261E-02
  7.4692E-01  8.9094E-02
  7.4731E-01  8.8929E-02
  7.4769E-01  8.8764E-02
  7.4808E-01  8.8600E-02
  7.4846E-01  8.8437E-02
  7.4885E-01  8.8275E-02
  7.4923E-01  8.8113E-02
  7.4962E-01  8.7952E-02
  7.5000E-01  8.7791E-02
  7.5038E-01  8.7632E-02
  7.5077E-01  8.7473E-02
  7.5115E-01  8.7314E-02
  7.5154E-01  8.7157E-02
  7.5192E-01  8.7000E-02
  7.5231E-01  8.6844E-02
  7.5269E-01  8.6688E-02
  7.5308E-01  8.6533E-02
  7.5346E-01  8.6379E-02
  7.5385E-01  8.6225E-02
  7.5423E-01  8.6072E-02
  7.5462E-01  8.5920E-02
  7.5500E-01  8.5769E-02
  7.5538E-01  8.5618E-02
  7.5577E-01  8.5467E-02
  7.5615E-01  8.5318E-02
  7.5654E-01  8.5169E-02
  7.5692E-01  8.5020E-02
  7.5731E-01  8.4872E-02
  7.5769E-01  8.4725E-02
  7.5808E-01  8.4579E-02
  7.5846E-01  8.4433E-02
  7.5885E-01  8.4288E-02
  7.5923E-01  8.4143E-02
  7.5962E-01  8.3999E-02
  7.6000E-01  8.3855E-02
  7.6038E-01  8.3713E-02
  7.6077E-01  8.3570E-02
  7.6115E-01  8.3429E-02
  7.6154E-01  8.3288E-02
  7.6192E-01  8.3147E-02
  7.6231E-01  8.3007E-02
  7.6269E-01  8.2868E-02
  7.6308E-01  8.2729E-02
  7.6346E-01  8.2591E-02
  7.6385E-01  8.2454E-02
  7.6423E-01  8.2317E-02
  7.6462E-01  8.2180E-02
  7.6500E-01  8.2044E-02
  7.6538E-01  8.1909E-02
  7.6577E-01  8.1775E-02
  7.6615E-01  8.1640E-02
  7.6654E-01  8.1507E-02
  7.6692E-01  8.1374E-02
  7.6731E-01  8.1241E-02
  7.6769E-01  8.1109E-02
  7.6808E-01  8.0978E-02
  7.6846E-01  8.0847E-02
  7.6885E-01  8.0717E-02
  7.6923E-01  8.0587E-02
  7.6962E-01  8.0458E-02
  7.7000E-01  8.0329E-02
  7.7038E-01  8.0201E-02
  7.7077E-01  8.0073E-02
  7.7115E-01  7.9946E-02
  7.7154E-01  7.9819E-02
  7.7192E-01  7.9693E-02
  7.7231E-01  7.9568E-02
  7.7269E-01  7.9443E-02
  7.7308E-01  7.9318E-02
  7.7346E-01  7.9194E-02
  7.7385E-01  7.9071E-02
  7.7423E-01  7.8948E-02
  7.7462E-01  7.8825E-02
  7.7500E-01  7.8703E-02
  7.7538E-01  7.8581E-02
  7.7577E-01  7.8460E-02
  7.7615E-01  7.8340E-02
  7.7654E-01  7.8220E-02
  7.7692E-01  7.8100E-02
  7.7731E-01  7.7981E-02
  7.7769E-01  7.7862E-02
  7.7808E-01  7.7744E-02
  7.7846E-01  7.7626E-02
  7.7885E-01  7.7509E-02
  7.7923E-01  7.7392E-02
  7.7962E-01  7.7276E-02
  7.8000E-01  7.7160E-02
  7.8038E-01  7.7045E-02
  7.8077E-01  7.6930E-02
  7.8115E-01  7.6816E-02
  7.8154E-01  7.6702E-02
  7.8192E-01  7.6588E-02
  7.8231E-01  7.6475E-02
  7.8269E-01  7.6363E-02
  7.8308E-01  7.6251E-02
  7.8346E-01  7.6139E-02
  7.8385E-01  7.6028E-02
  7.8423E-01  7.5917E-02
  7.8462E-01  7.5806E-02
  7.8500E-01  7.5696E-02
  7.8538E-01  7.5587E-02
  7.8577E-01  7.5478E-02
  7.8615E-01  7.5369E-02
  7.8654E-01  7.5261E-02
  7.8692E-01  7.5153E-02
  7.8731E-01  7.5046E-02
  7.8769E-01  7.4939E-02
  7.8808E-01  7.4832E-02
  7.8846E-01  7.4726E-02
  7.8885E-01  7.4621E-02
  7.8923E-01  7.4515E-02
  7.8962E-01  7.4411E-02
  7.9000E-01  7.4306E-02
  7.9038E-01  7.4202E-02
  7.9077E-01  7.4099E-02
  7.9115E-01  7.3995E-02
  7.9154E-01  7.3893E-02
  7.9192E-01  7.3790E-02
  7.9231E-01  7.3688E-02
  7.9269E-01  7.3587E-02
  7.9308E-01  7.3486E-02
  7.9346E-01  7.3385E-02
  7.9385E-01  7.3284E-02
  7.9423E-01  7.3184E-02
  7.9462E-01  7.3085E-02
  7.9500E-01  7.2986E-02
  7.9538E-01  7.2887E-02
  7.9577E-01  7.2788E-02
  7.9615E-01  7.2690E-02
  7.9654E-01  7.2592E-02
  7.9692E-01  7.2495E-02
  7.9731E-01  7.2398E-02
  7.9769E-01  7.2302E-02
  7.9808E-01  7.2206E-02
  7.9846E-01  7.2110E-02
  7.9885E-01  7.2014E-02
  7.9923E-01  7.1919E-02
  7.9962E-01  7.1825E-02
  8.0000E-01  7.1730E-02
  8.0038E-01  7.1636E-02
  8.0077E-01  7.1543E-02
  8.0115E-01  7.1450E-02
  8.0154E-01  7.1357E-02
  8.0192E-01  7.1264E-02
  8.0231E-01  7.1172E-02
  8.0269E-01  7.1080E-02
  8.0308E-01  7.0989E-02
  8.0346E-01  7.0898E-02
  8.0385E-01  7.0807E-02
  8.0423E-01  7.0717E-02
  8.0462E-01  7.0627E-02
  8.0500E-01  7.0537E-02
  8.0538E-01  7.0448E-02
  8.0577E-01  7.0359E-02
  8.0615E-01  7.0270E-02
  8.0654E-01  7.0182E-02
  8.0692E-01  7.0094E-02
  8.0731E-01  7.0006E-02
  8.0769E-01  6.9919E-02
  8.0808E-01  6.9832E-02
  8.0846E-01  6.9745E-02
  8.0885E-01  6.9659E-02
  8.0923E-01  6.9573E-02
  8.0962E-01  6.9487E-02
  8.1000E-01  6.9402E-02
  8.1038E-01  6.9317E-02
  8.1077E-01  6.9233E-02
  8.1115E-01  6.9148E-02
  8.1154E-01  6.9064E-02
  8.1192E-01  6.8981E-02
  8.1231E-01  6.8897E-02
  8.1269E-01  6.8814E-02
  8.1308E-01  6.8732E-02
  8.1346E-01  6.8649E-02
  8.1385E-01  6.8567E-02
  8.1423E-01  6.8485E-02
  8.1462E-01  6.8404E-02
  8.1500E-01  6.8323E-02
  8.1538E-01  6.8242E-02
  8.1577E-01  6.8161E-02
  8.1615E-01  6.8081E-02
  8.1654E-01  6.8001E-02
  8.1692E-01  6.7922E-02
  8.1731E-01  6.7842E-02
  8.1769E-01  6.7763E-02
  8.1808E-01  6.7685E-02
  8.1846E-01  6.7606E-02
  8.1885E-01  6.7528E-02
  8.1923E-01  6.7451E-02
  8.1962E-01  6.7373E-02
  8.2000E-01  6.7296E-02
  8.2038E-01  6.7219E-02
  8.2077E-01  6.7142E-02
  8.2115E-01  6.7066E-02
  8.2154E-01  6.6990E-02
  8.2192E-01  6.6914E-02
  8.2231E-01  6.6839E-02
  8.2269E-01  6.6764E-02
  8.2308E-01  6.6689E-02
  8.2346E-01  6.6614E-02
  8.2385E-01  6.6540E-02
  8.2423E-01  6.6466E-02
  8.2462E-01  6.6392E-02
  8.2500E-01  6.6319E-02
  8.2538E-01  6.6246E-02
  8.2577E-01  6.6173E-02
  8.2615E-01  6.6100E-02
  8.2654E-01  6.6028E-02
  8.2692E-01  6.5956E-02
  8.2731E-01  6.5884E-02
  8.2769E-01  6.5813E-02
  8.2808E-01  6.5742E-02
  8.2846E-01  6.5671E-02
  8.2885E-01  6.5600E-02
  8.2923E-01  6.5530E-02
  8.2962E-01  6.5459E-02
  8.3000E-01  6.5390E-02
  8.3038E-01  6.5320E-02
  8.3077E-01  6.5251E-02
  8.3115E-01  6.5182E-02
  8.3154E-01  6.5113E-02
  8.3192E-01  6.5044E-02
  8.3231E-01  6.4976E-02
  8.3269E-01  6.4908E-02
  8.3308E-01  6.4840E-02
  8.3346E-01  6.4773E-02
  8.3385E-01  6.4706E-02
  8.3423E-01  6.4639E-02
  8.3462E-01  6.4572E-02
  8.3500E-01  6.4505E-02
  8.3538E-01  6.4439E-02
  8.3577E-01  6.4373E-02
  8.3615E-01  6.4308E-02
  8.3654E-01  6.4242E-02
  8.3692E-01  6.4177E-02
  8.3731E-01  6.4112E-02
  8.3769E-01  6.4047E-02
  8.3808E-01  6.3983E-02
  8.3846E-01  6.3919E-02
  8.3885E-01  6.3855E-02
  8.3923E-01  6.3791E-02
  8.3962E-01  6.3728E-02
  8.4000E-01  6.3664E-02
  8.4038E-01  6.3601E-02
  8.4077E-01  6.3539E-02
  8.4115E-01  6.3476E-02
  8.4154E-01  6.3414E-02
  8.4192E-01  6.3352E-02
  8.4231E-01  6.3290E-02
  8.4269E-01  6.3229E-02
  8.4308E-01  6.3167E-02
  8.4346E-01  6.3106E-02
  8.4385E-01  6.3045E-02
  8.4423E-01  6.2985E-02
  8.4462E-01  6.2925E-02
  8.4500E-01  6.2864E-02
  8.4538E-01  6.2805E-02
  8.4577E-01  6.2745E-02
  8.4615E-01  6.2685E-02
  8.4654E-01  6.2626E-02
  8.4692E-01  6.2567E-02
  8.4731E-01  6.2509E-02
  8.4769E-01  6.2450E-02
  8.4808E-01  6.2392E-02
  8.4846E-01  6.2334E-02
  8.4885E-01  6.2276E-02
  8.4923E-01  6.2218E-02
  8.4962E-01  6.2161E-02
  8.5000E-01  6.2104E-02
  8.5038E-01  6.2047E-02
  8.5077E-01  6.1990E-02
  8.5115E-01  6.1934E-02
  8.5154E-01  6.1878E-02
  8.5192E-01  6.1821E-02
  8.5231E-01  6.1766E-02
  8.5269E-01  6.1710E-02
  8.5308E-01  6.1655E-02
  8.5346E-01  6.1600E-02
  8.5385E-01  6.1545E-02
  8.5423E-01  6.1490E-02
  8.5462E-01  6.1435E-02
  8.5500E-01  6.1381E-02
  8.5538E-01  6.1327E-02
  8.5577E-01  6.1273E-02
  8.5615E-01  6.1219E-02
  8.5654E-01  6.1166E-02
  8.5692E-01  6.1113E-02
  8.5731E-01  6.1060E-02
  8.5769E-01  6.1007E-02
  8.5808E-01  6.0954E-02
  8.5846E-01  6.0902E-02
  8.5885E-01  6.0850E-02
  8.5923E-01  6.0798E-02
  8.5962E-01  6.0746E-02
  8.6000E-01  6.0694E-02
  8.6038E-01  6.0643E-02
  8.6077E-01  6.0592E-02
  8.6115E-01  6.0541E-02
  8.6154E-01  6.0490E-02
  8.6192E-01  6.0439E-02
  8.6231E-01  6.0389E-02
  8.6269E-01  6.0339E-02
  8.6308E-01  6.0289E-02
  8.6346E-01  6.0239E-02
  8.6385E-01  6.0190E-02
  8.6423E-01  6.0140E-02
  8.6462E-01  6.0091E-02
  8.6500E-01  6.0042E-02
  8.6538E-01  5.9993E-02
  8.6577E-01  5.9945E-02
  8.6615E-01  5.9897E-02
  8.6654E-01  5.9848E-02
  8.6692E-01  5.9800E-02
  8.6731E-01  5.9753E-02
  8.6769E-01  5.9705E-02
  8.6808E-01  5.9658E-02
  8.6846E-01  5.9610E-02
  8.6885E-01  5.9563E-02
  8.6923E-01  5.9517E-02
  8.6962E-01  5.9470E-02
  8.7000E-01  5.9424E-02
  8.7038E-01  5.9377E-02
  8.7077E-01  5.9331E-02
  8.7115E-01  5.9285E-02
  8.7154E-01  5.9240E-02
  8.7192E-01  5.9194E-02
  8.7231E-01  5.9149E-02
  8.7269E-01  5.9104E-02
  8.7308E-01  5.9059E-02
  8.7346E-01  5.9014E-02
  8.7385E-01  5.8969E-02
  8.7423E-01  5.8925E-02
  8.7462E-01  5.8881E-02
  8.7500E-01  5.8837E-02
  8.7538E-01  5.8793E-02
  8.7577E-01  5.8749E-02
  8.7615E-01  5.8706E-02
  8.7654E-01  5.8663E-02
  8.7692E-01  5.8619E-02
  8.7731E-01  5.8577E-02
  8.7769E-01  5.8534E-02
  8.7808E-01  5.8491E-02
  8.7846E-01  5.8449E-02
  8.7885E-01  5.8407E-02
  8.7923E-01  5.8365E-02
  8.7962E-01  5.8323E-02
  8.8000E-01  5.8281E-02
  8.8038E-01  5.8240E-02
  8.8077E-01  5.8198E-02
  8.8115E-01  5.8157E-02
  8.8154E-01  5.8116E-02
  8.8192E-01  5.8075E-02
  8.8231E-01  5.8035E-02
  8.8269E-01  5.7994E-02
  8.8308E-01  5.7954E-02
  8.8346E-01  5.7914E-02
  8.8385E-01  5.7874E-02
  8.8423E-01  5.7834E-02
  8.8462E-01  5.7795E-02
  8.8500E-01  5.7755E-02
  8.8538E-01  5.7716E-02
  8.8577E-01  5.7677E-02
  8.8615E-01  5.7638E-02
  8.8654E-01  5.7599E-02
  8.8692E-01  5.7561E-02
  8.8731E-01  5.7522E-02
  8.8769E-01  5.7484E-02
  8.8808E-01  5.7446E-02
  8.8846E-01  5.7408E-02
  8.8885E-01  5.7370E-02
  8.8923E-01  5.7333E-02
  8.8962E-01  5.7295E-02
  8.9000E-01  5.7258E-02
  8.9038E-01  5.7221E-02
  8.9077E-01  5.7184E-02
  8.9115E-01  5.7147E-02
  8.9154E-01  5.7111E-02
  8.9192E-01  5.7074E-02
  8.9231E-01  5.7038E-02
  8.9269E-01  5.7002E-02
  8.9308E-01  5.6966E-02
  8.9346E-01  5.6930E-02
  8.9385E-01  5.6895E-02
  8.9423E-01  5.6859E-02
  8.9462E-01  5.6824E-02
  8.9500E-01  5.6789E-02
  8.9538E-01  5.6754E-02
  8.9577E-01  5.6719E-02
  8.9615E-01  5.6684E-02
  8.9654E-01  5.6650E-02
  8.9692E-01  5.6615E-02
  8.9731E-01  5.6581E-02
  8.9769E-01  5.6547E-02
  8.9808E-01  5.6513E-02
  8.9846E-01  5.6480E-02
  8.9885E-01  5.6446E-02
  8.9923E-01  5.6413E-02
  8.9962E-01  5.6379E-02
  9.0000E-01  5.6346E-02
  9.0038E-01  5.6313E-02
  9.0077E-01  5.6281E-02
  9.0115E-01  5.6248E-02
  9.0154E-01  5.6216E-02
  9.0192E-01  5.6183E-02
  9.0231E-01  5.6151E-02
  9.0269E-01  5.6119E-02
  9.0308E-01  5.6087E-02
  9.0346E-01  5.6056E-02
  9.0385E-01  5.6024E-02
  9.0423E-01  5.5993E-02
  9.0462E-01  5.5961E-02
  9.0500E-01  5.5930E-02
  9.0538E-01  5.5899E-02
  9.0577E-01  5.5869E-02
  9.0615E-01  5.5838E-02
  9.0654E-01  5.5807E-02
  9.0692E-01  5.5777E-02
  9.0731E-01  5.5747E-02
  9.0769E-01  5.5717E-02
  9.0808E-01  5.5687E-02
  9.0846E-01  5.5657E-02
  9.0885E-01  5.5628E-02
  9.0923E-01  5.5598E-02
  9.0962E-01  5.5569E-02
  9.1000E-01  5.5540E-02
  9.1038E-01  5.5511E-02
  9.1077E-01  5.5482E-02
  9.1115E-01  5.5453E-02
  9.1154E-01  5.5424E-02
  9.1192E-01  5.5396E-02
  9.1231E-01  5.5368E-02
  9.1269E-01  5.5339E-02
  9.1308E-01  5.5311E-02
  9.1346E-01  5.5284E-02
  9.1385E-01  5.5256E-02
  9.1423E-01  5.5228E-02
  9.1462E-01  5.5201E-02
  9.1500E-01  5.5174E-02
  9.1538E-01  5.5146E-02
  9.1577E-01  5.5119E-02
  9.1615E-01  5.5093E-02
  9.1654E-01  5.5066E-02
  9.1692E-01  5.5039E-02
  9.1731E-01  5.5013E-02
  9.1769E-01  5.4987E-02
  9.1808E-01  5.4960E-02
  9.1846E-01  5.4934E-02
  9.1885E-01  5.4909E-02
  9.1923E-01  5.4883E-02
  9.1962E-01  5.4857E-02
  9.2000E-01  5.4832E-02
  9.2038E-01  5.4806E-02
  9.2077E-01  5.4781E-02
  9.2115E-01  5.4756E-02
  9.2154E-01  5.4731E-02
  9.2192E-01  5.4707E-02
  9.2231E-01  5.4682E-02
  9.2269E-01  5.4657E-02
  9.2308E-01  5.4633E-02
  9.2346E-01  5.4609E-02
  9.2385E-01  5.4585E-02
  9.2423E-01  5.4561E-02
  9.2462E-01  5.4537E-02
  9.2500E-01  5.4513E-02
  9.2538E-01  5.4490E-02
  9.2577E-01  5.4466E-02
  9.2615E-01  5.4443E-02
  9.2654E-01  5.4420E-02
  9.2692E-01  5.4397E-02
  9.2731E-01  5.4374E-02
  9.2769E-01  5.4351E-02
  9.2808E-01  5.4329E-02
  9.2846E-01  5.4306E-02
  9.2885E-01  5.4284E-02
  9.2923E-01  5.4262E-02
  9.2962E-01  5.4240E-02
  9.3000E-01  5.4218E-02
  9.3038E-01  5.4196E-02
  9.3077E-01  5.4174E-02
  9.3115E-01  5.4153E-02
  9.3154E-01  5.4131E-02
  9.3192E-01  5.4110E-02
  9.3231E-01  5.4089E-02
  9.3269E-01  5.4068E-02
  9.3308E-01  5.4047E-02
  9.3346E-01  5.4026E-02
  9.3385E-01  5.4006E-02
  9.3423E-01  5.3985E-02
  9.3462E-01  5.3965E-02
  9.3500E-01  5.3945E-02
  9.3538E-01  5.3925E-02
  9.3577E-01  5.3905E-02
  9.3615E-01  5.3885E-02
  9.3654E-01  5.3865E-02
  9.3692E-01  5.3846E-02
  9.3731E-01  5.3826E-02
  9.3769E-01  5.3807E-02
  9.3808E-01  5.3788E-02
  9.3846E-01  5.3769E-02
  9.3885E-01  5.3750E-02
  9.3923E-01  5.3731E-02
  9.3962E-01  5.3712E-02
  9.4000E-01  5.3694E-02
  9.4038E-01  5.3675E-02
  9.4077E-01  5.3657E-02
  9.4115E-01  5.3639E-02
  9.4154E-01  5.3621E-02
  9.4192E-01  5.3603E-02
  9.4231E-01  5.3585E-02
  9.4269E-01  5.3568E-02
  9.4308E-01  5.3550E-02
  9.4346E-01  5.3533E-02
  9.4385E-01  5.3515E-02
  9.4423E-01  5.3498E-02
  9.4462E-01  5.3481E-02
  9.4500E-01  5.3464E-02
  9.4538E-01  5.3448E-02
  9.4577E-01  5.3431E-02
  9.4615E-01  5.3414E-02
  9.4654E-01  5.3398E-02
  9.4692E-01  5.3382E-02
  9.4731E-01  5.3366E-02
  9.4769E-01  5.3350E-02
  9.4808E-01  5.3334E-02
  9.4846E-01  5.3318E-02
  9.4885E-01  5.3302E-02
  9.4923E-01  5.3287E-02
  9.4962E-01  5.3271E-02
  9.5000E-01  5.3256E-02
  9.5038E-01  5.3241E-02
  9.5077E-01  5.3226E-02
  9.5115E-01  5.3211E-02
  9.5154E-01  5.3196E-02
  9.5192E-01  5.3181E-02
  9.5231E-01  5.3167E-02
  9.5269E-01  5.3153E-02
  9.5308E-01  5.3138E-02
  9.5346E-01  5.3124E-02
  9.5385E-01  5.3110E-02
  9.5423E-01  5.3096E-02
  9.5462E-01  5.3082E-02
  9.5500E-01  5.3069E-02
  9.5538E-01  5.3055E-02
  9.5577E-01  5.3042E-02
  9.5615E-01  5.3028E-02
  9.5654E-01  5.3015E-02
  9.5692E-01  5.3002E-02
  9.5731E-01  5.2989E-02
  9.5769E-01  5.2976E-02
  9.5808E-01  5.2963E-02
  9.5846E-01  5.2951E-02
  9.5885E-01  5.2938E-02
  9.5923E-01  5.2926E-02
  9.5962E-01  5.2914E-02
  9.6000E-01  5.2902E-02
  9.6038E-01  5.2890E-02
  9.6077E-01  5.2878E-02
  9.6115E-01  5.2866E-02
  9.6154E-01  5.2854E-02
  9.6192E-01  5.2843E-02
  9.6231E-01  5.2831E-02
  9.6269E-01  5.2820E-02
  9.6308E-01  5.2809E-02
  9.6346E-01  5.2798E-02
  9.6385E-01  5.2787E-02
  9.6423E-01  5.2776E-02
  9.6462E-01  5.2766E-02
  9.6500E-01  5.2755E-02
  9.6538E-01  5.2745E-02
  9.6577E-01  5.2734E-02
  9.6615E-01  5.2724E-02
  9.6654E-01  5.2714E-02
  9.6692E-01  5.2704E-02
  9.6731E-01  5.2694E-02
  9.6769E-01  5.2684E-02
  9.6808E-01  5.2675E-02
  9.6846E-01  5.2665E-02
  9.6885E-01  5.2656E-02
  9.6923E-01  5.2647E-02
  9.6962E-01  5.2637E-02
  9.7000E-01  5.2628E-02
  9.7038E-01  5.2619E-02
  9.7077E-01  5.2611E-02
  9.7115E-01  5.2602E-02
  9.7154E-01  5.2593E-02
  9.7192E-01  5.2585E-02
  9.7231E-01  5.2577E-02
  9.7269E-01  5.2568E-02
  9.7308E-01  5.2560E-02
  9.7346E-01  5.2552E-02
  9.7385E-01  5.2544E-02
  9.7423E-01  5.2537E-02
  9.7462E-01  5.2529E-02
  9.7500E-01  5.2522E-02
  9.7538E-01  5.2514E-02
  9.7577E-01  5.2507E-02
  9.7615E-01  5.2500E-02
  9.7654E-01  5.2493E-02
  9.7692E-01  5.2486E-02
  9.7731E-01  5.2479E-02
  9.7769E-01  5.2472E-02
  9.7808E-01  5.2466E-02
  9.7846E-01  5.2459E-02
  9.7885E-01  5.2453E-02
  9.7923E-01  5.2446E-02
  9.7962E-01  5.2440E-02
  9.8000E-01  5.2434E-02
  9.8038E-01  5.2428E-02
  9.8077E-01  5.2423E-02
  9.8115E-01  5.2417E-02
  9.8154E-01  5.2411E-02
  9.8192E-01  5.2406E-02
  9.8231E-01  5.2401E-02
  9.8269E-01  5.2396E-02
  9.8308E-01  5.2390E-02
  9.8346E-01  5.2385E-02
  9.8385E-01  5.2381E-02
  9.8423E-01  5.2376E-02
  9.8462E-01  5.2371E-02
  9.8500E-01  5.2367E-02
  9.8538E-01  5.2362E-02
  9.8577E-01  5.2358E-02
  9.8615E-01  5.2354E-02
  9.8654E-01  5.2350E-02
  9.8692E-01  5.2346E-02
  9.8731E-01  5.2342E-02
  9.8769E-01  5.2338E-02
  9.8808E-01  5.2335E-02
  9.8846E-01  5.2331E-02
  9.8885E-01  5.2328E-02
  9.8923E-01  5.2325E-02
  9.8962E-01  5.2321E-02
  9.9000E-01  5.2318E-02
  9.9038E-01  5.2316E-02
  9.9077E-01  5.2313E-02
  9.9115E-01  5.2310E-02
  9.9154E-01  5.2307E-02
  9.9192E-01  5.2305E-02
  9.9231E-01  5.2303E-02
  9.9269E-01  5.2300E-02
  9.9308E-01  5.2298E-02
  9.9346E-01  5.2296E-02
  9.9385E-01  5.2294E-02
  9.9423E-01  5.2293E-02
  9.9462E-01  5.2291E-02
  9.9500E-01  5.2290E-02
  9.9538E-01  5.2288E-02
  9.9577E-01  5.2287E-02
  9.9615E-01  5.2286E-02
  9.9654E-01  5.2285E-02
  9.9692E-01  5.2284E-02
  9.9731E-01  5.2283E-02
  9.9769E-01  5.2282E-02
  9.9808E-01  5.2281E-02
  9.9846E-01  5.2281E-02
  9.9885E-01  5.2280E-02
  9.9923E-01  5.2280E-02
  9.9962E-01  5.2280E-02
