r | d (mean dist.) | Rcl | d/Rcl - 2
  1.0013E+00  7.9634E-03  4.6462E-03 -2.8603E-01
  1.0036E+00  9.4888E-03  5.5362E-03 -2.8603E-01
  1.0059E+00  1.0326E-02  6.0248E-03 -2.8603E-01
  1.0082E+00  1.0928E-02  6.3757E-03 -2.8603E-01
  1.0105E+00  1.1405E-02  6.6543E-03 -2.8603E-01
  1.0128E+00  1.1805E-02  6.8878E-03 -2.8603E-01
  1.0152E+00  1.2153E-02  7.0904E-03 -2.8603E-01
  1.0175E+00  1.2461E-02  7.2702E-03 -2.8603E-01
  1.0199E+00  1.2739E-02  7.4326E-03 -2.8603E-01
  1.0222E+00  1.2994E-02  7.5812E-03 -2.8603E-01
  1.0246E+00  1.3229E-02  7.7185E-03 -2.8603E-01
  1.0269E+00  1.3449E-02  7.8465E-03 -2.8603E-01
  1.0293E+00  1.3654E-02  7.9666E-03 -2.8603E-01
  1.0317E+00  1.3849E-02  8.0799E-03 -2.8603E-01
  1.0341E+00  1.4033E-02  8.1874E-03 -2.8603E-01
  1.0364E+00  1.4208E-02  8.2898E-03 -2.8603E-01
  1.0388E+00  1.4376E-02  8.3877E-03 -2.8603E-01
  1.0412E+00  1.4537E-02  8.4815E-03 -2.8603E-01
  1.0436E+00  1.4692E-02  8.5717E-03 -2.8603E-01
  1.0460E+00  1.4841E-02  8.6587E-03 -2.8603E-01
  1.0484E+00  1.4985E-02  8.7428E-03 -2.8603E-01
  1.0509E+00  1.5124E-02  8.8242E-03 -2.8603E-01
  1.0533E+00  1.5260E-02  8.9031E-03 -2.8603E-01
  1.0557E+00  1.5391E-02  8.9799E-03 -2.8603E-01
  1.0581E+00  1.5519E-02  9.0545E-03 -2.8603E-01
  1.0606E+00  1.5644E-02  9.1272E-03 -2.8603E-01
  1.0630E+00  1.5765E-02  9.1982E-03 -2.8603E-01
  1.0655E+00  1.5884E-02  9.2675E-03 -2.8603E-01
  1.0679E+00  1.6000E-02  9.3353E-03 -2.8603E-01
  1.0704E+00  1.6114E-02  9.4017E-03 -2.8603E-01
  1.0729E+00  1.6226E-02  9.4667E-03 -2.8603E-01
  1.0753E+00  1.6335E-02  9.5305E-03 -2.8603E-01
  1.0778E+00  1.6442E-02  9.5931E-03 -2.8603E-01
  1.0803E+00  1.6548E-02  9.6546E-03 -2.8603E-01
  1.0828E+00  1.6651E-02  9.7150E-03 -2.8603E-01
  1.0853E+00  1.6753E-02  9.7745E-03 -2.8603E-01
  1.0878E+00  1.6853E-02  9.8330E-03 -2.8603E-01
  1.0903E+00  1.6952E-02  9.8907E-03 -2.8603E-01
  1.0928E+00  1.7050E-02  9.9475E-03 -2.8603E-01
  1.0953E+00  1.7146E-02  1.0003E-02 -2.8603E-01
  1.0978E+00  1.7240E-02  1.0059E-02 -2.8603E-01
  1.1004E+00  1.7334E-02  1.0113E-02 -2.8603E-01
  1.1029E+00  1.7426E-02  1.0167E-02 -2.8603E-01
  1.1055E+00  1.7517E-02  1.0220E-02 -2.8603E-01
  1.1080E+00  1.7607E-02  1.0273E-02 -2.8603E-01
  1.1106E+00  1.7696E-02  1.0325E-02 -2.8603E-01
  1.1131E+00  1.7785E-02  1.0376E-02 -2.8603E-01
  1.1157E+00  1.7872E-02  1.0427E-02 -2.8603E-01
  1.1183E+00  1.7958E-02  1.0477E-02 -2.8603E-01
  1.1208E+00  1.8043E-02  1.0527E-02 -2.8603E-01
  1.1234E+00  1.8128E-02  1.0577E-02 -2.8603E-01
  1.1260E+00  1.8212E-02  1.0626E-02 -2.8603E-01
  1.1286E+00  1.8295E-02  1.0674E-02 -2.8603E-01
  1.1312E+00  1.8377E-02  1.0722E-02 -2.8603E-01
  1.1338E+00  1.8459E-02  1.0770E-02 -2.8603E-01
  1.1364E+00  1.8540E-02  1.0817E-02 -2.8603E-01
  1.1390E+00  1.8620E-02  1.0864E-02 -2.8603E-01
  1.1417E+00  1.8700E-02  1.0910E-02 -2.8603E-01
  1.1443E+00  1.8779E-02  1.0956E-02 -2.8603E-01
  1.1469E+00  1.8857E-02  1.1002E-02 -2.8603E-01
  1.1496E+00  1.8935E-02  1.1048E-02 -2.8603E-01
  1.1522E+00  1.9013E-02  1.1093E-02 -2.8603E-01
  1.1549E+00  1.9089E-02  1.1138E-02 -2.8603E-01
  1.1576E+00  1.9166E-02  1.1182E-02 -2.8603E-01
  1.1602E+00  1.9242E-02  1.1226E-02 -2.8603E-01
  1.1629E+00  1.9317E-02  1.1270E-02 -2.8603E-01
  1.1656E+00  1.9392E-02  1.1314E-02 -2.8603E-01
  1.1683E+00  1.9466E-02  1.1358E-02 -2.8603E-01
  1.1710E+00  1.9540E-02  1.1401E-02 -2.8603E-01
  1.1737E+00  1.9614E-02  1.1444E-02 -2.8603E-01
  1.1764E+00  1.9687E-02  1.1486E-02 -2.8603E-01
  1.1791E+00  1.9760E-02  1.1529E-02 -2.8603E-01
  1.1818E+00  1.9833E-02  1.1571E-02 -2.8603E-01
  1.1845E+00  1.9905E-02  1.1613E-02 -2.8603E-01
  1.1872E+00  1.9977E-02  1.1655E-02 -2.8603E-01
  1.1900E+00  2.0048E-02  1.1697E-02 -2.8603E-01
  1.1927E+00  2.0119E-02  1.1738E-02 -2.8603E-01
  1.1955E+00  2.0190E-02  1.1780E-02 -2.8603E-01
  1.1982E+00  2.0260E-02  1.1821E-02 -2.8603E-01
  1.2010E+00  2.0331E-02  1.1862E-02 -2.8603E-01
  1.2038E+00  2.0400E-02  1.1903E-02 -2.8603E-01
  1.2065E+00  2.0470E-02  1.1943E-02 -2.8603E-01
  1.2093E+00  2.0539E-02  1.1984E-02 -2.8603E-01
  1.2121E+00  2.0608E-02  1.2024E-02 -2.8603E-01
  1.2149E+00  2.0677E-02  1.2064E-02 -2.8603E-01
  1.2177E+00  2.0746E-02  1.2104E-02 -2.8603E-01
  1.2205E+00  2.0814E-02  1.2144E-02 -2.8603E-01
  1.2233E+00  2.0882E-02  1.2184E-02 -2.8603E-01
  1.2261E+00  2.0950E-02  1.2223E-02 -2.8603E-01
  1.2290E+00  2.1018E-02  1.2263E-02 -2.8603E-01
  1.2318E+00  2.1085E-02  1.2302E-02 -2.8603E-01
  1.2346E+00  2.1152E-02  1.2341E-02 -2.8603E-01
  1.2375E+00  2.1219E-02  1.2380E-02 -2.8603E-01
  1.2403E+00  2.1286E-02  1.2419E-02 -2.8603E-01
  1.2432E+00  2.1352E-02  1.2458E-02 -2.8603E-01
  1.2461E+00  2.1419E-02  1.2497E-02 -2.8603E-01
  1.2489E+00  2.1485E-02  1.2535E-02 -2.8603E-01
  1.2518E+00  2.1551E-02  1.2574E-02 -2.8603E-01
  1.2547E+00  2.1617E-02  1.2612E-02 -2.8603E-01
  1.2576E+00  2.1682E-02  1.2650E-02 -2.8603E-01
  1.2605E+00  2.1748E-02  1.2689E-02 -2.8603E-01
  1.2634E+00  2.1813E-02  1.2727E-02 -2.8603E-01
  1.2663E+00  2.1878E-02  1.2765E-02 -2.8603E-01
  1.2692E+00  2.1944E-02  1.2803E-02 -2.8603E-01
  1.2722E+00  2.2008E-02  1.2841E-02 -2.8603E-01
  1.2751E+00  2.2073E-02  1.2878E-02 -2.8603E-01
  1.2780E+00  2.2138E-02  1.2916E-02 -2.8603E-01
  1.2810E+00  2.2202E-02  1.2954E-02 -2.8603E-01
  1.2839E+00  2.2267E-02  1.2991E-02 -2.8603E-01
  1.2869E+00  2.2331E-02  1.3029E-02 -2.8603E-01
  1.2898E+00  2.2395E-02  1.3066E-02 -2.8603E-01
  1.2928E+00  2.2459E-02  1.3103E-02 -2.8603E-01
  1.2958E+00  2.2523E-02  1.3141E-02 -2.8603E-01
  1.2988E+00  2.2586E-02  1.3178E-02 -2.8603E-01
  1.3018E+00  2.2650E-02  1.3215E-02 -2.8603E-01
  1.3048E+00  2.2714E-02  1.3252E-02 -2.8603E-01
  1.3078E+00  2.2777E-02  1.3289E-02 -2.8603E-01
  1.3108E+00  2.2840E-02  1.3326E-02 -2.8603E-01
  1.3138E+00  2.2903E-02  1.3363E-02 -2.8603E-01
  1.3169E+00  2.2967E-02  1.3400E-02 -2.8603E-01
  1.3199E+00  2.3030E-02  1.3436E-02 -2.8603E-01
  1.3229E+00  2.3093E-02  1.3473E-02 -2.8603E-01
  1.3260E+00  2.3155E-02  1.3510E-02 -2.8603E-01
  1.3290E+00  2.3218E-02  1.3546E-02 -2.8603E-01
  1.3321E+00  2.3281E-02  1.3583E-02 -2.8603E-01
  1.3352E+00  2.3343E-02  1.3620E-02 -2.8603E-01
  1.3383E+00  2.3406E-02  1.3656E-02 -2.8603E-01
  1.3413E+00  2.3468E-02  1.3692E-02 -2.8603E-01
  1.3444E+00  2.3531E-02  1.3729E-02 -2.8603E-01
  1.3475E+00  2.3593E-02  1.3765E-02 -2.8603E-01
  1.3506E+00  2.3655E-02  1.3802E-02 -2.8603E-01
  1.3537E+00  2.3717E-02  1.3838E-02 -2.8603E-01
  1.3569E+00  2.3780E-02  1.3874E-02 -2.8603E-01
  1.3600E+00  2.3842E-02  1.3910E-02 -2.8603E-01
  1.3631E+00  2.3904E-02  1.3946E-02 -2.8603E-01
  1.3663E+00  2.3966E-02  1.3983E-02 -2.8603E-01
  1.3694E+00  2.4027E-02  1.4019E-02 -2.8603E-01
  1.3726E+00  2.4089E-02  1.4055E-02 -2.8603E-01
  1.3757E+00  2.4151E-02  1.4091E-02 -2.8603E-01
  1.3789E+00  2.4213E-02  1.4127E-02 -2.8603E-01
  1.3821E+00  2.4274E-02  1.4163E-02 -2.8603E-01
  1.3853E+00  2.4336E-02  1.4199E-02 -2.8603E-01
  1.3885E+00  2.4398E-02  1.4235E-02 -2.8603E-01
  1.3917E+00  2.4459E-02  1.4270E-02 -2.8603E-01
  1.3949E+00  2.4521E-02  1.4306E-02 -2.8603E-01
  1.3981E+00  2.4582E-02  1.4342E-02 -2.8603E-01
  1.4013E+00  2.4643E-02  1.4378E-02 -2.8603E-01
  1.4046E+00  2.4705E-02  1.4414E-02 -2.8603E-01
  1.4078E+00  2.4766E-02  1.4450E-02 -2.8603E-01
  1.4110E+00  2.4827E-02  1.4485E-02 -2.8603E-01
  1.4143E+00  2.4889E-02  1.4521E-02 -2.8603E-01
  1.4175E+00  2.4950E-02  1.4557E-02 -2.8603E-01
  1.4208E+00  2.5011E-02  1.4593E-02 -2.8603E-01
  1.4241E+00  2.5072E-02  1.4628E-02 -2.8603E-01
  1.4274E+00  2.5134E-02  1.4664E-02 -2.8603E-01
  1.4307E+00  2.5195E-02  1.4700E-02 -2.8603E-01
  1.4340E+00  2.5256E-02  1.4735E-02 -2.8603E-01
  1.4373E+00  2.5317E-02  1.4771E-02 -2.8603E-01
  1.4406E+00  2.5378E-02  1.4807E-02 -2.8603E-01
  1.4439E+00  2.5439E-02  1.4842E-02 -2.8603E-01
  1.4472E+00  2.5500E-02  1.4878E-02 -2.8603E-01
  1.4506E+00  2.5561E-02  1.4913E-02 -2.8603E-01
  1.4539E+00  2.5622E-02  1.4949E-02 -2.8603E-01
  1.4573E+00  2.5683E-02  1.4985E-02 -2.8603E-01
  1.4606E+00  2.5744E-02  1.5020E-02 -2.8603E-01
  1.4640E+00  2.5805E-02  1.5056E-02 -2.8603E-01
  1.4674E+00  2.5866E-02  1.5091E-02 -2.8603E-01
  1.4707E+00  2.5927E-02  1.5127E-02 -2.8603E-01
  1.4741E+00  2.5988E-02  1.5162E-02 -2.8603E-01
  1.4775E+00  2.6049E-02  1.5198E-02 -2.8603E-01
  1.4809E+00  2.6110E-02  1.5233E-02 -2.8603E-01
  1.4843E+00  2.6170E-02  1.5269E-02 -2.8603E-01
  1.4878E+00  2.6231E-02  1.5305E-02 -2.8603E-01
  1.4912E+00  2.6292E-02  1.5340E-02 -2.8603E-01
  1.4946E+00  2.6353E-02  1.5376E-02 -2.8603E-01
  1.4981E+00  2.6414E-02  1.5411E-02 -2.8603E-01
  1.5015E+00  2.6475E-02  1.5447E-02 -2.8603E-01
  1.5050E+00  2.6536E-02  1.5482E-02 -2.8603E-01
  1.5085E+00  2.6597E-02  1.5518E-02 -2.8603E-01
  1.5119E+00  2.6658E-02  1.5553E-02 -2.8603E-01
  1.5154E+00  2.6719E-02  1.5589E-02 -2.8603E-01
  1.5189E+00  2.6779E-02  1.5624E-02 -2.8603E-01
  1.5224E+00  2.6840E-02  1.5660E-02 -2.8603E-01
  1.5259E+00  2.6901E-02  1.5695E-02 -2.8603E-01
  1.5295E+00  2.6962E-02  1.5731E-02 -2.8603E-01
  1.5330E+00  2.7023E-02  1.5766E-02 -2.8603E-01
  1.5365E+00  2.7084E-02  1.5802E-02 -2.8603E-01
  1.5401E+00  2.7145E-02  1.5838E-02 -2.8603E-01
  1.5436E+00  2.7206E-02  1.5873E-02 -2.8603E-01
  1.5472E+00  2.7267E-02  1.5909E-02 -2.8603E-01
  1.5507E+00  2.7328E-02  1.5944E-02 -2.8603E-01
  1.5543E+00  2.7389E-02  1.5980E-02 -2.8603E-01
  1.5579E+00  2.7450E-02  1.6015E-02 -2.8603E-01
  1.5615E+00  2.7511E-02  1.6051E-02 -2.8603E-01
  1.5651E+00  2.7572E-02  1.6087E-02 -2.8603E-01
  1.5687E+00  2.7633E-02  1.6122E-02 -2.8603E-01
  1.5723E+00  2.7694E-02  1.6158E-02 -2.8603E-01
  1.5759E+00  2.7755E-02  1.6194E-02 -2.8603E-01
  1.5796E+00  2.7816E-02  1.6229E-02 -2.8603E-01
  1.5832E+00  2.7877E-02  1.6265E-02 -2.8603E-01
  1.5868E+00  2.7939E-02  1.6301E-02 -2.8603E-01
  1.5905E+00  2.8000E-02  1.6336E-02 -2.8603E-01
  1.5942E+00  2.8061E-02  1.6372E-02 -2.8603E-01
  1.5978E+00  2.8122E-02  1.6408E-02 -2.8603E-01
  1.6015E+00  2.8183E-02  1.6443E-02 -2.8603E-01
  1.6052E+00  2.8245E-02  1.6479E-02 -2.8603E-01
  1.6089E+00  2.8306E-02  1.6515E-02 -2.8603E-01
  1.6126E+00  2.8367E-02  1.6551E-02 -2.8603E-01
  1.6163E+00  2.8429E-02  1.6586E-02 -2.8603E-01
  1.6201E+00  2.8490E-02  1.6622E-02 -2.8603E-01
  1.6238E+00  2.8551E-02  1.6658E-02 -2.8603E-01
  1.6276E+00  2.8613E-02  1.6694E-02 -2.8603E-01
  1.6313E+00  2.8674E-02  1.6730E-02 -2.8603E-01
  1.6351E+00  2.8736E-02  1.6766E-02 -2.8603E-01
  1.6388E+00  2.8797E-02  1.6801E-02 -2.8603E-01
  1.6426E+00  2.8859E-02  1.6837E-02 -2.8603E-01
  1.6464E+00  2.8920E-02  1.6873E-02 -2.8603E-01
  1.6502E+00  2.8982E-02  1.6909E-02 -2.8603E-01
  1.6540E+00  2.9043E-02  1.6945E-02 -2.8603E-01
  1.6578E+00  2.9105E-02  1.6981E-02 -2.8603E-01
  1.6616E+00  2.9167E-02  1.7017E-02 -2.8603E-01
  1.6655E+00  2.9228E-02  1.7053E-02 -2.8603E-01
  1.6693E+00  2.9290E-02  1.7089E-02 -2.8603E-01
  1.6731E+00  2.9352E-02  1.7125E-02 -2.8603E-01
  1.6770E+00  2.9414E-02  1.7161E-02 -2.8603E-01
  1.6809E+00  2.9476E-02  1.7197E-02 -2.8603E-01
  1.6847E+00  2.9537E-02  1.7233E-02 -2.8603E-01
  1.6886E+00  2.9599E-02  1.7269E-02 -2.8603E-01
  1.6925E+00  2.9661E-02  1.7306E-02 -2.8603E-01
  1.6964E+00  2.9723E-02  1.7342E-02 -2.8603E-01
  1.7003E+00  2.9785E-02  1.7378E-02 -2.8603E-01
  1.7043E+00  2.9847E-02  1.7414E-02 -2.8603E-01
  1.7082E+00  2.9909E-02  1.7450E-02 -2.8603E-01
  1.7121E+00  2.9972E-02  1.7487E-02 -2.8603E-01
  1.7161E+00  3.0034E-02  1.7523E-02 -2.8603E-01
  1.7200E+00  3.0096E-02  1.7559E-02 -2.8603E-01
  1.7240E+00  3.0158E-02  1.7596E-02 -2.8603E-01
  1.7280E+00  3.0220E-02  1.7632E-02 -2.8603E-01
  1.7319E+00  3.0283E-02  1.7668E-02 -2.8603E-01
  1.7359E+00  3.0345E-02  1.7705E-02 -2.8603E-01
  1.7399E+00  3.0408E-02  1.7741E-02 -2.8603E-01
  1.7439E+00  3.0470E-02  1.7778E-02 -2.8603E-01
  1.7480E+00  3.0533E-02  1.7814E-02 -2.8603E-01
  1.7520E+00  3.0595E-02  1.7851E-02 -2.8603E-01
  1.7560E+00  3.0658E-02  1.7887E-02 -2.8603E-01
  1.7601E+00  3.0720E-02  1.7924E-02 -2.8603E-01
  1.7641E+00  3.0783E-02  1.7960E-02 -2.8603E-01
  1.7682E+00  3.0846E-02  1.7997E-02 -2.8603E-01
  1.7723E+00  3.0909E-02  1.8033E-02 -2.8603E-01
  1.7764E+00  3.0971E-02  1.8070E-02 -2.8603E-01
  1.7805E+00  3.1034E-02  1.8107E-02 -2.8603E-01
  1.7846E+00  3.1097E-02  1.8143E-02 -2.8603E-01
  1.7887E+00  3.1160E-02  1.8180E-02 -2.8603E-01
  1.7928E+00  3.1223E-02  1.8217E-02 -2.8603E-01
  1.7969E+00  3.1286E-02  1.8254E-02 -2.8603E-01
  1.8011E+00  3.1349E-02  1.8291E-02 -2.8603E-01
  1.8052E+00  3.1413E-02  1.8327E-02 -2.8603E-01
  1.8094E+00  3.1476E-02  1.8364E-02 -2.8603E-01
  1.8136E+00  3.1539E-02  1.8401E-02 -2.8603E-01
  1.8177E+00  3.1602E-02  1.8438E-02 -2.8603E-01
  1.8219E+00  3.1666E-02  1.8475E-02 -2.8603E-01
  1.8261E+00  3.1729E-02  1.8512E-02 -2.8603E-01
  1.8303E+00  3.1793E-02  1.8549E-02 -2.8603E-01
  1.8346E+00  3.1856E-02  1.8586E-02 -2.8603E-01
  1.8388E+00  3.1920E-02  1.8623E-02 -2.8603E-01
  1.8430E+00  3.1983E-02  1.8660E-02 -2.8603E-01
  1.8473E+00  3.2047E-02  1.8698E-02 -2.8603E-01
  1.8515E+00  3.2111E-02  1.8735E-02 -2.8603E-01
  1.8558E+00  3.2175E-02  1.8772E-02 -2.8603E-01
  1.8601E+00  3.2238E-02  1.8809E-02 -2.8603E-01
  1.8644E+00  3.2302E-02  1.8847E-02 -2.8603E-01
  1.8687E+00  3.2366E-02  1.8884E-02 -2.8603E-01
  1.8730E+00  3.2430E-02  1.8921E-02 -2.8603E-01
  1.8773E+00  3.2494E-02  1.8959E-02 -2.8603E-01
  1.8816E+00  3.2558E-02  1.8996E-02 -2.8603E-01
  1.8860E+00  3.2623E-02  1.9033E-02 -2.8603E-01
  1.8903E+00  3.2687E-02  1.9071E-02 -2.8603E-01
  1.8947E+00  3.2751E-02  1.9108E-02 -2.8603E-01
  1.8990E+00  3.2815E-02  1.9146E-02 -2.8603E-01
  1.9034E+00  3.2880E-02  1.9184E-02 -2.8603E-01
  1.9078E+00  3.2944E-02  1.9221E-02 -2.8603E-01
  1.9122E+00  3.3009E-02  1.9259E-02 -2.8603E-01
  1.9166E+00  3.3073E-02  1.9296E-02 -2.8603E-01
  1.9210E+00  3.3138E-02  1.9334E-02 -2.8603E-01
  1.9254E+00  3.3203E-02  1.9372E-02 -2.8603E-01
  1.9299E+00  3.3268E-02  1.9410E-02 -2.8603E-01
  1.9343E+00  3.3332E-02  1.9448E-02 -2.8603E-01
  1.9388E+00  3.3397E-02  1.9485E-02 -2.8603E-01
  1.9433E+00  3.3462E-02  1.9523E-02 -2.8603E-01
  1.9477E+00  3.3527E-02  1.9561E-02 -2.8603E-01
  1.9522E+00  3.3592E-02  1.9599E-02 -2.8603E-01
  1.9567E+00  3.3657E-02  1.9637E-02 -2.8603E-01
  1.9612E+00  3.3723E-02  1.9675E-02 -2.8603E-01
  1.9658E+00  3.3788E-02  1.9713E-02 -2.8603E-01
  1.9703E+00  3.3853E-02  1.9751E-02 -2.8603E-01
  1.9748E+00  3.3919E-02  1.9790E-02 -2.8603E-01
  1.9794E+00  3.3984E-02  1.9828E-02 -2.8603E-01
  1.9840E+00  3.4050E-02  1.9866E-02 -2.8603E-01
  1.9885E+00  3.4115E-02  1.9904E-02 -2.8603E-01
  1.9931E+00  3.4181E-02  1.9943E-02 -2.8603E-01
  1.9977E+00  3.4246E-02  1.9981E-02 -2.8603E-01
  2.0023E+00  3.4312E-02  2.0019E-02 -2.8603E-01
  2.0069E+00  3.4378E-02  2.0058E-02 -2.8603E-01
  2.0115E+00  3.4444E-02  2.0096E-02 -2.8603E-01
  2.0162E+00  3.4510E-02  2.0135E-02 -2.8603E-01
  2.0208E+00  3.4576E-02  2.0173E-02 -2.8603E-01
  2.0255E+00  3.4642E-02  2.0212E-02 -2.8603E-01
  2.0302E+00  3.4708E-02  2.0250E-02 -2.8603E-01
  2.0348E+00  3.4775E-02  2.0289E-02 -2.8603E-01
  2.0395E+00  3.4841E-02  2.0328E-02 -2.8603E-01
  2.0442E+00  3.4907E-02  2.0366E-02 -2.8603E-01
  2.0489E+00  3.4974E-02  2.0405E-02 -2.8603E-01
  2.0537E+00  3.5040E-02  2.0444E-02 -2.8603E-01
  2.0584E+00  3.5107E-02  2.0483E-02 -2.8603E-01
  2.0631E+00  3.5173E-02  2.0522E-02 -2.8603E-01
  2.0679E+00  3.5240E-02  2.0561E-02 -2.8603E-01
  2.0727E+00  3.5307E-02  2.0600E-02 -2.8603E-01
  2.0774E+00  3.5374E-02  2.0639E-02 -2.8603E-01
  2.0822E+00  3.5441E-02  2.0678E-02 -2.8603E-01
  2.0870E+00  3.5508E-02  2.0717E-02 -2.8603E-01
  2.0918E+00  3.5575E-02  2.0756E-02 -2.8603E-01
  2.0967E+00  3.5642E-02  2.0795E-02 -2.8603E-01
  2.1015E+00  3.5709E-02  2.0834E-02 -2.8603E-01
  2.1063E+00  3.5776E-02  2.0873E-02 -2.8603E-01
  2.1112E+00  3.5844E-02  2.0913E-02 -2.8603E-01
  2.1161E+00  3.5911E-02  2.0952E-02 -2.8603E-01
  2.1209E+00  3.5979E-02  2.0992E-02 -2.8603E-01
  2.1258E+00  3.6046E-02  2.1031E-02 -2.8603E-01
  2.1307E+00  3.6114E-02  2.1070E-02 -2.8603E-01
  2.1356E+00  3.6182E-02  2.1110E-02 -2.8603E-01
  2.1406E+00  3.6249E-02  2.1149E-02 -2.8603E-01
  2.1455E+00  3.6317E-02  2.1189E-02 -2.8603E-01
  2.1504E+00  3.6385E-02  2.1229E-02 -2.8603E-01
  2.1554E+00  3.6453E-02  2.1268E-02 -2.8603E-01
  2.1604E+00  3.6521E-02  2.1308E-02 -2.8603E-01
  2.1654E+00  3.6590E-02  2.1348E-02 -2.8603E-01
  2.1703E+00  3.6658E-02  2.1388E-02 -2.8603E-01
  2.1753E+00  3.6726E-02  2.1428E-02 -2.8603E-01
  2.1804E+00  3.6795E-02  2.1468E-02 -2.8603E-01
  2.1854E+00  3.6863E-02  2.1507E-02 -2.8603E-01
  2.1904E+00  3.6932E-02  2.1547E-02 -2.8603E-01
  2.1955E+00  3.7000E-02  2.1588E-02 -2.8603E-01
  2.2005E+00  3.7069E-02  2.1628E-02 -2.8603E-01
  2.2056E+00  3.7138E-02  2.1668E-02 -2.8603E-01
  2.2107E+00  3.7207E-02  2.1708E-02 -2.8603E-01
  2.2158E+00  3.7276E-02  2.1748E-02 -2.8603E-01
  2.2209E+00  3.7345E-02  2.1788E-02 -2.8603E-01
  2.2260E+00  3.7414E-02  2.1829E-02 -2.8603E-01
  2.2311E+00  3.7483E-02  2.1869E-02 -2.8603E-01
  2.2363E+00  3.7552E-02  2.1910E-02 -2.8603E-01
  2.2414E+00  3.7621E-02  2.1950E-02 -2.8603E-01
  2.2466E+00  3.7691E-02  2.1990E-02 -2.8603E-01
  2.2518E+00  3.7760E-02  2.2031E-02 -2.8603E-01
  2.2570E+00  3.7830E-02  2.2072E-02 -2.8603E-01
  2.2622E+00  3.7900E-02  2.2112E-02 -2.8603E-01
  2.2674E+00  3.7969E-02  2.2153E-02 -2.8603E-01
  2.2726E+00  3.8039E-02  2.2194E-02 -2.8603E-01
  2.2779E+00  3.8109E-02  2.2234E-02 -2.8603E-01
  2.2831E+00  3.8179E-02  2.2275E-02 -2.8603E-01
  2.2884E+00  3.8249E-02  2.2316E-02 -2.8603E-01
  2.2937E+00  3.8319E-02  2.2357E-02 -2.8603E-01
  2.2989E+00  3.8390E-02  2.2398E-02 -2.8603E-01
  2.3042E+00  3.8460E-02  2.2439E-02 -2.8603E-01
  2.3096E+00  3.8530E-02  2.2480E-02 -2.8603E-01
  2.3149E+00  3.8601E-02  2.2521E-02 -2.8603E-01
  2.3202E+00  3.8671E-02  2.2562E-02 -2.8603E-01
  2.3256E+00  3.8742E-02  2.2604E-02 -2.8603E-01
  2.3309E+00  3.8813E-02  2.2645E-02 -2.8603E-01
  2.3363E+00  3.8883E-02  2.2686E-02 -2.8603E-01
  2.3417E+00  3.8954E-02  2.2728E-02 -2.8603E-01
  2.3471E+00  3.9025E-02  2.2769E-02 -2.8603E-01
  2.3525E+00  3.9096E-02  2.2810E-02 -2.8603E-01
  2.3579E+00  3.9168E-02  2.2852E-02 -2.8603E-01
  2.3633E+00  3.9239E-02  2.2894E-02 -2.8603E-01
  2.3688E+00  3.9310E-02  2.2935E-02 -2.8603E-01
  2.3743E+00  3.9381E-02  2.2977E-02 -2.8603E-01
  2.3797E+00  3.9453E-02  2.3019E-02 -2.8603E-01
  2.3852E+00  3.9525E-02  2.3060E-02 -2.8603E-01
  2.3907E+00  3.9596E-02  2.3102E-02 -2.8603E-01
  2.3962E+00  3.9668E-02  2.3144E-02 -2.8603E-01
  2.4017E+00  3.9740E-02  2.3186E-02 -2.8603E-01
  2.4073E+00  3.9812E-02  2.3228E-02 -2.8603E-01
  2.4128E+00  3.9884E-02  2.3270E-02 -2.8603E-01
  2.4184E+00  3.9956E-02  2.3312E-02 -2.8603E-01
  2.4240E+00  4.0028E-02  2.3354E-02 -2.8603E-01
  2.4296E+00  4.0100E-02  2.3396E-02 -2.8603E-01
  2.4352E+00  4.0173E-02  2.3438E-02 -2.8603E-01
  2.4408E+00  4.0245E-02  2.3481E-02 -2.8603E-01
  2.4464E+00  4.0318E-02  2.3523E-02 -2.8603E-01
  2.4520E+00  4.0390E-02  2.3565E-02 -2.8603E-01
  2.4577E+00  4.0463E-02  2.3608E-02 -2.8603E-01
  2.4634E+00  4.0536E-02  2.3650E-02 -2.8603E-01
  2.4690E+00  4.0609E-02  2.3693E-02 -2.8603E-01
  2.4747E+00  4.0682E-02  2.3735E-02 -2.8603E-01
  2.4804E+00  4.0755E-02  2.3778E-02 -2.8603E-01
  2.4861E+00  4.0828E-02  2.3821E-02 -2.8603E-01
  2.4919E+00  4.0901E-02  2.3863E-02 -2.8603E-01
  2.4976E+00  4.0975E-02  2.3906E-02 -2.8603E-01
  2.5034E+00  4.1048E-02  2.3949E-02 -2.8603E-01
  2.5091E+00  4.1121E-02  2.3992E-02 -2.8603E-01
  2.5149E+00  4.1195E-02  2.4035E-02 -2.8603E-01
  2.5207E+00  4.1269E-02  2.4078E-02 -2.8603E-01
  2.5265E+00  4.1343E-02  2.4121E-02 -2.8603E-01
  2.5324E+00  4.1417E-02  2.4164E-02 -2.8603E-01
  2.5382E+00  4.1491E-02  2.4207E-02 -2.8603E-01
  2.5441E+00  4.1565E-02  2.4251E-02 -2.8603E-01
  2.5499E+00  4.1639E-02  2.4294E-02 -2.8603E-01
  2.5558E+00  4.1713E-02  2.4337E-02 -2.8603E-01
  2.5617E+00  4.1787E-02  2.4381E-02 -2.8603E-01
  2.5676E+00  4.1862E-02  2.4424E-02 -2.8603E-01
  2.5735E+00  4.1936E-02  2.4467E-02 -2.8603E-01
  2.5794E+00  4.2011E-02  2.4511E-02 -2.8603E-01
  2.5854E+00  4.2086E-02  2.4555E-02 -2.8603E-01
  2.5913E+00  4.2161E-02  2.4598E-02 -2.8603E-01
  2.5973E+00  4.2236E-02  2.4642E-02 -2.8603E-01
  2.6033E+00  4.2311E-02  2.4686E-02 -2.8603E-01
  2.6093E+00  4.2386E-02  2.4730E-02 -2.8603E-01
  2.6153E+00  4.2461E-02  2.4774E-02 -2.8603E-01
  2.6214E+00  4.2536E-02  2.4817E-02 -2.8603E-01
  2.6274E+00  4.2612E-02  2.4861E-02 -2.8603E-01
  2.6335E+00  4.2687E-02  2.4906E-02 -2.8603E-01
  2.6395E+00  4.2763E-02  2.4950E-02 -2.8603E-01
  2.6456E+00  4.2838E-02  2.4994E-02 -2.8603E-01
  2.6517E+00  4.2914E-02  2.5038E-02 -2.8603E-01
  2.6578E+00  4.2990E-02  2.5082E-02 -2.8603E-01
  2.6639E+00  4.3066E-02  2.5127E-02 -2.8603E-01
  2.6701E+00  4.3142E-02  2.5171E-02 -2.8603E-01
  2.6762E+00  4.3218E-02  2.5215E-02 -2.8603E-01
  2.6824E+00  4.3295E-02  2.5260E-02 -2.8603E-01
  2.6886E+00  4.3371E-02  2.5305E-02 -2.8603E-01
  2.6948E+00  4.3448E-02  2.5349E-02 -2.8603E-01
  2.7010E+00  4.3524E-02  2.5394E-02 -2.8603E-01
  2.7072E+00  4.3601E-02  2.5439E-02 -2.8603E-01
  2.7135E+00  4.3678E-02  2.5483E-02 -2.8603E-01
  2.7197E+00  4.3754E-02  2.5528E-02 -2.8603E-01
  2.7260E+00  4.3831E-02  2.5573E-02 -2.8603E-01
  2.7323E+00  4.3909E-02  2.5618E-02 -2.8603E-01
  2.7386E+00  4.3986E-02  2.5663E-02 -2.8603E-01
  2.7449E+00  4.4063E-02  2.5708E-02 -2.8603E-01
  2.7512E+00  4.4140E-02  2.5753E-02 -2.8603E-01
  2.7576E+00  4.4218E-02  2.5799E-02 -2.8603E-01
  2.7639E+00  4.4295E-02  2.5844E-02 -2.8603E-01
  2.7703E+00  4.4373E-02  2.5889E-02 -2.8603E-01
  2.7767E+00  4.4451E-02  2.5935E-02 -2.8603E-01
  2.7831E+00  4.4529E-02  2.5980E-02 -2.8603E-01
  2.7895E+00  4.4607E-02  2.6025E-02 -2.8603E-01
  2.7959E+00  4.4685E-02  2.6071E-02 -2.8603E-01
  2.8024E+00  4.4763E-02  2.6117E-02 -2.8603E-01
  2.8088E+00  4.4841E-02  2.6162E-02 -2.8603E-01
  2.8153E+00  4.4920E-02  2.6208E-02 -2.8603E-01
  2.8218E+00  4.4998E-02  2.6254E-02 -2.8603E-01
  2.8283E+00  4.5077E-02  2.6300E-02 -2.8603E-01
  2.8348E+00  4.5156E-02  2.6346E-02 -2.8603E-01
  2.8413E+00  4.5234E-02  2.6392E-02 -2.8603E-01
  2.8479E+00  4.5313E-02  2.6438E-02 -2.8603E-01
  2.8545E+00  4.5392E-02  2.6484E-02 -2.8603E-01
  2.8610E+00  4.5471E-02  2.6530E-02 -2.8603E-01
  2.8676E+00  4.5551E-02  2.6576E-02 -2.8603E-01
  2.8742E+00  4.5630E-02  2.6622E-02 -2.8603E-01
  2.8809E+00  4.5709E-02  2.6669E-02 -2.8603E-01
  2.8875E+00  4.5789E-02  2.6715E-02 -2.8603E-01
  2.8942E+00  4.5869E-02  2.6762E-02 -2.8603E-01
  2.9008E+00  4.5948E-02  2.6808E-02 -2.8603E-01
  2.9075E+00  4.6028E-02  2.6855E-02 -2.8603E-01
  2.9142E+00  4.6108E-02  2.6901E-02 -2.8603E-01
  2.9209E+00  4.6188E-02  2.6948E-02 -2.8603E-01
  2.9277E+00  4.6268E-02  2.6995E-02 -2.8603E-01
  2.9344E+00  4.6349E-02  2.7042E-02 -2.8603E-01
  2.9412E+00  4.6429E-02  2.7089E-02 -2.8603E-01
  2.9480E+00  4.6510E-02  2.7136E-02 -2.8603E-01
  2.9548E+00  4.6590E-02  2.7183E-02 -2.8603E-01
  2.9616E+00  4.6671E-02  2.7230E-02 -2.8603E-01
  2.9684E+00  4.6752E-02  2.7277E-02 -2.8603E-01
  2.9752E+00  4.6833E-02  2.7324E-02 -2.8603E-01
  2.9821E+00  4.6914E-02  2.7371E-02 -2.8603E-01
  2.9890E+00  4.6995E-02  2.7419E-02 -2.8603E-01
  2.9959E+00  4.7076E-02  2.7466E-02 -2.8603E-01
  3.0028E+00  4.7157E-02  2.7514E-02 -2.8603E-01
  3.0097E+00  4.7239E-02  2.7561E-02 -2.8603E-01
  3.0166E+00  4.7321E-02  2.7609E-02 -2.8603E-01
  3.0236E+00  4.7402E-02  2.7656E-02 -2.8603E-01
  3.0306E+00  4.7484E-02  2.7704E-02 -2.8603E-01
  3.0375E+00  4.7566E-02  2.7752E-02 -2.8603E-01
  3.0445E+00  4.7648E-02  2.7800E-02 -2.8603E-01
  3.0516E+00  4.7730E-02  2.7848E-02 -2.8603E-01
  3.0586E+00  4.7812E-02  2.7896E-02 -2.8603E-01
  3.0657E+00  4.7895E-02  2.7944E-02 -2.8603E-01
  3.0727E+00  4.7977E-02  2.7992E-02 -2.8603E-01
  3.0798E+00  4.8060E-02  2.8040E-02 -2.8603E-01
  3.0869E+00  4.8142E-02  2.8088E-02 -2.8603E-01
  3.0940E+00  4.8225E-02  2.8137E-02 -2.8603E-01
  3.1011E+00  4.8308E-02  2.8185E-02 -2.8603E-01
  3.1083E+00  4.8391E-02  2.8234E-02 -2.8603E-01
  3.1155E+00  4.8474E-02  2.8282E-02 -2.8603E-01
  3.1226E+00  4.8558E-02  2.8331E-02 -2.8603E-01
  3.1298E+00  4.8641E-02  2.8379E-02 -2.8603E-01
  3.1371E+00  4.8724E-02  2.8428E-02 -2.8603E-01
  3.1443E+00  4.8808E-02  2.8477E-02 -2.8603E-01
  3.1515E+00  4.8892E-02  2.8526E-02 -2.8603E-01
  3.1588E+00  4.8976E-02  2.8574E-02 -2.8603E-01
  3.1661E+00  4.9060E-02  2.8623E-02 -2.8603E-01
  3.1734E+00  4.9144E-02  2.8672E-02 -2.8603E-01
  3.1807E+00  4.9228E-02  2.8722E-02 -2.8603E-01
  3.1880E+00  4.9312E-02  2.8771E-02 -2.8603E-01
  3.1954E+00  4.9396E-02  2.8820E-02 -2.8603E-01
  3.2027E+00  4.9481E-02  2.8869E-02 -2.8603E-01
  3.2101E+00  4.9566E-02  2.8919E-02 -2.8603E-01
  3.2175E+00  4.9650E-02  2.8968E-02 -2.8603E-01
  3.2249E+00  4.9735E-02  2.9018E-02 -2.8603E-01
  3.2324E+00  4.9820E-02  2.9067E-02 -2.8603E-01
  3.2398E+00  4.9905E-02  2.9117E-02 -2.8603E-01
  3.2473E+00  4.9991E-02  2.9167E-02 -2.8603E-01
  3.2548E+00  5.0076E-02  2.9216E-02 -2.8603E-01
  3.2623E+00  5.0161E-02  2.9266E-02 -2.8603E-01
  3.2698E+00  5.0247E-02  2.9316E-02 -2.8603E-01
  3.2773E+00  5.0333E-02  2.9366E-02 -2.8603E-01
  3.2849E+00  5.0418E-02  2.9416E-02 -2.8603E-01
  3.2925E+00  5.0504E-02  2.9466E-02 -2.8603E-01
  3.3001E+00  5.0590E-02  2.9517E-02 -2.8603E-01
  3.3077E+00  5.0676E-02  2.9567E-02 -2.8603E-01
  3.3153E+00  5.0763E-02  2.9617E-02 -2.8603E-01
  3.3229E+00  5.0849E-02  2.9668E-02 -2.8603E-01
  3.3306E+00  5.0936E-02  2.9718E-02 -2.8603E-01
  3.3383E+00  5.1022E-02  2.9769E-02 -2.8603E-01
  3.3460E+00  5.1109E-02  2.9819E-02 -2.8603E-01
  3.3537E+00  5.1196E-02  2.9870E-02 -2.8603E-01
  3.3614E+00  5.1283E-02  2.9921E-02 -2.8603E-01
  3.3692E+00  5.1370E-02  2.9971E-02 -2.8603E-01
  3.3769E+00  5.1457E-02  3.0022E-02 -2.8603E-01
  3.3847E+00  5.1545E-02  3.0073E-02 -2.8603E-01
  3.3925E+00  5.1632E-02  3.0124E-02 -2.8603E-01
  3.4003E+00  5.1720E-02  3.0175E-02 -2.8603E-01
  3.4082E+00  5.1807E-02  3.0227E-02 -2.8603E-01
  3.4160E+00  5.1895E-02  3.0278E-02 -2.8603E-01
  3.4239E+00  5.1983E-02  3.0329E-02 -2.8603E-01
  3.4318E+00  5.2071E-02  3.0381E-02 -2.8603E-01
  3.4397E+00  5.2159E-02  3.0432E-02 -2.8603E-01
  3.4476E+00  5.2248E-02  3.0484E-02 -2.8603E-01
  3.4556E+00  5.2336E-02  3.0535E-02 -2.8603E-01
  3.4635E+00  5.2425E-02  3.0587E-02 -2.8603E-01
  3.4715E+00  5.2514E-02  3.0639E-02 -2.8603E-01
  3.4795E+00  5.2602E-02  3.0690E-02 -2.8603E-01
  3.4875E+00  5.2691E-02  3.0742E-02 -2.8603E-01
  3.4956E+00  5.2780E-02  3.0794E-02 -2.8603E-01
  3.5036E+00  5.2870E-02  3.0846E-02 -2.8603E-01
  3.5117E+00  5.2959E-02  3.0898E-02 -2.8603E-01
  3.5198E+00  5.3048E-02  3.0951E-02 -2.8603E-01
  3.5279E+00  5.3138E-02  3.1003E-02 -2.8603E-01
  3.5361E+00  5.3228E-02  3.1055E-02 -2.8603E-01
  3.5442E+00  5.3317E-02  3.1108E-02 -2.8603E-01
  3.5524E+00  5.3407E-02  3.1160E-02 -2.8603E-01
  3.5606E+00  5.3497E-02  3.1213E-02 -2.8603E-01
  3.5688E+00  5.3588E-02  3.1265E-02 -2.8603E-01
  3.5770E+00  5.3678E-02  3.1318E-02 -2.8603E-01
  3.5853E+00  5.3768E-02  3.1371E-02 -2.8603E-01
  3.5935E+00  5.3859E-02  3.1424E-02 -2.8603E-01
  3.6018E+00  5.3950E-02  3.1477E-02 -2.8603E-01
  3.6101E+00  5.4041E-02  3.1530E-02 -2.8603E-01
  3.6184E+00  5.4132E-02  3.1583E-02 -2.8603E-01
  3.6268E+00  5.4223E-02  3.1636E-02 -2.8603E-01
  3.6351E+00  5.4314E-02  3.1689E-02 -2.8603E-01
  3.6435E+00  5.4405E-02  3.1742E-02 -2.8603E-01
  3.6519E+00  5.4497E-02  3.1796E-02 -2.8603E-01
  3.6603E+00  5.4588E-02  3.1849E-02 -2.8603E-01
  3.6688E+00  5.4680E-02  3.1903E-02 -2.8603E-01
  3.6772E+00  5.4772E-02  3.1956E-02 -2.8603E-01
  3.6857E+00  5.4864E-02  3.2010E-02 -2.8603E-01
  3.6942E+00  5.4956E-02  3.2064E-02 -2.8603E-01
  3.7027E+00  5.5048E-02  3.2117E-02 -2.8603E-01
  3.7112E+00  5.5141E-02  3.2171E-02 -2.8603E-01
  3.7198E+00  5.5233E-02  3.2225E-02 -2.8603E-01
  3.7284E+00  5.5326E-02  3.2279E-02 -2.8603E-01
  3.7370E+00  5.5418E-02  3.2333E-02 -2.8603E-01
  3.7456E+00  5.5511E-02  3.2388E-02 -2.8603E-01
  3.7542E+00  5.5604E-02  3.2442E-02 -2.8603E-01
  3.7629E+00  5.5698E-02  3.2496E-02 -2.8603E-01
  3.7715E+00  5.5791E-02  3.2551E-02 -2.8603E-01
  3.7802E+00  5.5884E-02  3.2605E-02 -2.8603E-01
  3.7889E+00  5.5978E-02  3.2660E-02 -2.8603E-01
  3.7977E+00  5.6072E-02  3.2715E-02 -2.8603E-01
  3.8064E+00  5.6165E-02  3.2769E-02 -2.8603E-01
  3.8152E+00  5.6259E-02  3.2824E-02 -2.8603E-01
  3.8240E+00  5.6353E-02  3.2879E-02 -2.8603E-01
  3.8328E+00  5.6448E-02  3.2934E-02 -2.8603E-01
  3.8417E+00  5.6542E-02  3.2989E-02 -2.8603E-01
  3.8505E+00  5.6637E-02  3.3044E-02 -2.8603E-01
  3.8594E+00  5.6731E-02  3.3099E-02 -2.8603E-01
  3.8683E+00  5.6826E-02  3.3155E-02 -2.8603E-01
  3.8772E+00  5.6921E-02  3.3210E-02 -2.8603E-01
  3.8861E+00  5.7016E-02  3.3265E-02 -2.8603E-01
  3.8951E+00  5.7111E-02  3.3321E-02 -2.8603E-01
  3.9041E+00  5.7206E-02  3.3377E-02 -2.8603E-01
  3.9131E+00  5.7302E-02  3.3432E-02 -2.8603E-01
  3.9221E+00  5.7397E-02  3.3488E-02 -2.8603E-01
  3.9311E+00  5.7493E-02  3.3544E-02 -2.8603E-01
  3.9402E+00  5.7589E-02  3.3600E-02 -2.8603E-01
  3.9493E+00  5.7685E-02  3.3656E-02 -2.8603E-01
  3.9584E+00  5.7781E-02  3.3712E-02 -2.8603E-01
  3.9675E+00  5.7877E-02  3.3768E-02 -2.8603E-01
  3.9767E+00  5.7974E-02  3.3824E-02 -2.8603E-01
  3.9858E+00  5.8070E-02  3.3881E-02 -2.8603E-01
  3.9950E+00  5.8167E-02  3.3937E-02 -2.8603E-01
  4.0042E+00  5.8264E-02  3.3993E-02 -2.8603E-01
  4.0134E+00  5.8361E-02  3.4050E-02 -2.8603E-01
  4.0227E+00  5.8458E-02  3.4107E-02 -2.8603E-01
  4.0320E+00  5.8555E-02  3.4163E-02 -2.8603E-01
  4.0413E+00  5.8652E-02  3.4220E-02 -2.8603E-01
  4.0506E+00  5.8750E-02  3.4277E-02 -2.8603E-01
  4.0599E+00  5.8847E-02  3.4334E-02 -2.8603E-01
  4.0693E+00  5.8945E-02  3.4391E-02 -2.8603E-01
  4.0787E+00  5.9043E-02  3.4448E-02 -2.8603E-01
  4.0881E+00  5.9141E-02  3.4505E-02 -2.8603E-01
  4.0975E+00  5.9239E-02  3.4563E-02 -2.8603E-01
  4.1069E+00  5.9338E-02  3.4620E-02 -2.8603E-01
  4.1164E+00  5.9436E-02  3.4678E-02 -2.8603E-01
  4.1259E+00  5.9535E-02  3.4735E-02 -2.8603E-01
  4.1354E+00  5.9634E-02  3.4793E-02 -2.8603E-01
  4.1449E+00  5.9732E-02  3.4850E-02 -2.8603E-01
  4.1545E+00  5.9832E-02  3.4908E-02 -2.8603E-01
  4.1641E+00  5.9931E-02  3.4966E-02 -2.8603E-01
  4.1737E+00  6.0030E-02  3.5024E-02 -2.8603E-01
  4.1833E+00  6.0130E-02  3.5082E-02 -2.8603E-01
  4.1929E+00  6.0229E-02  3.5140E-02 -2.8603E-01
  4.2026E+00  6.0329E-02  3.5198E-02 -2.8603E-01
  4.2123E+00  6.0429E-02  3.5257E-02 -2.8603E-01
  4.2220E+00  6.0529E-02  3.5315E-02 -2.8603E-01
  4.2317E+00  6.0629E-02  3.5374E-02 -2.8603E-01
  4.2415E+00  6.0729E-02  3.5432E-02 -2.8603E-01
  4.2512E+00  6.0830E-02  3.5491E-02 -2.8603E-01
  4.2610E+00  6.0930E-02  3.5549E-02 -2.8603E-01
  4.2709E+00  6.1031E-02  3.5608E-02 -2.8603E-01
  4.2807E+00  6.1132E-02  3.5667E-02 -2.8603E-01
  4.2906E+00  6.1233E-02  3.5726E-02 -2.8603E-01
  4.3005E+00  6.1334E-02  3.5785E-02 -2.8603E-01
  4.3104E+00  6.1436E-02  3.5844E-02 -2.8603E-01
  4.3203E+00  6.1537E-02  3.5903E-02 -2.8603E-01
  4.3303E+00  6.1639E-02  3.5963E-02 -2.8603E-01
  4.3403E+00  6.1741E-02  3.6022E-02 -2.8603E-01
  4.3503E+00  6.1843E-02  3.6082E-02 -2.8603E-01
  4.3603E+00  6.1945E-02  3.6141E-02 -2.8603E-01
  4.3703E+00  6.2047E-02  3.6201E-02 -2.8603E-01
  4.3804E+00  6.2149E-02  3.6261E-02 -2.8603E-01
  4.3905E+00  6.2252E-02  3.6320E-02 -2.8603E-01
  4.4006E+00  6.2355E-02  3.6380E-02 -2.8603E-01
  4.4108E+00  6.2457E-02  3.6440E-02 -2.8603E-01
  4.4210E+00  6.2560E-02  3.6500E-02 -2.8603E-01
  4.4311E+00  6.2663E-02  3.6561E-02 -2.8603E-01
  4.4414E+00  6.2767E-02  3.6621E-02 -2.8603E-01
  4.4516E+00  6.2870E-02  3.6681E-02 -2.8603E-01
  4.4619E+00  6.2974E-02  3.6742E-02 -2.8603E-01
  4.4721E+00  6.3077E-02  3.6802E-02 -2.8603E-01
  4.4824E+00  6.3181E-02  3.6863E-02 -2.8603E-01
  4.4928E+00  6.3285E-02  3.6923E-02 -2.8603E-01
  4.5031E+00  6.3390E-02  3.6984E-02 -2.8603E-01
  4.5135E+00  6.3494E-02  3.7045E-02 -2.8603E-01
  4.5239E+00  6.3598E-02  3.7106E-02 -2.8603E-01
  4.5344E+00  6.3703E-02  3.7167E-02 -2.8603E-01
  4.5448E+00  6.3808E-02  3.7228E-02 -2.8603E-01
  4.5553E+00  6.3913E-02  3.7289E-02 -2.8603E-01
  4.5658E+00  6.4018E-02  3.7351E-02 -2.8603E-01
  4.5763E+00  6.4123E-02  3.7412E-02 -2.8603E-01
  4.5869E+00  6.4228E-02  3.7474E-02 -2.8603E-01
  4.5974E+00  6.4334E-02  3.7535E-02 -2.8603E-01
  4.6080E+00  6.4440E-02  3.7597E-02 -2.8603E-01
  4.6186E+00  6.4545E-02  3.7659E-02 -2.8603E-01
  4.6293E+00  6.4651E-02  3.7720E-02 -2.8603E-01
  4.6400E+00  6.4758E-02  3.7782E-02 -2.8603E-01
  4.6507E+00  6.4864E-02  3.7844E-02 -2.8603E-01
  4.6614E+00  6.4970E-02  3.7906E-02 -2.8603E-01
  4.6721E+00  6.5077E-02  3.7969E-02 -2.8603E-01
  4.6829E+00  6.5184E-02  3.8031E-02 -2.8603E-01
  4.6937E+00  6.5291E-02  3.8093E-02 -2.8603E-01
  4.7045E+00  6.5398E-02  3.8156E-02 -2.8603E-01
  4.7154E+00  6.5505E-02  3.8218E-02 -2.8603E-01
  4.7262E+00  6.5612E-02  3.8281E-02 -2.8603E-01
  4.7371E+00  6.5720E-02  3.8344E-02 -2.8603E-01
  4.7480E+00  6.5828E-02  3.8407E-02 -2.8603E-01
  4.7590E+00  6.5935E-02  3.8470E-02 -2.8603E-01
  4.7700E+00  6.6044E-02  3.8533E-02 -2.8603E-01
  4.7810E+00  6.6152E-02  3.8596E-02 -2.8603E-01
  4.7920E+00  6.6260E-02  3.8659E-02 -2.8603E-01
  4.8030E+00  6.6369E-02  3.8722E-02 -2.8603E-01
  4.8141E+00  6.6477E-02  3.8786E-02 -2.8603E-01
  4.8252E+00  6.6586E-02  3.8849E-02 -2.8603E-01
  4.8363E+00  6.6695E-02  3.8913E-02 -2.8603E-01
  4.8475E+00  6.6804E-02  3.8976E-02 -2.8603E-01
  4.8586E+00  6.6913E-02  3.9040E-02 -2.8603E-01
  4.8698E+00  6.7023E-02  3.9104E-02 -2.8603E-01
  4.8811E+00  6.7132E-02  3.9168E-02 -2.8603E-01
  4.8923E+00  6.7242E-02  3.9232E-02 -2.8603E-01
  4.9036E+00  6.7352E-02  3.9296E-02 -2.8603E-01
  4.9149E+00  6.7462E-02  3.9360E-02 -2.8603E-01
  4.9262E+00  6.7572E-02  3.9425E-02 -2.8603E-01
  4.9376E+00  6.7683E-02  3.9489E-02 -2.8603E-01
  4.9490E+00  6.7793E-02  3.9554E-02 -2.8603E-01
  4.9604E+00  6.7904E-02  3.9618E-02 -2.8603E-01
  4.9718E+00  6.8015E-02  3.9683E-02 -2.8603E-01
  4.9833E+00  6.8126E-02  3.9748E-02 -2.8603E-01
  4.9947E+00  6.8237E-02  3.9813E-02 -2.8603E-01
  5.0063E+00  6.8349E-02  3.9878E-02 -2.8603E-01
  5.0178E+00  6.8460E-02  3.9943E-02 -2.8603E-01
  5.0294E+00  6.8572E-02  4.0008E-02 -2.8603E-01
  5.0410E+00  6.8684E-02  4.0073E-02 -2.8603E-01
  5.0526E+00  6.8796E-02  4.0138E-02 -2.8603E-01
  5.0642E+00  6.8908E-02  4.0204E-02 -2.8603E-01
  5.0759E+00  6.9020E-02  4.0269E-02 -2.8603E-01
  5.0876E+00  6.9133E-02  4.0335E-02 -2.8603E-01
  5.0993E+00  6.9246E-02  4.0401E-02 -2.8603E-01
  5.1111E+00  6.9358E-02  4.0467E-02 -2.8603E-01
  5.1229E+00  6.9471E-02  4.0533E-02 -2.8603E-01
  5.1347E+00  6.9585E-02  4.0599E-02 -2.8603E-01
  5.1465E+00  6.9698E-02  4.0665E-02 -2.8603E-01
  5.1584E+00  6.9812E-02  4.0731E-02 -2.8603E-01
  5.1703E+00  6.9925E-02  4.0797E-02 -2.8603E-01
  5.1822E+00  7.0039E-02  4.0864E-02 -2.8603E-01
  5.1941E+00  7.0153E-02  4.0930E-02 -2.8603E-01
  5.2061E+00  7.0267E-02  4.0997E-02 -2.8603E-01
  5.2181E+00  7.0382E-02  4.1064E-02 -2.8603E-01
  5.2301E+00  7.0496E-02  4.1130E-02 -2.8603E-01
  5.2422E+00  7.0611E-02  4.1197E-02 -2.8603E-01
  5.2543E+00  7.0726E-02  4.1264E-02 -2.8603E-01
  5.2664E+00  7.0841E-02  4.1331E-02 -2.8603E-01
  5.2785E+00  7.0956E-02  4.1399E-02 -2.8603E-01
  5.2907E+00  7.1071E-02  4.1466E-02 -2.8603E-01
  5.3029E+00  7.1187E-02  4.1533E-02 -2.8603E-01
  5.3151E+00  7.1303E-02  4.1601E-02 -2.8603E-01
  5.3274E+00  7.1418E-02  4.1669E-02 -2.8603E-01
  5.3396E+00  7.1534E-02  4.1736E-02 -2.8603E-01
  5.3520E+00  7.1651E-02  4.1804E-02 -2.8603E-01
  5.3643E+00  7.1767E-02  4.1872E-02 -2.8603E-01
  5.3767E+00  7.1884E-02  4.1940E-02 -2.8603E-01
  5.3890E+00  7.2000E-02  4.2008E-02 -2.8603E-01
  5.4015E+00  7.2117E-02  4.2076E-02 -2.8603E-01
  5.4139E+00  7.2234E-02  4.2145E-02 -2.8603E-01
  5.4264E+00  7.2352E-02  4.2213E-02 -2.8603E-01
  5.4389E+00  7.2469E-02  4.2281E-02 -2.8603E-01
  5.4514E+00  7.2587E-02  4.2350E-02 -2.8603E-01
  5.4640E+00  7.2704E-02  4.2419E-02 -2.8603E-01
  5.4766E+00  7.2822E-02  4.2488E-02 -2.8603E-01
  5.4892E+00  7.2940E-02  4.2557E-02 -2.8603E-01
  5.5019E+00  7.3059E-02  4.2626E-02 -2.8603E-01
  5.5146E+00  7.3177E-02  4.2695E-02 -2.8603E-01
  5.5273E+00  7.3296E-02  4.2764E-02 -2.8603E-01
  5.5400E+00  7.3415E-02  4.2833E-02 -2.8603E-01
  5.5528E+00  7.3534E-02  4.2903E-02 -2.8603E-01
  5.5656E+00  7.3653E-02  4.2972E-02 -2.8603E-01
  5.5784E+00  7.3772E-02  4.3042E-02 -2.8603E-01
  5.5913E+00  7.3892E-02  4.3111E-02 -2.8603E-01
  5.6042E+00  7.4011E-02  4.3181E-02 -2.8603E-01
  5.6171E+00  7.4131E-02  4.3251E-02 -2.8603E-01
  5.6300E+00  7.4251E-02  4.3321E-02 -2.8603E-01
  5.6430E+00  7.4371E-02  4.3391E-02 -2.8603E-01
  5.6560E+00  7.4492E-02  4.3462E-02 -2.8603E-01
  5.6691E+00  7.4612E-02  4.3532E-02 -2.8603E-01
  5.6821E+00  7.4733E-02  4.3602E-02 -2.8603E-01
  5.6952E+00  7.4854E-02  4.3673E-02 -2.8603E-01
  5.7084E+00  7.4975E-02  4.3744E-02 -2.8603E-01
  5.7215E+00  7.5096E-02  4.3814E-02 -2.8603E-01
  5.7347E+00  7.5218E-02  4.3885E-02 -2.8603E-01
  5.7479E+00  7.5340E-02  4.3956E-02 -2.8603E-01
  5.7612E+00  7.5461E-02  4.4027E-02 -2.8603E-01
  5.7745E+00  7.5583E-02  4.4099E-02 -2.8603E-01
  5.7878E+00  7.5706E-02  4.4170E-02 -2.8603E-01
  5.8011E+00  7.5828E-02  4.4241E-02 -2.8603E-01
  5.8145E+00  7.5950E-02  4.4313E-02 -2.8603E-01
  5.8279E+00  7.6073E-02  4.4384E-02 -2.8603E-01
  5.8413E+00  7.6196E-02  4.4456E-02 -2.8603E-01
  5.8548E+00  7.6319E-02  4.4528E-02 -2.8603E-01
  5.8683E+00  7.6442E-02  4.4600E-02 -2.8603E-01
  5.8818E+00  7.6566E-02  4.4672E-02 -2.8603E-01
  5.8954E+00  7.6690E-02  4.4744E-02 -2.8603E-01
  5.9089E+00  7.6813E-02  4.4816E-02 -2.8603E-01
  5.9226E+00  7.6937E-02  4.4889E-02 -2.8603E-01
  5.9362E+00  7.7062E-02  4.4961E-02 -2.8603E-01
  5.9499E+00  7.7186E-02  4.5034E-02 -2.8603E-01
  5.9636E+00  7.7310E-02  4.5106E-02 -2.8603E-01
  5.9774E+00  7.7435E-02  4.5179E-02 -2.8603E-01
  5.9911E+00  7.7560E-02  4.5252E-02 -2.8603E-01
  6.0050E+00  7.7685E-02  4.5325E-02 -2.8603E-01
  6.0188E+00  7.7811E-02  4.5398E-02 -2.8603E-01
  6.0327E+00  7.7936E-02  4.5471E-02 -2.8603E-01
  6.0466E+00  7.8062E-02  4.5545E-02 -2.8603E-01
  6.0605E+00  7.8188E-02  4.5618E-02 -2.8603E-01
  6.0745E+00  7.8314E-02  4.5691E-02 -2.8603E-01
  6.0885E+00  7.8440E-02  4.5765E-02 -2.8603E-01
  6.1025E+00  7.8566E-02  4.5839E-02 -2.8603E-01
  6.1166E+00  7.8693E-02  4.5913E-02 -2.8603E-01
  6.1307E+00  7.8820E-02  4.5987E-02 -2.8603E-01
  6.1448E+00  7.8947E-02  4.6061E-02 -2.8603E-01
  6.1590E+00  7.9074E-02  4.6135E-02 -2.8603E-01
  6.1732E+00  7.9201E-02  4.6209E-02 -2.8603E-01
  6.1874E+00  7.9329E-02  4.6284E-02 -2.8603E-01
  6.2017E+00  7.9456E-02  4.6358E-02 -2.8603E-01
  6.2160E+00  7.9584E-02  4.6433E-02 -2.8603E-01
  6.2303E+00  7.9712E-02  4.6508E-02 -2.8603E-01
  6.2447E+00  7.9841E-02  4.6582E-02 -2.8603E-01
  6.2591E+00  7.9969E-02  4.6657E-02 -2.8603E-01
  6.2735E+00  8.0098E-02  4.6733E-02 -2.8603E-01
  6.2879E+00  8.0227E-02  4.6808E-02 -2.8603E-01
  6.3024E+00  8.0356E-02  4.6883E-02 -2.8603E-01
  6.3170E+00  8.0485E-02  4.6958E-02 -2.8603E-01
  6.3315E+00  8.0615E-02  4.7034E-02 -2.8603E-01
  6.3461E+00  8.0744E-02  4.7110E-02 -2.8603E-01
  6.3608E+00  8.0874E-02  4.7185E-02 -2.8603E-01
  6.3754E+00  8.1004E-02  4.7261E-02 -2.8603E-01
  6.3901E+00  8.1134E-02  4.7337E-02 -2.8603E-01
  6.4048E+00  8.1265E-02  4.7413E-02 -2.8603E-01
  6.4196E+00  8.1395E-02  4.7489E-02 -2.8603E-01
  6.4344E+00  8.1526E-02  4.7566E-02 -2.8603E-01
  6.4492E+00  8.1657E-02  4.7642E-02 -2.8603E-01
  6.4641E+00  8.1788E-02  4.7719E-02 -2.8603E-01
  6.4790E+00  8.1920E-02  4.7795E-02 -2.8603E-01
  6.4939E+00  8.2051E-02  4.7872E-02 -2.8603E-01
  6.5089E+00  8.2183E-02  4.7949E-02 -2.8603E-01
  6.5239E+00  8.2315E-02  4.8026E-02 -2.8603E-01
  6.5390E+00  8.2447E-02  4.8103E-02 -2.8603E-01
  6.5540E+00  8.2580E-02  4.8180E-02 -2.8603E-01
  6.5691E+00  8.2712E-02  4.8258E-02 -2.8603E-01
  6.5843E+00  8.2845E-02  4.8335E-02 -2.8603E-01
  6.5995E+00  8.2978E-02  4.8413E-02 -2.8603E-01
  6.6147E+00  8.3111E-02  4.8490E-02 -2.8603E-01
  6.6299E+00  8.3244E-02  4.8568E-02 -2.8603E-01
  6.6452E+00  8.3378E-02  4.8646E-02 -2.8603E-01
  6.6605E+00  8.3512E-02  4.8724E-02 -2.8603E-01
  6.6759E+00  8.3646E-02  4.8802E-02 -2.8603E-01
  6.6913E+00  8.3780E-02  4.8881E-02 -2.8603E-01
  6.7067E+00  8.3914E-02  4.8959E-02 -2.8603E-01
  6.7221E+00  8.4049E-02  4.9038E-02 -2.8603E-01
  6.7376E+00  8.4183E-02  4.9116E-02 -2.8603E-01
  6.7532E+00  8.4318E-02  4.9195E-02 -2.8603E-01
  6.7687E+00  8.4453E-02  4.9274E-02 -2.8603E-01
  6.7843E+00  8.4589E-02  4.9353E-02 -2.8603E-01
  6.8000E+00  8.4724E-02  4.9432E-02 -2.8603E-01
  6.8157E+00  8.4860E-02  4.9511E-02 -2.8603E-01
  6.8314E+00  8.4996E-02  4.9590E-02 -2.8603E-01
  6.8471E+00  8.5132E-02  4.9670E-02 -2.8603E-01
  6.8629E+00  8.5269E-02  4.9749E-02 -2.8603E-01
  6.8787E+00  8.5405E-02  4.9829E-02 -2.8603E-01
  6.8946E+00  8.5542E-02  4.9909E-02 -2.8603E-01
  6.9105E+00  8.5679E-02  4.9989E-02 -2.8603E-01
  6.9264E+00  8.5816E-02  5.0069E-02 -2.8603E-01
  6.9424E+00  8.5954E-02  5.0149E-02 -2.8603E-01
  6.9584E+00  8.6091E-02  5.0229E-02 -2.8603E-01
  6.9744E+00  8.6229E-02  5.0310E-02 -2.8603E-01
  6.9905E+00  8.6367E-02  5.0390E-02 -2.8603E-01
  7.0066E+00  8.6505E-02  5.0471E-02 -2.8603E-01
  7.0227E+00  8.6644E-02  5.0552E-02 -2.8603E-01
  7.0389E+00  8.6782E-02  5.0632E-02 -2.8603E-01
  7.0552E+00  8.6921E-02  5.0713E-02 -2.8603E-01
  7.0714E+00  8.7060E-02  5.0795E-02 -2.8603E-01
  7.0877E+00  8.7199E-02  5.0876E-02 -2.8603E-01
  7.1041E+00  8.7339E-02  5.0957E-02 -2.8603E-01
  7.1204E+00  8.7478E-02  5.1039E-02 -2.8603E-01
  7.1369E+00  8.7618E-02  5.1120E-02 -2.8603E-01
  7.1533E+00  8.7758E-02  5.1202E-02 -2.8603E-01
  7.1698E+00  8.7899E-02  5.1284E-02 -2.8603E-01
  7.1863E+00  8.8039E-02  5.1366E-02 -2.8603E-01
  7.2029E+00  8.8180E-02  5.1448E-02 -2.8603E-01
  7.2195E+00  8.8321E-02  5.1530E-02 -2.8603E-01
  7.2361E+00  8.8462E-02  5.1612E-02 -2.8603E-01
  7.2528E+00  8.8603E-02  5.1695E-02 -2.8603E-01
  7.2695E+00  8.8745E-02  5.1777E-02 -2.8603E-01
  7.2863E+00  8.8887E-02  5.1860E-02 -2.8603E-01
  7.3031E+00  8.9028E-02  5.1943E-02 -2.8603E-01
  7.3199E+00  8.9171E-02  5.2026E-02 -2.8603E-01
  7.3368E+00  8.9313E-02  5.2109E-02 -2.8603E-01
  7.3537E+00  8.9456E-02  5.2192E-02 -2.8603E-01
  7.3707E+00  8.9598E-02  5.2276E-02 -2.8603E-01
  7.3876E+00  8.9742E-02  5.2359E-02 -2.8603E-01
  7.4047E+00  8.9885E-02  5.2443E-02 -2.8603E-01
  7.4217E+00  9.0028E-02  5.2526E-02 -2.8603E-01
  7.4389E+00  9.0172E-02  5.2610E-02 -2.8603E-01
  7.4560E+00  9.0316E-02  5.2694E-02 -2.8603E-01
  7.4732E+00  9.0460E-02  5.2778E-02 -2.8603E-01
  7.4904E+00  9.0604E-02  5.2862E-02 -2.8603E-01
  7.5077E+00  9.0749E-02  5.2947E-02 -2.8603E-01
  7.5250E+00  9.0894E-02  5.3031E-02 -2.8603E-01
  7.5423E+00  9.1039E-02  5.3116E-02 -2.8603E-01
  7.5597E+00  9.1184E-02  5.3200E-02 -2.8603E-01
  7.5771E+00  9.1329E-02  5.3285E-02 -2.8603E-01
  7.5946E+00  9.1475E-02  5.3370E-02 -2.8603E-01
  7.6121E+00  9.1621E-02  5.3455E-02 -2.8603E-01
  7.6297E+00  9.1767E-02  5.3541E-02 -2.8603E-01
  7.6473E+00  9.1913E-02  5.3626E-02 -2.8603E-01
  7.6649E+00  9.2059E-02  5.3711E-02 -2.8603E-01
  7.6825E+00  9.2206E-02  5.3797E-02 -2.8603E-01
  7.7003E+00  9.2353E-02  5.3883E-02 -2.8603E-01
  7.7180E+00  9.2500E-02  5.3969E-02 -2.8603E-01
  7.7358E+00  9.2648E-02  5.4055E-02 -2.8603E-01
  7.7536E+00  9.2795E-02  5.4141E-02 -2.8603E-01
  7.7715E+00  9.2943E-02  5.4227E-02 -2.8603E-01
  7.7894E+00  9.3091E-02  5.4313E-02 -2.8603E-01
  7.8074E+00  9.3239E-02  5.4400E-02 -2.8603E-01
  7.8254E+00  9.3388E-02  5.4486E-02 -2.8603E-01
  7.8434E+00  9.3537E-02  5.4573E-02 -2.8603E-01
  7.8615E+00  9.3686E-02  5.4660E-02 -2.8603E-01
  7.8796E+00  9.3835E-02  5.4747E-02 -2.8603E-01
  7.8978E+00  9.3984E-02  5.4834E-02 -2.8603E-01
  7.9160E+00  9.4134E-02  5.4922E-02 -2.8603E-01
  7.9342E+00  9.4283E-02  5.5009E-02 -2.8603E-01
  7.9525E+00  9.4434E-02  5.5097E-02 -2.8603E-01
  7.9708E+00  9.4584E-02  5.5184E-02 -2.8603E-01
  7.9892E+00  9.4734E-02  5.5272E-02 -2.8603E-01
  8.0076E+00  9.4885E-02  5.5360E-02 -2.8603E-01
  8.0261E+00  9.5036E-02  5.5448E-02 -2.8603E-01
  8.0446E+00  9.5187E-02  5.5536E-02 -2.8603E-01
  8.0631E+00  9.5339E-02  5.5625E-02 -2.8603E-01
  8.0817E+00  9.5490E-02  5.5713E-02 -2.8603E-01
  8.1004E+00  9.5642E-02  5.5802E-02 -2.8603E-01
  8.1190E+00  9.5794E-02  5.5890E-02 -2.8603E-01
  8.1377E+00  9.5947E-02  5.5979E-02 -2.8603E-01
  8.1565E+00  9.6099E-02  5.6068E-02 -2.8603E-01
  8.1753E+00  9.6252E-02  5.6157E-02 -2.8603E-01
  8.1942E+00  9.6405E-02  5.6247E-02 -2.8603E-01
  8.2130E+00  9.6558E-02  5.6336E-02 -2.8603E-01
  8.2320E+00  9.6712E-02  5.6426E-02 -2.8603E-01
  8.2509E+00  9.6865E-02  5.6515E-02 -2.8603E-01
  8.2700E+00  9.7019E-02  5.6605E-02 -2.8603E-01
  8.2890E+00  9.7173E-02  5.6695E-02 -2.8603E-01
  8.3081E+00  9.7328E-02  5.6785E-02 -2.8603E-01
  8.3273E+00  9.7482E-02  5.6875E-02 -2.8603E-01
  8.3465E+00  9.7637E-02  5.6966E-02 -2.8603E-01
  8.3657E+00  9.7792E-02  5.7056E-02 -2.8603E-01
  8.3850E+00  9.7948E-02  5.7147E-02 -2.8603E-01
  8.4043E+00  9.8103E-02  5.7238E-02 -2.8603E-01
  8.4237E+00  9.8259E-02  5.7328E-02 -2.8603E-01
  8.4431E+00  9.8415E-02  5.7419E-02 -2.8603E-01
  8.4626E+00  9.8571E-02  5.7511E-02 -2.8603E-01
  8.4821E+00  9.8728E-02  5.7602E-02 -2.8603E-01
  8.5017E+00  9.8884E-02  5.7693E-02 -2.8603E-01
  8.5212E+00  9.9041E-02  5.7785E-02 -2.8603E-01
  8.5409E+00  9.9199E-02  5.7877E-02 -2.8603E-01
  8.5606E+00  9.9356E-02  5.7969E-02 -2.8603E-01
  8.5803E+00  9.9514E-02  5.8061E-02 -2.8603E-01
  8.6001E+00  9.9672E-02  5.8153E-02 -2.8603E-01
  8.6199E+00  9.9830E-02  5.8245E-02 -2.8603E-01
  8.6398E+00  9.9988E-02  5.8337E-02 -2.8603E-01
  8.6597E+00  1.0015E-01  5.8430E-02 -2.8603E-01
  8.6797E+00  1.0031E-01  5.8523E-02 -2.8603E-01
  8.6997E+00  1.0046E-01  5.8615E-02 -2.8603E-01
  8.7197E+00  1.0062E-01  5.8708E-02 -2.8603E-01
  8.7398E+00  1.0078E-01  5.8801E-02 -2.8603E-01
  8.7600E+00  1.0094E-01  5.8895E-02 -2.8603E-01
  8.7802E+00  1.0110E-01  5.8988E-02 -2.8603E-01
  8.8004E+00  1.0126E-01  5.9082E-02 -2.8603E-01
  8.8207E+00  1.0142E-01  5.9175E-02 -2.8603E-01
  8.8410E+00  1.0159E-01  5.9269E-02 -2.8603E-01
  8.8614E+00  1.0175E-01  5.9363E-02 -2.8603E-01
  8.8818E+00  1.0191E-01  5.9457E-02 -2.8603E-01
  8.9023E+00  1.0207E-01  5.9551E-02 -2.8603E-01
  8.9228E+00  1.0223E-01  5.9646E-02 -2.8603E-01
  8.9434E+00  1.0239E-01  5.9740E-02 -2.8603E-01
  8.9640E+00  1.0255E-01  5.9835E-02 -2.8603E-01
  8.9847E+00  1.0272E-01  5.9930E-02 -2.8603E-01
  9.0054E+00  1.0288E-01  6.0025E-02 -2.8603E-01
  9.0261E+00  1.0304E-01  6.0120E-02 -2.8603E-01
  9.0469E+00  1.0321E-01  6.0215E-02 -2.8603E-01
  9.0678E+00  1.0337E-01  6.0310E-02 -2.8603E-01
  9.0887E+00  1.0353E-01  6.0406E-02 -2.8603E-01
  9.1097E+00  1.0370E-01  6.0502E-02 -2.8603E-01
  9.1307E+00  1.0386E-01  6.0597E-02 -2.8603E-01
  9.1517E+00  1.0403E-01  6.0693E-02 -2.8603E-01
  9.1728E+00  1.0419E-01  6.0789E-02 -2.8603E-01
  9.1939E+00  1.0436E-01  6.0886E-02 -2.8603E-01
  9.2151E+00  1.0452E-01  6.0982E-02 -2.8603E-01
  9.2364E+00  1.0469E-01  6.1079E-02 -2.8603E-01
  9.2577E+00  1.0485E-01  6.1175E-02 -2.8603E-01
  9.2790E+00  1.0502E-01  6.1272E-02 -2.8603E-01
  9.3004E+00  1.0518E-01  6.1369E-02 -2.8603E-01
  9.3218E+00  1.0535E-01  6.1466E-02 -2.8603E-01
  9.3433E+00  1.0552E-01  6.1563E-02 -2.8603E-01
  9.3649E+00  1.0568E-01  6.1661E-02 -2.8603E-01
  9.3865E+00  1.0585E-01  6.1758E-02 -2.8603E-01
  9.4081E+00  1.0602E-01  6.1856E-02 -2.8603E-01
  9.4298E+00  1.0619E-01  6.1954E-02 -2.8603E-01
  9.4515E+00  1.0635E-01  6.2052E-02 -2.8603E-01
  9.4733E+00  1.0652E-01  6.2150E-02 -2.8603E-01
  9.4951E+00  1.0669E-01  6.2248E-02 -2.8603E-01
  9.5170E+00  1.0686E-01  6.2347E-02 -2.8603E-01
  9.5390E+00  1.0703E-01  6.2445E-02 -2.8603E-01
  9.5610E+00  1.0720E-01  6.2544E-02 -2.8603E-01
  9.5830E+00  1.0737E-01  6.2643E-02 -2.8603E-01
  9.6051E+00  1.0754E-01  6.2742E-02 -2.8603E-01
  9.6272E+00  1.0771E-01  6.2841E-02 -2.8603E-01
  9.6494E+00  1.0788E-01  6.2940E-02 -2.8603E-01
  9.6717E+00  1.0805E-01  6.3040E-02 -2.8603E-01
  9.6940E+00  1.0822E-01  6.3140E-02 -2.8603E-01
  9.7163E+00  1.0839E-01  6.3239E-02 -2.8603E-01
  9.7387E+00  1.0856E-01  6.3339E-02 -2.8603E-01
  9.7611E+00  1.0873E-01  6.3439E-02 -2.8603E-01
  9.7836E+00  1.0890E-01  6.3540E-02 -2.8603E-01
  9.8062E+00  1.0908E-01  6.3640E-02 -2.8603E-01
  9.8288E+00  1.0925E-01  6.3741E-02 -2.8603E-01
  9.8515E+00  1.0942E-01  6.3841E-02 -2.8603E-01
  9.8742E+00  1.0959E-01  6.3942E-02 -2.8603E-01
  9.8969E+00  1.0977E-01  6.4043E-02 -2.8603E-01
  9.9197E+00  1.0994E-01  6.4144E-02 -2.8603E-01
  9.9426E+00  1.1011E-01  6.4245E-02 -2.8603E-01
  9.9655E+00  1.1029E-01  6.4347E-02 -2.8603E-01
  9.9885E+00  1.1046E-01  6.4449E-02 -2.8603E-01
