t | x | y | z 
  0.0000E+00  0.0000E+00  9.4205E-02  1.7975E+00
  2.1363E-02  4.3499E-03  9.4204E-02  1.7975E+00
  4.2725E-02  8.6998E-03  9.4204E-02  1.7975E+00
  6.4088E-02  1.3050E-02  9.4202E-02  1.7975E+00
  8.5451E-02  1.7399E-02  9.4200E-02  1.7974E+00
  1.0681E-01  2.1749E-02  9.4198E-02  1.7974E+00
  1.2818E-01  2.6098E-02  9.4195E-02  1.7973E+00
  1.4954E-01  3.0448E-02  9.4191E-02  1.7973E+00
  1.7090E-01  3.4797E-02  9.4187E-02  1.7972E+00
  1.9226E-01  3.9146E-02  9.4182E-02  1.7971E+00
  2.1363E-01  4.3495E-02  9.4177E-02  1.7970E+00
  2.3499E-01  4.7843E-02  9.4171E-02  1.7969E+00
  2.5635E-01  5.2191E-02  9.4165E-02  1.7968E+00
  2.7771E-01  5.6539E-02  9.4158E-02  1.7966E+00
  2.9908E-01  6.0887E-02  9.4151E-02  1.7965E+00
  3.2044E-01  6.5234E-02  9.4143E-02  1.7964E+00
  3.4180E-01  6.9581E-02  9.4134E-02  1.7962E+00
  3.6316E-01  7.3927E-02  9.4125E-02  1.7960E+00
  3.8453E-01  7.8273E-02  9.4116E-02  1.7958E+00
  4.0589E-01  8.2619E-02  9.4105E-02  1.7956E+00
  4.2725E-01  8.6964E-02  9.4095E-02  1.7954E+00
  4.4862E-01  9.1309E-02  9.4083E-02  1.7952E+00
  4.6998E-01  9.5653E-02  9.4072E-02  1.7950E+00
  4.9134E-01  9.9996E-02  9.4059E-02  1.7948E+00
  5.1270E-01  1.0434E-01  9.4046E-02  1.7945E+00
  5.3407E-01  1.0868E-01  9.4033E-02  1.7943E+00
  5.5543E-01  1.1302E-01  9.4019E-02  1.7940E+00
  5.7679E-01  1.1736E-01  9.4004E-02  1.7937E+00
  5.9815E-01  1.2170E-01  9.3989E-02  1.7934E+00
  6.1952E-01  1.2604E-01  9.3973E-02  1.7931E+00
  6.4088E-01  1.3038E-01  9.3957E-02  1.7928E+00
