r | th | ph | R
Nclumps0        16621
  2.1489E+00  9.8841E-02  3.5615E+00  1.0608E-01
  2.1008E+00  2.5915E+00  3.3648E-02  1.0414E-01
  1.1938E+00  1.0903E+00  3.1265E+00  5.8774E-02
  1.0084E+00  3.0009E+00  8.1632E-01  3.2027E-02
  3.3888E+00  3.6212E-01  6.2219E+00  1.5050E-01
  1.2269E+00  2.6681E+00  3.1350E+00  6.1166E-02
  1.0998E+00  2.5914E+00  6.1258E+00  5.0502E-02
  1.5009E+00  3.3247E-01  6.2428E+00  7.7199E-02
  1.0327E+00  1.9277E+00  3.1507E+00  4.0624E-02
  2.6486E+00  2.1607E-01  3.0858E+00  1.2508E-01
  1.2974E+00  5.4989E-02  6.1588E+00  6.5802E-02
  1.4036E+00  2.2088E+00  8.0005E-02  7.2018E-02
  2.0783E+00  5.6057E-01  6.1971E+00  1.0323E-01
  1.0175E+00  1.5183E+00  6.2435E+00  3.6336E-02
  1.9906E+00  4.1098E-02  5.5317E+00  9.9609E-02
  1.4200E+00  3.0350E+00  3.1053E+00  7.2921E-02
  1.0042E+00  1.9085E+00  6.1433E+00  2.8458E-02
  1.1669E+00  2.4165E+00  6.2202E+00  5.6675E-02
  1.0528E+00  2.4290E+00  3.4022E+00  4.4431E-02
  1.8558E+00  1.4064E+00  8.1191E-02  9.3858E-02
  9.7712E+00  1.8372E-01  3.0767E+00  3.1742E-01
  1.0118E+00  1.5556E+00  3.1134E+00  3.3929E-02
  4.4012E+00  4.6292E-01  3.0701E+00  1.8192E-01
  1.0278E+00  9.0995E-01  6.2069E+00  3.9468E-02
  3.6425E+00  3.4221E-01  3.0596E+00  1.5868E-01
  2.6075E+00  6.9871E-02  3.5174E+00  1.2358E-01
  2.4785E+00  5.7294E-01  3.2678E+00  1.1882E-01
  1.0656E+00  1.7028E-01  3.6726E+00  4.6359E-02
  2.6822E+00  3.3972E-01  6.1002E+00  1.2629E-01
  4.8488E+00  2.4447E-01  6.2385E+00  1.9492E-01
  4.1165E+00  3.1281E-01  2.9518E+00  1.7339E-01
  1.4215E+00  2.5580E-01  2.7063E+00  7.3000E-02
  1.5960E+00  6.6290E-01  6.2794E+00  8.1951E-02
  1.8315E+00  3.9209E-01  6.2434E+00  9.2796E-02
  1.0417E+00  2.7883E+00  3.0950E+00  4.2494E-02
  1.1594E+00  1.9978E+00  6.2278E+00  5.6065E-02
  1.1863E+00  1.5930E-01  3.8996E+00  5.8207E-02
  1.1633E+00  1.1424E+00  3.1085E+00  5.6384E-02
  1.0307E+00  1.0924E-01  9.7420E-01  4.0165E-02
  1.1515E+00  3.0552E+00  9.8160E-01  5.5402E-02
  2.3251E+00  9.3686E-01  6.2391E+00  1.1300E-01
  1.9370E+00  1.0906E+00  3.1550E+00  9.7352E-02
  1.3755E+00  2.9414E+00  2.5744E+00  7.0442E-02
  3.0100E+00  5.9948E-01  3.0512E+00  1.3782E-01
  1.0433E+00  2.1149E+00  3.4773E-02  4.2807E-02
  1.1638E+00  9.4887E-01  3.0566E+00  5.6426E-02
  1.4305E+00  1.2685E-01  1.9397E-01  7.3487E-02
  4.3003E+00  1.8896E-01  6.1767E+00  1.7892E-01
  2.4205E+00  3.0940E-01  6.2579E+00  1.1664E-01
  1.5959E+00  2.4726E+00  2.9910E+00  8.1943E-02
  5.0962E+00  3.7631E-01  8.6847E-02  2.0192E-01
  1.7816E+00  2.7148E+00  3.3833E+00  9.0587E-02
  1.5012E+00  5.6436E-01  6.2735E+00  7.7218E-02
  1.3133E+00  2.4120E+00  6.1354E+00  6.6783E-02
  1.2773E+00  2.3133E+00  1.7811E-01  6.4536E-02
  7.3331E+00  2.4265E-01  1.1576E-01  2.6045E-01
  1.4895E+00  3.0375E+00  1.4285E+00  7.6614E-02
  1.2968E+00  1.5174E+00  3.1061E+00  6.5766E-02
  1.3749E+00  1.7697E+00  3.1665E+00  7.0405E-02
  1.8977E+00  1.7837E+00  1.5168E-02  9.5672E-02
  1.6202E+00  1.8919E+00  4.2683E-03  8.3117E-02
  1.2318E+00  3.8815E-01  2.8748E+00  6.1510E-02
  4.3255E+00  2.2427E-01  2.6664E-01  1.7967E-01
  1.4532E+00  1.5394E+00  6.3475E-02  7.4705E-02
  1.0103E+00  8.2446E-02  1.1227E+00  3.3162E-02
  2.3372E+00  3.6607E-01  3.2414E+00  1.1346E-01
  8.0401E+00  1.9558E-01  3.1427E+00  2.7757E-01
  2.0234E+00  9.0355E-01  3.0219E+00  1.0097E-01
  1.6626E+00  2.0095E+00  6.2385E+00  8.5129E-02
  1.6812E+00  2.2754E+00  3.1438E+00  8.6002E-02
  3.6074E+00  4.4882E-01  3.0969E+00  1.5756E-01
  8.7736E+00  1.7758E-01  9.5660E-02  2.9479E-01
  5.1017E+00  6.9864E-02  5.5896E+00  2.0207E-01
  2.8167E+00  6.9856E-02  2.5809E+00  1.3109E-01
  1.8635E+00  2.0616E+00  3.1873E+00  9.4193E-02
  7.1025E+00  2.7435E-01  3.3114E+00  2.5475E-01
  1.2471E+00  1.3773E+00  6.2595E+00  6.2553E-02
  1.0137E+00  4.2001E-01  2.4765E-01  3.4808E-02
  1.3637E+00  1.8901E+00  9.9487E-04  6.9762E-02
  1.1292E+00  1.5970E+00  3.0543E+00  5.3428E-02
  2.4194E+00  2.6638E-01  6.1533E+00  1.1660E-01
  1.0199E+00  1.5324E+00  6.2169E+00  3.7161E-02
  1.7966E+00  8.6582E-01  6.2664E+00  9.1252E-02
  4.8210E+00  2.0021E-02  1.2414E+00  1.9413E-01
  1.3882E+00  2.8796E+00  3.5785E-02  7.1158E-02
  1.2148E+00  1.0841E+00  6.2260E+00  6.0310E-02
  4.2069E+00  2.9427E-01  3.1298E+00  1.7612E-01
  1.6056E+00  7.6708E-02  5.5491E+00  8.2416E-02
  1.2357E+00  1.3482E-01  3.3765E+00  6.1779E-02
  4.3957E+00  3.2282E-01  1.7622E-01  1.8176E-01
  1.0120E+00  2.6934E+00  6.0324E+00  3.4048E-02
  1.9116E+00  1.3095E+00  3.2294E+00  9.6270E-02
  1.2203E+00  1.1033E+00  6.2629E+00  6.0703E-02
  1.0434E+00  2.9620E+00  1.0332E+00  4.2826E-02
  1.0285E+00  9.0024E-01  3.9485E-02  3.9622E-02
  1.0057E+00  9.7249E-01  3.2286E+00  2.9989E-02
  4.4048E+00  1.7663E-01  3.3315E+00  1.8203E-01
  5.6046E+00  2.7304E-01  3.0734E+00  2.1592E-01
  1.8164E+00  1.8848E+00  6.2598E+00  9.2133E-02
  1.0097E+00  7.0928E-01  6.6133E-02  3.2814E-02
  1.1306E+00  2.5755E+00  6.2733E+00  5.3557E-02
  1.0384E+00  1.8573E+00  1.1686E-01  4.1848E-02
  1.0813E+00  8.0140E-01  3.1400E+00  4.8395E-02
  1.0184E+00  4.7490E-01  3.2073E+00  3.6673E-02
  1.2701E+00  2.2380E-01  5.0657E-01  6.4068E-02
  1.2831E+00  1.0949E+00  3.2652E-03  6.4902E-02
  1.1583E+00  3.8255E-01  6.1009E+00  5.5974E-02
  1.0342E+00  1.0061E+00  6.2193E+00  4.0978E-02
  1.5602E+00  2.9644E+00  3.3216E+00  8.0195E-02
  1.2337E+00  7.8318E-01  2.9378E+00  6.1641E-02
  1.3160E+00  1.7370E+00  3.1651E+00  6.6945E-02
  1.1839E+00  7.6116E-01  3.3092E+00  5.8023E-02
  1.0161E+00  1.6746E+00  3.0476E+00  3.5812E-02
  1.2658E+00  1.9657E+00  6.1862E+00  6.3790E-02
  3.1310E+00  5.1127E-02  1.5689E-01  1.4194E-01
  1.4219E+00  2.9850E+00  5.6778E+00  7.3020E-02
  4.2322E+00  1.9510E-01  3.3206E+00  1.7688E-01
  4.2288E+00  1.0345E-01  2.9973E+00  1.7678E-01
  1.9487E+00  1.8857E+00  3.1490E+00  9.7848E-02
  2.4269E+00  1.8184E-01  2.6512E+00  1.1688E-01
  1.0990E+00  2.5535E-01  3.1657E+00  5.0423E-02
  1.3734E+00  5.5588E-01  3.0973E+00  7.0320E-02
  2.0316E+00  5.7200E-01  5.3955E-02  1.0131E-01
  7.3461E+00  3.1776E-02  4.2806E+00  2.6077E-01
  1.3045E+00  1.4569E+00  3.2488E+00  6.6241E-02
  1.0049E+00  7.6350E-01  6.2605E+00  2.9190E-02
  1.0910E+00  1.0298E+00  1.8156E-01  4.9531E-02
  1.3614E+00  2.4308E+00  2.9861E+00  6.9629E-02
  1.1432E+00  2.7211E-01  3.2611E+00  5.4681E-02
  1.2736E+00  2.8141E+00  3.1112E+00  6.4295E-02
  2.0770E+00  2.1422E+00  6.2409E+00  1.0318E-01
  1.0016E+00  2.4321E-01  9.7371E-02  2.4262E-02
  1.0051E+00  2.0507E+00  3.3316E+00  2.9366E-02
  1.5694E+00  2.4043E+00  3.0729E+00  8.0645E-02
  1.1337E+00  2.9482E+00  3.3001E+00  5.3836E-02
  1.2162E+00  1.2341E+00  6.1765E+00  6.0416E-02
  1.0002E+00  9.4846E-01  8.7756E-02  1.6706E-02
  1.1442E+00  1.6282E+00  1.5133E-01  5.4772E-02
  1.7305E+00  2.3769E+00  3.0159E+00  8.8276E-02
  1.4595E+00  5.7106E-02  2.5525E+00  7.5041E-02
  1.1086E+00  1.5650E+00  3.0629E+00  5.1423E-02
  1.7187E+00  2.1934E+00  3.2251E+00  8.7738E-02
  2.0117E+00  5.6675E-01  6.2213E+00  1.0048E-01
  1.0002E+00  1.0533E+00  6.1237E+00  1.6480E-02
  4.4797E+00  4.3671E-01  6.1804E+00  1.8423E-01
  5.3873E+00  2.0194E-01  2.9231E+00  2.0999E-01
  3.4990E+00  1.2486E-01  3.3955E+00  1.5408E-01
  1.2708E+00  2.1486E-02  3.1720E+00  6.4118E-02
  1.0048E+00  2.6847E+00  3.2271E+00  2.9132E-02
  1.0011E+00  2.5014E+00  6.2637E+00  2.2716E-02
  1.5584E+00  2.6951E+00  2.9633E+00  8.0101E-02
  1.1084E+00  3.4277E-01  5.9895E+00  5.1406E-02
  1.1978E+00  2.9548E+00  2.4633E+00  5.9069E-02
  1.1881E+00  7.1133E-01  2.9545E+00  5.8343E-02
  1.0784E+00  6.8437E-01  6.0364E+00  4.8040E-02
  1.0156E+00  2.6096E+00  6.1888E+00  3.5603E-02
  8.1515E+00  1.9297E-01  3.0326E+00  2.8022E-01
  1.1736E+00  1.7807E-01  5.9824E+00  5.7215E-02
  2.7633E+00  6.0744E-01  6.2301E+00  1.2920E-01
  2.1019E+00  2.4576E+00  3.1203E+00  1.0419E-01
  1.4273E+00  2.5268E+00  2.0388E-02  7.3317E-02
  8.4561E+00  1.1211E-01  5.9823E+00  2.8740E-01
  1.3163E+00  8.2789E-01  6.1634E+00  6.6966E-02
  1.0348E+00  2.3191E-01  3.5625E+00  4.1093E-02
  1.2225E+00  1.7301E+00  6.2364E+00  6.0859E-02
  1.2046E+00  2.2088E+00  5.6961E-02  5.9572E-02
  2.0048E+00  2.5398E+00  9.5669E-02  1.0020E-01
  2.2147E+00  6.1573E-01  3.2308E+00  1.0870E-01
  4.6316E+00  1.3916E-01  3.1388E+00  1.8867E-01
  1.0505E+00  1.4589E+00  1.2069E-01  4.4061E-02
  1.0545E+00  1.0298E+00  3.1582E+00  4.4714E-02
  1.3740E+00  2.8815E+00  2.7047E+00  7.0356E-02
  2.9572E+00  9.1682E-02  6.0768E+00  1.3600E-01
  2.6867E+00  7.1000E-01  3.2059E+00  1.2646E-01
  1.1837E+00  2.7989E+00  6.2787E+00  5.8000E-02
  4.0879E+00  3.4400E-01  1.5073E-01  1.7252E-01
  1.0862E+00  2.9722E+00  4.5681E+00  4.8982E-02
  1.6005E+00  2.7425E+00  2.9047E+00  8.2167E-02
  1.0289E+00  6.2493E-01  3.0194E+00  3.9722E-02
  2.8408E+00  6.7305E-01  3.1963E+00  1.3194E-01
  1.5559E+00  1.2805E+00  3.2191E+00  7.9977E-02
  1.0274E+00  1.0802E+00  3.2376E+00  3.9350E-02
  1.3937E+00  2.6395E+00  2.1796E-01  7.1465E-02
  4.7750E+00  4.2120E-01  3.1146E+00  1.9281E-01
  1.4846E+00  2.3627E+00  7.5349E-03  7.6359E-02
  1.0625E+00  8.4904E-01  2.9819E+00  4.5911E-02
  1.1370E+00  6.4397E-01  1.0169E-01  5.4138E-02
  1.3950E+00  1.9094E+00  6.2197E+00  7.1536E-02
  1.0052E+00  2.9546E+00  1.9898E+00  2.9507E-02
  1.2439E+00  2.9938E+00  1.2752E+00  6.2334E-02
  1.2412E+00  2.9357E+00  6.1740E-01  6.2156E-02
  1.0043E+00  5.2015E-01  6.0262E+00  2.8591E-02
  2.6593E+00  4.6040E-02  1.1582E+00  1.2547E-01
  1.0001E+00  6.7988E-01  2.8719E+00  1.5767E-02
  1.0321E+00  2.2240E+00  3.2526E+00  4.0495E-02
  1.1036E+00  2.7357E+00  6.2398E+00  5.0906E-02
  1.1691E+00  1.0488E+00  3.2505E+00  5.6856E-02
  1.9166E+00  2.2502E+00  3.1253E+00  9.6484E-02
  1.0908E+00  2.3276E+00  2.9572E+00  4.9506E-02
  1.8243E+00  7.0031E-01  3.0380E+00  9.2481E-02
  2.2967E+00  3.5852E-01  6.2037E+00  1.1190E-01
  5.2425E+00  2.3558E-01  6.0354E+00  2.0600E-01
  1.0309E+00  2.8288E+00  6.1471E+00  4.0216E-02
  1.9718E+00  7.8661E-02  3.3683E+00  9.8821E-02
  1.2840E+00  7.7603E-01  3.2568E+00  6.4960E-02
  1.0151E+00  2.7637E+00  3.0135E+00  3.5415E-02
  1.0190E+00  1.8712E+00  9.2039E-02  3.6872E-02
  1.0086E+00  2.5115E+00  2.9263E+00  3.2167E-02
  1.2246E+00  1.8305E+00  6.2538E+00  6.1004E-02
  1.0016E+00  2.9694E+00  7.8899E-02  2.4139E-02
  8.3957E+00  1.3553E-01  3.3513E+00  2.8599E-01
  1.1956E+00  1.9268E+00  3.8266E-02  5.8908E-02
  1.3772E+00  4.1852E-01  3.2022E-01  7.0534E-02
  1.2208E+00  2.1639E-01  1.3355E-01  6.0743E-02
  1.5472E+00  8.7204E-01  1.7412E-02  7.9544E-02
  1.4732E+00  2.1556E+00  3.0842E+00  7.5764E-02
  1.0117E+00  7.4621E-01  3.2839E+00  3.3872E-02
  1.9551E+00  2.1846E+00  2.6706E-02  9.8118E-02
  1.0020E+00  2.2534E+00  6.0521E+00  2.5164E-02
  1.0035E+00  5.4399E-01  3.2274E+00  2.7569E-02
  1.0550E+00  3.3281E-01  3.3164E+00  4.4788E-02
  1.0168E+00  4.0086E-01  3.1433E+00  3.6087E-02
  1.1206E+00  1.5188E+00  3.0560E+00  5.2618E-02
  2.0038E+00  8.2871E-02  5.5727E+00  1.0016E-01
  1.0042E+00  2.3054E+00  3.3363E+00  2.8498E-02
  2.2645E+00  4.8726E-01  3.3114E+00  1.1065E-01
  1.8617E+00  2.7666E-01  3.3518E+00  9.4119E-02
  1.0409E+00  1.1884E+00  3.1362E+00  4.2338E-02
  1.0154E+00  2.8734E-01  6.8171E-01  3.5529E-02
  1.1641E+00  2.3201E+00  3.2598E+00  5.6447E-02
  1.0068E+00  1.2131E+00  6.1006E+00  3.0867E-02
  1.0546E+00  2.3934E+00  2.9441E+00  4.4734E-02
  1.0005E+00  2.2209E+00  6.2519E+00  1.9780E-02
  1.3681E+00  2.5430E+00  3.1940E+00  7.0016E-02
  1.0004E+00  2.6207E+00  1.8349E-02  1.8905E-02
  2.2705E+00  6.0002E-01  6.2353E+00  1.1089E-01
  1.4071E+00  1.2774E+00  1.0322E-02  7.2211E-02
  2.0772E+00  4.8733E-01  2.9200E-02  1.0318E-01
  4.0024E+00  6.6052E-02  4.8272E-01  1.6991E-01
  3.8037E+00  8.7071E-02  6.0438E+00  1.6376E-01
  1.1079E+00  7.5953E-01  3.2319E-02  5.1349E-02
  1.3721E+00  5.5974E-01  6.2616E+00  7.0248E-02
  1.4110E+00  2.8227E+00  3.4071E-01  7.2427E-02
  1.7924E+00  1.9551E+00  3.1168E+00  9.1065E-02
  2.4418E+00  2.2241E-01  2.7827E+00  1.1744E-01
  1.5594E+00  3.0556E+00  1.6113E+00  8.0154E-02
  1.6148E+00  1.2950E+00  1.0155E-01  8.2860E-02
  1.0019E+00  3.1223E+00  7.1167E-01  2.4973E-02
  1.7290E+00  1.2903E+00  3.0673E+00  8.8206E-02
  1.2405E+00  3.2764E-01  2.8227E+00  6.2105E-02
  7.7580E+00  1.5900E-01  1.9178E-01  2.7081E-01
  2.0587E+00  5.8324E-01  1.2473E-01  1.0242E-01
  1.8270E+00  1.7716E+00  6.2398E+00  9.2600E-02
  1.9401E+00  1.3513E+00  6.2124E+00  9.7484E-02
  1.0422E+00  2.4923E-01  3.3752E+00  4.2587E-02
  1.1138E+00  1.6567E+00  2.9988E+00  5.1948E-02
  1.3829E+00  2.5298E+00  1.8910E-01  7.0861E-02
  1.0279E+00  1.0528E+00  6.1627E+00  3.9482E-02
  4.8363E+00  3.9032E-01  6.2375E+00  1.9456E-01
  2.2118E+00  2.3109E+00  3.2132E+00  1.0858E-01
  1.7441E+00  2.9617E-01  3.4079E+00  8.8896E-02
  1.4862E+00  1.3351E+00  3.0231E+00  7.6441E-02
  1.8784E+00  1.0993E+00  3.2098E+00  9.4841E-02
  1.2840E+00  3.9606E-01  6.2483E+00  6.4960E-02
  2.2567E+00  9.0014E-01  3.1665E+00  1.1035E-01
  1.1360E+00  1.0630E+00  6.1301E+00  5.4046E-02
  1.0298E+00  1.1031E+00  5.0167E-02  3.9945E-02
  2.0609E+00  2.1863E+00  6.2771E+00  1.0252E-01
  1.1188E+00  3.1609E-01  1.4391E-01  5.2444E-02
  1.0708E+00  1.8410E+00  4.7698E-02  4.7057E-02
  1.1890E+00  1.8546E+00  5.5467E-02  5.8409E-02
  5.5821E+00  1.8977E-01  6.0837E+00  2.1531E-01
  1.0582E+00  5.8570E-01  3.4212E+00  4.5285E-02
  1.4825E+00  1.0434E+00  3.0146E+00  7.6249E-02
  1.0886E+00  2.5570E+00  7.8979E-02  4.9257E-02
  1.5207E+00  1.4745E+00  3.0799E+00  7.8213E-02
  1.7597E+00  8.6866E-01  2.9782E-02  8.9602E-02
  1.2333E+00  2.9066E+00  3.2054E+00  6.1610E-02
  1.0448E+00  2.9960E+00  5.1389E+00  4.3081E-02
  1.6809E+00  1.1532E+00  6.2026E+00  8.5990E-02
  1.4096E+00  1.9064E-01  5.5716E+00  7.2350E-02
  1.0432E+00  2.5613E+00  6.2690E+00  4.2787E-02
  1.0383E+00  1.8552E+00  6.2740E+00  4.1834E-02
  1.5390E+00  1.1178E+00  5.2299E-02  7.9135E-02
  1.4685E+00  5.1637E-01  6.1138E+00  7.5514E-02
  2.0107E+00  2.0708E+00  6.1747E+00  1.0045E-01
  1.0271E+00  1.4486E+00  1.0690E-01  3.9280E-02
  8.7794E+00  1.3074E-01  1.6179E-01  2.9492E-01
  3.5868E+00  4.4888E-01  6.2038E+00  1.5690E-01
  1.1239E+00  2.0565E+00  3.1944E+00  5.2926E-02
  1.1731E+00  2.1108E+00  3.3181E+00  5.7173E-02
  1.6525E+00  7.1107E-01  3.1207E+00  8.4655E-02
  2.9972E+00  6.3495E-02  7.5736E-01  1.3738E-01
  6.7757E+00  2.9302E-01  3.2582E+00  2.4654E-01
  3.3562E+00  4.1763E-01  2.9837E+00  1.4943E-01
  1.0391E+00  2.9118E+00  5.7209E+00  4.1988E-02
  6.6217E+00  8.2131E-02  4.9697E-01  2.4263E-01
  1.3817E+00  2.7328E-01  2.6614E+00  7.0792E-02
  1.5127E+00  3.0299E+00  5.7878E+00  7.7807E-02
  1.5751E+00  2.8505E+00  6.0639E+00  8.0927E-02
  2.7213E+00  8.2006E-02  3.9665E-01  1.2770E-01
  1.6481E+00  1.6971E+00  5.1582E-02  8.4446E-02
  1.1745E+00  1.4352E+00  3.1191E+00  5.7288E-02
  1.3234E+00  4.5024E-01  3.4213E+00  6.7394E-02
  1.5363E+00  7.0033E-01  3.3196E+00  7.8999E-02
  8.9715E+00  1.8741E-01  3.0532E+00  2.9935E-01
  1.8608E+00  4.5402E-01  1.4901E-01  9.4078E-02
  1.6849E+00  6.2261E-01  3.0533E+00  8.6174E-02
  6.2211E+00  2.8656E-01  3.1279E+00  2.3230E-01
  1.6287E+00  1.0244E+00  6.2131E+00  8.3523E-02
  1.4253E+00  6.0059E-02  1.6192E+00  7.3207E-02
  1.0977E+00  2.9805E+00  4.2491E+00  5.0276E-02
  1.0194E+00  2.4677E+00  2.9891E+00  3.7019E-02
  1.6352E+00  4.4153E-01  2.8918E+00  8.3835E-02
  7.2413E+00  1.5882E-01  2.9851E+00  2.5819E-01
  1.7832E+00  4.5214E-01  2.9119E+00  9.0654E-02
  1.1550E+00  2.8336E+00  5.8235E+00  5.5698E-02
  1.0121E+00  1.6231E+00  3.3156E+00  3.4108E-02
  2.7824E+00  2.0132E-01  2.1973E-01  1.2987E-01
  1.0080E+00  2.6493E+00  2.7465E+00  3.1759E-02
  1.5795E+00  1.3588E+00  5.6654E-02  8.1143E-02
  2.0916E+00  2.1347E+00  3.2423E+00  1.0377E-01
  1.5262E+00  2.1449E+00  6.1637E+00  7.8492E-02
  1.5023E+00  9.2629E-01  2.1079E-02  7.7271E-02
  1.0360E+00  6.9949E-01  6.0680E+00  4.1367E-02
  1.3681E+00  2.6564E+00  6.2784E+00  7.0019E-02
  9.1357E+00  4.6946E-02  4.1788E+00  3.0310E-01
  1.4255E+00  6.8410E-01  3.1670E+00  7.3216E-02
  1.1337E+00  5.3198E-01  3.0048E+00  5.3842E-02
  1.2101E+00  2.3344E+00  2.9592E+00  5.9977E-02
  1.2122E+00  3.0096E+00  5.6407E+00  6.0123E-02
  1.9666E+00  2.4090E+00  3.2724E+00  9.8604E-02
  1.2652E+00  5.8513E-01  6.0695E+00  6.3752E-02
  1.0002E+00  2.7228E+00  3.4756E+00  1.7252E-02
  6.4634E+00  4.2372E-02  1.5130E+00  2.3858E-01
  7.7890E+00  2.2305E-01  9.3350E-02  2.7156E-01
  2.0672E+00  2.4374E-01  6.1083E+00  1.0277E-01
  1.0092E+00  1.7438E+00  3.2274E+00  3.2496E-02
  2.3403E+00  2.4915E+00  6.1734E+00  1.1359E-01
  1.0002E+00  1.3813E+00  1.8854E-01  1.7376E-02
  1.5939E+00  2.8443E-01  3.3181E+00  8.1847E-02
  1.3349E+00  2.7160E+00  5.7662E-02  6.8079E-02
  1.1793E+00  2.2679E+00  3.0396E+00  5.7666E-02
  1.5799E+00  2.9622E+00  3.8551E+00  8.1163E-02
  1.0040E+00  1.5397E-01  2.5169E+00  2.8187E-02
  1.0081E+00  2.0322E+00  3.1802E+00  3.1831E-02
  5.6176E+00  3.4833E-02  4.6593E+00  2.1627E-01
  1.0008E+00  1.9301E+00  3.2462E+00  2.1550E-02
  1.3760E+00  5.9658E-01  3.1880E+00  7.0470E-02
  1.1224E+00  1.3507E+00  2.4903E-02  5.2789E-02
  1.5694E+00  2.5112E+00  6.0900E+00  8.0645E-02
  1.0009E+00  3.3185E-01  3.5379E+00  2.1805E-02
  1.1947E+00  1.5118E+00  3.1344E+00  5.8839E-02
  1.9820E+00  2.7979E+00  1.0943E-01  9.9248E-02
  1.2146E+00  2.0004E+00  6.1274E+00  6.0295E-02
  1.0025E+00  6.1217E-01  1.4781E-01  2.6077E-02
  1.7897E+00  6.3466E-02  1.5449E-01  9.0947E-02
  1.7789E+00  1.9099E+00  6.2276E+00  9.0466E-02
  1.0346E+00  2.8196E+00  2.6257E+00  4.1054E-02
  1.0054E+00  2.3762E+00  5.8928E-02  2.9664E-02
  1.0003E+00  3.0027E+00  1.3029E+00  1.7781E-02
  1.2548E+00  9.4644E-01  3.2314E+00  6.3065E-02
  2.7121E+00  2.5736E-01  6.0626E+00  1.2737E-01
  1.9874E+00  7.5163E-01  3.0581E+00  9.9473E-02
  1.0021E+00  8.6445E-01  3.0956E+00  2.5352E-02
  1.0489E+00  1.7846E+00  3.3049E+00  4.3791E-02
  1.7971E+00  1.9375E+00  6.2425E+00  9.1274E-02
  1.1386E+00  3.4457E-01  9.1568E-02  5.4283E-02
  1.5780E+00  2.3103E+00  3.1851E-02  8.1068E-02
  1.2162E+00  1.7019E+00  2.9950E+00  6.0411E-02
  3.0684E+00  6.1616E-02  5.3281E+00  1.3981E-01
  5.1725E+00  2.7960E-01  3.2265E+00  2.0405E-01
  1.6377E+00  9.6710E-01  3.0626E+00  8.3955E-02
  1.8385E+00  3.0658E+00  4.3398E-01  9.3102E-02
  1.0592E+00  1.9693E+00  6.2058E+00  4.5432E-02
  1.6212E+00  2.4856E+00  3.1311E+00  8.3166E-02
  1.2539E+00  1.4428E+00  3.2624E+00  6.3007E-02
  1.0227E+00  1.9768E+00  1.6513E-02  3.8041E-02
  2.2545E+00  2.1711E+00  3.1118E+00  1.1026E-01
  5.6576E+00  7.1993E-02  2.2938E+00  2.1735E-01
  1.2384E+00  2.6920E+00  5.9715E+00  6.1966E-02
  1.0003E+00  1.6702E+00  3.1273E+00  1.8720E-02
  1.7679E+00  6.8410E-01  6.1654E+00  8.9970E-02
  3.4123E+00  4.0089E-01  6.1269E+00  1.5127E-01
  1.4498E+00  1.1460E+00  6.2065E+00  7.4528E-02
  1.0034E+00  2.1295E+00  3.0142E+00  2.7484E-02
  2.7613E+00  1.1016E-01  2.3382E+00  1.2913E-01
  1.0051E+00  1.5864E+00  3.2607E+00  2.9397E-02
  1.0370E+00  2.0711E+00  3.2755E+00  4.1572E-02
  1.0083E+00  9.1262E-01  2.1273E-01  3.1970E-02
  1.5817E+00  1.0058E+00  7.3723E-02  8.1250E-02
  1.0217E+00  2.7070E+00  2.9770E+00  3.7754E-02
  1.2442E+00  1.9790E+00  2.9828E+00  6.2356E-02
  1.0061E+00  3.0618E+00  1.2247E+00  3.0313E-02
  8.1567E+00  1.5529E-01  3.3709E+00  2.8034E-01
  9.3504E+00  3.8713E-02  2.1338E+00  3.0798E-01
  1.0211E+00  3.7658E-01  5.8884E+00  3.7556E-02
  1.4238E+00  6.0863E-01  1.4805E-01  7.3126E-02
  6.6794E+00  1.5485E-01  6.2629E+00  2.4410E-01
  2.1313E+00  6.8188E-01  6.2120E+00  1.0538E-01
  1.8707E+00  1.4589E+00  7.1133E-02  9.4508E-02
  2.0074E+00  2.3246E+00  3.2145E+00  1.0031E-01
  1.1347E+00  7.7344E-01  3.0120E+00  5.3930E-02
  1.0139E+00  4.9540E-01  2.3407E-01  3.4934E-02
  8.3882E+00  2.2651E-01  1.3788E-01  2.8581E-01
  1.3429E+00  1.2644E+00  3.2757E+00  6.8555E-02
  7.9009E+00  1.0039E-01  6.0136E+00  2.7425E-01
  1.4032E+00  1.1216E+00  8.8491E-02  7.1995E-02
  1.0008E+00  1.7395E+00  8.6454E-03  2.1400E-02
  1.6913E+00  2.7815E+00  6.0193E+00  8.6472E-02
  2.0738E+00  6.0104E-01  3.0101E+00  1.0304E-01
  1.0004E+00  1.2115E+00  3.1456E+00  1.9341E-02
  1.3180E+00  6.4446E-01  7.2277E-02  6.7067E-02
  2.7728E+00  4.8161E-01  2.9934E+00  1.2954E-01
  1.4940E+00  3.0816E+00  5.9665E+00  7.6845E-02
  1.0008E+00  2.3604E+00  6.2027E+00  2.1538E-02
  7.3947E+00  2.1101E-01  6.1534E+00  2.6197E-01
  1.1509E+00  3.8513E-01  3.0798E+00  5.5352E-02
  1.6462E+00  1.5204E+00  3.2471E+00  8.4355E-02
  3.3131E+00  5.2475E-01  3.0723E+00  1.4801E-01
  1.0133E+00  2.8872E+00  5.9329E+00  3.4632E-02
  1.0115E+00  1.5695E+00  3.2656E+00  3.3763E-02
  1.1412E+00  2.1601E+00  3.1483E+00  5.4510E-02
  1.0167E+00  2.1330E+00  8.8200E-02  3.6046E-02
  1.2580E+00  2.2566E+00  2.9671E+00  6.3280E-02
  1.6703E+00  2.0519E+00  6.2514E+00  8.5492E-02
  1.6097E+00  4.6719E-01  3.2867E+00  8.2613E-02
  1.3981E+00  5.8578E-01  3.3291E+00  7.1713E-02
  1.5275E+00  1.5451E+00  3.0974E+00  7.8558E-02
  1.7165E+00  1.0134E+00  2.3520E-02  8.7636E-02
  1.0096E+00  1.0860E+00  3.2146E+00  3.2784E-02
  1.3751E+00  1.3810E+00  1.0268E-01  7.0417E-02
  1.1222E+00  4.6295E-01  2.9069E+00  5.2763E-02
  3.3068E+00  2.5868E-01  6.0269E+00  1.4780E-01
  1.0987E+00  9.2513E-01  6.2157E+00  5.0387E-02
  1.4750E+00  9.8250E-02  2.4019E+00  7.5857E-02
  3.7769E+00  3.7834E-01  8.0556E-02  1.6292E-01
  1.5923E+00  2.6926E+00  3.3356E+00  8.1768E-02
  1.2552E+00  5.4275E-01  2.4786E-01  6.3093E-02
  1.0782E+00  1.8054E+00  3.0018E+00  4.8016E-02
  1.0109E+00  2.4721E+00  2.0606E-01  3.3485E-02
  1.2959E+00  2.2313E+00  6.1326E+00  6.5707E-02
  1.0165E+00  1.9452E+00  3.2452E+00  3.5983E-02
  1.0279E+00  2.7485E+00  5.8989E+00  3.9479E-02
  1.0654E+00  2.3802E+00  6.2770E+00  4.6333E-02
  1.3186E+00  1.0334E+00  3.1832E+00  6.7105E-02
  2.7177E+00  7.7560E-01  3.2149E+00  1.2757E-01
  1.0092E+00  1.1903E+00  3.2669E+00  3.2508E-02
  1.0620E+00  2.0525E-01  5.5313E+00  4.5841E-02
  1.0207E+00  6.7095E-01  6.1818E+00  3.7437E-02
  1.5661E+00  3.1209E+00  6.2876E-01  8.0483E-02
  6.3016E+00  1.9026E-01  2.6194E-01  2.3439E-01
  2.7747E+00  6.8656E-02  1.4548E+00  1.2960E-01
  1.5458E+00  9.4802E-01  3.0077E+00  7.9478E-02
  1.1689E+00  2.9475E+00  2.4402E+00  5.6842E-02
  1.8853E+00  1.7848E+00  3.0589E+00  9.5137E-02
  2.0374E+00  6.9550E-01  3.2842E+00  1.0155E-01
  1.7314E+00  3.0655E+00  5.9310E+00  8.8317E-02
  1.5667E+00  1.0387E+00  4.3563E-02  8.0513E-02
  9.4438E+00  1.3431E-01  6.1361E+00  3.1008E-01
  1.1727E+00  8.7296E-02  3.4466E+00  5.7146E-02
  1.7077E+00  1.7091E+00  3.2328E+00  8.7230E-02
  1.0935E+00  6.8641E-01  2.8960E+00  4.9814E-02
  1.1204E+00  1.3494E+00  1.0353E-01  5.2593E-02
  1.6256E+00  1.1951E+00  6.1896E+00  8.3374E-02
  1.0414E+00  8.6132E-02  5.5756E+00  4.2451E-02
  3.6318E+00  9.6632E-02  3.8041E+00  1.5834E-01
  3.1810E+00  1.0475E-01  2.6381E+00  1.4362E-01
  1.0939E+00  1.3309E+00  3.1638E+00  4.9857E-02
  1.2998E+00  1.9196E+00  3.1363E+00  6.5952E-02
  1.5973E+00  1.7099E-01  3.6444E+00  8.2013E-02
  1.8773E+00  1.0867E+00  3.0394E+00  9.4795E-02
  1.0270E+00  2.3352E+00  2.1252E-01  3.9252E-02
  2.6551E+00  5.4057E-01  3.0484E+00  1.2531E-01
  8.1408E+00  8.8988E-02  2.9327E+00  2.7997E-01
  6.1211E+00  2.2593E-01  3.0777E+00  2.2968E-01
  1.0878E+00  2.9360E+00  2.6205E+00  4.9168E-02
  1.7902E+00  5.1453E-01  3.1049E-02  9.0968E-02
  2.3440E+00  4.2158E-01  6.2735E+00  1.1373E-01
  4.1266E+00  2.8547E-01  6.2284E+00  1.7370E-01
  2.0433E+00  4.8390E-01  3.2925E-02  1.0179E-01
  1.1103E+00  2.0920E+00  3.1024E+00  5.1595E-02
  7.1214E+00  3.5236E-02  5.7869E+00  2.5522E-01
  1.0004E+00  5.8738E-01  3.1302E-01  1.9055E-02
  1.0880E+00  1.0177E+00  3.2770E+00  4.9186E-02
  1.0413E+00  5.0136E-01  3.1882E+00  4.2413E-02
  1.0815E+00  2.8002E+00  2.9662E+00  4.8421E-02
  5.0446E+00  9.9217E-02  3.5541E+00  2.0047E-01
  1.3059E+00  7.7883E-01  3.2141E+00  6.6329E-02
  1.0472E+00  1.3710E+00  6.1149E+00  4.3507E-02
  1.6429E+00  5.5974E-02  3.0028E-01  8.4198E-02
  1.8345E+00  2.5575E-01  3.2226E+00  9.2926E-02
  3.7428E+00  3.3419E-01  6.2819E+00  1.6185E-01
  1.0082E+00  1.0509E+00  1.5105E-01  3.1895E-02
  3.8050E+00  4.8914E-01  3.0213E+00  1.6380E-01
  1.0044E+00  3.0755E+00  3.7678E+00  2.8727E-02
  1.6359E+00  1.2236E+00  6.1994E+00  8.3869E-02
  1.1172E+00  3.4558E-01  2.7756E+00  5.2286E-02
  1.0435E+00  2.0514E+00  3.2511E+00  4.2839E-02
  2.1457E+00  1.6927E-01  3.7963E-01  1.0595E-01
  1.1462E+00  3.3773E-01  2.9806E+00  5.4946E-02
  1.0085E+00  2.1508E+00  2.1502E-01  3.2050E-02
  1.8625E+00  5.9040E-01  1.6447E-02  9.4153E-02
  1.6416E+00  7.9241E-01  7.4857E-03  8.4141E-02
  1.9650E+00  3.8529E-01  3.1715E+00  9.8533E-02
  1.0171E+00  1.0713E+00  3.2951E+00  3.6191E-02
  1.2893E+00  6.9715E-01  2.9666E+00  6.5295E-02
  1.0333E+00  1.9330E+00  1.9224E-01  4.0779E-02
  1.4686E+00  1.1992E+00  6.1974E+00  7.5521E-02
  1.1117E+00  6.8515E-01  2.1553E-01  5.1735E-02
  3.5724E+00  3.2688E-01  3.1740E+00  1.5644E-01
  1.0208E+00  1.5733E+00  3.2636E+00  3.7477E-02
  1.1533E+00  5.5152E-01  6.2417E+00  5.5551E-02
  1.2658E+00  1.9388E+00  2.8688E-02  6.3792E-02
  3.6708E+00  3.2534E-01  2.9662E+00  1.5958E-01
  1.3720E+00  3.0744E+00  3.6216E+00  7.0239E-02
  2.3099E+00  8.0675E-01  4.3095E-03  1.1242E-01
  1.0361E+00  6.5386E-01  6.0396E+00  4.1376E-02
  2.7048E+00  4.0317E-01  5.5230E-02  1.2710E-01
  2.3789E+00  5.9373E-01  6.2639E+00  1.1506E-01
  1.0098E+00  1.3696E+00  6.1970E+00  3.2860E-02
  1.1169E+00  2.5179E+00  1.5531E-01  5.2257E-02
  2.8472E+00  1.6172E-01  6.1098E+00  1.3216E-01
  1.3888E+00  1.1237E+00  9.5055E-02  7.1191E-02
  1.0062E+00  2.2783E+00  3.0320E+00  3.0382E-02
  3.3521E+00  2.3313E-01  3.0689E+00  1.4930E-01
  1.0811E+00  2.4758E+00  2.9161E+00  4.8368E-02
  1.0193E+00  6.6376E-01  3.0282E+00  3.6972E-02
  1.1889E+00  2.0647E-01  3.2693E+00  5.8401E-02
  1.0340E+00  9.9091E-02  1.0401E+00  4.0915E-02
  1.8967E+00  1.2118E+00  3.0645E+00  9.5629E-02
  1.3177E+00  2.7911E+00  3.5468E+00  6.7052E-02
  4.9931E+00  3.6473E-01  3.2168E+00  1.9902E-01
  1.0098E+00  2.1913E+00  3.0998E+00  3.2856E-02
  1.0271E+00  9.9339E-01  6.1628E+00  3.9288E-02
  1.7507E+00  7.4595E-01  3.1903E+00  8.9194E-02
  1.0970E+00  1.9977E+00  3.3203E+00  5.0202E-02
  1.0018E+00  2.7491E+00  3.2926E+00  2.4669E-02
  2.3344E+00  2.1948E+00  6.1780E+00  1.1336E-01
  1.0011E+00  2.7765E+00  3.0739E+00  2.2732E-02
  1.0033E+00  2.2089E-01  2.6632E+00  2.7274E-02
  1.9572E+00  1.9793E+00  3.1238E+00  9.8204E-02
  1.5680E+00  1.3005E+00  3.1042E+00  8.0577E-02
  1.6264E+00  1.2890E+00  6.2050E+00  8.3414E-02
  1.5582E+00  2.2814E+00  3.0037E+00  8.0093E-02
  1.0053E+00  2.5010E+00  3.1605E+00  2.9615E-02
  1.2096E+00  4.1633E-01  3.3117E+00  5.9939E-02
  7.6135E+00  3.8344E-02  2.8451E+00  2.6731E-01
  1.0011E+00  2.9800E+00  2.0512E+00  2.2718E-02
  9.4601E+00  5.7152E-02  3.2880E-02  3.1045E-01
  1.0107E+00  1.5505E+00  3.1314E+00  3.3344E-02
  1.0673E+00  9.6144E-01  3.1943E+00  4.6587E-02
  3.3541E+00  5.9519E-01  3.0937E+00  1.4936E-01
  2.0128E+00  2.6849E+00  3.3315E+00  1.0053E-01
  1.5475E+00  2.6130E+00  3.0680E+00  7.9561E-02
  1.4347E+00  4.5526E-02  6.3753E-01  7.3717E-02
  2.6142E+00  1.0084E-01  5.3937E+00  1.2383E-01
  2.6982E+00  1.3747E-01  2.5195E+00  1.2687E-01
  1.4592E+00  5.8637E-01  3.2373E+00  7.5027E-02
  1.0499E+00  5.8122E-01  2.4885E-01  4.3965E-02
  1.5545E+00  6.5310E-02  3.9659E+00  7.9907E-02
  1.0370E+00  2.9454E+00  1.0019E+00  4.1561E-02
  3.1632E+00  6.2040E-01  3.1312E+00  1.4302E-01
  1.4919E+00  1.5259E+00  2.0272E-02  7.6734E-02
  1.0235E+00  2.8024E-01  3.3730E+00  3.8292E-02
  1.8694E+00  2.5909E+00  3.0662E+00  9.4450E-02
  2.1876E+00  2.1798E+00  3.0324E+00  1.0762E-01
  2.4719E+00  7.7755E-01  3.0697E+00  1.1857E-01
  5.3817E+00  3.5543E-01  3.0524E+00  2.0984E-01
  1.0126E+00  2.2543E+00  3.3634E+00  3.4318E-02
  1.8351E+00  3.1129E+00  8.8377E-01  9.2955E-02
  1.7895E+00  2.7420E-01  3.1558E+00  9.0937E-02
  1.3910E+00  2.9793E+00  5.5961E+00  7.1314E-02
  3.4048E+00  3.9602E-01  3.0374E+00  1.5102E-01
  1.0435E+00  8.0106E-01  3.1082E+00  4.2846E-02
  3.8092E+00  2.6311E-01  3.3518E+00  1.6393E-01
  1.7045E+00  1.0503E+00  6.1964E+00  8.7081E-02
  1.7911E+00  3.2080E-01  9.8087E-02  9.1007E-02
  1.3350E+00  1.6890E+00  1.1723E-01  6.8088E-02
  1.3972E+00  2.0126E-01  2.5971E+00  7.1658E-02
  1.0005E+00  2.5361E+00  2.8359E+00  1.9723E-02
  1.1101E+00  1.9545E+00  2.0010E-02  5.1575E-02
  1.3924E+00  2.4790E+00  2.9830E+00  7.1390E-02
  1.2774E+00  7.9611E-01  1.1493E-01  6.4539E-02
  2.1453E+00  2.5115E+00  3.2862E+00  1.0594E-01
  1.6315E+00  2.3031E+00  1.2111E-02  8.3656E-02
  1.6560E+00  2.1895E+00  1.3297E-01  8.4821E-02
  1.0081E+00  4.5362E-02  1.7073E+00  3.1835E-02
  1.0064E+00  1.7612E+00  3.1511E+00  3.0579E-02
  1.8941E+00  7.5032E-01  3.2343E+00  9.5518E-02
  1.1568E+00  8.1157E-01  3.4976E-02  5.5845E-02
  1.1561E+00  2.1861E+00  2.9705E-02  5.5790E-02
  1.1051E+00  2.2927E+00  3.1964E+00  5.1067E-02
  1.3745E+00  1.5399E+00  9.1381E-02  7.0383E-02
  1.3684E+00  5.6947E-01  3.1574E+00  7.0035E-02
  1.1106E+00  1.4411E+00  6.9201E-02  5.1633E-02
  1.9206E+00  2.5434E+00  3.1045E+00  9.6652E-02
  1.3057E+00  2.4475E+00  3.2674E+00  6.6317E-02
  1.1949E+00  3.9968E-01  6.0518E+00  5.8853E-02
  1.0036E+00  2.7746E+00  2.9870E+00  2.7747E-02
  1.0077E+00  2.6242E+00  3.1407E+00  3.1542E-02
  1.1356E+00  1.8477E+00  3.1408E+00  5.4009E-02
  1.4691E+00  1.8576E+00  5.1694E-02  7.5547E-02
  1.1915E+00  3.0594E+00  1.7081E+00  5.8599E-02
  1.0030E+00  2.3304E+00  6.2252E+00  2.6893E-02
  1.4690E+00  2.3473E+00  3.1852E+00  7.5543E-02
  2.1881E+00  4.2297E-02  5.3677E+00  1.0765E-01
  1.2281E+00  2.4836E+00  6.2450E+00  6.1250E-02
  3.9291E+00  3.4246E-01  3.0925E+00  1.6766E-01
  1.6952E+00  2.5500E+00  6.1325E+00  8.6651E-02
  1.1471E+00  1.5189E+00  3.2731E+00  5.5026E-02
  1.0048E+00  2.7801E+00  2.6556E+00  2.9064E-02
  1.0209E+00  2.8426E+00  3.0558E+00  3.7488E-02
  2.3458E+00  7.3904E-02  9.7233E-01  1.1380E-01
  1.9064E+00  2.2396E+00  6.2619E+00  9.6046E-02
  1.1692E+00  3.8744E-01  3.1276E+00  5.6862E-02
  6.8842E+00  8.8672E-02  3.1335E+00  2.4928E-01
