time   0.0000E+00 | phase bin 00000000 in 00002600
  5.2101E-02
  5.4918E-02
  6.0556E-02
  6.4243E-02
  6.7044E-02
  6.9314E-02
  7.1166E-02
  7.2438E-02
  7.5419E-02
  7.9196E-02
  8.1680E-02
  8.3643E-02
  8.5244E-02
  8.6551E-02
  8.7603E-02
  8.8420E-02
  9.1139E-02
  9.2669E-02
  9.4502E-02
  9.9926E-02
  1.0264E-01
  1.0441E-01
  1.0553E-01
  1.0607E-01
  1.0596E-01
  1.0469E-01
  1.0310E-01
  1.0365E-01
  1.0397E-01
  1.0407E-01
  1.0395E-01
  1.0361E-01
  1.0304E-01
  1.0223E-01
  1.0116E-01
  9.9805E-02
  9.8128E-02
  9.6055E-02
  9.3450E-02
  8.9951E-02
  8.3094E-02
  8.1811E-02
  8.0266E-02
  7.8397E-02
  7.6088E-02
  7.3050E-02
  6.7575E-02
  6.4905E-02
  6.4030E-02
  6.3008E-02
  6.1800E-02
  6.0310E-02
  5.7722E-02
  5.6782E-02
  5.5730E-02
  5.7697E-02
  6.2175E-02
  6.3879E-02
  6.4619E-02
  6.4696E-02
  6.4181E-02
  6.2994E-02
  6.0652E-02
  5.7623E-02
  5.6733E-02
  5.4770E-02
  5.3119E-02
  5.3133E-02
  5.3002E-02
  5.2725E-02
  5.2949E-02
  5.2792E-02
  5.2319E-02
  5.1581E-02
  5.0552E-02
  4.9152E-02
  4.7151E-02
  4.2799E-02
  4.1760E-02
  4.1518E-02
  4.1181E-02
  4.0742E-02
  4.0187E-02
  3.9484E-02
  3.8433E-02
  3.7653E-02
  3.6937E-02
  3.6114E-02
  3.5169E-02
  3.4085E-02
  3.2833E-02
  3.1357E-02
  2.9530E-02
  2.6138E-02
  2.5078E-02
  2.3864E-02
  2.2460E-02
  2.3730E-02
  2.4398E-02
  2.3520E-02
  2.0908E-02
  1.6669E-02
  1.7665E-02
  1.8544E-02
  1.9330E-02
  2.0039E-02
  2.0682E-02
  2.1266E-02
  2.1800E-02
  2.2287E-02
  2.2731E-02
  2.3137E-02
  2.3506E-02
  2.3841E-02
  2.4143E-02
  2.4415E-02
  2.4657E-02
  2.4871E-02
  2.5057E-02
  2.5217E-02
  2.5352E-02
  2.5461E-02
  2.5545E-02
  2.5605E-02
  2.5641E-02
  2.5653E-02
  2.5641E-02
  2.5605E-02
  2.5546E-02
  2.5463E-02
  2.5356E-02
  2.5224E-02
  2.5068E-02
  2.4887E-02
  2.4680E-02
  2.4447E-02
  2.4187E-02
  2.3899E-02
  5.8064E-02
  5.7078E-02
  5.5955E-02
  5.4685E-02
  5.3257E-02
  5.1656E-02
  4.9866E-02
  4.7861E-02
  4.5609E-02
  4.3064E-02
  4.0157E-02
  3.6779E-02
  3.2723E-02
  2.7509E-02
  1.8721E-02
  1.2656E-02
  1.1556E-02
  1.0247E-02
  8.5863E-03
  6.0583E-03
  2.9609E-03
  2.9398E-03
  2.9179E-03
  2.8952E-03
  2.8717E-03
  6.6157E-03
  8.2755E-03
  9.4231E-03
  1.0302E-02
  1.1001E-02
  1.1564E-02
  1.2017E-02
  1.2377E-02
  2.1705E-02
  2.6292E-02
  2.9548E-02
  3.2107E-02
  3.4196E-02
  3.5927E-02
  3.7365E-02
  3.8551E-02
  4.0471E-02
  4.1746E-02
  4.2651E-02
  4.3277E-02
  4.3648E-02
  4.3765E-02
  4.3608E-02
  4.3124E-02
  4.2175E-02
  4.0151E-02
  3.8247E-02
  3.8412E-02
  3.8487E-02
  3.8474E-02
  3.8372E-02
  3.9085E-02
  3.9188E-02
  3.9101E-02
  3.8869E-02
  3.8501E-02
  3.7999E-02
  3.7352E-02
  3.6526E-02
  3.5327E-02
  3.4468E-02
  3.3455E-02
  3.2773E-02
  3.1587E-02
  3.3968E-02
  3.7339E-02
  3.8835E-02
  4.0131E-02
  4.0580E-02
  4.0136E-02
  4.4339E-02
  4.5154E-02
  4.5044E-02
  8.1157E-02
  8.5087E-02
  8.8233E-02
  9.0781E-02
  9.2830E-02
  9.4436E-02
  9.5635E-02
  9.6447E-02
  9.6877E-02
  9.6923E-02
  9.8430E-02
  1.0090E-01
  1.0143E-01
  1.0087E-01
  9.9118E-02
  9.5055E-02
  8.9941E-02
  9.0697E-02
  9.1177E-02
  9.7779E-02
  1.0175E-01
  1.0461E-01
  1.0689E-01
  1.0859E-01
  1.1037E-01
  1.1149E-01
  1.1217E-01
  1.1246E-01
  1.1905E-01
  1.2255E-01
  1.2449E-01
  1.2551E-01
  1.2579E-01
  1.2539E-01
  1.2429E-01
  1.2240E-01
  1.2063E-01
  1.1485E-01
  1.1269E-01
  1.0816E-01
  1.0450E-01
  1.0957E-01
  1.1208E-01
  1.1307E-01
  1.1367E-01
  1.1313E-01
  1.0923E-01
  1.1080E-01
  1.1200E-01
  1.1286E-01
  1.1342E-01
  1.1368E-01
  1.1515E-01
  1.1650E-01
  1.1687E-01
  1.1666E-01
  1.1591E-01
  1.1455E-01
  1.1235E-01
  1.0841E-01
  1.0300E-01
  1.0323E-01
  1.0330E-01
  1.0322E-01
  1.0300E-01
  1.0264E-01
  1.0213E-01
  1.0147E-01
  1.0067E-01
  9.9707E-02
  9.8588E-02
  9.7304E-02
  9.5844E-02
  9.4198E-02
  9.3006E-02
  9.2006E-02
  9.0270E-02
  8.8094E-02
  8.5492E-02
  8.2408E-02
  7.8708E-02
  7.4016E-02
  6.7173E-02
  6.3430E-02
  5.8667E-02
  5.1738E-02
  4.0074E-02
  3.9974E-02
  3.9830E-02
  3.9643E-02
  3.9410E-02
  3.9131E-02
  3.8805E-02
  3.8428E-02
  3.7998E-02
  3.7510E-02
  3.6958E-02
  3.8062E-02
  3.8515E-02
  3.8490E-02
  3.8149E-02
  3.7416E-02
  3.6045E-02
  3.5746E-02
  3.5061E-02
  3.5055E-02
  3.8709E-02
  4.1978E-02
  4.3824E-02
  4.4955E-02
  4.4981E-02
  4.6234E-02
  4.7303E-02
  4.8222E-02
  4.9012E-02
  4.9687E-02
  5.0259E-02
  5.0735E-02
  5.1122E-02
  5.1424E-02
  5.1643E-02
  5.1780E-02
  5.1835E-02
  5.1805E-02
  5.1684E-02
  5.1458E-02
  5.1100E-02
  5.0526E-02
  4.9372E-02
  4.9279E-02
  4.9133E-02
  4.8934E-02
  4.8681E-02
  4.8372E-02
  4.8005E-02
  4.7579E-02
  4.7091E-02
  4.6535E-02
  4.5908E-02
  4.5200E-02
  4.4401E-02
  4.3493E-02
  4.2445E-02
  5.6426E-02
  5.4705E-02
  5.2497E-02
  5.1608E-02
  5.0549E-02
  4.9302E-02
  4.7845E-02
  4.6139E-02
  7.5736E-02
  7.2321E-02
  6.8790E-02
  6.4580E-02
  5.9224E-02
  4.9875E-02
  4.5152E-02
  4.3175E-02
  4.1192E-02
  3.8959E-02
  3.6395E-02
  3.3347E-02
  2.9462E-02
  2.3126E-02
  1.8132E-02
  1.7714E-02
  1.7236E-02
  1.6668E-02
  1.5942E-02
  1.4730E-02
  1.3963E-02
  1.3887E-02
  1.3806E-02
  1.3721E-02
  1.3631E-02
  1.3537E-02
  1.3438E-02
  1.3684E-02
  1.3889E-02
  1.3979E-02
  1.4058E-02
  1.4398E-02
  1.4534E-02
  1.4616E-02
  1.4663E-02
  1.4684E-02
  1.4683E-02
  1.4662E-02
  1.4624E-02
  1.4569E-02
  1.4499E-02
  1.4413E-02
  1.4312E-02
  1.4196E-02
  1.4065E-02
  1.3917E-02
  1.3753E-02
  1.3571E-02
  1.3369E-02
  1.3147E-02
  1.2901E-02
  1.2628E-02
  1.2324E-02
  1.1981E-02
  1.1589E-02
  1.1131E-02
  1.0573E-02
  9.8320E-03
  8.4040E-03
  8.3555E-03
  8.6282E-03
  8.8382E-03
  9.0157E-03
  9.1718E-03
  9.3123E-03
  9.4403E-03
  9.5580E-03
  9.6670E-03
  9.7683E-03
  1.4586E-02
  1.6736E-02
  1.8350E-02
  1.9689E-02
  2.0848E-02
  2.1878E-02
  2.3457E-02
  2.4782E-02
  2.5821E-02
  2.6701E-02
  2.7458E-02
  2.8110E-02
  2.8665E-02
  2.9125E-02
  2.9481E-02
  2.9706E-02
  2.9683E-02
  2.9510E-02
  2.9921E-02
  3.0309E-02
  3.0676E-02
  3.1021E-02
  3.1348E-02
  3.1655E-02
  3.1945E-02
  3.2217E-02
  3.2473E-02
  3.2712E-02
  3.2936E-02
  3.3144E-02
  3.3337E-02
  3.3515E-02
  3.3678E-02
  3.3826E-02
  3.3959E-02
  3.4075E-02
  3.4173E-02
  3.4251E-02
  3.4304E-02
  3.4317E-02
  3.4161E-02
  3.4261E-02
  3.4371E-02
  3.4473E-02
  3.4566E-02
  3.4652E-02
  3.4729E-02
  3.4799E-02
  3.4861E-02
  3.4916E-02
  3.4964E-02
  3.5004E-02
  3.5038E-02
  3.5065E-02
  3.5086E-02
  3.5099E-02
  3.5107E-02
  3.5108E-02
  3.5103E-02
  3.5092E-02
  3.5075E-02
  3.5052E-02
  3.5024E-02
  3.4990E-02
  3.4950E-02
  3.5901E-02
  3.6267E-02
  3.6526E-02
  3.6727E-02
  3.6889E-02
  3.7121E-02
  3.7430E-02
  3.7630E-02
  3.7787E-02
  3.7915E-02
  3.8020E-02
  3.8106E-02
  3.8175E-02
  3.8229E-02
  3.8270E-02
  3.8299E-02
  3.8315E-02
  3.8321E-02
  3.8317E-02
  3.8304E-02
  3.8280E-02
  3.8393E-02
  3.8949E-02
  3.9192E-02
  3.9357E-02
  3.9478E-02
  3.9566E-02
  3.9631E-02
  3.9674E-02
  3.9700E-02
  3.9711E-02
  3.9707E-02
  3.9690E-02
  3.9661E-02
  3.9621E-02
  3.9571E-02
  3.9510E-02
  3.9439E-02
  3.9359E-02
  3.9271E-02
  3.9173E-02
  3.9067E-02
  3.8953E-02
  3.8831E-02
  3.8701E-02
  3.8564E-02
  3.8419E-02
  3.8266E-02
  3.8106E-02
  3.7939E-02
  3.7765E-02
  3.7583E-02
  3.7395E-02
  3.7199E-02
  3.6996E-02
  3.6786E-02
  3.6569E-02
  3.6345E-02
  3.6114E-02
  3.5875E-02
  3.5629E-02
  3.5375E-02
  3.5113E-02
  3.4844E-02
  3.4566E-02
  3.4280E-02
  3.3985E-02
  3.3682E-02
  3.3368E-02
  3.3045E-02
  3.2712E-02
  3.2367E-02
  3.2011E-02
  3.1641E-02
  3.1258E-02
  3.0860E-02
  3.0445E-02
  3.0011E-02
  2.9556E-02
  2.9076E-02
  2.8568E-02
  2.8026E-02
  2.7440E-02
  2.6799E-02
  2.6083E-02
  2.5254E-02
  2.4226E-02
  2.2663E-02
  2.1033E-02
  2.1024E-02
  2.1013E-02
  2.1002E-02
  2.0990E-02
  2.0976E-02
  2.0962E-02
  2.0947E-02
  2.0930E-02
  2.0913E-02
  2.0895E-02
  2.0876E-02
  2.0856E-02
  2.0835E-02
  2.0813E-02
  2.0790E-02
  2.0767E-02
  2.0742E-02
  2.0717E-02
  2.0691E-02
  2.0664E-02
  2.0636E-02
  2.0608E-02
  2.0579E-02
  2.0549E-02
  2.0518E-02
  2.0486E-02
  2.0453E-02
  2.0420E-02
  2.0386E-02
  2.0351E-02
  2.0315E-02
  2.0278E-02
  2.0241E-02
  2.0202E-02
  2.0163E-02
  2.0122E-02
  2.0080E-02
  2.0037E-02
  1.9993E-02
  1.9948E-02
  1.9901E-02
  1.9852E-02
  1.9801E-02
  1.9747E-02
  2.0670E-02
  2.1665E-02
  2.2251E-02
  2.2680E-02
  2.2945E-02
  2.3297E-02
  2.3608E-02
  2.3885E-02
  2.4135E-02
  2.4363E-02
  2.4571E-02
  2.4761E-02
  2.4936E-02
  2.5098E-02
  2.5246E-02
  2.5383E-02
  2.5509E-02
  2.5625E-02
  2.5731E-02
  2.5829E-02
  2.5918E-02
  2.5998E-02
  2.6071E-02
  2.6136E-02
  2.6194E-02
  2.6244E-02
  2.6288E-02
  2.6325E-02
  2.6355E-02
  2.6379E-02
  2.6396E-02
  2.6407E-02
  2.6412E-02
  2.6410E-02
  2.6402E-02
  2.6387E-02
  2.6367E-02
  2.6340E-02
  2.6306E-02
  2.6266E-02
  2.6220E-02
  2.6167E-02
  2.6108E-02
  2.6041E-02
  2.5968E-02
  2.5887E-02
  2.5800E-02
  2.5704E-02
  2.5601E-02
  2.5490E-02
  2.5371E-02
  2.5244E-02
  2.5107E-02
  2.4961E-02
  2.4857E-02
  2.4793E-02
  2.4675E-02
  2.4534E-02
  2.4375E-02
  2.4199E-02
  2.4005E-02
  2.3795E-02
  2.3566E-02
  2.3318E-02
  2.3048E-02
  2.2754E-02
  2.2434E-02
  2.2082E-02
  2.1694E-02
  2.1260E-02
  2.0770E-02
  2.0201E-02
  1.9513E-02
  1.8596E-02
  1.6657E-02
  1.6539E-02
  1.6396E-02
  1.6126E-02
  1.6061E-02
  1.5992E-02
  1.5917E-02
  1.7601E-02
  1.8979E-02
  1.9872E-02
  2.0567E-02
  2.1140E-02
  2.1619E-02
  2.2011E-02
  2.2293E-02
  2.2277E-02
  2.2759E-02
  2.3216E-02
  2.3654E-02
  2.4074E-02
  2.4478E-02
  2.4868E-02
  2.5246E-02
  2.5611E-02
  2.5966E-02
  2.6311E-02
  2.6646E-02
  5.4254E-02
  5.4504E-02
  5.4740E-02
  5.4960E-02
  5.5165E-02
  5.5356E-02
  5.5531E-02
  5.5692E-02
  5.5838E-02
  5.5968E-02
  5.6083E-02
  5.6183E-02
  5.6267E-02
  5.6334E-02
  5.6385E-02
  5.6420E-02
  5.6437E-02
  5.6437E-02
  5.6418E-02
  5.6381E-02
  5.6324E-02
  5.6248E-02
  5.6151E-02
  5.6032E-02
  5.5891E-02
  5.5727E-02
  5.5538E-02
  5.5324E-02
  5.5082E-02
  5.4812E-02
  5.4636E-02
  5.4618E-02
  5.4419E-02
  5.4146E-02
  5.3813E-02
  5.3422E-02
  5.2972E-02
  5.2462E-02
  5.1884E-02
  5.1231E-02
  5.0491E-02
  4.9650E-02
  4.8682E-02
  4.7552E-02
  4.6196E-02
  4.4481E-02
  4.2022E-02
  7.4558E-02
  7.4549E-02
  7.4522E-02
  7.4477E-02
  7.4413E-02
  7.4330E-02
  7.4227E-02
  1.0085E-01
  1.0104E-01
  1.0120E-01
  1.0132E-01
  1.0139E-01
  1.0410E-01
  1.0536E-01
  1.0626E-01
  1.0696E-01
  1.0752E-01
  1.0796E-01
  1.0830E-01
  1.0856E-01
  1.4574E-01
  1.4695E-01
  1.4768E-01
  1.4818E-01
  1.4852E-01
  1.4873E-01
  1.4880E-01
  1.4876E-01
  1.4860E-01
  1.4833E-01
  1.4794E-01
  1.4743E-01
  1.4679E-01
  1.4603E-01
  1.4511E-01
  1.4404E-01
  1.4277E-01
  1.4122E-01
  1.3936E-01
  1.3728E-01
  1.3587E-01
  1.3426E-01
  1.3243E-01
  1.3031E-01
  1.2781E-01
  1.2472E-01
  1.2037E-01
  1.1409E-01
  1.1333E-01
  1.1249E-01
  1.1155E-01
  1.1052E-01
  1.0939E-01
  1.0815E-01
  1.0679E-01
  1.0531E-01
  1.0368E-01
  1.0190E-01
  9.9953E-02
  9.7805E-02
  9.5425E-02
  9.2765E-02
  8.9746E-02
  9.0551E-02
  9.1630E-02
  8.7742E-02
  8.6308E-02
  8.6290E-02
  8.5651E-02
  8.4288E-02
  8.1763E-02
  7.6398E-02
  8.4151E-02
  9.5787E-02
  1.0193E-01
  1.0655E-01
  1.1018E-01
  1.1305E-01
  1.1519E-01
  1.1645E-01
  1.1457E-01
  1.2409E-01
  1.3532E-01
  1.4491E-01
  1.5196E-01
  1.5778E-01
  1.6276E-01
  1.6905E-01
  1.7717E-01
  1.8269E-01
  1.8715E-01
  1.9082E-01
  1.9374E-01
  1.9625E-01
  1.9845E-01
  2.0016E-01
  2.0142E-01
  2.0221E-01
  2.0275E-01
  2.0283E-01
  2.0230E-01
  2.0117E-01
  1.9934E-01
  1.9660E-01
  1.9226E-01
  1.9012E-01
  1.9256E-01
  1.9304E-01
  1.9239E-01
  1.9069E-01
  1.8769E-01
  1.8056E-01
  1.7894E-01
  1.7674E-01
  1.7388E-01
  1.7021E-01
  1.6546E-01
  1.5891E-01
  1.4689E-01
  1.3909E-01
  1.3836E-01
  1.3744E-01
  1.3631E-01
  1.3497E-01
  1.3341E-01
  1.3162E-01
  1.2956E-01
  1.3511E-01
  1.3784E-01
  1.3841E-01
  1.4573E-01
  1.4595E-01
  1.4816E-01
  1.4934E-01
  1.5242E-01
  1.5497E-01
  1.6162E-01
  1.6378E-01
  1.6413E-01
  1.6287E-01
  1.5971E-01
  1.5280E-01
  1.4434E-01
  1.4021E-01
  1.4083E-01
  1.4080E-01
  1.4977E-01
  1.5484E-01
  1.5804E-01
  1.5962E-01
  1.5929E-01
  1.5216E-01
  1.5540E-01
  1.6294E-01
  1.6818E-01
  1.7225E-01
  1.7562E-01
  2.0262E-01
  2.2301E-01
  2.3653E-01
  2.4719E-01
  2.5600E-01
  2.6483E-01
  2.7170E-01
  2.7744E-01
  2.8332E-01
  2.8805E-01
  2.9170E-01
  2.9613E-01
  2.9966E-01
  3.0183E-01
  3.0295E-01
  3.0307E-01
  3.0393E-01
  3.0368E-01
  3.0212E-01
  2.9937E-01
  2.9531E-01
  2.9562E-01
  2.9329E-01
  2.8366E-01
  2.6649E-01
  2.6578E-01
  2.6486E-01
  2.6287E-01
  2.5976E-01
  2.5535E-01
  2.4924E-01
  2.3941E-01
  2.3109E-01
  2.2526E-01
  2.1657E-01
  2.0584E-01
  2.1170E-01
  2.2055E-01
  2.2339E-01
  2.4522E-01
  2.5441E-01
  2.5655E-01
  2.5550E-01
  2.4718E-01
  2.3948E-01
  2.3373E-01
  2.2262E-01
  2.2137E-01
  2.2131E-01
  2.4034E-01
  2.5351E-01
  2.6072E-01
  2.6404E-01
  2.6967E-01
  2.7383E-01
  2.7669E-01
  2.7835E-01
  3.0009E-01
  3.0820E-01
  3.1681E-01
  3.2685E-01
  3.3432E-01
  3.3680E-01
  3.3589E-01
  3.3159E-01
  3.2285E-01
  3.0354E-01
  3.1628E-01
  3.3527E-01
  3.4216E-01
  3.4642E-01
  3.4675E-01
  3.4335E-01
  3.3584E-01
  3.2271E-01
  2.9396E-01
  2.7951E-01
  2.7193E-01
  2.5876E-01
  2.3868E-01
  2.4774E-01
  2.6275E-01
  2.6751E-01
  2.7782E-01
  2.8521E-01
  2.7969E-01
  2.6976E-01
  2.8384E-01
  2.9342E-01
  3.1012E-01
  3.2225E-01
  3.3123E-01
  3.3761E-01
  3.4155E-01
  3.4260E-01
  3.4379E-01
  3.4304E-01
  3.4021E-01
  3.3495E-01
  3.2629E-01
  3.0823E-01
  2.9909E-01
  2.9413E-01
  3.6201E-01
  4.0429E-01
  4.2950E-01
  4.4290E-01
  4.4482E-01
  4.4845E-01
  4.4884E-01
  4.4450E-01
  4.3514E-01
  4.1976E-01
  5.8871E-01
  6.5482E-01
  7.0166E-01
  7.2425E-01
  7.1230E-01
  7.1972E-01
  1.0000E+99
  1.0000E+99
  1.0000E+99
  1.0000E+99
  1.0000E+99
  1.0000E+99
  1.0000E+99
  1.0000E+99
  1.0000E+99
  1.0000E+99
  1.0000E+99
  1.0000E+99
  1.0000E+99
  1.0000E+99
  1.0000E+99
  1.0000E+99
  1.0000E+99
  1.0000E+99
  1.0000E+99
  1.0000E+99
  1.0000E+99
  1.0000E+99
  1.0000E+99
  1.0000E+99
  1.0000E+99
  1.0000E+99
  1.0000E+99
  1.0000E+99
  1.0000E+99
  1.0000E+99
  1.0000E+99
  1.0000E+99
  1.0000E+99
  1.0000E+99
  1.0000E+99
  1.0000E+99
  1.0000E+99
  1.0000E+99
  1.0000E+99
  1.0000E+99
  1.0000E+99
  1.0000E+99
  1.0000E+99
  1.0000E+99
  1.0000E+99
  1.0000E+99
  1.0000E+99
  1.0000E+99
  1.0000E+99
  1.0000E+99
  1.0000E+99
  1.0000E+99
  1.0000E+99
  1.0000E+99
  1.0000E+99
  1.0000E+99
  1.0000E+99
  1.0000E+99
  1.0000E+99
  1.0000E+99
  1.0000E+99
  1.0000E+99
  1.0000E+99
  1.0000E+99
  1.0000E+99
  1.0000E+99
  1.0000E+99
  1.0000E+99
  1.0000E+99
  1.0000E+99
  1.0000E+99
  1.0000E+99
  1.0000E+99
  1.0000E+99
  1.0000E+99
  1.0000E+99
  1.0000E+99
  1.0000E+99
  1.0000E+99
  1.0000E+99
  1.0000E+99
  1.0000E+99
  1.0000E+99
  1.0000E+99
  1.0000E+99
  1.0000E+99
  1.0000E+99
  1.0000E+99
  1.0000E+99
  1.0000E+99
  1.0000E+99
  1.0000E+99
  1.0000E+99
  1.0000E+99
  1.0000E+99
  1.0000E+99
  1.0000E+99
  1.0000E+99
  1.0000E+99
  1.0000E+99
  1.0000E+99
  1.0000E+99
  1.0000E+99
  1.0000E+99
  1.0000E+99
  1.0000E+99
  1.0000E+99
  1.0000E+99
  1.0000E+99
  1.0000E+99
  1.0000E+99
  1.0000E+99
  1.0000E+99
  1.0000E+99
  1.0000E+99
  1.0000E+99
  1.0000E+99
  1.0000E+99
  1.0000E+99
  1.0000E+99
  1.0000E+99
  1.0000E+99
  1.0000E+99
  1.0000E+99
  1.0000E+99
  1.0000E+99
  1.0000E+99
  1.0000E+99
  1.0000E+99
  1.0000E+99
  1.0000E+99
  1.0000E+99
  1.0000E+99
  1.0000E+99
  1.0000E+99
  1.0000E+99
  1.0000E+99
  1.0000E+99
  1.0000E+99
  1.0000E+99
  1.0000E+99
  1.0000E+99
  1.0000E+99
  1.0000E+99
  1.0000E+99
  1.0000E+99
  1.0000E+99
  1.0000E+99
  1.0000E+99
  1.0000E+99
  1.0000E+99
  1.0000E+99
  1.0000E+99
  1.0000E+99
  1.0000E+99
  1.0000E+99
  1.0000E+99
  1.0000E+99
  1.0000E+99
  1.0000E+99
  1.0000E+99
  1.0000E+99
  1.0000E+99
  1.0000E+99
  1.0000E+99
  1.0000E+99
  1.0000E+99
  1.0000E+99
  1.0000E+99
  1.0000E+99
  1.0000E+99
  1.0000E+99
  1.0000E+99
  1.0000E+99
  1.0000E+99
  1.0000E+99
  1.0000E+99
  1.0000E+99
  1.0000E+99
  1.0000E+99
  1.0000E+99
  1.0000E+99
  1.0000E+99
  1.0000E+99
  1.0000E+99
  1.0000E+99
  1.0000E+99
  1.0000E+99
  1.0000E+99
  1.0000E+99
  1.0000E+99
  1.0000E+99
  1.0000E+99
  1.0000E+99
  1.0000E+99
  1.0000E+99
  1.0000E+99
  1.0000E+99
  1.0000E+99
  1.0000E+99
  1.0000E+99
  1.0000E+99
  1.0000E+99
  1.0000E+99
  1.0000E+99
  1.0000E+99
  1.0000E+99
  1.0000E+99
  1.0000E+99
  1.0000E+99
  1.0000E+99
  1.0000E+99
  1.0000E+99
  1.0000E+99
  1.0000E+99
  1.0000E+99
  1.0000E+99
  1.0000E+99
  1.0000E+99
  1.0000E+99
  1.0000E+99
  1.0000E+99
  1.0000E+99
  1.0000E+99
  1.0000E+99
  1.0000E+99
  1.0000E+99
  1.0000E+99
  1.0000E+99
  1.0000E+99
  1.0000E+99
  1.0000E+99
  1.0000E+99
  1.0000E+99
  1.0000E+99
  1.0000E+99
  1.0000E+99
  1.0000E+99
  1.0000E+99
  1.0000E+99
  1.0000E+99
  1.0000E+99
  1.0000E+99
  1.0000E+99
  1.0000E+99
  1.0000E+99
  1.0000E+99
  1.0000E+99
  1.0000E+99
  1.0000E+99
  1.0000E+99
  1.0000E+99
  1.0000E+99
  1.0000E+99
  1.0000E+99
  1.0000E+99
  1.0000E+99
  1.0000E+99
  1.0000E+99
  1.0000E+99
  1.0000E+99
  1.0000E+99
  1.0000E+99
  1.0000E+99
  1.0000E+99
  1.0000E+99
  1.0000E+99
  1.0000E+99
  1.0000E+99
  1.0000E+99
  1.0000E+99
  1.0000E+99
  1.0000E+99
  1.0000E+99
  1.0000E+99
  1.0000E+99
  1.0000E+99
  1.0000E+99
  1.0000E+99
  1.0000E+99
  1.0000E+99
  1.0000E+99
  1.0000E+99
  1.0000E+99
  1.0000E+99
  1.0000E+99
  1.0000E+99
  1.0000E+99
  1.0000E+99
  1.0000E+99
  1.0000E+99
  1.0000E+99
  1.0000E+99
  1.0000E+99
  1.0000E+99
  1.0000E+99
  1.0000E+99
  1.0000E+99
  1.0000E+99
  1.0000E+99
  1.0000E+99
  1.0000E+99
  1.0000E+99
  1.0000E+99
  1.0000E+99
  1.0000E+99
  1.0000E+99
  1.0000E+99
  1.0000E+99
  1.0000E+99
  1.0000E+99
  1.0000E+99
  1.0000E+99
  1.0000E+99
  1.0000E+99
  1.0000E+99
  1.0000E+99
  1.0000E+99
  1.0000E+99
  1.0000E+99
  1.0000E+99
  1.0000E+99
  1.0000E+99
  1.0000E+99
  1.0000E+99
  1.0000E+99
  1.0000E+99
  1.0000E+99
  1.0000E+99
  1.0000E+99
  1.0000E+99
  1.0000E+99
  1.0000E+99
  1.0000E+99
  1.0000E+99
  1.0000E+99
  1.0000E+99
  1.0000E+99
  1.0000E+99
  1.0000E+99
  1.0000E+99
  1.0000E+99
  1.0000E+99
  1.0000E+99
  1.0000E+99
  1.0000E+99
  1.0000E+99
  1.0000E+99
  1.0000E+99
  1.0000E+99
  1.0000E+99
  1.0000E+99
  1.0000E+99
  1.0000E+99
  1.0000E+99
  1.0000E+99
  1.0000E+99
  1.0000E+99
  1.0000E+99
  1.0000E+99
  1.0000E+99
  1.0000E+99
  1.0000E+99
  1.0000E+99
  1.0000E+99
  1.0000E+99
  1.0000E+99
  1.0000E+99
  1.0000E+99
  1.0000E+99
  1.0000E+99
  1.0000E+99
  1.0000E+99
  1.0000E+99
  1.0000E+99
  1.0000E+99
  1.0000E+99
  1.0000E+99
  1.0000E+99
  1.0000E+99
  1.0000E+99
  1.0000E+99
  1.0000E+99
  1.0000E+99
  1.0000E+99
  1.0000E+99
  1.0000E+99
  1.0000E+99
  1.0000E+99
  1.0000E+99
  1.0000E+99
  1.0000E+99
  1.0000E+99
  1.0000E+99
  1.0000E+99
  1.0000E+99
  1.0000E+99
  1.0000E+99
  1.0000E+99
  1.0000E+99
  1.0000E+99
  1.0000E+99
  1.0000E+99
  1.0000E+99
  1.0000E+99
  1.0000E+99
  1.0000E+99
  1.0000E+99
  1.0000E+99
  1.0000E+99
  1.0000E+99
  1.0000E+99
  1.0000E+99
  1.0000E+99
  1.0000E+99
  1.0000E+99
  1.0000E+99
  1.0000E+99
  1.0000E+99
  1.0000E+99
  1.0000E+99
  1.0000E+99
  1.0000E+99
  1.0000E+99
  1.0000E+99
  1.0000E+99
  1.0000E+99
  1.0000E+99
  1.0000E+99
  1.0000E+99
  1.0000E+99
  1.0000E+99
  1.0000E+99
  1.0000E+99
  1.0000E+99
  1.0000E+99
  1.0000E+99
  1.0000E+99
  1.0000E+99
  1.0000E+99
  1.0000E+99
  1.0000E+99
  1.0000E+99
  1.0000E+99
  1.0000E+99
  1.0000E+99
  1.0000E+99
  1.0000E+99
  1.0000E+99
  1.0000E+99
  1.0000E+99
  1.0000E+99
  1.0000E+99
  1.0000E+99
  1.0000E+99
  1.0000E+99
  1.0000E+99
  1.0000E+99
  1.0000E+99
  1.0000E+99
  1.0000E+99
  1.0000E+99
  1.0000E+99
  1.0000E+99
  1.0000E+99
  1.0000E+99
  1.0000E+99
  1.0000E+99
  1.0000E+99
  1.0000E+99
  1.0000E+99
  1.0000E+99
  1.0000E+99
  1.0000E+99
  1.0000E+99
  1.0000E+99
  1.0000E+99
  1.0000E+99
  1.0000E+99
  1.0000E+99
  1.0000E+99
  1.0000E+99
  1.0000E+99
  1.0000E+99
  1.0000E+99
  5.9956E-01
  5.9754E-01
  5.8792E-01
  5.7004E-01
  5.4300E-01
  5.0392E-01
  4.4455E-01
  3.0870E-01
  2.9975E-01
  2.8780E-01
  2.7186E-01
  2.4916E-01
  2.0785E-01
  1.9847E-01
  1.8614E-01
  1.6810E-01
  1.3873E-01
  1.3352E-01
  1.2713E-01
  1.1913E-01
  1.0840E-01
  1.0951E-01
  9.6975E-02
  1.0293E-01
  1.0543E-01
  1.0792E-01
  1.1081E-01
  1.1275E-01
  1.1386E-01
  1.1905E-01
  1.2577E-01
  1.2844E-01
  1.2890E-01
  1.2686E-01
  1.1681E-01
  1.1729E-01
  1.1993E-01
  1.2216E-01
  1.2401E-01
  1.2550E-01
  1.2665E-01
  1.2747E-01
  1.2797E-01
  1.2816E-01
  1.2804E-01
  1.2760E-01
  1.2683E-01
  1.2573E-01
  1.2428E-01
  1.2245E-01
  1.2021E-01
  1.1788E-01
  1.2067E-01
  1.1937E-01
  1.1661E-01
  1.1237E-01
  1.0605E-01
  9.4782E-02
  8.3346E-02
  8.3759E-02
  8.4818E-02
  9.2620E-02
  9.6936E-02
  9.9928E-02
  1.0221E-01
  1.0551E-01
  1.0774E-01
  1.1009E-01
  1.2176E-01
  1.2703E-01
  1.3085E-01
  1.3377E-01
  1.3601E-01
  1.5641E-01
  1.6606E-01
  1.7280E-01
  1.7784E-01
  1.8160E-01
  1.8429E-01
  1.8597E-01
  1.8664E-01
  1.8615E-01
  1.8423E-01
  1.7931E-01
  1.8202E-01
  1.8393E-01
  1.8977E-01
  2.0463E-01
  2.1182E-01
  2.1712E-01
  2.2059E-01
  2.2197E-01
  2.2366E-01
  2.2523E-01
  2.2606E-01
  2.2618E-01
  2.2561E-01
  2.2437E-01
  2.2245E-01
  2.2930E-01
  2.2970E-01
  2.2830E-01
  2.2544E-01
  2.2109E-01
  2.1496E-01
  2.0637E-01
  1.9606E-01
  1.9028E-01
  1.8292E-01
  1.7320E-01
  1.5777E-01
  1.4349E-01
  1.3554E-01
  1.3015E-01
  1.2605E-01
  1.2067E-01
  1.1903E-01
  1.1672E-01
  1.1339E-01
  1.0803E-01
  1.0654E-01
  1.0475E-01
  1.0263E-01
  1.0008E-01
  9.7648E-02
  9.4864E-02
  9.1545E-02
  8.7607E-02
  8.2853E-02
  7.6856E-02
  6.8283E-02
  5.3947E-02
  5.3232E-02
  5.2404E-02
  5.1451E-02
  5.0354E-02
  4.9078E-02
  4.7548E-02
  5.2509E-02
  5.6058E-02
  5.8171E-02
  5.9328E-02
  5.9787E-02
  5.9740E-02
  5.9189E-02
  5.7543E-02
  5.3625E-02
  5.0071E-02
  5.1093E-02
  5.1978E-02
  5.2739E-02
  5.3385E-02
  5.5484E-02
  5.6810E-02
  5.7778E-02
  5.8532E-02
  5.9122E-02
  5.9572E-02
  5.9896E-02
  6.0102E-02
  6.0197E-02
  6.0184E-02
  6.0065E-02
  5.9841E-02
  5.9511E-02
  5.9073E-02
  5.8524E-02
  5.7859E-02
  5.7071E-02
  5.6151E-02
  5.5377E-02
  5.4332E-02
  5.3048E-02
  5.1523E-02
  4.9711E-02
  4.7530E-02
  4.4815E-02
  4.1153E-02
  3.4052E-02
  3.1181E-02
  3.1151E-02
  3.1468E-02
  3.1930E-02
  3.2148E-02
  3.2270E-02
  3.2319E-02
  3.2297E-02
  3.2182E-02
  3.9286E-02
  4.2225E-02
  4.4645E-02
  4.6634E-02
  4.8338E-02
  4.9833E-02
  5.1162E-02
  5.2356E-02
  3.2081E-02
  3.2081E-02
  3.2067E-02
  3.2040E-02
  3.1999E-02
  3.1944E-02
  3.1875E-02
  3.1792E-02
  3.1695E-02
  3.1582E-02
  3.1453E-02
  3.1307E-02
  3.1142E-02
  3.0956E-02
  3.1537E-02
  3.1827E-02
  3.1916E-02
  3.1884E-02
  3.3946E-02
  3.7257E-02
  3.8828E-02
  4.0536E-02
  4.1942E-02
  4.3140E-02
  4.4181E-02
  4.5096E-02
  5.5583E-02
  6.2300E-02
  6.7076E-02
  7.0946E-02
  7.4240E-02
  7.7115E-02
  7.9663E-02
  8.1943E-02
  8.3996E-02
  8.5851E-02
  8.7531E-02
  8.9054E-02
  9.0433E-02
  9.4156E-02
  9.6593E-02
  9.8543E-02
  1.0286E-01
  1.0546E-01
  1.0759E-01
  1.0942E-01
  1.1541E-01
  1.1875E-01
  1.2141E-01
  1.2366E-01
  1.2559E-01
  1.2726E-01
  1.2870E-01
  1.0897E-01
  1.0996E-01
  1.1068E-01
  1.1119E-01
  1.1201E-01
  1.1268E-01
  1.1317E-01
  1.1338E-01
  1.1295E-01
  1.1369E-01
  1.1435E-01
  1.1494E-01
  1.1545E-01
  1.1589E-01
  1.1626E-01
  1.1656E-01
  1.1678E-01
  1.1693E-01
  1.1700E-01
  1.1699E-01
  1.1689E-01
  1.1670E-01
  1.1640E-01
  1.1720E-01
  1.1793E-01
  1.1799E-01
  1.1759E-01
  1.1656E-01
  1.1298E-01
  1.1374E-01
  1.1445E-01
  1.1510E-01
  1.1571E-01
  1.1627E-01
  1.1679E-01
  1.1728E-01
  1.1773E-01
  1.1814E-01
  1.1853E-01
  1.1889E-01
  1.1922E-01
  1.1952E-01
  1.1979E-01
  1.2005E-01
  1.2027E-01
  1.2048E-01
  1.2066E-01
  1.2082E-01
  1.2096E-01
  1.2108E-01
  1.2118E-01
  1.2127E-01
  1.2133E-01
  1.2137E-01
  1.2140E-01
  1.2141E-01
  1.2141E-01
  1.2138E-01
  1.2134E-01
  1.2129E-01
  1.2122E-01
  1.2113E-01
  1.2103E-01
  1.2091E-01
  1.2078E-01
  1.2063E-01
  1.2047E-01
  1.2029E-01
  1.2009E-01
  1.1986E-01
  1.1960E-01
  1.1920E-01
  1.1902E-01
  1.1884E-01
  1.1865E-01
  1.1844E-01
  1.1823E-01
  1.1801E-01
  1.1803E-01
  1.1815E-01
  1.1811E-01
  1.1802E-01
  1.1790E-01
  1.1775E-01
  1.1759E-01
  1.1799E-01
  1.1819E-01
  1.1891E-01
  1.1978E-01
  1.2026E-01
  1.2059E-01
  1.2084E-01
  1.2102E-01
  1.2115E-01
  1.2123E-01
  1.2129E-01
  1.2131E-01
  1.2131E-01
  1.2129E-01
  1.2124E-01
  1.2118E-01
  1.2110E-01
  1.2100E-01
  1.2089E-01
  1.2077E-01
  1.2063E-01
  1.2048E-01
  1.2032E-01
  1.2016E-01
  1.1998E-01
  1.1979E-01
  1.1959E-01
  1.1939E-01
  1.1918E-01
  1.1896E-01
  1.1874E-01
  1.1851E-01
  1.1827E-01
  1.1803E-01
  1.1779E-01
  1.1754E-01
  1.1729E-01
  1.1703E-01
  1.1677E-01
  1.1651E-01
  1.1624E-01
  1.1597E-01
  1.1570E-01
  1.1543E-01
  1.1516E-01
  1.1489E-01
  1.1461E-01
  1.1433E-01
  1.1406E-01
  1.1378E-01
  1.1351E-01
  1.1323E-01
  1.1296E-01
  1.1268E-01
  1.1241E-01
  1.1214E-01
  1.1186E-01
  1.1160E-01
  1.1133E-01
  1.1106E-01
  1.1080E-01
  1.1054E-01
  1.1028E-01
  1.1002E-01
  1.0976E-01
  1.0951E-01
  1.0926E-01
  1.0901E-01
  1.0877E-01
  1.0852E-01
  1.0828E-01
  1.0804E-01
  1.0781E-01
  1.0757E-01
  1.0733E-01
  1.0710E-01
  1.0686E-01
  1.0662E-01
  1.0638E-01
  1.0614E-01
  1.0589E-01
  1.0562E-01
  1.0534E-01
  1.0503E-01
  1.0468E-01
  1.0421E-01
  1.0333E-01
  1.0333E-01
  1.0334E-01
  1.0336E-01
  1.0338E-01
  1.0340E-01
  1.0343E-01
  1.0346E-01
  1.0350E-01
  1.0354E-01
  1.0358E-01
  1.0363E-01
  1.0368E-01
  1.0373E-01
  1.0379E-01
  1.0385E-01
  1.0391E-01
  1.0397E-01
  1.0404E-01
  1.0410E-01
  1.0417E-01
  1.0424E-01
  1.0431E-01
  1.0438E-01
  1.0445E-01
  1.0453E-01
  1.0460E-01
  1.0467E-01
  1.0474E-01
  1.0481E-01
  1.0487E-01
  1.0494E-01
  1.0501E-01
  1.0507E-01
  1.0513E-01
  1.0519E-01
  1.0524E-01
  1.0529E-01
  1.0534E-01
  1.0538E-01
  1.0557E-01
  1.0576E-01
  1.0590E-01
  1.0600E-01
  1.0609E-01
  1.0617E-01
  1.0624E-01
  1.0629E-01
  1.0634E-01
  1.0637E-01
  1.0640E-01
  1.0641E-01
  1.0641E-01
  1.0641E-01
  1.0639E-01
  1.0737E-01
  1.0863E-01
  1.0938E-01
  1.0994E-01
  1.1039E-01
  1.1077E-01
  1.1109E-01
  1.1136E-01
  1.1158E-01
  1.1176E-01
  1.1189E-01
  1.1290E-01
  1.1381E-01
  1.1438E-01
  1.1479E-01
  1.1508E-01
  1.1525E-01
  1.1524E-01
  1.1498E-01
  1.1528E-01
  1.1554E-01
  1.1575E-01
  1.1593E-01
  1.1607E-01
  1.1616E-01
  1.1622E-01
  1.1623E-01
  1.1620E-01
  1.1612E-01
  1.1599E-01
  1.1580E-01
  1.1554E-01
  1.1520E-01
  1.1473E-01
  1.1402E-01
  1.1273E-01
  1.1269E-01
  1.1262E-01
  1.1251E-01
  1.1237E-01
  1.1319E-01
  1.1385E-01
  1.1418E-01
  1.1435E-01
  1.1441E-01
  1.1438E-01
  1.1427E-01
  1.1407E-01
  1.1379E-01
  1.1341E-01
  1.1294E-01
  1.1232E-01
  1.1151E-01
  1.1016E-01
  1.0913E-01
  1.0886E-01
  1.0854E-01
  1.0817E-01
  1.0775E-01
  1.0727E-01
  1.0831E-01
  1.0844E-01
  1.0831E-01
  1.0833E-01
  1.0839E-01
  1.0807E-01
  1.0736E-01
  1.0673E-01
  1.0622E-01
  1.0556E-01
  1.0473E-01
  1.0369E-01
  1.0234E-01
  1.0009E-01
  9.8734E-02
  9.7891E-02
  9.6849E-02
  9.5511E-02
  9.3584E-02
  9.0235E-02
  9.0070E-02
  8.9856E-02
  8.9589E-02
  8.9268E-02
  8.8888E-02
  8.8444E-02
  8.7930E-02
  8.7334E-02
  8.6637E-02
  8.5785E-02
  8.4487E-02
  8.3876E-02
  8.3196E-02
  8.2440E-02
  8.1602E-02
  8.0673E-02
  7.9640E-02
  7.8490E-02
  7.7202E-02
  7.5746E-02
  7.4076E-02
  7.2106E-02
  6.9623E-02
  6.5545E-02
  6.3914E-02
  6.1825E-02
  5.8620E-02
  5.4677E-02
  5.4645E-02
  5.4593E-02
  5.4522E-02
  5.4429E-02
  5.4314E-02
  5.4176E-02
  5.4011E-02
  5.3817E-02
  5.3592E-02
  5.3331E-02
  5.3029E-02
  5.2676E-02
  5.2261E-02
  5.1762E-02
  5.1136E-02
  5.0269E-02
  4.8380E-02
  4.8357E-02
  4.8326E-02
  4.8286E-02
  4.8236E-02
  4.8177E-02
  4.8108E-02
  4.8029E-02
  4.7977E-02
  4.8656E-02
  4.8882E-02
  4.9018E-02
  4.9101E-02
  4.9146E-02
  4.9159E-02
  4.9146E-02
  4.9109E-02
  4.9048E-02
  4.8965E-02
  4.8861E-02
  4.8736E-02
  4.8589E-02
  4.8420E-02
  4.8230E-02
  4.8016E-02
  4.7779E-02
  4.7516E-02
  4.7227E-02
  4.6910E-02
  4.6563E-02
  4.6182E-02
  4.5764E-02
  4.5305E-02
  4.4798E-02
  4.4236E-02
  4.3605E-02
  4.3458E-02
  4.3027E-02
  4.2259E-02
  4.0944E-02
  4.0003E-02
  3.8044E-02
  3.8145E-02
  3.8224E-02
  3.8283E-02
  3.8325E-02
  3.8350E-02
  3.8359E-02
  3.8352E-02
  3.8331E-02
  3.8294E-02
  3.8243E-02
  3.8176E-02
  3.8094E-02
  3.7996E-02
  3.7883E-02
  3.7751E-02
  3.9019E-02
  3.9859E-02
  4.0357E-02
  4.0695E-02
  4.0914E-02
  4.1009E-02
  4.0931E-02
  4.1119E-02
  4.1266E-02
  4.4275E-02
  4.6243E-02
  4.7595E-02
  4.8659E-02
  4.9539E-02
  5.0281E-02
  5.0912E-02
  5.1448E-02
  5.1900E-02
  5.2276E-02
  5.2579E-02
  6.0099E-02
  6.4857E-02
  6.8136E-02
  7.0715E-02
  7.2834E-02
  7.4599E-02
  7.6063E-02
  7.7243E-02
  7.8118E-02
  7.8570E-02
  7.7720E-02
  7.8960E-02
  8.0087E-02
  8.1109E-02
  8.2030E-02
  8.2853E-02
  8.4396E-02
  8.6184E-02
  8.7398E-02
  8.8336E-02
  8.8837E-02
  8.9684E-02
  9.0417E-02
  9.2992E-02
  9.4659E-02
  9.5904E-02
  9.6907E-02
  9.8395E-02
  9.9354E-02
  1.0010E-01
  1.0068E-01
  1.0111E-01
  1.0139E-01
  1.0152E-01
  1.0147E-01
  1.0114E-01
  1.0065E-01
  1.0061E-01
  1.0046E-01
  1.0021E-01
  9.9856E-02
  9.9384E-02
  9.8793E-02
  9.8074E-02
  9.7215E-02
  9.6198E-02
  9.6963E-02
  9.6556E-02
  9.5444E-02
  9.3308E-02
  9.2197E-02
  9.1334E-02
  9.0242E-02
  8.8904E-02
  8.7292E-02
  8.5357E-02
  8.3012E-02
  8.0085E-02
  7.6101E-02
  6.9225E-02
  7.0532E-02
  7.0389E-02
  6.9527E-02
  6.7501E-02
  6.5382E-02
  6.5483E-02
  7.4368E-02
  7.7798E-02
  8.1924E-02
  8.4371E-02
  8.6057E-02
  8.7053E-02
  8.6257E-02
  9.2201E-02
  9.6009E-02
  9.8692E-02
  1.0071E-01
  1.0213E-01
  1.0306E-01
  1.0426E-01
  1.0519E-01
  1.0586E-01
  1.0628E-01
  1.0645E-01
  1.0738E-01
  1.0746E-01
  1.0711E-01
  1.0628E-01
  1.0449E-01
  1.0297E-01
  1.0250E-01
  1.0179E-01
  1.0078E-01
  9.9381E-02
  9.7029E-02
  9.5385E-02
  9.4251E-02
  9.2759E-02
  9.0947E-02
  6.0780E-02
  5.9982E-02
  5.9060E-02
  5.8004E-02
  5.6801E-02
  5.5432E-02
  5.3870E-02
  5.2075E-02
  4.9983E-02
  4.7467E-02
  4.4202E-02
  3.7431E-02
  3.6473E-02
  3.5425E-02
  3.4275E-02
  3.3006E-02
  3.1596E-02
  3.0012E-02
  2.8201E-02
  2.6067E-02
  2.3388E-02
  1.8909E-02
  1.6124E-02
  1.3827E-02
  1.3251E-02
  1.2557E-02
  1.1659E-02
  1.0183E-02
  8.9504E-03
  8.9091E-03
  8.8631E-03
  8.8122E-03
  8.7565E-03
  8.6958E-03
  8.6300E-03
  8.5590E-03
  8.4825E-03
  8.4005E-03
  8.3128E-03
  8.2191E-03
  8.1192E-03
  8.0130E-03
  7.9000E-03
  7.7800E-03
  7.6526E-03
  8.1235E-03
  8.2667E-03
  8.3269E-03
  8.3410E-03
  8.3219E-03
  8.2753E-03
  8.2044E-03
  8.1104E-03
  7.9937E-03
  7.8537E-03
  7.6890E-03
  7.4974E-03
  7.2751E-03
  7.0165E-03
  6.7125E-03
  6.3468E-03
  8.9079E-03
  9.5824E-03
  9.7456E-03
  1.0442E-02
  1.0987E-02
  1.1392E-02
  1.1601E-02
  1.1600E-02
  1.2118E-02
  1.2597E-02
  1.3043E-02
  1.3458E-02
  1.3847E-02
  1.4212E-02
  1.4553E-02
  1.4874E-02
  1.5176E-02
  1.5459E-02
  1.5725E-02
  1.6633E-02
  1.7309E-02
  1.7834E-02
  1.8284E-02
  1.8686E-02
  1.9049E-02
  1.9381E-02
  1.9686E-02
  1.9967E-02
  2.1698E-02
  2.2728E-02
  2.3515E-02
  2.4177E-02
  2.4755E-02
  2.5270E-02
  2.5733E-02
  2.6153E-02
  2.6533E-02
  2.6879E-02
  2.7192E-02
  2.7476E-02
  2.7732E-02
  2.7961E-02
  2.8165E-02
  2.8344E-02
  2.8499E-02
  2.8631E-02
  2.8740E-02
  2.8827E-02
  2.8891E-02
  2.8933E-02
  2.8953E-02
  2.8950E-02
  2.8925E-02
  2.8878E-02
  2.8807E-02
  2.8712E-02
  2.8594E-02
  2.8450E-02
  2.8281E-02
  2.8084E-02
  2.7860E-02
  2.8770E-02
  3.2365E-02
  3.3976E-02
  3.5070E-02
  3.5860E-02
  3.6432E-02
  3.6824E-02
  3.7053E-02
  3.7127E-02
  3.7035E-02
  3.6755E-02
  3.6224E-02
  3.5265E-02
  3.2519E-02
  3.2876E-02
  3.3189E-02
  3.3460E-02
  3.3691E-02
  3.5176E-02
  3.6588E-02
  3.7505E-02
  3.8214E-02
  3.8789E-02
  3.9262E-02
  3.9649E-02
  3.9962E-02
  4.0208E-02
  4.0393E-02
  4.3523E-02
  4.5963E-02
  4.7487E-02
  4.8597E-02
  4.9433E-02
  5.0689E-02
  5.1520E-02
  5.2083E-02
  5.2452E-02
  5.2657E-02
  5.2711E-02
  5.2623E-02
  5.2394E-02
  5.2025E-02
  5.1514E-02
  5.0854E-02
  5.0036E-02
  4.9044E-02
  4.7855E-02
  4.6427E-02
  4.4678E-02
  4.2276E-02
  3.9918E-02
  3.8119E-02
  3.5900E-02
  3.2933E-02
  2.7485E-02
  2.6325E-02
  2.4857E-02
  2.2844E-02
  1.8023E-02
  1.7544E-02
  1.7146E-02
  1.7080E-02
  1.7000E-02
  1.6903E-02
  2.0190E-02
  2.1948E-02
  2.5396E-02
  2.7354E-02
  2.8674E-02
  2.9598E-02
  3.0203E-02
  3.0511E-02
  3.0486E-02
  2.9729E-02
  2.9567E-02
  2.8969E-02
  2.6715E-02
  2.6991E-02
  2.7228E-02
  2.7428E-02
  2.7593E-02
  2.7723E-02
  2.7819E-02
  2.7881E-02
  3.0198E-02
  3.1244E-02
  3.1884E-02
  3.2288E-02
  3.3105E-02
  3.3438E-02
  3.3557E-02
  3.3502E-02
  3.7031E-02
  3.8950E-02
  3.9990E-02
  4.0515E-02
  4.0605E-02
  4.0221E-02
  3.9084E-02
  3.7182E-02
  3.6567E-02
  3.5457E-02
  3.5834E-02
  3.6128E-02
  3.6341E-02
  3.8854E-02
  3.9818E-02
  4.0379E-02
  4.0649E-02
  4.0592E-02
  4.0347E-02
  4.0324E-02
  4.0153E-02
  3.9832E-02
  3.9350E-02
  3.8693E-02
  3.7832E-02
  3.6711E-02
  3.5209E-02
  3.2771E-02
  3.0751E-02
  2.9400E-02
  2.7091E-02
  2.6616E-02
  2.7462E-02
  2.7984E-02
  2.8355E-02
  2.8626E-02
  2.9475E-02
  3.0041E-02
  3.0412E-02
  3.0671E-02
  3.0844E-02
  3.0945E-02
  3.0982E-02
  3.0957E-02
  3.0874E-02
  3.0734E-02
  3.0537E-02
  3.0282E-02
  2.9968E-02
  2.9591E-02
  2.9149E-02
  3.1430E-02
  3.4061E-02
  3.7292E-02
  4.0574E-02
  4.2414E-02
  4.3565E-02
  4.4171E-02
  4.4214E-02
  4.3436E-02
  4.0389E-02
  4.1400E-02
  4.2258E-02
  4.2963E-02
  4.3495E-02
  4.3732E-02
  4.3972E-02
  4.7394E-02
  
