  1.8874E+00  3.7579E-02
  1.8898E+00  3.7835E-02
  1.8922E+00  4.1677E-02
  1.8946E+00  7.4854E-02
  1.8970E+00  7.3303E-02
  1.8995E+00  7.2566E-02
  1.9019E+00  6.9016E-02
  1.9043E+00  6.0339E-02
  1.9067E+00  5.3281E-02
  1.9091E+00  5.3058E-02
  1.9115E+00  6.3596E-02
  1.9140E+00  7.1996E-02
  1.9164E+00  7.6740E-02
  1.9188E+00  7.9339E-02
  1.9212E+00  8.0368E-02
  1.9236E+00  7.9967E-02
  1.9260E+00  7.7926E-02
  1.9285E+00  7.3952E-02
  1.9309E+00  7.8244E-02
  1.9333E+00  8.6603E-02
  1.9357E+00  8.9869E-02
  1.9381E+00  9.0631E-02
  1.9405E+00  1.0139E-01
  1.9430E+00  1.0262E-01
  1.9454E+00  1.0043E-01
  1.9478E+00  9.5014E-02
  1.9502E+00  8.4937E-02
  1.9526E+00  6.9374E-02
  1.9550E+00  6.1060E-02
  1.9575E+00  6.0274E-02
  1.9599E+00  6.6238E-02
  1.9623E+00  7.6371E-02
  1.9647E+00  7.9290E-02
  1.9671E+00  7.8983E-02
  1.9695E+00  9.1699E-02
  1.9720E+00  8.9647E-02
  1.9744E+00  1.0148E-01
  1.9768E+00  1.1856E-01
  1.9792E+00  1.2688E-01
  1.9816E+00  1.5016E-01
  1.9840E+00  1.7193E-01
  1.9865E+00  1.8014E-01
  1.9889E+00  1.8769E-01
  1.9913E+00  1.9338E-01
  1.9937E+00  1.9542E-01
  1.9961E+00  1.9324E-01
  1.9985E+00  1.8390E-01
  2.0010E+00  1.6215E-01
  2.0034E+00  1.4657E-01
  2.0058E+00  1.5796E-01
  2.0082E+00  1.4955E-01
  2.0106E+00  1.3663E-01
  2.0130E+00  1.4470E-01
  2.0155E+00  1.4945E-01
  2.0179E+00  1.6756E-01
  2.0203E+00  1.7586E-01
  2.0227E+00  1.9865E-01
  2.0251E+00  2.1733E-01
  2.0275E+00  2.2922E-01
  2.0300E+00  2.3284E-01
  2.0324E+00  2.3114E-01
  2.0348E+00  2.4533E-01
  2.0372E+00  2.4764E-01
  2.0396E+00  2.4479E-01
  2.0420E+00  2.3477E-01
  2.0445E+00  2.1701E-01
  2.0469E+00  1.9227E-01
  2.0493E+00  1.7610E-01
  2.0517E+00  1.6573E-01
  2.0541E+00  1.6197E-01
  2.0565E+00  1.5099E-01
  2.0590E+00  1.4855E-01
  2.0614E+00  1.3745E-01
  2.0638E+00  1.4182E-01
  2.0662E+00  1.5021E-01
  2.0686E+00  1.6382E-01
  2.0710E+00  1.6403E-01
  2.0735E+00  1.6229E-01
  2.0759E+00  1.5978E-01
  2.0783E+00  1.6186E-01
  2.0807E+00  1.6255E-01
  2.0831E+00  1.6600E-01
  2.0855E+00  1.6568E-01
  2.0880E+00  1.6384E-01
  2.0904E+00  1.5759E-01
  2.0928E+00  1.5581E-01
  2.0952E+00  1.5162E-01
  2.0976E+00  1.4178E-01
  2.1000E+00  1.3754E-01
  2.1025E+00  1.3137E-01
  2.1049E+00  1.2186E-01
  2.1073E+00  1.0401E-01
  2.1097E+00  9.8742E-02
  2.1121E+00  1.2077E-01
  2.1145E+00  1.5422E-01
  2.1170E+00  1.9246E-01
  2.1194E+00  2.2488E-01
  2.1218E+00  2.4155E-01
  2.1242E+00  2.5268E-01
  2.1266E+00  2.5605E-01
  2.1290E+00  2.5498E-01
  2.1314E+00  2.5276E-01
  2.1339E+00  2.4881E-01
  2.1363E+00  2.3891E-01
  2.1387E+00  2.2232E-01
  2.1411E+00  1.9638E-01
  2.1435E+00  1.6344E-01
  2.1459E+00  1.3363E-01
  2.1484E+00  1.3163E-01
  2.1508E+00  1.2555E-01
  2.1532E+00  1.2007E-01
  2.1556E+00  1.1951E-01
  2.1580E+00  1.3814E-01
  2.1604E+00  1.5733E-01
  2.1629E+00  1.6627E-01
  2.1653E+00  1.7690E-01
  2.1677E+00  1.8352E-01
  2.1701E+00  1.8460E-01
  2.1725E+00  1.8429E-01
  2.1749E+00  1.9577E-01
  2.1774E+00  1.8734E-01
  2.1798E+00  1.8474E-01
  2.1822E+00  1.7397E-01
  2.1846E+00  1.4751E-01
  2.1870E+00  1.4516E-01
  2.1894E+00  1.4020E-01
  2.1919E+00  1.6978E-01
  2.1943E+00  1.7799E-01
  2.1967E+00  1.7670E-01
  2.1991E+00  1.7429E-01
  2.2015E+00  1.7225E-01
  2.2039E+00  1.6894E-01
  2.2064E+00  1.8111E-01
  2.2088E+00  1.8505E-01
  2.2112E+00  1.8773E-01
  2.2136E+00  1.8786E-01
  2.2160E+00  1.8105E-01
  2.2184E+00  1.7117E-01
  2.2209E+00  1.5926E-01
  2.2233E+00  1.4617E-01
  2.2257E+00  1.5242E-01
  2.2281E+00  1.7113E-01
  2.2305E+00  1.9361E-01
  2.2329E+00  2.0743E-01
  2.2354E+00  2.1421E-01
  2.2378E+00  2.2313E-01
  2.2402E+00  2.2612E-01
  2.2426E+00  2.2504E-01
  2.2450E+00  2.7344E-01
  2.2474E+00  2.9314E-01
  2.2499E+00  2.9876E-01
  2.2523E+00  2.9480E-01
  2.2547E+00  2.9085E-01
  2.2571E+00  2.9339E-01
  2.2595E+00  2.8078E-01
  2.2619E+00  2.6245E-01
  2.2644E+00  2.5464E-01
  2.2668E+00  2.5338E-01
  2.2692E+00  2.2958E-01
  2.2716E+00  2.2661E-01
  2.2740E+00  2.2796E-01
  2.2764E+00  2.1237E-01
  2.2789E+00  1.9230E-01
  2.2813E+00  1.9982E-01
  2.2837E+00  1.9123E-01
  2.2861E+00  2.0298E-01
  2.2885E+00  2.0436E-01
  2.2909E+00  2.1203E-01
  2.2934E+00  2.0788E-01
  2.2958E+00  1.9919E-01
  2.2982E+00  2.1542E-01
  2.3006E+00  2.6132E-01
  2.3030E+00  2.8326E-01
  2.3054E+00  3.0727E-01
  2.3079E+00  3.0733E-01
  2.3103E+00  3.0730E-01
  2.3127E+00  3.0272E-01
  2.3151E+00  2.9575E-01
  2.3175E+00  2.7617E-01
  2.3199E+00  2.5541E-01
  2.3224E+00  2.2949E-01
  2.3248E+00  2.0778E-01
  2.3272E+00  1.8683E-01
  2.3296E+00  1.8504E-01
  2.3320E+00  1.7933E-01
  2.3344E+00  1.6707E-01
  2.3369E+00  1.4802E-01
  2.3393E+00  1.2526E-01
  2.3417E+00  9.8374E-02
  2.3441E+00  4.8835E-02
  2.3465E+00  4.8456E-02
  2.3489E+00  7.5393E-02
  2.3514E+00  8.3361E-02
  2.3538E+00  9.8846E-02
  2.3562E+00  1.1768E-01
  2.3586E+00  1.3065E-01
  2.3610E+00  1.3567E-01
  2.3634E+00  2.2031E-01
  2.3659E+00  2.5524E-01
  2.3683E+00  2.6560E-01
  2.3707E+00  2.7833E-01
  2.3731E+00  2.8695E-01
  2.3755E+00  2.9467E-01
  2.3779E+00  2.7680E-01
  2.3804E+00  2.6608E-01
  2.3828E+00  2.9459E-01
  2.3852E+00  2.8295E-01
  2.3876E+00  2.8898E-01
  2.3900E+00  2.5847E-01
  2.3924E+00  2.3469E-01
  2.3949E+00  2.4666E-01
  2.3973E+00  2.5115E-01
  2.3997E+00  2.5017E-01
  2.4021E+00  2.5269E-01
  2.4045E+00  2.5434E-01
  2.4069E+00  2.5612E-01
  2.4094E+00  2.6613E-01
  2.4118E+00  2.6447E-01
  2.4142E+00  2.7655E-01
  2.4166E+00  2.6126E-01
  2.4190E+00  2.3812E-01
  2.4214E+00  2.2081E-01
  2.4239E+00  2.0241E-01
  2.4263E+00  1.9985E-01
  2.4287E+00  2.1247E-01
  2.4311E+00  2.4391E-01
  2.4335E+00  2.4491E-01
  2.4359E+00  2.2900E-01
  2.4384E+00  2.1589E-01
  2.4408E+00  1.8326E-01
  2.4432E+00  1.7905E-01
  2.4456E+00  2.4210E-01
  2.4480E+00  2.8401E-01
  2.4504E+00  3.0251E-01
  2.4529E+00  3.3495E-01
  2.4553E+00  3.8068E-01
  2.4577E+00  3.9518E-01
  2.4601E+00  4.0576E-01
  2.4625E+00  4.0828E-01
  2.4649E+00  4.0800E-01
  2.4674E+00  4.1309E-01
  2.4698E+00  4.0724E-01
  2.4722E+00  4.0522E-01
  2.4746E+00  4.0508E-01
  2.4770E+00  3.8658E-01
  2.4794E+00  3.3451E-01
  2.4819E+00  3.1635E-01
  2.4843E+00  2.8421E-01
  2.4867E+00  2.6917E-01
  2.4891E+00  2.7667E-01
  2.4915E+00  2.8397E-01
  2.4939E+00  2.7422E-01
  2.4964E+00  3.6206E-01
  2.4988E+00  4.3550E-01
  2.5012E+00  4.8979E-01
  2.5036E+00  5.0768E-01
  2.5060E+00  5.0831E-01
  2.5084E+00  4.9011E-01
  2.5109E+00  4.7937E-01
  2.5133E+00  4.7034E-01
  2.5157E+00  4.7216E-01
  2.5181E+00  6.3742E-01
  2.5205E+00  7.5802E-01
  2.5229E+00  7.9633E-01
  2.5254E+00  7.8045E-01
  2.5278E+00  7.4046E-01
  2.5302E+00  7.0683E-01
  2.5326E+00  7.8521E-01
  2.5350E+00  8.3455E-01
  2.5374E+00  8.4937E-01
  2.5399E+00  8.3659E-01
  2.5423E+00  8.1282E-01
  2.5447E+00  8.9705E-01
  2.5471E+00  9.0833E-01
  2.5495E+00  8.2165E-01
  2.5519E+00  7.1840E-01
  2.5544E+00  7.5440E-01
  2.5568E+00  1.0000E+99
  2.5592E+00  1.0000E+99
  2.5616E+00  1.0000E+99
  2.5640E+00  1.0000E+99
  2.5664E+00  1.0000E+99
  2.5689E+00  1.0000E+99
  2.5713E+00  1.0000E+99
  2.5737E+00  1.0000E+99
  2.5761E+00  1.0000E+99
  2.5785E+00  1.0000E+99
  2.5809E+00  1.0000E+99
  2.5834E+00  1.0000E+99
  2.5858E+00  1.0000E+99
  2.5882E+00  1.0000E+99
  2.5906E+00  1.0000E+99
  2.5930E+00  1.0000E+99
  2.5954E+00  1.0000E+99
  2.5979E+00  1.0000E+99
  2.6003E+00  1.0000E+99
  2.6027E+00  1.0000E+99
  2.6051E+00  1.0000E+99
  2.6075E+00  1.0000E+99
  2.6099E+00  1.0000E+99
  2.6124E+00  1.0000E+99
  2.6148E+00  1.0000E+99
  2.6172E+00  1.0000E+99
  2.6196E+00  1.0000E+99
  2.6220E+00  1.0000E+99
  2.6244E+00  1.0000E+99
  2.6269E+00  1.0000E+99
  2.6293E+00  1.0000E+99
  2.6317E+00  1.0000E+99
  2.6341E+00  1.0000E+99
  2.6365E+00  1.0000E+99
  2.6389E+00  1.0000E+99
  2.6414E+00  1.0000E+99
  2.6438E+00  1.0000E+99
  2.6462E+00  1.0000E+99
  2.6486E+00  1.0000E+99
  2.6510E+00  1.0000E+99
  2.6534E+00  1.0000E+99
  2.6559E+00  1.0000E+99
  2.6583E+00  1.0000E+99
  2.6607E+00  1.0000E+99
  2.6631E+00  1.0000E+99
  2.6655E+00  1.0000E+99
  2.6679E+00  1.0000E+99
  2.6704E+00  1.0000E+99
  2.6728E+00  1.0000E+99
  2.6752E+00  1.0000E+99
  2.6776E+00  1.0000E+99
  2.6800E+00  1.0000E+99
  2.6824E+00  1.0000E+99
  2.6849E+00  1.0000E+99
  2.6873E+00  1.0000E+99
  2.6897E+00  1.0000E+99
  2.6921E+00  1.0000E+99
  2.6945E+00  1.0000E+99
  2.6969E+00  1.0000E+99
  2.6994E+00  1.0000E+99
  2.7018E+00  1.0000E+99
  2.7042E+00  1.0000E+99
  2.7066E+00  1.0000E+99
  2.7090E+00  1.0000E+99
  2.7114E+00  1.0000E+99
  2.7139E+00  1.0000E+99
  2.7163E+00  1.0000E+99
  2.7187E+00  1.0000E+99
  2.7211E+00  1.0000E+99
  2.7235E+00  1.0000E+99
  2.7259E+00  1.0000E+99
  2.7284E+00  1.0000E+99
  2.7308E+00  1.0000E+99
  2.7332E+00  1.0000E+99
  2.7356E+00  1.0000E+99
  2.7380E+00  1.0000E+99
  2.7404E+00  1.0000E+99
  2.7429E+00  1.0000E+99
  2.7453E+00  1.0000E+99
  2.7477E+00  1.0000E+99
  2.7501E+00  1.0000E+99
  2.7525E+00  1.0000E+99
  2.7549E+00  1.0000E+99
  2.7574E+00  1.0000E+99
  2.7598E+00  1.0000E+99
  2.7622E+00  1.0000E+99
  2.7646E+00  1.0000E+99
  2.7670E+00  1.0000E+99
  2.7694E+00  1.0000E+99
  2.7719E+00  1.0000E+99
  2.7743E+00  1.0000E+99
  2.7767E+00  1.0000E+99
  2.7791E+00  1.0000E+99
  2.7815E+00  1.0000E+99
  2.7839E+00  1.0000E+99
  2.7864E+00  1.0000E+99
  2.7888E+00  1.0000E+99
  2.7912E+00  1.0000E+99
  2.7936E+00  1.0000E+99
  2.7960E+00  1.0000E+99
  2.7984E+00  1.0000E+99
  2.8009E+00  1.0000E+99
  2.8033E+00  1.0000E+99
  2.8057E+00  1.0000E+99
  2.8081E+00  1.0000E+99
  2.8105E+00  1.0000E+99
  2.8129E+00  1.0000E+99
  2.8154E+00  1.0000E+99
  2.8178E+00  1.0000E+99
  2.8202E+00  1.0000E+99
  2.8226E+00  1.0000E+99
  2.8250E+00  1.0000E+99
  2.8274E+00  1.0000E+99
  2.8298E+00  1.0000E+99
  2.8323E+00  1.0000E+99
  2.8347E+00  1.0000E+99
  2.8371E+00  1.0000E+99
  2.8395E+00  1.0000E+99
  2.8419E+00  1.0000E+99
  2.8443E+00  1.0000E+99
  2.8468E+00  1.0000E+99
  2.8492E+00  1.0000E+99
  2.8516E+00  1.0000E+99
  2.8540E+00  1.0000E+99
  2.8564E+00  1.0000E+99
  2.8588E+00  1.0000E+99
  2.8613E+00  1.0000E+99
  2.8637E+00  1.0000E+99
  2.8661E+00  1.0000E+99
  2.8685E+00  1.0000E+99
  2.8709E+00  1.0000E+99
  2.8733E+00  1.0000E+99
  2.8758E+00  1.0000E+99
  2.8782E+00  1.0000E+99
  2.8806E+00  1.0000E+99
  2.8830E+00  1.0000E+99
  2.8854E+00  1.0000E+99
  2.8878E+00  1.0000E+99
  2.8903E+00  1.0000E+99
  2.8927E+00  1.0000E+99
  2.8951E+00  1.0000E+99
  2.8975E+00  1.0000E+99
  2.8999E+00  1.0000E+99
  2.9023E+00  1.0000E+99
  2.9048E+00  1.0000E+99
  2.9072E+00  1.0000E+99
  2.9096E+00  1.0000E+99
  2.9120E+00  1.0000E+99
  2.9144E+00  1.0000E+99
  2.9168E+00  1.0000E+99
  2.9193E+00  1.0000E+99
  2.9217E+00  1.0000E+99
  2.9241E+00  1.0000E+99
  2.9265E+00  1.0000E+99
  2.9289E+00  1.0000E+99
  2.9313E+00  1.0000E+99
  2.9338E+00  1.0000E+99
  2.9362E+00  1.0000E+99
  2.9386E+00  1.0000E+99
  2.9410E+00  1.0000E+99
  2.9434E+00  1.0000E+99
  2.9458E+00  1.0000E+99
  2.9483E+00  1.0000E+99
  2.9507E+00  1.0000E+99
  2.9531E+00  1.0000E+99
  2.9555E+00  1.0000E+99
  2.9579E+00  1.0000E+99
  2.9603E+00  1.0000E+99
  2.9628E+00  1.0000E+99
  2.9652E+00  1.0000E+99
  2.9676E+00  1.0000E+99
  2.9700E+00  1.0000E+99
  2.9724E+00  1.0000E+99
  2.9748E+00  1.0000E+99
  2.9773E+00  1.0000E+99
  2.9797E+00  1.0000E+99
  2.9821E+00  1.0000E+99
  2.9845E+00  1.0000E+99
  2.9869E+00  1.0000E+99
  2.9893E+00  1.0000E+99
  2.9918E+00  1.0000E+99
  2.9942E+00  1.0000E+99
  2.9966E+00  1.0000E+99
  2.9990E+00  1.0000E+99
  3.0014E+00  1.0000E+99
  3.0038E+00  1.0000E+99
  3.0063E+00  1.0000E+99
  3.0087E+00  1.0000E+99
  3.0111E+00  1.0000E+99
  3.0135E+00  1.0000E+99
  3.0159E+00  1.0000E+99
  3.0183E+00  1.0000E+99
  3.0208E+00  1.0000E+99
  3.0232E+00  1.0000E+99
  3.0256E+00  1.0000E+99
  3.0280E+00  1.0000E+99
  3.0304E+00  1.0000E+99
  3.0328E+00  1.0000E+99
  3.0353E+00  1.0000E+99
  3.0377E+00  1.0000E+99
  3.0401E+00  1.0000E+99
  3.0425E+00  1.0000E+99
  3.0449E+00  1.0000E+99
  3.0473E+00  1.0000E+99
  3.0498E+00  1.0000E+99
  3.0522E+00  1.0000E+99
  3.0546E+00  1.0000E+99
  3.0570E+00  1.0000E+99
  3.0594E+00  1.0000E+99
  3.0618E+00  1.0000E+99
  3.0643E+00  1.0000E+99
  3.0667E+00  1.0000E+99
  3.0691E+00  1.0000E+99
  3.0715E+00  1.0000E+99
  3.0739E+00  1.0000E+99
  3.0763E+00  1.0000E+99
  3.0788E+00  1.0000E+99
  3.0812E+00  1.0000E+99
  3.0836E+00  1.0000E+99
  3.0860E+00  1.0000E+99
  3.0884E+00  1.0000E+99
  3.0908E+00  1.0000E+99
  3.0933E+00  1.0000E+99
  3.0957E+00  1.0000E+99
  3.0981E+00  1.0000E+99
  3.1005E+00  1.0000E+99
  3.1029E+00  1.0000E+99
  3.1053E+00  1.0000E+99
  3.1078E+00  1.0000E+99
  3.1102E+00  1.0000E+99
  3.1126E+00  1.0000E+99
  3.1150E+00  1.0000E+99
  3.1174E+00  1.0000E+99
  3.1198E+00  1.0000E+99
  3.1223E+00  1.0000E+99
  3.1247E+00  1.0000E+99
  3.1271E+00  1.0000E+99
  3.1295E+00  1.0000E+99
  3.1319E+00  1.0000E+99
  3.1343E+00  1.0000E+99
  3.1368E+00  1.0000E+99
  3.1392E+00  1.0000E+99
  3.1416E+00  1.0000E+99
  3.1440E+00  1.0000E+99
  3.1464E+00  1.0000E+99
  3.1488E+00  1.0000E+99
  3.1513E+00  1.0000E+99
  3.1537E+00  1.0000E+99
  3.1561E+00  1.0000E+99
  3.1585E+00  1.0000E+99
  3.1609E+00  1.0000E+99
  3.1633E+00  1.0000E+99
  3.1658E+00  1.0000E+99
  3.1682E+00  1.0000E+99
  3.1706E+00  1.0000E+99
  3.1730E+00  1.0000E+99
  3.1754E+00  1.0000E+99
  3.1778E+00  1.0000E+99
  3.1803E+00  1.0000E+99
  3.1827E+00  1.0000E+99
  3.1851E+00  1.0000E+99
  3.1875E+00  1.0000E+99
  3.1899E+00  1.0000E+99
  3.1923E+00  1.0000E+99
  3.1948E+00  1.0000E+99
  3.1972E+00  1.0000E+99
  3.1996E+00  1.0000E+99
  3.2020E+00  1.0000E+99
  3.2044E+00  1.0000E+99
  3.2068E+00  1.0000E+99
  3.2093E+00  1.0000E+99
  3.2117E+00  1.0000E+99
  3.2141E+00  1.0000E+99
  3.2165E+00  1.0000E+99
  3.2189E+00  1.0000E+99
  3.2213E+00  1.0000E+99
  3.2238E+00  1.0000E+99
  3.2262E+00  1.0000E+99
  3.2286E+00  1.0000E+99
  3.2310E+00  1.0000E+99
  3.2334E+00  1.0000E+99
  3.2358E+00  1.0000E+99
  3.2383E+00  1.0000E+99
  3.2407E+00  1.0000E+99
  3.2431E+00  1.0000E+99
  3.2455E+00  1.0000E+99
  3.2479E+00  1.0000E+99
  3.2503E+00  1.0000E+99
  3.2528E+00  1.0000E+99
  3.2552E+00  1.0000E+99
  3.2576E+00  1.0000E+99
  3.2600E+00  1.0000E+99
  3.2624E+00  1.0000E+99
  3.2648E+00  1.0000E+99
  3.2673E+00  1.0000E+99
  3.2697E+00  1.0000E+99
  3.2721E+00  1.0000E+99
  3.2745E+00  1.0000E+99
  3.2769E+00  1.0000E+99
  3.2793E+00  1.0000E+99
  3.2818E+00  1.0000E+99
  3.2842E+00  1.0000E+99
  3.2866E+00  1.0000E+99
  3.2890E+00  1.0000E+99
  3.2914E+00  1.0000E+99
  3.2938E+00  1.0000E+99
  3.2963E+00  1.0000E+99
  3.2987E+00  1.0000E+99
  3.3011E+00  1.0000E+99
  3.3035E+00  1.0000E+99
  3.3059E+00  1.0000E+99
  3.3083E+00  1.0000E+99
  3.3108E+00  1.0000E+99
  3.3132E+00  1.0000E+99
  3.3156E+00  1.0000E+99
  3.3180E+00  1.0000E+99
  3.3204E+00  1.0000E+99
  3.3228E+00  1.0000E+99
  3.3253E+00  1.0000E+99
  3.3277E+00  1.0000E+99
  3.3301E+00  1.0000E+99
  3.3325E+00  1.0000E+99
  3.3349E+00  1.0000E+99
  3.3373E+00  1.0000E+99
  3.3398E+00  1.0000E+99
  3.3422E+00  1.0000E+99
  3.3446E+00  1.0000E+99
  3.3470E+00  1.0000E+99
  3.3494E+00  1.0000E+99
  3.3518E+00  1.0000E+99
  3.3543E+00  1.0000E+99
  3.3567E+00  1.0000E+99
  3.3591E+00  1.0000E+99
  3.3615E+00  1.0000E+99
  3.3639E+00  1.0000E+99
  3.3663E+00  1.0000E+99
  3.3688E+00  1.0000E+99
  3.3712E+00  1.0000E+99
  3.3736E+00  1.0000E+99
  3.3760E+00  1.0000E+99
  3.3784E+00  1.0000E+99
  3.3808E+00  1.0000E+99
  3.3833E+00  1.0000E+99
  3.3857E+00  1.0000E+99
  3.3881E+00  1.0000E+99
  3.3905E+00  1.0000E+99
  3.3929E+00  1.0000E+99
  3.3953E+00  1.0000E+99
  3.3978E+00  1.0000E+99
  3.4002E+00  1.0000E+99
  3.4026E+00  1.0000E+99
  3.4050E+00  1.0000E+99
  3.4074E+00  1.0000E+99
  3.4098E+00  1.0000E+99
  3.4123E+00  1.0000E+99
  3.4147E+00  1.0000E+99
  3.4171E+00  1.0000E+99
  3.4195E+00  1.0000E+99
  3.4219E+00  1.0000E+99
  3.4243E+00  1.0000E+99
  3.4268E+00  1.0000E+99
  3.4292E+00  1.0000E+99
  3.4316E+00  1.0000E+99
  3.4340E+00  1.0000E+99
  3.4364E+00  1.0000E+99
  3.4388E+00  1.0000E+99
  3.4413E+00  1.0000E+99
  3.4437E+00  1.0000E+99
  3.4461E+00  1.0000E+99
  3.4485E+00  1.0000E+99
  3.4509E+00  1.0000E+99
  3.4533E+00  1.0000E+99
  3.4558E+00  1.0000E+99
  3.4582E+00  1.0000E+99
  3.4606E+00  1.0000E+99
  3.4630E+00  1.0000E+99
  3.4654E+00  1.0000E+99
  3.4678E+00  1.0000E+99
  3.4703E+00  1.0000E+99
  3.4727E+00  1.0000E+99
  3.4751E+00  1.0000E+99
  3.4775E+00  1.0000E+99
  3.4799E+00  1.0000E+99
  3.4823E+00  1.0000E+99
  3.4848E+00  1.0000E+99
  3.4872E+00  1.0000E+99
  3.4896E+00  1.0000E+99
  3.4920E+00  1.0000E+99
  3.4944E+00  1.0000E+99
  3.4968E+00  1.0000E+99
  3.4993E+00  1.0000E+99
  3.5017E+00  1.0000E+99
  3.5041E+00  1.0000E+99
  3.5065E+00  1.0000E+99
  3.5089E+00  1.0000E+99
  3.5113E+00  1.0000E+99
  3.5138E+00  1.0000E+99
  3.5162E+00  1.0000E+99
  3.5186E+00  1.0000E+99
  3.5210E+00  1.0000E+99
  3.5234E+00  1.0000E+99
  3.5258E+00  1.0000E+99
  3.5283E+00  1.0000E+99
  3.5307E+00  1.0000E+99
  3.5331E+00  1.0000E+99
  3.5355E+00  1.0000E+99
  3.5379E+00  1.0000E+99
  3.5403E+00  1.0000E+99
  3.5427E+00  1.0000E+99
  3.5452E+00  1.0000E+99
  3.5476E+00  1.0000E+99
  3.5500E+00  1.0000E+99
  3.5524E+00  1.0000E+99
  3.5548E+00  1.0000E+99
  3.5572E+00  1.0000E+99
  3.5597E+00  1.0000E+99
  3.5621E+00  1.0000E+99
  3.5645E+00  1.0000E+99
  3.5669E+00  1.0000E+99
  3.5693E+00  1.0000E+99
  3.5717E+00  1.0000E+99
  3.5742E+00  1.0000E+99
  3.5766E+00  1.0000E+99
  3.5790E+00  1.0000E+99
  3.5814E+00  1.0000E+99
  3.5838E+00  1.0000E+99
  3.5862E+00  1.0000E+99
  3.5887E+00  1.0000E+99
  3.5911E+00  1.0000E+99
  3.5935E+00  1.0000E+99
  3.5959E+00  1.0000E+99
  3.5983E+00  1.0000E+99
  3.6007E+00  1.0000E+99
  3.6032E+00  1.0000E+99
  3.6056E+00  1.0000E+99
  3.6080E+00  1.0000E+99
  3.6104E+00  1.0000E+99
  3.6128E+00  1.0000E+99
  3.6152E+00  1.0000E+99
  3.6177E+00  1.0000E+99
  3.6201E+00  1.0000E+99
  3.6225E+00  1.0000E+99
  3.6249E+00  1.0000E+99
  3.6273E+00  1.0000E+99
  3.6297E+00  1.0000E+99
  3.6322E+00  1.0000E+99
  3.6346E+00  1.0000E+99
  3.6370E+00  1.0000E+99
  3.6394E+00  1.0000E+99
  3.6418E+00  1.0000E+99
  3.6442E+00  1.0000E+99
  3.6467E+00  1.0000E+99
  3.6491E+00  1.0000E+99
  3.6515E+00  1.0000E+99
  3.6539E+00  1.0000E+99
  3.6563E+00  1.0000E+99
  3.6587E+00  1.0000E+99
  3.6612E+00  1.0000E+99
  3.6636E+00  1.0000E+99
  3.6660E+00  1.0000E+99
  3.6684E+00  1.0000E+99
  3.6708E+00  1.0000E+99
  3.6732E+00  1.0000E+99
  3.6757E+00  1.0000E+99
  3.6781E+00  1.0000E+99
  3.6805E+00  1.0000E+99
  3.6829E+00  1.0000E+99
  3.6853E+00  1.0000E+99
  3.6877E+00  1.0000E+99
  3.6902E+00  1.0000E+99
  3.6926E+00  1.0000E+99
  3.6950E+00  1.0000E+99
  3.6974E+00  1.0000E+99
  3.6998E+00  1.0000E+99
  3.7022E+00  1.0000E+99
  3.7047E+00  1.0000E+99
  3.7071E+00  1.0000E+99
  3.7095E+00  1.0000E+99
  3.7119E+00  1.0000E+99
  3.7143E+00  1.0000E+99
  3.7167E+00  1.0000E+99
  3.7192E+00  1.0000E+99
  3.7216E+00  1.0000E+99
  3.7240E+00  1.0000E+99
  3.7264E+00  1.0000E+99
  3.7288E+00  1.3484E+00
  3.7312E+00  1.2925E+00
  3.7337E+00  1.2244E+00
  3.7361E+00  1.1201E+00
  3.7385E+00  1.0960E+00
  3.7409E+00  1.1106E+00
  3.7433E+00  1.1006E+00
  3.7457E+00  1.0840E+00
  3.7482E+00  1.0641E+00
  3.7506E+00  1.0422E+00
  3.7530E+00  1.0190E+00
  3.7554E+00  9.9490E-01
  3.7578E+00  9.7000E-01
  3.7602E+00  9.4958E-01
  3.7627E+00  9.2732E-01
  3.7651E+00  8.9944E-01
  3.7675E+00  8.7226E-01
  3.7699E+00  8.5376E-01
  3.7723E+00  8.3503E-01
  3.7747E+00  8.1576E-01
  3.7772E+00  7.9530E-01
  3.7796E+00  7.6970E-01
  3.7820E+00  7.5106E-01
  3.7844E+00  7.3777E-01
  3.7868E+00  7.2459E-01
  3.7892E+00  6.8570E-01
  3.7917E+00  6.7151E-01
  3.7941E+00  6.5649E-01
  3.7965E+00  6.3865E-01
  3.7989E+00  6.1900E-01
  3.8013E+00  6.1177E-01
  3.8037E+00  6.0480E-01
  3.8062E+00  5.9801E-01
  3.8086E+00  5.9135E-01
  3.8110E+00  5.8475E-01
  3.8134E+00  5.9584E-01
  3.8158E+00  5.9730E-01
  3.8182E+00  5.9621E-01
  3.8207E+00  5.9371E-01
  3.8231E+00  5.9017E-01
  3.8255E+00  5.8577E-01
  3.8279E+00  5.8102E-01
  3.8303E+00  5.8115E-01
  3.8327E+00  5.7753E-01
  3.8352E+00  5.8326E-01
  3.8376E+00  5.8392E-01
  3.8400E+00  5.8102E-01
  3.8424E+00  5.8234E-01
  3.8448E+00  5.8214E-01
  3.8472E+00  5.7763E-01
  3.8497E+00  5.7048E-01
  3.8521E+00  5.6098E-01
  3.8545E+00  5.4900E-01
  3.8569E+00  5.3392E-01
  3.8593E+00  5.2815E-01
  3.8617E+00  5.1171E-01
  3.8642E+00  5.0853E-01
  3.8666E+00  5.0167E-01
  3.8690E+00  4.8998E-01
  3.8714E+00  4.8198E-01
  3.8738E+00  4.9136E-01
  3.8762E+00  4.9420E-01
  3.8787E+00  4.8797E-01
  3.8811E+00  4.7368E-01
  3.8835E+00  4.5062E-01
  3.8859E+00  4.4599E-01
  3.8883E+00  4.3920E-01
  3.8907E+00  4.3018E-01
  3.8932E+00  4.1860E-01
  3.8956E+00  4.0892E-01
  3.8980E+00  3.8949E-01
  3.9004E+00  3.8365E-01
  3.9028E+00  3.7479E-01
  3.9052E+00  3.6291E-01
  3.9077E+00  3.6958E-01
  3.9101E+00  3.7186E-01
  3.9125E+00  3.5379E-01
  3.9149E+00  3.5547E-01
  3.9173E+00  3.5230E-01
  3.9197E+00  3.4078E-01
  3.9222E+00  3.2466E-01
  3.9246E+00  3.2695E-01
  3.9270E+00  3.2797E-01
  3.9294E+00  3.2784E-01
  3.9318E+00  3.2661E-01
  3.9342E+00  3.2431E-01
  3.9367E+00  3.2095E-01
  3.9391E+00  3.1648E-01
  3.9415E+00  3.1077E-01
  3.9439E+00  3.0358E-01
  3.9463E+00  2.9419E-01
  3.9487E+00  2.7829E-01
  3.9512E+00  2.0226E-01
  3.9536E+00  1.9852E-01
  3.9560E+00  1.9423E-01
  3.9584E+00  1.8934E-01
  3.9608E+00  1.8374E-01
  3.9632E+00  1.7724E-01
  3.9657E+00  1.6938E-01
  3.9681E+00  1.5681E-01
  3.9705E+00  1.4807E-01
  3.9729E+00  1.4405E-01
  3.9753E+00  1.3966E-01
  3.9777E+00  1.3486E-01
  3.9802E+00  1.2961E-01
  3.9826E+00  1.2383E-01
  3.9850E+00  1.1741E-01
  3.9874E+00  1.2230E-01
  3.9898E+00  1.3556E-01
  3.9922E+00  1.3517E-01
  3.9947E+00  1.3236E-01
  3.9971E+00  1.3229E-01
  3.9995E+00  1.2968E-01
  4.0019E+00  1.2344E-01
  4.0043E+00  1.1096E-01
  4.0067E+00  1.1159E-01
  4.0092E+00  1.1149E-01
  4.0116E+00  1.1067E-01
  4.0140E+00  1.0914E-01
  4.0164E+00  1.0681E-01
  4.0188E+00  1.0351E-01
  4.0212E+00  9.8652E-02
  4.0237E+00  8.8308E-02
  4.0261E+00  8.7323E-02
  4.0285E+00  8.5983E-02
  4.0309E+00  8.4278E-02
  4.0333E+00  8.5305E-02
  4.0357E+00  8.5173E-02
  4.0382E+00  8.3728E-02
  4.0406E+00  8.1335E-02
  4.0430E+00  7.7907E-02
  4.0454E+00  7.2938E-02
  4.0478E+00  6.4751E-02
  4.0502E+00  6.0904E-02
  4.0527E+00  6.1376E-02
  4.0551E+00  6.1557E-02
  4.0575E+00  6.1512E-02
  4.0599E+00  6.1271E-02
  4.0623E+00  6.0850E-02
  4.0647E+00  6.0256E-02
  4.0672E+00  3.0535E-02
  4.0696E+00  3.1104E-02
  4.0720E+00  4.1458E-02
  4.0744E+00  4.9554E-02
  4.0768E+00  5.4712E-02
  4.0792E+00  5.8610E-02
  4.0817E+00  6.1723E-02
  4.0841E+00  6.4272E-02
  4.0865E+00  6.6382E-02
  4.0889E+00  6.8133E-02
  4.0913E+00  7.1446E-02
  4.0937E+00  8.3566E-02
  4.0962E+00  8.9330E-02
  4.0986E+00  9.3513E-02
  4.1010E+00  9.6749E-02
  4.1034E+00  9.9301E-02
  4.1058E+00  1.0131E-01
  4.1082E+00  1.0287E-01
  4.1107E+00  1.0404E-01
  4.1131E+00  1.1295E-01
  4.1155E+00  1.2288E-01
  4.1179E+00  1.2843E-01
  4.1203E+00  1.3222E-01
  4.1227E+00  1.3486E-01
  4.1252E+00  1.3664E-01
  4.1276E+00  1.3770E-01
  4.1300E+00  1.3813E-01
  4.1324E+00  1.3801E-01
  4.1348E+00  1.3735E-01
  4.1372E+00  1.3619E-01
  4.1397E+00  1.3451E-01
  4.1421E+00  1.4224E-01
  4.1445E+00  1.5037E-01
  4.1469E+00  1.3498E-01
  4.1493E+00  1.3859E-01
  4.1517E+00  1.4093E-01
  4.1542E+00  1.6059E-01
  4.1566E+00  1.6952E-01
  4.1590E+00  1.7504E-01
  4.1614E+00  1.7854E-01
  4.1638E+00  1.8053E-01
  4.1662E+00  1.8128E-01
  4.1687E+00  1.8094E-01
  4.1711E+00  1.7958E-01
  4.1735E+00  1.7725E-01
  4.1759E+00  1.7394E-01
  4.1783E+00  1.6956E-01
  4.1807E+00  1.6396E-01
  4.1832E+00  1.5675E-01
  4.1856E+00  1.4670E-01
  4.1880E+00  1.3203E-01
  4.1904E+00  1.2253E-01
  4.1928E+00  1.2013E-01
  4.1952E+00  1.1732E-01
  4.1977E+00  1.1410E-01
  4.2001E+00  1.1043E-01
  4.2025E+00  1.1249E-01
  4.2049E+00  1.1864E-01
  4.2073E+00  1.1873E-01
  4.2097E+00  1.2869E-01
  4.2122E+00  1.3700E-01
  4.2146E+00  1.4364E-01
  4.2170E+00  1.3959E-01
  4.2194E+00  1.4232E-01
  4.2218E+00  1.4632E-01
  4.2242E+00  1.3961E-01
  4.2267E+00  1.5570E-01
  4.2291E+00  1.6277E-01
  4.2315E+00  1.6703E-01
  4.2339E+00  1.6924E-01
  4.2363E+00  1.6971E-01
  4.2387E+00  1.6941E-01
  4.2412E+00  1.6706E-01
  4.2436E+00  1.6296E-01
  4.2460E+00  1.5681E-01
  4.2484E+00  1.4738E-01
  4.2508E+00  1.3361E-01
  4.2532E+00  1.2846E-01
  4.2556E+00  1.2174E-01
  4.2581E+00  9.1621E-02
  4.2605E+00  7.9632E-02
  4.2629E+00  7.2617E-02
  4.2653E+00  7.0684E-02
  4.2677E+00  6.8410E-02
  4.2701E+00  6.5735E-02
  4.2726E+00  6.2554E-02
  4.2750E+00  5.8648E-02
  4.2774E+00  7.0318E-02
  4.2798E+00  6.8216E-02
  4.2822E+00  7.1917E-02
  4.2846E+00  7.4210E-02
  4.2871E+00  7.5490E-02
  4.2895E+00  7.5932E-02
  4.2919E+00  7.5600E-02
  4.2943E+00  7.4467E-02
  4.2967E+00  7.2344E-02
  4.2991E+00  6.8427E-02
  4.3016E+00  6.2475E-02
  4.3040E+00  8.1721E-02
  4.3064E+00  9.3208E-02
  4.3088E+00  9.9905E-02
  4.3112E+00  1.0422E-01
  4.3136E+00  1.0689E-01
  4.3161E+00  1.0827E-01
  4.3185E+00  1.0855E-01
  4.3209E+00  1.0781E-01
  4.3233E+00  1.0610E-01
  4.3257E+00  1.0898E-01
  4.3281E+00  1.1770E-01
  4.3306E+00  1.3044E-01
  4.3330E+00  1.2552E-01
  4.3354E+00  1.2799E-01
  4.3378E+00  1.2759E-01
  4.3402E+00  1.2327E-01
  4.3426E+00  1.1587E-01
  4.3451E+00  1.3923E-01
  4.3475E+00  1.1948E-01
  4.3499E+00  1.2779E-01
  4.3523E+00  1.3288E-01
  4.3547E+00  1.3576E-01
  4.3571E+00  1.3686E-01
  4.3596E+00  1.3639E-01
  4.3620E+00  1.3440E-01
  4.3644E+00  1.3073E-01
  4.3668E+00  1.2479E-01
  4.3692E+00  1.1186E-01
  4.3716E+00  1.0919E-01
  4.3741E+00  1.0556E-01
  4.3765E+00  1.0083E-01
  4.3789E+00  9.4620E-02
  4.3813E+00  8.5534E-02
  4.3837E+00  7.4974E-02
  4.3861E+00  7.0699E-02
  4.3886E+00  6.5432E-02
  4.3910E+00  5.8590E-02
  4.3934E+00  4.6143E-02
  4.3958E+00  4.0818E-02
  4.3982E+00  3.7341E-02
  4.4006E+00  3.3105E-02
  4.4031E+00  2.7533E-02
  4.4055E+00  2.0343E-02
  4.4079E+00  1.7123E-02
  4.4103E+00  2.9516E-02
  4.4127E+00  3.4349E-02
  4.4151E+00  3.7477E-02
  4.4176E+00  3.9398E-02
  4.4200E+00  4.0739E-02
  4.4224E+00  4.2263E-02
  4.4248E+00  4.3371E-02
  4.4272E+00  4.4123E-02
  4.4296E+00  4.5342E-02
  4.4321E+00  4.7447E-02
  4.4345E+00  4.8215E-02
  4.4369E+00  4.8407E-02
  4.4393E+00  5.1703E-02
  4.4417E+00  5.2994E-02
  4.4441E+00  5.3292E-02
  4.4466E+00  5.2912E-02
  4.4490E+00  5.1931E-02
  4.4514E+00  5.0344E-02
  4.4538E+00  5.8630E-02
  4.4562E+00  6.4517E-02
  4.4586E+00  6.5109E-02
  4.4611E+00  5.9291E-02
  4.4635E+00  6.0403E-02
  4.4659E+00  6.0562E-02
  4.4683E+00  6.1982E-02
  4.4707E+00  6.2865E-02
  4.4731E+00  6.9843E-02
  4.4756E+00  8.2368E-02
  4.4780E+00  9.3014E-02
  4.4804E+00  9.8894E-02
  4.4828E+00  1.0244E-01
  4.4852E+00  1.0415E-01
  4.4876E+00  1.0313E-01
  4.4901E+00  1.0408E-01
  4.4925E+00  1.0417E-01
  4.4949E+00  1.0342E-01
  4.4973E+00  1.0186E-01
  4.4997E+00  1.0982E-01
  4.5021E+00  1.1755E-01
  4.5046E+00  1.1911E-01
  4.5070E+00  1.1654E-01
  4.5094E+00  1.0763E-01
  4.5118E+00  1.0881E-01
  4.5142E+00  1.0905E-01
  4.5166E+00  1.1300E-01
  4.5191E+00  1.2273E-01
  4.5215E+00  1.2813E-01
  4.5239E+00  1.2970E-01
  4.5263E+00  1.2888E-01
  4.5287E+00  1.2600E-01
  4.5311E+00  1.2085E-01
  4.5336E+00  1.1214E-01
  4.5360E+00  1.0020E-01
  4.5384E+00  9.6369E-02
  4.5408E+00  9.1513E-02
  4.5432E+00  8.8370E-02
  4.5456E+00  7.9669E-02
  4.5481E+00  6.9888E-02
  4.5505E+00  6.3290E-02
  4.5529E+00  5.8174E-02
  4.5553E+00  4.9475E-02
  4.5577E+00  4.0385E-02
  4.5601E+00  3.7310E-02
  4.5626E+00  3.7265E-02
  4.5650E+00  3.7054E-02
  4.5674E+00  4.2044E-02
  4.5698E+00  5.8574E-02
  4.5722E+00  7.0631E-02
  4.5746E+00  7.9116E-02
  4.5771E+00  8.4479E-02
  4.5795E+00  8.7958E-02
  4.5819E+00  8.9803E-02
  4.5843E+00  9.0169E-02
  4.5867E+00  9.0432E-02
  4.5891E+00  9.2332E-02
  4.5916E+00  9.3584E-02
  4.5940E+00  9.4261E-02
  4.5964E+00  9.4409E-02
  4.5988E+00  9.4054E-02
  4.6012E+00  9.3210E-02
  4.6036E+00  9.1874E-02
  4.6061E+00  9.0026E-02
  4.6085E+00  8.7614E-02
  4.6109E+00  8.5619E-02
  4.6133E+00  9.6646E-02
  4.6157E+00  9.8764E-02
  4.6181E+00  9.8166E-02
  4.6206E+00  9.3580E-02
  4.6230E+00  8.7525E-02
  4.6254E+00  7.6592E-02
  4.6278E+00  7.5357E-02
  4.6302E+00  7.2735E-02
  4.6326E+00  6.7377E-02
  4.6351E+00  6.6717E-02
  4.6375E+00  7.0941E-02
  4.6399E+00  7.2250E-02
  4.6423E+00  7.8877E-02
  4.6447E+00  8.8083E-02
  4.6471E+00  9.2293E-02
  4.6496E+00  9.5563E-02
  4.6520E+00  1.0055E-01
  4.6544E+00  1.0525E-01
  4.6568E+00  1.0620E-01
  4.6592E+00  1.0491E-01
  4.6616E+00  1.1187E-01
  4.6641E+00  1.2331E-01
  4.6665E+00  1.2288E-01
  4.6689E+00  1.1774E-01
  4.6713E+00  1.2097E-01
  4.6737E+00  1.3493E-01
  4.6761E+00  1.4016E-01
  4.6786E+00  1.3939E-01
  4.6810E+00  1.3297E-01
  4.6834E+00  1.3369E-01
  4.6858E+00  1.3250E-01
  4.6882E+00  1.3985E-01
  4.6906E+00  1.3724E-01
  4.6931E+00  1.3134E-01
  4.6955E+00  1.3103E-01
  4.6979E+00  1.2931E-01
  4.7003E+00  1.2623E-01
  4.7027E+00  1.2171E-01
  4.7051E+00  1.1550E-01
  4.7076E+00  1.1435E-01
  4.7100E+00  1.0302E-01
  4.7124E+00  9.7513E-02
  4.7148E+00  9.1308E-02
  4.7172E+00  7.8108E-02
  4.7196E+00  7.2022E-02
  4.7221E+00  7.1828E-02
  4.7245E+00  7.1105E-02
  4.7269E+00  6.9709E-02
  4.7293E+00  6.8461E-02
  4.7317E+00  6.6784E-02
  4.7341E+00  6.4642E-02
  4.7366E+00  6.1960E-02
  4.7390E+00  5.8580E-02
  4.7414E+00  5.5159E-02
  4.7438E+00  4.7596E-02
  4.7462E+00  4.7416E-02
  4.7486E+00  5.7214E-02
  4.7511E+00  7.0053E-02
  4.7535E+00  7.8203E-02
  4.7559E+00  8.1821E-02
  4.7583E+00  9.1258E-02
  4.7607E+00  9.8685E-02
  4.7631E+00  9.8719E-02
  4.7656E+00  1.0860E-01
  4.7680E+00  1.1540E-01
  4.7704E+00  1.1933E-01
  4.7728E+00  1.2136E-01
  4.7752E+00  1.2176E-01
  4.7776E+00  1.2060E-01
  4.7801E+00  1.1769E-01
  4.7825E+00  1.1818E-01
  4.7849E+00  1.1584E-01
  4.7873E+00  1.2466E-01
  4.7897E+00  1.3171E-01
  4.7921E+00  1.3372E-01
  4.7946E+00  1.3280E-01
  4.7970E+00  1.2929E-01
  4.7994E+00  1.2304E-01
  4.8018E+00  1.1494E-01
  4.8042E+00  1.0260E-01
  4.8066E+00  8.2336E-02
  4.8091E+00  6.4143E-02
  4.8115E+00  6.1586E-02
  4.8139E+00  5.8265E-02
  4.8163E+00  5.3859E-02
  4.8187E+00  5.5019E-02
  4.8211E+00  5.1779E-02
  4.8236E+00  5.4830E-02
  4.8260E+00  5.6551E-02
  4.8284E+00  5.7376E-02
  4.8308E+00  5.7465E-02
  4.8332E+00  5.6853E-02
  4.8356E+00  5.5440E-02
  4.8381E+00  5.2689E-02
  4.8405E+00  4.8418E-02
  4.8429E+00  4.8163E-02
  4.8453E+00  4.7631E-02
  4.8477E+00  4.6797E-02
  4.8501E+00  4.5549E-02
  4.8526E+00  4.3686E-02
  4.8550E+00  4.2745E-02
  4.8574E+00  4.7713E-02
  4.8598E+00  5.5989E-02
  4.8622E+00  5.9532E-02
  4.8646E+00  6.1343E-02
  4.8671E+00  6.1983E-02
  4.8695E+00  6.1625E-02
  4.8719E+00  6.0242E-02
  4.8743E+00  5.7517E-02
  4.8767E+00  5.1560E-02
  4.8791E+00  4.7437E-02
  4.8816E+00  5.7595E-02
  4.8840E+00  6.5096E-02
  4.8864E+00  6.9119E-02
  4.8888E+00  7.1469E-02
  4.8912E+00  7.2646E-02
  4.8936E+00  7.2854E-02
  4.8961E+00  7.2100E-02
  4.8985E+00  7.0645E-02
  4.9009E+00  6.8937E-02
  4.9033E+00  6.6511E-02
  4.9057E+00  6.3313E-02
  4.9081E+00  5.9233E-02
  4.9106E+00  5.4054E-02
  4.9130E+00  4.7325E-02
  4.9154E+00  3.7800E-02
  4.9178E+00  1.9420E-02
  4.9202E+00  1.4141E-02
  4.9226E+00  1.4010E-02
  4.9251E+00  1.5061E-02
  4.9275E+00  1.7050E-02
  4.9299E+00  1.8038E-02
  4.9323E+00  1.8707E-02
  4.9347E+00  1.9188E-02
  4.9371E+00  1.9531E-02
  4.9396E+00  1.9763E-02
  4.9420E+00  1.9896E-02
  4.9444E+00  1.9934E-02
  4.9468E+00  2.3095E-02
  4.9492E+00  2.9743E-02
  4.9516E+00  3.2227E-02
  4.9540E+00  3.3989E-02
  4.9565E+00  3.6506E-02
  4.9589E+00  3.7714E-02
  4.9613E+00  3.8234E-02
  4.9637E+00  3.8190E-02
  4.9661E+00  3.7614E-02
  4.9685E+00  3.6479E-02
  4.9710E+00  3.4685E-02
  4.9734E+00  3.1952E-02
  4.9758E+00  2.7889E-02
  4.9782E+00  2.4979E-02
  4.9806E+00  2.5970E-02
  4.9830E+00  2.6554E-02
  4.9855E+00  5.0139E-02
  4.9879E+00  6.3337E-02
  4.9903E+00  7.1108E-02
  4.9927E+00  7.8592E-02
  4.9951E+00  8.5386E-02
  4.9975E+00  8.8240E-02
  5.0000E+00  9.1244E-02
  5.0024E+00  9.2633E-02
  5.0048E+00  9.1999E-02
  5.0072E+00  8.9068E-02
  5.0096E+00  8.9949E-02
  5.0120E+00  9.0280E-02
  5.0145E+00  9.0092E-02
  5.0169E+00  8.9403E-02
  5.0193E+00  8.8214E-02
  5.0217E+00  8.6514E-02
  5.0241E+00  8.4268E-02
  5.0265E+00  8.1412E-02
  5.0290E+00  7.7819E-02
  5.0314E+00  7.6469E-02
  5.0338E+00  8.5272E-02
  5.0362E+00  8.2839E-02
  5.0386E+00  8.8838E-02
  5.0410E+00  9.2264E-02
  5.0435E+00  9.9877E-02
  5.0459E+00  1.0684E-01
  5.0483E+00  1.0994E-01
  5.0507E+00  1.1089E-01
  5.0531E+00  1.0992E-01
  5.0555E+00  1.0643E-01
  5.0580E+00  9.9158E-02
  5.0604E+00  1.0815E-01
  5.0628E+00  1.1053E-01
  5.0652E+00  1.1292E-01
  5.0676E+00  1.1223E-01
  5.0700E+00  1.1261E-01
  5.0725E+00  1.1172E-01
  5.0749E+00  1.0925E-01
  5.0773E+00  1.0491E-01
  5.0797E+00  1.0328E-01
  5.0821E+00  1.0089E-01
  5.0845E+00  9.7680E-02
  5.0870E+00  9.4064E-02
  5.0894E+00  8.9001E-02
  5.0918E+00  8.6047E-02
  5.0942E+00  7.5977E-02
  5.0966E+00  7.0847E-02
  5.0990E+00  6.5480E-02
  5.1015E+00  6.5678E-02
  5.1039E+00  7.4466E-02
  5.1063E+00  8.0168E-02
  5.1087E+00  8.1719E-02
  5.1111E+00  8.0311E-02
  5.1135E+00  7.2540E-02
  5.1160E+00  7.3941E-02
  5.1184E+00  7.4663E-02
  5.1208E+00  7.4777E-02
  5.1232E+00  7.4320E-02
  5.1256E+00  7.3294E-02
  5.1280E+00  7.1653E-02
  5.1305E+00  6.9243E-02
  5.1329E+00  6.5216E-02
  5.1353E+00  6.1932E-02
  5.1377E+00  5.9583E-02
  5.1401E+00  5.6381E-02
  5.1425E+00  5.1729E-02
  5.1450E+00  4.9379E-02
  5.1474E+00  4.6492E-02
  5.1498E+00  4.2871E-02
  5.1522E+00  3.9245E-02
  5.1546E+00  3.1837E-02
  5.1570E+00  2.8987E-02
  5.1595E+00  3.3146E-02
  5.1619E+00  5.0279E-02
  5.1643E+00  7.1006E-02
  5.1667E+00  8.1271E-02
  5.1691E+00  8.8159E-02
  5.1715E+00  9.2863E-02
  5.1740E+00  9.5786E-02
  5.1764E+00  9.6744E-02
  5.1788E+00  9.7920E-02
  5.1812E+00  9.8020E-02
  5.1836E+00  9.6695E-02
  5.1860E+00  9.5182E-02
  5.1885E+00  9.2010E-02
  5.1909E+00  9.0880E-02
  5.1933E+00  8.9093E-02
  5.1957E+00  8.6376E-02
  5.1981E+00  8.3576E-02
  5.2005E+00  8.0059E-02
  5.2030E+00  7.5692E-02
  5.2054E+00  7.0218E-02
  5.2078E+00  6.3010E-02
  5.2102E+00  5.0159E-02
  5.2126E+00  4.3465E-02
  5.2150E+00  3.8414E-02
  5.2175E+00  2.7917E-02
  5.2199E+00  2.7338E-02
  5.2223E+00  2.6685E-02
  5.2247E+00  2.5953E-02
  5.2271E+00  2.5133E-02
  5.2295E+00  2.4213E-02
  5.2320E+00  2.3173E-02
  5.2344E+00  2.6376E-02
  5.2368E+00  2.9502E-02
  5.2392E+00  3.0257E-02
  5.2416E+00  2.9597E-02
  5.2440E+00  2.6233E-02
  5.2465E+00  2.6744E-02
  5.2489E+00  2.6929E-02
  5.2513E+00  2.9087E-02
  5.2537E+00  3.0082E-02
  5.2561E+00  3.0371E-02
  5.2585E+00  3.0188E-02
  5.2610E+00  2.9588E-02
  5.2634E+00  4.1297E-02
  5.2658E+00  5.1452E-02
  5.2682E+00  5.5722E-02
  5.2706E+00  5.6611E-02
  5.2730E+00  5.4332E-02
  5.2755E+00  5.6193E-02
  5.2779E+00  6.2016E-02
  5.2803E+00  6.5708E-02
  5.2827E+00  6.6813E-02
  5.2851E+00  6.8035E-02
  5.2875E+00  6.8304E-02
  5.2900E+00  6.7666E-02
  5.2924E+00  6.6050E-02
  5.2948E+00  6.3171E-02
  5.2972E+00  5.7710E-02
  5.2996E+00  5.6642E-02
  5.3020E+00  5.7857E-02
  5.3045E+00  5.8143E-02
  5.3069E+00  5.7675E-02
  5.3093E+00  5.5842E-02
  5.3117E+00  5.4911E-02
  5.3141E+00  5.3354E-02
  5.3165E+00  5.0912E-02
  5.3190E+00  4.6486E-02
  5.3214E+00  4.1673E-02
  5.3238E+00  4.1789E-02
  5.3262E+00  4.1916E-02
  5.3286E+00  4.2495E-02
  5.3310E+00  4.2582E-02
  5.3335E+00  4.6399E-02
  5.3359E+00  4.7769E-02
  5.3383E+00  5.4862E-02
  5.3407E+00  6.0608E-02
  5.3431E+00  6.7318E-02
  5.3455E+00  7.3282E-02
  5.3480E+00  7.6623E-02
  5.3504E+00  8.3535E-02
  5.3528E+00  9.1593E-02
  5.3552E+00  9.5344E-02
  5.3576E+00  9.6740E-02
  5.3600E+00  9.6553E-02
  5.3625E+00  9.7531E-02
  5.3649E+00  9.8343E-02
  5.3673E+00  1.0667E-01
  5.3697E+00  1.0988E-01
  5.3721E+00  1.1694E-01
  5.3745E+00  1.2611E-01
  5.3770E+00  1.3752E-01
  5.3794E+00  1.4173E-01
  5.3818E+00  1.4252E-01
  5.3842E+00  1.4054E-01
  5.3866E+00  1.3607E-01
  5.3890E+00  1.2310E-01
  5.3915E+00  1.1550E-01
  5.3939E+00  1.1152E-01
  5.3963E+00  1.0560E-01
  5.3987E+00  1.0112E-01
  5.4011E+00  9.4905E-02
  5.4035E+00  9.4340E-02
  5.4060E+00  8.5610E-02
  5.4084E+00  8.1693E-02
  5.4108E+00  7.6529E-02
  5.4132E+00  7.5580E-02
  5.4156E+00  7.3819E-02
  5.4180E+00  7.1181E-02
  5.4205E+00  6.6736E-02
  5.4229E+00  6.3541E-02
  5.4253E+00  5.9490E-02
  5.4277E+00  5.4282E-02
  5.4301E+00  4.6873E-02
  5.4325E+00  3.7932E-02
  5.4350E+00  3.2402E-02
  5.4374E+00  2.5011E-02
  5.4398E+00  2.2206E-02
  5.4422E+00  2.1766E-02
  5.4446E+00  1.8355E-02
  5.4470E+00  1.0859E-02
  5.4495E+00  1.1959E-02
  5.4519E+00  1.3439E-02
  5.4543E+00  1.5396E-02
  5.4567E+00  1.6923E-02
  5.4591E+00  1.7973E-02
  5.4615E+00  1.8759E-02
  5.4640E+00  1.9349E-02
  5.4664E+00  1.9775E-02
  5.4688E+00  2.0055E-02
  5.4712E+00  2.0197E-02
  5.4736E+00  2.0205E-02
  5.4760E+00  2.0069E-02
  5.4785E+00  1.9771E-02
  5.4809E+00  1.9730E-02
  5.4833E+00  2.5353E-02
  5.4857E+00  2.9524E-02
  5.4881E+00  3.4098E-02
  5.4905E+00  4.7782E-02
  5.4930E+00  5.4377E-02
  5.4954E+00  5.9018E-02
  5.4978E+00  6.2457E-02
  5.5002E+00  6.5014E-02
  5.5026E+00  6.9098E-02
  5.5050E+00  7.7705E-02
  5.5075E+00  8.1999E-02
  5.5099E+00  8.4604E-02
  5.5123E+00  8.6097E-02
  5.5147E+00  8.6701E-02
  5.5171E+00  8.6861E-02
  5.5195E+00  8.6911E-02
  5.5220E+00  8.7324E-02
  5.5244E+00  8.5973E-02
  5.5268E+00  8.3598E-02
  5.5292E+00  8.0224E-02
  5.5316E+00  7.5732E-02
  5.5340E+00  6.9822E-02
  5.5365E+00  6.1719E-02
  5.5389E+00  4.7694E-02
  5.5413E+00  3.8261E-02
  5.5437E+00  3.5827E-02
  5.5461E+00  3.7525E-02
  5.5485E+00  4.1990E-02
  5.5510E+00  4.5409E-02
  5.5534E+00  4.7887E-02
  5.5558E+00  4.9712E-02
  5.5582E+00  5.1002E-02
  5.5606E+00  5.1756E-02
  5.5630E+00  5.7474E-02
  5.5655E+00  6.0444E-02
  5.5679E+00  6.2441E-02
  5.5703E+00  6.6983E-02
  5.5727E+00  7.2303E-02
  5.5751E+00  7.5251E-02
  5.5775E+00  7.7179E-02
  5.5800E+00  7.8393E-02
  5.5824E+00  7.9200E-02
  5.5848E+00  7.9740E-02
  5.5872E+00  9.4252E-02
  5.5896E+00  9.9800E-02
  5.5920E+00  1.0267E-01
  5.5945E+00  1.0385E-01
  5.5969E+00  1.0362E-01
  5.5993E+00  1.0183E-01
  5.6017E+00  1.0048E-01
  5.6041E+00  9.9110E-02
  5.6065E+00  9.6386E-02
  5.6090E+00  9.1890E-02
  5.6114E+00  8.1613E-02
  5.6138E+00  7.8281E-02
  5.6162E+00  7.3453E-02
  5.6186E+00  7.1751E-02
  5.6210E+00  6.9570E-02
  5.6235E+00  6.6865E-02
  5.6259E+00  6.3552E-02
  5.6283E+00  5.9466E-02
  5.6307E+00  5.4243E-02
  5.6331E+00  4.6645E-02
  5.6355E+00  3.6717E-02
  5.6380E+00  3.5808E-02
  5.6404E+00  3.5037E-02
  5.6428E+00  3.3702E-02
  5.6452E+00  3.1838E-02
  5.6476E+00  2.8797E-02
  5.6500E+00  2.6586E-02
  5.6525E+00  2.3947E-02
  5.6549E+00  1.9049E-02
  5.6573E+00  1.8700E-02
  5.6597E+00  1.8262E-02
  5.6621E+00  1.7719E-02
  5.6645E+00  1.7038E-02
  5.6669E+00  1.6117E-02
  5.6694E+00  1.4669E-02
  5.6718E+00  1.4287E-02
  5.6742E+00  1.3841E-02
  5.6766E+00  1.4129E-02
  5.6790E+00  1.3963E-02
  5.6814E+00  1.3553E-02
  5.6839E+00  1.2900E-02
  5.6863E+00  1.1623E-02
  5.6887E+00  1.0973E-02
  5.6911E+00  1.0570E-02
  5.6935E+00  1.0012E-02
  5.6959E+00  9.1673E-03
  5.6984E+00  7.5021E-03
  5.7008E+00  7.4888E-03
  5.7032E+00  7.4446E-03
  5.7056E+00  9.4632E-03
  5.7080E+00  1.0015E-02
  5.7104E+00  1.0481E-02
  5.7129E+00  1.0384E-02
  5.7153E+00  9.6659E-03
  5.7177E+00  7.6655E-03
  5.7201E+00  6.9533E-03
  5.7225E+00  7.1070E-03
  5.7249E+00  1.1880E-02
  5.7274E+00  1.3773E-02
  5.7298E+00  1.5138E-02
  5.7322E+00  1.6209E-02
  5.7346E+00  1.7077E-02
  5.7370E+00  1.7791E-02
  5.7394E+00  1.8381E-02
  5.7419E+00  1.8865E-02
  5.7443E+00  1.9612E-02
  5.7467E+00  2.0804E-02
  5.7491E+00  2.1503E-02
  5.7515E+00  2.2020E-02
  5.7539E+00  2.2410E-02
  5.7564E+00  2.2697E-02
  5.7588E+00  2.2893E-02
  5.7612E+00  3.7981E-02
  5.7636E+00  4.6684E-02
  5.7660E+00  5.6371E-02
  5.7684E+00  6.2100E-02
  5.7709E+00  6.6089E-02
  5.7733E+00  6.9085E-02
  5.7757E+00  7.1549E-02
  5.7781E+00  7.3352E-02
  5.7805E+00  7.4589E-02
  5.7829E+00  7.5323E-02
  5.7854E+00  8.1021E-02
  5.7878E+00  8.3926E-02
  5.7902E+00  8.5401E-02
  5.7926E+00  8.5982E-02
  5.7950E+00  8.5832E-02
  5.7974E+00  8.5000E-02
  5.7999E+00  8.3450E-02
  5.8023E+00  8.0971E-02
  5.8047E+00  7.6335E-02
  5.8071E+00  7.4526E-02
  5.8095E+00  7.2160E-02
  5.8119E+00  6.9112E-02
  5.8144E+00  6.9052E-02
  5.8168E+00  6.8163E-02
  5.8192E+00  6.0780E-02
  5.8216E+00  6.2150E-02
  5.8240E+00  6.2918E-02
  5.8264E+00  6.3212E-02
  5.8289E+00  6.4502E-02
  5.8313E+00  6.5994E-02
  5.8337E+00  6.6220E-02
  5.8361E+00  6.5716E-02
  5.8385E+00  6.4481E-02
  5.8409E+00  6.3388E-02
  5.8434E+00  6.1727E-02
  5.8458E+00  6.4648E-02
  5.8482E+00  6.3767E-02
  5.8506E+00  6.5012E-02
  5.8530E+00  6.5803E-02
  5.8554E+00  6.6228E-02
  5.8579E+00  6.6333E-02
  5.8603E+00  6.6143E-02
  5.8627E+00  6.5671E-02
  5.8651E+00  6.4918E-02
  5.8675E+00  6.3872E-02
  5.8699E+00  6.2503E-02
  5.8724E+00  6.2822E-02
  5.8748E+00  6.1657E-02
  5.8772E+00  5.9037E-02
  5.8796E+00  5.5421E-02
  5.8820E+00  5.4838E-02
  5.8844E+00  5.4646E-02
  5.8869E+00  5.4760E-02
  5.8893E+00  5.3886E-02
  5.8917E+00  5.2279E-02
  5.8941E+00  5.8576E-02
  5.8965E+00  6.7100E-02
  5.8989E+00  7.3823E-02
  5.9014E+00  7.8374E-02
  5.9038E+00  8.7096E-02
  5.9062E+00  9.2650E-02
  5.9086E+00  9.6214E-02
  5.9110E+00  9.8543E-02
  5.9134E+00  9.9915E-02
  5.9159E+00  1.0047E-01
  5.9183E+00  1.0123E-01
  5.9207E+00  1.0107E-01
  5.9231E+00  9.9966E-02
  5.9255E+00  9.8003E-02
  5.9279E+00  9.4807E-02
  5.9304E+00  9.1338E-02
  5.9328E+00  8.6104E-02
  5.9352E+00  8.0252E-02
  5.9376E+00  7.6745E-02
  5.9400E+00  7.1789E-02
  5.9424E+00  6.6969E-02
  5.9449E+00  6.3653E-02
  5.9473E+00  5.9814E-02
  5.9497E+00  6.0826E-02
  5.9521E+00  5.7934E-02
  5.9545E+00  5.4989E-02
  5.9569E+00  4.9640E-02
  5.9594E+00  4.1619E-02
  5.9618E+00  4.0363E-02
  5.9642E+00  3.7257E-02
  5.9666E+00  3.5422E-02
  5.9690E+00  3.5870E-02
  5.9714E+00  3.6188E-02
  5.9739E+00  3.6367E-02
  5.9763E+00  3.6752E-02
  5.9787E+00  4.0460E-02
  5.9811E+00  4.2471E-02
  5.9835E+00  4.3926E-02
  5.9859E+00  4.5053E-02
  5.9884E+00  4.5944E-02
  5.9908E+00  4.6648E-02
  5.9932E+00  4.7713E-02
  5.9956E+00  4.9272E-02
  5.9980E+00  5.0159E-02
  6.0004E+00  5.0779E-02
  6.0029E+00  5.1210E-02
  6.0053E+00  5.1484E-02
  6.0077E+00  5.1622E-02
  6.0101E+00  5.1636E-02
  6.0125E+00  5.1535E-02
  6.0149E+00  5.1324E-02
  6.0174E+00  5.1005E-02
  6.0198E+00  5.0578E-02
  6.0222E+00  5.0043E-02
  6.0246E+00  4.9391E-02
  6.0270E+00  4.8608E-02
  6.0294E+00  5.5923E-02
  6.0319E+00  5.8416E-02
  6.0343E+00  6.1053E-02
  6.0367E+00  6.4366E-02
  6.0391E+00  6.6075E-02
  6.0415E+00  6.7021E-02
  6.0439E+00  6.7398E-02
  6.0464E+00  6.7290E-02
  6.0488E+00  6.6731E-02
  6.0512E+00  6.5712E-02
  6.0536E+00  6.4162E-02
  6.0560E+00  6.1817E-02
  6.0584E+00  6.4867E-02
  6.0609E+00  6.6509E-02
  6.0633E+00  6.6968E-02
  6.0657E+00  6.6551E-02
  6.0681E+00  6.4777E-02
  6.0705E+00  6.3795E-02
  6.0729E+00  6.2260E-02
  6.0754E+00  6.1009E-02
  6.0778E+00  5.8468E-02
  6.0802E+00  5.4622E-02
  6.0826E+00  4.4160E-02
  6.0850E+00  4.1011E-02
  6.0874E+00  4.0551E-02
  6.0899E+00  3.9904E-02
  6.0923E+00  3.9065E-02
  6.0947E+00  3.8023E-02
  6.0971E+00  3.6752E-02
  6.0995E+00  3.5212E-02
  6.1019E+00  3.3323E-02
  6.1044E+00  3.0921E-02
  6.1068E+00  2.7501E-02
  6.1092E+00  2.1678E-02
  6.1116E+00  2.0767E-02
  6.1140E+00  2.0511E-02
  6.1164E+00  2.0227E-02
  6.1189E+00  1.9915E-02
  6.1213E+00  1.9573E-02
  6.1237E+00  1.9200E-02
  6.1261E+00  1.8793E-02
  6.1285E+00  1.8349E-02
  6.1309E+00  1.7862E-02
  6.1334E+00  1.7326E-02
  6.1358E+00  1.6728E-02
  6.1382E+00  1.6043E-02
  6.1406E+00  1.5199E-02
  6.1430E+00  1.3949E-02
  6.1454E+00  1.3500E-02
  6.1479E+00  1.3010E-02
  6.1503E+00  1.2469E-02
  6.1527E+00  1.1867E-02
  6.1551E+00  1.1183E-02
  6.1575E+00  1.0383E-02
  6.1599E+00  9.3869E-03
  6.1624E+00  7.8875E-03
  6.1648E+00  6.2804E-03
  6.1672E+00  6.1543E-03
  6.1696E+00  6.0141E-03
  6.1720E+00  5.8567E-03
  6.1744E+00  1.0859E-02
  6.1769E+00  1.4633E-02
  6.1793E+00  1.6770E-02
  6.1817E+00  1.8113E-02
  6.1841E+00  1.9238E-02
  6.1865E+00  2.0469E-02
  6.1889E+00  2.1392E-02
  6.1914E+00  2.2085E-02
  6.1938E+00  2.2588E-02
  6.1962E+00  2.2927E-02
  6.1986E+00  2.4340E-02
  6.2010E+00  2.5100E-02
  6.2034E+00  2.5524E-02
  6.2059E+00  2.5732E-02
  6.2083E+00  2.5763E-02
  6.2107E+00  2.5637E-02
  6.2131E+00  2.5963E-02
  6.2155E+00  2.6174E-02
  6.2179E+00  2.6881E-02
  6.2204E+00  2.6840E-02
  6.2228E+00  2.6453E-02
  6.2252E+00  2.8947E-02
  6.2276E+00  2.9452E-02
  6.2300E+00  2.8912E-02
  6.2324E+00  2.6766E-02
  6.2349E+00  2.4367E-02
  6.2373E+00  2.7511E-02
  6.2397E+00  2.9428E-02
  6.2421E+00  3.0954E-02
  6.2445E+00  3.2249E-02
  6.2469E+00  3.3379E-02
  6.2494E+00  3.4376E-02
  6.2518E+00  3.5264E-02
  6.2542E+00  3.6058E-02
  6.2566E+00  3.6768E-02
  6.2590E+00  3.7405E-02
  6.2614E+00  3.7976E-02
  6.2639E+00  4.0779E-02
  6.2663E+00  4.2628E-02
  6.2687E+00  4.4119E-02
  6.2711E+00  4.5589E-02
  6.2735E+00  4.6931E-02
  6.2759E+00  4.8188E-02
  6.2784E+00  5.0953E-02
  6.2808E+00  5.3262E-02
  7.1054E-14  5.6479E-02
  2.4166E-03  5.8183E-02
  4.8332E-03  5.9059E-02
  7.2498E-03  5.8695E-02
  9.6664E-03  5.8846E-02
  1.2083E-02  5.9947E-02
  1.4500E-02  6.0900E-02
  1.6916E-02  6.1725E-02
  1.9333E-02  6.2437E-02
  2.1749E-02  6.3048E-02
  2.4166E-02  6.8902E-02
  2.6583E-02  7.1995E-02
  2.8999E-02  7.4197E-02
  3.1416E-02  7.5923E-02
  3.3833E-02  7.7322E-02
  3.6249E-02  7.8470E-02
  3.8666E-02  1.0524E-01
  4.1082E-02  1.0644E-01
  4.3499E-02  1.0735E-01
  4.5916E-02  1.0801E-01
  4.8332E-02  1.0843E-01
  5.0749E-02  1.0863E-01
  5.3165E-02  1.3600E-01
  5.5582E-02  1.3443E-01
  5.7999E-02  1.3238E-01
  6.0415E-02  1.2979E-01
  6.2832E-02  1.2668E-01
  6.5248E-02  1.2291E-01
  6.7665E-02  1.1819E-01
  7.0082E-02  1.1125E-01
  7.2498E-02  1.0373E-01
  7.4915E-02  1.0210E-01
  7.7332E-02  1.0016E-01
  7.9748E-02  9.7691E-02
  8.2165E-02  9.5342E-02
  8.4581E-02  9.1557E-02
  8.6998E-02  8.9909E-02
  8.9415E-02  8.9211E-02
  9.1831E-02  8.8191E-02
  9.4248E-02  8.6402E-02
  9.6664E-02  8.3888E-02
  9.9081E-02  7.9939E-02
  1.0150E-01  7.5033E-02
  1.0391E-01  7.4742E-02
  1.0633E-01  7.4369E-02
  1.0875E-01  7.3918E-02
  1.1116E-01  7.3393E-02
  1.1358E-01  7.2797E-02
  1.1600E-01  7.2129E-02
  1.1841E-01  7.1388E-02
  1.2083E-01  7.0569E-02
  1.2325E-01  6.9664E-02
  1.2566E-01  6.8646E-02
  1.2808E-01  6.7362E-02
  1.3050E-01  6.6376E-02
  1.3291E-01  6.5303E-02
  1.3533E-01  6.4124E-02
  1.3775E-01  6.2795E-02
  1.4016E-01  6.1179E-02
  1.4258E-01  5.9142E-02
  1.4500E-01  5.8217E-02
  1.4741E-01  5.7239E-02
  1.4983E-01  5.6206E-02
  1.5225E-01  5.5114E-02
  1.5466E-01  5.3956E-02
  1.5708E-01  5.2728E-02
  1.5950E-01  5.1419E-02
  1.6191E-01  5.0018E-02
  1.6433E-01  4.8506E-02
  1.6675E-01  4.6857E-02
  1.6916E-01  4.5024E-02
  1.7158E-01  4.2917E-02
  1.7400E-01  4.0247E-02
  1.7641E-01  3.6906E-02
  1.7883E-01  3.3369E-02
  1.8125E-01  3.2738E-02
  1.8366E-01  3.2066E-02
  1.8608E-01  3.1345E-02
  1.8850E-01  3.0565E-02
  1.9091E-01  2.9707E-02
  1.9333E-01  2.8734E-02
  1.9575E-01  2.7556E-02
  1.9816E-01  2.6451E-02
  2.0058E-01  2.6909E-02
  2.0300E-01  2.7197E-02
  2.0541E-01  2.7290E-02
  2.0783E-01  2.7255E-02
  2.1025E-01  2.7107E-02
  2.1266E-01  2.6826E-02
  2.1508E-01  2.7508E-02
  2.1749E-01  2.8512E-02
  2.1991E-01  2.9019E-02
  2.2233E-01  2.9287E-02
  2.2474E-01  2.9388E-02
  2.2716E-01  2.9355E-02
  2.2958E-01  2.9204E-02
  2.3199E-01  2.8942E-02
  2.3441E-01  2.8569E-02
  2.3683E-01  2.8079E-02
  2.3924E-01  2.7451E-02
  2.4166E-01  2.6640E-02
  2.4408E-01  2.6201E-02
  2.4649E-01  2.5523E-02
  2.4891E-01  2.5201E-02
  2.5133E-01  2.4526E-02
  2.5374E-01  2.3438E-02
  2.5616E-01  2.2144E-02
  2.5858E-01  2.2226E-02
  2.6099E-01  2.2277E-02
  2.6341E-01  2.2299E-02
  2.6583E-01  2.2295E-02
  2.6824E-01  2.2269E-02
  2.7066E-01  2.2220E-02
  2.7308E-01  2.2150E-02
  2.7549E-01  2.2059E-02
  2.7791E-01  2.1948E-02
  2.8033E-01  2.1818E-02
  2.8274E-01  2.1666E-02
  2.8516E-01  2.1494E-02
  2.8758E-01  2.1300E-02
  2.8999E-01  2.1083E-02
  2.9241E-01  2.0838E-02
  2.9483E-01  2.0561E-02
  2.9724E-01  2.0243E-02
  2.9966E-01  3.2272E-02
  3.0208E-01  3.0720E-02
  3.0449E-01  2.9562E-02
  3.0691E-01  2.8275E-02
  3.0933E-01  2.6819E-02
  3.1174E-01  2.5112E-02
  3.1416E-01  2.2951E-02
  3.1658E-01  1.9529E-02
  3.1899E-01  1.7008E-02
  3.2141E-01  1.6861E-02
  3.2383E-01  1.6706E-02
  3.2624E-01  1.6542E-02
  3.2866E-01  1.6368E-02
  3.3108E-01  1.6185E-02
  3.3349E-01  1.5993E-02
  3.3591E-01  1.5790E-02
  3.3833E-01  1.6043E-02
  3.4074E-01  1.6044E-02
  3.4316E-01  1.5973E-02
  3.4558E-01  1.5859E-02
  3.4799E-01  1.6681E-02
  3.5041E-01  1.7476E-02
  3.5283E-01  1.7858E-02
  3.5524E-01  1.8065E-02
  3.5766E-01  1.8153E-02
  3.6007E-01  1.8141E-02
  3.6249E-01  1.8031E-02
  3.6491E-01  1.7797E-02
  3.6732E-01  1.7322E-02
  3.6974E-01  1.6737E-02
  3.7216E-01  1.6798E-02
  3.7457E-01  1.6830E-02
  3.7699E-01  1.6835E-02
  3.7941E-01  1.6814E-02
  3.8182E-01  1.6767E-02
  3.8424E-01  1.6692E-02
  3.8666E-01  1.6590E-02
  3.8907E-01  1.6455E-02
  3.9149E-01  1.6282E-02
  3.9391E-01  2.3487E-02
  3.9632E-01  2.4595E-02
  3.9874E-01  2.4986E-02
  4.0116E-01  2.5940E-02
  4.0357E-01  2.6748E-02
  4.0599E-01  2.7442E-02
  4.0841E-01  2.9405E-02
  4.1082E-01  3.0629E-02
  4.1324E-01  3.1588E-02
  4.1566E-01  3.2392E-02
  4.1807E-01  3.3083E-02
  4.2049E-01  3.3686E-02
  4.2291E-01  3.4214E-02
  4.2532E-01  3.4678E-02
  4.2774E-01  3.5085E-02
  4.3016E-01  3.5443E-02
  4.3257E-01  3.5755E-02
  4.3499E-01  3.6026E-02
  4.3741E-01  3.6260E-02
  4.3982E-01  3.6458E-02
  4.4224E-01  3.6625E-02
  4.4466E-01  3.6761E-02
  4.4707E-01  3.6869E-02
  4.4949E-01  3.6950E-02
  4.5191E-01  3.7006E-02
  4.5432E-01  3.7039E-02
  4.5674E-01  3.7049E-02
  4.5916E-01  3.7037E-02
  4.6157E-01  3.7005E-02
  4.6399E-01  3.6952E-02
  4.6641E-01  3.6880E-02
  4.6882E-01  3.6789E-02
  4.7124E-01  3.6679E-02
  4.7366E-01  3.6550E-02
  4.7607E-01  3.6403E-02
  4.7849E-01  3.6237E-02
  4.8091E-01  3.6052E-02
  4.8332E-01  3.5847E-02
  4.8574E-01  3.5621E-02
  4.8816E-01  3.5371E-02
  4.9057E-01  3.5094E-02
  4.9299E-01  3.4785E-02
  4.9540E-01  3.4435E-02
  4.9782E-01  3.4023E-02
  5.0024E-01  3.3490E-02
  5.0265E-01  3.2547E-02
  5.0507E-01  3.2430E-02
  5.0749E-01  3.2305E-02
  5.0990E-01  3.2173E-02
  5.1232E-01  3.2034E-02
  5.1474E-01  3.1887E-02
  5.1715E-01  3.1734E-02
  5.1957E-01  3.1574E-02
  5.2199E-01  3.1407E-02
  5.2440E-01  2.8240E-02
  5.2682E-01  2.8057E-02
  5.2924E-01  2.7868E-02
  5.3165E-01  2.7671E-02
  5.3407E-01  2.7468E-02
  5.3649E-01  2.7258E-02
  5.3890E-01  2.7040E-02
  5.4132E-01  2.6813E-02
  5.4374E-01  2.6579E-02
  5.4615E-01  2.6335E-02
  5.4857E-01  2.6080E-02
  5.5099E-01  2.5814E-02
  5.5340E-01  2.5535E-02
  5.5582E-01  2.5238E-02
  5.5824E-01  2.4922E-02
  5.6065E-01  2.4577E-02
  5.6307E-01  2.4189E-02
  5.6549E-01  2.3720E-02
  5.6790E-01  2.2804E-02
  5.7032E-01  2.2639E-02
  5.7274E-01  2.2505E-02
  5.7515E-01  2.2369E-02
  5.7757E-01  2.2230E-02
  5.7999E-01  2.2089E-02
  5.8240E-01  2.1946E-02
  5.8482E-01  2.1800E-02
  5.8724E-01  2.1653E-02
  5.8965E-01  2.1503E-02
  5.9207E-01  2.1350E-02
  5.9449E-01  2.1196E-02
  5.9690E-01  2.1039E-02
  5.9932E-01  2.0880E-02
  6.0174E-01  2.0719E-02
  6.0415E-01  2.0556E-02
  6.0657E-01  2.0390E-02
  6.0899E-01  4.4134E-02
  6.1140E-01  4.3975E-02
  6.1382E-01  4.3799E-02
  6.1624E-01  4.3606E-02
  6.1865E-01  4.3397E-02
  6.2107E-01  4.3173E-02
  6.2349E-01  4.2933E-02
  6.2590E-01  4.2678E-02
  6.2832E-01  4.2407E-02
  6.3074E-01  4.2122E-02
  6.3315E-01  4.1821E-02
  6.3557E-01  4.1506E-02
  6.3798E-01  4.1176E-02
  6.4040E-01  4.0831E-02
  6.4282E-01  4.0472E-02
  6.4523E-01  4.0098E-02
  6.4765E-01  3.9710E-02
  6.5007E-01  3.9306E-02
  6.5248E-01  3.8888E-02
  6.5490E-01  3.8454E-02
  6.5732E-01  3.8005E-02
  6.5973E-01  3.7541E-02
  6.6215E-01  3.7060E-02
  6.6457E-01  3.6563E-02
  6.6698E-01  3.6049E-02
  6.6940E-01  3.5518E-02
  6.7182E-01  3.4968E-02
  6.7423E-01  3.4399E-02
  6.7665E-01  3.3809E-02
  6.7907E-01  3.3198E-02
  6.8148E-01  3.2564E-02
  6.8390E-01  3.1905E-02
  6.8632E-01  3.1218E-02
  6.8873E-01  3.0500E-02
  6.9115E-01  2.9747E-02
  6.9357E-01  2.8953E-02
  6.9598E-01  2.8109E-02
  6.9840E-01  2.7203E-02
  7.0082E-01  2.6210E-02
  7.0323E-01  2.5080E-02
  7.0565E-01  2.3635E-02
  7.0807E-01  2.1882E-02
  7.1048E-01  2.1332E-02
  7.1290E-01  2.0756E-02
  7.1532E-01  2.0152E-02
  7.1773E-01  1.9516E-02
  7.2015E-01  1.8842E-02
  7.2257E-01  1.8125E-02
  7.2498E-01  1.7356E-02
  7.2740E-01  1.6523E-02
  7.2982E-01  1.5607E-02
  7.3223E-01  1.4578E-02
  7.3465E-01  1.3380E-02
  7.3707E-01  1.1888E-02
  7.3948E-01  9.5999E-03
  7.4190E-01  7.2493E-03
  7.4432E-01  7.2241E-03
  7.4673E-01  7.1987E-03
  7.4915E-01  7.1732E-03
  7.5157E-01  7.1477E-03
  7.5398E-01  7.1220E-03
  7.5640E-01  7.0961E-03
  7.5882E-01  7.0702E-03
  7.6123E-01  7.0442E-03
  7.6365E-01  7.0180E-03
  7.6607E-01  6.9918E-03
  7.6848E-01  6.9655E-03
  7.7090E-01  6.9391E-03
  7.7332E-01  6.9126E-03
  7.7573E-01  6.8860E-03
  7.7815E-01  6.8594E-03
  7.8056E-01  6.8326E-03
  7.8298E-01  6.8059E-03
  7.8540E-01  6.7790E-03
  7.8781E-01  6.7521E-03
  7.9023E-01  6.7251E-03
  7.9265E-01  6.6980E-03
  7.9506E-01  6.6709E-03
  7.9748E-01  6.6438E-03
  7.9990E-01  6.6166E-03
  8.0231E-01  6.5894E-03
  8.0473E-01  6.5621E-03
  8.0715E-01  6.5348E-03
  8.0956E-01  6.5074E-03
  8.1198E-01  1.0909E-02
  8.1440E-01  1.6696E-02
  8.1681E-01  1.9956E-02
  8.1923E-01  2.2348E-02
  8.2165E-01  2.4235E-02
  8.2406E-01  2.5776E-02
  8.2648E-01  2.7056E-02
  8.2890E-01  2.8128E-02
  8.3131E-01  2.9026E-02
  8.3373E-01  2.9779E-02
  8.3615E-01  3.0403E-02
  8.3856E-01  3.0914E-02
  8.4098E-01  3.1324E-02
  8.4340E-01  3.1641E-02
  8.4581E-01  3.1874E-02
  8.4823E-01  3.2029E-02
  8.5065E-01  3.2111E-02
  8.5306E-01  3.2124E-02
  8.5548E-01  3.2072E-02
  8.5790E-01  3.1959E-02
  8.6031E-01  3.5236E-02
  8.6273E-01  3.9262E-02
  8.6515E-01  4.1467E-02
  8.6756E-01  4.3005E-02
  8.6998E-01  4.4135E-02
  8.7240E-01  4.4971E-02
  8.7481E-01  4.5573E-02
  8.7723E-01  4.5978E-02
  8.7965E-01  4.6212E-02
  8.8206E-01  4.6288E-02
  8.8448E-01  4.6220E-02
  8.8690E-01  4.6013E-02
  8.8931E-01  4.5670E-02
  8.9173E-01  4.5192E-02
  8.9415E-01  4.4574E-02
  8.9656E-01  4.3809E-02
  8.9898E-01  4.2881E-02
  9.0140E-01  4.1766E-02
  9.0381E-01  4.0421E-02
  9.0623E-01  3.8771E-02
  9.0865E-01  3.6645E-02
  9.1106E-01  3.3495E-02
  9.1348E-01  2.8432E-02
  9.1590E-01  2.8492E-02
  9.1831E-01  2.8527E-02
  9.2073E-01  2.8536E-02
  9.2314E-01  2.8522E-02
  9.2556E-01  2.8484E-02
  9.2798E-01  3.3674E-02
  9.3039E-01  3.5752E-02
  9.3281E-01  3.7221E-02
  9.3523E-01  3.8359E-02
  9.3764E-01  3.9273E-02
  9.4006E-01  4.0020E-02
  9.4248E-01  4.0633E-02
  9.4489E-01  4.1133E-02
  9.4731E-01  4.1538E-02
  9.4973E-01  4.1858E-02
  9.5214E-01  4.2102E-02
  9.5456E-01  4.0854E-02
  9.5698E-01  4.0983E-02
  9.5939E-01  4.1054E-02
  9.6181E-01  4.1069E-02
  9.6423E-01  4.1034E-02
  9.6664E-01  4.0949E-02
  9.6906E-01  4.6037E-02
  9.7148E-01  5.2356E-02
  9.7389E-01  5.5758E-02
  9.7631E-01  5.8096E-02
  9.7873E-01  5.9789E-02
  9.8114E-01  6.1019E-02
  9.8356E-01  6.1885E-02
  9.8598E-01  6.2448E-02
  9.8839E-01  6.2749E-02
  9.9081E-01  6.2817E-02
  9.9323E-01  6.2672E-02
  9.9564E-01  6.2329E-02
  9.9806E-01  6.1797E-02
  1.0005E+00  6.1083E-02
  1.0029E+00  6.0189E-02
  1.0053E+00  5.9115E-02
  1.0077E+00  7.7708E-02
  1.0101E+00  7.5890E-02
  1.0126E+00  7.5205E-02
  1.0150E+00  7.3836E-02
  1.0174E+00  7.1381E-02
  1.0198E+00  6.9578E-02
  1.0222E+00  6.6005E-02
  1.0246E+00  5.8942E-02
  1.0271E+00  5.5023E-02
  1.0295E+00  4.8707E-02
  1.0319E+00  4.2343E-02
  1.0343E+00  3.9697E-02
  1.0367E+00  3.5811E-02
  1.0391E+00  2.8636E-02
  1.0416E+00  2.8337E-02
  1.0440E+00  2.7925E-02
  1.0464E+00  2.7384E-02
  1.0488E+00  2.6683E-02
  1.0512E+00  2.5746E-02
  1.0536E+00  2.4270E-02
  1.0561E+00  2.2700E-02
  1.0585E+00  2.2425E-02
  1.0609E+00  2.2120E-02
  1.0633E+00  2.1784E-02
  1.0657E+00  2.1415E-02
  1.0681E+00  2.1010E-02
  1.0706E+00  2.0568E-02
  1.0730E+00  2.0083E-02
  1.0754E+00  1.9550E-02
  1.0778E+00  1.8961E-02
  1.0802E+00  1.8305E-02
  1.0826E+00  1.7563E-02
  1.0851E+00  1.6706E-02
  1.0875E+00  1.5677E-02
  1.0899E+00  1.5404E-02
  1.0923E+00  1.4172E-02
  1.0947E+00  1.3610E-02
  1.0971E+00  1.4174E-02
  1.0996E+00  1.4636E-02
  1.1020E+00  2.1738E-02
  1.1044E+00  2.9211E-02
  1.1068E+00  3.3650E-02
  1.1092E+00  3.6974E-02
  1.1116E+00  3.9630E-02
  1.1141E+00  4.6203E-02
  1.1165E+00  5.0882E-02
  1.1189E+00  5.4385E-02
  1.1213E+00  5.7187E-02
  1.1237E+00  5.9507E-02
  1.1261E+00  6.1454E-02
  1.1286E+00  6.3091E-02
  1.1310E+00  6.6016E-02
  1.1334E+00  7.1241E-02
  1.1358E+00  7.4150E-02
  1.1382E+00  7.6285E-02
  1.1406E+00  7.7912E-02
  1.1431E+00  7.9144E-02
  1.1455E+00  8.0047E-02
  1.1479E+00  8.0659E-02
  1.1503E+00  8.1007E-02
  1.1527E+00  8.1112E-02
  1.1551E+00  8.0984E-02
  1.1576E+00  8.0633E-02
  1.1600E+00  8.0062E-02
  1.1624E+00  7.9271E-02
  1.1648E+00  7.8254E-02
  1.1672E+00  7.7002E-02
  1.1696E+00  7.5496E-02
  1.1721E+00  7.3706E-02
  1.1745E+00  7.1581E-02
  1.1769E+00  6.9032E-02
  1.1793E+00  6.5865E-02
  1.1817E+00  6.1490E-02
  1.1841E+00  5.4563E-02
  1.1866E+00  5.3462E-02
  1.1890E+00  5.2168E-02
  1.1914E+00  5.5322E-02
  1.1938E+00  5.5419E-02
  1.1962E+00  5.3943E-02
  1.1986E+00  5.2007E-02
  1.2011E+00  5.2495E-02
  1.2035E+00  5.2798E-02
  1.2059E+00  5.4564E-02
  1.2083E+00  5.5585E-02
  1.2107E+00  5.6139E-02
  1.2131E+00  5.6414E-02
  1.2156E+00  5.6467E-02
  1.2180E+00  5.6315E-02
  1.2204E+00  5.5947E-02
  1.2228E+00  5.5292E-02
  1.2252E+00  5.0871E-02
  1.2276E+00  5.0670E-02
  1.2301E+00  5.0369E-02
  1.2325E+00  4.9970E-02
  1.2349E+00  7.2461E-02
  1.2373E+00  7.3602E-02
  1.2397E+00  7.4134E-02
  1.2421E+00  7.4138E-02
  1.2446E+00  7.3653E-02
  1.2470E+00  7.2688E-02
  1.2494E+00  7.1204E-02
  1.2518E+00  6.8977E-02
  1.2542E+00  6.6454E-02
  1.2566E+00  6.3999E-02
  1.2591E+00  6.0590E-02
  1.2615E+00  6.7990E-02
  1.2639E+00  7.1313E-02
  1.2663E+00  7.2156E-02
  1.2687E+00  7.1212E-02
  1.2711E+00  6.8121E-02
  1.2736E+00  5.9397E-02
  1.2760E+00  6.0047E-02
  1.2784E+00  6.0318E-02
  1.2808E+00  6.0250E-02
  1.2832E+00  5.9868E-02
  1.2856E+00  6.1250E-02
  1.2881E+00  6.1644E-02
  1.2905E+00  6.1252E-02
  1.2929E+00  6.9063E-02
  1.2953E+00  8.1475E-02
  1.2977E+00  8.7721E-02
  1.3001E+00  9.0381E-02
  1.3026E+00  9.2819E-02
  1.3050E+00  1.0534E-01
  1.3074E+00  1.1750E-01
  1.3098E+00  1.2309E-01
  1.3122E+00  1.2492E-01
  1.3146E+00  1.1890E-01
  1.3171E+00  1.2231E-01
  1.3195E+00  1.2978E-01
  1.3219E+00  1.3664E-01
  1.3243E+00  1.4012E-01
  1.3267E+00  1.4181E-01
  1.3291E+00  1.4212E-01
  1.3316E+00  1.4119E-01
  1.3340E+00  1.5059E-01
  1.3364E+00  1.5396E-01
  1.3388E+00  1.5228E-01
  1.3412E+00  1.5076E-01
  1.3436E+00  1.4892E-01
  1.3461E+00  1.4813E-01
  1.3485E+00  1.4413E-01
  1.3509E+00  1.3618E-01
  1.3533E+00  1.2796E-01
  1.3557E+00  1.2209E-01
  1.3581E+00  1.1336E-01
  1.3606E+00  1.0309E-01
  1.3630E+00  9.4741E-02
  1.3654E+00  9.2384E-02
  1.3678E+00  1.1917E-01
  1.3702E+00  1.1858E-01
  1.3726E+00  1.1627E-01
  1.3751E+00  1.1231E-01
  1.3775E+00  1.0647E-01
  1.3799E+00  9.9150E-02
  1.3823E+00  8.8509E-02
  1.3847E+00  7.9657E-02
  1.3871E+00  6.9698E-02
  1.3896E+00  6.5409E-02
  1.3920E+00  5.9712E-02
  1.3944E+00  5.1443E-02
  1.3968E+00  3.9309E-02
  1.3992E+00  3.7983E-02
  1.4016E+00  5.2874E-02
  1.4041E+00  6.4901E-02
  1.4065E+00  7.3122E-02
  1.4089E+00  9.9082E-02
  1.4113E+00  1.1285E-01
  1.4137E+00  1.2249E-01
  1.4161E+00  1.3807E-01
  1.4185E+00  1.4832E-01
  1.4210E+00  1.5526E-01
  1.4234E+00  1.6006E-01
  1.4258E+00  1.6320E-01
  1.4282E+00  1.6492E-01
  1.4306E+00  1.6538E-01
  1.4330E+00  1.6466E-01
  1.4355E+00  1.6283E-01
  1.4379E+00  1.5990E-01
  1.4403E+00  1.5586E-01
  1.4427E+00  1.5066E-01
  1.4451E+00  1.5039E-01
  1.4475E+00  1.4647E-01
  1.4500E+00  1.3940E-01
  1.4524E+00  1.2930E-01
  1.4548E+00  1.1477E-01
  1.4572E+00  8.9561E-02
  1.4596E+00  7.3523E-02
  1.4620E+00  6.0009E-02
  1.4645E+00  5.6609E-02
  1.4669E+00  5.6657E-02
  1.4693E+00  5.6534E-02
  1.4717E+00  5.6249E-02
  1.4741E+00  5.5808E-02
  1.4765E+00  5.5216E-02
  1.4790E+00  5.4473E-02
  1.4814E+00  5.3579E-02
  1.4838E+00  5.2528E-02
  1.4862E+00  5.1313E-02
  1.4886E+00  5.9519E-02
  1.4910E+00  6.4007E-02
  1.4935E+00  6.6003E-02
  1.4959E+00  6.6649E-02
  1.4983E+00  6.6150E-02
  1.5007E+00  6.3803E-02
  1.5031E+00  6.2188E-02
  1.5055E+00  6.1575E-02
  1.5080E+00  6.0377E-02
  1.5104E+00  6.2319E-02
  1.5128E+00  6.3303E-02
  1.5152E+00  6.3557E-02
  1.5176E+00  7.1207E-02
  1.5200E+00  7.3806E-02
  1.5225E+00  7.4595E-02
  1.5249E+00  7.4119E-02
  1.5273E+00  7.2451E-02
  1.5297E+00  6.9223E-02
  1.5321E+00  6.3183E-02
  1.5345E+00  6.1690E-02
  1.5370E+00  5.9534E-02
  1.5394E+00  5.6590E-02
  1.5418E+00  5.2262E-02
  1.5442E+00  4.7866E-02
  1.5466E+00  4.2646E-02
  1.5490E+00  3.1052E-02
  1.5515E+00  2.8899E-02
  1.5539E+00  2.3940E-02
  1.5563E+00  2.3422E-02
  1.5587E+00  2.2785E-02
  1.5611E+00  2.2024E-02
  1.5635E+00  2.1129E-02
  1.5660E+00  2.0085E-02
  1.5684E+00  1.8869E-02
  1.5708E+00  1.7445E-02
  1.5732E+00  1.5751E-02
  1.5756E+00  2.0227E-02
  1.5780E+00  2.2913E-02
  1.5805E+00  2.1282E-02
  1.5829E+00  2.0488E-02
  1.5853E+00  3.4826E-02
  1.5877E+00  5.3898E-02
  1.5901E+00  6.5561E-02
  1.5925E+00  7.6781E-02
  1.5950E+00  8.4724E-02
  1.5974E+00  8.9834E-02
  1.5998E+00  9.6766E-02
  1.6022E+00  1.0088E-01
  1.6046E+00  1.0245E-01
  1.6070E+00  1.0190E-01
  1.6095E+00  9.7022E-02
  1.6119E+00  9.8475E-02
  1.6143E+00  9.8620E-02
  1.6167E+00  9.6706E-02
  1.6191E+00  9.3253E-02
  1.6215E+00  8.8245E-02
  1.6240E+00  8.1393E-02
  1.6264E+00  7.1824E-02
  1.6288E+00  5.7148E-02
  1.6312E+00  3.9719E-02
  1.6336E+00  3.4045E-02
  1.6360E+00  3.2022E-02
  1.6385E+00  3.2640E-02
  1.6409E+00  3.6193E-02
  1.6433E+00  3.5576E-02
  1.6457E+00  3.4672E-02
  1.6481E+00  3.0021E-02
  1.6505E+00  3.1244E-02
  1.6530E+00  3.1545E-02
  1.6554E+00  3.4714E-02
  1.6578E+00  3.8202E-02
  1.6602E+00  5.1106E-02
  1.6626E+00  5.8371E-02
  1.6650E+00  6.3193E-02
  1.6675E+00  6.6657E-02
  1.6699E+00  6.9146E-02
  1.6723E+00  7.0852E-02
  1.6747E+00  7.1884E-02
  1.6771E+00  7.2304E-02
  1.6795E+00  7.8599E-02
  1.6820E+00  8.1723E-02
  1.6844E+00  8.2840E-02
  1.6868E+00  8.2574E-02
  1.6892E+00  8.0848E-02
  1.6916E+00  7.5793E-02
  1.6940E+00  7.6862E-02
  1.6965E+00  8.0053E-02
  1.6989E+00  8.1233E-02
  1.7013E+00  8.1399E-02
  1.7037E+00  8.0745E-02
  1.7061E+00  7.9298E-02
  1.7085E+00  7.6968E-02
  1.7110E+00  7.3387E-02
  1.7134E+00  7.9778E-02
  1.7158E+00  8.2129E-02
  1.7182E+00  9.1880E-02
  1.7206E+00  9.7042E-02
  1.7230E+00  1.0347E-01
  1.7255E+00  1.0708E-01
  1.7279E+00  1.0762E-01
  1.7303E+00  1.0511E-01
  1.7327E+00  1.0262E-01
  1.7351E+00  1.1162E-01
  1.7375E+00  1.1458E-01
  1.7400E+00  1.1442E-01
  1.7424E+00  1.1031E-01
  1.7448E+00  1.1056E-01
  1.7472E+00  1.0965E-01
  1.7496E+00  1.0756E-01
  1.7520E+00  1.0415E-01
  1.7545E+00  1.0314E-01
  1.7569E+00  1.0276E-01
  1.7593E+00  9.6638E-02
  1.7617E+00  9.8143E-02
  1.7641E+00  9.8459E-02
  1.7665E+00  9.7715E-02
  1.7690E+00  1.0810E-01
  1.7714E+00  1.0987E-01
  1.7738E+00  1.0702E-01
  1.7762E+00  1.0264E-01
  1.7786E+00  1.0421E-01
  1.7810E+00  1.0724E-01
  1.7835E+00  1.2050E-01
  1.7859E+00  1.3007E-01
  1.7883E+00  1.3536E-01
  1.7907E+00  1.5042E-01
  1.7931E+00  1.5807E-01
  1.7955E+00  1.6162E-01
  1.7980E+00  1.6464E-01
  1.8004E+00  1.6586E-01
  1.8028E+00  1.7080E-01
  1.8052E+00  1.7148E-01
  1.8076E+00  1.7198E-01
  1.8100E+00  1.7042E-01
  1.8125E+00  1.6700E-01
  1.8149E+00  1.6158E-01
  1.8173E+00  1.6898E-01
  1.8197E+00  1.6537E-01
  1.8221E+00  1.5683E-01
  1.8245E+00  1.5542E-01
  1.8270E+00  1.5741E-01
  1.8294E+00  1.6098E-01
  1.8318E+00  1.5659E-01
  1.8342E+00  1.4902E-01
  1.8366E+00  1.6058E-01
  1.8390E+00  1.5757E-01
  1.8415E+00  1.6466E-01
  1.8439E+00  1.6758E-01
  1.8463E+00  1.6748E-01
  1.8487E+00  1.6458E-01
  1.8511E+00  1.5661E-01
  1.8535E+00  1.5172E-01
  1.8560E+00  1.5927E-01
  1.8584E+00  1.7217E-01
  1.8608E+00  1.7290E-01
  1.8632E+00  1.6352E-01
  1.8656E+00  1.4999E-01
  1.8680E+00  1.4448E-01
  1.8705E+00  1.3168E-01
  1.8729E+00  1.2345E-01
  1.8753E+00  1.1634E-01
  1.8777E+00  1.1026E-01
  1.8801E+00  1.1044E-01
  1.8825E+00  1.1193E-01
  1.8850E+00  1.1179E-01
