  3.1440E+00  1.0000E+99
  3.1464E+00  1.0000E+99
  3.1488E+00  1.0000E+99
  3.1513E+00  1.0000E+99
  3.1537E+00  1.0000E+99
  3.1561E+00  1.0000E+99
  3.1585E+00  1.0000E+99
  3.1609E+00  1.0000E+99
  3.1633E+00  1.0000E+99
  3.1658E+00  1.0000E+99
  3.1682E+00  1.0000E+99
  3.1706E+00  1.0000E+99
  3.1730E+00  1.0000E+99
  3.1754E+00  1.0000E+99
  3.1778E+00  1.0000E+99
  3.1803E+00  1.0000E+99
  3.1827E+00  1.0000E+99
  3.1851E+00  1.0000E+99
  3.1875E+00  1.0000E+99
  3.1899E+00  1.0000E+99
  3.1923E+00  1.0000E+99
  3.1948E+00  1.0000E+99
  3.1972E+00  1.0000E+99
  3.1996E+00  1.0000E+99
  3.2020E+00  1.0000E+99
  3.2044E+00  1.0000E+99
  3.2068E+00  1.0000E+99
  3.2093E+00  1.0000E+99
  3.2117E+00  1.0000E+99
  3.2141E+00  1.0000E+99
  3.2165E+00  1.0000E+99
  3.2189E+00  1.0000E+99
  3.2213E+00  1.0000E+99
  3.2238E+00  1.0000E+99
  3.2262E+00  1.0000E+99
  3.2286E+00  1.0000E+99
  3.2310E+00  1.0000E+99
  3.2334E+00  1.0000E+99
  3.2358E+00  1.0000E+99
  3.2383E+00  1.0000E+99
  3.2407E+00  1.0000E+99
  3.2431E+00  1.0000E+99
  3.2455E+00  1.0000E+99
  3.2479E+00  1.0000E+99
  3.2503E+00  1.0000E+99
  3.2528E+00  1.0000E+99
  3.2552E+00  1.0000E+99
  3.2576E+00  1.0000E+99
  3.2600E+00  1.0000E+99
  3.2624E+00  1.0000E+99
  3.2648E+00  1.0000E+99
  3.2673E+00  1.0000E+99
  3.2697E+00  1.0000E+99
  3.2721E+00  1.0000E+99
  3.2745E+00  1.0000E+99
  3.2769E+00  1.0000E+99
  3.2793E+00  1.0000E+99
  3.2818E+00  1.0000E+99
  3.2842E+00  1.0000E+99
  3.2866E+00  1.0000E+99
  3.2890E+00  1.0000E+99
  3.2914E+00  1.0000E+99
  3.2938E+00  1.0000E+99
  3.2963E+00  1.0000E+99
  3.2987E+00  1.0000E+99
  3.3011E+00  1.0000E+99
  3.3035E+00  1.0000E+99
  3.3059E+00  1.0000E+99
  3.3083E+00  1.0000E+99
  3.3108E+00  1.0000E+99
  3.3132E+00  1.0000E+99
  3.3156E+00  1.0000E+99
  3.3180E+00  1.0000E+99
  3.3204E+00  1.0000E+99
  3.3228E+00  1.0000E+99
  3.3253E+00  1.0000E+99
  3.3277E+00  1.0000E+99
  3.3301E+00  1.0000E+99
  3.3325E+00  1.0000E+99
  3.3349E+00  1.0000E+99
  3.3373E+00  1.0000E+99
  3.3398E+00  1.0000E+99
  3.3422E+00  1.0000E+99
  3.3446E+00  1.0000E+99
  3.3470E+00  1.0000E+99
  3.3494E+00  1.0000E+99
  3.3518E+00  1.0000E+99
  3.3543E+00  1.0000E+99
  3.3567E+00  1.0000E+99
  3.3591E+00  1.0000E+99
  3.3615E+00  1.0000E+99
  3.3639E+00  1.0000E+99
  3.3663E+00  1.0000E+99
  3.3688E+00  1.0000E+99
  3.3712E+00  1.0000E+99
  3.3736E+00  1.0000E+99
  3.3760E+00  1.0000E+99
  3.3784E+00  1.0000E+99
  3.3808E+00  1.0000E+99
  3.3833E+00  1.0000E+99
  3.3857E+00  1.0000E+99
  3.3881E+00  1.0000E+99
  3.3905E+00  1.0000E+99
  3.3929E+00  1.0000E+99
  3.3953E+00  1.0000E+99
  3.3978E+00  1.0000E+99
  3.4002E+00  1.0000E+99
  3.4026E+00  1.0000E+99
  3.4050E+00  1.0000E+99
  3.4074E+00  1.0000E+99
  3.4098E+00  1.0000E+99
  3.4123E+00  1.0000E+99
  3.4147E+00  1.0000E+99
  3.4171E+00  1.0000E+99
  3.4195E+00  1.0000E+99
  3.4219E+00  1.0000E+99
  3.4243E+00  1.0000E+99
  3.4268E+00  1.0000E+99
  3.4292E+00  1.0000E+99
  3.4316E+00  1.0000E+99
  3.4340E+00  1.0000E+99
  3.4364E+00  1.0000E+99
  3.4388E+00  1.0000E+99
  3.4413E+00  1.0000E+99
  3.4437E+00  1.0000E+99
  3.4461E+00  1.0000E+99
  3.4485E+00  1.0000E+99
  3.4509E+00  1.0000E+99
  3.4533E+00  1.0000E+99
  3.4558E+00  1.0000E+99
  3.4582E+00  1.0000E+99
  3.4606E+00  1.0000E+99
  3.4630E+00  1.0000E+99
  3.4654E+00  1.0000E+99
  3.4678E+00  1.0000E+99
  3.4703E+00  1.0000E+99
  3.4727E+00  1.0000E+99
  3.4751E+00  1.0000E+99
  3.4775E+00  1.0000E+99
  3.4799E+00  1.0000E+99
  3.4823E+00  1.0000E+99
  3.4848E+00  1.0000E+99
  3.4872E+00  1.0000E+99
  3.4896E+00  1.0000E+99
  3.4920E+00  1.0000E+99
  3.4944E+00  1.0000E+99
  3.4968E+00  1.0000E+99
  3.4993E+00  1.0000E+99
  3.5017E+00  1.0000E+99
  3.5041E+00  1.0000E+99
  3.5065E+00  1.0000E+99
  3.5089E+00  1.0000E+99
  3.5113E+00  1.0000E+99
  3.5138E+00  1.0000E+99
  3.5162E+00  1.0000E+99
  3.5186E+00  1.0000E+99
  3.5210E+00  1.0000E+99
  3.5234E+00  1.0000E+99
  3.5258E+00  1.0000E+99
  3.5283E+00  1.0000E+99
  3.5307E+00  1.0000E+99
  3.5331E+00  1.0000E+99
  3.5355E+00  1.0000E+99
  3.5379E+00  1.0000E+99
  3.5403E+00  1.0000E+99
  3.5427E+00  1.0000E+99
  3.5452E+00  1.0000E+99
  3.5476E+00  1.0000E+99
  3.5500E+00  1.0000E+99
  3.5524E+00  1.0000E+99
  3.5548E+00  1.0000E+99
  3.5572E+00  1.0000E+99
  3.5597E+00  1.0000E+99
  3.5621E+00  1.0000E+99
  3.5645E+00  1.0000E+99
  3.5669E+00  1.0000E+99
  3.5693E+00  1.0000E+99
  3.5717E+00  1.0000E+99
  3.5742E+00  1.0000E+99
  3.5766E+00  1.0000E+99
  3.5790E+00  1.0000E+99
  3.5814E+00  1.0000E+99
  3.5838E+00  1.0000E+99
  3.5862E+00  1.0000E+99
  3.5887E+00  1.0000E+99
  3.5911E+00  1.0000E+99
  3.5935E+00  1.0000E+99
  3.5959E+00  1.0000E+99
  3.5983E+00  1.0000E+99
  3.6007E+00  1.0000E+99
  3.6032E+00  1.0000E+99
  3.6056E+00  1.0000E+99
  3.6080E+00  1.0000E+99
  3.6104E+00  1.0000E+99
  3.6128E+00  1.0000E+99
  3.6152E+00  1.0000E+99
  3.6177E+00  1.0000E+99
  3.6201E+00  1.0000E+99
  3.6225E+00  1.0000E+99
  3.6249E+00  1.0000E+99
  3.6273E+00  1.0000E+99
  3.6297E+00  1.0000E+99
  3.6322E+00  1.0000E+99
  3.6346E+00  1.0000E+99
  3.6370E+00  1.0000E+99
  3.6394E+00  1.0000E+99
  3.6418E+00  1.0000E+99
  3.6442E+00  1.0000E+99
  3.6467E+00  1.0000E+99
  3.6491E+00  1.0000E+99
  3.6515E+00  1.0000E+99
  3.6539E+00  1.0000E+99
  3.6563E+00  1.0000E+99
  3.6587E+00  1.0000E+99
  3.6612E+00  1.0000E+99
  3.6636E+00  1.0000E+99
  3.6660E+00  1.0000E+99
  3.6684E+00  1.0000E+99
  3.6708E+00  1.0000E+99
  3.6732E+00  1.0000E+99
  3.6757E+00  1.0000E+99
  3.6781E+00  1.0000E+99
  3.6805E+00  1.0000E+99
  3.6829E+00  1.0000E+99
  3.6853E+00  1.0000E+99
  3.6877E+00  1.0000E+99
  3.6902E+00  1.0000E+99
  3.6926E+00  1.0000E+99
  3.6950E+00  1.0000E+99
  3.6974E+00  1.0000E+99
  3.6998E+00  1.0000E+99
  3.7022E+00  1.0000E+99
  3.7047E+00  1.0000E+99
  3.7071E+00  1.0000E+99
  3.7095E+00  1.0000E+99
  3.7119E+00  1.0000E+99
  3.7143E+00  1.0000E+99
  3.7167E+00  1.0000E+99
  3.7192E+00  1.0000E+99
  3.7216E+00  1.0000E+99
  3.7240E+00  1.0000E+99
  3.7264E+00  1.0000E+99
  3.7288E+00  5.9597E-01
  3.7312E+00  6.2936E-01
  3.7337E+00  6.4466E-01
  3.7361E+00  6.5225E-01
  3.7385E+00  6.5562E-01
  3.7409E+00  6.5614E-01
  3.7433E+00  6.5458E-01
  3.7457E+00  6.5145E-01
  3.7482E+00  6.4709E-01
  3.7506E+00  6.4173E-01
  3.7530E+00  6.3557E-01
  3.7554E+00  6.3657E-01
  3.7578E+00  6.3326E-01
  3.7602E+00  6.3442E-01
  3.7627E+00  6.4306E-01
  3.7651E+00  6.4398E-01
  3.7675E+00  6.4234E-01
  3.7699E+00  6.3906E-01
  3.7723E+00  6.3203E-01
  3.7747E+00  6.2641E-01
  3.7772E+00  6.1978E-01
  3.7796E+00  6.1214E-01
  3.7820E+00  6.0338E-01
  3.7844E+00  5.9329E-01
  3.7868E+00  5.8126E-01
  3.7892E+00  5.6478E-01
  3.7917E+00  5.4809E-01
  3.7941E+00  5.4110E-01
  3.7965E+00  5.3418E-01
  3.7989E+00  5.2694E-01
  3.8013E+00  4.8737E-01
  3.8037E+00  4.7872E-01
  3.8062E+00  4.3233E-01
  3.8086E+00  4.2290E-01
  3.8110E+00  4.1269E-01
  3.8134E+00  4.0146E-01
  3.8158E+00  3.8898E-01
  3.8182E+00  3.7356E-01
  3.8207E+00  3.5209E-01
  3.8231E+00  3.4434E-01
  3.8255E+00  3.3566E-01
  3.8279E+00  3.2703E-01
  3.8303E+00  3.1784E-01
  3.8327E+00  3.0779E-01
  3.8352E+00  2.9655E-01
  3.8376E+00  2.8338E-01
  3.8400E+00  2.6454E-01
  3.8424E+00  2.5039E-01
  3.8448E+00  2.4326E-01
  3.8472E+00  2.3564E-01
  3.8497E+00  2.2744E-01
  3.8521E+00  2.1852E-01
  3.8545E+00  2.0865E-01
  3.8569E+00  1.9740E-01
  3.8593E+00  1.8353E-01
  3.8617E+00  1.5980E-01
  3.8642E+00  1.5438E-01
  3.8666E+00  1.4855E-01
  3.8690E+00  1.4531E-01
  3.8714E+00  1.4052E-01
  3.8738E+00  1.3395E-01
  3.8762E+00  1.2567E-01
  3.8787E+00  1.1442E-01
  3.8811E+00  9.7250E-02
  3.8835E+00  9.3581E-02
  3.8859E+00  8.9365E-02
  3.8883E+00  8.4488E-02
  3.8907E+00  7.8735E-02
  3.8932E+00  7.1643E-02
  3.8956E+00  6.1811E-02
  3.8980E+00  4.4706E-02
  3.9004E+00  4.3146E-02
  3.9028E+00  4.2429E-02
  3.9052E+00  4.1684E-02
  3.9077E+00  4.0904E-02
  3.9101E+00  4.0081E-02
  3.9125E+00  6.3422E-02
  3.9149E+00  7.1958E-02
  3.9173E+00  7.7727E-02
  3.9197E+00  8.2229E-02
  3.9222E+00  8.5683E-02
  3.9246E+00  8.8333E-02
  3.9270E+00  9.0316E-02
  3.9294E+00  1.0685E-01
  3.9318E+00  1.1526E-01
  3.9342E+00  1.2052E-01
  3.9367E+00  1.2241E-01
  3.9391E+00  1.2668E-01
  3.9415E+00  1.3013E-01
  3.9439E+00  1.7012E-01
  3.9463E+00  1.9388E-01
  3.9487E+00  2.0976E-01
  3.9512E+00  2.4528E-01
  3.9536E+00  2.6966E-01
  3.9560E+00  2.9085E-01
  3.9584E+00  3.0519E-01
  3.9608E+00  3.1766E-01
  3.9632E+00  3.2654E-01
  3.9657E+00  3.4493E-01
  3.9681E+00  3.7270E-01
  3.9705E+00  3.9191E-01
  3.9729E+00  4.0304E-01
  3.9753E+00  4.3287E-01
  3.9777E+00  4.6619E-01
  3.9802E+00  4.9834E-01
  3.9826E+00  5.2089E-01
  3.9850E+00  5.4520E-01
  3.9874E+00  5.6377E-01
  3.9898E+00  5.8147E-01
  3.9922E+00  5.9447E-01
  3.9947E+00  6.0173E-01
  3.9971E+00  6.0477E-01
  3.9995E+00  6.0420E-01
  4.0019E+00  6.0027E-01
  4.0043E+00  6.0488E-01
  4.0067E+00  6.0080E-01
  4.0092E+00  5.8424E-01
  4.0116E+00  5.9647E-01
  4.0140E+00  5.9813E-01
  4.0164E+00  5.9361E-01
  4.0188E+00  5.8446E-01
  4.0212E+00  5.7137E-01
  4.0237E+00  5.5351E-01
  4.0261E+00  5.3742E-01
  4.0285E+00  5.0256E-01
  4.0309E+00  4.7327E-01
  4.0333E+00  4.3438E-01
  4.0357E+00  4.0390E-01
  4.0382E+00  3.9348E-01
  4.0406E+00  3.7998E-01
  4.0430E+00  3.6045E-01
  4.0454E+00  3.4147E-01
  4.0478E+00  3.2449E-01
  4.0502E+00  3.0822E-01
  4.0527E+00  2.9777E-01
  4.0551E+00  2.8577E-01
  4.0575E+00  2.7192E-01
  4.0599E+00  2.5567E-01
  4.0623E+00  2.3510E-01
  4.0647E+00  2.0993E-01
  4.0672E+00  1.7666E-01
  4.0696E+00  1.6566E-01
  4.0720E+00  1.5207E-01
  4.0744E+00  1.2955E-01
  4.0768E+00  1.1762E-01
  4.0792E+00  1.1174E-01
  4.0817E+00  1.0514E-01
  4.0841E+00  9.7594E-02
  4.0865E+00  8.8622E-02
  4.0889E+00  8.4792E-02
  4.0913E+00  8.2213E-02
  4.0937E+00  9.0103E-02
  4.0962E+00  9.7103E-02
  4.0986E+00  9.8086E-02
  4.1010E+00  9.1159E-02
  4.1034E+00  9.0542E-02
  4.1058E+00  9.1925E-02
  4.1082E+00  9.5055E-02
  4.1107E+00  9.7556E-02
  4.1131E+00  9.9517E-02
  4.1155E+00  1.0100E-01
  4.1179E+00  1.0206E-01
  4.1203E+00  1.0274E-01
  4.1227E+00  1.0306E-01
  4.1252E+00  1.0304E-01
  4.1276E+00  1.0271E-01
  4.1300E+00  1.0208E-01
  4.1324E+00  1.0116E-01
  4.1348E+00  9.9948E-02
  4.1372E+00  9.8456E-02
  4.1397E+00  9.6678E-02
  4.1421E+00  9.4605E-02
  4.1445E+00  9.2224E-02
  4.1469E+00  8.9512E-02
  4.1493E+00  8.6435E-02
  4.1517E+00  8.2939E-02
  4.1542E+00  7.9789E-02
  4.1566E+00  8.4270E-02
  4.1590E+00  8.2498E-02
  4.1614E+00  7.7962E-02
  4.1638E+00  6.5149E-02
  4.1662E+00  7.3595E-02
  4.1687E+00  9.4236E-02
  4.1711E+00  1.0476E-01
  4.1735E+00  1.1159E-01
  4.1759E+00  1.1621E-01
  4.1783E+00  1.1921E-01
  4.1807E+00  1.2086E-01
  4.1832E+00  1.2779E-01
  4.1856E+00  1.3243E-01
  4.1880E+00  1.3338E-01
  4.1904E+00  1.2887E-01
  4.1928E+00  1.3050E-01
  4.1952E+00  1.3117E-01
  4.1977E+00  1.3096E-01
  4.2001E+00  1.2991E-01
  4.2025E+00  1.2802E-01
  4.2049E+00  1.2524E-01
  4.2073E+00  1.2144E-01
  4.2097E+00  1.1628E-01
  4.2122E+00  1.1041E-01
  4.2146E+00  1.0217E-01
  4.2170E+00  9.9220E-02
  4.2194E+00  9.5020E-02
  4.2218E+00  8.8688E-02
  4.2242E+00  7.6729E-02
  4.2267E+00  7.6140E-02
  4.2291E+00  7.5356E-02
  4.2315E+00  7.4380E-02
  4.2339E+00  8.1404E-02
  4.2363E+00  8.6375E-02
  4.2387E+00  8.6039E-02
  4.2412E+00  8.6549E-02
  4.2436E+00  8.6010E-02
  4.2460E+00  8.5059E-02
  4.2484E+00  8.3226E-02
  4.2508E+00  8.0361E-02
  4.2532E+00  7.6395E-02
  4.2556E+00  7.0827E-02
  4.2581E+00  6.2298E-02
  4.2605E+00  7.5610E-02
  4.2629E+00  7.8802E-02
  4.2653E+00  7.8010E-02
  4.2677E+00  7.1212E-02
  4.2701E+00  7.2848E-02
  4.2726E+00  7.3701E-02
  4.2750E+00  7.3862E-02
  4.2774E+00  7.3356E-02
  4.2798E+00  7.2134E-02
  4.2822E+00  7.3431E-02
  4.2846E+00  7.1657E-02
  4.2871E+00  6.8358E-02
  4.2895E+00  6.9249E-02
  4.2919E+00  6.9655E-02
  4.2943E+00  7.7691E-02
  4.2967E+00  8.2157E-02
  4.2991E+00  8.7934E-02
  4.3016E+00  9.2405E-02
  4.3040E+00  9.5128E-02
  4.3064E+00  9.6657E-02
  4.3088E+00  9.7253E-02
  4.3112E+00  9.7017E-02
  4.3136E+00  1.0119E-01
  4.3161E+00  1.0843E-01
  4.3185E+00  1.0992E-01
  4.3209E+00  1.0816E-01
  4.3233E+00  9.9202E-02
  4.3257E+00  9.7999E-02
  4.3281E+00  9.9421E-02
  4.3306E+00  1.0023E-01
  4.3330E+00  1.0050E-01
  4.3354E+00  1.0699E-01
  4.3378E+00  1.1336E-01
  4.3402E+00  1.1627E-01
  4.3426E+00  1.1758E-01
  4.3451E+00  1.1769E-01
  4.3475E+00  1.2912E-01
  4.3499E+00  1.3647E-01
  4.3523E+00  1.3891E-01
  4.3547E+00  1.3792E-01
  4.3571E+00  1.2981E-01
  4.3596E+00  1.3123E-01
  4.3620E+00  1.3641E-01
  4.3644E+00  1.3934E-01
  4.3668E+00  1.4007E-01
  4.3692E+00  1.4499E-01
  4.3716E+00  1.4816E-01
  4.3741E+00  1.4803E-01
  4.3765E+00  1.4569E-01
  4.3789E+00  1.4088E-01
  4.3813E+00  1.4116E-01
  4.3837E+00  1.4011E-01
  4.3861E+00  1.3910E-01
  4.3886E+00  1.3568E-01
  4.3910E+00  1.2734E-01
  4.3934E+00  1.2319E-01
  4.3958E+00  1.3355E-01
  4.3982E+00  1.2915E-01
  4.4006E+00  1.3045E-01
  4.4031E+00  1.2975E-01
  4.4055E+00  1.2720E-01
  4.4079E+00  1.2242E-01
  4.4103E+00  1.1520E-01
  4.4127E+00  1.0862E-01
  4.4151E+00  9.5671E-02
  4.4176E+00  8.7638E-02
  4.4200E+00  8.6497E-02
  4.4224E+00  8.4925E-02
  4.4248E+00  8.2914E-02
  4.4272E+00  8.0441E-02
  4.4296E+00  7.7461E-02
  4.4321E+00  7.3891E-02
  4.4345E+00  6.9564E-02
  4.4369E+00  6.4051E-02
  4.4393E+00  5.4178E-02
  4.4417E+00  5.0838E-02
  4.4441E+00  4.6835E-02
  4.4466E+00  4.1821E-02
  4.4490E+00  3.4722E-02
  4.4514E+00  2.2826E-02
  4.4538E+00  2.1969E-02
  4.4562E+00  2.1342E-02
  4.4586E+00  2.0661E-02
  4.4611E+00  2.3683E-02
  4.4635E+00  2.4770E-02
  4.4659E+00  2.5127E-02
  4.4683E+00  2.5024E-02
  4.4707E+00  2.4484E-02
  4.4731E+00  2.3293E-02
  4.4756E+00  2.0590E-02
  4.4780E+00  2.0937E-02
  4.4804E+00  2.4876E-02
  4.4828E+00  4.1631E-02
  4.4852E+00  4.9034E-02
  4.4876E+00  6.7943E-02
  4.4901E+00  7.8008E-02
  4.4925E+00  8.4013E-02
  4.4949E+00  8.7471E-02
  4.4973E+00  8.8847E-02
  4.4997E+00  8.8153E-02
  4.5021E+00  8.4521E-02
  4.5046E+00  7.8049E-02
  4.5070E+00  7.7498E-02
  4.5094E+00  7.6210E-02
  4.5118E+00  8.2752E-02
  4.5142E+00  8.4049E-02
  4.5166E+00  8.2820E-02
  4.5191E+00  7.8830E-02
  4.5215E+00  7.1961E-02
  4.5239E+00  7.0946E-02
  4.5263E+00  6.9123E-02
  4.5287E+00  8.0364E-02
  4.5311E+00  8.0830E-02
  4.5336E+00  8.2103E-02
  4.5360E+00  9.5457E-02
  4.5384E+00  9.8860E-02
  4.5408E+00  1.0395E-01
  4.5432E+00  1.0092E-01
  4.5456E+00  1.0702E-01
  4.5481E+00  1.1098E-01
  4.5505E+00  1.1345E-01
  4.5529E+00  1.1468E-01
  4.5553E+00  1.1482E-01
  4.5577E+00  1.1392E-01
  4.5601E+00  1.1201E-01
  4.5626E+00  1.0895E-01
  4.5650E+00  1.0499E-01
  4.5674E+00  1.0174E-01
  4.5698E+00  1.0187E-01
  4.5722E+00  1.0023E-01
  4.5746E+00  9.3823E-02
  4.5771E+00  1.0383E-01
  4.5795E+00  1.0429E-01
  4.5819E+00  9.7537E-02
  4.5843E+00  9.2625E-02
  4.5867E+00  8.7723E-02
  4.5891E+00  8.1541E-02
  4.5916E+00  7.6058E-02
  4.5940E+00  7.4962E-02
  4.5964E+00  7.9842E-02
  4.5988E+00  8.1951E-02
  4.6012E+00  8.5896E-02
  4.6036E+00  8.3876E-02
  4.6061E+00  8.4946E-02
  4.6085E+00  8.6204E-02
  4.6109E+00  8.5776E-02
  4.6133E+00  9.3841E-02
  4.6157E+00  9.4030E-02
  4.6181E+00  9.0350E-02
  4.6206E+00  9.3008E-02
  4.6230E+00  9.3731E-02
  4.6254E+00  9.5195E-02
  4.6278E+00  9.6306E-02
  4.6302E+00  1.0236E-01
  4.6326E+00  1.0539E-01
  4.6351E+00  1.2314E-01
  4.6375E+00  1.3030E-01
  4.6399E+00  1.3413E-01
  4.6423E+00  1.3584E-01
  4.6447E+00  1.3585E-01
  4.6471E+00  1.3430E-01
  4.6496E+00  1.3117E-01
  4.6520E+00  1.2614E-01
  4.6544E+00  1.1658E-01
  4.6568E+00  1.1082E-01
  4.6592E+00  1.0586E-01
  4.6616E+00  9.9381E-02
  4.6641E+00  9.0439E-02
  4.6665E+00  4.3289E-02
  4.6689E+00  4.7057E-02
  4.6713E+00  4.7022E-02
  4.6737E+00  4.4764E-02
  4.6761E+00  4.3000E-02
  4.6786E+00  4.1925E-02
  4.6810E+00  4.3306E-02
  4.6834E+00  4.3641E-02
  4.6858E+00  4.3055E-02
  4.6882E+00  4.1470E-02
  4.6906E+00  3.8476E-02
  4.6931E+00  3.0256E-02
  4.6955E+00  3.3783E-02
  4.6979E+00  3.9659E-02
  4.7003E+00  4.2729E-02
  4.7027E+00  4.6558E-02
  4.7051E+00  5.3354E-02
  4.7076E+00  5.6772E-02
  4.7100E+00  6.1742E-02
  4.7124E+00  6.8665E-02
  4.7148E+00  7.2220E-02
  4.7172E+00  7.4384E-02
  4.7196E+00  8.5891E-02
  4.7221E+00  9.3543E-02
  4.7245E+00  9.7114E-02
  4.7269E+00  9.9920E-02
  4.7293E+00  1.0131E-01
  4.7317E+00  1.1250E-01
  4.7341E+00  1.1853E-01
  4.7366E+00  1.2048E-01
  4.7390E+00  1.1951E-01
  4.7414E+00  1.1343E-01
  4.7438E+00  1.1064E-01
  4.7462E+00  1.1347E-01
  4.7486E+00  1.2395E-01
  4.7511E+00  1.3711E-01
  4.7535E+00  1.4133E-01
  4.7559E+00  1.3985E-01
  4.7583E+00  1.3964E-01
  4.7607E+00  1.3695E-01
  4.7631E+00  1.3166E-01
  4.7656E+00  1.2872E-01
  4.7680E+00  1.2683E-01
  4.7704E+00  1.1757E-01
  4.7728E+00  1.0768E-01
  4.7752E+00  9.6866E-02
  4.7776E+00  1.0449E-01
  4.7801E+00  1.1366E-01
  4.7825E+00  1.1787E-01
  4.7849E+00  1.1925E-01
  4.7873E+00  1.1844E-01
  4.7897E+00  1.1557E-01
  4.7921E+00  1.1021E-01
  4.7946E+00  1.0250E-01
  4.7970E+00  9.0724E-02
  4.7994E+00  8.9207E-02
  4.8018E+00  9.0335E-02
  4.8042E+00  9.4094E-02
  4.8066E+00  9.5132E-02
  4.8091E+00  9.4249E-02
  4.8115E+00  9.0301E-02
  4.8139E+00  8.5202E-02
  4.8163E+00  9.6504E-02
  4.8187E+00  1.0072E-01
  4.8211E+00  1.0097E-01
  4.8236E+00  9.7808E-02
  4.8260E+00  8.6682E-02
  4.8284E+00  8.6608E-02
  4.8308E+00  9.4145E-02
  4.8332E+00  9.3846E-02
  4.8356E+00  9.1361E-02
  4.8381E+00  9.3060E-02
  4.8405E+00  9.3649E-02
  4.8429E+00  1.1767E-01
  4.8453E+00  1.3195E-01
  4.8477E+00  1.3793E-01
  4.8501E+00  1.4283E-01
  4.8526E+00  1.4511E-01
  4.8550E+00  1.4514E-01
  4.8574E+00  1.4299E-01
  4.8598E+00  1.3828E-01
  4.8622E+00  1.2730E-01
  4.8646E+00  1.2216E-01
  4.8671E+00  1.1872E-01
  4.8695E+00  1.1414E-01
  4.8719E+00  1.0834E-01
  4.8743E+00  1.0116E-01
  4.8767E+00  9.2311E-02
  4.8791E+00  8.1261E-02
  4.8816E+00  6.6719E-02
  4.8840E+00  4.0164E-02
  4.8864E+00  2.0012E-02
  4.8888E+00  2.1799E-02
  4.8912E+00  1.9717E-02
  4.8936E+00  2.0410E-02
  4.8961E+00  1.8262E-02
  4.8985E+00  1.9079E-02
  4.9009E+00  1.9414E-02
  4.9033E+00  1.9324E-02
  4.9057E+00  1.8827E-02
  4.9081E+00  1.7913E-02
  4.9106E+00  1.6531E-02
  4.9130E+00  2.0564E-02
  4.9154E+00  2.8411E-02
  4.9178E+00  2.8749E-02
  4.9202E+00  2.7232E-02
  4.9226E+00  2.9785E-02
  4.9251E+00  3.1611E-02
  4.9275E+00  3.3174E-02
  4.9299E+00  3.4986E-02
  4.9323E+00  4.0262E-02
  4.9347E+00  4.2592E-02
  4.9371E+00  4.3926E-02
  4.9396E+00  4.4575E-02
  4.9420E+00  4.4653E-02
  4.9444E+00  4.4205E-02
  4.9468E+00  4.3235E-02
  4.9492E+00  4.1710E-02
  4.9516E+00  5.3838E-02
  4.9540E+00  5.9913E-02
  4.9565E+00  6.1014E-02
  4.9589E+00  5.6866E-02
  4.9613E+00  5.4146E-02
  4.9637E+00  6.1278E-02
  4.9661E+00  6.4049E-02
  4.9685E+00  6.5242E-02
  4.9710E+00  6.5546E-02
  4.9734E+00  6.4748E-02
  4.9758E+00  6.2742E-02
  4.9782E+00  5.8882E-02
  4.9806E+00  5.3864E-02
  4.9830E+00  5.1024E-02
  4.9855E+00  4.7163E-02
  4.9879E+00  4.1520E-02
  4.9903E+00  2.9930E-02
  4.9927E+00  2.8930E-02
  4.9951E+00  2.7655E-02
  4.9975E+00  2.5966E-02
  5.0000E+00  2.3375E-02
  5.0024E+00  1.9904E-02
  5.0048E+00  1.9641E-02
  5.0072E+00  1.9341E-02
  5.0096E+00  1.9000E-02
  5.0120E+00  1.8618E-02
  5.0145E+00  2.0142E-02
  5.0169E+00  3.2252E-02
  5.0193E+00  3.9496E-02
  5.0217E+00  4.3775E-02
  5.0241E+00  4.6575E-02
  5.0265E+00  6.3525E-02
  5.0290E+00  7.1339E-02
  5.0314E+00  7.6158E-02
  5.0338E+00  7.8600E-02
  5.0362E+00  7.8672E-02
  5.0386E+00  7.8124E-02
  5.0410E+00  7.8297E-02
  5.0435E+00  7.7501E-02
  5.0459E+00  7.5748E-02
  5.0483E+00  8.5883E-02
  5.0507E+00  8.9081E-02
  5.0531E+00  8.8261E-02
  5.0555E+00  8.4242E-02
  5.0580E+00  7.5951E-02
  5.0604E+00  5.3409E-02
  5.0628E+00  5.4556E-02
  5.0652E+00  5.5220E-02
  5.0676E+00  5.5450E-02
  5.0700E+00  5.5279E-02
  5.0725E+00  6.1171E-02
  5.0749E+00  7.5199E-02
  5.0773E+00  8.1965E-02
  5.0797E+00  8.7457E-02
  5.0821E+00  9.0017E-02
  5.0845E+00  9.0863E-02
  5.0870E+00  9.0162E-02
  5.0894E+00  8.9625E-02
  5.0918E+00  8.5852E-02
  5.0942E+00  7.7016E-02
  5.0966E+00  7.7890E-02
  5.0990E+00  7.8182E-02
  5.1015E+00  7.7943E-02
  5.1039E+00  8.0676E-02
  5.1063E+00  8.3382E-02
  5.1087E+00  8.3841E-02
  5.1111E+00  8.3085E-02
  5.1135E+00  8.1266E-02
  5.1160E+00  7.8297E-02
  5.1184E+00  7.3782E-02
  5.1208E+00  6.6048E-02
  5.1232E+00  5.6630E-02
  5.1256E+00  5.4661E-02
  5.1280E+00  5.4040E-02
  5.1305E+00  5.3592E-02
  5.1329E+00  5.4075E-02
  5.1353E+00  5.4823E-02
  5.1377E+00  5.4861E-02
  5.1401E+00  5.4554E-02
  5.1425E+00  5.4208E-02
  5.1450E+00  5.3675E-02
  5.1474E+00  5.2778E-02
  5.1498E+00  5.4857E-02
  5.1522E+00  6.0026E-02
  5.1546E+00  6.1430E-02
  5.1570E+00  6.1384E-02
  5.1595E+00  6.0185E-02
  5.1619E+00  6.1551E-02
  5.1643E+00  6.3166E-02
  5.1667E+00  5.7772E-02
  5.1691E+00  5.7980E-02
  5.1715E+00  5.8525E-02
  5.1740E+00  5.8328E-02
  5.1764E+00  5.7453E-02
  5.1788E+00  5.5905E-02
  5.1812E+00  5.3637E-02
  5.1836E+00  5.0472E-02
  5.1860E+00  4.5937E-02
  5.1885E+00  4.1658E-02
  5.1909E+00  3.5476E-02
  5.1933E+00  2.6222E-02
  5.1957E+00  2.0942E-02
  5.1981E+00  1.6979E-02
  5.2005E+00  1.6247E-02
  5.2030E+00  1.5420E-02
  5.2054E+00  1.4450E-02
  5.2078E+00  1.3161E-02
  5.2102E+00  1.5225E-02
  5.2126E+00  1.7957E-02
  5.2150E+00  1.9159E-02
  5.2175E+00  1.9668E-02
  5.2199E+00  1.9636E-02
  5.2223E+00  1.8922E-02
  5.2247E+00  1.7751E-02
  5.2271E+00  1.7736E-02
  5.2295E+00  1.7521E-02
  5.2320E+00  1.7655E-02
  5.2344E+00  1.8965E-02
  5.2368E+00  3.3558E-02
  5.2392E+00  3.8767E-02
  5.2416E+00  4.1429E-02
  5.2440E+00  4.3768E-02
  5.2465E+00  4.5024E-02
  5.2489E+00  5.2957E-02
  5.2513E+00  5.7263E-02
  5.2537E+00  5.8474E-02
  5.2561E+00  6.1537E-02
  5.2585E+00  6.3573E-02
  5.2610E+00  6.4789E-02
  5.2634E+00  6.5297E-02
  5.2658E+00  6.5163E-02
  5.2682E+00  6.8403E-02
  5.2706E+00  7.6004E-02
  5.2730E+00  7.8414E-02
  5.2755E+00  7.8829E-02
  5.2779E+00  7.7738E-02
  5.2803E+00  7.5231E-02
  5.2827E+00  7.1154E-02
  5.2851E+00  6.4912E-02
  5.2875E+00  5.3508E-02
  5.2900E+00  4.4132E-02
  5.2924E+00  3.5037E-02
  5.2948E+00  3.7428E-02
  5.2972E+00  3.8306E-02
  5.2996E+00  3.8583E-02
  5.3020E+00  3.8413E-02
  5.3045E+00  3.7853E-02
  5.3069E+00  3.6923E-02
  5.3093E+00  3.5618E-02
  5.3117E+00  3.3912E-02
  5.3141E+00  3.2263E-02
  5.3165E+00  3.7720E-02
  5.3190E+00  4.0513E-02
  5.3214E+00  3.9303E-02
  5.3238E+00  3.0856E-02
  5.3262E+00  2.9832E-02
  5.3286E+00  3.1071E-02
  5.3310E+00  3.5154E-02
  5.3335E+00  3.7263E-02
  5.3359E+00  3.8495E-02
  5.3383E+00  3.9142E-02
  5.3407E+00  4.3986E-02
  5.3431E+00  4.5667E-02
  5.3455E+00  4.6249E-02
  5.3480E+00  4.6012E-02
  5.3504E+00  4.5004E-02
  5.3528E+00  4.3138E-02
  5.3552E+00  4.0087E-02
  5.3576E+00  3.4330E-02
  5.3600E+00  2.8745E-02
  5.3625E+00  2.8402E-02
  5.3649E+00  2.8356E-02
  5.3673E+00  2.8160E-02
  5.3697E+00  2.7813E-02
  5.3721E+00  2.7306E-02
  5.3745E+00  2.6625E-02
  5.3770E+00  2.5741E-02
  5.3794E+00  2.4601E-02
  5.3818E+00  2.3087E-02
  5.3842E+00  2.0806E-02
  5.3866E+00  1.7277E-02
  5.3890E+00  1.7050E-02
  5.3915E+00  1.6790E-02
  5.3939E+00  1.6497E-02
  5.3963E+00  1.6169E-02
  5.3987E+00  1.5804E-02
  5.4011E+00  1.5399E-02
  5.4035E+00  1.4948E-02
  5.4060E+00  1.4443E-02
  5.4084E+00  1.3866E-02
  5.4108E+00  1.3151E-02
  5.4132E+00  1.2358E-02
  5.4156E+00  1.1856E-02
  5.4180E+00  1.1310E-02
  5.4205E+00  1.0714E-02
  5.4229E+00  1.0060E-02
  5.4253E+00  9.3360E-03
  5.4277E+00  9.1025E-03
  5.4301E+00  8.6701E-03
  5.4325E+00  7.8871E-03
  5.4350E+00  6.7516E-03
  5.4374E+00  4.8464E-03
  5.4398E+00  2.9179E-03
  5.4422E+00  2.0850E-03
  5.4446E+00  4.6305E-03
  5.4470E+00  1.4787E-02
  5.4495E+00  1.9285E-02
  5.4519E+00  2.2584E-02
  5.4543E+00  2.5067E-02
  5.4567E+00  2.6887E-02
  5.4591E+00  2.8231E-02
  5.4615E+00  2.9192E-02
  5.4640E+00  2.9826E-02
  5.4664E+00  3.0172E-02
  5.4688E+00  3.0253E-02
  5.4712E+00  3.0088E-02
  5.4736E+00  2.9685E-02
  5.4760E+00  2.9047E-02
  5.4785E+00  2.8171E-02
  5.4809E+00  2.7046E-02
  5.4833E+00  2.5650E-02
  5.4857E+00  2.6448E-02
  5.4881E+00  2.5757E-02
  5.4905E+00  2.4149E-02
  5.4930E+00  2.1602E-02
  5.4954E+00  1.7431E-02
  5.4978E+00  9.4739E-03
  5.5002E+00  9.7416E-03
  5.5026E+00  9.9186E-03
  5.5050E+00  1.8324E-02
  5.5075E+00  2.3350E-02
  5.5099E+00  2.9544E-02
  5.5123E+00  3.4885E-02
  5.5147E+00  3.8724E-02
  5.5171E+00  4.1799E-02
  5.5195E+00  4.4174E-02
  5.5220E+00  4.6006E-02
  5.5244E+00  4.7388E-02
  5.5268E+00  4.8377E-02
  5.5292E+00  4.9012E-02
  5.5316E+00  4.9316E-02
  5.5340E+00  4.9304E-02
  5.5365E+00  4.8977E-02
  5.5389E+00  4.8327E-02
  5.5413E+00  4.7329E-02
  5.5437E+00  4.5934E-02
  5.5461E+00  4.4044E-02
  5.5485E+00  4.7208E-02
  5.5510E+00  4.6241E-02
  5.5534E+00  4.0616E-02
  5.5558E+00  4.4958E-02
  5.5582E+00  4.7936E-02
  5.5606E+00  5.0028E-02
  5.5630E+00  5.1618E-02
  5.5655E+00  5.2843E-02
  5.5679E+00  5.3773E-02
  5.5703E+00  5.4452E-02
  5.5727E+00  5.4910E-02
  5.5751E+00  5.5167E-02
  5.5775E+00  5.5239E-02
  5.5800E+00  6.0394E-02
  5.5824E+00  6.6194E-02
  5.5848E+00  6.9452E-02
  5.5872E+00  7.1440E-02
  5.5896E+00  7.2655E-02
  5.5920E+00  7.3283E-02
  5.5945E+00  7.3415E-02
  5.5969E+00  7.3103E-02
  5.5993E+00  7.2370E-02
  5.6017E+00  7.1220E-02
  5.6041E+00  6.9636E-02
  5.6065E+00  6.7574E-02
  5.6090E+00  6.4937E-02
  5.6114E+00  6.1489E-02
  5.6138E+00  5.5424E-02
  5.6162E+00  5.2194E-02
  5.6186E+00  4.7169E-02
  5.6210E+00  4.1486E-02
  5.6235E+00  4.0679E-02
  5.6259E+00  3.9709E-02
  5.6283E+00  3.8220E-02
  5.6307E+00  3.5878E-02
  5.6331E+00  3.3137E-02
  5.6355E+00  3.2481E-02
  5.6380E+00  3.1718E-02
  5.6404E+00  3.0840E-02
  5.6428E+00  3.5492E-02
  5.6452E+00  3.9122E-02
  5.6476E+00  4.0447E-02
  5.6500E+00  4.3888E-02
  5.6525E+00  4.4599E-02
  5.6549E+00  4.3762E-02
  5.6573E+00  4.0656E-02
  5.6597E+00  3.8360E-02
  5.6621E+00  3.7475E-02
  5.6645E+00  3.5998E-02
  5.6669E+00  3.3868E-02
  5.6694E+00  3.0941E-02
  5.6718E+00  2.6864E-02
  5.6742E+00  2.0038E-02
  5.6766E+00  1.2203E-02
  5.6790E+00  8.3705E-03
  5.6814E+00  6.0300E-03
  5.6839E+00  5.9512E-03
  5.6863E+00  5.8689E-03
  5.6887E+00  5.7829E-03
  5.6911E+00  5.6931E-03
  5.6935E+00  5.5993E-03
  5.6959E+00  5.5012E-03
  5.6984E+00  9.6647E-03
  5.7008E+00  1.1609E-02
  5.7032E+00  1.2916E-02
  5.7056E+00  1.3900E-02
  5.7080E+00  1.4672E-02
  5.7104E+00  1.5287E-02
  5.7129E+00  1.5776E-02
  5.7153E+00  1.9264E-02
  5.7177E+00  2.8226E-02
  5.7201E+00  3.2496E-02
  5.7225E+00  3.5417E-02
  5.7249E+00  3.7535E-02
  5.7274E+00  3.9068E-02
  5.7298E+00  4.0122E-02
  5.7322E+00  4.0701E-02
  5.7346E+00  4.0982E-02
  5.7370E+00  4.1259E-02
  5.7394E+00  4.1277E-02
  5.7419E+00  4.1052E-02
  5.7443E+00  4.0594E-02
  5.7467E+00  3.9909E-02
  5.7491E+00  3.9611E-02
  5.7515E+00  4.5945E-02
  5.7539E+00  5.0750E-02
  5.7564E+00  5.2779E-02
  5.7588E+00  5.3437E-02
  5.7612E+00  5.3054E-02
  5.7636E+00  5.1678E-02
  5.7660E+00  4.9069E-02
  5.7684E+00  4.4869E-02
  5.7709E+00  3.7327E-02
  5.7733E+00  3.7145E-02
  5.7757E+00  3.6689E-02
  5.7781E+00  3.5965E-02
  5.7805E+00  3.4969E-02
  5.7829E+00  3.3685E-02
  5.7854E+00  3.2082E-02
  5.7878E+00  3.0986E-02
  5.7902E+00  2.9156E-02
  5.7926E+00  2.6090E-02
  5.7950E+00  2.2390E-02
  5.7974E+00  2.0500E-02
  5.7999E+00  5.4931E-02
  5.8023E+00  4.9999E-02
  5.8047E+00  4.1471E-02
  5.8071E+00  4.1051E-02
  5.8095E+00  4.5344E-02
  5.8119E+00  4.7097E-02
  5.8144E+00  4.7041E-02
  5.8168E+00  4.5754E-02
  5.8192E+00  4.3177E-02
  5.8216E+00  3.8615E-02
  5.8240E+00  2.8393E-02
  5.8264E+00  3.1097E-02
  5.8289E+00  3.2883E-02
  5.8313E+00  3.4261E-02
  5.8337E+00  3.5356E-02
  5.8361E+00  3.6226E-02
  5.8385E+00  3.6907E-02
  5.8409E+00  3.7420E-02
  5.8434E+00  3.7781E-02
  5.8458E+00  3.8001E-02
  5.8482E+00  3.8088E-02
  5.8506E+00  3.8046E-02
  5.8530E+00  4.3177E-02
  5.8554E+00  4.5630E-02
  5.8579E+00  4.6872E-02
  5.8603E+00  4.7437E-02
  5.8627E+00  4.7481E-02
  5.8651E+00  4.7064E-02
  5.8675E+00  4.6192E-02
  5.8699E+00  4.4822E-02
  5.8724E+00  4.2834E-02
  5.8748E+00  4.0636E-02
  5.8772E+00  3.5159E-02
  5.8796E+00  3.5423E-02
  5.8820E+00  3.3131E-02
  5.8844E+00  3.2804E-02
  5.8869E+00  3.3484E-02
  5.8893E+00  3.4038E-02
  5.8917E+00  3.4877E-02
  5.8941E+00  3.7916E-02
  5.8965E+00  3.9351E-02
  5.8989E+00  4.0380E-02
  5.9014E+00  4.1161E-02
  5.9038E+00  4.1756E-02
  5.9062E+00  4.2201E-02
  5.9086E+00  4.2517E-02
  5.9110E+00  4.2717E-02
  5.9134E+00  4.3211E-02
  5.9159E+00  4.3493E-02
  5.9183E+00  4.3592E-02
  5.9207E+00  4.3564E-02
  5.9231E+00  4.3426E-02
  5.9255E+00  4.3188E-02
  5.9279E+00  4.2854E-02
  5.9304E+00  4.2424E-02
  5.9328E+00  4.1899E-02
  5.9352E+00  4.1275E-02
  5.9376E+00  4.0547E-02
  5.9400E+00  3.9705E-02
  5.9424E+00  3.8734E-02
  5.9449E+00  3.7602E-02
  5.9473E+00  4.8546E-02
  5.9497E+00  4.9117E-02
  5.9521E+00  4.9485E-02
  5.9545E+00  4.8964E-02
  5.9569E+00  4.7494E-02
  5.9594E+00  4.6192E-02
  5.9618E+00  4.6466E-02
  5.9642E+00  4.5503E-02
  5.9666E+00  4.3627E-02
  5.9690E+00  4.0711E-02
  5.9714E+00  3.5680E-02
  5.9739E+00  2.9484E-02
  5.9763E+00  2.4742E-02
  5.9787E+00  2.4062E-02
  5.9811E+00  2.3109E-02
  5.9835E+00  2.1463E-02
  5.9859E+00  2.0657E-02
  5.9884E+00  2.1805E-02
  5.9908E+00  2.2325E-02
  5.9932E+00  2.2491E-02
  5.9956E+00  2.2430E-02
  5.9980E+00  2.2179E-02
  6.0004E+00  5.3408E-02
  6.0029E+00  5.0557E-02
  6.0053E+00  4.7027E-02
  6.0077E+00  4.1986E-02
  6.0101E+00  3.7589E-02
  6.0125E+00  3.2763E-02
  6.0149E+00  2.2727E-02
  6.0174E+00  2.1399E-02
  6.0198E+00  2.4786E-02
  6.0222E+00  2.6648E-02
  6.0246E+00  2.7997E-02
  6.0270E+00  2.8460E-02
  6.0294E+00  2.9447E-02
  6.0319E+00  3.3296E-02
  6.0343E+00  3.6271E-02
  6.0367E+00  3.8072E-02
  6.0391E+00  3.9266E-02
  6.0415E+00  4.0010E-02
  6.0439E+00  6.8944E-02
  6.0464E+00  7.0702E-02
  6.0488E+00  9.7007E-02
  6.0512E+00  1.0302E-01
  6.0536E+00  1.0541E-01
  6.0560E+00  1.0580E-01
  6.0584E+00  1.0457E-01
  6.0609E+00  1.0151E-01
  6.0633E+00  9.4849E-02
  6.0657E+00  8.8890E-02
  6.0681E+00  8.6593E-02
  6.0705E+00  8.0127E-02
  6.0729E+00  8.0526E-02
  6.0754E+00  8.0536E-02
  6.0778E+00  1.0285E-01
  6.0802E+00  1.0520E-01
  6.0826E+00  1.0662E-01
  6.0850E+00  1.0730E-01
  6.0874E+00  1.0731E-01
  6.0899E+00  1.0672E-01
  6.0923E+00  1.0554E-01
  6.0947E+00  1.0375E-01
  6.0971E+00  1.0667E-01
  6.0995E+00  1.0672E-01
  6.1019E+00  1.0432E-01
  6.1044E+00  9.7038E-02
  6.1068E+00  1.0095E-01
  6.1092E+00  1.0399E-01
  6.1116E+00  1.0566E-01
  6.1140E+00  1.0648E-01
  6.1164E+00  1.0664E-01
  6.1189E+00  1.0625E-01
  6.1213E+00  1.0536E-01
  6.1237E+00  1.0400E-01
  6.1261E+00  1.0217E-01
  6.1285E+00  9.9870E-02
  6.1309E+00  9.7610E-02
  6.1334E+00  9.4483E-02
  6.1358E+00  9.0595E-02
  6.1382E+00  8.5625E-02
  6.1406E+00  7.6764E-02
  6.1430E+00  7.3462E-02
  6.1454E+00  7.0279E-02
  6.1479E+00  6.6959E-02
  6.1503E+00  5.9857E-02
  6.1527E+00  5.4258E-02
  6.1551E+00  5.2257E-02
  6.1575E+00  4.8359E-02
  6.1599E+00  4.7711E-02
  6.1624E+00  4.6869E-02
  6.1648E+00  7.7410E-02
  6.1672E+00  7.7065E-02
  6.1696E+00  7.7716E-02
  6.1720E+00  7.6747E-02
  6.1744E+00  8.2621E-02
  6.1769E+00  8.6609E-02
  6.1793E+00  8.8234E-02
  6.1817E+00  8.8565E-02
  6.1841E+00  8.6560E-02
  6.1865E+00  8.6278E-02
  6.1889E+00  8.6817E-02
  6.1914E+00  8.6852E-02
  6.1938E+00  8.6404E-02
  6.1962E+00  8.5449E-02
  6.1986E+00  8.4989E-02
  6.2010E+00  8.2833E-02
  6.2034E+00  7.9099E-02
  6.2059E+00  7.8785E-02
  6.2083E+00  7.8198E-02
  6.2107E+00  7.7347E-02
  6.2131E+00  8.1936E-02
  6.2155E+00  8.8566E-02
  6.2179E+00  9.1363E-02
  6.2204E+00  9.2633E-02
  6.2228E+00  9.2782E-02
  6.2252E+00  9.1823E-02
  6.2276E+00  8.9292E-02
  6.2300E+00  8.2311E-02
  6.2324E+00  8.3323E-02
  6.2349E+00  8.4067E-02
  6.2373E+00  8.4569E-02
  6.2397E+00  8.4849E-02
  6.2421E+00  8.6317E-02
  6.2445E+00  8.6864E-02
  6.2469E+00  8.7033E-02
  6.2494E+00  8.6923E-02
  6.2518E+00  8.6566E-02
  6.2542E+00  8.5975E-02
  6.2566E+00  8.5148E-02
  6.2590E+00  8.4074E-02
  6.2614E+00  7.9679E-02
  6.2639E+00  7.8002E-02
  6.2663E+00  7.5860E-02
  6.2687E+00  7.2893E-02
  6.2711E+00  6.6389E-02
  6.2735E+00  6.6155E-02
  6.2759E+00  6.5845E-02
  6.2784E+00  6.5460E-02
  6.2808E+00  6.5003E-02
  4.4409E-14  6.4475E-02
  2.4166E-03  6.3876E-02
  4.8332E-03  6.3206E-02
  7.2498E-03  6.2464E-02
  9.6664E-03  6.1650E-02
  1.2083E-02  6.0761E-02
  1.4500E-02  5.9796E-02
  1.6916E-02  5.8749E-02
  1.9333E-02  5.7615E-02
  2.1749E-02  5.6387E-02
  2.4166E-02  5.5053E-02
  2.6583E-02  5.3599E-02
  2.8999E-02  5.2001E-02
  3.1416E-02  5.0222E-02
  3.3833E-02  4.8194E-02
  3.6249E-02  6.1449E-02
  3.8666E-02  5.6742E-02
  4.1082E-02  5.0685E-02
  4.3499E-02  4.7873E-02
  4.5916E-02  4.4236E-02
  4.8332E-02  3.7189E-02
  5.0749E-02  3.5061E-02
  5.3165E-02  3.4156E-02
  5.5582E-02  3.3160E-02
  5.7999E-02  3.2036E-02
  6.0415E-02  3.0686E-02
  6.2832E-02  2.8311E-02
  6.5248E-02  2.7538E-02
  6.7665E-02  2.6948E-02
  7.0082E-02  6.0602E-02
  7.2498E-02  5.8811E-02
  7.4915E-02  6.4278E-02
  7.7332E-02  6.5199E-02
  7.9748E-02  6.5112E-02
  8.2165E-02  6.4397E-02
  8.4581E-02  6.3179E-02
  8.6998E-02  6.1484E-02
  8.9415E-02  5.9256E-02
  9.1831E-02  5.6190E-02
  9.4248E-02  5.3071E-02
  9.6664E-02  5.1038E-02
  9.9081E-02  4.8311E-02
  1.0150E-01  4.4471E-02
  1.0391E-01  3.6439E-02
  1.0633E-01  3.6720E-02
  1.0875E-01  3.6743E-02
  1.1116E-01  3.6481E-02
  1.1358E-01  3.5794E-02
  1.1600E-01  3.5820E-02
  1.1841E-01  3.5743E-02
  1.2083E-01  3.5556E-02
  1.2325E-01  3.5217E-02
  1.2566E-01  3.4433E-02
  1.2808E-01  3.4335E-02
  1.3050E-01  3.4187E-02
  1.3291E-01  3.3990E-02
  1.3533E-01  3.3748E-02
  1.3775E-01  5.5398E-02
  1.4016E-01  5.5058E-02
  1.4258E-01  5.4594E-02
  1.4500E-01  5.4012E-02
  1.4741E-01  5.3316E-02
  1.4983E-01  5.2508E-02
  1.5225E-01  5.1591E-02
  1.5466E-01  5.0564E-02
  1.5708E-01  4.9428E-02
  1.5950E-01  4.8178E-02
  1.6191E-01  4.6810E-02
  1.6433E-01  4.5319E-02
  1.6675E-01  4.3693E-02
  1.6916E-01  4.1918E-02
  1.7158E-01  3.9975E-02
  1.7400E-01  3.7833E-02
  1.7641E-01  3.5446E-02
  1.7883E-01  3.2736E-02
  1.8125E-01  2.9560E-02
  1.8366E-01  2.5560E-02
  1.8608E-01  1.8669E-02
  1.8850E-01  1.3760E-02
  1.9091E-01  1.2163E-02
  1.9333E-01  1.1909E-02
  1.9575E-01  1.1616E-02
  1.9816E-01  1.1255E-02
  2.0058E-01  1.0624E-02
  2.0300E-01  1.0465E-02
  2.0541E-01  1.0289E-02
  2.0783E-01  1.0094E-02
  2.1025E-01  9.8735E-03
  2.1266E-01  1.1637E-02
  2.1508E-01  1.2340E-02
  2.1749E-01  1.2650E-02
  2.1991E-01  1.2406E-02
  2.2233E-01  1.2672E-02
  2.2474E-01  1.3064E-02
  2.2716E-01  1.3401E-02
  2.2958E-01  1.3695E-02
  2.3199E-01  1.3951E-02
  2.3441E-01  1.4176E-02
  2.3683E-01  1.4373E-02
  2.3924E-01  1.4829E-02
  2.4166E-01  1.5290E-02
  2.4408E-01  1.7383E-02
  2.4649E-01  1.8626E-02
  2.4891E-01  1.9526E-02
  2.5133E-01  2.0250E-02
  2.5374E-01  2.0858E-02
  2.5616E-01  2.1379E-02
  2.5858E-01  2.1830E-02
  2.6099E-01  2.2223E-02
  2.6341E-01  2.2566E-02
  2.6583E-01  2.2866E-02
  2.6824E-01  2.3127E-02
  2.7066E-01  2.3352E-02
  2.7308E-01  2.3546E-02
  2.7549E-01  2.3710E-02
  2.7791E-01  2.3847E-02
  2.8033E-01  2.3957E-02
  2.8274E-01  2.4044E-02
  2.8516E-01  2.4108E-02
  2.8758E-01  2.4150E-02
  2.8999E-01  2.4172E-02
  2.9241E-01  2.4174E-02
  2.9483E-01  2.4156E-02
  2.9724E-01  2.4120E-02
  2.9966E-01  2.4066E-02
  3.0208E-01  2.3995E-02
  3.0449E-01  2.3906E-02
  3.0691E-01  2.3801E-02
  3.0933E-01  2.3678E-02
  3.1174E-01  2.3538E-02
  3.1416E-01  2.3382E-02
  3.1658E-01  2.3208E-02
  3.1899E-01  2.3016E-02
  3.2141E-01  2.2806E-02
  3.2383E-01  2.2575E-02
  3.2624E-01  2.2323E-02
  3.2866E-01  2.2045E-02
  3.3108E-01  2.1734E-02
  3.3349E-01  2.1378E-02
  3.3591E-01  2.0924E-02
  3.3833E-01  2.0420E-02
  3.4074E-01  2.0184E-02
  3.4316E-01  1.9935E-02
  3.4558E-01  3.7915E-02
  3.4799E-01  3.6538E-02
  3.5041E-01  3.5100E-02
  3.5283E-01  3.3588E-02
  3.5524E-01  3.1984E-02
  3.5766E-01  3.0259E-02
  3.6007E-01  2.8364E-02
  3.6249E-01  2.6193E-02
  3.6491E-01  2.3578E-02
  3.6732E-01  2.0551E-02
  3.6974E-01  1.5984E-02
  3.7216E-01  1.5676E-02
  3.7457E-01  1.5349E-02
  3.7699E-01  1.4999E-02
  3.7941E-01  1.4621E-02
  3.8182E-01  1.4207E-02
  3.8424E-01  1.3743E-02
  3.8666E-01  1.3200E-02
  3.8907E-01  1.2496E-02
  3.9149E-01  1.1184E-02
  3.9391E-01  1.1083E-02
  3.9632E-01  1.0979E-02
  3.9874E-01  1.0872E-02
  4.0116E-01  1.0761E-02
  4.0357E-01  1.0647E-02
  4.0599E-01  1.0531E-02
  4.0841E-01  1.0410E-02
  4.1082E-01  1.0286E-02
  4.1324E-01  1.0158E-02
  4.1566E-01  1.0026E-02
  4.1807E-01  9.8903E-03
  4.2049E-01  9.7495E-03
  4.2291E-01  9.6036E-03
  4.2532E-01  9.4520E-03
  4.2774E-01  9.2939E-03
  4.3016E-01  9.1285E-03
  4.3257E-01  8.9543E-03
  4.3499E-01  8.7694E-03
  4.3741E-01  8.5709E-03
  4.3982E-01  8.3538E-03
  4.4224E-01  8.1089E-03
  4.4466E-01  7.8135E-03
  4.4707E-01  7.3517E-03
  4.4949E-01  7.0486E-03
  4.5191E-01  6.9803E-03
  4.5432E-01  6.9111E-03
  4.5674E-01  6.8410E-03
  4.5916E-01  6.7699E-03
  4.6157E-01  6.6980E-03
  4.6399E-01  6.6251E-03
  4.6641E-01  6.5514E-03
  4.6882E-01  6.4768E-03
  4.7124E-01  6.4012E-03
  4.7366E-01  6.3248E-03
  4.7607E-01  6.2474E-03
  4.7849E-01  6.1691E-03
  4.8091E-01  6.0899E-03
  4.8332E-01  6.0098E-03
  4.8574E-01  5.9287E-03
  4.8816E-01  5.8467E-03
  4.9057E-01  5.7637E-03
  4.9299E-01  5.6797E-03
  4.9540E-01  5.5947E-03
  4.9782E-01  5.5087E-03
  5.0024E-01  5.4215E-03
  5.0265E-01  5.3334E-03
  5.0507E-01  5.2440E-03
  5.0749E-01  5.1536E-03
  5.0990E-01  5.0619E-03
  5.1232E-01  4.9689E-03
  5.1474E-01  4.8747E-03
  5.1715E-01  4.7791E-03
  5.1957E-01  4.6821E-03
  5.2199E-01  4.5836E-03
  5.2440E-01  4.4836E-03
  5.2682E-01  4.3818E-03
  5.2924E-01  4.2784E-03
  5.3165E-01  4.1730E-03
  5.3407E-01  4.0656E-03
  5.3649E-01  3.9561E-03
  5.3890E-01  3.8443E-03
  5.4132E-01  3.7299E-03
  5.4374E-01  3.6129E-03
  5.4615E-01  3.4928E-03
  5.4857E-01  3.3694E-03
  5.5099E-01  3.2424E-03
  5.5340E-01  3.1113E-03
  5.5582E-01  3.3188E-03
  5.5824E-01  3.3666E-03
  5.6065E-01  3.3547E-03
  5.6307E-01  3.3106E-03
  5.6549E-01  3.2426E-03
  5.6790E-01  3.1533E-03
  5.7032E-01  3.0428E-03
  5.7274E-01  2.9089E-03
  5.7515E-01  2.7460E-03
  5.7757E-01  2.5432E-03
  5.7999E-01  2.2732E-03
  5.8240E-01  1.8240E-03
  5.8482E-01  1.3803E-03
  5.8724E-01  1.4269E-03
  5.8965E-01  2.0118E-03
  5.9207E-01  2.4872E-03
  5.9449E-01  2.8135E-03
  5.9690E-01  3.0785E-03
  5.9932E-01  3.3068E-03
  6.0174E-01  3.5095E-03
  6.0415E-01  3.6928E-03
  6.0657E-01  4.2729E-03
  6.0899E-01  4.6261E-03
  6.1140E-01  4.9156E-03
  6.1382E-01  5.1696E-03
  6.1624E-01  5.3990E-03
  6.1865E-01  5.6094E-03
  6.2107E-01  5.8044E-03
  6.2349E-01  5.9864E-03
  6.2590E-01  6.1572E-03
  6.2832E-01  6.3181E-03
  6.3074E-01  6.4702E-03
  6.3315E-01  6.6143E-03
  6.3557E-01  6.7513E-03
  6.3798E-01  6.8816E-03
  6.4040E-01  7.0059E-03
  6.4282E-01  7.1245E-03
  6.4523E-01  7.2379E-03
  6.4765E-01  7.3464E-03
  6.5007E-01  7.4503E-03
  6.5248E-01  5.3805E-03
  6.5490E-01  5.4596E-03
  6.5732E-01  5.5354E-03
  6.5973E-01  5.6080E-03
  6.6215E-01  5.6776E-03
  6.6457E-01  5.7443E-03
  6.6698E-01  5.8084E-03
  6.6940E-01  5.8699E-03
  6.7182E-01  5.9289E-03
  6.7423E-01  5.9856E-03
  6.7665E-01  6.0401E-03
  6.7907E-01  6.0924E-03
  6.8148E-01  6.4855E-03
  6.8390E-01  6.7040E-03
  6.8632E-01  6.8745E-03
  6.8873E-01  7.0207E-03
  6.9115E-01  7.1512E-03
  6.9357E-01  7.2700E-03
  6.9598E-01  7.3797E-03
  6.9840E-01  7.4818E-03
  7.0082E-01  7.5774E-03
  7.0323E-01  7.6675E-03
  7.0565E-01  7.7526E-03
  7.0807E-01  2.9097E-02
  7.1048E-01  2.8853E-02
  7.1290E-01  2.8565E-02
  7.1532E-01  2.8230E-02
  7.1773E-01  2.7850E-02
  7.2015E-01  2.7423E-02
  7.2257E-01  2.6948E-02
  7.2498E-01  2.6422E-02
  7.2740E-01  2.5844E-02
  7.2982E-01  2.5208E-02
  7.3223E-01  2.4510E-02
  7.3465E-01  2.3743E-02
  7.3707E-01  2.2897E-02
  7.3948E-01  2.1960E-02
  7.4190E-01  2.0911E-02
  7.4432E-01  1.9721E-02
  7.4673E-01  1.8338E-02
  7.4915E-01  1.6664E-02
  7.5157E-01  1.4443E-02
  7.5398E-01  9.6990E-03
  7.5640E-01  8.8634E-03
  7.5882E-01  8.8951E-03
  7.6123E-01  8.9254E-03
  7.6365E-01  8.9544E-03
  7.6607E-01  8.9821E-03
  7.6848E-01  9.0085E-03
  7.7090E-01  9.0338E-03
  7.7332E-01  9.0579E-03
  7.7573E-01  9.0808E-03
  7.7815E-01  9.1027E-03
  7.8056E-01  9.1235E-03
  7.8298E-01  9.1433E-03
  7.8540E-01  9.1621E-03
  7.8781E-01  9.1799E-03
  7.9023E-01  9.1968E-03
  7.9265E-01  9.2128E-03
  7.9506E-01  9.2279E-03
  7.9748E-01  9.2421E-03
  7.9990E-01  9.2554E-03
  8.0231E-01  9.2680E-03
  8.0473E-01  9.2797E-03
  8.0715E-01  9.2907E-03
  8.0956E-01  9.3009E-03
  8.1198E-01  9.3103E-03
  8.1440E-01  9.3191E-03
  8.1681E-01  9.3271E-03
  8.1923E-01  9.3345E-03
  8.2165E-01  9.3412E-03
  8.2406E-01  9.3472E-03
  8.2648E-01  9.3526E-03
  8.2890E-01  9.3574E-03
  8.3131E-01  9.3616E-03
  8.3373E-01  9.3651E-03
  8.3615E-01  9.3682E-03
  8.3856E-01  9.3706E-03
  8.4098E-01  9.3725E-03
  8.4340E-01  9.3739E-03
  8.4581E-01  9.3747E-03
  8.4823E-01  9.3750E-03
  8.5065E-01  9.3748E-03
  8.5306E-01  9.3742E-03
  8.5548E-01  9.3730E-03
  8.5790E-01  9.3714E-03
  8.6031E-01  9.3693E-03
  8.6273E-01  9.3668E-03
  8.6515E-01  9.3639E-03
  8.6756E-01  9.3605E-03
  8.6998E-01  9.3567E-03
  8.7240E-01  9.3525E-03
  8.7481E-01  9.3479E-03
  8.7723E-01  9.3429E-03
  8.7965E-01  9.3375E-03
  8.8206E-01  9.3317E-03
  8.8448E-01  9.3256E-03
  8.8690E-01  9.3191E-03
  8.8931E-01  9.3123E-03
  8.9173E-01  9.3051E-03
  8.9415E-01  9.2976E-03
  8.9656E-01  9.2897E-03
  8.9898E-01  9.2815E-03
  9.0140E-01  9.2731E-03
  9.0381E-01  9.2643E-03
  9.0623E-01  9.2552E-03
  9.0865E-01  9.2458E-03
  9.1106E-01  9.2361E-03
  9.1348E-01  2.2641E-02
  9.1590E-01  1.6993E-02
  9.1831E-01  3.3485E-02
  9.2073E-01  2.6292E-02
  9.2314E-01  2.3618E-02
  9.2556E-01  2.0369E-02
  9.2798E-01  1.5961E-02
  9.3039E-01  6.7641E-03
  9.3281E-01  6.7517E-03
  9.3523E-01  6.7392E-03
  9.3764E-01  8.9200E-03
  9.4006E-01  1.9218E-02
  9.4248E-01  2.3874E-02
  9.4489E-01  2.7207E-02
  9.4731E-01  2.9812E-02
  9.4973E-01  3.1926E-02
  9.5214E-01  3.3676E-02
  9.5456E-01  3.5139E-02
  9.5698E-01  3.6365E-02
  9.5939E-01  3.7390E-02
  9.6181E-01  3.8241E-02
  9.6423E-01  3.8940E-02
  9.6664E-01  3.9501E-02
  9.6906E-01  3.9938E-02
  9.7148E-01  4.0262E-02
  9.7389E-01  4.0481E-02
  9.7631E-01  4.0603E-02
  9.7873E-01  4.0633E-02
  9.8114E-01  4.0577E-02
  9.8356E-01  3.7948E-02
  9.8598E-01  5.3732E-02
  9.8839E-01  4.9518E-02
  9.9081E-01  4.2806E-02
  9.9323E-01  3.6652E-02
  9.9564E-01  3.6147E-02
  9.9806E-01  3.5571E-02
  1.0005E+00  3.4924E-02
  1.0029E+00  3.4205E-02
  1.0053E+00  3.3413E-02
  1.0077E+00  3.2545E-02
  1.0101E+00  3.1597E-02
  1.0126E+00  3.0565E-02
  1.0150E+00  2.9442E-02
  1.0174E+00  3.0593E-02
  1.0198E+00  3.1642E-02
  1.0222E+00  3.1647E-02
  1.0246E+00  3.1154E-02
  1.0271E+00  3.0271E-02
  1.0295E+00  2.9000E-02
  1.0319E+00  2.7269E-02
  1.0343E+00  2.4866E-02
  1.0367E+00  2.1033E-02
  1.0391E+00  1.5116E-02
  1.0416E+00  1.5541E-02
  1.0440E+00  1.5924E-02
  1.0464E+00  1.6269E-02
  1.0488E+00  1.6581E-02
  1.0512E+00  1.6862E-02
  1.0536E+00  1.7116E-02
  1.0561E+00  1.7344E-02
  1.0585E+00  1.7549E-02
  1.0609E+00  1.7731E-02
  1.0633E+00  1.7894E-02
  1.0657E+00  1.8037E-02
  1.0681E+00  1.8162E-02
  1.0706E+00  1.8270E-02
  1.0730E+00  2.7663E-02
  1.0754E+00  3.3326E-02
  1.0778E+00  3.7024E-02
  1.0802E+00  3.9799E-02
  1.0826E+00  4.1987E-02
  1.0851E+00  4.3746E-02
  1.0875E+00  4.5170E-02
  1.0899E+00  4.6320E-02
  1.0923E+00  4.7236E-02
  1.0947E+00  4.7948E-02
  1.0971E+00  4.8479E-02
  1.0996E+00  4.8846E-02
  1.1020E+00  4.9064E-02
  1.1044E+00  5.3183E-02
  1.1068E+00  6.0528E-02
  1.1092E+00  6.4203E-02
  1.1116E+00  6.6665E-02
  1.1141E+00  6.8385E-02
  1.1165E+00  6.9562E-02
  1.1189E+00  7.0302E-02
  1.1213E+00  7.6715E-02
  1.1237E+00  8.0881E-02
  1.1261E+00  8.8927E-02
  1.1286E+00  9.2682E-02
  1.1310E+00  9.4998E-02
  1.1334E+00  9.8724E-02
  1.1358E+00  1.0066E-01
  1.1382E+00  1.0148E-01
  1.1406E+00  1.0148E-01
  1.1431E+00  1.0071E-01
  1.1455E+00  9.9178E-02
  1.1479E+00  9.6748E-02
  1.1503E+00  9.3016E-02
  1.1527E+00  8.3724E-02
  1.1551E+00  8.3587E-02
  1.1576E+00  8.2915E-02
  1.1600E+00  8.6487E-02
  1.1624E+00  9.4188E-02
  1.1648E+00  9.6974E-02
  1.1672E+00  9.7977E-02
  1.1696E+00  9.7734E-02
  1.1721E+00  9.6409E-02
  1.1745E+00  9.3983E-02
  1.1769E+00  9.0230E-02
  1.1793E+00  8.4339E-02
  1.1817E+00  7.2638E-02
  1.1841E+00  7.0279E-02
  1.1866E+00  6.9793E-02
  1.1890E+00  6.9021E-02
  1.1914E+00  6.7966E-02
  1.1938E+00  6.6617E-02
  1.1962E+00  6.4954E-02
  1.1986E+00  6.2939E-02
  1.2011E+00  6.0494E-02
  1.2035E+00  5.7424E-02
  1.2059E+00  5.2638E-02
  1.2083E+00  4.9807E-02
  1.2107E+00  4.5738E-02
  1.2131E+00  4.1569E-02
  1.2156E+00  3.9815E-02
  1.2180E+00  3.7753E-02
  1.2204E+00  3.5286E-02
  1.2228E+00  3.2218E-02
  1.2252E+00  2.8312E-02
  1.2276E+00  1.8523E-02
  1.2301E+00  1.8694E-02
  1.2325E+00  1.8823E-02
  1.2349E+00  1.8925E-02
  1.2373E+00  1.9007E-02
  1.2397E+00  1.9071E-02
  1.2421E+00  1.9122E-02
  1.2446E+00  1.9159E-02
  1.2470E+00  2.4835E-02
  1.2494E+00  3.5799E-02
  1.2518E+00  4.6847E-02
  1.2542E+00  5.3432E-02
  1.2566E+00  5.8228E-02
  1.2591E+00  6.1941E-02
  1.2615E+00  6.4874E-02
  1.2639E+00  6.7197E-02
  1.2663E+00  6.9016E-02
  1.2687E+00  7.0404E-02
  1.2711E+00  7.1412E-02
  1.2736E+00  7.2078E-02
  1.2760E+00  7.2430E-02
  1.2784E+00  7.2487E-02
  1.2808E+00  7.2265E-02
  1.2832E+00  7.1772E-02
  1.2856E+00  7.1012E-02
  1.2881E+00  6.9982E-02
  1.2905E+00  6.8674E-02
  1.2929E+00  6.7073E-02
  1.2953E+00  6.5149E-02
  1.2977E+00  6.2856E-02
  1.3001E+00  6.9635E-02
  1.3026E+00  7.1224E-02
  1.3050E+00  7.0181E-02
  1.3074E+00  8.5297E-02
  1.3098E+00  9.5201E-02
  1.3122E+00  1.0618E-01
  1.3146E+00  1.1395E-01
  1.3171E+00  1.1967E-01
  1.3195E+00  1.2387E-01
  1.3219E+00  1.2684E-01
  1.3243E+00  1.2878E-01
  1.3267E+00  1.2982E-01
  1.3291E+00  1.3003E-01
  1.3316E+00  1.2947E-01
  1.3340E+00  1.2819E-01
  1.3364E+00  1.2619E-01
  1.3388E+00  1.2843E-01
  1.3412E+00  1.2967E-01
  1.3436E+00  1.3714E-01
  1.3461E+00  1.4183E-01
  1.3485E+00  1.4162E-01
  1.3509E+00  1.3741E-01
  1.3533E+00  1.3162E-01
  1.3557E+00  1.3395E-01
  1.3581E+00  1.4091E-01
  1.3606E+00  1.4186E-01
  1.3630E+00  1.4342E-01
  1.3654E+00  1.4429E-01
  1.3678E+00  1.3738E-01
  1.3702E+00  1.2853E-01
  1.3726E+00  1.2187E-01
  1.3751E+00  1.2301E-01
  1.3775E+00  1.2316E-01
  1.3799E+00  1.2241E-01
  1.3823E+00  1.2077E-01
  1.3847E+00  1.1825E-01
  1.3871E+00  1.1479E-01
  1.3896E+00  1.1030E-01
  1.3920E+00  1.0451E-01
  1.3944E+00  9.5881E-02
  1.3968E+00  8.9250E-02
  1.3992E+00  8.1012E-02
  1.4016E+00  7.0191E-02
  1.4041E+00  5.2219E-02
  1.4065E+00  6.1045E-02
  1.4089E+00  5.7705E-02
  1.4113E+00  5.3633E-02
  1.4137E+00  4.8445E-02
  1.4161E+00  4.0833E-02
  1.4185E+00  3.0118E-02
  1.4210E+00  2.9201E-02
  1.4234E+00  2.8177E-02
  1.4258E+00  2.7032E-02
  1.4282E+00  2.5741E-02
  1.4306E+00  2.4266E-02
  1.4330E+00  2.2544E-02
  1.4355E+00  2.0446E-02
  1.4379E+00  1.7641E-02
  1.4403E+00  1.1006E-02
  1.4427E+00  1.0954E-02
  1.4451E+00  1.0900E-02
  1.4475E+00  1.0843E-02
  1.4500E+00  1.0784E-02
  1.4524E+00  1.3954E-02
  1.4548E+00  2.5335E-02
  1.4572E+00  3.4003E-02
  1.4596E+00  3.9379E-02
  1.4620E+00  4.3289E-02
  1.4645E+00  4.6267E-02
  1.4669E+00  5.3091E-02
  1.4693E+00  5.9429E-02
  1.4717E+00  6.2805E-02
  1.4741E+00  6.4693E-02
  1.4765E+00  6.5444E-02
  1.4790E+00  6.5168E-02
  1.4814E+00  7.0319E-02
  1.4838E+00  7.0236E-02
  1.4862E+00  6.5926E-02
  1.4886E+00  6.3779E-02
  1.4910E+00  6.3847E-02
  1.4935E+00  6.3346E-02
  1.4959E+00  6.2257E-02
  1.4983E+00  6.7573E-02
  1.5007E+00  6.9475E-02
  1.5031E+00  6.9010E-02
  1.5055E+00  6.6611E-02
  1.5080E+00  6.0879E-02
  1.5104E+00  5.4711E-02
  1.5128E+00  5.5001E-02
  1.5152E+00  5.4899E-02
  1.5176E+00  5.4422E-02
  1.5200E+00  5.3566E-02
  1.5225E+00  5.2290E-02
  1.5249E+00  5.0352E-02
  1.5273E+00  4.8590E-02
  1.5297E+00  4.6328E-02
  1.5321E+00  4.3353E-02
  1.5345E+00  3.8738E-02
  1.5370E+00  3.4381E-02
  1.5394E+00  3.1213E-02
  1.5418E+00  2.9081E-02
  1.5442E+00  2.6330E-02
  1.5466E+00  2.2201E-02
  1.5490E+00  1.6467E-02
  1.5515E+00  1.6181E-02
  1.5539E+00  1.5878E-02
  1.5563E+00  1.5558E-02
  1.5587E+00  1.5219E-02
  1.5611E+00  1.4860E-02
  1.5635E+00  1.4481E-02
  1.5660E+00  1.4078E-02
  1.5684E+00  2.0988E-02
  1.5708E+00  3.4895E-02
  1.5732E+00  4.2497E-02
  1.5756E+00  5.0636E-02
  1.5780E+00  5.5609E-02
  1.5805E+00  5.9256E-02
  1.5829E+00  6.1963E-02
  1.5853E+00  6.3910E-02
  1.5877E+00  6.5179E-02
  1.5901E+00  6.5760E-02
  1.5925E+00  6.5321E-02
  1.5950E+00  6.4654E-02
  1.5974E+00  6.5115E-02
  1.5998E+00  6.5259E-02
  1.6022E+00  6.5100E-02
  1.6046E+00  6.4651E-02
  1.6070E+00  6.3916E-02
  1.6095E+00  6.2895E-02
  1.6119E+00  6.1582E-02
  1.6143E+00  5.9958E-02
  1.6167E+00  5.7982E-02
  1.6191E+00  5.5509E-02
  1.6215E+00  5.3029E-02
  1.6240E+00  5.0121E-02
  1.6264E+00  4.6678E-02
  1.6288E+00  4.4305E-02
  1.6312E+00  4.0780E-02
  1.6336E+00  3.0895E-02
  1.6360E+00  2.9173E-02
  1.6385E+00  2.6075E-02
  1.6409E+00  2.1202E-02
  1.6433E+00  2.1484E-02
  1.6457E+00  2.1672E-02
  1.6481E+00  2.8373E-02
  1.6505E+00  3.5637E-02
  1.6530E+00  3.9500E-02
  1.6554E+00  4.2140E-02
  1.6578E+00  4.3917E-02
  1.6602E+00  4.5192E-02
  1.6626E+00  4.6365E-02
  1.6650E+00  4.7175E-02
  1.6675E+00  4.7661E-02
  1.6699E+00  4.7853E-02
  1.6723E+00  4.7764E-02
  1.6747E+00  5.0177E-02
  1.6771E+00  5.0803E-02
  1.6795E+00  5.0708E-02
  1.6820E+00  5.0067E-02
  1.6844E+00  4.8896E-02
  1.6868E+00  4.7113E-02
  1.6892E+00  4.4413E-02
  1.6916E+00  3.9243E-02
  1.6940E+00  3.7002E-02
  1.6965E+00  3.5126E-02
  1.6989E+00  3.4566E-02
  1.7013E+00  3.3851E-02
  1.7037E+00  3.2975E-02
  1.7061E+00  3.1928E-02
  1.7085E+00  3.5551E-02
  1.7110E+00  3.6985E-02
  1.7134E+00  4.1683E-02
  1.7158E+00  4.2137E-02
  1.7182E+00  4.0755E-02
  1.7206E+00  3.6894E-02
  1.7230E+00  3.1274E-02
  1.7255E+00  2.4779E-02
  1.7279E+00  2.5173E-02
  1.7303E+00  2.5459E-02
  1.7327E+00  2.5648E-02
  1.7351E+00  2.5749E-02
  1.7375E+00  2.5767E-02
  1.7400E+00  2.5708E-02
  1.7424E+00  2.5574E-02
  1.7448E+00  2.5368E-02
  1.7472E+00  2.5091E-02
  1.7496E+00  2.4744E-02
  1.7520E+00  2.4327E-02
  1.7545E+00  2.3837E-02
  1.7569E+00  2.3272E-02
  1.7593E+00  4.3954E-02
  1.7617E+00  5.7989E-02
  1.7641E+00  6.7511E-02
  1.7665E+00  7.2888E-02
  1.7690E+00  7.5997E-02
  1.7714E+00  7.7391E-02
  1.7738E+00  7.7192E-02
  1.7762E+00  7.4977E-02
  1.7786E+00  7.3787E-02
  1.7810E+00  7.1598E-02
  1.7835E+00  7.7674E-02
  1.7859E+00  7.7565E-02
  1.7883E+00  8.2682E-02
  1.7907E+00  8.4480E-02
  1.7931E+00  9.7388E-02
  1.7955E+00  9.2957E-02
  1.7980E+00  8.3053E-02
  1.8004E+00  8.0522E-02
  1.8028E+00  8.4669E-02
  1.8052E+00  8.7596E-02
  1.8076E+00  8.9485E-02
  1.8100E+00  9.0453E-02
  1.8125E+00  9.0573E-02
  1.8149E+00  8.9884E-02
  1.8173E+00  8.8396E-02
  1.8197E+00  8.6089E-02
  1.8221E+00  8.2897E-02
  1.8245E+00  7.8686E-02
  1.8270E+00  7.3171E-02
  1.8294E+00  6.5630E-02
  1.8318E+00  5.1536E-02
  1.8342E+00  4.4808E-02
  1.8366E+00  4.3863E-02
  1.8390E+00  4.1817E-02
  1.8415E+00  3.5856E-02
  1.8439E+00  3.3040E-02
  1.8463E+00  3.2287E-02
  1.8487E+00  3.8805E-02
  1.8511E+00  4.8812E-02
  1.8535E+00  5.8044E-02
  1.8560E+00  5.9152E-02
  1.8584E+00  7.0938E-02
  1.8608E+00  8.0801E-02
  1.8632E+00  8.7021E-02
  1.8656E+00  9.1339E-02
  1.8680E+00  9.4272E-02
  1.8705E+00  9.6069E-02
  1.8729E+00  9.6868E-02
  1.8753E+00  9.6740E-02
  1.8777E+00  1.1012E-01
  1.8801E+00  1.1391E-01
  1.8825E+00  1.1439E-01
  1.8850E+00  1.1224E-01
  1.8874E+00  1.0695E-01
  1.8898E+00  9.4450E-02
  1.8922E+00  9.3023E-02
  1.8946E+00  9.0639E-02
  1.8970E+00  8.7271E-02
  1.8995E+00  8.2823E-02
  1.9019E+00  7.7085E-02
  1.9043E+00  6.9592E-02
  1.9067E+00  5.8855E-02
  1.9091E+00  4.3626E-02
  1.9115E+00  3.4897E-02
  1.9140E+00  2.9894E-02
  1.9164E+00  2.7516E-02
  1.9188E+00  2.2164E-02
  1.9212E+00  1.8370E-02
  1.9236E+00  2.9965E-02
  1.9260E+00  3.5717E-02
  1.9285E+00  3.8858E-02
  1.9309E+00  4.0519E-02
  1.9333E+00  5.4990E-02
  1.9357E+00  6.3926E-02
  1.9381E+00  6.7763E-02
  1.9405E+00  6.8382E-02
  1.9430E+00  6.9122E-02
  1.9454E+00  6.4242E-02
  1.9478E+00  7.2881E-02
  1.9502E+00  7.6512E-02
  1.9526E+00  1.0113E-01
  1.9550E+00  1.5651E-01
  1.9575E+00  1.8610E-01
  1.9599E+00  2.0146E-01
  1.9623E+00  2.0815E-01
  1.9647E+00  2.0616E-01
  1.9671E+00  2.0074E-01
  1.9695E+00  1.9040E-01
  1.9720E+00  2.0789E-01
  1.9744E+00  2.1715E-01
  1.9768E+00  2.3947E-01
  1.9792E+00  2.4511E-01
  1.9816E+00  2.3892E-01
  1.9840E+00  2.3889E-01
  1.9865E+00  2.4640E-01
  1.9889E+00  2.4384E-01
  1.9913E+00  2.2471E-01
  1.9937E+00  2.1895E-01
  1.9961E+00  2.0494E-01
  1.9985E+00  1.9363E-01
  2.0010E+00  1.9846E-01
  2.0034E+00  2.0925E-01
  2.0058E+00  2.1245E-01
  2.0082E+00  2.1520E-01
  2.0106E+00  2.0297E-01
  2.0130E+00  1.8872E-01
  2.0155E+00  1.7802E-01
  2.0179E+00  1.8757E-01
  2.0203E+00  1.9017E-01
  2.0227E+00  1.9094E-01
  2.0251E+00  1.8817E-01
  2.0275E+00  1.9251E-01
  2.0300E+00  2.0875E-01
  2.0324E+00  2.1206E-01
  2.0348E+00  2.1658E-01
  2.0372E+00  2.1575E-01
  2.0396E+00  2.0678E-01
  2.0420E+00  1.9953E-01
  2.0445E+00  1.7958E-01
  2.0469E+00  1.6882E-01
  2.0493E+00  1.6301E-01
  2.0517E+00  1.5379E-01
  2.0541E+00  1.4070E-01
  2.0565E+00  1.2418E-01
  2.0590E+00  1.0599E-01
  2.0614E+00  9.6580E-02
  2.0638E+00  9.3822E-02
  2.0662E+00  7.4621E-02
  2.0686E+00  6.9150E-02
  2.0710E+00  6.7630E-02
  2.0735E+00  6.0548E-02
  2.0759E+00  5.7706E-02
  2.0783E+00  6.0755E-02
  2.0807E+00  6.2187E-02
  2.0831E+00  6.2530E-02
  2.0855E+00  6.5544E-02
  2.0880E+00  7.8497E-02
  2.0904E+00  8.1891E-02
  2.0928E+00  7.9812E-02
  2.0952E+00  7.8861E-02
  2.0976E+00  7.8312E-02
  2.1000E+00  7.9785E-02
  2.1025E+00  8.0520E-02
  2.1049E+00  8.0577E-02
  2.1073E+00  7.9973E-02
  2.1097E+00  7.8655E-02
  2.1121E+00  7.6147E-02
  2.1145E+00  9.9270E-02
  2.1170E+00  1.2054E-01
  2.1194E+00  1.3043E-01
  2.1218E+00  1.3528E-01
  2.1242E+00  1.3658E-01
  2.1266E+00  1.3485E-01
  2.1290E+00  1.4896E-01
  2.1314E+00  1.6157E-01
  2.1339E+00  1.5589E-01
  2.1363E+00  1.6053E-01
  2.1387E+00  1.6243E-01
  2.1411E+00  1.6505E-01
  2.1435E+00  1.4661E-01
  2.1459E+00  1.3244E-01
  2.1484E+00  1.3158E-01
  2.1508E+00  1.3241E-01
  2.1532E+00  1.1575E-01
  2.1556E+00  1.0847E-01
  2.1580E+00  1.0472E-01
  2.1604E+00  1.0631E-01
  2.1629E+00  1.3496E-01
  2.1653E+00  1.5139E-01
  2.1677E+00  1.8432E-01
  2.1701E+00  1.9647E-01
  2.1725E+00  2.0109E-01
  2.1749E+00  2.0651E-01
  2.1774E+00  2.3987E-01
  2.1798E+00  2.5174E-01
  2.1822E+00  2.6741E-01
  2.1846E+00  2.7414E-01
  2.1870E+00  2.5788E-01
  2.1894E+00  2.4196E-01
  2.1919E+00  2.2434E-01
  2.1943E+00  1.9565E-01
  2.1967E+00  1.7439E-01
  2.1991E+00  1.5315E-01
  2.2015E+00  1.1640E-01
  2.2039E+00  1.0646E-01
  2.2064E+00  9.5789E-02
  2.2088E+00  1.0159E-01
  2.2112E+00  1.1381E-01
  2.2136E+00  1.1485E-01
  2.2160E+00  1.0867E-01
  2.2184E+00  9.1697E-02
  2.2209E+00  9.1903E-02
  2.2233E+00  8.9467E-02
  2.2257E+00  9.1007E-02
  2.2281E+00  9.1694E-02
  2.2305E+00  9.1587E-02
  2.2329E+00  9.0716E-02
  2.2354E+00  1.1559E-01
  2.2378E+00  1.3628E-01
  2.2402E+00  1.4529E-01
  2.2426E+00  1.4862E-01
  2.2450E+00  1.5146E-01
  2.2474E+00  1.7502E-01
  2.2499E+00  1.7436E-01
  2.2523E+00  1.9905E-01
  2.2547E+00  2.1037E-01
  2.2571E+00  2.1315E-01
  2.2595E+00  2.0825E-01
  2.2619E+00  1.9184E-01
  2.2644E+00  1.8883E-01
  2.2668E+00  1.8197E-01
  2.2692E+00  1.7092E-01
  2.2716E+00  1.6260E-01
  2.2740E+00  1.5083E-01
  2.2764E+00  1.6484E-01
  2.2789E+00  1.7571E-01
  2.2813E+00  1.8739E-01
  2.2837E+00  2.1580E-01
  2.2861E+00  2.5332E-01
  2.2885E+00  2.8273E-01
  2.2909E+00  3.0264E-01
  2.2934E+00  3.0618E-01
  2.2958E+00  3.1984E-01
  2.2982E+00  3.2211E-01
  2.3006E+00  3.1419E-01
  2.3030E+00  2.9113E-01
  2.3054E+00  2.6974E-01
  2.3079E+00  2.5306E-01
  2.3103E+00  2.2646E-01
  2.3127E+00  2.0031E-01
  2.3151E+00  2.1427E-01
  2.3175E+00  2.1104E-01
  2.3199E+00  2.7131E-01
  2.3224E+00  2.8466E-01
  2.3248E+00  2.8112E-01
  2.3272E+00  2.8318E-01
  2.3296E+00  3.0296E-01
  2.3320E+00  3.1208E-01
  2.3344E+00  3.3139E-01
  2.3369E+00  3.4769E-01
  2.3393E+00  3.5324E-01
  2.3417E+00  3.3421E-01
  2.3441E+00  3.0439E-01
  2.3465E+00  3.2677E-01
  2.3489E+00  3.1149E-01
  2.3514E+00  2.9983E-01
  2.3538E+00  3.0304E-01
  2.3562E+00  3.0022E-01
  2.3586E+00  2.9157E-01
  2.3610E+00  2.8760E-01
  2.3634E+00  3.2325E-01
  2.3659E+00  3.3812E-01
  2.3683E+00  3.2395E-01
  2.3707E+00  2.7107E-01
  2.3731E+00  1.9421E-01
  2.3755E+00  1.6402E-01
  2.3779E+00  1.4801E-01
  2.3804E+00  1.4393E-01
  2.3828E+00  1.5095E-01
  2.3852E+00  1.6415E-01
  2.3876E+00  1.8551E-01
  2.3900E+00  2.2598E-01
  2.3924E+00  2.5112E-01
  2.3949E+00  2.5704E-01
  2.3973E+00  2.4019E-01
  2.3997E+00  2.4202E-01
  2.4021E+00  2.3719E-01
  2.4045E+00  2.2208E-01
  2.4069E+00  2.0516E-01
  2.4094E+00  1.7868E-01
  2.4118E+00  2.1163E-01
  2.4142E+00  2.1594E-01
  2.4166E+00  2.1410E-01
  2.4190E+00  2.2427E-01
  2.4214E+00  2.1129E-01
  2.4239E+00  2.0684E-01
  2.4263E+00  2.2376E-01
  2.4287E+00  2.3265E-01
  2.4311E+00  2.3233E-01
  2.4335E+00  2.2476E-01
  2.4359E+00  1.9096E-01
  2.4384E+00  1.8362E-01
  2.4408E+00  1.9472E-01
  2.4432E+00  1.7646E-01
  2.4456E+00  1.8321E-01
  2.4480E+00  1.8497E-01
  2.4504E+00  2.1670E-01
  2.4529E+00  2.2388E-01
  2.4553E+00  2.2163E-01
  2.4577E+00  2.1558E-01
  2.4601E+00  2.1752E-01
  2.4625E+00  2.0868E-01
  2.4649E+00  2.2074E-01
  2.4674E+00  2.2681E-01
  2.4698E+00  2.1298E-01
  2.4722E+00  1.8979E-01
  2.4746E+00  2.1179E-01
  2.4770E+00  2.9943E-01
  2.4794E+00  3.4303E-01
  2.4819E+00  3.7378E-01
  2.4843E+00  3.8324E-01
  2.4867E+00  3.7270E-01
  2.4891E+00  3.3957E-01
  2.4915E+00  3.1771E-01
  2.4939E+00  2.7308E-01
  2.4964E+00  2.5996E-01
  2.4988E+00  2.2495E-01
  2.5012E+00  2.0333E-01
  2.5036E+00  1.6750E-01
  2.5060E+00  1.2722E-01
  2.5084E+00  1.2511E-01
  2.5109E+00  8.4694E-02
  2.5133E+00  9.5492E-02
  2.5157E+00  1.0241E-01
  2.5181E+00  1.0667E-01
  2.5205E+00  1.0886E-01
  2.5229E+00  1.0929E-01
  2.5254E+00  1.0815E-01
  2.5278E+00  1.0550E-01
  2.5302E+00  1.4871E-01
  2.5326E+00  1.6966E-01
  2.5350E+00  1.7761E-01
  2.5374E+00  1.7729E-01
  2.5399E+00  1.9634E-01
  2.5423E+00  2.0435E-01
  2.5447E+00  1.8887E-01
  2.5471E+00  2.0517E-01
  2.5495E+00  2.1803E-01
  2.5519E+00  2.2314E-01
  2.5544E+00  3.3094E-01
  2.5568E+00  1.0000E+99
  2.5592E+00  1.0000E+99
  2.5616E+00  1.0000E+99
  2.5640E+00  1.0000E+99
  2.5664E+00  1.0000E+99
  2.5689E+00  1.0000E+99
  2.5713E+00  1.0000E+99
  2.5737E+00  1.0000E+99
  2.5761E+00  1.0000E+99
  2.5785E+00  1.0000E+99
  2.5809E+00  1.0000E+99
  2.5834E+00  1.0000E+99
  2.5858E+00  1.0000E+99
  2.5882E+00  1.0000E+99
  2.5906E+00  1.0000E+99
  2.5930E+00  1.0000E+99
  2.5954E+00  1.0000E+99
  2.5979E+00  1.0000E+99
  2.6003E+00  1.0000E+99
  2.6027E+00  1.0000E+99
  2.6051E+00  1.0000E+99
  2.6075E+00  1.0000E+99
  2.6099E+00  1.0000E+99
  2.6124E+00  1.0000E+99
  2.6148E+00  1.0000E+99
  2.6172E+00  1.0000E+99
  2.6196E+00  1.0000E+99
  2.6220E+00  1.0000E+99
  2.6244E+00  1.0000E+99
  2.6269E+00  1.0000E+99
  2.6293E+00  1.0000E+99
  2.6317E+00  1.0000E+99
  2.6341E+00  1.0000E+99
  2.6365E+00  1.0000E+99
  2.6389E+00  1.0000E+99
  2.6414E+00  1.0000E+99
  2.6438E+00  1.0000E+99
  2.6462E+00  1.0000E+99
  2.6486E+00  1.0000E+99
  2.6510E+00  1.0000E+99
  2.6534E+00  1.0000E+99
  2.6559E+00  1.0000E+99
  2.6583E+00  1.0000E+99
  2.6607E+00  1.0000E+99
  2.6631E+00  1.0000E+99
  2.6655E+00  1.0000E+99
  2.6679E+00  1.0000E+99
  2.6704E+00  1.0000E+99
  2.6728E+00  1.0000E+99
  2.6752E+00  1.0000E+99
  2.6776E+00  1.0000E+99
  2.6800E+00  1.0000E+99
  2.6824E+00  1.0000E+99
  2.6849E+00  1.0000E+99
  2.6873E+00  1.0000E+99
  2.6897E+00  1.0000E+99
  2.6921E+00  1.0000E+99
  2.6945E+00  1.0000E+99
  2.6969E+00  1.0000E+99
  2.6994E+00  1.0000E+99
  2.7018E+00  1.0000E+99
  2.7042E+00  1.0000E+99
  2.7066E+00  1.0000E+99
  2.7090E+00  1.0000E+99
  2.7114E+00  1.0000E+99
  2.7139E+00  1.0000E+99
  2.7163E+00  1.0000E+99
  2.7187E+00  1.0000E+99
  2.7211E+00  1.0000E+99
  2.7235E+00  1.0000E+99
  2.7259E+00  1.0000E+99
  2.7284E+00  1.0000E+99
  2.7308E+00  1.0000E+99
  2.7332E+00  1.0000E+99
  2.7356E+00  1.0000E+99
  2.7380E+00  1.0000E+99
  2.7404E+00  1.0000E+99
  2.7429E+00  1.0000E+99
  2.7453E+00  1.0000E+99
  2.7477E+00  1.0000E+99
  2.7501E+00  1.0000E+99
  2.7525E+00  1.0000E+99
  2.7549E+00  1.0000E+99
  2.7574E+00  1.0000E+99
  2.7598E+00  1.0000E+99
  2.7622E+00  1.0000E+99
  2.7646E+00  1.0000E+99
  2.7670E+00  1.0000E+99
  2.7694E+00  1.0000E+99
  2.7719E+00  1.0000E+99
  2.7743E+00  1.0000E+99
  2.7767E+00  1.0000E+99
  2.7791E+00  1.0000E+99
  2.7815E+00  1.0000E+99
  2.7839E+00  1.0000E+99
  2.7864E+00  1.0000E+99
  2.7888E+00  1.0000E+99
  2.7912E+00  1.0000E+99
  2.7936E+00  1.0000E+99
  2.7960E+00  1.0000E+99
  2.7984E+00  1.0000E+99
  2.8009E+00  1.0000E+99
  2.8033E+00  1.0000E+99
  2.8057E+00  1.0000E+99
  2.8081E+00  1.0000E+99
  2.8105E+00  1.0000E+99
  2.8129E+00  1.0000E+99
  2.8154E+00  1.0000E+99
  2.8178E+00  1.0000E+99
  2.8202E+00  1.0000E+99
  2.8226E+00  1.0000E+99
  2.8250E+00  1.0000E+99
  2.8274E+00  1.0000E+99
  2.8298E+00  1.0000E+99
  2.8323E+00  1.0000E+99
  2.8347E+00  1.0000E+99
  2.8371E+00  1.0000E+99
  2.8395E+00  1.0000E+99
  2.8419E+00  1.0000E+99
  2.8443E+00  1.0000E+99
  2.8468E+00  1.0000E+99
  2.8492E+00  1.0000E+99
  2.8516E+00  1.0000E+99
  2.8540E+00  1.0000E+99
  2.8564E+00  1.0000E+99
  2.8588E+00  1.0000E+99
  2.8613E+00  1.0000E+99
  2.8637E+00  1.0000E+99
  2.8661E+00  1.0000E+99
  2.8685E+00  1.0000E+99
  2.8709E+00  1.0000E+99
  2.8733E+00  1.0000E+99
  2.8758E+00  1.0000E+99
  2.8782E+00  1.0000E+99
  2.8806E+00  1.0000E+99
  2.8830E+00  1.0000E+99
  2.8854E+00  1.0000E+99
  2.8878E+00  1.0000E+99
  2.8903E+00  1.0000E+99
  2.8927E+00  1.0000E+99
  2.8951E+00  1.0000E+99
  2.8975E+00  1.0000E+99
  2.8999E+00  1.0000E+99
  2.9023E+00  1.0000E+99
  2.9048E+00  1.0000E+99
  2.9072E+00  1.0000E+99
  2.9096E+00  1.0000E+99
  2.9120E+00  1.0000E+99
  2.9144E+00  1.0000E+99
  2.9168E+00  1.0000E+99
  2.9193E+00  1.0000E+99
  2.9217E+00  1.0000E+99
  2.9241E+00  1.0000E+99
  2.9265E+00  1.0000E+99
  2.9289E+00  1.0000E+99
  2.9313E+00  1.0000E+99
  2.9338E+00  1.0000E+99
  2.9362E+00  1.0000E+99
  2.9386E+00  1.0000E+99
  2.9410E+00  1.0000E+99
  2.9434E+00  1.0000E+99
  2.9458E+00  1.0000E+99
  2.9483E+00  1.0000E+99
  2.9507E+00  1.0000E+99
  2.9531E+00  1.0000E+99
  2.9555E+00  1.0000E+99
  2.9579E+00  1.0000E+99
  2.9603E+00  1.0000E+99
  2.9628E+00  1.0000E+99
  2.9652E+00  1.0000E+99
  2.9676E+00  1.0000E+99
  2.9700E+00  1.0000E+99
  2.9724E+00  1.0000E+99
  2.9748E+00  1.0000E+99
  2.9773E+00  1.0000E+99
  2.9797E+00  1.0000E+99
  2.9821E+00  1.0000E+99
  2.9845E+00  1.0000E+99
  2.9869E+00  1.0000E+99
  2.9893E+00  1.0000E+99
  2.9918E+00  1.0000E+99
  2.9942E+00  1.0000E+99
  2.9966E+00  1.0000E+99
  2.9990E+00  1.0000E+99
  3.0014E+00  1.0000E+99
  3.0038E+00  1.0000E+99
  3.0063E+00  1.0000E+99
  3.0087E+00  1.0000E+99
  3.0111E+00  1.0000E+99
  3.0135E+00  1.0000E+99
  3.0159E+00  1.0000E+99
  3.0183E+00  1.0000E+99
  3.0208E+00  1.0000E+99
  3.0232E+00  1.0000E+99
  3.0256E+00  1.0000E+99
  3.0280E+00  1.0000E+99
  3.0304E+00  1.0000E+99
  3.0328E+00  1.0000E+99
  3.0353E+00  1.0000E+99
  3.0377E+00  1.0000E+99
  3.0401E+00  1.0000E+99
  3.0425E+00  1.0000E+99
  3.0449E+00  1.0000E+99
  3.0473E+00  1.0000E+99
  3.0498E+00  1.0000E+99
  3.0522E+00  1.0000E+99
  3.0546E+00  1.0000E+99
  3.0570E+00  1.0000E+99
  3.0594E+00  1.0000E+99
  3.0618E+00  1.0000E+99
  3.0643E+00  1.0000E+99
  3.0667E+00  1.0000E+99
  3.0691E+00  1.0000E+99
  3.0715E+00  1.0000E+99
  3.0739E+00  1.0000E+99
  3.0763E+00  1.0000E+99
  3.0788E+00  1.0000E+99
  3.0812E+00  1.0000E+99
  3.0836E+00  1.0000E+99
  3.0860E+00  1.0000E+99
  3.0884E+00  1.0000E+99
  3.0908E+00  1.0000E+99
  3.0933E+00  1.0000E+99
  3.0957E+00  1.0000E+99
  3.0981E+00  1.0000E+99
  3.1005E+00  1.0000E+99
  3.1029E+00  1.0000E+99
  3.1053E+00  1.0000E+99
  3.1078E+00  1.0000E+99
  3.1102E+00  1.0000E+99
  3.1126E+00  1.0000E+99
  3.1150E+00  1.0000E+99
  3.1174E+00  1.0000E+99
  3.1198E+00  1.0000E+99
  3.1223E+00  1.0000E+99
  3.1247E+00  1.0000E+99
  3.1271E+00  1.0000E+99
  3.1295E+00  1.0000E+99
  3.1319E+00  1.0000E+99
  3.1343E+00  1.0000E+99
  3.1368E+00  1.0000E+99
  3.1392E+00  1.0000E+99
  3.1416E+00  1.0000E+99
