  3.7723E+00  1.3381E-01
  3.7747E+00  1.3394E-01
  3.7772E+00  1.3392E-01
  3.7796E+00  1.3373E-01
  3.7820E+00  1.4138E-01
  3.7844E+00  1.5919E-01
  3.7868E+00  1.7370E-01
  3.7892E+00  1.8243E-01
  3.7917E+00  1.8827E-01
  3.7941E+00  1.9311E-01
  3.7965E+00  1.9693E-01
  3.7989E+00  1.9971E-01
  3.8013E+00  2.0154E-01
  3.8037E+00  2.0258E-01
  3.8062E+00  2.1829E-01
  3.8086E+00  2.2975E-01
  3.8110E+00  2.3737E-01
  3.8134E+00  2.4317E-01
  3.8158E+00  2.4729E-01
  3.8182E+00  2.5019E-01
  3.8207E+00  2.5207E-01
  3.8231E+00  2.5305E-01
  3.8255E+00  2.5321E-01
  3.8279E+00  2.5259E-01
  3.8303E+00  2.5123E-01
  3.8327E+00  2.4912E-01
  3.8352E+00  2.4624E-01
  3.8376E+00  2.4255E-01
  3.8400E+00  2.3795E-01
  3.8424E+00  2.3224E-01
  3.8448E+00  2.2495E-01
  3.8472E+00  2.1415E-01
  3.8497E+00  2.0265E-01
  3.8521E+00  1.9932E-01
  3.8545E+00  1.9559E-01
  3.8569E+00  1.9145E-01
  3.8593E+00  1.8685E-01
  3.8617E+00  1.8178E-01
  3.8642E+00  1.7616E-01
  3.8666E+00  1.6991E-01
  3.8690E+00  1.7448E-01
  3.8714E+00  1.7122E-01
  3.8738E+00  1.6517E-01
  3.8762E+00  1.5549E-01
  3.8787E+00  1.4127E-01
  3.8811E+00  1.3344E-01
  3.8835E+00  1.3098E-01
  3.8859E+00  1.4163E-01
  3.8883E+00  1.4929E-01
  3.8907E+00  1.4812E-01
  3.8932E+00  1.4915E-01
  3.8956E+00  1.5308E-01
  3.8980E+00  1.5599E-01
  3.9004E+00  1.5810E-01
  3.9028E+00  1.5952E-01
  3.9052E+00  1.6034E-01
  3.9077E+00  1.6061E-01
  3.9101E+00  1.6038E-01
  3.9125E+00  1.5968E-01
  3.9149E+00  1.5851E-01
  3.9173E+00  1.5689E-01
  3.9197E+00  1.5480E-01
  3.9222E+00  1.5222E-01
  3.9246E+00  1.6246E-01
  3.9270E+00  1.7332E-01
  3.9294E+00  1.7671E-01
  3.9318E+00  1.9220E-01
  3.9342E+00  1.9836E-01
  3.9367E+00  1.9384E-01
  3.9391E+00  1.9970E-01
  3.9415E+00  2.0374E-01
  3.9439E+00  2.0632E-01
  3.9463E+00  2.0764E-01
  3.9487E+00  2.0783E-01
  3.9512E+00  2.1080E-01
  3.9536E+00  2.3628E-01
  3.9560E+00  2.4945E-01
  3.9584E+00  2.5279E-01
  3.9608E+00  2.5512E-01
  3.9632E+00  2.5573E-01
  3.9657E+00  2.6599E-01
  3.9681E+00  2.7224E-01
  3.9705E+00  2.7535E-01
  3.9729E+00  2.7612E-01
  3.9753E+00  2.7488E-01
  3.9777E+00  2.7169E-01
  3.9802E+00  2.6641E-01
  3.9826E+00  2.5784E-01
  3.9850E+00  2.4907E-01
  3.9874E+00  2.4014E-01
  3.9898E+00  2.2726E-01
  3.9922E+00  2.1773E-01
  3.9947E+00  2.2699E-01
  3.9971E+00  2.2205E-01
  3.9995E+00  2.1529E-01
  4.0019E+00  2.1436E-01
  4.0043E+00  2.1127E-01
  4.0067E+00  2.1529E-01
  4.0092E+00  2.1774E-01
  4.0116E+00  1.8867E-01
  4.0140E+00  1.8463E-01
  4.0164E+00  1.7544E-01
  4.0188E+00  1.9238E-01
  4.0212E+00  1.9866E-01
  4.0237E+00  2.0171E-01
  4.0261E+00  2.0251E-01
  4.0285E+00  2.0139E-01
  4.0309E+00  2.1508E-01
  4.0333E+00  2.1600E-01
  4.0357E+00  2.1178E-01
  4.0382E+00  2.1444E-01
  4.0406E+00  2.1282E-01
  4.0430E+00  2.0397E-01
  4.0454E+00  2.0412E-01
  4.0478E+00  2.0255E-01
  4.0502E+00  1.9771E-01
  4.0527E+00  1.9673E-01
  4.0551E+00  2.0737E-01
  4.0575E+00  2.1067E-01
  4.0599E+00  2.1086E-01
  4.0623E+00  2.0890E-01
  4.0647E+00  2.0485E-01
  4.0672E+00  2.0616E-01
  4.0696E+00  2.0000E-01
  4.0720E+00  1.9925E-01
  4.0744E+00  1.9690E-01
  4.0768E+00  1.9312E-01
  4.0792E+00  1.8797E-01
  4.0817E+00  1.8139E-01
  4.0841E+00  1.8724E-01
  4.0865E+00  2.0510E-01
  4.0889E+00  2.0922E-01
  4.0913E+00  2.3816E-01
  4.0937E+00  2.3380E-01
  4.0962E+00  2.4423E-01
  4.0986E+00  2.4342E-01
  4.1010E+00  2.5727E-01
  4.1034E+00  2.6755E-01
  4.1058E+00  2.7511E-01
  4.1082E+00  2.8041E-01
  4.1107E+00  2.8372E-01
  4.1131E+00  2.8522E-01
  4.1155E+00  2.8498E-01
  4.1179E+00  2.8302E-01
  4.1203E+00  2.7920E-01
  4.1227E+00  2.7302E-01
  4.1252E+00  2.6120E-01
  4.1276E+00  2.5390E-01
  4.1300E+00  2.4929E-01
  4.1324E+00  2.4390E-01
  4.1348E+00  2.3767E-01
  4.1372E+00  2.3035E-01
  4.1397E+00  2.2184E-01
  4.1421E+00  2.1077E-01
  4.1445E+00  1.9880E-01
  4.1469E+00  1.8616E-01
  4.1493E+00  1.8492E-01
  4.1517E+00  1.7866E-01
  4.1542E+00  1.6986E-01
  4.1566E+00  1.5215E-01
  4.1590E+00  1.2909E-01
  4.1614E+00  1.2441E-01
  4.1638E+00  1.2384E-01
  4.1662E+00  1.1443E-01
  4.1687E+00  1.0834E-01
  4.1711E+00  1.0976E-01
  4.1735E+00  1.0999E-01
  4.1759E+00  1.0903E-01
  4.1783E+00  1.0662E-01
  4.1807E+00  1.0140E-01
  4.1832E+00  9.8798E-02
  4.1856E+00  9.5614E-02
  4.1880E+00  8.7243E-02
  4.1904E+00  8.7709E-02
  4.1928E+00  8.7777E-02
  4.1952E+00  8.7526E-02
  4.1977E+00  8.6991E-02
  4.2001E+00  8.6191E-02
  4.2025E+00  8.5132E-02
  4.2049E+00  8.3812E-02
  4.2073E+00  8.2219E-02
  4.2097E+00  4.5994E-02
  4.2122E+00  4.4759E-02
  4.2146E+00  4.3158E-02
  4.2170E+00  4.0462E-02
  4.2194E+00  3.8711E-02
  4.2218E+00  3.8421E-02
  4.2242E+00  3.8085E-02
  4.2267E+00  3.7702E-02
  4.2291E+00  3.7271E-02
  4.2315E+00  3.6791E-02
  4.2339E+00  3.6260E-02
  4.2363E+00  3.5672E-02
  4.2387E+00  3.5025E-02
  4.2412E+00  3.4311E-02
  4.2436E+00  3.3521E-02
  4.2460E+00  3.2640E-02
  4.2484E+00  3.1646E-02
  4.2508E+00  3.0495E-02
  4.2532E+00  2.9092E-02
  4.2556E+00  2.6979E-02
  4.2581E+00  2.5318E-02
  4.2605E+00  2.4683E-02
  4.2629E+00  2.3965E-02
  4.2653E+00  3.3129E-02
  4.2677E+00  4.1838E-02
  4.2701E+00  4.6158E-02
  4.2726E+00  4.9702E-02
  4.2750E+00  5.9078E-02
  4.2774E+00  6.4475E-02
  4.2798E+00  6.8277E-02
  4.2822E+00  7.1011E-02
  4.2846E+00  7.2917E-02
  4.2871E+00  7.4132E-02
  4.2895E+00  7.4737E-02
  4.2919E+00  7.4785E-02
  4.2943E+00  8.1303E-02
  4.2967E+00  9.0053E-02
  4.2991E+00  9.7653E-02
  4.3016E+00  1.0112E-01
  4.3040E+00  1.0239E-01
  4.3064E+00  1.0169E-01
  4.3088E+00  9.7700E-02
  4.3112E+00  9.4688E-02
  4.3136E+00  9.4277E-02
  4.3161E+00  9.3178E-02
  4.3185E+00  9.1383E-02
  4.3209E+00  8.9073E-02
  4.3233E+00  9.3733E-02
  4.3257E+00  9.1434E-02
  4.3281E+00  8.4480E-02
  4.3306E+00  7.2046E-02
  4.3330E+00  6.9694E-02
  4.3354E+00  6.5646E-02
  4.3378E+00  5.7325E-02
  4.3402E+00  8.6270E-02
  4.3426E+00  9.6106E-02
  4.3451E+00  1.0077E-01
  4.3475E+00  9.8449E-02
  4.3499E+00  1.0283E-01
  4.3523E+00  1.1352E-01
  4.3547E+00  1.2333E-01
  4.3571E+00  1.2909E-01
  4.3596E+00  1.3288E-01
  4.3620E+00  1.3524E-01
  4.3644E+00  1.3644E-01
  4.3668E+00  1.3663E-01
  4.3692E+00  1.3588E-01
  4.3716E+00  1.3422E-01
  4.3741E+00  1.3166E-01
  4.3765E+00  1.2812E-01
  4.3789E+00  1.2336E-01
  4.3813E+00  1.2166E-01
  4.3837E+00  1.2156E-01
  4.3861E+00  1.2128E-01
  4.3886E+00  1.1907E-01
  4.3910E+00  1.1522E-01
  4.3934E+00  1.0959E-01
  4.3958E+00  1.0139E-01
  4.3982E+00  8.4895E-02
  4.4006E+00  8.0937E-02
  4.4031E+00  7.5469E-02
  4.4055E+00  8.1197E-02
  4.4079E+00  7.9038E-02
  4.4103E+00  8.0625E-02
  4.4127E+00  8.0590E-02
  4.4151E+00  7.9011E-02
  4.4176E+00  7.5310E-02
  4.4200E+00  6.7121E-02
  4.4224E+00  6.7120E-02
  4.4248E+00  6.6641E-02
  4.4272E+00  6.5708E-02
  4.4296E+00  6.9320E-02
  4.4321E+00  7.4920E-02
  4.4345E+00  7.6528E-02
  4.4369E+00  7.6432E-02
  4.4393E+00  7.5039E-02
  4.4417E+00  7.2410E-02
  4.4441E+00  7.8206E-02
  4.4466E+00  8.3329E-02
  4.4490E+00  7.7715E-02
  4.4514E+00  8.0595E-02
  4.4538E+00  8.1803E-02
  4.4562E+00  8.1469E-02
  4.4586E+00  7.9137E-02
  4.4611E+00  7.3049E-02
  4.4635E+00  7.3512E-02
  4.4659E+00  7.3415E-02
  4.4683E+00  7.2781E-02
  4.4707E+00  7.1610E-02
  4.4731E+00  6.9879E-02
  4.4756E+00  6.7528E-02
  4.4780E+00  6.4427E-02
  4.4804E+00  6.0250E-02
  4.4828E+00  5.5547E-02
  4.4852E+00  5.0819E-02
  4.4876E+00  5.0277E-02
  4.4901E+00  4.9685E-02
  4.4925E+00  5.5957E-02
  4.4949E+00  6.0560E-02
  4.4973E+00  6.7250E-02
  4.4997E+00  6.8558E-02
  4.5021E+00  6.6633E-02
  4.5046E+00  5.8995E-02
  4.5070E+00  6.4672E-02
  4.5094E+00  6.7294E-02
  4.5118E+00  6.8680E-02
  4.5142E+00  7.0203E-02
  4.5166E+00  7.1072E-02
  4.5191E+00  7.1341E-02
  4.5215E+00  7.1022E-02
  4.5239E+00  7.0082E-02
  4.5263E+00  6.8412E-02
  4.5287E+00  6.5683E-02
  4.5311E+00  5.9443E-02
  4.5336E+00  5.9635E-02
  4.5360E+00  6.0292E-02
  4.5384E+00  6.0293E-02
  4.5408E+00  5.9861E-02
  4.5432E+00  5.9047E-02
  4.5456E+00  5.7852E-02
  4.5481E+00  5.6228E-02
  4.5505E+00  5.4042E-02
  4.5529E+00  5.0815E-02
  4.5553E+00  4.6334E-02
  4.5577E+00  4.5228E-02
  4.5601E+00  4.3902E-02
  4.5626E+00  4.2321E-02
  4.5650E+00  4.0422E-02
  4.5674E+00  3.8917E-02
  4.5698E+00  3.7223E-02
  4.5722E+00  3.9589E-02
  4.5746E+00  4.3224E-02
  4.5771E+00  4.4641E-02
  4.5795E+00  5.9401E-02
  4.5819E+00  6.5768E-02
  4.5843E+00  6.8170E-02
  4.5867E+00  6.6203E-02
  4.5891E+00  6.5332E-02
  4.5916E+00  5.9050E-02
  4.5940E+00  2.3785E-02
  4.5964E+00  2.3350E-02
  4.5988E+00  2.2750E-02
  4.6012E+00  2.1847E-02
  4.6036E+00  1.9727E-02
  4.6061E+00  2.0398E-02
  4.6085E+00  3.1113E-02
  4.6109E+00  4.2109E-02
  4.6133E+00  4.8337E-02
  4.6157E+00  5.2722E-02
  4.6181E+00  6.8050E-02
  4.6206E+00  7.5028E-02
  4.6230E+00  7.9942E-02
  4.6254E+00  8.3529E-02
  4.6278E+00  8.6110E-02
  4.6302E+00  8.7862E-02
  4.6326E+00  8.8898E-02
  4.6351E+00  8.9287E-02
  4.6375E+00  8.9077E-02
  4.6399E+00  8.8293E-02
  4.6423E+00  8.6944E-02
  4.6447E+00  8.5019E-02
  4.6471E+00  9.4611E-02
  4.6496E+00  9.6509E-02
  4.6520E+00  9.5677E-02
  4.6544E+00  9.2731E-02
  4.6568E+00  8.7988E-02
  4.6592E+00  7.8158E-02
  4.6616E+00  7.3537E-02
  4.6641E+00  7.1778E-02
  4.6665E+00  8.1607E-02
  4.6689E+00  8.2008E-02
  4.6713E+00  8.1152E-02
  4.6737E+00  7.7735E-02
  4.6761E+00  6.7182E-02
  4.6786E+00  6.4695E-02
  4.6810E+00  5.8956E-02
  4.6834E+00  5.3049E-02
  4.6858E+00  5.4381E-02
  4.6882E+00  5.4715E-02
  4.6906E+00  5.4617E-02
  4.6931E+00  5.4139E-02
  4.6955E+00  5.3289E-02
  4.6979E+00  5.2047E-02
  4.7003E+00  5.0363E-02
  4.7027E+00  5.0486E-02
  4.7051E+00  4.8875E-02
  4.7076E+00  4.8846E-02
  4.7100E+00  5.1969E-02
  4.7124E+00  5.7946E-02
  4.7148E+00  6.1923E-02
  4.7172E+00  6.4699E-02
  4.7196E+00  6.6601E-02
  4.7221E+00  6.7801E-02
  4.7245E+00  6.8401E-02
  4.7269E+00  6.8461E-02
  4.7293E+00  6.8015E-02
  4.7317E+00  6.7075E-02
  4.7341E+00  6.5632E-02
  4.7366E+00  3.7584E-02
  4.7390E+00  4.1454E-02
  4.7414E+00  5.1230E-02
  4.7438E+00  6.2663E-02
  4.7462E+00  7.5385E-02
  4.7486E+00  8.2288E-02
  4.7511E+00  8.6779E-02
  4.7535E+00  8.9659E-02
  4.7559E+00  1.0660E-01
  4.7583E+00  1.2165E-01
  4.7607E+00  1.2932E-01
  4.7631E+00  1.3361E-01
  4.7656E+00  1.4601E-01
  4.7680E+00  1.5765E-01
  4.7704E+00  1.6399E-01
  4.7728E+00  1.6650E-01
  4.7752E+00  1.6586E-01
  4.7776E+00  1.6161E-01
  4.7801E+00  1.5078E-01
  4.7825E+00  1.5067E-01
  4.7849E+00  1.4530E-01
  4.7873E+00  1.3889E-01
  4.7897E+00  1.3129E-01
  4.7921E+00  1.2085E-01
  4.7946E+00  1.0869E-01
  4.7970E+00  1.0598E-01
  4.7994E+00  1.0048E-01
  4.8018E+00  9.0736E-02
  4.8042E+00  7.3755E-02
  4.8066E+00  5.8609E-02
  4.8091E+00  5.4712E-02
  4.8115E+00  5.4253E-02
  4.8139E+00  5.1700E-02
  4.8163E+00  4.8501E-02
  4.8187E+00  5.0625E-02
  4.8211E+00  5.6540E-02
  4.8236E+00  6.5203E-02
  4.8260E+00  7.8693E-02
  4.8284E+00  8.7234E-02
  4.8308E+00  9.1826E-02
  4.8332E+00  9.4182E-02
  4.8356E+00  9.4797E-02
  4.8381E+00  9.3863E-02
  4.8405E+00  9.1388E-02
  4.8429E+00  8.7152E-02
  4.8453E+00  8.0205E-02
  4.8477E+00  6.9996E-02
  4.8501E+00  6.5575E-02
  4.8526E+00  6.8210E-02
  4.8550E+00  6.5150E-02
  4.8574E+00  6.5069E-02
  4.8598E+00  6.4725E-02
  4.8622E+00  6.5389E-02
  4.8646E+00  6.8388E-02
  4.8671E+00  6.9752E-02
  4.8695E+00  7.9067E-02
  4.8719E+00  8.1103E-02
  4.8743E+00  8.0259E-02
  4.8767E+00  7.4636E-02
  4.8791E+00  7.1069E-02
  4.8816E+00  7.0649E-02
  4.8840E+00  7.1549E-02
  4.8864E+00  7.4635E-02
  4.8888E+00  8.3893E-02
  4.8912E+00  8.8329E-02
  4.8936E+00  9.9491E-02
  4.8961E+00  1.0958E-01
  4.8985E+00  1.1451E-01
  4.9009E+00  1.1682E-01
  4.9033E+00  1.1702E-01
  4.9057E+00  1.1507E-01
  4.9081E+00  1.0981E-01
  4.9106E+00  1.0117E-01
  4.9130E+00  1.0114E-01
  4.9154E+00  1.0041E-01
  4.9178E+00  9.8990E-02
  4.9202E+00  9.6890E-02
  4.9226E+00  9.4079E-02
  4.9251E+00  9.0496E-02
  4.9275E+00  8.6013E-02
  4.9299E+00  8.0362E-02
  4.9323E+00  7.2696E-02
  4.9347E+00  6.2747E-02
  4.9371E+00  5.6924E-02
  4.9396E+00  4.8930E-02
  4.9420E+00  4.0463E-02
  4.9444E+00  4.0028E-02
  4.9468E+00  3.6589E-02
  4.9492E+00  3.3761E-02
  4.9516E+00  3.4253E-02
  4.9540E+00  3.4455E-02
  4.9565E+00  4.7779E-02
  4.9589E+00  5.6553E-02
  4.9613E+00  6.1624E-02
  4.9637E+00  6.4901E-02
  4.9661E+00  6.6817E-02
  4.9685E+00  6.7119E-02
  4.9710E+00  6.6637E-02
  4.9734E+00  6.8118E-02
  4.9758E+00  6.9777E-02
  4.9782E+00  7.2585E-02
  4.9806E+00  7.3999E-02
  4.9830E+00  7.4738E-02
  4.9855E+00  8.4328E-02
  4.9879E+00  1.0132E-01
  4.9903E+00  1.1498E-01
  4.9927E+00  1.2414E-01
  4.9951E+00  1.3021E-01
  4.9975E+00  1.3408E-01
  5.0000E+00  1.3624E-01
  5.0024E+00  1.5477E-01
  5.0048E+00  1.7144E-01
  5.0072E+00  1.7880E-01
  5.0096E+00  1.8184E-01
  5.0120E+00  1.8112E-01
  5.0145E+00  1.7431E-01
  5.0169E+00  1.7360E-01
  5.0193E+00  1.7107E-01
  5.0217E+00  1.6660E-01
  5.0241E+00  1.5954E-01
  5.0265E+00  1.4961E-01
  5.0290E+00  1.4178E-01
  5.0314E+00  1.3069E-01
  5.0338E+00  1.1466E-01
  5.0362E+00  1.0033E-01
  5.0386E+00  9.6463E-02
  5.0410E+00  9.5640E-02
  5.0435E+00  9.2308E-02
  5.0459E+00  8.8264E-02
  5.0483E+00  8.4468E-02
  5.0507E+00  7.4165E-02
  5.0531E+00  7.1934E-02
  5.0555E+00  7.6308E-02
  5.0580E+00  7.5292E-02
  5.0604E+00  6.9215E-02
  5.0628E+00  7.1303E-02
  5.0652E+00  7.5029E-02
  5.0676E+00  7.6272E-02
  5.0700E+00  7.6391E-02
  5.0725E+00  7.5533E-02
  5.0749E+00  7.3569E-02
  5.0773E+00  7.3795E-02
  5.0797E+00  8.5172E-02
  5.0821E+00  8.9732E-02
  5.0845E+00  9.1460E-02
  5.0870E+00  9.0885E-02
  5.0894E+00  8.6290E-02
  5.0918E+00  8.3619E-02
  5.0942E+00  8.3513E-02
  5.0966E+00  8.2672E-02
  5.0990E+00  8.1125E-02
  5.1015E+00  7.8868E-02
  5.1039E+00  8.1649E-02
  5.1063E+00  8.6714E-02
  5.1087E+00  8.6549E-02
  5.1111E+00  8.3560E-02
  5.1135E+00  8.0772E-02
  5.1160E+00  7.6315E-02
  5.1184E+00  7.3464E-02
  5.1208E+00  8.1124E-02
  5.1232E+00  7.5092E-02
  5.1256E+00  7.7250E-02
  5.1280E+00  9.2284E-02
  5.1305E+00  1.0201E-01
  5.1329E+00  1.0819E-01
  5.1353E+00  1.1211E-01
  5.1377E+00  1.1429E-01
  5.1401E+00  1.1498E-01
  5.1425E+00  1.1432E-01
  5.1450E+00  1.1236E-01
  5.1474E+00  1.0908E-01
  5.1498E+00  1.0438E-01
  5.1522E+00  9.7985E-02
  5.1546E+00  8.9328E-02
  5.1570E+00  7.6608E-02
  5.1595E+00  5.3449E-02
  5.1619E+00  5.0398E-02
  5.1643E+00  4.6501E-02
  5.1667E+00  4.1168E-02
  5.1691E+00  2.9461E-02
  5.1715E+00  2.7369E-02
  5.1740E+00  2.6584E-02
  5.1764E+00  2.5680E-02
  5.1788E+00  2.4645E-02
  5.1812E+00  2.3454E-02
  5.1836E+00  4.5238E-02
  5.1860E+00  5.6986E-02
  5.1885E+00  7.3225E-02
  5.1909E+00  8.8028E-02
  5.1933E+00  9.4949E-02
  5.1957E+00  1.0028E-01
  5.1981E+00  1.0264E-01
  5.2005E+00  1.0214E-01
  5.2030E+00  1.0082E-01
  5.2054E+00  9.6745E-02
  5.2078E+00  8.8154E-02
  5.2102E+00  8.5242E-02
  5.2126E+00  8.1105E-02
  5.2150E+00  7.5562E-02
  5.2175E+00  7.7385E-02
  5.2199E+00  7.1929E-02
  5.2223E+00  6.2932E-02
  5.2247E+00  4.8544E-02
  5.2271E+00  4.4368E-02
  5.2295E+00  4.2398E-02
  5.2320E+00  3.6241E-02
  5.2344E+00  3.8470E-02
  5.2368E+00  4.0201E-02
  5.2392E+00  5.8114E-02
  5.2416E+00  6.5319E-02
  5.2440E+00  7.0130E-02
  5.2465E+00  7.3493E-02
  5.2489E+00  7.5791E-02
  5.2513E+00  7.7226E-02
  5.2537E+00  7.7918E-02
  5.2561E+00  7.7943E-02
  5.2585E+00  7.9347E-02
  5.2610E+00  8.3760E-02
  5.2634E+00  8.4709E-02
  5.2658E+00  8.4289E-02
  5.2682E+00  8.2810E-02
  5.2706E+00  8.0350E-02
  5.2730E+00  7.6877E-02
  5.2755E+00  8.2259E-02
  5.2779E+00  8.3553E-02
  5.2803E+00  7.9057E-02
  5.2827E+00  7.0687E-02
  5.2851E+00  5.8996E-02
  5.2875E+00  5.9326E-02
  5.2900E+00  5.8713E-02
  5.2924E+00  5.6919E-02
  5.2948E+00  5.1194E-02
  5.2972E+00  5.0960E-02
  5.2996E+00  5.0321E-02
  5.3020E+00  4.9641E-02
  5.3045E+00  4.8613E-02
  5.3069E+00  5.0349E-02
  5.3093E+00  5.4289E-02
  5.3117E+00  5.5105E-02
  5.3141E+00  5.4629E-02
  5.3165E+00  5.3131E-02
  5.3190E+00  5.0595E-02
  5.3214E+00  4.6735E-02
  5.3238E+00  4.0323E-02
  5.3262E+00  3.7646E-02
  5.3286E+00  4.2095E-02
  5.3310E+00  4.3932E-02
  5.3335E+00  4.4305E-02
  5.3359E+00  4.3080E-02
  5.3383E+00  4.1830E-02
  5.3407E+00  4.3418E-02
  5.3431E+00  4.4345E-02
  5.3455E+00  4.4773E-02
  5.3480E+00  4.4773E-02
  5.3504E+00  4.4375E-02
  5.3528E+00  4.4330E-02
  5.3552E+00  4.3495E-02
  5.3576E+00  4.2145E-02
  5.3600E+00  4.0273E-02
  5.3625E+00  3.7793E-02
  5.3649E+00  3.4483E-02
  5.3673E+00  2.9647E-02
  5.3697E+00  2.1690E-02
  5.3721E+00  2.0242E-02
  5.3745E+00  1.8341E-02
  5.3770E+00  1.5546E-02
  5.3794E+00  9.9854E-03
  5.3818E+00  1.0122E-02
  5.3842E+00  1.0239E-02
  5.3866E+00  1.0338E-02
  5.3890E+00  1.0419E-02
  5.3915E+00  1.5850E-02
  5.3939E+00  1.9175E-02
  5.3963E+00  2.1253E-02
  5.3987E+00  2.2736E-02
  5.4011E+00  2.9313E-02
  5.4035E+00  4.0404E-02
  5.4060E+00  4.7401E-02
  5.4084E+00  5.2047E-02
  5.4108E+00  5.5407E-02
  5.4132E+00  5.7859E-02
  5.4156E+00  5.9593E-02
  5.4180E+00  6.0723E-02
  5.4205E+00  6.2001E-02
  5.4229E+00  6.2481E-02
  5.4253E+00  6.2383E-02
  5.4277E+00  6.1773E-02
  5.4301E+00  6.3034E-02
  5.4325E+00  6.3104E-02
  5.4350E+00  6.1970E-02
  5.4374E+00  5.9783E-02
  5.4398E+00  6.0450E-02
  5.4422E+00  5.7766E-02
  5.4446E+00  5.7771E-02
  5.4470E+00  5.6659E-02
  5.4495E+00  5.4015E-02
  5.4519E+00  4.8604E-02
  5.4543E+00  4.8302E-02
  5.4567E+00  4.8190E-02
  5.4591E+00  4.7807E-02
  5.4615E+00  4.9481E-02
  5.4640E+00  5.0249E-02
  5.4664E+00  5.0064E-02
  5.4688E+00  4.9178E-02
  5.4712E+00  4.7449E-02
  5.4736E+00  4.3777E-02
  5.4760E+00  4.1002E-02
  5.4785E+00  4.1093E-02
  5.4809E+00  4.0974E-02
  5.4833E+00  4.0580E-02
  5.4857E+00  3.9499E-02
  5.4881E+00  3.9009E-02
  5.4905E+00  3.9022E-02
  5.4930E+00  3.8945E-02
  5.4954E+00  3.8781E-02
  5.4978E+00  3.8531E-02
  5.5002E+00  3.8457E-02
  5.5026E+00  4.1677E-02
  5.5050E+00  4.4145E-02
  5.5075E+00  4.5400E-02
  5.5099E+00  4.6100E-02
  5.5123E+00  5.1374E-02
  5.5147E+00  5.3366E-02
  5.5171E+00  5.4480E-02
  5.5195E+00  5.8299E-02
  5.5220E+00  6.3967E-02
  5.5244E+00  6.6282E-02
  5.5268E+00  6.6887E-02
  5.5292E+00  6.4926E-02
  5.5316E+00  6.6193E-02
  5.5340E+00  6.6984E-02
  5.5365E+00  6.7358E-02
  5.5389E+00  7.4297E-02
  5.5413E+00  7.6450E-02
  5.5437E+00  8.7509E-02
  5.5461E+00  9.5378E-02
  5.5485E+00  9.9394E-02
  5.5510E+00  1.0138E-01
  5.5534E+00  1.0178E-01
  5.5558E+00  1.0050E-01
  5.5582E+00  9.8244E-02
  5.5606E+00  9.6479E-02
  5.5630E+00  9.3707E-02
  5.5655E+00  8.9794E-02
  5.5679E+00  8.4329E-02
  5.5703E+00  7.4134E-02
  5.5727E+00  6.9800E-02
  5.5751E+00  6.4016E-02
  5.5775E+00  5.5833E-02
  5.5800E+00  5.1096E-02
  5.5824E+00  4.6401E-02
  5.5848E+00  4.1176E-02
  5.5872E+00  3.5334E-02
  5.5896E+00  3.2880E-02
  5.5920E+00  2.9684E-02
  5.5945E+00  2.5256E-02
  5.5969E+00  1.6902E-02
  5.5993E+00  1.2409E-02
  5.6017E+00  1.2475E-02
  5.6041E+00  1.2510E-02
  5.6065E+00  1.2516E-02
  5.6090E+00  1.2494E-02
  5.6114E+00  1.2446E-02
  5.6138E+00  1.2372E-02
  5.6162E+00  1.2272E-02
  5.6186E+00  1.2147E-02
  5.6210E+00  1.2179E-02
  5.6235E+00  1.2329E-02
  5.6259E+00  1.2262E-02
  5.6283E+00  2.2075E-02
  5.6307E+00  2.7155E-02
  5.6331E+00  3.0266E-02
  5.6355E+00  3.2361E-02
  5.6380E+00  3.3737E-02
  5.6404E+00  3.4456E-02
  5.6428E+00  3.4734E-02
  5.6452E+00  3.4770E-02
  5.6476E+00  3.4207E-02
  5.6500E+00  3.4987E-02
  5.6525E+00  3.5457E-02
  5.6549E+00  3.5646E-02
  5.6573E+00  3.5566E-02
  5.6597E+00  3.5246E-02
  5.6621E+00  3.4702E-02
  5.6645E+00  3.3938E-02
  5.6669E+00  4.4164E-02
  5.6694E+00  4.7834E-02
  5.6718E+00  4.9603E-02
  5.6742E+00  5.0209E-02
  5.6766E+00  4.9877E-02
  5.6790E+00  4.8637E-02
  5.6814E+00  4.7966E-02
  5.6839E+00  4.5237E-02
  5.6863E+00  3.8315E-02
  5.6887E+00  3.8835E-02
  5.6911E+00  3.8952E-02
  5.6935E+00  3.8680E-02
  5.6959E+00  3.7959E-02
  5.6984E+00  3.6071E-02
  5.7008E+00  4.2177E-02
  5.7032E+00  4.5127E-02
  5.7056E+00  4.6772E-02
  5.7080E+00  4.7375E-02
  5.7104E+00  4.7218E-02
  5.7129E+00  4.6352E-02
  5.7153E+00  4.4701E-02
  5.7177E+00  4.1973E-02
  5.7201E+00  3.6782E-02
  5.7225E+00  3.1698E-02
  5.7249E+00  3.1946E-02
  5.7274E+00  3.2045E-02
  5.7298E+00  3.2001E-02
  5.7322E+00  3.1820E-02
  5.7346E+00  3.1504E-02
  5.7370E+00  3.1053E-02
  5.7394E+00  3.1937E-02
  5.7419E+00  3.5926E-02
  5.7443E+00  4.0847E-02
  5.7467E+00  4.2796E-02
  5.7491E+00  4.3479E-02
  5.7515E+00  4.3231E-02
  5.7539E+00  4.2123E-02
  5.7564E+00  4.0027E-02
  5.7588E+00  3.6144E-02
  5.7612E+00  3.1823E-02
  5.7636E+00  3.0481E-02
  5.7660E+00  2.8530E-02
  5.7684E+00  2.5668E-02
  5.7709E+00  2.0424E-02
  5.7733E+00  1.6376E-02
  5.7757E+00  1.5169E-02
  5.7781E+00  1.4930E-02
  5.7805E+00  1.5497E-02
  5.7829E+00  1.6236E-02
  5.7854E+00  1.6405E-02
  5.7878E+00  1.6265E-02
  5.7902E+00  1.5632E-02
  5.7926E+00  1.4838E-02
  5.7950E+00  1.7048E-02
  5.7974E+00  2.2468E-02
  5.7999E+00  2.5249E-02
  5.8023E+00  2.7298E-02
  5.8047E+00  2.8928E-02
  5.8071E+00  3.0268E-02
  5.8095E+00  3.1385E-02
  5.8119E+00  3.2322E-02
  5.8144E+00  3.3108E-02
  5.8168E+00  3.3763E-02
  5.8192E+00  3.4303E-02
  5.8216E+00  3.4739E-02
  5.8240E+00  3.7205E-02
  5.8264E+00  3.9825E-02
  5.8289E+00  4.1187E-02
  5.8313E+00  4.2003E-02
  5.8337E+00  4.2439E-02
  5.8361E+00  4.2566E-02
  5.8385E+00  4.2413E-02
  5.8409E+00  5.0051E-02
  5.8434E+00  5.5014E-02
  5.8458E+00  5.7467E-02
  5.8482E+00  5.8518E-02
  5.8506E+00  5.8115E-02
  5.8530E+00  5.6486E-02
  5.8554E+00  5.7026E-02
  5.8579E+00  6.5892E-02
  5.8603E+00  6.9655E-02
  5.8627E+00  7.1886E-02
  5.8651E+00  7.3192E-02
  5.8675E+00  7.3792E-02
  5.8699E+00  7.3789E-02
  5.8724E+00  7.3224E-02
  5.8748E+00  7.2095E-02
  5.8772E+00  7.0334E-02
  5.8796E+00  6.7700E-02
  5.8820E+00  6.1832E-02
  5.8844E+00  6.0662E-02
  5.8869E+00  5.9149E-02
  5.8893E+00  5.7258E-02
  5.8917E+00  5.4927E-02
  5.8941E+00  5.2032E-02
  5.8965E+00  4.8296E-02
  5.8989E+00  4.3170E-02
  5.9014E+00  3.5155E-02
  5.9038E+00  3.4495E-02
  5.9062E+00  3.3734E-02
  5.9086E+00  3.4183E-02
  5.9110E+00  3.3926E-02
  5.9134E+00  3.3333E-02
  5.9159E+00  3.3622E-02
  5.9183E+00  3.3487E-02
  5.9207E+00  3.2706E-02
  5.9231E+00  3.1435E-02
  5.9255E+00  2.9290E-02
  5.9279E+00  2.7574E-02
  5.9304E+00  2.5632E-02
  5.9328E+00  2.2893E-02
  5.9352E+00  1.7055E-02
  5.9376E+00  1.5553E-02
  5.9400E+00  1.5408E-02
  5.9424E+00  1.5153E-02
  5.9449E+00  1.4743E-02
  5.9473E+00  1.4040E-02
  5.9497E+00  1.2804E-02
  5.9521E+00  1.2829E-02
  5.9545E+00  1.2845E-02
  5.9569E+00  1.2850E-02
  5.9594E+00  1.2847E-02
  5.9618E+00  1.2834E-02
  5.9642E+00  1.2813E-02
  5.9666E+00  1.2783E-02
  5.9690E+00  1.2744E-02
  5.9714E+00  1.2698E-02
  5.9739E+00  1.2643E-02
  5.9763E+00  1.2580E-02
  5.9787E+00  1.4640E-02
  5.9811E+00  1.7548E-02
  5.9835E+00  1.9312E-02
  5.9859E+00  2.0546E-02
  5.9884E+00  2.1497E-02
  5.9908E+00  2.2256E-02
  5.9932E+00  2.2871E-02
  5.9956E+00  2.3369E-02
  5.9980E+00  2.4222E-02
  6.0004E+00  2.4906E-02
  6.0029E+00  4.4616E-02
  6.0053E+00  4.4417E-02
  6.0077E+00  4.3716E-02
  6.0101E+00  4.2484E-02
  6.0125E+00  4.1511E-02
  6.0149E+00  3.9210E-02
  6.0174E+00  3.5114E-02
  6.0198E+00  2.8154E-02
  6.0222E+00  3.0343E-02
  6.0246E+00  3.5987E-02
  6.0270E+00  3.8710E-02
  6.0294E+00  4.5531E-02
  6.0319E+00  4.9194E-02
  6.0343E+00  5.1808E-02
  6.0367E+00  5.3744E-02
  6.0391E+00  6.1991E-02
  6.0415E+00  6.6984E-02
  6.0439E+00  7.0528E-02
  6.0464E+00  7.3056E-02
  6.0488E+00  7.5070E-02
  6.0512E+00  7.6897E-02
  6.0536E+00  7.8313E-02
  6.0560E+00  7.9369E-02
  6.0584E+00  8.0098E-02
  6.0609E+00  8.0520E-02
  6.0633E+00  8.0643E-02
  6.0657E+00  8.0460E-02
  6.0681E+00  7.9933E-02
  6.0705E+00  7.8916E-02
  6.0729E+00  7.6981E-02
  6.0754E+00  7.6580E-02
  6.0778E+00  7.5999E-02
  6.0802E+00  7.5235E-02
  6.0826E+00  7.4284E-02
  6.0850E+00  7.3134E-02
  6.0874E+00  7.1758E-02
  6.0899E+00  7.0096E-02
  6.0923E+00  6.7899E-02
  6.0947E+00  6.5603E-02
  6.0971E+00  6.4127E-02
  6.0995E+00  6.2477E-02
  6.1019E+00  6.0631E-02
  6.1044E+00  5.8555E-02
  6.1068E+00  5.6172E-02
  6.1092E+00  5.2899E-02
  6.1116E+00  5.0488E-02
  6.1140E+00  4.7701E-02
  6.1164E+00  4.4312E-02
  6.1189E+00  3.9339E-02
  6.1213E+00  3.4880E-02
  6.1237E+00  3.5072E-02
  6.1261E+00  4.1201E-02
  6.1285E+00  4.3106E-02
  6.1309E+00  4.3808E-02
  6.1334E+00  4.3700E-02
  6.1358E+00  4.2791E-02
  6.1382E+00  4.0382E-02
  6.1406E+00  3.8504E-02
  6.1430E+00  3.7591E-02
  6.1454E+00  3.6022E-02
  6.1479E+00  4.9647E-02
  6.1503E+00  4.0232E-02
  6.1527E+00  3.5710E-02
  6.1551E+00  3.4742E-02
  6.1575E+00  3.5523E-02
  6.1599E+00  3.6143E-02
  6.1624E+00  3.6640E-02
  6.1648E+00  3.7034E-02
  6.1672E+00  3.7337E-02
  6.1696E+00  3.7558E-02
  6.1720E+00  3.7705E-02
  6.1744E+00  3.7783E-02
  6.1769E+00  3.7795E-02
  6.1793E+00  3.7745E-02
  6.1817E+00  3.7635E-02
  6.1841E+00  3.7467E-02
  6.1865E+00  3.7243E-02
  6.1889E+00  3.6964E-02
  6.1914E+00  3.6630E-02
  6.1938E+00  3.6241E-02
  6.1962E+00  3.5795E-02
  6.1986E+00  3.5292E-02
  6.2010E+00  3.4728E-02
  6.2034E+00  3.4100E-02
  6.2059E+00  3.3398E-02
  6.2083E+00  3.2610E-02
  6.2107E+00  3.1694E-02
  6.2131E+00  3.5007E-02
  6.2155E+00  4.1783E-02
  6.2179E+00  4.5157E-02
  6.2204E+00  4.7325E-02
  6.2228E+00  5.3817E-02
  6.2252E+00  6.1683E-02
  6.2276E+00  6.5993E-02
  6.2300E+00  6.8800E-02
  6.2324E+00  7.0458E-02
  6.2349E+00  7.0756E-02
  6.2373E+00  6.9367E-02
  6.2397E+00  7.1246E-02
  6.2421E+00  7.2764E-02
  6.2445E+00  7.3924E-02
  6.2469E+00  7.4480E-02
  6.2494E+00  7.5481E-02
  6.2518E+00  7.6281E-02
  6.2542E+00  7.6897E-02
  6.2566E+00  8.3308E-02
  6.2590E+00  8.6007E-02
  6.2614E+00  8.8178E-02
  6.2639E+00  8.9866E-02
  6.2663E+00  9.1068E-02
  6.2687E+00  9.1927E-02
  6.2711E+00  9.2504E-02
  6.2735E+00  9.2836E-02
  6.2759E+00  9.2946E-02
  6.2784E+00  9.3896E-02
  6.2808E+00  9.4080E-02
  3.1974E-14  9.3934E-02
  2.4166E-03  9.3516E-02
  4.8332E-03  9.2780E-02
  7.2498E-03  9.1891E-02
  9.6664E-03  9.1093E-02
  1.2083E-02  9.0117E-02
  1.4500E-02  8.8964E-02
  1.6916E-02  8.7626E-02
  1.9333E-02  8.6092E-02
  2.1749E-02  8.4341E-02
  2.4166E-02  8.2338E-02
  2.6583E-02  8.0019E-02
  2.8999E-02  7.7260E-02
  3.1416E-02  7.3732E-02
  3.3833E-02  6.6831E-02
  3.6249E-02  6.5064E-02
  3.8666E-02  6.4279E-02
  4.1082E-02  6.3428E-02
  4.3499E-02  6.2511E-02
  4.5916E-02  6.6644E-02
  4.8332E-02  6.8047E-02
  5.0749E-02  7.0905E-02
  5.3165E-02  7.2723E-02
  5.5582E-02  7.3641E-02
  5.7999E-02  7.5745E-02
  6.0415E-02  7.6509E-02
  6.2832E-02  7.6755E-02
  6.5248E-02  7.6608E-02
  6.7665E-02  7.6108E-02
  7.0082E-02  7.5256E-02
  7.2498E-02  7.4007E-02
  7.4915E-02  7.2204E-02
  7.7332E-02  6.8910E-02
  7.9748E-02  6.6719E-02
  8.2165E-02  6.6201E-02
  8.4581E-02  6.5532E-02
  8.6998E-02  6.4709E-02
  8.9415E-02  6.3720E-02
  9.1831E-02  6.2546E-02
  9.4248E-02  6.1146E-02
  9.6664E-02  5.9419E-02
  9.9081E-02  5.6874E-02
  1.0150E-01  5.4839E-02
  1.0391E-01  5.3667E-02
  1.0633E-01  5.2292E-02
  1.0875E-01  5.0537E-02
  1.1116E-01  4.8744E-02
  1.1358E-01  4.6955E-02
  1.1600E-01  4.4715E-02
  1.1841E-01  4.2429E-02
  1.2083E-01  3.9525E-02
  1.2325E-01  3.9073E-02
  1.2566E-01  3.8562E-02
  1.2808E-01  3.7980E-02
  1.3050E-01  3.7302E-02
  1.3291E-01  3.6457E-02
  1.3533E-01  3.5119E-02
  1.3775E-01  3.4728E-02
  1.4016E-01  3.4308E-02
  1.4258E-01  3.3859E-02
  1.4500E-01  3.3383E-02
  1.4741E-01  3.2878E-02
  1.4983E-01  3.2344E-02
  1.5225E-01  3.1781E-02
  1.5466E-01  2.8793E-02
  1.5708E-01  2.8184E-02
  1.5950E-01  2.7543E-02
  1.6191E-01  2.6869E-02
  1.6433E-01  2.6162E-02
  1.6675E-01  2.5419E-02
  1.6916E-01  2.4637E-02
  1.7158E-01  2.3814E-02
  1.7400E-01  2.2944E-02
  1.7641E-01  2.2024E-02
  1.7883E-01  2.1046E-02
  1.8125E-01  2.0001E-02
  1.8366E-01  1.8877E-02
  1.8608E-01  1.7654E-02
  1.8850E-01  1.6306E-02
  1.9091E-01  1.4782E-02
  1.9333E-01  1.2984E-02
  1.9575E-01  1.0627E-02
  1.9816E-01  6.3113E-03
  2.0058E-01  5.8758E-03
  2.0300E-01  5.5314E-03
  2.0541E-01  8.0984E-03
  2.0783E-01  8.9826E-03
  2.1025E-01  9.4771E-03
  2.1266E-01  9.7383E-03
  2.1508E-01  9.8058E-03
  2.1749E-01  9.6611E-03
  2.1991E-01  9.1603E-03
  2.2233E-01  8.0393E-03
  2.2474E-01  8.4349E-03
  2.2716E-01  8.7938E-03
  2.2958E-01  9.1210E-03
  2.3199E-01  9.4203E-03
  2.3441E-01  9.6950E-03
  2.3683E-01  4.6530E-02
  2.3924E-01  4.6162E-02
  2.4166E-01  4.5760E-02
  2.4408E-01  4.5327E-02
  2.4649E-01  4.5433E-02
  2.4891E-01  4.6758E-02
  2.5133E-01  4.7146E-02
  2.5374E-01  4.7282E-02
  2.5616E-01  4.7270E-02
  2.5858E-01  4.7153E-02
  2.6099E-01  4.6954E-02
  2.6341E-01  4.6685E-02
  2.6583E-01  4.6358E-02
  2.6824E-01  4.5977E-02
  2.7066E-01  4.6404E-02
  2.7308E-01  8.4292E-02
  2.7549E-01  8.3969E-02
  2.7791E-01  8.3490E-02
  2.8033E-01  8.6239E-02
  2.8274E-01  8.8372E-02
  2.8516E-01  8.9379E-02
  2.8758E-01  8.9891E-02
  2.8999E-01  9.0080E-02
  2.9241E-01  9.0026E-02
  2.9483E-01  1.2855E-01
  2.9724E-01  1.2776E-01
  2.9966E-01  1.2680E-01
  3.0208E-01  1.2568E-01
  3.0449E-01  1.2438E-01
  3.0691E-01  1.2291E-01
  3.0933E-01  1.2123E-01
  3.1174E-01  1.1928E-01
  3.1416E-01  1.1693E-01
  3.1658E-01  1.1372E-01
  3.1899E-01  1.0912E-01
  3.2141E-01  1.0862E-01
  3.2383E-01  1.0808E-01
  3.2624E-01  1.0750E-01
  3.2866E-01  1.0688E-01
  3.3108E-01  1.0623E-01
  3.3349E-01  1.0555E-01
  3.3591E-01  1.0484E-01
  3.3833E-01  1.0410E-01
  3.4074E-01  1.0334E-01
  3.4316E-01  1.0358E-01
  3.4558E-01  1.0395E-01
  3.4799E-01  1.0383E-01
  3.5041E-01  1.0353E-01
  3.5283E-01  1.0671E-01
  3.5524E-01  1.0877E-01
  3.5766E-01  1.0989E-01
  3.6007E-01  1.1057E-01
  3.6249E-01  1.1097E-01
  3.6491E-01  1.1118E-01
  3.6732E-01  1.1123E-01
  3.6974E-01  1.1115E-01
  3.7216E-01  1.1097E-01
  3.7457E-01  1.3602E-01
  3.7699E-01  1.3569E-01
  3.7941E-01  1.3527E-01
  3.8182E-01  1.3478E-01
  3.8424E-01  1.3422E-01
  3.8666E-01  1.3361E-01
  3.8907E-01  1.3293E-01
  3.9149E-01  1.3221E-01
  3.9391E-01  1.3144E-01
  3.9632E-01  1.3063E-01
  3.9874E-01  1.2977E-01
  4.0116E-01  1.4499E-01
  4.0357E-01  1.4434E-01
  4.0599E-01  1.4364E-01
  4.0841E-01  1.4288E-01
  4.1082E-01  1.4208E-01
  4.1324E-01  1.4122E-01
  4.1566E-01  1.4032E-01
  4.1807E-01  1.3938E-01
  4.2049E-01  1.3840E-01
  4.2291E-01  1.3737E-01
  4.2532E-01  1.3631E-01
  4.2774E-01  1.3522E-01
  4.3016E-01  1.3408E-01
  4.3257E-01  1.3291E-01
  4.3499E-01  1.3170E-01
  4.3741E-01  1.3046E-01
  4.3982E-01  1.2917E-01
  4.4224E-01  1.2783E-01
  4.4466E-01  1.2644E-01
  4.4707E-01  1.2499E-01
  4.4949E-01  1.2346E-01
  4.5191E-01  1.2183E-01
  4.5432E-01  1.2002E-01
  4.5674E-01  1.1787E-01
  4.5916E-01  1.1470E-01
  4.6157E-01  1.1383E-01
  4.6399E-01  1.1294E-01
  4.6641E-01  1.1203E-01
  4.6882E-01  1.1111E-01
  4.7124E-01  1.1017E-01
  4.7366E-01  1.0921E-01
  4.7607E-01  1.0824E-01
  4.7849E-01  1.2201E-01
  4.8091E-01  1.2037E-01
  4.8332E-01  1.1868E-01
  4.8574E-01  1.1694E-01
  4.8816E-01  1.1514E-01
  4.9057E-01  1.1327E-01
  4.9299E-01  1.1129E-01
  4.9540E-01  1.0917E-01
  4.9782E-01  1.0683E-01
  5.0024E-01  1.0395E-01
  5.0265E-01  1.0101E-01
  5.0507E-01  9.9220E-02
  5.0749E-01  9.7138E-02
  5.0990E-01  9.4257E-02
  5.1232E-01  9.1470E-02
  5.1474E-01  9.0838E-02
  5.1715E-01  9.0200E-02
  5.1957E-01  8.9556E-02
  5.2199E-01  8.8906E-02
  5.2440E-01  8.8250E-02
  5.2682E-01  8.7587E-02
  5.2924E-01  8.6917E-02
  5.3165E-01  8.6240E-02
  5.3407E-01  8.5555E-02
  5.3649E-01  8.4862E-02
  5.3890E-01  8.4158E-02
  5.4132E-01  8.3444E-02
  5.4374E-01  8.2718E-02
  5.4615E-01  8.1976E-02
  5.4857E-01  8.1217E-02
  5.5099E-01  8.0435E-02
  5.5340E-01  7.9622E-02
  5.5582E-01  7.8764E-02
  5.5824E-01  7.7831E-02
  5.6065E-01  7.6707E-02
  5.6307E-01  7.5446E-02
  5.6549E-01  7.4906E-02
  5.6790E-01  7.4364E-02
  5.7032E-01  7.3819E-02
  5.7274E-01  7.3271E-02
  5.7515E-01  7.2721E-02
  5.7757E-01  7.2167E-02
  5.7999E-01  7.1610E-02
  5.8240E-01  7.1049E-02
  5.8482E-01  7.0485E-02
  5.8724E-01  6.9916E-02
  5.8965E-01  6.9342E-02
  5.9207E-01  6.8764E-02
  5.9449E-01  6.8179E-02
  5.9690E-01  6.7589E-02
  5.9932E-01  6.6991E-02
  6.0174E-01  6.6385E-02
  6.0415E-01  6.5769E-02
  6.0657E-01  6.5141E-02
  6.0899E-01  6.4500E-02
  6.1140E-01  6.3841E-02
  6.1382E-01  6.3160E-02
  6.1624E-01  6.2448E-02
  6.1865E-01  6.1690E-02
  6.2107E-01  6.0853E-02
  6.2349E-01  5.9816E-02
  6.2590E-01  5.8637E-02
  6.2832E-01  5.8227E-02
  6.3074E-01  5.7815E-02
  6.3315E-01  5.7402E-02
  6.3557E-01  5.7442E-02
  6.3798E-01  5.7255E-02
  6.4040E-01  5.7001E-02
  6.4282E-01  5.6715E-02
  6.4523E-01  5.7389E-02
  6.4765E-01  6.7495E-02
  6.5007E-01  7.2191E-02
  6.5248E-01  7.5469E-02
  6.5490E-01  7.8016E-02
  6.5732E-01  8.0087E-02
  6.5973E-01  8.1811E-02
  6.6215E-01  8.3265E-02
  6.6457E-01  8.4498E-02
  6.6698E-01  8.5547E-02
  6.6940E-01  8.6437E-02
  6.7182E-01  8.7186E-02
  6.7423E-01  8.7811E-02
  6.7665E-01  8.8322E-02
  6.7907E-01  8.8730E-02
  6.8148E-01  8.9042E-02
  6.8390E-01  8.9263E-02
  6.8632E-01  8.9399E-02
  6.8873E-01  8.9452E-02
  6.9115E-01  8.9424E-02
  6.9357E-01  8.9313E-02
  6.9598E-01  8.9114E-02
  6.9840E-01  8.8813E-02
  7.0082E-01  8.8355E-02
  7.0323E-01  8.7669E-02
  7.0565E-01  8.7430E-02
  7.0807E-01  8.7131E-02
  7.1048E-01  8.6770E-02
  7.1290E-01  8.6342E-02
  7.1532E-01  8.5837E-02
  7.1773E-01  8.5329E-02
  7.2015E-01  8.4721E-02
  7.2257E-01  8.3701E-02
  7.2498E-01  8.2813E-02
  7.2740E-01  8.2535E-02
  7.2982E-01  8.2215E-02
  7.3223E-01  8.1857E-02
  7.3465E-01  8.1461E-02
  7.3707E-01  8.1026E-02
  7.3948E-01  8.0550E-02
  7.4190E-01  8.0031E-02
  7.4432E-01  7.9458E-02
  7.4673E-01  7.8803E-02
  7.4915E-01  7.7925E-02
  7.5157E-01  7.7431E-02
  7.5398E-01  7.6912E-02
  7.5640E-01  7.6368E-02
  7.5882E-01  7.5798E-02
  7.6123E-01  7.5203E-02
  7.6365E-01  7.4584E-02
  7.6607E-01  7.3939E-02
  7.6848E-01  7.3269E-02
  7.7090E-01  7.2573E-02
  7.7332E-01  7.1852E-02
  7.7573E-01  7.1104E-02
  7.7815E-01  7.0330E-02
  7.8056E-01  6.9527E-02
  7.8298E-01  6.8696E-02
  7.8540E-01  6.7834E-02
  7.8781E-01  6.6941E-02
  7.9023E-01  6.6015E-02
  7.9265E-01  6.6872E-02
  7.9506E-01  1.0743E-01
  7.9748E-01  1.0837E-01
  7.9990E-01  1.0857E-01
  8.0231E-01  1.0830E-01
  8.0473E-01  1.0770E-01
  8.0715E-01  1.0680E-01
  8.0956E-01  1.0565E-01
  8.1198E-01  1.0423E-01
  8.1440E-01  1.0253E-01
  8.1681E-01  1.0049E-01
  8.1923E-01  9.7938E-02
  8.2165E-01  9.3285E-02
  8.2406E-01  9.1733E-02
  8.2648E-01  9.0356E-02
  8.2890E-01  8.8833E-02
  8.3131E-01  8.7156E-02
  8.3373E-01  8.5308E-02
  8.3615E-01  8.3269E-02
  8.3856E-01  8.1004E-02
  8.4098E-01  7.8461E-02
  8.4340E-01  7.5554E-02
  8.4581E-01  7.2115E-02
  8.4823E-01  6.7733E-02
  8.5065E-01  5.9560E-02
  8.5306E-01  5.6080E-02
  8.5548E-01  5.3848E-02
  8.5790E-01  5.3723E-02
  8.6031E-01  5.3576E-02
  8.6273E-01  5.3410E-02
  8.6515E-01  5.3223E-02
  8.6756E-01  5.3018E-02
  8.6998E-01  5.2795E-02
  8.7240E-01  5.2554E-02
  8.7481E-01  5.2297E-02
  8.7723E-01  5.2022E-02
  8.7965E-01  5.1731E-02
  8.8206E-01  5.1425E-02
  8.8448E-01  5.1103E-02
  8.8690E-01  5.0766E-02
  8.8931E-01  5.0414E-02
  8.9173E-01  5.0048E-02
  8.9415E-01  4.9667E-02
  8.9656E-01  4.9272E-02
  8.9898E-01  4.8862E-02
  9.0140E-01  4.8439E-02
  9.0381E-01  4.8001E-02
  9.0623E-01  4.7550E-02
  9.0865E-01  4.7084E-02
  9.1106E-01  4.6604E-02
  9.1348E-01  4.6110E-02
  9.1590E-01  4.5602E-02
  9.1831E-01  4.5079E-02
  9.2073E-01  4.4541E-02
  9.2314E-01  4.3988E-02
  9.2556E-01  4.3420E-02
  9.2798E-01  4.2835E-02
  9.3039E-01  4.2234E-02
  9.3281E-01  4.1616E-02
  9.3523E-01  4.0980E-02
  9.3764E-01  4.0325E-02
  9.4006E-01  3.9649E-02
  9.4248E-01  3.8953E-02
  9.4489E-01  3.8233E-02
  9.4731E-01  3.7489E-02
  9.4973E-01  3.6717E-02
  9.5214E-01  3.5912E-02
  9.5456E-01  3.5065E-02
  9.5698E-01  3.4117E-02
  9.5939E-01  3.3264E-02
  9.6181E-01  3.2373E-02
  9.6423E-01  3.1439E-02
  9.6664E-01  3.0456E-02
  9.6906E-01  2.9415E-02
  9.7148E-01  2.8303E-02
  9.7389E-01  2.7103E-02
  9.7631E-01  2.5788E-02
  9.7873E-01  2.4310E-02
  9.8114E-01  2.2565E-02
  9.8356E-01  1.9872E-02
  9.8598E-01  1.8075E-02
  9.8839E-01  1.5371E-02
  9.9081E-01  1.6613E-02
  9.9323E-01  1.6970E-02
  9.9564E-01  1.6893E-02
  9.9806E-01  1.6421E-02
  1.0005E+00  1.5359E-02
  1.0029E+00  1.3452E-02
  1.0053E+00  1.3335E-02
  1.0077E+00  1.3217E-02
  1.0101E+00  1.3098E-02
  1.0126E+00  1.2977E-02
  1.0150E+00  1.2854E-02
  1.0174E+00  1.5254E-02
  1.0198E+00  1.6915E-02
  1.0222E+00  1.7971E-02
  1.0246E+00  1.8767E-02
  1.0271E+00  1.9403E-02
  1.0295E+00  1.9928E-02
  1.0319E+00  2.0367E-02
  1.0343E+00  2.0737E-02
  1.0367E+00  2.1051E-02
  1.0391E+00  2.1315E-02
  1.0416E+00  2.1536E-02
  1.0440E+00  2.1719E-02
  1.0464E+00  2.1867E-02
  1.0488E+00  2.1983E-02
  1.0512E+00  2.2069E-02
  1.0536E+00  2.2128E-02
  1.0561E+00  2.2159E-02
  1.0585E+00  2.2165E-02
  1.0609E+00  2.2145E-02
  1.0633E+00  2.2100E-02
  1.0657E+00  2.2030E-02
  1.0681E+00  2.1935E-02
  1.0706E+00  2.1812E-02
  1.0730E+00  2.1659E-02
  1.0754E+00  2.9661E-02
  1.0778E+00  3.6852E-02
  1.0802E+00  4.1027E-02
  1.0826E+00  4.3949E-02
  1.0851E+00  4.6029E-02
  1.0875E+00  4.6959E-02
  1.0899E+00  4.8622E-02
  1.0923E+00  4.9964E-02
  1.0947E+00  5.1036E-02
  1.0971E+00  5.1875E-02
  1.0996E+00  5.2506E-02
  1.1020E+00  5.2952E-02
  1.1044E+00  6.2051E-02
  1.1068E+00  6.9416E-02
  1.1092E+00  7.3806E-02
  1.1116E+00  7.6886E-02
  1.1141E+00  7.9118E-02
  1.1165E+00  8.7969E-02
  1.1189E+00  9.2137E-02
  1.1213E+00  9.4945E-02
  1.1237E+00  9.6880E-02
  1.1261E+00  9.8139E-02
  1.1286E+00  9.9010E-02
  1.1310E+00  9.9564E-02
  1.1334E+00  9.9498E-02
  1.1358E+00  9.8953E-02
  1.1382E+00  9.7962E-02
  1.1406E+00  9.6531E-02
  1.1431E+00  9.7717E-02
  1.1455E+00  9.7362E-02
  1.1479E+00  9.5719E-02
  1.1503E+00  9.3028E-02
  1.1527E+00  8.9019E-02
  1.1551E+00  8.1718E-02
  1.1576E+00  7.6805E-02
  1.1600E+00  7.5659E-02
  1.1624E+00  7.4202E-02
  1.1648E+00  7.2426E-02
  1.1672E+00  7.0308E-02
  1.1696E+00  6.7809E-02
  1.1721E+00  6.7882E-02
  1.1745E+00  6.7427E-02
  1.1769E+00  6.5316E-02
  1.1793E+00  6.0565E-02
  1.1817E+00  5.3809E-02
  1.1841E+00  5.3717E-02
  1.1866E+00  5.0618E-02
  1.1890E+00  4.9947E-02
  1.1914E+00  4.8994E-02
  1.1938E+00  4.7738E-02
  1.1962E+00  4.6140E-02
  1.1986E+00  4.4113E-02
  1.2011E+00  4.1461E-02
  1.2035E+00  3.7003E-02
  1.2059E+00  4.0655E-02
  1.2083E+00  3.8626E-02
  1.2107E+00  3.9711E-02
  1.2131E+00  3.8532E-02
  1.2156E+00  4.0181E-02
  1.2180E+00  4.1559E-02
  1.2204E+00  4.2719E-02
  1.2228E+00  4.3698E-02
  1.2252E+00  4.4519E-02
  1.2276E+00  4.5202E-02
  1.2301E+00  4.5762E-02
  1.2325E+00  4.6208E-02
  1.2349E+00  4.6551E-02
  1.2373E+00  4.6798E-02
  1.2397E+00  5.0966E-02
  1.2421E+00  5.6559E-02
  1.2446E+00  5.9531E-02
  1.2470E+00  6.1547E-02
  1.2494E+00  6.2968E-02
  1.2518E+00  6.3951E-02
  1.2542E+00  6.4580E-02
  1.2566E+00  6.4906E-02
  1.2591E+00  7.1047E-02
  1.2615E+00  7.3507E-02
  1.2639E+00  7.4952E-02
  1.2663E+00  7.5768E-02
  1.2687E+00  7.6102E-02
  1.2711E+00  7.8332E-02
  1.2736E+00  7.8873E-02
  1.2760E+00  7.8789E-02
  1.2784E+00  7.8220E-02
  1.2808E+00  7.7211E-02
  1.2832E+00  7.5768E-02
  1.2856E+00  7.4372E-02
  1.2881E+00  7.3939E-02
  1.2905E+00  7.1862E-02
  1.2929E+00  6.8679E-02
  1.2953E+00  6.3826E-02
  1.2977E+00  5.4817E-02
  1.3001E+00  5.1371E-02
  1.3026E+00  5.2427E-02
  1.3050E+00  5.3396E-02
  1.3074E+00  5.3705E-02
  1.3098E+00  5.3616E-02
  1.3122E+00  5.3055E-02
  1.3146E+00  5.2671E-02
  1.3171E+00  5.7998E-02
  1.3195E+00  6.0324E-02
  1.3219E+00  6.1883E-02
  1.3243E+00  6.2976E-02
  1.3267E+00  6.3723E-02
  1.3291E+00  6.4186E-02
  1.3316E+00  6.4402E-02
  1.3340E+00  6.4391E-02
  1.3364E+00  6.4167E-02
  1.3388E+00  7.2143E-02
  1.3412E+00  7.4798E-02
  1.3436E+00  7.6265E-02
  1.3461E+00  7.6955E-02
  1.3485E+00  7.6980E-02
  1.3509E+00  7.6300E-02
  1.3533E+00  7.4522E-02
  1.3557E+00  7.1323E-02
  1.3581E+00  7.1484E-02
  1.3606E+00  7.1395E-02
  1.3630E+00  7.4192E-02
  1.3654E+00  7.6204E-02
  1.3678E+00  7.6844E-02
  1.3702E+00  7.8758E-02
  1.3726E+00  8.3339E-02
  1.3751E+00  8.6028E-02
  1.3775E+00  8.7715E-02
  1.3799E+00  8.8644E-02
  1.3823E+00  9.7082E-02
  1.3847E+00  1.0280E-01
  1.3871E+00  1.0593E-01
  1.3896E+00  1.0740E-01
  1.3920E+00  1.0810E-01
  1.3944E+00  1.0914E-01
  1.3968E+00  1.0960E-01
  1.3992E+00  1.0954E-01
  1.4016E+00  1.0899E-01
  1.4041E+00  1.0828E-01
  1.4065E+00  1.0694E-01
  1.4089E+00  1.0512E-01
  1.4113E+00  1.1291E-01
  1.4137E+00  1.1453E-01
  1.4161E+00  1.1501E-01
  1.4185E+00  1.1364E-01
  1.4210E+00  1.1037E-01
  1.4234E+00  1.0822E-01
  1.4258E+00  1.1514E-01
  1.4282E+00  1.3515E-01
  1.4306E+00  1.4532E-01
  1.4330E+00  1.5100E-01
  1.4355E+00  1.6365E-01
  1.4379E+00  1.6905E-01
  1.4403E+00  1.7430E-01
  1.4427E+00  1.7377E-01
  1.4451E+00  1.7618E-01
  1.4475E+00  1.7461E-01
  1.4500E+00  1.7371E-01
  1.4524E+00  1.7031E-01
  1.4548E+00  1.6287E-01
  1.4572E+00  1.5537E-01
  1.4596E+00  1.5094E-01
  1.4620E+00  1.4487E-01
  1.4645E+00  1.5080E-01
  1.4669E+00  1.4613E-01
  1.4693E+00  1.3156E-01
  1.4717E+00  1.2797E-01
  1.4741E+00  1.2208E-01
  1.4765E+00  1.1339E-01
  1.4790E+00  1.0003E-01
  1.4814E+00  7.8555E-02
  1.4838E+00  6.4052E-02
  1.4862E+00  6.4035E-02
  1.4886E+00  6.3688E-02
  1.4910E+00  6.3025E-02
  1.4935E+00  6.2050E-02
  1.4959E+00  7.0885E-02
  1.4983E+00  7.5523E-02
  1.5007E+00  7.7488E-02
  1.5031E+00  8.3039E-02
  1.5055E+00  8.7302E-02
  1.5080E+00  8.8132E-02
  1.5104E+00  8.7571E-02
  1.5128E+00  8.6110E-02
  1.5152E+00  8.3176E-02
  1.5176E+00  7.2844E-02
  1.5200E+00  8.3222E-02
  1.5225E+00  9.2185E-02
  1.5249E+00  9.7221E-02
  1.5273E+00  1.0800E-01
  1.5297E+00  1.1866E-01
  1.5321E+00  1.2456E-01
  1.5345E+00  1.2825E-01
  1.5370E+00  1.3036E-01
  1.5394E+00  1.3126E-01
  1.5418E+00  1.3149E-01
  1.5442E+00  1.2820E-01
  1.5466E+00  1.2571E-01
  1.5490E+00  1.2180E-01
  1.5515E+00  1.1590E-01
  1.5539E+00  1.0341E-01
  1.5563E+00  1.0009E-01
  1.5587E+00  9.4779E-02
  1.5611E+00  9.1962E-02
  1.5635E+00  8.8461E-02
  1.5660E+00  8.4166E-02
  1.5684E+00  7.8873E-02
  1.5708E+00  7.2139E-02
  1.5732E+00  7.1002E-02
  1.5756E+00  7.6124E-02
  1.5780E+00  7.9330E-02
  1.5805E+00  7.7304E-02
  1.5829E+00  7.6904E-02
  1.5853E+00  7.5828E-02
  1.5877E+00  7.7435E-02
  1.5901E+00  7.8247E-02
  1.5925E+00  7.8355E-02
  1.5950E+00  7.8875E-02
  1.5974E+00  9.2128E-02
  1.5998E+00  9.5818E-02
  1.6022E+00  9.6976E-02
  1.6046E+00  9.6558E-02
  1.6070E+00  9.4566E-02
  1.6095E+00  9.1002E-02
  1.6119E+00  9.3766E-02
  1.6143E+00  9.8698E-02
  1.6167E+00  9.0640E-02
  1.6191E+00  9.0400E-02
  1.6215E+00  8.9329E-02
  1.6240E+00  8.8459E-02
  1.6264E+00  8.4951E-02
  1.6288E+00  7.9134E-02
  1.6312E+00  7.6778E-02
  1.6336E+00  7.2371E-02
  1.6360E+00  6.0109E-02
  1.6385E+00  6.0178E-02
  1.6409E+00  7.2537E-02
  1.6433E+00  8.0670E-02
  1.6457E+00  9.5976E-02
  1.6481E+00  1.0386E-01
  1.6505E+00  1.0823E-01
  1.6530E+00  1.1019E-01
  1.6554E+00  1.1054E-01
  1.6578E+00  1.2054E-01
  1.6602E+00  1.2871E-01
  1.6626E+00  1.3157E-01
  1.6650E+00  1.3148E-01
  1.6675E+00  1.2893E-01
  1.6699E+00  1.2382E-01
  1.6723E+00  1.1491E-01
  1.6747E+00  1.0373E-01
  1.6771E+00  9.1283E-02
  1.6795E+00  8.5971E-02
  1.6820E+00  7.8614E-02
  1.6844E+00  6.7358E-02
  1.6868E+00  5.3981E-02
  1.6892E+00  3.8736E-02
  1.6916E+00  3.7168E-02
  1.6940E+00  3.5210E-02
  1.6965E+00  4.9303E-02
  1.6989E+00  5.2547E-02
  1.7013E+00  5.2203E-02
  1.7037E+00  4.8970E-02
  1.7061E+00  4.1635E-02
  1.7085E+00  3.0963E-02
  1.7110E+00  2.8633E-02
  1.7134E+00  2.4351E-02
  1.7158E+00  1.3713E-02
  1.7182E+00  1.2401E-02
  1.7206E+00  1.0406E-02
  1.7230E+00  6.4972E-03
  1.7255E+00  3.9339E-03
  1.7279E+00  3.9275E-03
  1.7303E+00  3.9205E-03
  1.7327E+00  1.0513E-02
  1.7351E+00  2.0040E-02
  1.7375E+00  2.4944E-02
  1.7400E+00  2.8247E-02
  1.7424E+00  3.0586E-02
  1.7448E+00  4.8776E-02
  1.7472E+00  5.8135E-02
  1.7496E+00  6.4032E-02
  1.7520E+00  6.7998E-02
  1.7545E+00  7.0570E-02
  1.7569E+00  7.2011E-02
  1.7593E+00  7.2464E-02
  1.7617E+00  7.2004E-02
  1.7641E+00  7.0652E-02
  1.7665E+00  7.0110E-02
  1.7690E+00  6.7781E-02
  1.7714E+00  6.3904E-02
  1.7738E+00  5.8060E-02
  1.7762E+00  4.7223E-02
  1.7786E+00  3.9988E-02
  1.7810E+00  3.5765E-02
  1.7835E+00  2.7105E-02
  1.7859E+00  2.2918E-02
  1.7883E+00  3.0811E-02
  1.7907E+00  3.4135E-02
  1.7931E+00  3.6461E-02
  1.7955E+00  3.8233E-02
  1.7980E+00  3.9620E-02
  1.8004E+00  4.0711E-02
  1.8028E+00  4.1560E-02
  1.8052E+00  4.2203E-02
  1.8076E+00  4.2663E-02
  1.8100E+00  4.6926E-02
  1.8125E+00  4.9635E-02
  1.8149E+00  5.1218E-02
  1.8173E+00  5.2212E-02
  1.8197E+00  5.2784E-02
  1.8221E+00  5.3014E-02
  1.8245E+00  5.2946E-02
  1.8270E+00  5.2608E-02
  1.8294E+00  5.4928E-02
  1.8318E+00  5.5349E-02
  1.8342E+00  6.8798E-02
  1.8366E+00  7.8403E-02
  1.8390E+00  8.4215E-02
  1.8415E+00  8.8384E-02
  1.8439E+00  1.0322E-01
  1.8463E+00  1.1839E-01
  1.8487E+00  1.3272E-01
  1.8511E+00  1.3908E-01
  1.8535E+00  1.4159E-01
  1.8560E+00  1.4001E-01
  1.8584E+00  1.4640E-01
  1.8608E+00  1.5002E-01
  1.8632E+00  1.4810E-01
  1.8656E+00  1.4521E-01
  1.8680E+00  1.4254E-01
  1.8705E+00  1.3748E-01
  1.8729E+00  1.2957E-01
  1.8753E+00  1.1722E-01
  1.8777E+00  1.0987E-01
  1.8801E+00  1.0669E-01
  1.8825E+00  1.0388E-01
  1.8850E+00  1.0252E-01
  1.8874E+00  9.8268E-02
  1.8898E+00  8.8800E-02
  1.8922E+00  7.9350E-02
  1.8946E+00  8.9978E-02
  1.8970E+00  9.5931E-02
  1.8995E+00  1.0076E-01
  1.9019E+00  9.9531E-02
  1.9043E+00  9.3825E-02
  1.9067E+00  9.3650E-02
  1.9091E+00  9.1837E-02
  1.9115E+00  1.0042E-01
  1.9140E+00  1.0280E-01
  1.9164E+00  1.0069E-01
  1.9188E+00  1.1450E-01
  1.9212E+00  1.1172E-01
  1.9236E+00  9.6378E-02
  1.9260E+00  9.8646E-02
  1.9285E+00  1.2124E-01
  1.9309E+00  1.3175E-01
  1.9333E+00  1.4020E-01
  1.9357E+00  1.4512E-01
  1.9381E+00  1.5939E-01
  1.9405E+00  1.8969E-01
  1.9430E+00  2.1929E-01
  1.9454E+00  2.3209E-01
  1.9478E+00  2.3712E-01
  1.9502E+00  2.3632E-01
  1.9526E+00  2.3009E-01
  1.9550E+00  2.4294E-01
  1.9575E+00  2.4731E-01
  1.9599E+00  2.3161E-01
  1.9623E+00  2.0812E-01
  1.9647E+00  2.1077E-01
  1.9671E+00  2.0953E-01
  1.9695E+00  2.0384E-01
  1.9720E+00  1.9090E-01
  1.9744E+00  1.7721E-01
  1.9768E+00  1.7700E-01
  1.9792E+00  1.6862E-01
  1.9816E+00  1.4599E-01
  1.9840E+00  1.3292E-01
  1.9865E+00  1.2559E-01
  1.9889E+00  1.1236E-01
  1.9913E+00  9.6427E-02
  1.9937E+00  8.0899E-02
  1.9961E+00  6.3790E-02
  1.9985E+00  4.3715E-02
  2.0010E+00  4.1949E-02
  2.0034E+00  3.9714E-02
  2.0058E+00  3.6899E-02
  2.0082E+00  3.3273E-02
  2.0106E+00  2.8166E-02
  2.0130E+00  1.8920E-02
  2.0155E+00  1.6897E-02
  2.0179E+00  1.3472E-02
  2.0203E+00  4.0755E-02
  2.0227E+00  5.9001E-02
  2.0251E+00  6.8756E-02
  2.0275E+00  8.7999E-02
  2.0300E+00  1.0160E-01
  2.0324E+00  1.0784E-01
  2.0348E+00  1.2445E-01
  2.0372E+00  1.6333E-01
  2.0396E+00  1.8839E-01
  2.0420E+00  2.0392E-01
  2.0445E+00  2.2262E-01
  2.0469E+00  2.3226E-01
  2.0493E+00  2.3789E-01
  2.0517E+00  2.3611E-01
  2.0541E+00  2.2847E-01
  2.0565E+00  2.1406E-01
  2.0590E+00  1.9103E-01
  2.0614E+00  1.7520E-01
  2.0638E+00  1.5724E-01
  2.0662E+00  1.3112E-01
  2.0686E+00  1.1575E-01
  2.0710E+00  1.2561E-01
  2.0735E+00  1.3718E-01
  2.0759E+00  1.3626E-01
  2.0783E+00  1.5121E-01
  2.0807E+00  1.5279E-01
  2.0831E+00  1.4597E-01
  2.0855E+00  1.3550E-01
  2.0880E+00  1.2536E-01
  2.0904E+00  1.3108E-01
  2.0928E+00  1.2513E-01
  2.0952E+00  1.2919E-01
  2.0976E+00  1.2978E-01
  2.1000E+00  1.3198E-01
  2.1025E+00  1.0841E-01
  2.1049E+00  9.8552E-02
  2.1073E+00  1.0782E-01
  2.1097E+00  1.1951E-01
  2.1121E+00  1.2990E-01
  2.1145E+00  1.3425E-01
  2.1170E+00  1.5056E-01
  2.1194E+00  1.5555E-01
  2.1218E+00  1.5571E-01
  2.1242E+00  1.5119E-01
  2.1266E+00  1.4144E-01
  2.1290E+00  1.2092E-01
  2.1314E+00  9.4186E-02
  2.1339E+00  1.0179E-01
  2.1363E+00  1.0644E-01
  2.1387E+00  1.1646E-01
  2.1411E+00  1.4495E-01
  2.1435E+00  1.5595E-01
  2.1459E+00  1.5310E-01
  2.1484E+00  1.6394E-01
  2.1508E+00  1.7233E-01
  2.1532E+00  1.7760E-01
  2.1556E+00  1.7342E-01
  2.1580E+00  1.6971E-01
  2.1604E+00  1.6793E-01
  2.1629E+00  1.5642E-01
  2.1653E+00  1.6478E-01
  2.1677E+00  1.6004E-01
  2.1701E+00  1.4846E-01
  2.1725E+00  1.4501E-01
  2.1749E+00  1.3744E-01
  2.1774E+00  1.2652E-01
  2.1798E+00  1.3944E-01
  2.1822E+00  1.5422E-01
  2.1846E+00  1.6041E-01
  2.1870E+00  1.6264E-01
  2.1894E+00  1.6184E-01
  2.1919E+00  1.5821E-01
  2.1943E+00  2.0069E-01
  2.1967E+00  2.1100E-01
  2.1991E+00  2.3717E-01
  2.2015E+00  2.4731E-01
  2.2039E+00  2.4855E-01
  2.2064E+00  2.4165E-01
  2.2088E+00  2.3715E-01
  2.2112E+00  2.2330E-01
  2.2136E+00  2.2513E-01
  2.2160E+00  2.3834E-01
  2.2184E+00  2.4092E-01
  2.2209E+00  2.2531E-01
  2.2233E+00  1.9274E-01
  2.2257E+00  1.7834E-01
  2.2281E+00  1.4829E-01
  2.2305E+00  1.2261E-01
  2.2329E+00  1.1996E-01
  2.2354E+00  1.1452E-01
  2.2378E+00  1.1320E-01
  2.2402E+00  1.0823E-01
  2.2426E+00  1.0029E-01
  2.2450E+00  9.8296E-02
  2.2474E+00  8.5349E-02
  2.2499E+00  5.8572E-02
  2.2523E+00  4.9459E-02
  2.2547E+00  4.9992E-02
  2.2571E+00  4.9574E-02
  2.2595E+00  4.8081E-02
  2.2619E+00  7.2274E-02
  2.2644E+00  1.1083E-01
  2.2668E+00  1.3285E-01
  2.2692E+00  1.4606E-01
  2.2716E+00  1.5393E-01
  2.2740E+00  1.5832E-01
  2.2764E+00  1.7917E-01
  2.2789E+00  1.9167E-01
  2.2813E+00  1.9975E-01
  2.2837E+00  2.0212E-01
  2.2861E+00  2.1623E-01
  2.2885E+00  2.4166E-01
  2.2909E+00  2.8419E-01
  2.2934E+00  2.9283E-01
  2.2958E+00  3.0652E-01
  2.2982E+00  2.9654E-01
  2.3006E+00  2.7820E-01
  2.3030E+00  2.8966E-01
  2.3054E+00  2.8712E-01
  2.3079E+00  2.6599E-01
  2.3103E+00  2.4629E-01
  2.3127E+00  2.4668E-01
  2.3151E+00  2.4279E-01
  2.3175E+00  2.2844E-01
  2.3199E+00  1.9679E-01
  2.3224E+00  1.6673E-01
  2.3248E+00  1.4234E-01
  2.3272E+00  1.3911E-01
  2.3296E+00  1.3348E-01
  2.3320E+00  1.4492E-01
  2.3344E+00  2.0471E-01
  2.3369E+00  2.5774E-01
  2.3393E+00  2.8390E-01
  2.3417E+00  3.0626E-01
  2.3441E+00  3.1007E-01
  2.3465E+00  3.0455E-01
  2.3489E+00  3.2611E-01
  2.3514E+00  3.5855E-01
  2.3538E+00  3.7929E-01
  2.3562E+00  3.7841E-01
  2.3586E+00  3.8128E-01
  2.3610E+00  3.6787E-01
  2.3634E+00  3.7075E-01
  2.3659E+00  3.3498E-01
  2.3683E+00  3.5784E-01
  2.3707E+00  3.5500E-01
  2.3731E+00  3.4399E-01
  2.3755E+00  3.3604E-01
  2.3779E+00  3.2258E-01
  2.3804E+00  2.9699E-01
  2.3828E+00  2.7769E-01
  2.3852E+00  2.6957E-01
  2.3876E+00  2.3739E-01
  2.3900E+00  2.1949E-01
  2.3924E+00  1.9135E-01
  2.3949E+00  2.0371E-01
  2.3973E+00  2.0399E-01
  2.3997E+00  2.0315E-01
  2.4021E+00  1.8897E-01
  2.4045E+00  2.3492E-01
  2.4069E+00  2.7915E-01
  2.4094E+00  2.8487E-01
  2.4118E+00  3.0685E-01
  2.4142E+00  3.3428E-01
  2.4166E+00  3.3661E-01
  2.4190E+00  3.2397E-01
  2.4214E+00  3.2678E-01
  2.4239E+00  3.2626E-01
  2.4263E+00  3.2487E-01
  2.4287E+00  3.4483E-01
  2.4311E+00  3.9130E-01
  2.4335E+00  3.9996E-01
  2.4359E+00  3.8846E-01
  2.4384E+00  3.9416E-01
  2.4408E+00  4.2927E-01
  2.4432E+00  4.5990E-01
  2.4456E+00  4.6688E-01
  2.4480E+00  4.6390E-01
  2.4504E+00  4.9312E-01
  2.4529E+00  5.6099E-01
  2.4553E+00  5.5886E-01
  2.4577E+00  5.4239E-01
  2.4601E+00  5.2091E-01
  2.4625E+00  5.1979E-01
  2.4649E+00  5.0750E-01
  2.4674E+00  5.3433E-01
  2.4698E+00  5.4367E-01
  2.4722E+00  5.6151E-01
  2.4746E+00  5.1108E-01
  2.4770E+00  5.3572E-01
  2.4794E+00  5.0418E-01
  2.4819E+00  4.5745E-01
  2.4843E+00  4.2650E-01
  2.4867E+00  4.0843E-01
  2.4891E+00  3.9341E-01
  2.4915E+00  3.4721E-01
  2.4939E+00  3.0574E-01
  2.4964E+00  2.3904E-01
  2.4988E+00  2.3630E-01
  2.5012E+00  2.2923E-01
  2.5036E+00  2.2016E-01
  2.5060E+00  2.0357E-01
  2.5084E+00  1.7344E-01
  2.5109E+00  1.7265E-01
  2.5133E+00  1.8178E-01
  2.5157E+00  1.7751E-01
  2.5181E+00  1.6664E-01
  2.5205E+00  1.6211E-01
  2.5229E+00  3.0420E-01
  2.5254E+00  3.5187E-01
  2.5278E+00  4.1832E-01
  2.5302E+00  4.4488E-01
  2.5326E+00  4.4906E-01
  2.5350E+00  4.2572E-01
  2.5374E+00  4.2652E-01
  2.5399E+00  4.2693E-01
  2.5423E+00  4.0339E-01
  2.5447E+00  1.1064E+00
  2.5471E+00  1.2619E+00
  2.5495E+00  1.5243E+00
  2.5519E+00  1.5494E+00
  2.5544E+00  1.4911E+00
  2.5568E+00  1.0000E+99
  2.5592E+00  1.0000E+99
  2.5616E+00  1.0000E+99
  2.5640E+00  1.0000E+99
  2.5664E+00  1.0000E+99
  2.5689E+00  1.0000E+99
  2.5713E+00  1.0000E+99
  2.5737E+00  1.0000E+99
  2.5761E+00  1.0000E+99
  2.5785E+00  1.0000E+99
  2.5809E+00  1.0000E+99
  2.5834E+00  1.0000E+99
  2.5858E+00  1.0000E+99
  2.5882E+00  1.0000E+99
  2.5906E+00  1.0000E+99
  2.5930E+00  1.0000E+99
  2.5954E+00  1.0000E+99
  2.5979E+00  1.0000E+99
  2.6003E+00  1.0000E+99
  2.6027E+00  1.0000E+99
  2.6051E+00  1.0000E+99
  2.6075E+00  1.0000E+99
  2.6099E+00  1.0000E+99
  2.6124E+00  1.0000E+99
  2.6148E+00  1.0000E+99
  2.6172E+00  1.0000E+99
  2.6196E+00  1.0000E+99
  2.6220E+00  1.0000E+99
  2.6244E+00  1.0000E+99
  2.6269E+00  1.0000E+99
  2.6293E+00  1.0000E+99
  2.6317E+00  1.0000E+99
  2.6341E+00  1.0000E+99
  2.6365E+00  1.0000E+99
  2.6389E+00  1.0000E+99
  2.6414E+00  1.0000E+99
  2.6438E+00  1.0000E+99
  2.6462E+00  1.0000E+99
  2.6486E+00  1.0000E+99
  2.6510E+00  1.0000E+99
  2.6534E+00  1.0000E+99
  2.6559E+00  1.0000E+99
  2.6583E+00  1.0000E+99
  2.6607E+00  1.0000E+99
  2.6631E+00  1.0000E+99
  2.6655E+00  1.0000E+99
  2.6679E+00  1.0000E+99
  2.6704E+00  1.0000E+99
  2.6728E+00  1.0000E+99
  2.6752E+00  1.0000E+99
  2.6776E+00  1.0000E+99
  2.6800E+00  1.0000E+99
  2.6824E+00  1.0000E+99
  2.6849E+00  1.0000E+99
  2.6873E+00  1.0000E+99
  2.6897E+00  1.0000E+99
  2.6921E+00  1.0000E+99
  2.6945E+00  1.0000E+99
  2.6969E+00  1.0000E+99
  2.6994E+00  1.0000E+99
  2.7018E+00  1.0000E+99
  2.7042E+00  1.0000E+99
  2.7066E+00  1.0000E+99
  2.7090E+00  1.0000E+99
  2.7114E+00  1.0000E+99
  2.7139E+00  1.0000E+99
  2.7163E+00  1.0000E+99
  2.7187E+00  1.0000E+99
  2.7211E+00  1.0000E+99
  2.7235E+00  1.0000E+99
  2.7259E+00  1.0000E+99
  2.7284E+00  1.0000E+99
  2.7308E+00  1.0000E+99
  2.7332E+00  1.0000E+99
  2.7356E+00  1.0000E+99
  2.7380E+00  1.0000E+99
  2.7404E+00  1.0000E+99
  2.7429E+00  1.0000E+99
  2.7453E+00  1.0000E+99
  2.7477E+00  1.0000E+99
  2.7501E+00  1.0000E+99
  2.7525E+00  1.0000E+99
  2.7549E+00  1.0000E+99
  2.7574E+00  1.0000E+99
  2.7598E+00  1.0000E+99
  2.7622E+00  1.0000E+99
  2.7646E+00  1.0000E+99
  2.7670E+00  1.0000E+99
  2.7694E+00  1.0000E+99
  2.7719E+00  1.0000E+99
  2.7743E+00  1.0000E+99
  2.7767E+00  1.0000E+99
  2.7791E+00  1.0000E+99
  2.7815E+00  1.0000E+99
  2.7839E+00  1.0000E+99
  2.7864E+00  1.0000E+99
  2.7888E+00  1.0000E+99
  2.7912E+00  1.0000E+99
  2.7936E+00  1.0000E+99
  2.7960E+00  1.0000E+99
  2.7984E+00  1.0000E+99
  2.8009E+00  1.0000E+99
  2.8033E+00  1.0000E+99
  2.8057E+00  1.0000E+99
  2.8081E+00  1.0000E+99
  2.8105E+00  1.0000E+99
  2.8129E+00  1.0000E+99
  2.8154E+00  1.0000E+99
  2.8178E+00  1.0000E+99
  2.8202E+00  1.0000E+99
  2.8226E+00  1.0000E+99
  2.8250E+00  1.0000E+99
  2.8274E+00  1.0000E+99
  2.8298E+00  1.0000E+99
  2.8323E+00  1.0000E+99
  2.8347E+00  1.0000E+99
  2.8371E+00  1.0000E+99
  2.8395E+00  1.0000E+99
  2.8419E+00  1.0000E+99
  2.8443E+00  1.0000E+99
  2.8468E+00  1.0000E+99
  2.8492E+00  1.0000E+99
  2.8516E+00  1.0000E+99
  2.8540E+00  1.0000E+99
  2.8564E+00  1.0000E+99
  2.8588E+00  1.0000E+99
  2.8613E+00  1.0000E+99
  2.8637E+00  1.0000E+99
  2.8661E+00  1.0000E+99
  2.8685E+00  1.0000E+99
  2.8709E+00  1.0000E+99
  2.8733E+00  1.0000E+99
  2.8758E+00  1.0000E+99
  2.8782E+00  1.0000E+99
  2.8806E+00  1.0000E+99
  2.8830E+00  1.0000E+99
  2.8854E+00  1.0000E+99
  2.8878E+00  1.0000E+99
  2.8903E+00  1.0000E+99
  2.8927E+00  1.0000E+99
  2.8951E+00  1.0000E+99
  2.8975E+00  1.0000E+99
  2.8999E+00  1.0000E+99
  2.9023E+00  1.0000E+99
  2.9048E+00  1.0000E+99
  2.9072E+00  1.0000E+99
  2.9096E+00  1.0000E+99
  2.9120E+00  1.0000E+99
  2.9144E+00  1.0000E+99
  2.9168E+00  1.0000E+99
  2.9193E+00  1.0000E+99
  2.9217E+00  1.0000E+99
  2.9241E+00  1.0000E+99
  2.9265E+00  1.0000E+99
  2.9289E+00  1.0000E+99
  2.9313E+00  1.0000E+99
  2.9338E+00  1.0000E+99
  2.9362E+00  1.0000E+99
  2.9386E+00  1.0000E+99
  2.9410E+00  1.0000E+99
  2.9434E+00  1.0000E+99
  2.9458E+00  1.0000E+99
  2.9483E+00  1.0000E+99
  2.9507E+00  1.0000E+99
  2.9531E+00  1.0000E+99
  2.9555E+00  1.0000E+99
  2.9579E+00  1.0000E+99
  2.9603E+00  1.0000E+99
  2.9628E+00  1.0000E+99
  2.9652E+00  1.0000E+99
  2.9676E+00  1.0000E+99
  2.9700E+00  1.0000E+99
  2.9724E+00  1.0000E+99
  2.9748E+00  1.0000E+99
  2.9773E+00  1.0000E+99
  2.9797E+00  1.0000E+99
  2.9821E+00  1.0000E+99
  2.9845E+00  1.0000E+99
  2.9869E+00  1.0000E+99
  2.9893E+00  1.0000E+99
  2.9918E+00  1.0000E+99
  2.9942E+00  1.0000E+99
  2.9966E+00  1.0000E+99
  2.9990E+00  1.0000E+99
  3.0014E+00  1.0000E+99
  3.0038E+00  1.0000E+99
  3.0063E+00  1.0000E+99
  3.0087E+00  1.0000E+99
  3.0111E+00  1.0000E+99
  3.0135E+00  1.0000E+99
  3.0159E+00  1.0000E+99
  3.0183E+00  1.0000E+99
  3.0208E+00  1.0000E+99
  3.0232E+00  1.0000E+99
  3.0256E+00  1.0000E+99
  3.0280E+00  1.0000E+99
  3.0304E+00  1.0000E+99
  3.0328E+00  1.0000E+99
  3.0353E+00  1.0000E+99
  3.0377E+00  1.0000E+99
  3.0401E+00  1.0000E+99
  3.0425E+00  1.0000E+99
  3.0449E+00  1.0000E+99
  3.0473E+00  1.0000E+99
  3.0498E+00  1.0000E+99
  3.0522E+00  1.0000E+99
  3.0546E+00  1.0000E+99
  3.0570E+00  1.0000E+99
  3.0594E+00  1.0000E+99
  3.0618E+00  1.0000E+99
  3.0643E+00  1.0000E+99
  3.0667E+00  1.0000E+99
  3.0691E+00  1.0000E+99
  3.0715E+00  1.0000E+99
  3.0739E+00  1.0000E+99
  3.0763E+00  1.0000E+99
  3.0788E+00  1.0000E+99
  3.0812E+00  1.0000E+99
  3.0836E+00  1.0000E+99
  3.0860E+00  1.0000E+99
  3.0884E+00  1.0000E+99
  3.0908E+00  1.0000E+99
  3.0933E+00  1.0000E+99
  3.0957E+00  1.0000E+99
  3.0981E+00  1.0000E+99
  3.1005E+00  1.0000E+99
  3.1029E+00  1.0000E+99
  3.1053E+00  1.0000E+99
  3.1078E+00  1.0000E+99
  3.1102E+00  1.0000E+99
  3.1126E+00  1.0000E+99
  3.1150E+00  1.0000E+99
  3.1174E+00  1.0000E+99
  3.1198E+00  1.0000E+99
  3.1223E+00  1.0000E+99
  3.1247E+00  1.0000E+99
  3.1271E+00  1.0000E+99
  3.1295E+00  1.0000E+99
  3.1319E+00  1.0000E+99
  3.1343E+00  1.0000E+99
  3.1368E+00  1.0000E+99
  3.1392E+00  1.0000E+99
  3.1416E+00  1.0000E+99
  3.1440E+00  1.0000E+99
  3.1464E+00  1.0000E+99
  3.1488E+00  1.0000E+99
  3.1513E+00  1.0000E+99
  3.1537E+00  1.0000E+99
  3.1561E+00  1.0000E+99
  3.1585E+00  1.0000E+99
  3.1609E+00  1.0000E+99
  3.1633E+00  1.0000E+99
  3.1658E+00  1.0000E+99
  3.1682E+00  1.0000E+99
  3.1706E+00  1.0000E+99
  3.1730E+00  1.0000E+99
  3.1754E+00  1.0000E+99
  3.1778E+00  1.0000E+99
  3.1803E+00  1.0000E+99
  3.1827E+00  1.0000E+99
  3.1851E+00  1.0000E+99
  3.1875E+00  1.0000E+99
  3.1899E+00  1.0000E+99
  3.1923E+00  1.0000E+99
  3.1948E+00  1.0000E+99
  3.1972E+00  1.0000E+99
  3.1996E+00  1.0000E+99
  3.2020E+00  1.0000E+99
  3.2044E+00  1.0000E+99
  3.2068E+00  1.0000E+99
  3.2093E+00  1.0000E+99
  3.2117E+00  1.0000E+99
  3.2141E+00  1.0000E+99
  3.2165E+00  1.0000E+99
  3.2189E+00  1.0000E+99
  3.2213E+00  1.0000E+99
  3.2238E+00  1.0000E+99
  3.2262E+00  1.0000E+99
  3.2286E+00  1.0000E+99
  3.2310E+00  1.0000E+99
  3.2334E+00  1.0000E+99
  3.2358E+00  1.0000E+99
  3.2383E+00  1.0000E+99
  3.2407E+00  1.0000E+99
  3.2431E+00  1.0000E+99
  3.2455E+00  1.0000E+99
  3.2479E+00  1.0000E+99
  3.2503E+00  1.0000E+99
  3.2528E+00  1.0000E+99
  3.2552E+00  1.0000E+99
  3.2576E+00  1.0000E+99
  3.2600E+00  1.0000E+99
  3.2624E+00  1.0000E+99
  3.2648E+00  1.0000E+99
  3.2673E+00  1.0000E+99
  3.2697E+00  1.0000E+99
  3.2721E+00  1.0000E+99
  3.2745E+00  1.0000E+99
  3.2769E+00  1.0000E+99
  3.2793E+00  1.0000E+99
  3.2818E+00  1.0000E+99
  3.2842E+00  1.0000E+99
  3.2866E+00  1.0000E+99
  3.2890E+00  1.0000E+99
  3.2914E+00  1.0000E+99
  3.2938E+00  1.0000E+99
  3.2963E+00  1.0000E+99
  3.2987E+00  1.0000E+99
  3.3011E+00  1.0000E+99
  3.3035E+00  1.0000E+99
  3.3059E+00  1.0000E+99
  3.3083E+00  1.0000E+99
  3.3108E+00  1.0000E+99
  3.3132E+00  1.0000E+99
  3.3156E+00  1.0000E+99
  3.3180E+00  1.0000E+99
  3.3204E+00  1.0000E+99
  3.3228E+00  1.0000E+99
  3.3253E+00  1.0000E+99
  3.3277E+00  1.0000E+99
  3.3301E+00  1.0000E+99
  3.3325E+00  1.0000E+99
  3.3349E+00  1.0000E+99
  3.3373E+00  1.0000E+99
  3.3398E+00  1.0000E+99
  3.3422E+00  1.0000E+99
  3.3446E+00  1.0000E+99
  3.3470E+00  1.0000E+99
  3.3494E+00  1.0000E+99
  3.3518E+00  1.0000E+99
  3.3543E+00  1.0000E+99
  3.3567E+00  1.0000E+99
  3.3591E+00  1.0000E+99
  3.3615E+00  1.0000E+99
  3.3639E+00  1.0000E+99
  3.3663E+00  1.0000E+99
  3.3688E+00  1.0000E+99
  3.3712E+00  1.0000E+99
  3.3736E+00  1.0000E+99
  3.3760E+00  1.0000E+99
  3.3784E+00  1.0000E+99
  3.3808E+00  1.0000E+99
  3.3833E+00  1.0000E+99
  3.3857E+00  1.0000E+99
  3.3881E+00  1.0000E+99
  3.3905E+00  1.0000E+99
  3.3929E+00  1.0000E+99
  3.3953E+00  1.0000E+99
  3.3978E+00  1.0000E+99
  3.4002E+00  1.0000E+99
  3.4026E+00  1.0000E+99
  3.4050E+00  1.0000E+99
  3.4074E+00  1.0000E+99
  3.4098E+00  1.0000E+99
  3.4123E+00  1.0000E+99
  3.4147E+00  1.0000E+99
  3.4171E+00  1.0000E+99
  3.4195E+00  1.0000E+99
  3.4219E+00  1.0000E+99
  3.4243E+00  1.0000E+99
  3.4268E+00  1.0000E+99
  3.4292E+00  1.0000E+99
  3.4316E+00  1.0000E+99
  3.4340E+00  1.0000E+99
  3.4364E+00  1.0000E+99
  3.4388E+00  1.0000E+99
  3.4413E+00  1.0000E+99
  3.4437E+00  1.0000E+99
  3.4461E+00  1.0000E+99
  3.4485E+00  1.0000E+99
  3.4509E+00  1.0000E+99
  3.4533E+00  1.0000E+99
  3.4558E+00  1.0000E+99
  3.4582E+00  1.0000E+99
  3.4606E+00  1.0000E+99
  3.4630E+00  1.0000E+99
  3.4654E+00  1.0000E+99
  3.4678E+00  1.0000E+99
  3.4703E+00  1.0000E+99
  3.4727E+00  1.0000E+99
  3.4751E+00  1.0000E+99
  3.4775E+00  1.0000E+99
  3.4799E+00  1.0000E+99
  3.4823E+00  1.0000E+99
  3.4848E+00  1.0000E+99
  3.4872E+00  1.0000E+99
  3.4896E+00  1.0000E+99
  3.4920E+00  1.0000E+99
  3.4944E+00  1.0000E+99
  3.4968E+00  1.0000E+99
  3.4993E+00  1.0000E+99
  3.5017E+00  1.0000E+99
  3.5041E+00  1.0000E+99
  3.5065E+00  1.0000E+99
  3.5089E+00  1.0000E+99
  3.5113E+00  1.0000E+99
  3.5138E+00  1.0000E+99
  3.5162E+00  1.0000E+99
  3.5186E+00  1.0000E+99
  3.5210E+00  1.0000E+99
  3.5234E+00  1.0000E+99
  3.5258E+00  1.0000E+99
  3.5283E+00  1.0000E+99
  3.5307E+00  1.0000E+99
  3.5331E+00  1.0000E+99
  3.5355E+00  1.0000E+99
  3.5379E+00  1.0000E+99
  3.5403E+00  1.0000E+99
  3.5427E+00  1.0000E+99
  3.5452E+00  1.0000E+99
  3.5476E+00  1.0000E+99
  3.5500E+00  1.0000E+99
  3.5524E+00  1.0000E+99
  3.5548E+00  1.0000E+99
  3.5572E+00  1.0000E+99
  3.5597E+00  1.0000E+99
  3.5621E+00  1.0000E+99
  3.5645E+00  1.0000E+99
  3.5669E+00  1.0000E+99
  3.5693E+00  1.0000E+99
  3.5717E+00  1.0000E+99
  3.5742E+00  1.0000E+99
  3.5766E+00  1.0000E+99
  3.5790E+00  1.0000E+99
  3.5814E+00  1.0000E+99
  3.5838E+00  1.0000E+99
  3.5862E+00  1.0000E+99
  3.5887E+00  1.0000E+99
  3.5911E+00  1.0000E+99
  3.5935E+00  1.0000E+99
  3.5959E+00  1.0000E+99
  3.5983E+00  1.0000E+99
  3.6007E+00  1.0000E+99
  3.6032E+00  1.0000E+99
  3.6056E+00  1.0000E+99
  3.6080E+00  1.0000E+99
  3.6104E+00  1.0000E+99
  3.6128E+00  1.0000E+99
  3.6152E+00  1.0000E+99
  3.6177E+00  1.0000E+99
  3.6201E+00  1.0000E+99
  3.6225E+00  1.0000E+99
  3.6249E+00  1.0000E+99
  3.6273E+00  1.0000E+99
  3.6297E+00  1.0000E+99
  3.6322E+00  1.0000E+99
  3.6346E+00  1.0000E+99
  3.6370E+00  1.0000E+99
  3.6394E+00  1.0000E+99
  3.6418E+00  1.0000E+99
  3.6442E+00  1.0000E+99
  3.6467E+00  1.0000E+99
  3.6491E+00  1.0000E+99
  3.6515E+00  1.0000E+99
  3.6539E+00  1.0000E+99
  3.6563E+00  1.0000E+99
  3.6587E+00  1.0000E+99
  3.6612E+00  1.0000E+99
  3.6636E+00  1.0000E+99
  3.6660E+00  1.0000E+99
  3.6684E+00  1.0000E+99
  3.6708E+00  1.0000E+99
  3.6732E+00  1.0000E+99
  3.6757E+00  1.0000E+99
  3.6781E+00  1.0000E+99
  3.6805E+00  1.0000E+99
  3.6829E+00  1.0000E+99
  3.6853E+00  1.0000E+99
  3.6877E+00  1.0000E+99
  3.6902E+00  1.0000E+99
  3.6926E+00  1.0000E+99
  3.6950E+00  1.0000E+99
  3.6974E+00  1.0000E+99
  3.6998E+00  1.0000E+99
  3.7022E+00  1.0000E+99
  3.7047E+00  1.0000E+99
  3.7071E+00  1.0000E+99
  3.7095E+00  1.0000E+99
  3.7119E+00  1.0000E+99
  3.7143E+00  1.0000E+99
  3.7167E+00  1.0000E+99
  3.7192E+00  1.0000E+99
  3.7216E+00  1.0000E+99
  3.7240E+00  1.0000E+99
  3.7264E+00  1.0000E+99
  3.7288E+00  3.7957E-01
  3.7312E+00  3.7605E-01
  3.7337E+00  3.7110E-01
  3.7361E+00  3.6467E-01
  3.7385E+00  3.5606E-01
  3.7409E+00  3.4780E-01
  3.7433E+00  3.3765E-01
  3.7457E+00  3.2260E-01
  3.7482E+00  3.1084E-01
  3.7506E+00  2.9138E-01
  3.7530E+00  2.8673E-01
  3.7554E+00  2.8166E-01
  3.7578E+00  2.7616E-01
  3.7602E+00  2.7021E-01
  3.7627E+00  2.6374E-01
  3.7651E+00  2.5665E-01
  3.7675E+00  2.4875E-01
  3.7699E+00  2.3951E-01
