  2.5157E+00  3.3733E-01
  2.5181E+00  3.9634E-01
  2.5205E+00  4.0655E-01
  2.5229E+00  4.0055E-01
  2.5254E+00  3.9090E-01
  2.5278E+00  4.8300E-01
  2.5302E+00  5.1744E-01
  2.5326E+00  6.1323E-01
  2.5350E+00  6.5990E-01
  2.5374E+00  6.5609E-01
  2.5399E+00  6.0574E-01
  2.5423E+00  5.4605E-01
  2.5447E+00  5.1343E-01
  2.5471E+00  4.5282E-01
  2.5495E+00  3.7575E-01
  2.5519E+00  3.4988E-01
  2.5544E+00  3.1348E-01
  2.5568E+00  1.0000E+99
  2.5592E+00  1.0000E+99
  2.5616E+00  1.0000E+99
  2.5640E+00  1.0000E+99
  2.5664E+00  1.0000E+99
  2.5689E+00  1.0000E+99
  2.5713E+00  1.0000E+99
  2.5737E+00  1.0000E+99
  2.5761E+00  1.0000E+99
  2.5785E+00  1.0000E+99
  2.5809E+00  1.0000E+99
  2.5834E+00  1.0000E+99
  2.5858E+00  1.0000E+99
  2.5882E+00  1.0000E+99
  2.5906E+00  1.0000E+99
  2.5930E+00  1.0000E+99
  2.5954E+00  1.0000E+99
  2.5979E+00  1.0000E+99
  2.6003E+00  1.0000E+99
  2.6027E+00  1.0000E+99
  2.6051E+00  1.0000E+99
  2.6075E+00  1.0000E+99
  2.6099E+00  1.0000E+99
  2.6124E+00  1.0000E+99
  2.6148E+00  1.0000E+99
  2.6172E+00  1.0000E+99
  2.6196E+00  1.0000E+99
  2.6220E+00  1.0000E+99
  2.6244E+00  1.0000E+99
  2.6269E+00  1.0000E+99
  2.6293E+00  1.0000E+99
  2.6317E+00  1.0000E+99
  2.6341E+00  1.0000E+99
  2.6365E+00  1.0000E+99
  2.6389E+00  1.0000E+99
  2.6414E+00  1.0000E+99
  2.6438E+00  1.0000E+99
  2.6462E+00  1.0000E+99
  2.6486E+00  1.0000E+99
  2.6510E+00  1.0000E+99
  2.6534E+00  1.0000E+99
  2.6559E+00  1.0000E+99
  2.6583E+00  1.0000E+99
  2.6607E+00  1.0000E+99
  2.6631E+00  1.0000E+99
  2.6655E+00  1.0000E+99
  2.6679E+00  1.0000E+99
  2.6704E+00  1.0000E+99
  2.6728E+00  1.0000E+99
  2.6752E+00  1.0000E+99
  2.6776E+00  1.0000E+99
  2.6800E+00  1.0000E+99
  2.6824E+00  1.0000E+99
  2.6849E+00  1.0000E+99
  2.6873E+00  1.0000E+99
  2.6897E+00  1.0000E+99
  2.6921E+00  1.0000E+99
  2.6945E+00  1.0000E+99
  2.6969E+00  1.0000E+99
  2.6994E+00  1.0000E+99
  2.7018E+00  1.0000E+99
  2.7042E+00  1.0000E+99
  2.7066E+00  1.0000E+99
  2.7090E+00  1.0000E+99
  2.7114E+00  1.0000E+99
  2.7139E+00  1.0000E+99
  2.7163E+00  1.0000E+99
  2.7187E+00  1.0000E+99
  2.7211E+00  1.0000E+99
  2.7235E+00  1.0000E+99
  2.7259E+00  1.0000E+99
  2.7284E+00  1.0000E+99
  2.7308E+00  1.0000E+99
  2.7332E+00  1.0000E+99
  2.7356E+00  1.0000E+99
  2.7380E+00  1.0000E+99
  2.7404E+00  1.0000E+99
  2.7429E+00  1.0000E+99
  2.7453E+00  1.0000E+99
  2.7477E+00  1.0000E+99
  2.7501E+00  1.0000E+99
  2.7525E+00  1.0000E+99
  2.7549E+00  1.0000E+99
  2.7574E+00  1.0000E+99
  2.7598E+00  1.0000E+99
  2.7622E+00  1.0000E+99
  2.7646E+00  1.0000E+99
  2.7670E+00  1.0000E+99
  2.7694E+00  1.0000E+99
  2.7719E+00  1.0000E+99
  2.7743E+00  1.0000E+99
  2.7767E+00  1.0000E+99
  2.7791E+00  1.0000E+99
  2.7815E+00  1.0000E+99
  2.7839E+00  1.0000E+99
  2.7864E+00  1.0000E+99
  2.7888E+00  1.0000E+99
  2.7912E+00  1.0000E+99
  2.7936E+00  1.0000E+99
  2.7960E+00  1.0000E+99
  2.7984E+00  1.0000E+99
  2.8009E+00  1.0000E+99
  2.8033E+00  1.0000E+99
  2.8057E+00  1.0000E+99
  2.8081E+00  1.0000E+99
  2.8105E+00  1.0000E+99
  2.8129E+00  1.0000E+99
  2.8154E+00  1.0000E+99
  2.8178E+00  1.0000E+99
  2.8202E+00  1.0000E+99
  2.8226E+00  1.0000E+99
  2.8250E+00  1.0000E+99
  2.8274E+00  1.0000E+99
  2.8298E+00  1.0000E+99
  2.8323E+00  1.0000E+99
  2.8347E+00  1.0000E+99
  2.8371E+00  1.0000E+99
  2.8395E+00  1.0000E+99
  2.8419E+00  1.0000E+99
  2.8443E+00  1.0000E+99
  2.8468E+00  1.0000E+99
  2.8492E+00  1.0000E+99
  2.8516E+00  1.0000E+99
  2.8540E+00  1.0000E+99
  2.8564E+00  1.0000E+99
  2.8588E+00  1.0000E+99
  2.8613E+00  1.0000E+99
  2.8637E+00  1.0000E+99
  2.8661E+00  1.0000E+99
  2.8685E+00  1.0000E+99
  2.8709E+00  1.0000E+99
  2.8733E+00  1.0000E+99
  2.8758E+00  1.0000E+99
  2.8782E+00  1.0000E+99
  2.8806E+00  1.0000E+99
  2.8830E+00  1.0000E+99
  2.8854E+00  1.0000E+99
  2.8878E+00  1.0000E+99
  2.8903E+00  1.0000E+99
  2.8927E+00  1.0000E+99
  2.8951E+00  1.0000E+99
  2.8975E+00  1.0000E+99
  2.8999E+00  1.0000E+99
  2.9023E+00  1.0000E+99
  2.9048E+00  1.0000E+99
  2.9072E+00  1.0000E+99
  2.9096E+00  1.0000E+99
  2.9120E+00  1.0000E+99
  2.9144E+00  1.0000E+99
  2.9168E+00  1.0000E+99
  2.9193E+00  1.0000E+99
  2.9217E+00  1.0000E+99
  2.9241E+00  1.0000E+99
  2.9265E+00  1.0000E+99
  2.9289E+00  1.0000E+99
  2.9313E+00  1.0000E+99
  2.9338E+00  1.0000E+99
  2.9362E+00  1.0000E+99
  2.9386E+00  1.0000E+99
  2.9410E+00  1.0000E+99
  2.9434E+00  1.0000E+99
  2.9458E+00  1.0000E+99
  2.9483E+00  1.0000E+99
  2.9507E+00  1.0000E+99
  2.9531E+00  1.0000E+99
  2.9555E+00  1.0000E+99
  2.9579E+00  1.0000E+99
  2.9603E+00  1.0000E+99
  2.9628E+00  1.0000E+99
  2.9652E+00  1.0000E+99
  2.9676E+00  1.0000E+99
  2.9700E+00  1.0000E+99
  2.9724E+00  1.0000E+99
  2.9748E+00  1.0000E+99
  2.9773E+00  1.0000E+99
  2.9797E+00  1.0000E+99
  2.9821E+00  1.0000E+99
  2.9845E+00  1.0000E+99
  2.9869E+00  1.0000E+99
  2.9893E+00  1.0000E+99
  2.9918E+00  1.0000E+99
  2.9942E+00  1.0000E+99
  2.9966E+00  1.0000E+99
  2.9990E+00  1.0000E+99
  3.0014E+00  1.0000E+99
  3.0038E+00  1.0000E+99
  3.0063E+00  1.0000E+99
  3.0087E+00  1.0000E+99
  3.0111E+00  1.0000E+99
  3.0135E+00  1.0000E+99
  3.0159E+00  1.0000E+99
  3.0183E+00  1.0000E+99
  3.0208E+00  1.0000E+99
  3.0232E+00  1.0000E+99
  3.0256E+00  1.0000E+99
  3.0280E+00  1.0000E+99
  3.0304E+00  1.0000E+99
  3.0328E+00  1.0000E+99
  3.0353E+00  1.0000E+99
  3.0377E+00  1.0000E+99
  3.0401E+00  1.0000E+99
  3.0425E+00  1.0000E+99
  3.0449E+00  1.0000E+99
  3.0473E+00  1.0000E+99
  3.0498E+00  1.0000E+99
  3.0522E+00  1.0000E+99
  3.0546E+00  1.0000E+99
  3.0570E+00  1.0000E+99
  3.0594E+00  1.0000E+99
  3.0618E+00  1.0000E+99
  3.0643E+00  1.0000E+99
  3.0667E+00  1.0000E+99
  3.0691E+00  1.0000E+99
  3.0715E+00  1.0000E+99
  3.0739E+00  1.0000E+99
  3.0763E+00  1.0000E+99
  3.0788E+00  1.0000E+99
  3.0812E+00  1.0000E+99
  3.0836E+00  1.0000E+99
  3.0860E+00  1.0000E+99
  3.0884E+00  1.0000E+99
  3.0908E+00  1.0000E+99
  3.0933E+00  1.0000E+99
  3.0957E+00  1.0000E+99
  3.0981E+00  1.0000E+99
  3.1005E+00  1.0000E+99
  3.1029E+00  1.0000E+99
  3.1053E+00  1.0000E+99
  3.1078E+00  1.0000E+99
  3.1102E+00  1.0000E+99
  3.1126E+00  1.0000E+99
  3.1150E+00  1.0000E+99
  3.1174E+00  1.0000E+99
  3.1198E+00  1.0000E+99
  3.1223E+00  1.0000E+99
  3.1247E+00  1.0000E+99
  3.1271E+00  1.0000E+99
  3.1295E+00  1.0000E+99
  3.1319E+00  1.0000E+99
  3.1343E+00  1.0000E+99
  3.1368E+00  1.0000E+99
  3.1392E+00  1.0000E+99
  3.1416E+00  1.0000E+99
  3.1440E+00  1.0000E+99
  3.1464E+00  1.0000E+99
  3.1488E+00  1.0000E+99
  3.1513E+00  1.0000E+99
  3.1537E+00  1.0000E+99
  3.1561E+00  1.0000E+99
  3.1585E+00  1.0000E+99
  3.1609E+00  1.0000E+99
  3.1633E+00  1.0000E+99
  3.1658E+00  1.0000E+99
  3.1682E+00  1.0000E+99
  3.1706E+00  1.0000E+99
  3.1730E+00  1.0000E+99
  3.1754E+00  1.0000E+99
  3.1778E+00  1.0000E+99
  3.1803E+00  1.0000E+99
  3.1827E+00  1.0000E+99
  3.1851E+00  1.0000E+99
  3.1875E+00  1.0000E+99
  3.1899E+00  1.0000E+99
  3.1923E+00  1.0000E+99
  3.1948E+00  1.0000E+99
  3.1972E+00  1.0000E+99
  3.1996E+00  1.0000E+99
  3.2020E+00  1.0000E+99
  3.2044E+00  1.0000E+99
  3.2068E+00  1.0000E+99
  3.2093E+00  1.0000E+99
  3.2117E+00  1.0000E+99
  3.2141E+00  1.0000E+99
  3.2165E+00  1.0000E+99
  3.2189E+00  1.0000E+99
  3.2213E+00  1.0000E+99
  3.2238E+00  1.0000E+99
  3.2262E+00  1.0000E+99
  3.2286E+00  1.0000E+99
  3.2310E+00  1.0000E+99
  3.2334E+00  1.0000E+99
  3.2358E+00  1.0000E+99
  3.2383E+00  1.0000E+99
  3.2407E+00  1.0000E+99
  3.2431E+00  1.0000E+99
  3.2455E+00  1.0000E+99
  3.2479E+00  1.0000E+99
  3.2503E+00  1.0000E+99
  3.2528E+00  1.0000E+99
  3.2552E+00  1.0000E+99
  3.2576E+00  1.0000E+99
  3.2600E+00  1.0000E+99
  3.2624E+00  1.0000E+99
  3.2648E+00  1.0000E+99
  3.2673E+00  1.0000E+99
  3.2697E+00  1.0000E+99
  3.2721E+00  1.0000E+99
  3.2745E+00  1.0000E+99
  3.2769E+00  1.0000E+99
  3.2793E+00  1.0000E+99
  3.2818E+00  1.0000E+99
  3.2842E+00  1.0000E+99
  3.2866E+00  1.0000E+99
  3.2890E+00  1.0000E+99
  3.2914E+00  1.0000E+99
  3.2938E+00  1.0000E+99
  3.2963E+00  1.0000E+99
  3.2987E+00  1.0000E+99
  3.3011E+00  1.0000E+99
  3.3035E+00  1.0000E+99
  3.3059E+00  1.0000E+99
  3.3083E+00  1.0000E+99
  3.3108E+00  1.0000E+99
  3.3132E+00  1.0000E+99
  3.3156E+00  1.0000E+99
  3.3180E+00  1.0000E+99
  3.3204E+00  1.0000E+99
  3.3228E+00  1.0000E+99
  3.3253E+00  1.0000E+99
  3.3277E+00  1.0000E+99
  3.3301E+00  1.0000E+99
  3.3325E+00  1.0000E+99
  3.3349E+00  1.0000E+99
  3.3373E+00  1.0000E+99
  3.3398E+00  1.0000E+99
  3.3422E+00  1.0000E+99
  3.3446E+00  1.0000E+99
  3.3470E+00  1.0000E+99
  3.3494E+00  1.0000E+99
  3.3518E+00  1.0000E+99
  3.3543E+00  1.0000E+99
  3.3567E+00  1.0000E+99
  3.3591E+00  1.0000E+99
  3.3615E+00  1.0000E+99
  3.3639E+00  1.0000E+99
  3.3663E+00  1.0000E+99
  3.3688E+00  1.0000E+99
  3.3712E+00  1.0000E+99
  3.3736E+00  1.0000E+99
  3.3760E+00  1.0000E+99
  3.3784E+00  1.0000E+99
  3.3808E+00  1.0000E+99
  3.3833E+00  1.0000E+99
  3.3857E+00  1.0000E+99
  3.3881E+00  1.0000E+99
  3.3905E+00  1.0000E+99
  3.3929E+00  1.0000E+99
  3.3953E+00  1.0000E+99
  3.3978E+00  1.0000E+99
  3.4002E+00  1.0000E+99
  3.4026E+00  1.0000E+99
  3.4050E+00  1.0000E+99
  3.4074E+00  1.0000E+99
  3.4098E+00  1.0000E+99
  3.4123E+00  1.0000E+99
  3.4147E+00  1.0000E+99
  3.4171E+00  1.0000E+99
  3.4195E+00  1.0000E+99
  3.4219E+00  1.0000E+99
  3.4243E+00  1.0000E+99
  3.4268E+00  1.0000E+99
  3.4292E+00  1.0000E+99
  3.4316E+00  1.0000E+99
  3.4340E+00  1.0000E+99
  3.4364E+00  1.0000E+99
  3.4388E+00  1.0000E+99
  3.4413E+00  1.0000E+99
  3.4437E+00  1.0000E+99
  3.4461E+00  1.0000E+99
  3.4485E+00  1.0000E+99
  3.4509E+00  1.0000E+99
  3.4533E+00  1.0000E+99
  3.4558E+00  1.0000E+99
  3.4582E+00  1.0000E+99
  3.4606E+00  1.0000E+99
  3.4630E+00  1.0000E+99
  3.4654E+00  1.0000E+99
  3.4678E+00  1.0000E+99
  3.4703E+00  1.0000E+99
  3.4727E+00  1.0000E+99
  3.4751E+00  1.0000E+99
  3.4775E+00  1.0000E+99
  3.4799E+00  1.0000E+99
  3.4823E+00  1.0000E+99
  3.4848E+00  1.0000E+99
  3.4872E+00  1.0000E+99
  3.4896E+00  1.0000E+99
  3.4920E+00  1.0000E+99
  3.4944E+00  1.0000E+99
  3.4968E+00  1.0000E+99
  3.4993E+00  1.0000E+99
  3.5017E+00  1.0000E+99
  3.5041E+00  1.0000E+99
  3.5065E+00  1.0000E+99
  3.5089E+00  1.0000E+99
  3.5113E+00  1.0000E+99
  3.5138E+00  1.0000E+99
  3.5162E+00  1.0000E+99
  3.5186E+00  1.0000E+99
  3.5210E+00  1.0000E+99
  3.5234E+00  1.0000E+99
  3.5258E+00  1.0000E+99
  3.5283E+00  1.0000E+99
  3.5307E+00  1.0000E+99
  3.5331E+00  1.0000E+99
  3.5355E+00  1.0000E+99
  3.5379E+00  1.0000E+99
  3.5403E+00  1.0000E+99
  3.5427E+00  1.0000E+99
  3.5452E+00  1.0000E+99
  3.5476E+00  1.0000E+99
  3.5500E+00  1.0000E+99
  3.5524E+00  1.0000E+99
  3.5548E+00  1.0000E+99
  3.5572E+00  1.0000E+99
  3.5597E+00  1.0000E+99
  3.5621E+00  1.0000E+99
  3.5645E+00  1.0000E+99
  3.5669E+00  1.0000E+99
  3.5693E+00  1.0000E+99
  3.5717E+00  1.0000E+99
  3.5742E+00  1.0000E+99
  3.5766E+00  1.0000E+99
  3.5790E+00  1.0000E+99
  3.5814E+00  1.0000E+99
  3.5838E+00  1.0000E+99
  3.5862E+00  1.0000E+99
  3.5887E+00  1.0000E+99
  3.5911E+00  1.0000E+99
  3.5935E+00  1.0000E+99
  3.5959E+00  1.0000E+99
  3.5983E+00  1.0000E+99
  3.6007E+00  1.0000E+99
  3.6032E+00  1.0000E+99
  3.6056E+00  1.0000E+99
  3.6080E+00  1.0000E+99
  3.6104E+00  1.0000E+99
  3.6128E+00  1.0000E+99
  3.6152E+00  1.0000E+99
  3.6177E+00  1.0000E+99
  3.6201E+00  1.0000E+99
  3.6225E+00  1.0000E+99
  3.6249E+00  1.0000E+99
  3.6273E+00  1.0000E+99
  3.6297E+00  1.0000E+99
  3.6322E+00  1.0000E+99
  3.6346E+00  1.0000E+99
  3.6370E+00  1.0000E+99
  3.6394E+00  1.0000E+99
  3.6418E+00  1.0000E+99
  3.6442E+00  1.0000E+99
  3.6467E+00  1.0000E+99
  3.6491E+00  1.0000E+99
  3.6515E+00  1.0000E+99
  3.6539E+00  1.0000E+99
  3.6563E+00  1.0000E+99
  3.6587E+00  1.0000E+99
  3.6612E+00  1.0000E+99
  3.6636E+00  1.0000E+99
  3.6660E+00  1.0000E+99
  3.6684E+00  1.0000E+99
  3.6708E+00  1.0000E+99
  3.6732E+00  1.0000E+99
  3.6757E+00  1.0000E+99
  3.6781E+00  1.0000E+99
  3.6805E+00  1.0000E+99
  3.6829E+00  1.0000E+99
  3.6853E+00  1.0000E+99
  3.6877E+00  1.0000E+99
  3.6902E+00  1.0000E+99
  3.6926E+00  1.0000E+99
  3.6950E+00  1.0000E+99
  3.6974E+00  1.0000E+99
  3.6998E+00  1.0000E+99
  3.7022E+00  1.0000E+99
  3.7047E+00  1.0000E+99
  3.7071E+00  1.0000E+99
  3.7095E+00  1.0000E+99
  3.7119E+00  1.0000E+99
  3.7143E+00  1.0000E+99
  3.7167E+00  1.0000E+99
  3.7192E+00  1.0000E+99
  3.7216E+00  1.0000E+99
  3.7240E+00  1.0000E+99
  3.7264E+00  1.0000E+99
  3.7288E+00  3.0367E-01
  3.7312E+00  2.9776E-01
  3.7337E+00  2.9198E-01
  3.7361E+00  2.8641E-01
  3.7385E+00  2.8110E-01
  3.7409E+00  2.7605E-01
  3.7433E+00  2.7127E-01
  3.7457E+00  2.6677E-01
  3.7482E+00  2.6253E-01
  3.7506E+00  2.5853E-01
  3.7530E+00  2.5478E-01
  3.7554E+00  2.5124E-01
  3.7578E+00  2.4791E-01
  3.7602E+00  2.4476E-01
  3.7627E+00  2.4177E-01
  3.7651E+00  2.3892E-01
  3.7675E+00  2.3619E-01
  3.7699E+00  2.3355E-01
  3.7723E+00  2.3099E-01
  3.7747E+00  2.2847E-01
  3.7772E+00  2.2596E-01
  3.7796E+00  2.2336E-01
  3.7820E+00  2.2077E-01
  3.7844E+00  2.1855E-01
  3.7868E+00  2.1633E-01
  3.7892E+00  2.1408E-01
  3.7917E+00  2.1180E-01
  3.7941E+00  2.0947E-01
  3.7965E+00  2.0708E-01
  3.7989E+00  2.0462E-01
  3.8013E+00  2.0208E-01
  3.8037E+00  2.0852E-01
  3.8062E+00  2.1008E-01
  3.8086E+00  2.1028E-01
  3.8110E+00  2.0972E-01
  3.8134E+00  2.0863E-01
  3.8158E+00  2.0710E-01
  3.8182E+00  2.0520E-01
  3.8207E+00  2.0295E-01
  3.8231E+00  2.0037E-01
  3.8255E+00  1.9748E-01
  3.8279E+00  1.9426E-01
  3.8303E+00  1.9073E-01
  3.8327E+00  1.8687E-01
  3.8352E+00  1.8265E-01
  3.8376E+00  1.7805E-01
  3.8400E+00  1.7304E-01
  3.8424E+00  1.6755E-01
  3.8448E+00  1.6151E-01
  3.8472E+00  1.5479E-01
  3.8497E+00  1.4715E-01
  3.8521E+00  1.5202E-01
  3.8545E+00  1.4513E-01
  3.8569E+00  1.3394E-01
  3.8593E+00  1.3203E-01
  3.8617E+00  1.2910E-01
  3.8642E+00  1.2458E-01
  3.8666E+00  8.4288E-02
  3.8690E+00  7.0197E-02
  3.8714E+00  7.0917E-02
  3.8738E+00  7.1400E-02
  3.8762E+00  7.1666E-02
  3.8787E+00  7.1725E-02
  3.8811E+00  7.1576E-02
  3.8835E+00  7.1204E-02
  3.8859E+00  7.0566E-02
  3.8883E+00  6.9517E-02
  3.8907E+00  6.7032E-02
  3.8932E+00  6.6972E-02
  3.8956E+00  6.6824E-02
  3.8980E+00  6.6592E-02
  3.9004E+00  6.6280E-02
  3.9028E+00  6.5892E-02
  3.9052E+00  6.5431E-02
  3.9077E+00  6.4897E-02
  3.9101E+00  6.4294E-02
  3.9125E+00  6.3622E-02
  3.9149E+00  6.2882E-02
  3.9173E+00  6.2074E-02
  3.9197E+00  6.1197E-02
  3.9222E+00  7.0814E-02
  3.9246E+00  7.7422E-02
  3.9270E+00  8.1215E-02
  3.9294E+00  9.3456E-02
  3.9318E+00  1.1696E-01
  3.9342E+00  1.3409E-01
  3.9367E+00  1.4514E-01
  3.9391E+00  1.5319E-01
  3.9415E+00  1.5917E-01
  3.9439E+00  1.6344E-01
  3.9463E+00  1.6590E-01
  3.9487E+00  1.6718E-01
  3.9512E+00  1.6968E-01
  3.9536E+00  1.7143E-01
  3.9560E+00  1.8167E-01
  3.9584E+00  1.8922E-01
  3.9608E+00  1.9354E-01
  3.9632E+00  1.9620E-01
  3.9657E+00  1.9764E-01
  3.9681E+00  1.9808E-01
  3.9705E+00  1.9762E-01
  3.9729E+00  1.9635E-01
  3.9753E+00  1.9426E-01
  3.9777E+00  1.9137E-01
  3.9802E+00  1.8760E-01
  3.9826E+00  1.8280E-01
  3.9850E+00  1.9398E-01
  3.9874E+00  1.9122E-01
  3.9898E+00  1.9141E-01
  3.9922E+00  1.9066E-01
  3.9947E+00  1.8787E-01
  3.9971E+00  1.8235E-01
  3.9995E+00  1.7085E-01
  4.0019E+00  1.6977E-01
  4.0043E+00  1.6802E-01
  4.0067E+00  1.6564E-01
  4.0092E+00  1.6265E-01
  4.0116E+00  1.5905E-01
  4.0140E+00  1.5484E-01
  4.0164E+00  1.4999E-01
  4.0188E+00  1.5454E-01
  4.0212E+00  1.5802E-01
  4.0237E+00  1.5660E-01
  4.0261E+00  1.3114E-01
  4.0285E+00  1.2672E-01
  4.0309E+00  1.1779E-01
  4.0333E+00  1.1048E-01
  4.0357E+00  1.1219E-01
  4.0382E+00  1.1427E-01
  4.0406E+00  1.2004E-01
  4.0430E+00  1.3030E-01
  4.0454E+00  1.3033E-01
  4.0478E+00  1.2480E-01
  4.0502E+00  1.2834E-01
  4.0527E+00  1.3052E-01
  4.0551E+00  1.3150E-01
  4.0575E+00  1.3131E-01
  4.0599E+00  1.2978E-01
  4.0623E+00  1.4438E-01
  4.0647E+00  1.4881E-01
  4.0672E+00  1.5547E-01
  4.0696E+00  1.6005E-01
  4.0720E+00  1.6316E-01
  4.0744E+00  1.6508E-01
  4.0768E+00  1.6600E-01
  4.0792E+00  1.6602E-01
  4.0817E+00  1.6776E-01
  4.0841E+00  1.8184E-01
  4.0865E+00  1.8623E-01
  4.0889E+00  1.9973E-01
  4.0913E+00  2.1076E-01
  4.0937E+00  2.1546E-01
  4.0962E+00  2.1666E-01
  4.0986E+00  2.1473E-01
  4.1010E+00  2.0811E-01
  4.1034E+00  2.0108E-01
  4.1058E+00  1.9912E-01
  4.1082E+00  2.1521E-01
  4.1107E+00  2.2549E-01
  4.1131E+00  2.2484E-01
  4.1155E+00  2.2331E-01
  4.1179E+00  2.2641E-01
  4.1203E+00  2.2767E-01
  4.1227E+00  2.4309E-01
  4.1252E+00  2.5673E-01
  4.1276E+00  2.8250E-01
  4.1300E+00  2.9834E-01
  4.1324E+00  3.0536E-01
  4.1348E+00  3.0638E-01
  4.1372E+00  2.9470E-01
  4.1397E+00  2.9921E-01
  4.1421E+00  3.0083E-01
  4.1445E+00  2.9972E-01
  4.1469E+00  2.9637E-01
  4.1493E+00  2.9090E-01
  4.1517E+00  2.8327E-01
  4.1542E+00  2.7329E-01
  4.1566E+00  2.6038E-01
  4.1590E+00  2.4226E-01
  4.1614E+00  2.2298E-01
  4.1638E+00  2.0681E-01
  4.1662E+00  1.8196E-01
  4.1687E+00  1.6526E-01
  4.1711E+00  1.4276E-01
  4.1735E+00  1.2912E-01
  4.1759E+00  1.1616E-01
  4.1783E+00  1.2355E-01
  4.1807E+00  1.2258E-01
  4.1832E+00  1.1837E-01
  4.1856E+00  1.1067E-01
  4.1880E+00  1.0679E-01
  4.1904E+00  1.0346E-01
  4.1928E+00  9.6601E-02
  4.1952E+00  8.2721E-02
  4.1977E+00  6.5583E-02
  4.2001E+00  7.4465E-02
  4.2025E+00  8.4021E-02
  4.2049E+00  8.9643E-02
  4.2073E+00  9.3641E-02
  4.2097E+00  9.6574E-02
  4.2122E+00  9.8697E-02
  4.2146E+00  1.0015E-01
  4.2170E+00  1.0103E-01
  4.2194E+00  1.0140E-01
  4.2218E+00  1.0130E-01
  4.2242E+00  1.0076E-01
  4.2267E+00  9.9797E-02
  4.2291E+00  9.9084E-02
  4.2315E+00  9.7618E-02
  4.2339E+00  9.5655E-02
  4.2363E+00  9.3216E-02
  4.2387E+00  5.9707E-02
  4.2412E+00  5.7079E-02
  4.2436E+00  5.3838E-02
  4.2460E+00  4.9179E-02
  4.2484E+00  4.6618E-02
  4.2508E+00  4.3633E-02
  4.2532E+00  4.0046E-02
  4.2556E+00  3.6750E-02
  4.2581E+00  3.1266E-02
  4.2605E+00  3.3740E-02
  4.2629E+00  3.6868E-02
  4.2653E+00  3.8894E-02
  4.2677E+00  4.0286E-02
  4.2701E+00  4.1209E-02
  4.2726E+00  4.7769E-02
  4.2750E+00  5.3073E-02
  4.2774E+00  5.5969E-02
  4.2798E+00  5.7515E-02
  4.2822E+00  5.7488E-02
  4.2846E+00  5.6317E-02
  4.2871E+00  5.8266E-02
  4.2895E+00  5.9907E-02
  4.2919E+00  6.1285E-02
  4.2943E+00  6.7255E-02
  4.2967E+00  7.1090E-02
  4.2991E+00  7.3733E-02
  4.3016E+00  7.5734E-02
  4.3040E+00  7.7279E-02
  4.3064E+00  7.8459E-02
  4.3088E+00  7.9330E-02
  4.3112E+00  7.9930E-02
  4.3136E+00  8.0285E-02
  4.3161E+00  8.0414E-02
  4.3185E+00  8.0333E-02
  4.3209E+00  8.0053E-02
  4.3233E+00  7.9581E-02
  4.3257E+00  7.8923E-02
  4.3281E+00  8.8740E-02
  4.3306E+00  9.3065E-02
  4.3330E+00  9.5382E-02
  4.3354E+00  9.6599E-02
  4.3378E+00  9.7025E-02
  4.3402E+00  9.6806E-02
  4.3426E+00  9.6020E-02
  4.3451E+00  9.4705E-02
  4.3475E+00  9.2868E-02
  4.3499E+00  9.0488E-02
  4.3523E+00  8.7503E-02
  4.3547E+00  8.3757E-02
  4.3571E+00  7.8760E-02
  4.3596E+00  6.9930E-02
  4.3620E+00  6.7502E-02
  4.3644E+00  6.4643E-02
  4.3668E+00  6.1238E-02
  4.3692E+00  5.6983E-02
  4.3716E+00  4.9935E-02
  4.3741E+00  4.7093E-02
  4.3765E+00  4.3764E-02
  4.3789E+00  3.9692E-02
  4.3813E+00  3.2925E-02
  4.3837E+00  2.9459E-02
  4.3861E+00  2.5659E-02
  4.3886E+00  2.9459E-02
  4.3910E+00  3.0544E-02
  4.3934E+00  3.5060E-02
  4.3958E+00  3.7949E-02
  4.3982E+00  3.9624E-02
  4.4006E+00  3.9570E-02
  4.4031E+00  4.1298E-02
  4.4055E+00  4.2628E-02
  4.4079E+00  4.3619E-02
  4.4103E+00  4.4314E-02
  4.4127E+00  4.4746E-02
  4.4151E+00  4.4937E-02
  4.4176E+00  4.4905E-02
  4.4200E+00  4.4662E-02
  4.4224E+00  4.4216E-02
  4.4248E+00  4.3573E-02
  4.4272E+00  5.4567E-02
  4.4296E+00  6.1611E-02
  4.4321E+00  6.5344E-02
  4.4345E+00  6.7579E-02
  4.4369E+00  6.8775E-02
  4.4393E+00  6.9126E-02
  4.4417E+00  6.8713E-02
  4.4441E+00  7.3948E-02
  4.4466E+00  8.2900E-02
  4.4490E+00  8.5425E-02
  4.4514E+00  8.4327E-02
  4.4538E+00  7.6955E-02
  4.4562E+00  8.6545E-02
  4.4586E+00  9.4828E-02
  4.4611E+00  9.9502E-02
  4.4635E+00  1.0239E-01
  4.4659E+00  1.0398E-01
  4.4683E+00  1.0451E-01
  4.4707E+00  1.0895E-01
  4.4731E+00  1.1899E-01
  4.4756E+00  1.2219E-01
  4.4780E+00  1.2297E-01
  4.4804E+00  1.2195E-01
  4.4828E+00  1.1930E-01
  4.4852E+00  1.1498E-01
  4.4876E+00  1.0871E-01
  4.4901E+00  1.0406E-01
  4.4925E+00  8.9508E-02
  4.4949E+00  7.9797E-02
  4.4973E+00  8.0447E-02
  4.4997E+00  8.9044E-02
  4.5021E+00  8.6588E-02
  4.5046E+00  9.1180E-02
  4.5070E+00  9.3920E-02
  4.5094E+00  1.0226E-01
  4.5118E+00  1.0837E-01
  4.5142E+00  1.1038E-01
  4.5166E+00  1.0978E-01
  4.5191E+00  1.0653E-01
  4.5215E+00  9.7722E-02
  4.5239E+00  9.0111E-02
  4.5263E+00  8.7947E-02
  4.5287E+00  8.5910E-02
  4.5311E+00  8.2734E-02
  4.5336E+00  7.7934E-02
  4.5360E+00  6.8550E-02
  4.5384E+00  6.5235E-02
  4.5408E+00  6.3362E-02
  4.5432E+00  6.0927E-02
  4.5456E+00  5.7830E-02
  4.5481E+00  5.3818E-02
  4.5505E+00  4.8191E-02
  4.5529E+00  3.4175E-02
  4.5553E+00  3.4192E-02
  4.5577E+00  3.4165E-02
  4.5601E+00  3.4095E-02
  4.5626E+00  3.9477E-02
  4.5650E+00  4.3752E-02
  4.5674E+00  4.6263E-02
  4.5698E+00  4.7943E-02
  4.5722E+00  4.9076E-02
  4.5746E+00  5.3894E-02
  4.5771E+00  5.9989E-02
  4.5795E+00  6.3556E-02
  4.5819E+00  7.0019E-02
  4.5843E+00  1.0024E-01
  4.5867E+00  1.1559E-01
  4.5891E+00  1.2582E-01
  4.5916E+00  1.3323E-01
  4.5940E+00  1.3868E-01
  4.5964E+00  1.4260E-01
  4.5988E+00  1.4525E-01
  4.6012E+00  1.4682E-01
  4.6036E+00  1.4740E-01
  4.6061E+00  1.4708E-01
  4.6085E+00  1.4590E-01
  4.6109E+00  1.4389E-01
  4.6133E+00  1.4106E-01
  4.6157E+00  1.3738E-01
  4.6181E+00  1.3279E-01
  4.6206E+00  1.2715E-01
  4.6230E+00  1.2011E-01
  4.6254E+00  1.1138E-01
  4.6278E+00  1.1062E-01
  4.6302E+00  1.1991E-01
  4.6326E+00  1.1587E-01
  4.6351E+00  9.8676E-02
  4.6375E+00  9.3460E-02
  4.6399E+00  9.2951E-02
  4.6423E+00  9.0550E-02
  4.6447E+00  8.5248E-02
  4.6471E+00  7.9656E-02
  4.6496E+00  8.0912E-02
  4.6520E+00  7.7141E-02
  4.6544E+00  6.8010E-02
  4.6568E+00  5.9501E-02
  4.6592E+00  5.9344E-02
  4.6616E+00  5.8702E-02
  4.6641E+00  5.7585E-02
  4.6665E+00  5.5968E-02
  4.6689E+00  5.3786E-02
  4.6713E+00  7.2089E-02
  4.6737E+00  8.3551E-02
  4.6761E+00  8.6052E-02
  4.6786E+00  8.2782E-02
  4.6810E+00  8.6723E-02
  4.6834E+00  8.9243E-02
  4.6858E+00  9.0590E-02
  4.6882E+00  9.0909E-02
  4.6906E+00  9.4776E-02
  4.6931E+00  9.8035E-02
  4.6955E+00  9.9147E-02
  4.6979E+00  1.0533E-01
  4.7003E+00  1.1377E-01
  4.7027E+00  1.2211E-01
  4.7051E+00  1.2084E-01
  4.7076E+00  1.1734E-01
  4.7100E+00  1.1807E-01
  4.7124E+00  1.1654E-01
  4.7148E+00  1.1991E-01
  4.7172E+00  1.1382E-01
  4.7196E+00  1.1642E-01
  4.7221E+00  1.1730E-01
  4.7245E+00  1.1783E-01
  4.7269E+00  1.3058E-01
  4.7293E+00  1.3380E-01
  4.7317E+00  1.3445E-01
  4.7341E+00  1.3321E-01
  4.7366E+00  1.3030E-01
  4.7390E+00  9.6194E-02
  4.7414E+00  9.2632E-02
  4.7438E+00  8.6736E-02
  4.7462E+00  8.5512E-02
  4.7486E+00  8.4610E-02
  4.7511E+00  8.1399E-02
  4.7535E+00  7.6251E-02
  4.7559E+00  6.8842E-02
  4.7583E+00  5.6396E-02
  4.7607E+00  4.6505E-02
  4.7631E+00  3.7146E-02
  4.7656E+00  2.7757E-02
  4.7680E+00  2.4632E-02
  4.7704E+00  2.2364E-02
  4.7728E+00  1.8702E-02
  4.7752E+00  1.4348E-02
  4.7776E+00  1.4073E-02
  4.7801E+00  1.3689E-02
  4.7825E+00  1.3191E-02
  4.7849E+00  1.2570E-02
  4.7873E+00  1.1813E-02
  4.7897E+00  1.0895E-02
  4.7921E+00  9.7788E-03
  4.7946E+00  8.3912E-03
  4.7970E+00  6.5704E-03
  4.7994E+00  3.7416E-03
  4.8018E+00  0.0000E+00
  4.8042E+00  0.0000E+00
  4.8066E+00  0.0000E+00
  4.8091E+00  0.0000E+00
  4.8115E+00  4.2099E-04
  4.8139E+00  9.1838E-04
  4.8163E+00  1.2223E-03
  4.8187E+00  1.4592E-03
  4.8211E+00  1.6581E-03
  4.8236E+00  1.8315E-03
  4.8260E+00  1.9861E-03
  4.8284E+00  2.1260E-03
  4.8308E+00  2.2540E-03
  4.8332E+00  1.5629E-02
  4.8356E+00  2.1544E-02
  4.8381E+00  2.9251E-02
  4.8405E+00  3.7460E-02
  4.8429E+00  4.5264E-02
  4.8453E+00  5.0098E-02
  4.8477E+00  5.3506E-02
  4.8501E+00  5.5904E-02
  4.8526E+00  6.7399E-02
  4.8550E+00  7.4157E-02
  4.8574E+00  7.8005E-02
  4.8598E+00  8.0158E-02
  4.8622E+00  8.0998E-02
  4.8646E+00  9.6450E-02
  4.8671E+00  1.0236E-01
  4.8695E+00  1.0413E-01
  4.8719E+00  1.0275E-01
  4.8743E+00  9.6931E-02
  4.8767E+00  9.5208E-02
  4.8791E+00  9.1811E-02
  4.8816E+00  8.6248E-02
  4.8840E+00  7.4680E-02
  4.8864E+00  7.0200E-02
  4.8888E+00  8.1056E-02
  4.8912E+00  8.1295E-02
  4.8936E+00  7.7403E-02
  4.8961E+00  6.5152E-02
  4.8985E+00  5.8594E-02
  4.9009E+00  5.3645E-02
  4.9033E+00  5.4431E-02
  4.9057E+00  7.0290E-02
  4.9081E+00  7.6760E-02
  4.9106E+00  8.0474E-02
  4.9130E+00  8.2821E-02
  4.9154E+00  8.3832E-02
  4.9178E+00  8.3671E-02
  4.9202E+00  8.2462E-02
  4.9226E+00  8.0217E-02
  4.9251E+00  7.6849E-02
  4.9275E+00  7.2112E-02
  4.9299E+00  6.5269E-02
  4.9323E+00  5.0802E-02
  4.9347E+00  4.8119E-02
  4.9371E+00  4.4538E-02
  4.9396E+00  3.8885E-02
  4.9420E+00  3.5175E-02
  4.9444E+00  3.0026E-02
  4.9468E+00  2.0443E-02
  4.9492E+00  1.4744E-02
  4.9516E+00  1.4745E-02
  4.9540E+00  1.4735E-02
  4.9565E+00  1.4716E-02
  4.9589E+00  1.4688E-02
  4.9613E+00  1.4650E-02
  4.9637E+00  1.4602E-02
  4.9661E+00  1.4546E-02
  4.9685E+00  1.4480E-02
  4.9710E+00  2.5246E-02
  4.9734E+00  3.4359E-02
  4.9758E+00  3.9589E-02
  4.9782E+00  4.8480E-02
  4.9806E+00  5.3134E-02
  4.9830E+00  5.5038E-02
  4.9855E+00  5.4549E-02
  4.9879E+00  4.9608E-02
  4.9903E+00  5.2548E-02
  4.9927E+00  5.4826E-02
  4.9951E+00  5.5678E-02
  4.9975E+00  5.5731E-02
  5.0000E+00  5.5144E-02
  5.0024E+00  5.3978E-02
  5.0048E+00  5.2244E-02
  5.0072E+00  4.9919E-02
  5.0096E+00  4.6932E-02
  5.0120E+00  4.3143E-02
  5.0145E+00  3.8252E-02
  5.0169E+00  3.1432E-02
  5.0193E+00  1.6824E-02
  5.0217E+00  1.5323E-02
  5.0241E+00  1.3145E-02
  5.0265E+00  9.5107E-03
  5.0290E+00  2.4378E-02
  5.0314E+00  3.0308E-02
  5.0338E+00  3.3874E-02
  5.0362E+00  3.5906E-02
  5.0386E+00  3.6911E-02
  5.0410E+00  3.8493E-02
  5.0435E+00  3.9568E-02
  5.0459E+00  4.0209E-02
  5.0483E+00  4.0465E-02
  5.0507E+00  4.0367E-02
  5.0531E+00  3.9936E-02
  5.0555E+00  3.9180E-02
  5.0580E+00  3.8100E-02
  5.0604E+00  3.6684E-02
  5.0628E+00  3.4908E-02
  5.0652E+00  3.2726E-02
  5.0676E+00  3.0059E-02
  5.0700E+00  3.4263E-02
  5.0725E+00  3.8383E-02
  5.0749E+00  3.6708E-02
  5.0773E+00  2.7852E-02
  5.0797E+00  3.0123E-02
  5.0821E+00  3.1834E-02
  5.0845E+00  3.9800E-02
  5.0870E+00  4.6902E-02
  5.0894E+00  5.0849E-02
  5.0918E+00  5.3333E-02
  5.0942E+00  5.4796E-02
  5.0966E+00  5.5434E-02
  5.0990E+00  5.5346E-02
  5.1015E+00  5.4575E-02
  5.1039E+00  5.3121E-02
  5.1063E+00  5.0931E-02
  5.1087E+00  4.7845E-02
  5.1111E+00  4.3150E-02
  5.1135E+00  3.9411E-02
  5.1160E+00  3.8012E-02
  5.1184E+00  3.2742E-02
  5.1208E+00  2.6819E-02
  5.1232E+00  2.6005E-02
  5.1256E+00  2.4617E-02
  5.1280E+00  2.2953E-02
  5.1305E+00  2.0286E-02
  5.1329E+00  1.8682E-02
  5.1353E+00  1.5988E-02
  5.1377E+00  1.7819E-02
  5.1401E+00  1.9271E-02
  5.1425E+00  2.0489E-02
  5.1450E+00  2.1536E-02
  5.1474E+00  2.5039E-02
  5.1498E+00  2.6733E-02
  5.1522E+00  2.7838E-02
  5.1546E+00  2.8533E-02
  5.1570E+00  2.8857E-02
  5.1595E+00  2.8769E-02
  5.1619E+00  2.8014E-02
  5.1643E+00  2.6421E-02
  5.1667E+00  2.6740E-02
  5.1691E+00  2.7010E-02
  5.1715E+00  2.7235E-02
  5.1740E+00  2.7417E-02
  5.1764E+00  2.7557E-02
  5.1788E+00  2.7659E-02
  5.1812E+00  2.7722E-02
  5.1836E+00  2.7750E-02
  5.1860E+00  3.0073E-02
  5.1885E+00  3.1170E-02
  5.1909E+00  4.6900E-02
  5.1933E+00  5.4236E-02
  5.1957E+00  5.8971E-02
  5.1981E+00  6.2300E-02
  5.2005E+00  6.4657E-02
  5.2030E+00  6.7381E-02
  5.2054E+00  7.0635E-02
  5.2078E+00  7.3390E-02
  5.2102E+00  7.4777E-02
  5.2126E+00  7.5370E-02
  5.2150E+00  7.5315E-02
  5.2175E+00  7.4671E-02
  5.2199E+00  7.3456E-02
  5.2223E+00  7.1655E-02
  5.2247E+00  6.9212E-02
  5.2271E+00  6.6007E-02
  5.2295E+00  6.5290E-02
  5.2320E+00  6.0073E-02
  5.2344E+00  4.4756E-02
  5.2368E+00  5.5927E-02
  5.2392E+00  6.2570E-02
  5.2416E+00  6.6353E-02
  5.2440E+00  6.8554E-02
  5.2465E+00  7.0033E-02
  5.2489E+00  7.0081E-02
  5.2513E+00  6.8610E-02
  5.2537E+00  6.8769E-02
  5.2561E+00  6.8369E-02
  5.2585E+00  7.0072E-02
  5.2610E+00  6.9804E-02
  5.2634E+00  6.8489E-02
  5.2658E+00  6.5608E-02
  5.2682E+00  6.3937E-02
  5.2706E+00  6.1658E-02
  5.2730E+00  6.9229E-02
  5.2755E+00  7.0272E-02
  5.2779E+00  6.8393E-02
  5.2803E+00  6.3722E-02
  5.2827E+00  5.1333E-02
  5.2851E+00  4.6845E-02
  5.2875E+00  4.6439E-02
  5.2900E+00  4.5360E-02
  5.2924E+00  4.2949E-02
  5.2948E+00  4.1373E-02
  5.2972E+00  3.9767E-02
  5.2996E+00  3.7603E-02
  5.3020E+00  3.9595E-02
  5.3045E+00  4.0379E-02
  5.3069E+00  3.6362E-02
  5.3093E+00  3.0331E-02
  5.3117E+00  3.1083E-02
  5.3141E+00  3.1338E-02
  5.3165E+00  3.1161E-02
  5.3190E+00  3.0581E-02
  5.3214E+00  2.9597E-02
  5.3238E+00  2.8175E-02
  5.3262E+00  2.6232E-02
  5.3286E+00  2.3571E-02
  5.3310E+00  1.9556E-02
  5.3335E+00  1.4588E-02
  5.3359E+00  1.7776E-02
  5.3383E+00  1.8961E-02
  5.3407E+00  1.9409E-02
  5.3431E+00  1.9137E-02
  5.3455E+00  1.8038E-02
  5.3480E+00  1.8562E-02
  5.3504E+00  1.8927E-02
  5.3528E+00  1.9143E-02
  5.3552E+00  1.9205E-02
  5.3576E+00  1.9077E-02
  5.3600E+00  1.8590E-02
  5.3625E+00  1.7943E-02
  5.3649E+00  1.8163E-02
  5.3673E+00  1.9966E-02
  5.3697E+00  2.1370E-02
  5.3721E+00  2.2273E-02
  5.3745E+00  2.2944E-02
  5.3770E+00  2.3461E-02
  5.3794E+00  2.3857E-02
  5.3818E+00  2.7526E-02
  5.3842E+00  3.0567E-02
  5.3866E+00  3.2459E-02
  5.3890E+00  3.3844E-02
  5.3915E+00  3.4896E-02
  5.3939E+00  3.5698E-02
  5.3963E+00  3.6295E-02
  5.3987E+00  3.6715E-02
  5.4011E+00  3.6975E-02
  5.4035E+00  3.7088E-02
  5.4060E+00  3.7062E-02
  5.4084E+00  3.6899E-02
  5.4108E+00  3.6598E-02
  5.4132E+00  4.0608E-02
  5.4156E+00  4.2265E-02
  5.4180E+00  4.2957E-02
  5.4205E+00  4.3035E-02
  5.4229E+00  4.2553E-02
  5.4253E+00  4.1345E-02
  5.4277E+00  3.7679E-02
  5.4301E+00  3.7885E-02
  5.4325E+00  3.7924E-02
  5.4350E+00  3.7808E-02
  5.4374E+00  3.7543E-02
  5.4398E+00  3.4044E-02
  5.4422E+00  3.3501E-02
  5.4446E+00  3.2811E-02
  5.4470E+00  3.1969E-02
  5.4495E+00  3.0964E-02
  5.4519E+00  2.9779E-02
  5.4543E+00  2.8384E-02
  5.4567E+00  2.6731E-02
  5.4591E+00  2.4724E-02
  5.4615E+00  3.6692E-02
  5.4640E+00  3.7317E-02
  5.4664E+00  4.7831E-02
  5.4688E+00  5.3069E-02
  5.4712E+00  5.6023E-02
  5.4736E+00  6.5839E-02
  5.4760E+00  6.9325E-02
  5.4785E+00  8.2154E-02
  5.4809E+00  9.8458E-02
  5.4833E+00  1.1248E-01
  5.4857E+00  1.2541E-01
  5.4881E+00  1.3566E-01
  5.4905E+00  1.4150E-01
  5.4930E+00  1.4471E-01
  5.4954E+00  1.4582E-01
  5.4978E+00  1.4503E-01
  5.5002E+00  1.4235E-01
  5.5026E+00  1.3759E-01
  5.5050E+00  1.2981E-01
  5.5075E+00  1.1906E-01
  5.5099E+00  1.1063E-01
  5.5123E+00  9.6245E-02
  5.5147E+00  9.3056E-02
  5.5171E+00  9.2795E-02
  5.5195E+00  8.6785E-02
  5.5220E+00  7.4244E-02
  5.5244E+00  6.9645E-02
  5.5268E+00  6.4071E-02
  5.5292E+00  6.3689E-02
  5.5316E+00  6.5576E-02
  5.5340E+00  6.5495E-02
  5.5365E+00  6.4469E-02
  5.5389E+00  6.2590E-02
  5.5413E+00  5.9673E-02
  5.5437E+00  5.4747E-02
  5.5461E+00  4.9328E-02
  5.5485E+00  4.7123E-02
  5.5510E+00  4.2883E-02
  5.5534E+00  4.0067E-02
  5.5558E+00  3.9880E-02
  5.5582E+00  3.9553E-02
  5.5606E+00  3.9089E-02
  5.5630E+00  3.8487E-02
  5.5655E+00  3.7746E-02
  5.5679E+00  3.6863E-02
  5.5703E+00  3.5828E-02
  5.5727E+00  3.4632E-02
  5.5751E+00  3.3255E-02
  5.5775E+00  3.1672E-02
  5.5800E+00  2.9837E-02
  5.5824E+00  3.7849E-02
  5.5848E+00  4.1296E-02
  5.5872E+00  4.1575E-02
  5.5896E+00  3.7987E-02
  5.5920E+00  4.0729E-02
  5.5945E+00  4.2367E-02
  5.5969E+00  4.3334E-02
  5.5993E+00  4.3773E-02
  5.6017E+00  4.3712E-02
  5.6041E+00  4.3070E-02
  5.6065E+00  4.0564E-02
  5.6090E+00  4.0449E-02
  5.6114E+00  4.0071E-02
  5.6138E+00  3.9425E-02
  5.6162E+00  3.8495E-02
  5.6186E+00  3.7232E-02
  5.6210E+00  3.5983E-02
  5.6235E+00  3.2968E-02
  5.6259E+00  3.2091E-02
  5.6283E+00  3.0928E-02
  5.6307E+00  3.3294E-02
  5.6331E+00  3.3720E-02
  5.6355E+00  3.6637E-02
  5.6380E+00  3.6997E-02
  5.6404E+00  3.4658E-02
  5.6428E+00  2.9386E-02
  5.6452E+00  3.1009E-02
  5.6476E+00  3.2332E-02
  5.6500E+00  3.3412E-02
  5.6525E+00  3.4283E-02
  5.6549E+00  3.4971E-02
  5.6573E+00  3.8687E-02
  5.6597E+00  4.6910E-02
  5.6621E+00  5.0974E-02
  5.6645E+00  5.3769E-02
  5.6669E+00  5.5788E-02
  5.6694E+00  5.7233E-02
  5.6718E+00  5.8211E-02
  5.6742E+00  5.9082E-02
  5.6766E+00  5.9855E-02
  5.6790E+00  6.0015E-02
  5.6814E+00  6.3141E-02
  5.6839E+00  6.4311E-02
  5.6863E+00  7.1448E-02
  5.6887E+00  7.4929E-02
  5.6911E+00  7.5305E-02
  5.6935E+00  7.7530E-02
  5.6959E+00  7.8940E-02
  5.6984E+00  8.6775E-02
  5.7008E+00  9.0833E-02
  5.7032E+00  9.3061E-02
  5.7056E+00  9.4169E-02
  5.7080E+00  9.4396E-02
  5.7104E+00  9.3849E-02
  5.7129E+00  9.2567E-02
  5.7153E+00  9.0539E-02
  5.7177E+00  8.7696E-02
  5.7201E+00  8.3864E-02
  5.7225E+00  7.8584E-02
  5.7249E+00  6.9570E-02
  5.7274E+00  6.2769E-02
  5.7298E+00  6.0944E-02
  5.7322E+00  5.8661E-02
  5.7346E+00  5.7218E-02
  5.7370E+00  5.7274E-02
  5.7394E+00  5.3848E-02
  5.7419E+00  4.7477E-02
  5.7443E+00  4.6293E-02
  5.7467E+00  4.2991E-02
  5.7491E+00  4.2885E-02
  5.7515E+00  4.2712E-02
  5.7539E+00  4.2124E-02
  5.7564E+00  4.1240E-02
  5.7588E+00  4.0065E-02
  5.7612E+00  3.8575E-02
  5.7636E+00  3.6709E-02
  5.7660E+00  3.4330E-02
  5.7684E+00  3.4472E-02
  5.7709E+00  2.9242E-02
  5.7733E+00  2.9705E-02
  5.7757E+00  2.9828E-02
  5.7781E+00  3.2661E-02
  5.7805E+00  3.4927E-02
  5.7829E+00  3.5858E-02
  5.7854E+00  3.6022E-02
  5.7878E+00  3.5388E-02
  5.7902E+00  3.2217E-02
  5.7926E+00  4.0911E-02
  5.7950E+00  4.4821E-02
  5.7974E+00  4.8078E-02
  5.7999E+00  5.5566E-02
  5.8023E+00  6.2154E-02
  5.8047E+00  6.6360E-02
  5.8071E+00  6.9421E-02
  5.8095E+00  7.1634E-02
  5.8119E+00  7.3001E-02
  5.8144E+00  7.4376E-02
  5.8168E+00  7.5304E-02
  5.8192E+00  7.5827E-02
  5.8216E+00  7.5972E-02
  5.8240E+00  7.5756E-02
  5.8264E+00  7.5185E-02
  5.8289E+00  7.4253E-02
  5.8313E+00  7.2941E-02
  5.8337E+00  7.1211E-02
  5.8361E+00  6.8979E-02
  5.8385E+00  6.6072E-02
  5.8409E+00  6.1956E-02
  5.8434E+00  5.5303E-02
  5.8458E+00  5.4807E-02
  5.8482E+00  5.3954E-02
  5.8506E+00  5.3705E-02
  5.8530E+00  5.2772E-02
  5.8554E+00  5.1394E-02
  5.8579E+00  5.0329E-02
  5.8603E+00  4.8845E-02
  5.8627E+00  4.5669E-02
  5.8651E+00  5.0703E-02
  5.8675E+00  5.3331E-02
  5.8699E+00  5.4605E-02
  5.8724E+00  5.5472E-02
  5.8748E+00  5.5806E-02
  5.8772E+00  5.5684E-02
  5.8796E+00  5.5127E-02
  5.8820E+00  5.4944E-02
  5.8844E+00  5.4569E-02
  5.8869E+00  5.2222E-02
  5.8893E+00  5.2727E-02
  5.8917E+00  5.0460E-02
  5.8941E+00  5.1543E-02
  5.8965E+00  5.2233E-02
  5.8989E+00  8.1857E-02
  5.9014E+00  8.0886E-02
  5.9038E+00  7.9329E-02
  5.9062E+00  7.7154E-02
  5.9086E+00  7.4282E-02
  5.9110E+00  7.0551E-02
  5.9134E+00  6.5589E-02
  5.9159E+00  5.7896E-02
  5.9183E+00  4.4802E-02
  5.9207E+00  4.3539E-02
  5.9231E+00  4.3054E-02
  5.9255E+00  4.4443E-02
  5.9279E+00  4.4839E-02
  5.9304E+00  4.4761E-02
  5.9328E+00  4.4382E-02
  5.9352E+00  4.3745E-02
  5.9376E+00  4.2845E-02
  5.9400E+00  4.1588E-02
  5.9424E+00  4.0147E-02
  5.9449E+00  3.8771E-02
  5.9473E+00  3.7049E-02
  5.9497E+00  3.4798E-02
  5.9521E+00  3.1265E-02
  5.9545E+00  2.7760E-02
  5.9569E+00  2.7117E-02
  5.9594E+00  2.6289E-02
  5.9618E+00  2.5149E-02
  5.9642E+00  2.3273E-02
  5.9666E+00  2.2613E-02
  5.9690E+00  2.1659E-02
  5.9714E+00  1.9558E-02
  5.9739E+00  1.9562E-02
  5.9763E+00  1.9548E-02
  5.9787E+00  1.9518E-02
  5.9811E+00  1.9473E-02
  5.9835E+00  1.9412E-02
  5.9859E+00  1.9335E-02
  5.9884E+00  1.9244E-02
  5.9908E+00  1.9139E-02
  5.9932E+00  1.9018E-02
  5.9956E+00  2.0288E-02
  5.9980E+00  2.2226E-02
  6.0004E+00  2.3243E-02
  6.0029E+00  2.3953E-02
  6.0053E+00  2.4481E-02
  6.0077E+00  2.4882E-02
  6.0101E+00  2.5184E-02
  6.0125E+00  2.5405E-02
  6.0149E+00  2.5556E-02
  6.0174E+00  2.5645E-02
  6.0198E+00  2.5677E-02
  6.0222E+00  2.5657E-02
  6.0246E+00  2.5588E-02
  6.0270E+00  2.5470E-02
  6.0294E+00  2.5305E-02
  6.0319E+00  2.5093E-02
  6.0343E+00  2.4833E-02
  6.0367E+00  2.4521E-02
  6.0391E+00  2.4152E-02
  6.0415E+00  2.3719E-02
  6.0439E+00  2.3203E-02
  6.0464E+00  2.2568E-02
  6.0488E+00  2.1684E-02
  6.0512E+00  2.0520E-02
  6.0536E+00  2.2383E-02
  6.0560E+00  2.6724E-02
  6.0584E+00  3.2875E-02
  6.0609E+00  4.3090E-02
  6.0633E+00  4.8028E-02
  6.0657E+00  5.1530E-02
  6.0681E+00  5.4137E-02
  6.0705E+00  5.6080E-02
  6.0729E+00  5.7486E-02
  6.0754E+00  5.8430E-02
  6.0778E+00  6.0068E-02
  6.0802E+00  6.2411E-02
  6.0826E+00  6.3724E-02
  6.0850E+00  6.4526E-02
  6.0874E+00  6.4366E-02
  6.0899E+00  6.3136E-02
  6.0923E+00  6.1312E-02
  6.0947E+00  6.0342E-02
  6.0971E+00  5.8330E-02
  6.0995E+00  5.3660E-02
  6.1019E+00  5.4036E-02
  6.1044E+00  5.4290E-02
  6.1068E+00  5.4429E-02
  6.1092E+00  5.4460E-02
  6.1116E+00  5.4388E-02
  6.1140E+00  5.4215E-02
  6.1164E+00  5.3945E-02
  6.1189E+00  5.3578E-02
  6.1213E+00  5.3116E-02
  6.1237E+00  5.2558E-02
  6.1261E+00  5.1901E-02
  6.1285E+00  5.1144E-02
  6.1309E+00  5.0280E-02
  6.1334E+00  4.9301E-02
  6.1358E+00  4.8195E-02
  6.1382E+00  4.8306E-02
  6.1406E+00  4.7981E-02
  6.1430E+00  4.7599E-02
  6.1454E+00  4.6178E-02
  6.1479E+00  4.4477E-02
  6.1503E+00  4.3861E-02
  6.1527E+00  4.3025E-02
  6.1551E+00  4.1952E-02
  6.1575E+00  4.0591E-02
  6.1599E+00  3.8822E-02
  6.1624E+00  3.6295E-02
  6.1648E+00  3.1408E-02
  6.1672E+00  3.0842E-02
  6.1696E+00  3.0795E-02
  6.1720E+00  3.0707E-02
  6.1744E+00  3.0581E-02
  6.1769E+00  3.0418E-02
  6.1793E+00  3.0217E-02
  6.1817E+00  2.9978E-02
  6.1841E+00  2.9701E-02
  6.1865E+00  3.0338E-02
  6.1889E+00  3.0596E-02
  6.1914E+00  3.0614E-02
  6.1938E+00  3.0498E-02
  6.1962E+00  3.0276E-02
  6.1986E+00  2.9956E-02
  6.2010E+00  2.9535E-02
  6.2034E+00  2.8999E-02
  6.2059E+00  2.8313E-02
  6.2083E+00  2.7384E-02
  6.2107E+00  2.5991E-02
  6.2131E+00  2.5288E-02
  6.2155E+00  2.5332E-02
  6.2179E+00  2.5307E-02
  6.2204E+00  2.5227E-02
  6.2228E+00  2.5094E-02
  6.2252E+00  2.4908E-02
  6.2276E+00  2.4662E-02
  6.2300E+00  2.6456E-02
  6.2324E+00  2.7760E-02
  6.2349E+00  3.1859E-02
  6.2373E+00  3.6509E-02
  6.2397E+00  3.8830E-02
  6.2421E+00  4.1500E-02
  6.2445E+00  4.3696E-02
  6.2469E+00  4.5986E-02
  6.2494E+00  5.0448E-02
  6.2518E+00  5.4465E-02
  6.2542E+00  5.7344E-02
  6.2566E+00  5.9694E-02
  6.2590E+00  6.1686E-02
  6.2614E+00  6.3404E-02
  6.2639E+00  6.4900E-02
  6.2663E+00  6.6205E-02
  6.2687E+00  6.8977E-02
  6.2711E+00  7.1214E-02
  6.2735E+00  7.2889E-02
  6.2759E+00  7.4265E-02
  6.2784E+00  7.5423E-02
  6.2808E+00  7.6405E-02
  5.7732E-14  7.7743E-02
  2.4166E-03  8.0315E-02
  4.8332E-03  8.1802E-02
  7.2498E-03  8.2945E-02
  9.6664E-03  8.3861E-02
  1.2083E-02  8.4597E-02
  1.4500E-02  8.5182E-02
  1.6916E-02  8.5635E-02
  1.9333E-02  8.5968E-02
  2.1749E-02  8.6191E-02
  2.4166E-02  8.6312E-02
  2.6583E-02  8.6336E-02
  2.8999E-02  8.6269E-02
  3.1416E-02  1.1457E-01
  3.3833E-02  1.1551E-01
  3.6249E-02  1.1649E-01
  3.8666E-02  1.1682E-01
  4.1082E-02  1.1681E-01
  4.3499E-02  1.1654E-01
  4.5916E-02  1.1604E-01
  4.8332E-02  1.1533E-01
  5.0749E-02  1.1443E-01
  5.3165E-02  1.3946E-01
  5.5582E-02  1.3620E-01
  5.7999E-02  1.3254E-01
  6.0415E-02  1.2840E-01
  6.2832E-02  1.2364E-01
  6.5248E-02  1.1796E-01
  6.7665E-02  1.1039E-01
  7.0082E-02  9.8869E-02
  7.2498E-02  9.6928E-02
  7.4915E-02  9.4812E-02
  7.7332E-02  9.2504E-02
  7.9748E-02  8.9978E-02
  8.2165E-02  8.7197E-02
  8.4581E-02  8.4099E-02
  8.6998E-02  8.0577E-02
  8.9415E-02  7.6396E-02
  9.1831E-02  7.0756E-02
  9.4248E-02  6.2687E-02
  9.6664E-02  6.0442E-02
  9.9081E-02  5.6516E-02
  1.0150E-01  5.5540E-02
  1.0391E-01  5.4506E-02
  1.0633E-01  5.3409E-02
  1.0875E-01  7.6564E-02
  1.1116E-01  7.3763E-02
  1.1358E-01  7.0731E-02
  1.1600E-01  6.7418E-02
  1.1841E-01  6.3744E-02
  1.2083E-01  5.9563E-02
  1.2325E-01  5.4473E-02
  1.2566E-01  4.8293E-02
  1.2808E-01  3.8551E-02
  1.3050E-01  3.6318E-02
  1.3291E-01  3.3477E-02
  1.3533E-01  3.2417E-02
  1.3775E-01  3.1206E-02
  1.4016E-01  2.9683E-02
  1.4258E-01  2.7575E-02
  1.4500E-01  3.5149E-02
  1.4741E-01  3.9012E-02
  1.4983E-01  4.1369E-02
  1.5225E-01  4.2984E-02
  1.5466E-01  4.4099E-02
  1.5708E-01  4.4809E-02
  1.5950E-01  4.5114E-02
  1.6191E-01  4.4416E-02
  1.6433E-01  4.4853E-02
  1.6675E-01  4.5233E-02
  1.6916E-01  4.5472E-02
  1.7158E-01  4.5580E-02
  1.7400E-01  4.5566E-02
  1.7641E-01  4.6947E-02
  1.7883E-01  4.7591E-02
  1.8125E-01  4.7850E-02
  1.8366E-01  4.7860E-02
  1.8608E-01  4.7649E-02
  1.8850E-01  4.7185E-02
  1.9091E-01  4.6215E-02
  1.9333E-01  4.5432E-02
  1.9575E-01  4.5222E-02
  1.9816E-01  4.4908E-02
  2.0058E-01  4.4483E-02
  2.0300E-01  4.3935E-02
  2.0541E-01  4.1635E-02
  2.0783E-01  4.0660E-02
  2.1025E-01  4.1202E-02
  2.1266E-01  4.5060E-02
  2.1508E-01  4.5990E-02
  2.1749E-01  4.7579E-02
  2.1991E-01  4.8771E-02
  2.2233E-01  4.9684E-02
  2.2474E-01  5.0380E-02
  2.2716E-01  5.0899E-02
  2.2958E-01  5.1266E-02
  2.3199E-01  5.1497E-02
  2.3441E-01  5.1606E-02
  2.3683E-01  5.1599E-02
  2.3924E-01  5.1482E-02
  2.4166E-01  5.1256E-02
  2.4408E-01  5.0919E-02
  2.4649E-01  5.0465E-02
  2.4891E-01  4.9880E-02
  2.5133E-01  5.5414E-02
  2.5374E-01  5.7878E-02
  2.5616E-01  5.8936E-02
  2.5858E-01  5.8618E-02
  2.6099E-01  5.8128E-02
  2.6341E-01  5.9449E-02
  2.6583E-01  6.0564E-02
  2.6824E-01  6.1513E-02
  2.7066E-01  6.2319E-02
  2.7308E-01  6.3002E-02
  2.7549E-01  6.3578E-02
  2.7791E-01  6.4058E-02
  2.8033E-01  6.4451E-02
  2.8274E-01  6.4765E-02
  2.8516E-01  6.5006E-02
  2.8758E-01  6.5180E-02
  2.8999E-01  6.5290E-02
  2.9241E-01  6.5340E-02
  2.9483E-01  6.4437E-02
  2.9724E-01  6.4487E-02
  2.9966E-01  6.4494E-02
  3.0208E-01  6.4463E-02
  3.0449E-01  6.4394E-02
  3.0691E-01  6.4292E-02
  3.0933E-01  6.4157E-02
  3.1174E-01  6.3992E-02
  3.1416E-01  6.3799E-02
  3.1658E-01  6.3579E-02
  3.1899E-01  6.3334E-02
  3.2141E-01  6.3065E-02
  3.2383E-01  6.2773E-02
  3.2624E-01  6.2460E-02
  3.2866E-01  6.2127E-02
  3.3108E-01  6.1774E-02
  3.3349E-01  6.1404E-02
  3.3591E-01  6.1016E-02
  3.3833E-01  6.0611E-02
  3.4074E-01  6.0191E-02
  3.4316E-01  5.9755E-02
  3.4558E-01  5.9305E-02
  3.4799E-01  5.8842E-02
  3.5041E-01  5.8365E-02
  3.5283E-01  5.7875E-02
  3.5524E-01  5.7372E-02
  3.5766E-01  5.6858E-02
  3.6007E-01  5.6332E-02
  3.6249E-01  5.5795E-02
  3.6491E-01  5.5247E-02
  3.6732E-01  5.4687E-02
  3.6974E-01  5.4118E-02
  3.7216E-01  5.4980E-02
  3.7457E-01  5.4987E-02
  3.7699E-01  5.4831E-02
  3.7941E-01  5.4585E-02
  3.8182E-01  5.4276E-02
  3.8424E-01  5.3919E-02
  3.8666E-01  5.3522E-02
  3.8907E-01  5.3090E-02
  3.9149E-01  5.2627E-02
  3.9391E-01  5.2134E-02
  3.9632E-01  5.1614E-02
  3.9874E-01  5.1066E-02
  4.0116E-01  5.0490E-02
  4.0357E-01  4.9885E-02
  4.0599E-01  4.9248E-02
  4.0841E-01  4.8577E-02
  4.1082E-01  4.7864E-02
  4.1324E-01  4.7100E-02
  4.1566E-01  4.6263E-02
  4.1807E-01  4.5311E-02
  4.2049E-01  4.4078E-02
  4.2291E-01  4.2633E-02
  4.2532E-01  4.2230E-02
  4.2774E-01  4.1818E-02
  4.3016E-01  4.1398E-02
  4.3257E-01  4.0971E-02
  4.3499E-01  4.0536E-02
  4.3741E-01  4.0092E-02
  4.3982E-01  3.9641E-02
  4.4224E-01  3.9182E-02
  4.4466E-01  3.8715E-02
  4.4707E-01  3.8239E-02
  4.4949E-01  3.7754E-02
  4.5191E-01  3.7260E-02
  4.5432E-01  3.6755E-02
  4.5674E-01  3.6240E-02
  4.5916E-01  3.5713E-02
  4.6157E-01  3.5173E-02
  4.6399E-01  3.4618E-02
  4.6641E-01  3.4046E-02
  4.6882E-01  3.3454E-02
  4.7124E-01  3.2839E-02
  4.7366E-01  3.2194E-02
  4.7607E-01  3.1512E-02
  4.7849E-01  3.0779E-02
  4.8091E-01  2.9970E-02
  4.8332E-01  2.9580E-02
  4.8574E-01  2.8569E-02
  4.8816E-01  2.7110E-02
  4.9057E-01  2.7037E-02
  4.9299E-01  2.6942E-02
  4.9540E-01  2.6832E-02
  4.9782E-01  2.6708E-02
  5.0024E-01  2.6574E-02
  5.0265E-01  2.6431E-02
  5.0507E-01  2.6280E-02
  5.0749E-01  2.6121E-02
  5.0990E-01  2.5956E-02
  5.1232E-01  2.5785E-02
  5.1474E-01  2.5607E-02
  5.1715E-01  2.5424E-02
  5.1957E-01  2.5235E-02
  5.2199E-01  2.5040E-02
  5.2440E-01  2.4840E-02
  5.2682E-01  2.4634E-02
  5.2924E-01  2.4421E-02
  5.3165E-01  2.4202E-02
  5.3407E-01  2.3976E-02
  5.3649E-01  2.3741E-02
  5.3890E-01  2.3497E-02
  5.4132E-01  2.3241E-02
  5.4374E-01  2.2971E-02
  5.4615E-01  2.2682E-02
  5.4857E-01  2.2366E-02
  5.5099E-01  2.2004E-02
  5.5340E-01  2.1528E-02
  5.5582E-01  2.0950E-02
  5.5824E-01  2.0828E-02
  5.6065E-01  2.0705E-02
  5.6307E-01  2.0582E-02
  5.6549E-01  2.0459E-02
  5.6790E-01  2.0334E-02
  5.7032E-01  2.0210E-02
  5.7274E-01  2.0085E-02
  5.7515E-01  1.9960E-02
  5.7757E-01  1.9834E-02
  5.7999E-01  1.9708E-02
  5.8240E-01  1.9582E-02
  5.8482E-01  1.9456E-02
  5.8724E-01  1.9329E-02
  5.8965E-01  1.9620E-02
  5.9207E-01  1.9702E-02
  5.9449E-01  1.9727E-02
  5.9690E-01  2.3057E-02
  5.9932E-01  2.6473E-02
  6.0174E-01  2.8566E-02
  6.0415E-01  3.0166E-02
  6.0657E-01  3.1478E-02
  6.0899E-01  3.2593E-02
  6.1140E-01  3.3561E-02
  6.1382E-01  3.4413E-02
  6.1624E-01  3.5171E-02
  6.1865E-01  3.5848E-02
  6.2107E-01  3.6457E-02
  6.2349E-01  3.7006E-02
  6.2590E-01  3.7501E-02
  6.2832E-01  3.7950E-02
  6.3074E-01  3.8356E-02
  6.3315E-01  3.8722E-02
  6.3557E-01  3.9054E-02
  6.3798E-01  3.9353E-02
  6.4040E-01  3.9621E-02
  6.4282E-01  3.9862E-02
  6.4523E-01  4.0076E-02
  6.4765E-01  4.0266E-02
  6.5007E-01  4.0433E-02
  6.5248E-01  4.0579E-02
  6.5490E-01  4.0704E-02
  6.5732E-01  4.0810E-02
  6.5973E-01  4.0898E-02
  6.6215E-01  4.0968E-02
  6.6457E-01  4.1022E-02
  6.6698E-01  4.1061E-02
  6.6940E-01  4.1085E-02
  6.7182E-01  4.1149E-02
  6.7423E-01  4.1283E-02
  6.7665E-01  4.1337E-02
  6.7907E-01  4.1361E-02
  6.8148E-01  4.1363E-02
  6.8390E-01  4.1347E-02
  6.8632E-01  4.1315E-02
  6.8873E-01  4.1269E-02
  6.9115E-01  4.1209E-02
  6.9357E-01  4.1137E-02
  6.9598E-01  4.1053E-02
  6.9840E-01  4.0957E-02
  7.0082E-01  4.0851E-02
  7.0323E-01  4.0734E-02
  7.0565E-01  4.0608E-02
  7.0807E-01  4.3664E-02
  7.1048E-01  4.5130E-02
  7.1290E-01  4.6128E-02
  7.1532E-01  4.6895E-02
  7.1773E-01  4.7513E-02
  7.2015E-01  4.8021E-02
  7.2257E-01  4.8445E-02
  7.2498E-01  4.8800E-02
  7.2740E-01  4.9096E-02
  7.2982E-01  4.9341E-02
  7.3223E-01  4.9542E-02
  7.3465E-01  4.9702E-02
  7.3707E-01  4.9825E-02
  7.3948E-01  4.9915E-02
  7.4190E-01  4.9974E-02
  7.4432E-01  5.0003E-02
  7.4673E-01  5.0004E-02
  7.4915E-01  4.9978E-02
  7.5157E-01  4.9926E-02
  7.5398E-01  4.9849E-02
  7.5640E-01  4.9747E-02
  7.5882E-01  4.9620E-02
  7.6123E-01  4.9466E-02
  7.6365E-01  4.9284E-02
  7.6607E-01  4.9070E-02
  7.6848E-01  4.8817E-02
  7.7090E-01  7.2297E-02
  7.7332E-01  7.0371E-02
  7.7573E-01  6.8159E-02
  7.7815E-01  6.6265E-02
  7.8056E-01  6.4163E-02
  7.8298E-01  6.1777E-02
  7.8540E-01  5.8957E-02
  7.8781E-01  5.5321E-02
  7.9023E-01  4.7765E-02
  7.9265E-01  4.6435E-02
  7.9506E-01  4.6233E-02
  7.9748E-01  4.6019E-02
  7.9990E-01  4.5794E-02
  8.0231E-01  4.5559E-02
  8.0473E-01  4.5312E-02
  8.0715E-01  4.5055E-02
  8.0956E-01  4.4787E-02
  8.1198E-01  4.4508E-02
  8.1440E-01  4.4218E-02
  8.1681E-01  4.3918E-02
  8.1923E-01  4.3607E-02
  8.2165E-01  4.3285E-02
  8.2406E-01  4.2952E-02
  8.2648E-01  4.2609E-02
  8.2890E-01  4.2254E-02
  8.3131E-01  4.1887E-02
  8.3373E-01  4.1509E-02
  8.3615E-01  4.1119E-02
  8.3856E-01  4.0716E-02
  8.4098E-01  4.0301E-02
  8.4340E-01  3.9872E-02
  8.4581E-01  3.9429E-02
  8.4823E-01  3.8971E-02
  8.5065E-01  3.8497E-02
  8.5306E-01  3.8006E-02
  8.5548E-01  3.7498E-02
  8.5790E-01  3.6969E-02
  8.6031E-01  3.6418E-02
  8.6273E-01  3.5844E-02
  8.6515E-01  3.5241E-02
  8.6756E-01  3.4608E-02
  8.6998E-01  3.3938E-02
  8.7240E-01  3.3223E-02
  8.7481E-01  3.2454E-02
  8.7723E-01  3.1615E-02
  8.7965E-01  3.0677E-02
  8.8206E-01  2.9591E-02
  8.8448E-01  2.8228E-02
  8.8690E-01  2.5841E-02
  8.8931E-01  2.4720E-02
  8.9173E-01  2.4523E-02
  8.9415E-01  2.4405E-02
  8.9656E-01  2.4283E-02
  8.9898E-01  2.4159E-02
  9.0140E-01  2.4033E-02
  9.0381E-01  2.3905E-02
  9.0623E-01  2.3773E-02
  9.0865E-01  2.3640E-02
  9.1106E-01  2.0598E-02
  9.1348E-01  2.0462E-02
  9.1590E-01  2.0323E-02
  9.1831E-01  2.0181E-02
  9.2073E-01  2.0038E-02
  9.2314E-01  1.9892E-02
  9.2556E-01  1.9743E-02
  9.2798E-01  1.9592E-02
  9.3039E-01  2.1033E-02
  9.3281E-01  2.1419E-02
  9.3523E-01  2.1294E-02
  9.3764E-01  2.0711E-02
  9.4006E-01  1.8799E-02
  9.4248E-01  1.8633E-02
  9.4489E-01  1.8464E-02
  9.4731E-01  1.8292E-02
  9.4973E-01  1.8117E-02
  9.5214E-01  1.7939E-02
  9.5456E-01  1.7759E-02
  9.5698E-01  1.7575E-02
  9.5939E-01  1.7388E-02
  9.6181E-01  1.7197E-02
  9.6423E-01  1.8781E-02
  9.6664E-01  2.3461E-02
  9.6906E-01  2.5707E-02
  9.7148E-01  2.7306E-02
  9.7389E-01  2.5969E-02
  9.7631E-01  2.6974E-02
  9.7873E-01  2.7799E-02
  9.8114E-01  2.8481E-02
  9.8356E-01  2.9047E-02
  9.8598E-01  2.9512E-02
  9.8839E-01  2.9891E-02
  9.9081E-01  3.0192E-02
  9.9323E-01  3.0424E-02
  9.9564E-01  3.0591E-02
  9.9806E-01  3.0700E-02
  1.0005E+00  3.0753E-02
  1.0029E+00  3.0753E-02
  1.0053E+00  3.0703E-02
  1.0077E+00  3.0603E-02
  1.0101E+00  3.0454E-02
  1.0126E+00  3.0256E-02
  1.0150E+00  3.0008E-02
  1.0174E+00  2.9708E-02
  1.0198E+00  2.9350E-02
  1.0222E+00  2.8929E-02
  1.0246E+00  2.8433E-02
  1.0271E+00  2.7838E-02
  1.0295E+00  2.7096E-02
  1.0319E+00  2.6049E-02
  1.0343E+00  2.4430E-02
  1.0367E+00  2.4311E-02
  1.0391E+00  2.4171E-02
  1.0416E+00  2.4012E-02
  1.0440E+00  2.3834E-02
  1.0464E+00  2.3636E-02
  1.0488E+00  2.3419E-02
  1.0512E+00  2.3184E-02
  1.0536E+00  2.2930E-02
  1.0561E+00  2.2658E-02
  1.0585E+00  2.2366E-02
  1.0609E+00  2.2056E-02
  1.0633E+00  2.1727E-02
  1.0657E+00  2.1378E-02
  1.0681E+00  2.1010E-02
  1.0706E+00  2.0621E-02
  1.0730E+00  2.0210E-02
  1.0754E+00  1.9777E-02
  1.0778E+00  1.9321E-02
  1.0802E+00  1.8841E-02
  1.0826E+00  1.8333E-02
  1.0851E+00  1.7797E-02
  1.0875E+00  1.7230E-02
  1.0899E+00  1.6628E-02
  1.0923E+00  1.5987E-02
  1.0947E+00  1.5301E-02
  1.0971E+00  1.4564E-02
  1.0996E+00  1.3764E-02
  1.1020E+00  2.2229E-02
  1.1044E+00  2.5431E-02
  1.1068E+00  2.7223E-02
  1.1092E+00  3.0759E-02
  1.1116E+00  3.7222E-02
  1.1141E+00  3.8588E-02
  1.1165E+00  4.1107E-02
  1.1189E+00  4.3989E-02
  1.1213E+00  4.7588E-02
  1.1237E+00  5.0460E-02
  1.1261E+00  5.2703E-02
  1.1286E+00  5.4538E-02
  1.1310E+00  5.6052E-02
  1.1334E+00  5.7297E-02
  1.1358E+00  5.8305E-02
  1.1382E+00  5.9104E-02
  1.1406E+00  5.9711E-02
  1.1431E+00  6.0142E-02
  1.1455E+00  6.0410E-02
  1.1479E+00  6.0525E-02
  1.1503E+00  6.0495E-02
  1.1527E+00  6.0325E-02
  1.1551E+00  6.0022E-02
  1.1576E+00  5.9589E-02
  1.1600E+00  5.9029E-02
  1.1624E+00  5.8343E-02
  1.1648E+00  5.7531E-02
  1.1672E+00  5.6593E-02
  1.1696E+00  5.5526E-02
  1.1721E+00  5.4325E-02
  1.1745E+00  5.2985E-02
  1.1769E+00  5.1497E-02
  1.1793E+00  4.9847E-02
  1.1817E+00  4.8018E-02
  1.1841E+00  4.8642E-02
  1.1866E+00  4.7475E-02
  1.1890E+00  4.5698E-02
  1.1914E+00  4.3326E-02
  1.1938E+00  4.0114E-02
  1.1962E+00  3.4569E-02
  1.1986E+00  3.0944E-02
  1.2011E+00  3.3292E-02
  1.2035E+00  3.7860E-02
  1.2059E+00  3.9537E-02
  1.2083E+00  4.0015E-02
  1.2107E+00  3.9304E-02
  1.2131E+00  3.7055E-02
  1.2156E+00  3.9379E-02
  1.2180E+00  4.1213E-02
  1.2204E+00  4.2730E-02
  1.2228E+00  4.4007E-02
  1.2252E+00  4.5085E-02
  1.2276E+00  5.2097E-02
  1.2301E+00  5.7096E-02
  1.2325E+00  6.0393E-02
  1.2349E+00  6.2874E-02
  1.2373E+00  6.4810E-02
  1.2397E+00  6.6330E-02
  1.2421E+00  6.7510E-02
  1.2446E+00  6.8398E-02
  1.2470E+00  6.9030E-02
  1.2494E+00  6.9429E-02
  1.2518E+00  6.9613E-02
  1.2542E+00  6.9598E-02
  1.2566E+00  6.9392E-02
  1.2591E+00  6.9002E-02
  1.2615E+00  6.8433E-02
  1.2639E+00  6.7686E-02
  1.2663E+00  6.6758E-02
  1.2687E+00  6.5646E-02
  1.2711E+00  6.4337E-02
  1.2736E+00  6.2810E-02
  1.2760E+00  6.1019E-02
  1.2784E+00  5.8813E-02
  1.2808E+00  5.6226E-02
  1.2832E+00  5.4339E-02
  1.2856E+00  5.2214E-02
  1.2881E+00  4.9810E-02
  1.2905E+00  4.7057E-02
  1.2929E+00  4.3839E-02
  1.2953E+00  3.9908E-02
  1.2977E+00  3.4452E-02
  1.3001E+00  2.7591E-02
  1.3026E+00  4.1819E-02
  1.3050E+00  3.8402E-02
  1.3074E+00  3.8414E-02
  1.3098E+00  3.7919E-02
  1.3122E+00  3.6923E-02
  1.3146E+00  3.5387E-02
  1.3171E+00  3.3204E-02
  1.3195E+00  3.0098E-02
  1.3219E+00  2.5067E-02
  1.3243E+00  1.7998E-02
  1.3267E+00  1.7682E-02
  1.3291E+00  1.7349E-02
  1.3316E+00  1.6997E-02
  1.3340E+00  1.6625E-02
  1.3364E+00  1.6231E-02
  1.3388E+00  1.5812E-02
  1.3412E+00  2.9063E-02
  1.3436E+00  3.5473E-02
  1.3461E+00  3.9459E-02
  1.3485E+00  4.3139E-02
  1.3509E+00  4.6081E-02
  1.3533E+00  5.4056E-02
  1.3557E+00  6.9288E-02
  1.3581E+00  7.6460E-02
  1.3606E+00  8.8140E-02
  1.3630E+00  9.5363E-02
  1.3654E+00  1.0045E-01
  1.3678E+00  1.0991E-01
  1.3702E+00  1.2010E-01
  1.3726E+00  1.2551E-01
  1.3751E+00  1.2867E-01
  1.3775E+00  1.3015E-01
  1.3799E+00  1.3021E-01
  1.3823E+00  1.2894E-01
  1.3847E+00  1.2629E-01
  1.3871E+00  1.2162E-01
  1.3896E+00  1.1745E-01
  1.3920E+00  1.1193E-01
  1.3944E+00  1.0475E-01
  1.3968E+00  9.5206E-02
  1.3992E+00  8.0000E-02
  1.4016E+00  6.5846E-02
  1.4041E+00  6.8521E-02
  1.4065E+00  9.0234E-02
  1.4089E+00  9.1913E-02
  1.4113E+00  1.0091E-01
  1.4137E+00  1.0720E-01
  1.4161E+00  1.1159E-01
  1.4185E+00  1.3007E-01
  1.4210E+00  1.3872E-01
  1.4234E+00  1.4383E-01
  1.4258E+00  1.4656E-01
  1.4282E+00  1.4723E-01
  1.4306E+00  1.4562E-01
  1.4330E+00  1.4439E-01
  1.4355E+00  1.4915E-01
  1.4379E+00  1.4981E-01
  1.4403E+00  1.4981E-01
  1.4427E+00  1.4811E-01
  1.4451E+00  1.4479E-01
  1.4475E+00  1.4524E-01
  1.4500E+00  1.3972E-01
  1.4524E+00  1.2486E-01
  1.4548E+00  1.2015E-01
  1.4572E+00  1.1048E-01
  1.4596E+00  1.0431E-01
  1.4620E+00  1.0225E-01
  1.4645E+00  9.9358E-02
  1.4669E+00  9.5412E-02
  1.4693E+00  8.9829E-02
  1.4717E+00  7.7302E-02
  1.4741E+00  7.5655E-02
  1.4765E+00  7.3578E-02
  1.4790E+00  7.0970E-02
  1.4814E+00  6.7578E-02
  1.4838E+00  6.2173E-02
  1.4862E+00  5.8009E-02
  1.4886E+00  5.3764E-02
  1.4910E+00  5.1622E-02
  1.4935E+00  4.8971E-02
  1.4959E+00  4.5360E-02
  1.4983E+00  4.2388E-02
  1.5007E+00  3.7906E-02
  1.5031E+00  3.6385E-02
  1.5055E+00  3.5598E-02
  1.5080E+00  3.4676E-02
  1.5104E+00  3.3615E-02
  1.5128E+00  3.2402E-02
  1.5152E+00  3.1013E-02
  1.5176E+00  3.0611E-02
  1.5200E+00  2.9403E-02
  1.5225E+00  2.7571E-02
  1.5249E+00  2.4828E-02
  1.5273E+00  2.2559E-02
  1.5297E+00  2.0397E-02
  1.5321E+00  2.1325E-02
  1.5345E+00  2.2068E-02
  1.5370E+00  2.9715E-02
  1.5394E+00  3.5641E-02
  1.5418E+00  3.9317E-02
  1.5442E+00  4.1988E-02
  1.5466E+00  4.4010E-02
  1.5490E+00  4.5549E-02
  1.5515E+00  4.6699E-02
  1.5539E+00  4.7519E-02
  1.5563E+00  5.3893E-02
  1.5587E+00  6.4410E-02
  1.5611E+00  7.1407E-02
  1.5635E+00  7.6229E-02
  1.5660E+00  7.9433E-02
  1.5684E+00  8.1569E-02
  1.5708E+00  8.2854E-02
  1.5732E+00  8.7864E-02
  1.5756E+00  1.0012E-01
  1.5780E+00  1.0508E-01
  1.5805E+00  1.1717E-01
  1.5829E+00  1.2222E-01
  1.5853E+00  1.2363E-01
  1.5877E+00  1.2156E-01
  1.5901E+00  1.1710E-01
  1.5925E+00  1.1825E-01
  1.5950E+00  1.1843E-01
  1.5974E+00  1.1771E-01
  1.5998E+00  1.1613E-01
  1.6022E+00  1.1367E-01
  1.6046E+00  1.1775E-01
  1.6070E+00  1.1716E-01
  1.6095E+00  1.1423E-01
  1.6119E+00  1.0924E-01
  1.6143E+00  1.0155E-01
  1.6167E+00  8.6319E-02
  1.6191E+00  8.1383E-02
  1.6215E+00  8.2681E-02
  1.6240E+00  7.8428E-02
  1.6264E+00  7.4784E-02
  1.6288E+00  7.2137E-02
  1.6312E+00  7.4581E-02
  1.6336E+00  8.7519E-02
  1.6360E+00  1.1076E-01
  1.6385E+00  1.2123E-01
  1.6409E+00  1.2792E-01
  1.6433E+00  1.3219E-01
  1.6457E+00  1.3459E-01
  1.6481E+00  1.3540E-01
  1.6505E+00  1.3474E-01
  1.6530E+00  1.3240E-01
  1.6554E+00  1.3411E-01
  1.6578E+00  1.4656E-01
  1.6602E+00  1.4955E-01
  1.6626E+00  1.4844E-01
  1.6650E+00  1.4418E-01
  1.6675E+00  1.3649E-01
  1.6699E+00  1.2163E-01
  1.6723E+00  1.1122E-01
  1.6747E+00  1.0181E-01
  1.6771E+00  8.7345E-02
  1.6795E+00  6.4636E-02
  1.6820E+00  5.6235E-02
  1.6844E+00  5.3167E-02
  1.6868E+00  4.9395E-02
  1.6892E+00  5.4318E-02
  1.6916E+00  4.7165E-02
  1.6940E+00  5.0365E-02
  1.6965E+00  5.2459E-02
  1.6989E+00  5.3774E-02
  1.7013E+00  5.4417E-02
  1.7037E+00  5.4432E-02
  1.7061E+00  5.4156E-02
  1.7085E+00  5.7304E-02
  1.7110E+00  5.9739E-02
  1.7134E+00  7.4871E-02
  1.7158E+00  8.2493E-02
  1.7182E+00  8.7114E-02
  1.7206E+00  9.0044E-02
  1.7230E+00  9.1746E-02
  1.7255E+00  9.4393E-02
  1.7279E+00  9.5539E-02
  1.7303E+00  9.5316E-02
  1.7327E+00  9.4040E-02
  1.7351E+00  9.1778E-02
  1.7375E+00  1.0385E-01
  1.7400E+00  1.0634E-01
  1.7424E+00  1.0469E-01
  1.7448E+00  9.8818E-02
  1.7472E+00  9.5790E-02
  1.7496E+00  1.0348E-01
  1.7520E+00  1.0606E-01
  1.7545E+00  1.0560E-01
  1.7569E+00  1.0349E-01
  1.7593E+00  9.8132E-02
  1.7617E+00  9.1875E-02
  1.7641E+00  8.1186E-02
  1.7665E+00  9.2346E-02
  1.7690E+00  1.0016E-01
  1.7714E+00  1.0276E-01
  1.7738E+00  1.0235E-01
  1.7762E+00  1.0596E-01
  1.7786E+00  1.0244E-01
  1.7810E+00  1.0109E-01
  1.7835E+00  1.0280E-01
  1.7859E+00  1.0605E-01
  1.7883E+00  1.1757E-01
  1.7907E+00  1.2031E-01
  1.7931E+00  1.2034E-01
  1.7955E+00  1.1857E-01
  1.7980E+00  1.2483E-01
  1.8004E+00  1.3412E-01
  1.8028E+00  1.4032E-01
  1.8052E+00  1.4219E-01
  1.8076E+00  1.4047E-01
  1.8100E+00  1.3456E-01
  1.8125E+00  1.1907E-01
  1.8149E+00  1.1580E-01
  1.8173E+00  1.2672E-01
  1.8197E+00  1.2443E-01
  1.8221E+00  1.3150E-01
  1.8245E+00  1.3679E-01
  1.8270E+00  1.3849E-01
  1.8294E+00  1.3766E-01
  1.8318E+00  1.3454E-01
  1.8342E+00  1.2884E-01
  1.8366E+00  1.2027E-01
  1.8390E+00  1.0381E-01
  1.8415E+00  8.8467E-02
  1.8439E+00  8.6256E-02
  1.8463E+00  8.7503E-02
  1.8487E+00  8.5603E-02
  1.8511E+00  9.2994E-02
  1.8535E+00  9.4223E-02
  1.8560E+00  1.0187E-01
  1.8584E+00  1.1120E-01
  1.8608E+00  1.0847E-01
  1.8632E+00  1.0735E-01
  1.8656E+00  1.1382E-01
  1.8680E+00  1.3167E-01
  1.8705E+00  1.3921E-01
  1.8729E+00  1.4800E-01
  1.8753E+00  1.6299E-01
  1.8777E+00  1.6691E-01
  1.8801E+00  1.6548E-01
  1.8825E+00  1.5935E-01
  1.8850E+00  1.4750E-01
  1.8874E+00  1.4086E-01
  1.8898E+00  1.3083E-01
  1.8922E+00  1.3129E-01
  1.8946E+00  1.2273E-01
  1.8970E+00  1.2067E-01
  1.8995E+00  1.1610E-01
  1.9019E+00  1.0753E-01
  1.9043E+00  9.5626E-02
  1.9067E+00  9.2213E-02
  1.9091E+00  8.7216E-02
  1.9115E+00  8.4562E-02
  1.9140E+00  8.6133E-02
  1.9164E+00  8.0961E-02
  1.9188E+00  9.0947E-02
  1.9212E+00  9.7173E-02
  1.9236E+00  1.0618E-01
  1.9260E+00  1.1616E-01
  1.9285E+00  1.2271E-01
  1.9309E+00  1.3254E-01
  1.9333E+00  1.3694E-01
  1.9357E+00  1.3984E-01
  1.9381E+00  1.3851E-01
  1.9405E+00  1.3585E-01
  1.9430E+00  1.3244E-01
  1.9454E+00  1.2670E-01
  1.9478E+00  1.2684E-01
  1.9502E+00  1.4523E-01
  1.9526E+00  1.3806E-01
  1.9550E+00  1.3837E-01
  1.9575E+00  1.3068E-01
  1.9599E+00  1.2484E-01
  1.9623E+00  1.1840E-01
  1.9647E+00  1.0330E-01
  1.9671E+00  9.6378E-02
  1.9695E+00  8.8937E-02
  1.9720E+00  8.3620E-02
  1.9744E+00  7.8981E-02
  1.9768E+00  7.1248E-02
  1.9792E+00  5.9340E-02
  1.9816E+00  6.3100E-02
  1.9840E+00  6.2320E-02
  1.9865E+00  5.8702E-02
  1.9889E+00  4.9795E-02
  1.9913E+00  4.2907E-02
  1.9937E+00  6.9463E-02
  1.9961E+00  8.6883E-02
  1.9985E+00  1.1655E-01
  2.0010E+00  1.5580E-01
  2.0034E+00  1.7585E-01
  2.0058E+00  1.8727E-01
  2.0082E+00  1.9300E-01
  2.0106E+00  1.9409E-01
  2.0130E+00  1.9091E-01
  2.0155E+00  1.8329E-01
  2.0179E+00  1.7022E-01
  2.0203E+00  1.5334E-01
  2.0227E+00  1.2600E-01
  2.0251E+00  1.2379E-01
  2.0275E+00  1.1897E-01
  2.0300E+00  1.1148E-01
  2.0324E+00  1.0883E-01
  2.0348E+00  1.0284E-01
  2.0372E+00  1.1294E-01
  2.0396E+00  1.0900E-01
  2.0420E+00  1.3458E-01
  2.0445E+00  1.4565E-01
  2.0469E+00  1.7205E-01
  2.0493E+00  1.8245E-01
  2.0517E+00  1.8725E-01
  2.0541E+00  1.8744E-01
  2.0565E+00  1.8276E-01
  2.0590E+00  1.8017E-01
  2.0614E+00  1.7488E-01
  2.0638E+00  1.7592E-01
  2.0662E+00  1.7059E-01
  2.0686E+00  1.6007E-01
  2.0710E+00  1.4465E-01
  2.0735E+00  1.1993E-01
  2.0759E+00  8.0734E-02
  2.0783E+00  6.0196E-02
  2.0807E+00  5.5371E-02
  2.0831E+00  4.8655E-02
  2.0855E+00  3.8977E-02
  2.0880E+00  1.7585E-02
  2.0904E+00  1.2772E-02
  2.0928E+00  1.1969E-02
  2.0952E+00  2.3989E-02
  2.0976E+00  3.5743E-02
  2.1000E+00  4.0087E-02
  2.1025E+00  3.8405E-02
  2.1049E+00  4.0501E-02
  2.1073E+00  6.2453E-02
  2.1097E+00  7.0488E-02
  2.1121E+00  8.4931E-02
  2.1145E+00  9.2236E-02
  2.1170E+00  9.4420E-02
  2.1194E+00  9.2795E-02
  2.1218E+00  8.7207E-02
  2.1242E+00  7.4733E-02
  2.1266E+00  6.2150E-02
  2.1290E+00  6.3578E-02
  2.1314E+00  9.0961E-02
  2.1339E+00  9.7229E-02
  2.1363E+00  9.3998E-02
  2.1387E+00  9.8064E-02
  2.1411E+00  9.7247E-02
  2.1435E+00  9.4391E-02
  2.1459E+00  9.8596E-02
  2.1484E+00  1.0034E-01
  2.1508E+00  1.0031E-01
  2.1532E+00  9.8700E-02
  2.1556E+00  9.5536E-02
  2.1580E+00  9.0724E-02
  2.1604E+00  9.3805E-02
  2.1629E+00  8.8457E-02
  2.1653E+00  7.6934E-02
  2.1677E+00  5.7710E-02
  2.1701E+00  7.0542E-02
  2.1725E+00  7.1078E-02
  2.1749E+00  8.6208E-02
  2.1774E+00  1.0921E-01
  2.1798E+00  1.2792E-01
  2.1822E+00  1.5656E-01
  2.1846E+00  1.6374E-01
  2.1870E+00  1.6692E-01
  2.1894E+00  1.7808E-01
  2.1919E+00  1.9057E-01
  2.1943E+00  1.9667E-01
  2.1967E+00  2.0846E-01
  2.1991E+00  2.0141E-01
  2.2015E+00  2.0384E-01
  2.2039E+00  2.2929E-01
  2.2064E+00  2.3228E-01
  2.2088E+00  2.2580E-01
  2.2112E+00  2.1754E-01
  2.2136E+00  2.1008E-01
  2.2160E+00  1.9436E-01
  2.2184E+00  1.8792E-01
  2.2209E+00  1.7990E-01
  2.2233E+00  1.7197E-01
  2.2257E+00  1.6256E-01
  2.2281E+00  1.5605E-01
  2.2305E+00  1.4110E-01
  2.2329E+00  1.1971E-01
  2.2354E+00  1.0762E-01
  2.2378E+00  1.0597E-01
  2.2402E+00  1.0822E-01
  2.2426E+00  1.2530E-01
  2.2450E+00  1.2987E-01
  2.2474E+00  1.3001E-01
  2.2499E+00  1.2550E-01
  2.2523E+00  1.2367E-01
  2.2547E+00  1.3181E-01
  2.2571E+00  1.2508E-01
  2.2595E+00  1.2331E-01
  2.2619E+00  1.2281E-01
  2.2644E+00  1.2427E-01
  2.2668E+00  1.2471E-01
  2.2692E+00  1.2815E-01
  2.2716E+00  1.4167E-01
  2.2740E+00  1.6685E-01
  2.2764E+00  1.7381E-01
  2.2789E+00  1.6814E-01
  2.2813E+00  1.5692E-01
  2.2837E+00  1.5752E-01
  2.2861E+00  1.5906E-01
  2.2885E+00  1.8481E-01
  2.2909E+00  1.9895E-01
  2.2934E+00  2.0290E-01
  2.2958E+00  2.0423E-01
  2.2982E+00  2.0093E-01
  2.3006E+00  1.9129E-01
  2.3030E+00  1.8052E-01
  2.3054E+00  1.6855E-01
  2.3079E+00  1.5693E-01
  2.3103E+00  1.4724E-01
  2.3127E+00  1.4436E-01
  2.3151E+00  1.3813E-01
  2.3175E+00  1.5019E-01
  2.3199E+00  1.4367E-01
  2.3224E+00  1.2259E-01
  2.3248E+00  1.3043E-01
  2.3272E+00  1.3821E-01
  2.3296E+00  1.3980E-01
  2.3320E+00  1.4334E-01
  2.3344E+00  1.3973E-01
  2.3369E+00  1.2603E-01
  2.3393E+00  1.0907E-01
  2.3417E+00  1.0108E-01
  2.3441E+00  1.0868E-01
  2.3465E+00  1.6390E-01
  2.3489E+00  2.0395E-01
  2.3514E+00  2.1625E-01
  2.3538E+00  2.3561E-01
  2.3562E+00  2.3987E-01
  2.3586E+00  2.5147E-01
  2.3610E+00  2.5970E-01
  2.3634E+00  2.5720E-01
  2.3659E+00  2.4137E-01
  2.3683E+00  2.2226E-01
  2.3707E+00  1.9163E-01
  2.3731E+00  1.6416E-01
  2.3755E+00  1.4891E-01
  2.3779E+00  1.5242E-01
  2.3804E+00  1.4604E-01
  2.3828E+00  1.3705E-01
  2.3852E+00  1.3323E-01
  2.3876E+00  1.7923E-01
  2.3900E+00  1.9172E-01
  2.3924E+00  1.9428E-01
  2.3949E+00  2.0987E-01
  2.3973E+00  2.5759E-01
  2.3997E+00  2.8402E-01
  2.4021E+00  3.2332E-01
  2.4045E+00  4.0672E-01
  2.4069E+00  4.4777E-01
  2.4094E+00  4.6176E-01
  2.4118E+00  4.8838E-01
  2.4142E+00  4.9535E-01
  2.4166E+00  4.7550E-01
  2.4190E+00  4.3564E-01
  2.4214E+00  5.0924E-01
  2.4239E+00  5.1944E-01
  2.4263E+00  5.2202E-01
  2.4287E+00  5.2365E-01
  2.4311E+00  4.8937E-01
  2.4335E+00  4.5002E-01
  2.4359E+00  3.9045E-01
  2.4384E+00  3.7251E-01
  2.4408E+00  3.7381E-01
  2.4432E+00  3.7973E-01
  2.4456E+00  3.9402E-01
  2.4480E+00  4.1655E-01
  2.4504E+00  4.2449E-01
  2.4529E+00  3.9962E-01
  2.4553E+00  4.3733E-01
  2.4577E+00  4.7717E-01
  2.4601E+00  4.7004E-01
  2.4625E+00  4.5568E-01
  2.4649E+00  4.3178E-01
  2.4674E+00  4.1678E-01
  2.4698E+00  3.6183E-01
  2.4722E+00  3.2599E-01
  2.4746E+00  3.1436E-01
  2.4770E+00  3.0398E-01
  2.4794E+00  3.0705E-01
  2.4819E+00  2.8823E-01
  2.4843E+00  2.3817E-01
  2.4867E+00  2.2909E-01
  2.4891E+00  2.0906E-01
  2.4915E+00  2.1257E-01
  2.4939E+00  2.0814E-01
  2.4964E+00  2.1485E-01
  2.4988E+00  2.1498E-01
  2.5012E+00  2.2140E-01
  2.5036E+00  2.2947E-01
  2.5060E+00  2.2230E-01
  2.5084E+00  2.1350E-01
  2.5109E+00  2.2873E-01
  2.5133E+00  2.1991E-01
