  4.4006E+00  1.1645E-01
  4.4031E+00  1.1282E-01
  4.4055E+00  1.1094E-01
  4.4079E+00  1.0793E-01
  4.4103E+00  1.0523E-01
  4.4127E+00  1.0099E-01
  4.4151E+00  9.6665E-02
  4.4176E+00  9.0319E-02
  4.4200E+00  7.9203E-02
  4.4224E+00  6.9641E-02
  4.4248E+00  5.6503E-02
  4.4272E+00  4.7704E-02
  4.4296E+00  4.4138E-02
  4.4321E+00  3.8080E-02
  4.4345E+00  3.2587E-02
  4.4369E+00  3.3242E-02
  4.4393E+00  3.3624E-02
  4.4417E+00  3.3870E-02
  4.4441E+00  3.4011E-02
  4.4466E+00  3.1403E-02
  4.4490E+00  3.1367E-02
  4.4514E+00  3.1239E-02
  4.4538E+00  3.1005E-02
  4.4562E+00  3.0636E-02
  4.4586E+00  3.0052E-02
  4.4611E+00  2.8477E-02
  4.4635E+00  3.1634E-02
  4.4659E+00  3.6869E-02
  4.4683E+00  3.8916E-02
  4.4707E+00  3.9739E-02
  4.4731E+00  3.9674E-02
  4.4756E+00  3.8779E-02
  4.4780E+00  3.6914E-02
  4.4804E+00  3.3401E-02
  4.4828E+00  2.7155E-02
  4.4852E+00  2.6475E-02
  4.4876E+00  2.5985E-02
  4.4901E+00  2.6007E-02
  4.4925E+00  2.6018E-02
  4.4949E+00  2.6018E-02
  4.4973E+00  2.6008E-02
  4.4997E+00  2.5988E-02
  4.5021E+00  2.5958E-02
  4.5046E+00  2.5918E-02
  4.5070E+00  3.5381E-02
  4.5094E+00  4.4753E-02
  4.5118E+00  5.0056E-02
  4.5142E+00  5.3763E-02
  4.5166E+00  5.6491E-02
  4.5191E+00  2.6221E-02
  4.5215E+00  2.6544E-02
  4.5239E+00  2.6731E-02
  4.5263E+00  2.6850E-02
  4.5287E+00  3.9902E-02
  4.5311E+00  4.7780E-02
  4.5336E+00  5.2691E-02
  4.5360E+00  5.6192E-02
  4.5384E+00  5.8778E-02
  4.5408E+00  6.0686E-02
  4.5432E+00  6.9569E-02
  4.5456E+00  7.6539E-02
  4.5481E+00  4.3355E-02
  4.5505E+00  4.5169E-02
  4.5529E+00  4.6116E-02
  4.5553E+00  4.6375E-02
  4.5577E+00  4.6024E-02
  4.5601E+00  4.5086E-02
  4.5626E+00  4.3528E-02
  4.5650E+00  4.1243E-02
  4.5674E+00  3.7948E-02
  4.5698E+00  3.2677E-02
  4.5722E+00  2.4556E-02
  4.5746E+00  2.4590E-02
  4.5771E+00  3.1678E-02
  4.5795E+00  4.2862E-02
  4.5819E+00  4.8383E-02
  4.5843E+00  5.1908E-02
  4.5867E+00  5.4014E-02
  4.5891E+00  5.5852E-02
  4.5916E+00  5.8444E-02
  4.5940E+00  6.4883E-02
  4.5964E+00  8.3611E-02
  4.5988E+00  9.2438E-02
  4.6012E+00  9.8148E-02
  4.6036E+00  1.0193E-01
  4.6061E+00  1.0613E-01
  4.6085E+00  1.1469E-01
  4.6109E+00  1.1894E-01
  4.6133E+00  1.2116E-01
  4.6157E+00  1.2183E-01
  4.6181E+00  1.2116E-01
  4.6206E+00  1.1918E-01
  4.6230E+00  1.1581E-01
  4.6254E+00  1.1079E-01
  4.6278E+00  1.0320E-01
  4.6302E+00  8.8486E-02
  4.6326E+00  8.5519E-02
  4.6351E+00  8.1547E-02
  4.6375E+00  7.6135E-02
  4.6399E+00  7.6676E-02
  4.6423E+00  7.8883E-02
  4.6447E+00  8.4379E-02
  4.6471E+00  9.2495E-02
  4.6496E+00  1.1230E-01
  4.6520E+00  1.2376E-01
  4.6544E+00  1.2855E-01
  4.6568E+00  1.2723E-01
  4.6592E+00  1.3108E-01
  4.6616E+00  1.3294E-01
  4.6641E+00  1.3187E-01
  4.6665E+00  1.3195E-01
  4.6689E+00  1.3349E-01
  4.6713E+00  1.3366E-01
  4.6737E+00  1.3284E-01
  4.6761E+00  1.3110E-01
  4.6786E+00  1.2845E-01
  4.6810E+00  1.2484E-01
  4.6834E+00  1.2133E-01
  4.6858E+00  1.1615E-01
  4.6882E+00  1.0924E-01
  4.6906E+00  9.9858E-02
  4.6931E+00  8.4113E-02
  4.6955E+00  7.5289E-02
  4.6979E+00  5.7882E-02
  4.7003E+00  4.9112E-02
  4.7027E+00  4.8881E-02
  4.7051E+00  4.8562E-02
  4.7076E+00  4.8156E-02
  4.7100E+00  4.9093E-02
  4.7124E+00  6.1973E-02
  4.7148E+00  9.2747E-02
  4.7172E+00  1.1398E-01
  4.7196E+00  1.2645E-01
  4.7221E+00  1.3489E-01
  4.7245E+00  1.4058E-01
  4.7269E+00  1.4402E-01
  4.7293E+00  1.1316E-01
  4.7317E+00  1.0978E-01
  4.7341E+00  7.2199E-02
  4.7366E+00  7.8021E-02
  4.7390E+00  8.0553E-02
  4.7414E+00  9.3780E-02
  4.7438E+00  9.9404E-02
  4.7462E+00  1.0288E-01
  4.7486E+00  1.0500E-01
  4.7511E+00  1.0609E-01
  4.7535E+00  1.0628E-01
  4.7559E+00  1.0563E-01
  4.7583E+00  1.0412E-01
  4.7607E+00  1.0165E-01
  4.7631E+00  9.7883E-02
  4.7656E+00  9.1649E-02
  4.7680E+00  8.2557E-02
  4.7704E+00  8.0865E-02
  4.7728E+00  8.5380E-02
  4.7752E+00  9.5101E-02
  4.7776E+00  1.0385E-01
  4.7801E+00  1.0777E-01
  4.7825E+00  1.0937E-01
  4.7849E+00  1.0922E-01
  4.7873E+00  1.0746E-01
  4.7897E+00  1.0389E-01
  4.7921E+00  9.6954E-02
  4.7946E+00  8.7458E-02
  4.7970E+00  7.8176E-02
  4.7994E+00  7.5620E-02
  4.8018E+00  7.9895E-02
  4.8042E+00  8.8441E-02
  4.8066E+00  9.1339E-02
  4.8091E+00  9.5921E-02
  4.8115E+00  1.0112E-01
  4.8139E+00  1.0194E-01
  4.8163E+00  1.0126E-01
  4.8187E+00  9.8515E-02
  4.8211E+00  9.1719E-02
  4.8236E+00  9.2089E-02
  4.8260E+00  9.6058E-02
  4.8284E+00  8.9964E-02
  4.8308E+00  9.2236E-02
  4.8332E+00  9.7323E-02
  4.8356E+00  9.8376E-02
  4.8381E+00  9.7577E-02
  4.8405E+00  1.0014E-01
  4.8429E+00  9.9888E-02
  4.8453E+00  9.1293E-02
  4.8477E+00  9.3153E-02
  4.8501E+00  9.7383E-02
  4.8526E+00  9.8218E-02
  4.8550E+00  9.7445E-02
  4.8574E+00  9.5095E-02
  4.8598E+00  9.0587E-02
  4.8622E+00  7.7687E-02
  4.8646E+00  8.2218E-02
  4.8671E+00  8.3590E-02
  4.8695E+00  9.0889E-02
  4.8719E+00  1.0226E-01
  4.8743E+00  1.1061E-01
  4.8767E+00  1.1425E-01
  4.8791E+00  1.1519E-01
  4.8816E+00  1.1349E-01
  4.8840E+00  1.0775E-01
  4.8864E+00  1.0667E-01
  4.8888E+00  1.0421E-01
  4.8912E+00  1.0006E-01
  4.8936E+00  9.2882E-02
  4.8961E+00  8.3518E-02
  4.8985E+00  8.1069E-02
  4.9009E+00  7.7949E-02
  4.9033E+00  7.3933E-02
  4.9057E+00  7.4888E-02
  4.9081E+00  6.7875E-02
  4.9106E+00  6.8705E-02
  4.9130E+00  6.8400E-02
  4.9154E+00  6.7198E-02
  4.9178E+00  6.5371E-02
  4.9202E+00  7.2003E-02
  4.9226E+00  7.3427E-02
  4.9251E+00  7.1119E-02
  4.9275E+00  7.8730E-02
  4.9299E+00  8.3651E-02
  4.9323E+00  8.4402E-02
  4.9347E+00  9.8034E-02
  4.9371E+00  1.0633E-01
  4.9396E+00  1.1097E-01
  4.9420E+00  1.1298E-01
  4.9444E+00  1.1413E-01
  4.9468E+00  1.2336E-01
  4.9492E+00  1.2836E-01
  4.9516E+00  1.2831E-01
  4.9540E+00  1.3698E-01
  4.9565E+00  1.3830E-01
  4.9589E+00  1.3779E-01
  4.9613E+00  1.3448E-01
  4.9637E+00  1.2599E-01
  4.9661E+00  1.1540E-01
  4.9685E+00  1.1172E-01
  4.9710E+00  1.0618E-01
  4.9734E+00  9.8142E-02
  4.9758E+00  8.5321E-02
  4.9782E+00  6.4400E-02
  4.9806E+00  6.3374E-02
  4.9830E+00  6.1854E-02
  4.9855E+00  6.8933E-02
  4.9879E+00  7.5723E-02
  4.9903E+00  7.8007E-02
  4.9927E+00  8.7186E-02
  4.9951E+00  9.3870E-02
  4.9975E+00  9.4480E-02
  5.0000E+00  8.7411E-02
  5.0024E+00  8.9363E-02
  5.0048E+00  9.0019E-02
  5.0072E+00  8.9510E-02
  5.0096E+00  8.7865E-02
  5.0120E+00  8.4993E-02
  5.0145E+00  8.0540E-02
  5.0169E+00  7.1827E-02
  5.0193E+00  6.7399E-02
  5.0217E+00  6.6535E-02
  5.0241E+00  7.0828E-02
  5.0265E+00  6.8911E-02
  5.0290E+00  6.3223E-02
  5.0314E+00  5.2015E-02
  5.0338E+00  6.1630E-02
  5.0362E+00  6.8273E-02
  5.0386E+00  6.9461E-02
  5.0410E+00  6.6081E-02
  5.0435E+00  5.9799E-02
  5.0459E+00  6.0754E-02
  5.0483E+00  6.1466E-02
  5.0507E+00  6.1120E-02
  5.0531E+00  6.7707E-02
  5.0555E+00  6.8530E-02
  5.0580E+00  6.6848E-02
  5.0604E+00  6.2442E-02
  5.0628E+00  5.3913E-02
  5.0652E+00  2.3391E-02
  5.0676E+00  2.3365E-02
  5.0700E+00  2.6311E-02
  5.0725E+00  3.2437E-02
  5.0749E+00  3.4889E-02
  5.0773E+00  3.5581E-02
  5.0797E+00  3.5103E-02
  5.0821E+00  4.2567E-02
  5.0845E+00  5.0186E-02
  5.0870E+00  5.3539E-02
  5.0894E+00  5.9478E-02
  5.0918E+00  6.5384E-02
  5.0942E+00  6.9703E-02
  5.0966E+00  7.2929E-02
  5.0990E+00  7.5300E-02
  5.1015E+00  7.6952E-02
  5.1039E+00  7.7974E-02
  5.1063E+00  7.8426E-02
  5.1087E+00  7.8345E-02
  5.1111E+00  7.7753E-02
  5.1135E+00  7.6659E-02
  5.1160E+00  7.5058E-02
  5.1184E+00  7.2924E-02
  5.1208E+00  7.0211E-02
  5.1232E+00  6.6828E-02
  5.1256E+00  6.5160E-02
  5.1280E+00  6.1147E-02
  5.1305E+00  5.4167E-02
  5.1329E+00  4.4547E-02
  5.1353E+00  4.4936E-02
  5.1377E+00  4.3531E-02
  5.1401E+00  4.2950E-02
  5.1425E+00  4.1896E-02
  5.1450E+00  3.9647E-02
  5.1474E+00  3.7235E-02
  5.1498E+00  3.7156E-02
  5.1522E+00  3.6712E-02
  5.1546E+00  3.5872E-02
  5.1570E+00  3.4541E-02
  5.1595E+00  3.2439E-02
  5.1619E+00  2.6626E-02
  5.1643E+00  2.6568E-02
  5.1667E+00  2.6276E-02
  5.1691E+00  2.5555E-02
  5.1715E+00  2.4232E-02
  5.1740E+00  2.4439E-02
  5.1764E+00  2.4608E-02
  5.1788E+00  2.4739E-02
  5.1812E+00  2.4835E-02
  5.1836E+00  2.6235E-02
  5.1860E+00  4.3179E-02
  5.1885E+00  5.3829E-02
  5.1909E+00  6.0389E-02
  5.1933E+00  6.5029E-02
  5.1957E+00  6.8446E-02
  5.1981E+00  7.3909E-02
  5.2005E+00  7.9442E-02
  5.2030E+00  8.2683E-02
  5.2054E+00  8.4804E-02
  5.2078E+00  8.6083E-02
  5.2102E+00  8.6648E-02
  5.2126E+00  8.6566E-02
  5.2150E+00  8.5865E-02
  5.2175E+00  8.4546E-02
  5.2199E+00  8.2574E-02
  5.2223E+00  7.9868E-02
  5.2247E+00  7.8739E-02
  5.2271E+00  7.5969E-02
  5.2295E+00  6.9690E-02
  5.2320E+00  5.9230E-02
  5.2344E+00  5.9399E-02
  5.2368E+00  5.9271E-02
  5.2392E+00  5.8875E-02
  5.2416E+00  5.8221E-02
  5.2440E+00  5.7309E-02
  5.2465E+00  5.6128E-02
  5.2489E+00  5.5619E-02
  5.2513E+00  6.3942E-02
  5.2537E+00  6.6384E-02
  5.2561E+00  6.6386E-02
  5.2585E+00  6.3411E-02
  5.2610E+00  6.0792E-02
  5.2634E+00  6.0574E-02
  5.2658E+00  5.9617E-02
  5.2682E+00  5.7327E-02
  5.2706E+00  5.7959E-02
  5.2730E+00  6.1594E-02
  5.2755E+00  6.2218E-02
  5.2779E+00  6.1545E-02
  5.2803E+00  5.9712E-02
  5.2827E+00  5.6420E-02
  5.2851E+00  4.9386E-02
  5.2875E+00  4.5409E-02
  5.2900E+00  4.4199E-02
  5.2924E+00  4.1747E-02
  5.2948E+00  3.9974E-02
  5.2972E+00  3.8973E-02
  5.2996E+00  3.8528E-02
  5.3020E+00  3.7824E-02
  5.3045E+00  3.6668E-02
  5.3069E+00  3.4494E-02
  5.3093E+00  3.4454E-02
  5.3117E+00  3.4342E-02
  5.3141E+00  3.4161E-02
  5.3165E+00  3.3912E-02
  5.3190E+00  4.5144E-02
  5.3214E+00  4.9025E-02
  5.3238E+00  5.1467E-02
  5.3262E+00  6.3233E-02
  5.3286E+00  7.3227E-02
  5.3310E+00  7.9717E-02
  5.3335E+00  8.3873E-02
  5.3359E+00  8.6598E-02
  5.3383E+00  8.8233E-02
  5.3407E+00  8.8956E-02
  5.3431E+00  8.8868E-02
  5.3455E+00  8.8017E-02
  5.3480E+00  8.6416E-02
  5.3504E+00  8.4029E-02
  5.3528E+00  8.0737E-02
  5.3552E+00  7.6159E-02
  5.3576E+00  6.9096E-02
  5.3600E+00  6.5445E-02
  5.3625E+00  6.0766E-02
  5.3649E+00  5.5031E-02
  5.3673E+00  5.5270E-02
  5.3697E+00  4.8190E-02
  5.3721E+00  4.5299E-02
  5.3745E+00  4.0586E-02
  5.3770E+00  3.5862E-02
  5.3794E+00  3.7547E-02
  5.3818E+00  4.3674E-02
  5.3842E+00  5.2045E-02
  5.3866E+00  5.8456E-02
  5.3890E+00  6.1986E-02
  5.3915E+00  6.3304E-02
  5.3939E+00  6.2092E-02
  5.3963E+00  6.3144E-02
  5.3987E+00  6.3398E-02
  5.4011E+00  6.2891E-02
  5.4035E+00  7.1259E-02
  5.4060E+00  7.5370E-02
  5.4084E+00  7.5128E-02
  5.4108E+00  7.0995E-02
  5.4132E+00  6.2814E-02
  5.4156E+00  6.1690E-02
  5.4180E+00  5.8626E-02
  5.4205E+00  6.3215E-02
  5.4229E+00  6.7670E-02
  5.4253E+00  7.0034E-02
  5.4277E+00  7.1062E-02
  5.4301E+00  7.0899E-02
  5.4325E+00  6.9255E-02
  5.4350E+00  6.3301E-02
  5.4374E+00  7.3134E-02
  5.4398E+00  7.9245E-02
  5.4422E+00  8.3245E-02
  5.4446E+00  8.5923E-02
  5.4470E+00  8.7664E-02
  5.4495E+00  8.8656E-02
  5.4519E+00  8.9003E-02
  5.4543E+00  8.8773E-02
  5.4567E+00  8.8003E-02
  5.4591E+00  8.6717E-02
  5.4615E+00  9.5642E-02
  5.4640E+00  9.7457E-02
  5.4664E+00  9.7385E-02
  5.4688E+00  9.5969E-02
  5.4712E+00  9.3348E-02
  5.4736E+00  8.9468E-02
  5.4760E+00  8.4005E-02
  5.4785E+00  7.5438E-02
  5.4809E+00  6.6751E-02
  5.4833E+00  6.1471E-02
  5.4857E+00  5.4155E-02
  5.4881E+00  4.7391E-02
  5.4905E+00  3.6616E-02
  5.4930E+00  3.5637E-02
  5.4954E+00  4.0017E-02
  5.4978E+00  5.5061E-02
  5.5002E+00  6.1821E-02
  5.5026E+00  6.5643E-02
  5.5050E+00  6.7579E-02
  5.5075E+00  6.7924E-02
  5.5099E+00  7.7733E-02
  5.5123E+00  8.0914E-02
  5.5147E+00  7.9519E-02
  5.5171E+00  8.3252E-02
  5.5195E+00  8.5727E-02
  5.5220E+00  8.7163E-02
  5.5244E+00  8.7659E-02
  5.5268E+00  8.7129E-02
  5.5292E+00  8.5805E-02
  5.5316E+00  8.4771E-02
  5.5340E+00  8.3104E-02
  5.5365E+00  8.0801E-02
  5.5389E+00  8.5980E-02
  5.5413E+00  9.9489E-02
  5.5437E+00  1.0526E-01
  5.5461E+00  1.0604E-01
  5.5485E+00  1.0357E-01
  5.5510E+00  9.7880E-02
  5.5534E+00  8.3818E-02
  5.5558E+00  7.5691E-02
  5.5582E+00  7.2861E-02
  5.5606E+00  6.8140E-02
  5.5630E+00  5.8700E-02
  5.5655E+00  5.2969E-02
  5.5679E+00  5.0530E-02
  5.5703E+00  4.7045E-02
  5.5727E+00  4.1904E-02
  5.5751E+00  3.0200E-02
  5.5775E+00  2.6783E-02
  5.5800E+00  2.6111E-02
  5.5824E+00  2.2577E-02
  5.5848E+00  2.1597E-02
  5.5872E+00  2.0455E-02
  5.5896E+00  1.9127E-02
  5.5920E+00  2.6073E-02
  5.5945E+00  2.9361E-02
  5.5969E+00  3.0332E-02
  5.5993E+00  2.9786E-02
  5.6017E+00  2.7351E-02
  5.6041E+00  2.1895E-02
  5.6065E+00  2.2753E-02
  5.6090E+00  2.3310E-02
  5.6114E+00  2.3604E-02
  5.6138E+00  2.3658E-02
  5.6162E+00  2.3486E-02
  5.6186E+00  2.3098E-02
  5.6210E+00  2.2495E-02
  5.6235E+00  2.1672E-02
  5.6259E+00  2.0614E-02
  5.6283E+00  1.9298E-02
  5.6307E+00  1.7677E-02
  5.6331E+00  1.5673E-02
  5.6355E+00  1.3128E-02
  5.6380E+00  9.6430E-03
  5.6404E+00  2.8237E-03
  5.6428E+00  0.0000E+00
  5.6452E+00  0.0000E+00
  5.6476E+00  0.0000E+00
  5.6500E+00  0.0000E+00
  5.6525E+00  3.3695E-02
  5.6549E+00  3.8675E-02
  5.6573E+00  4.3528E-02
  5.6597E+00  4.6683E-02
  5.6621E+00  4.9586E-02
  5.6645E+00  5.1178E-02
  5.6669E+00  5.5936E-02
  5.6694E+00  7.3294E-02
  5.6718E+00  8.0802E-02
  5.6742E+00  8.5319E-02
  5.6766E+00  8.7971E-02
  5.6790E+00  8.9174E-02
  5.6814E+00  8.9108E-02
  5.6839E+00  8.7820E-02
  5.6863E+00  8.5226E-02
  5.6887E+00  8.1003E-02
  5.6911E+00  7.3932E-02
  5.6935E+00  6.1366E-02
  5.6959E+00  6.0385E-02
  5.6984E+00  5.8881E-02
  5.7008E+00  5.6779E-02
  5.7032E+00  5.3881E-02
  5.7056E+00  4.9106E-02
  5.7080E+00  4.5546E-02
  5.7104E+00  4.2927E-02
  5.7129E+00  3.9607E-02
  5.7153E+00  3.5178E-02
  5.7177E+00  2.8080E-02
  5.7201E+00  1.9903E-02
  5.7225E+00  1.9827E-02
  5.7249E+00  1.9719E-02
  5.7274E+00  1.9581E-02
  5.7298E+00  1.9411E-02
  5.7322E+00  1.9211E-02
  5.7346E+00  1.8980E-02
  5.7370E+00  1.8718E-02
  5.7394E+00  1.8423E-02
  5.7419E+00  1.8096E-02
  5.7443E+00  1.7735E-02
  5.7467E+00  1.7337E-02
  5.7491E+00  1.9460E-02
  5.7515E+00  2.0190E-02
  5.7539E+00  2.0521E-02
  5.7564E+00  2.0624E-02
  5.7588E+00  2.0554E-02
  5.7612E+00  2.7058E-02
  5.7636E+00  2.9808E-02
  5.7660E+00  3.1411E-02
  5.7684E+00  3.2306E-02
  5.7709E+00  3.2564E-02
  5.7733E+00  3.1885E-02
  5.7757E+00  3.0526E-02
  5.7781E+00  3.1378E-02
  5.7805E+00  3.2070E-02
  5.7829E+00  4.0080E-02
  5.7854E+00  4.3715E-02
  5.7878E+00  4.6255E-02
  5.7902E+00  4.8173E-02
  5.7926E+00  6.2997E-02
  5.7950E+00  6.9853E-02
  5.7974E+00  7.4534E-02
  5.7999E+00  7.7964E-02
  5.8023E+00  8.0502E-02
  5.8047E+00  8.2335E-02
  5.8071E+00  8.3906E-02
  5.8095E+00  8.5590E-02
  5.8119E+00  8.6633E-02
  5.8144E+00  8.6973E-02
  5.8168E+00  8.6806E-02
  5.8192E+00  8.6191E-02
  5.8216E+00  8.5157E-02
  5.8240E+00  8.3716E-02
  5.8264E+00  8.1869E-02
  5.8289E+00  7.9603E-02
  5.8313E+00  7.6892E-02
  5.8337E+00  7.3684E-02
  5.8361E+00  7.0527E-02
  5.8385E+00  6.9726E-02
  5.8409E+00  7.9139E-02
  5.8434E+00  7.6926E-02
  5.8458E+00  7.7084E-02
  5.8482E+00  7.5828E-02
  5.8506E+00  7.2015E-02
  5.8530E+00  6.3830E-02
  5.8554E+00  6.9259E-02
  5.8579E+00  7.3925E-02
  5.8603E+00  7.8803E-02
  5.8627E+00  8.5087E-02
  5.8651E+00  8.6988E-02
  5.8675E+00  8.7917E-02
  5.8699E+00  9.1054E-02
  5.8724E+00  9.2830E-02
  5.8748E+00  9.3384E-02
  5.8772E+00  9.1835E-02
  5.8796E+00  9.1623E-02
  5.8820E+00  9.0641E-02
  5.8844E+00  8.8866E-02
  5.8869E+00  8.6731E-02
  5.8893E+00  8.4543E-02
  5.8917E+00  8.0252E-02
  5.8941E+00  7.7422E-02
  5.8965E+00  7.3426E-02
  5.8989E+00  6.6310E-02
  5.9014E+00  5.4618E-02
  5.9038E+00  5.3345E-02
  5.9062E+00  5.1706E-02
  5.9086E+00  4.9658E-02
  5.9110E+00  4.7123E-02
  5.9134E+00  4.6934E-02
  5.9159E+00  4.5403E-02
  5.9183E+00  4.0772E-02
  5.9207E+00  3.5519E-02
  5.9231E+00  3.7415E-02
  5.9255E+00  4.2668E-02
  5.9279E+00  4.5600E-02
  5.9304E+00  4.6439E-02
  5.9328E+00  5.0673E-02
  5.9352E+00  5.3506E-02
  5.9376E+00  5.5633E-02
  5.9400E+00  5.7290E-02
  5.9424E+00  5.8578E-02
  5.9449E+00  5.9553E-02
  5.9473E+00  6.3197E-02
  5.9497E+00  6.5488E-02
  5.9521E+00  6.6931E-02
  5.9545E+00  6.7871E-02
  5.9569E+00  6.8420E-02
  5.9594E+00  6.8627E-02
  5.9618E+00  6.8516E-02
  5.9642E+00  6.8090E-02
  5.9666E+00  7.1052E-02
  5.9690E+00  7.1649E-02
  5.9714E+00  7.1239E-02
  5.9739E+00  6.9881E-02
  5.9763E+00  6.6713E-02
  5.9787E+00  6.2823E-02
  5.9811E+00  6.3112E-02
  5.9835E+00  6.3202E-02
  5.9859E+00  6.3107E-02
  5.9884E+00  6.2836E-02
  5.9908E+00  6.2394E-02
  5.9932E+00  6.2072E-02
  5.9956E+00  6.1942E-02
  5.9980E+00  6.1333E-02
  6.0004E+00  6.0454E-02
  6.0029E+00  5.9326E-02
  6.0053E+00  5.7935E-02
  6.0077E+00  5.6238E-02
  6.0101E+00  5.4145E-02
  6.0125E+00  5.1420E-02
  6.0149E+00  4.6687E-02
  6.0174E+00  4.4124E-02
  6.0198E+00  4.3217E-02
  6.0222E+00  4.2149E-02
  6.0246E+00  4.0875E-02
  6.0270E+00  3.9302E-02
  6.0294E+00  3.7701E-02
  6.0319E+00  3.4860E-02
  6.0343E+00  3.4454E-02
  6.0367E+00  3.3930E-02
  6.0391E+00  3.3287E-02
  6.0415E+00  3.2500E-02
  6.0439E+00  3.1501E-02
  6.0464E+00  2.9916E-02
  6.0488E+00  2.8802E-02
  6.0512E+00  2.8348E-02
  6.0536E+00  2.7828E-02
  6.0560E+00  3.1403E-02
  6.0584E+00  3.6764E-02
  6.0609E+00  6.8502E-02
  6.0633E+00  7.2613E-02
  6.0657E+00  7.4457E-02
  6.0681E+00  7.4147E-02
  6.0705E+00  7.5457E-02
  6.0729E+00  7.6110E-02
  6.0754E+00  7.6182E-02
  6.0778E+00  7.5718E-02
  6.0802E+00  7.4742E-02
  6.0826E+00  7.3687E-02
  6.0850E+00  7.2628E-02
  6.0874E+00  7.0557E-02
  6.0899E+00  6.7709E-02
  6.0923E+00  6.3981E-02
  6.0947E+00  5.9045E-02
  6.0971E+00  5.1757E-02
  6.0995E+00  4.2308E-02
  6.1019E+00  3.3187E-02
  6.1044E+00  3.3108E-02
  6.1068E+00  6.9512E-02
  6.1092E+00  6.9341E-02
  6.1116E+00  7.0500E-02
  6.1140E+00  7.0910E-02
  6.1164E+00  7.0771E-02
  6.1189E+00  7.0269E-02
  6.1213E+00  6.9457E-02
  6.1237E+00  6.8344E-02
  6.1261E+00  6.6913E-02
  6.1285E+00  6.5093E-02
  6.1309E+00  6.2216E-02
  6.1334E+00  6.0224E-02
  6.1358E+00  5.7835E-02
  6.1382E+00  5.5980E-02
  6.1406E+00  5.3833E-02
  6.1430E+00  5.1332E-02
  6.1454E+00  4.8366E-02
  6.1479E+00  4.4702E-02
  6.1503E+00  3.9680E-02
  6.1527E+00  2.9720E-02
  6.1551E+00  2.9356E-02
  6.1575E+00  2.8915E-02
  6.1599E+00  2.8326E-02
  6.1624E+00  2.7711E-02
  6.1648E+00  2.7334E-02
  6.1672E+00  2.6910E-02
  6.1696E+00  2.6434E-02
  6.1720E+00  2.5899E-02
  6.1744E+00  2.5293E-02
  6.1769E+00  2.4599E-02
  6.1793E+00  2.3785E-02
  6.1817E+00  2.2782E-02
  6.1841E+00  2.4104E-02
  6.1865E+00  2.3287E-02
  6.1889E+00  2.4197E-02
  6.1914E+00  2.4883E-02
  6.1938E+00  2.5423E-02
  6.1962E+00  2.8388E-02
  6.1986E+00  3.1650E-02
  6.2010E+00  3.3654E-02
  6.2034E+00  3.5173E-02
  6.2059E+00  3.6392E-02
  6.2083E+00  3.7395E-02
  6.2107E+00  3.8228E-02
  6.2131E+00  3.8921E-02
  6.2155E+00  3.9494E-02
  6.2179E+00  3.9963E-02
  6.2204E+00  4.0338E-02
  6.2228E+00  4.0627E-02
  6.2252E+00  4.0838E-02
  6.2276E+00  4.2413E-02
  6.2300E+00  4.4279E-02
  6.2324E+00  4.5331E-02
  6.2349E+00  4.6060E-02
  6.2373E+00  4.6579E-02
  6.2397E+00  4.6935E-02
  6.2421E+00  4.7732E-02
  6.2445E+00  4.8584E-02
  6.2469E+00  4.9017E-02
  6.2494E+00  5.4710E-02
  6.2518E+00  5.8652E-02
  6.2542E+00  6.1061E-02
  6.2566E+00  6.2722E-02
  6.2590E+00  6.3848E-02
  6.2614E+00  6.4494E-02
  6.2639E+00  6.4512E-02
  6.2663E+00  6.7602E-02
  6.2687E+00  7.0676E-02
  6.2711E+00  7.2731E-02
  6.2735E+00  7.4400E-02
  6.2759E+00  7.6507E-02
  6.2784E+00  7.8016E-02
  6.2808E+00  7.9041E-02
  1.8652E-14  7.9740E-02
  2.4166E-03  8.0170E-02
  4.8332E-03  8.0357E-02
  7.2498E-03  8.0312E-02
  9.6664E-03  8.0019E-02
  1.2083E-02  7.9369E-02
  1.4500E-02  7.8566E-02
  1.6916E-02  7.8163E-02
  1.9333E-02  7.7619E-02
  2.1749E-02  7.6939E-02
  2.4166E-02  7.6125E-02
  2.6583E-02  7.5177E-02
  2.8999E-02  7.4094E-02
  3.1416E-02  7.2872E-02
  3.3833E-02  7.1506E-02
  3.6249E-02  6.9987E-02
  3.8666E-02  6.8298E-02
  4.1082E-02  6.6418E-02
  4.3499E-02  6.4308E-02
  4.5916E-02  6.1182E-02
  4.8332E-02  5.8495E-02
  5.0749E-02  5.4696E-02
  5.3165E-02  5.1462E-02
  5.5582E-02  4.9875E-02
  5.7999E-02  4.8145E-02
  6.0415E-02  4.6236E-02
  6.2832E-02  4.4082E-02
  6.5248E-02  4.1522E-02
  6.7665E-02  3.7115E-02
  7.0082E-02  3.5987E-02
  7.2498E-02  3.4532E-02
  7.4915E-02  3.2582E-02
  7.7332E-02  2.9889E-02
  7.9748E-02  2.8638E-02
  8.2165E-02  2.7143E-02
  8.4581E-02  2.5126E-02
  8.6998E-02  2.2977E-02
  8.9415E-02  2.1851E-02
  9.1831E-02  2.0488E-02
  9.4248E-02  1.8694E-02
  9.6664E-02  1.5342E-02
  9.9081E-02  1.3891E-02
  1.0150E-01  1.3949E-02
  1.0391E-01  1.4001E-02
  1.0633E-01  1.4046E-02
  1.0875E-01  1.4084E-02
  1.1116E-01  1.4116E-02
  1.1358E-01  1.4142E-02
  1.1600E-01  1.4163E-02
  1.1841E-01  1.4178E-02
  1.2083E-01  1.4188E-02
  1.2325E-01  1.4193E-02
  1.2566E-01  1.4193E-02
  1.2808E-01  1.4188E-02
  1.3050E-01  1.4677E-02
  1.3291E-01  1.5002E-02
  1.3533E-01  1.5213E-02
  1.3775E-01  1.5372E-02
  1.4016E-01  1.5497E-02
  1.4258E-01  1.5598E-02
  1.4500E-01  1.5679E-02
  1.4741E-01  1.6280E-02
  1.4983E-01  1.7412E-02
  1.5225E-01  1.8030E-02
  1.5466E-01  1.8490E-02
  1.5708E-01  1.8858E-02
  1.5950E-01  1.9163E-02
  1.6191E-01  1.9418E-02
  1.6433E-01  4.8793E-02
  1.6675E-01  4.9718E-02
  1.6916E-01  5.0515E-02
  1.7158E-01  5.1196E-02
  1.7400E-01  5.1775E-02
  1.7641E-01  5.2259E-02
  1.7883E-01  5.2659E-02
  1.8125E-01  5.2981E-02
  1.8366E-01  5.3230E-02
  1.8608E-01  5.3412E-02
  1.8850E-01  5.3531E-02
  1.9091E-01  5.3592E-02
  1.9333E-01  5.3597E-02
  1.9575E-01  5.6378E-02
  1.9816E-01  5.7553E-02
  2.0058E-01  5.8327E-02
  2.0300E-01  5.8873E-02
  2.0541E-01  5.9255E-02
  2.0783E-01  5.9506E-02
  2.1025E-01  5.9641E-02
  2.1266E-01  5.9668E-02
  2.1508E-01  5.9582E-02
  2.1749E-01  5.9350E-02
  2.1991E-01  5.8622E-02
  2.2233E-01  5.8616E-02
  2.2474E-01  6.0423E-02
  2.2716E-01  6.1965E-02
  2.2958E-01  6.2823E-02
  2.3199E-01  6.3385E-02
  2.3441E-01  6.3755E-02
  2.3683E-01  6.3982E-02
  2.3924E-01  6.4093E-02
  2.4166E-01  6.4107E-02
  2.4408E-01  6.4037E-02
  2.4649E-01  6.3890E-02
  2.4891E-01  6.3676E-02
  2.5133E-01  6.3399E-02
  2.5374E-01  6.3064E-02
  2.5616E-01  6.2676E-02
  2.5858E-01  6.2236E-02
  2.6099E-01  5.9222E-02
  2.6341E-01  5.8715E-02
  2.6583E-01  5.8164E-02
  2.6824E-01  5.7571E-02
  2.7066E-01  5.6938E-02
  2.7308E-01  5.6264E-02
  2.7549E-01  5.5552E-02
  2.7791E-01  5.4801E-02
  2.8033E-01  5.4011E-02
  2.8274E-01  5.3183E-02
  2.8516E-01  5.2317E-02
  2.8758E-01  5.1410E-02
  2.8999E-01  5.0464E-02
  2.9241E-01  4.9475E-02
  2.9483E-01  4.8442E-02
  2.9724E-01  4.7363E-02
  2.9966E-01  4.6233E-02
  3.0208E-01  4.5049E-02
  3.0449E-01  4.3803E-02
  3.0691E-01  4.2487E-02
  3.0933E-01  4.1090E-02
  3.1174E-01  3.6909E-02
  3.1416E-01  3.5294E-02
  3.1658E-01  3.3479E-02
  3.1899E-01  3.1246E-02
  3.2141E-01  2.8722E-02
  3.2383E-01  2.7267E-02
  3.2624E-01  2.6815E-02
  3.2866E-01  2.6130E-02
  3.3108E-01  2.5286E-02
  3.3349E-01  2.4285E-02
  3.3591E-01  2.3092E-02
  3.3833E-01  2.1609E-02
  3.4074E-01  1.9490E-02
  3.4316E-01  1.6395E-02
  3.4558E-01  1.6214E-02
  3.4799E-01  1.5886E-02
  3.5041E-01  1.5631E-02
  3.5283E-01  1.5588E-02
  3.5524E-01  1.5526E-02
  3.5766E-01  1.9479E-02
  3.6007E-01  2.3527E-02
  3.6249E-01  2.5913E-02
  3.6491E-01  2.7630E-02
  3.6732E-01  2.8733E-02
  3.6974E-01  3.0062E-02
  3.7216E-01  3.1213E-02
  3.7457E-01  3.2223E-02
  3.7699E-01  3.3116E-02
  3.7941E-01  3.3913E-02
  3.8182E-01  3.4625E-02
  3.8424E-01  3.5265E-02
  3.8666E-01  3.5840E-02
  3.8907E-01  3.6357E-02
  3.9149E-01  3.6822E-02
  3.9391E-01  3.7241E-02
  3.9632E-01  3.7616E-02
  3.9874E-01  3.7952E-02
  4.0116E-01  3.8252E-02
  4.0357E-01  3.8519E-02
  4.0599E-01  3.8754E-02
  4.0841E-01  3.8961E-02
  4.1082E-01  3.9450E-02
  4.1324E-01  3.9785E-02
  4.1566E-01  4.0043E-02
  4.1807E-01  4.0255E-02
  4.2049E-01  4.0430E-02
  4.2291E-01  4.0575E-02
  4.2532E-01  3.9733E-02
  4.2774E-01  3.9762E-02
  4.3016E-01  3.9775E-02
  4.3257E-01  3.9771E-02
  4.3499E-01  3.9752E-02
  4.3741E-01  3.9717E-02
  4.3982E-01  3.9669E-02
  4.4224E-01  3.9606E-02
  4.4466E-01  3.9530E-02
  4.4707E-01  3.9441E-02
  4.4949E-01  3.9340E-02
  4.5191E-01  3.9227E-02
  4.5432E-01  3.9101E-02
  4.5674E-01  3.8964E-02
  4.5916E-01  3.8816E-02
  4.6157E-01  3.8656E-02
  4.6399E-01  3.8484E-02
  4.6641E-01  3.8302E-02
  4.6882E-01  3.8108E-02
  4.7124E-01  3.7902E-02
  4.7366E-01  3.7684E-02
  4.7607E-01  3.7453E-02
  4.7849E-01  3.7209E-02
  4.8091E-01  3.6951E-02
  4.8332E-01  3.6678E-02
  4.8574E-01  3.6387E-02
  4.8816E-01  3.6076E-02
  4.9057E-01  3.5742E-02
  4.9299E-01  3.5379E-02
  4.9540E-01  3.4976E-02
  4.9782E-01  3.4516E-02
  5.0024E-01  3.3955E-02
  5.0265E-01  3.3100E-02
  5.0507E-01  3.2393E-02
  5.0749E-01  3.2303E-02
  5.0990E-01  3.2209E-02
  5.1232E-01  3.2113E-02
  5.1474E-01  3.2015E-02
  5.1715E-01  3.1913E-02
  5.1957E-01  3.1809E-02
  5.2199E-01  3.1703E-02
  5.2440E-01  3.1594E-02
  5.2682E-01  3.1483E-02
  5.2924E-01  3.1370E-02
  5.3165E-01  3.1255E-02
  5.3407E-01  3.1138E-02
  5.3649E-01  3.1019E-02
  5.3890E-01  3.0899E-02
  5.4132E-01  3.0776E-02
  5.4374E-01  3.0652E-02
  5.4615E-01  3.0527E-02
  5.4857E-01  3.0400E-02
  5.5099E-01  3.0271E-02
  5.5340E-01  3.0142E-02
  5.5582E-01  3.0011E-02
  5.5824E-01  2.9878E-02
  5.6065E-01  2.9745E-02
  5.6307E-01  2.9610E-02
  5.6549E-01  2.9474E-02
  5.6790E-01  2.9338E-02
  5.7032E-01  2.9200E-02
  5.7274E-01  2.9061E-02
  5.7515E-01  2.8922E-02
  5.7757E-01  2.8782E-02
  5.7999E-01  2.8640E-02
  5.8240E-01  2.8498E-02
  5.8482E-01  2.8356E-02
  5.8724E-01  2.8212E-02
  5.8965E-01  2.8068E-02
  5.9207E-01  2.7923E-02
  5.9449E-01  2.7778E-02
  5.9690E-01  2.7632E-02
  5.9932E-01  2.7485E-02
  6.0174E-01  2.7338E-02
  6.0415E-01  2.7191E-02
  6.0657E-01  2.7042E-02
  6.0899E-01  2.6894E-02
  6.1140E-01  2.6745E-02
  6.1382E-01  2.6595E-02
  6.1624E-01  2.6445E-02
  6.1865E-01  2.6295E-02
  6.2107E-01  2.6144E-02
  6.2349E-01  2.5993E-02
  6.2590E-01  2.5842E-02
  6.2832E-01  2.5690E-02
  6.3074E-01  2.5538E-02
  6.3315E-01  2.5385E-02
  6.3557E-01  2.5233E-02
  6.3798E-01  2.5080E-02
  6.4040E-01  2.4926E-02
  6.4282E-01  2.4772E-02
  6.4523E-01  2.4618E-02
  6.4765E-01  2.4464E-02
  6.5007E-01  2.4310E-02
  6.5248E-01  2.4155E-02
  6.5490E-01  2.4000E-02
  6.5732E-01  2.3844E-02
  6.5973E-01  2.3689E-02
  6.6215E-01  2.3533E-02
  6.6457E-01  2.3377E-02
  6.6698E-01  2.3220E-02
  6.6940E-01  2.3063E-02
  6.7182E-01  2.2906E-02
  6.7423E-01  2.2749E-02
  6.7665E-01  2.2591E-02
  6.7907E-01  2.2433E-02
  6.8148E-01  2.2275E-02
  6.8390E-01  2.2116E-02
  6.8632E-01  2.1958E-02
  6.8873E-01  2.1798E-02
  6.9115E-01  2.1639E-02
  6.9357E-01  2.1479E-02
  6.9598E-01  2.1318E-02
  6.9840E-01  2.1158E-02
  7.0082E-01  2.0996E-02
  7.0323E-01  2.0835E-02
  7.0565E-01  2.0673E-02
  7.0807E-01  2.0510E-02
  7.1048E-01  2.0347E-02
  7.1290E-01  2.0183E-02
  7.1532E-01  2.0019E-02
  7.1773E-01  1.9854E-02
  7.2015E-01  1.9689E-02
  7.2257E-01  1.9523E-02
  7.2498E-01  1.9356E-02
  7.2740E-01  1.9188E-02
  7.2982E-01  1.9020E-02
  7.3223E-01  1.8851E-02
  7.3465E-01  1.8681E-02
  7.3707E-01  1.8510E-02
  7.3948E-01  1.8338E-02
  7.4190E-01  1.8165E-02
  7.4432E-01  1.7991E-02
  7.4673E-01  1.7815E-02
  7.4915E-01  1.7639E-02
  7.5157E-01  1.7461E-02
  7.5398E-01  1.7281E-02
  7.5640E-01  1.7100E-02
  7.5882E-01  1.6917E-02
  7.6123E-01  1.6732E-02
  7.6365E-01  1.6545E-02
  7.6607E-01  1.6356E-02
  7.6848E-01  1.6165E-02
  7.7090E-01  1.5971E-02
  7.7332E-01  1.5774E-02
  7.7573E-01  1.5575E-02
  7.7815E-01  1.5372E-02
  7.8056E-01  1.5165E-02
  7.8298E-01  1.4954E-02
  7.8540E-01  1.4738E-02
  7.8781E-01  1.4517E-02
  7.9023E-01  1.4291E-02
  7.9265E-01  1.4057E-02
  7.9506E-01  1.3816E-02
  7.9748E-01  1.3566E-02
  7.9990E-01  1.3305E-02
  8.0231E-01  1.3031E-02
  8.0473E-01  1.2741E-02
  8.0715E-01  1.2430E-02
  8.0956E-01  1.2091E-02
  8.1198E-01  1.1712E-02
  8.1440E-01  1.1267E-02
  8.1681E-01  1.0686E-02
  8.1923E-01  9.5742E-03
  8.2165E-01  9.5302E-03
  8.2406E-01  9.4863E-03
  8.2648E-01  9.4428E-03
  8.2890E-01  9.3994E-03
  8.3131E-01  9.3563E-03
  8.3373E-01  9.3134E-03
  8.3615E-01  9.2707E-03
  8.3856E-01  9.2283E-03
  8.4098E-01  9.1861E-03
  8.4340E-01  9.1442E-03
  8.4581E-01  9.1025E-03
  8.4823E-01  1.2839E-02
  8.5065E-01  1.4173E-02
  8.5306E-01  1.4916E-02
  8.5548E-01  1.5306E-02
  8.5790E-01  1.5425E-02
  8.6031E-01  1.5305E-02
  8.6273E-01  1.4950E-02
  8.6515E-01  1.4332E-02
  8.6756E-01  1.3369E-02
  8.6998E-01  1.1786E-02
  8.7240E-01  8.6598E-03
  8.7481E-01  8.6210E-03
  8.7723E-01  8.5825E-03
  8.7965E-01  8.5443E-03
  8.8206E-01  8.5063E-03
  8.8448E-01  8.4685E-03
  8.8690E-01  8.4310E-03
  8.8931E-01  8.3938E-03
  8.9173E-01  8.3568E-03
  8.9415E-01  8.3200E-03
  8.9656E-01  8.2835E-03
  8.9898E-01  8.2473E-03
  9.0140E-01  8.2114E-03
  9.0381E-01  8.1756E-03
  9.0623E-01  8.1402E-03
  9.0865E-01  8.1050E-03
  9.1106E-01  1.8568E-02
  9.1348E-01  2.5242E-02
  9.1590E-01  3.3294E-02
  9.1831E-01  3.8263E-02
  9.2073E-01  4.2127E-02
  9.2314E-01  4.5294E-02
  9.2556E-01  4.7954E-02
  9.2798E-01  5.0219E-02
  9.3039E-01  5.2162E-02
  9.3281E-01  5.3833E-02
  9.3523E-01  5.5270E-02
  9.3764E-01  5.6503E-02
  9.4006E-01  5.7553E-02
  9.4248E-01  5.8438E-02
  9.4489E-01  5.9174E-02
  9.4731E-01  5.9773E-02
  9.4973E-01  6.0246E-02
  9.5214E-01  6.7831E-02
  9.5456E-01  7.2000E-02
  9.5698E-01  7.4676E-02
  9.5939E-01  7.6575E-02
  9.6181E-01  7.7938E-02
  9.6423E-01  7.8885E-02
  9.6664E-01  7.9486E-02
  9.6906E-01  7.9786E-02
  9.7148E-01  7.9817E-02
  9.7389E-01  7.9600E-02
  9.7631E-01  7.9152E-02
  9.7873E-01  7.8483E-02
  9.8114E-01  7.7599E-02
  9.8356E-01  7.6504E-02
  9.8598E-01  7.5197E-02
  9.8839E-01  7.3673E-02
  9.9081E-01  7.1924E-02
  9.9323E-01  6.9934E-02
  9.9564E-01  6.7681E-02
  9.9806E-01  6.5128E-02
  1.0005E+00  6.4425E-02
  1.0029E+00  6.7629E-02
  1.0053E+00  6.6837E-02
  1.0077E+00  6.3977E-02
  1.0101E+00  5.7552E-02
  1.0126E+00  5.6554E-02
  1.0150E+00  5.4730E-02
  1.0174E+00  5.1346E-02
  1.0198E+00  4.6159E-02
  1.0222E+00  4.6734E-02
  1.0246E+00  4.7183E-02
  1.0271E+00  4.7521E-02
  1.0295E+00  4.7758E-02
  1.0319E+00  4.7904E-02
  1.0343E+00  4.7964E-02
  1.0367E+00  4.7944E-02
  1.0391E+00  4.7850E-02
  1.0416E+00  4.7686E-02
  1.0440E+00  4.7453E-02
  1.0464E+00  4.7156E-02
  1.0488E+00  4.6795E-02
  1.0512E+00  4.6372E-02
  1.0536E+00  4.5889E-02
  1.0561E+00  4.5345E-02
  1.0585E+00  4.4741E-02
  1.0609E+00  4.4076E-02
  1.0633E+00  4.3349E-02
  1.0657E+00  7.3931E-02
  1.0681E+00  7.3340E-02
  1.0706E+00  7.2496E-02
  1.0730E+00  7.1404E-02
  1.0754E+00  7.0065E-02
  1.0778E+00  6.8471E-02
  1.0802E+00  6.6607E-02
  1.0826E+00  6.4444E-02
  1.0851E+00  6.1924E-02
  1.0875E+00  5.8914E-02
  1.0899E+00  5.4866E-02
  1.0923E+00  5.2054E-02
  1.0947E+00  5.1255E-02
  1.0971E+00  4.9523E-02
  1.0996E+00  4.7206E-02
  1.1020E+00  4.4278E-02
  1.1044E+00  4.0544E-02
  1.1068E+00  3.5368E-02
  1.1092E+00  2.5351E-02
  1.1116E+00  2.4364E-02
  1.1141E+00  2.3145E-02
  1.1165E+00  2.4990E-02
  1.1189E+00  2.4356E-02
  1.1213E+00  1.9919E-02
  1.1237E+00  2.1032E-02
  1.1261E+00  2.1986E-02
  1.1286E+00  2.2823E-02
  1.1310E+00  2.3568E-02
  1.1334E+00  2.4236E-02
  1.1358E+00  2.4840E-02
  1.1382E+00  2.5387E-02
  1.1406E+00  2.5884E-02
  1.1431E+00  2.6337E-02
  1.1455E+00  2.6751E-02
  1.1479E+00  2.7127E-02
  1.1503E+00  2.7471E-02
  1.1527E+00  2.7783E-02
  1.1551E+00  2.8066E-02
  1.1576E+00  2.8323E-02
  1.1600E+00  2.8554E-02
  1.1624E+00  2.8762E-02
  1.1648E+00  2.8947E-02
  1.1672E+00  2.9112E-02
  1.1696E+00  2.9256E-02
  1.1721E+00  2.9380E-02
  1.1745E+00  2.9487E-02
  1.1769E+00  2.9575E-02
  1.1793E+00  2.9647E-02
  1.1817E+00  2.9703E-02
  1.1841E+00  6.0472E-02
  1.1866E+00  6.2389E-02
  1.1890E+00  6.3883E-02
  1.1914E+00  6.5024E-02
  1.1938E+00  6.5858E-02
  1.1962E+00  6.6421E-02
  1.1986E+00  6.6737E-02
  1.2011E+00  6.6828E-02
  1.2035E+00  6.6706E-02
  1.2059E+00  6.6384E-02
  1.2083E+00  6.5868E-02
  1.2107E+00  6.5164E-02
  1.2131E+00  6.4273E-02
  1.2156E+00  6.3192E-02
  1.2180E+00  6.1918E-02
  1.2204E+00  6.0441E-02
  1.2228E+00  5.8746E-02
  1.2252E+00  5.6808E-02
  1.2276E+00  5.4594E-02
  1.2301E+00  5.9150E-02
  1.2325E+00  6.0013E-02
  1.2349E+00  5.9016E-02
  1.2373E+00  5.6383E-02
  1.2397E+00  5.0472E-02
  1.2421E+00  5.6448E-02
  1.2446E+00  6.3731E-02
  1.2470E+00  6.7118E-02
  1.2494E+00  7.0682E-02
  1.2518E+00  7.4850E-02
  1.2542E+00  7.9164E-02
  1.2566E+00  8.6055E-02
  1.2591E+00  9.0234E-02
  1.2615E+00  1.0834E-01
  1.2639E+00  1.1971E-01
  1.2663E+00  1.2881E-01
  1.2687E+00  1.3495E-01
  1.2711E+00  1.3940E-01
  1.2736E+00  1.4261E-01
  1.2760E+00  1.4480E-01
  1.2784E+00  1.4611E-01
  1.2808E+00  1.4663E-01
  1.2832E+00  1.4644E-01
  1.2856E+00  1.4556E-01
  1.2881E+00  1.4986E-01
  1.2905E+00  1.5041E-01
  1.2929E+00  1.4948E-01
  1.2953E+00  1.4744E-01
  1.2977E+00  1.4438E-01
  1.3001E+00  1.4028E-01
  1.3026E+00  1.3496E-01
  1.3050E+00  1.6532E-01
  1.3074E+00  1.5368E-01
  1.3098E+00  1.5408E-01
  1.3122E+00  1.5436E-01
  1.3146E+00  1.5157E-01
  1.3171E+00  1.4642E-01
  1.3195E+00  1.3871E-01
  1.3219E+00  1.2693E-01
  1.3243E+00  1.1152E-01
  1.3267E+00  9.9039E-02
  1.3291E+00  8.7838E-02
  1.3316E+00  7.6183E-02
  1.3340E+00  7.4560E-02
  1.3364E+00  7.2722E-02
  1.3388E+00  6.9708E-02
  1.3412E+00  6.9089E-02
  1.3436E+00  7.0780E-02
  1.3461E+00  7.0883E-02
  1.3485E+00  7.0201E-02
  1.3509E+00  6.8876E-02
  1.3533E+00  6.6910E-02
  1.3557E+00  6.4198E-02
  1.3581E+00  6.0443E-02
  1.3606E+00  5.4557E-02
  1.3630E+00  4.5952E-02
  1.3654E+00  4.5636E-02
  1.3678E+00  4.5201E-02
  1.3702E+00  4.4645E-02
  1.3726E+00  4.3966E-02
  1.3751E+00  4.3155E-02
  1.3775E+00  4.2201E-02
  1.3799E+00  4.1081E-02
  1.3823E+00  3.9756E-02
  1.3847E+00  3.8151E-02
  1.3871E+00  3.6082E-02
  1.3896E+00  3.2648E-02
  1.3920E+00  4.0188E-02
  1.3944E+00  4.7334E-02
  1.3968E+00  5.2406E-02
  1.3992E+00  5.5820E-02
  1.4016E+00  5.8387E-02
  1.4041E+00  7.3386E-02
  1.4065E+00  8.1192E-02
  1.4089E+00  9.9913E-02
  1.4113E+00  1.1280E-01
  1.4137E+00  1.2114E-01
  1.4161E+00  1.2708E-01
  1.4185E+00  1.3132E-01
  1.4210E+00  1.3421E-01
  1.4234E+00  1.3694E-01
  1.4258E+00  1.3814E-01
  1.4282E+00  1.3824E-01
  1.4306E+00  1.3735E-01
  1.4330E+00  1.3544E-01
  1.4355E+00  1.3222E-01
  1.4379E+00  1.2819E-01
  1.4403E+00  1.2464E-01
  1.4427E+00  1.2605E-01
  1.4451E+00  1.2510E-01
  1.4475E+00  1.2003E-01
  1.4500E+00  1.1427E-01
  1.4524E+00  1.0763E-01
  1.4548E+00  9.7656E-02
  1.4572E+00  8.0052E-02
  1.4596E+00  7.0010E-02
  1.4620E+00  6.8270E-02
  1.4645E+00  6.5810E-02
  1.4669E+00  6.2186E-02
  1.4693E+00  5.4122E-02
  1.4717E+00  5.3576E-02
  1.4741E+00  5.2820E-02
  1.4765E+00  5.1849E-02
  1.4790E+00  5.0649E-02
  1.4814E+00  4.9201E-02
  1.4838E+00  4.7470E-02
  1.4862E+00  4.7525E-02
  1.4886E+00  4.9025E-02
  1.4910E+00  4.7757E-02
  1.4935E+00  4.0202E-02
  1.4959E+00  3.3863E-02
  1.4983E+00  3.3019E-02
  1.5007E+00  3.1108E-02
  1.5031E+00  3.1226E-02
  1.5055E+00  3.1283E-02
  1.5080E+00  3.1283E-02
  1.5104E+00  3.8564E-02
  1.5128E+00  4.7633E-02
  1.5152E+00  5.2479E-02
  1.5176E+00  5.5781E-02
  1.5200E+00  6.4521E-02
  1.5225E+00  7.1653E-02
  1.5249E+00  7.6068E-02
  1.5273E+00  7.9135E-02
  1.5297E+00  9.0691E-02
  1.5321E+00  1.0022E-01
  1.5345E+00  1.1530E-01
  1.5370E+00  1.2486E-01
  1.5394E+00  1.3056E-01
  1.5418E+00  1.3390E-01
  1.5442E+00  1.3518E-01
  1.5466E+00  1.3453E-01
  1.5490E+00  1.3450E-01
  1.5515E+00  1.3334E-01
  1.5539E+00  1.3107E-01
  1.5563E+00  1.3558E-01
  1.5587E+00  1.3393E-01
  1.5611E+00  1.4087E-01
  1.5635E+00  1.3900E-01
  1.5660E+00  1.3217E-01
  1.5684E+00  1.3229E-01
  1.5708E+00  1.2962E-01
  1.5732E+00  1.2371E-01
  1.5756E+00  1.2294E-01
  1.5780E+00  1.2767E-01
  1.5805E+00  1.2770E-01
  1.5829E+00  1.3568E-01
  1.5853E+00  1.3368E-01
  1.5877E+00  1.3415E-01
  1.5901E+00  1.3860E-01
  1.5925E+00  1.4041E-01
  1.5950E+00  1.3973E-01
  1.5974E+00  1.3428E-01
  1.5998E+00  1.3408E-01
  1.6022E+00  1.3278E-01
  1.6046E+00  1.3042E-01
  1.6070E+00  1.4010E-01
  1.6095E+00  1.4416E-01
  1.6119E+00  1.4388E-01
  1.6143E+00  1.4048E-01
  1.6167E+00  1.3868E-01
  1.6191E+00  1.3609E-01
  1.6215E+00  1.2493E-01
  1.6240E+00  1.1757E-01
  1.6264E+00  1.1529E-01
  1.6288E+00  1.0905E-01
  1.6312E+00  9.9537E-02
  1.6336E+00  1.0268E-01
  1.6360E+00  1.0513E-01
  1.6385E+00  1.0576E-01
  1.6409E+00  1.0529E-01
  1.6433E+00  1.0387E-01
  1.6457E+00  1.0152E-01
  1.6481E+00  9.8180E-02
  1.6505E+00  9.3648E-02
  1.6530E+00  8.7405E-02
  1.6554E+00  7.7211E-02
  1.6578E+00  6.7306E-02
  1.6602E+00  6.5105E-02
  1.6626E+00  6.2319E-02
  1.6650E+00  5.8667E-02
  1.6675E+00  5.3562E-02
  1.6699E+00  4.8169E-02
  1.6723E+00  4.1005E-02
  1.6747E+00  4.0074E-02
  1.6771E+00  3.8861E-02
  1.6795E+00  3.7118E-02
  1.6820E+00  3.3892E-02
  1.6844E+00  3.3738E-02
  1.6868E+00  3.3533E-02
  1.6892E+00  3.3279E-02
  1.6916E+00  3.2974E-02
  1.6940E+00  4.9252E-02
  1.6965E+00  7.1595E-02
  1.6989E+00  8.3663E-02
  1.7013E+00  9.1392E-02
  1.7037E+00  9.6653E-02
  1.7061E+00  1.0015E-01
  1.7085E+00  1.0225E-01
  1.7110E+00  1.0315E-01
  1.7134E+00  1.0299E-01
  1.7158E+00  1.0181E-01
  1.7182E+00  9.9635E-02
  1.7206E+00  1.0863E-01
  1.7230E+00  1.1003E-01
  1.7255E+00  1.0756E-01
  1.7279E+00  1.2090E-01
  1.7303E+00  1.2874E-01
  1.7327E+00  1.2839E-01
  1.7351E+00  1.2315E-01
  1.7375E+00  1.1138E-01
  1.7400E+00  9.1358E-02
  1.7424E+00  8.7649E-02
  1.7448E+00  8.6748E-02
  1.7472E+00  8.3082E-02
  1.7496E+00  8.5616E-02
  1.7520E+00  8.5924E-02
  1.7545E+00  8.7449E-02
  1.7569E+00  8.6807E-02
  1.7593E+00  9.0021E-02
  1.7617E+00  1.0269E-01
  1.7641E+00  1.1650E-01
  1.7665E+00  1.1822E-01
  1.7690E+00  1.2442E-01
  1.7714E+00  1.2535E-01
  1.7738E+00  1.2236E-01
  1.7762E+00  1.0983E-01
  1.7786E+00  1.1191E-01
  1.7810E+00  1.1271E-01
  1.7835E+00  1.2407E-01
  1.7859E+00  1.3926E-01
  1.7883E+00  1.5157E-01
  1.7907E+00  1.5612E-01
  1.7931E+00  1.5800E-01
  1.7955E+00  1.6212E-01
  1.7980E+00  1.5831E-01
  1.8004E+00  1.4920E-01
  1.8028E+00  1.3213E-01
  1.8052E+00  1.2350E-01
  1.8076E+00  1.2222E-01
  1.8100E+00  1.1108E-01
  1.8125E+00  1.0555E-01
  1.8149E+00  9.4446E-02
  1.8173E+00  9.9017E-02
  1.8197E+00  1.0087E-01
  1.8221E+00  1.0417E-01
  1.8245E+00  1.0296E-01
  1.8270E+00  1.0209E-01
  1.8294E+00  9.9295E-02
  1.8318E+00  9.2391E-02
  1.8342E+00  1.0490E-01
  1.8366E+00  1.0426E-01
  1.8390E+00  9.0627E-02
  1.8415E+00  8.6431E-02
  1.8439E+00  8.3885E-02
  1.8463E+00  7.7490E-02
  1.8487E+00  6.7804E-02
  1.8511E+00  6.8323E-02
  1.8535E+00  6.8118E-02
  1.8560E+00  6.7184E-02
  1.8584E+00  7.7197E-02
  1.8608E+00  7.7887E-02
  1.8632E+00  9.2980E-02
  1.8656E+00  1.1299E-01
  1.8680E+00  1.3141E-01
  1.8705E+00  1.4735E-01
  1.8729E+00  1.5425E-01
  1.8753E+00  1.5590E-01
  1.8777E+00  1.5204E-01
  1.8801E+00  1.6583E-01
  1.8825E+00  1.8178E-01
  1.8850E+00  1.8913E-01
  1.8874E+00  1.9232E-01
  1.8898E+00  1.9211E-01
  1.8922E+00  1.8671E-01
  1.8946E+00  1.8355E-01
  1.8970E+00  1.7867E-01
  1.8995E+00  1.7381E-01
  1.9019E+00  1.7020E-01
  1.9043E+00  1.6601E-01
  1.9067E+00  1.4335E-01
  1.9091E+00  1.5642E-01
  1.9115E+00  1.5574E-01
  1.9140E+00  1.5480E-01
  1.9164E+00  1.5252E-01
  1.9188E+00  1.4591E-01
  1.9212E+00  1.3176E-01
  1.9236E+00  1.3599E-01
  1.9260E+00  1.4322E-01
  1.9285E+00  1.5434E-01
  1.9309E+00  1.6451E-01
  1.9333E+00  1.6465E-01
  1.9357E+00  1.6199E-01
  1.9381E+00  1.5869E-01
  1.9405E+00  1.7466E-01
  1.9430E+00  1.8696E-01
  1.9454E+00  1.8892E-01
  1.9478E+00  1.8919E-01
  1.9502E+00  1.7283E-01
  1.9526E+00  1.7699E-01
  1.9550E+00  1.8388E-01
  1.9575E+00  1.9146E-01
  1.9599E+00  2.0726E-01
  1.9623E+00  2.2819E-01
  1.9647E+00  2.3084E-01
  1.9671E+00  2.1617E-01
  1.9695E+00  2.1424E-01
  1.9720E+00  2.1344E-01
  1.9744E+00  2.0315E-01
  1.9768E+00  1.7483E-01
  1.9792E+00  1.7935E-01
  1.9816E+00  1.9132E-01
  1.9840E+00  1.9415E-01
  1.9865E+00  1.9265E-01
  1.9889E+00  1.8796E-01
  1.9913E+00  1.7794E-01
  1.9937E+00  1.5576E-01
  1.9961E+00  1.4585E-01
  1.9985E+00  1.3039E-01
  2.0010E+00  1.0727E-01
  2.0034E+00  1.0461E-01
  2.0058E+00  1.0324E-01
  2.0082E+00  1.0017E-01
  2.0106E+00  1.3079E-01
  2.0130E+00  1.7735E-01
  2.0155E+00  2.1359E-01
  2.0179E+00  2.2599E-01
  2.0203E+00  2.1947E-01
  2.0227E+00  2.1539E-01
  2.0251E+00  2.2077E-01
  2.0275E+00  2.2474E-01
  2.0300E+00  2.2632E-01
  2.0324E+00  2.2468E-01
  2.0348E+00  2.1999E-01
  2.0372E+00  2.3295E-01
  2.0396E+00  2.5365E-01
  2.0420E+00  2.7657E-01
  2.0445E+00  2.7455E-01
  2.0469E+00  2.6861E-01
  2.0493E+00  2.5312E-01
  2.0517E+00  2.2887E-01
  2.0541E+00  2.0926E-01
  2.0565E+00  1.9275E-01
  2.0590E+00  1.8650E-01
  2.0614E+00  1.7834E-01
  2.0638E+00  1.7146E-01
  2.0662E+00  1.7416E-01
  2.0686E+00  1.8618E-01
  2.0710E+00  1.9621E-01
  2.0735E+00  2.0176E-01
  2.0759E+00  1.8266E-01
  2.0783E+00  1.6705E-01
  2.0807E+00  1.6192E-01
  2.0831E+00  1.8537E-01
  2.0855E+00  2.1080E-01
  2.0880E+00  2.4544E-01
  2.0904E+00  2.5492E-01
  2.0928E+00  2.4843E-01
  2.0952E+00  2.3298E-01
  2.0976E+00  2.2169E-01
  2.1000E+00  2.2141E-01
  2.1025E+00  2.1879E-01
  2.1049E+00  2.1310E-01
  2.1073E+00  2.0425E-01
  2.1097E+00  2.0367E-01
  2.1121E+00  2.1158E-01
  2.1145E+00  2.0111E-01
  2.1170E+00  1.7669E-01
  2.1194E+00  1.4113E-01
  2.1218E+00  1.1662E-01
  2.1242E+00  1.1763E-01
  2.1266E+00  1.2023E-01
  2.1290E+00  1.3140E-01
  2.1314E+00  1.3293E-01
  2.1339E+00  1.2914E-01
  2.1363E+00  1.4354E-01
  2.1387E+00  1.4388E-01
  2.1411E+00  1.3983E-01
  2.1435E+00  1.2516E-01
  2.1459E+00  9.9186E-02
  2.1484E+00  8.7473E-02
  2.1508E+00  1.1368E-01
  2.1532E+00  1.3011E-01
  2.1556E+00  1.3639E-01
  2.1580E+00  1.3666E-01
  2.1604E+00  1.3277E-01
  2.1629E+00  1.3301E-01
  2.1653E+00  1.3139E-01
  2.1677E+00  1.4411E-01
  2.1701E+00  1.4097E-01
  2.1725E+00  1.4613E-01
  2.1749E+00  1.3398E-01
  2.1774E+00  1.4433E-01
  2.1798E+00  1.4779E-01
  2.1822E+00  1.5329E-01
  2.1846E+00  1.5371E-01
  2.1870E+00  1.4928E-01
  2.1894E+00  1.3830E-01
  2.1919E+00  1.4866E-01
  2.1943E+00  1.3935E-01
  2.1967E+00  1.3763E-01
  2.1991E+00  1.3520E-01
  2.2015E+00  1.2917E-01
  2.2039E+00  1.1922E-01
  2.2064E+00  1.2295E-01
  2.2088E+00  1.1429E-01
  2.2112E+00  9.8102E-02
  2.2136E+00  1.0192E-01
  2.2160E+00  1.0172E-01
  2.2184E+00  1.2385E-01
  2.2209E+00  1.3502E-01
  2.2233E+00  1.3318E-01
  2.2257E+00  1.3818E-01
  2.2281E+00  1.4245E-01
  2.2305E+00  1.4360E-01
  2.2329E+00  1.4103E-01
  2.2354E+00  1.3302E-01
  2.2378E+00  1.1879E-01
  2.2402E+00  9.4662E-02
  2.2426E+00  5.1553E-02
  2.2450E+00  4.1785E-02
  2.2474E+00  4.0914E-02
  2.2499E+00  5.7448E-02
  2.2523E+00  7.7733E-02
  2.2547E+00  8.8414E-02
  2.2571E+00  9.5462E-02
  2.2595E+00  1.0022E-01
  2.2619E+00  1.0326E-01
  2.2644E+00  1.0491E-01
  2.2668E+00  1.0533E-01
  2.2692E+00  1.0464E-01
  2.2716E+00  1.0321E-01
  2.2740E+00  1.0100E-01
  2.2764E+00  1.1087E-01
  2.2789E+00  1.2346E-01
  2.2813E+00  1.4747E-01
  2.2837E+00  1.5375E-01
  2.2861E+00  1.5006E-01
  2.2885E+00  1.3810E-01
  2.2909E+00  1.4241E-01
  2.2934E+00  1.4665E-01
  2.2958E+00  1.4684E-01
  2.2982E+00  1.4266E-01
  2.3006E+00  1.4186E-01
  2.3030E+00  1.6310E-01
  2.3054E+00  1.6935E-01
  2.3079E+00  1.7212E-01
  2.3103E+00  1.7094E-01
  2.3127E+00  1.6635E-01
  2.3151E+00  1.5825E-01
  2.3175E+00  1.4565E-01
  2.3199E+00  1.1953E-01
  2.3224E+00  1.1030E-01
  2.3248E+00  1.1654E-01
  2.3272E+00  1.0995E-01
  2.3296E+00  9.9843E-02
  2.3320E+00  7.7909E-02
  2.3344E+00  9.7882E-02
  2.3369E+00  1.6141E-01
  2.3393E+00  2.0698E-01
  2.3417E+00  2.4320E-01
  2.3441E+00  2.7910E-01
  2.3465E+00  2.6862E-01
  2.3489E+00  2.7723E-01
  2.3514E+00  2.8000E-01
  2.3538E+00  2.7658E-01
  2.3562E+00  2.6711E-01
  2.3586E+00  2.4855E-01
  2.3610E+00  2.2253E-01
  2.3634E+00  2.0257E-01
  2.3659E+00  1.8387E-01
  2.3683E+00  1.8978E-01
  2.3707E+00  1.8893E-01
  2.3731E+00  1.9148E-01
  2.3755E+00  1.7277E-01
  2.3779E+00  1.2825E-01
  2.3804E+00  1.0079E-01
  2.3828E+00  8.4986E-02
  2.3852E+00  8.0578E-02
  2.3876E+00  9.5377E-02
  2.3900E+00  1.4239E-01
  2.3924E+00  1.5642E-01
  2.3949E+00  1.6941E-01
  2.3973E+00  2.1448E-01
  2.3997E+00  2.3799E-01
  2.4021E+00  3.1503E-01
  2.4045E+00  3.5308E-01
  2.4069E+00  3.8169E-01
  2.4094E+00  3.9368E-01
  2.4118E+00  3.9197E-01
  2.4142E+00  3.9182E-01
  2.4166E+00  3.7984E-01
  2.4190E+00  3.6823E-01
  2.4214E+00  3.9560E-01
  2.4239E+00  4.3156E-01
  2.4263E+00  4.4854E-01
  2.4287E+00  4.3953E-01
  2.4311E+00  4.0983E-01
  2.4335E+00  3.6773E-01
  2.4359E+00  3.3917E-01
  2.4384E+00  3.0139E-01
  2.4408E+00  2.3616E-01
  2.4432E+00  1.8878E-01
  2.4456E+00  1.7635E-01
  2.4480E+00  1.7587E-01
  2.4504E+00  1.6901E-01
  2.4529E+00  1.5716E-01
  2.4553E+00  2.0947E-01
  2.4577E+00  2.4257E-01
  2.4601E+00  2.6526E-01
  2.4625E+00  2.6584E-01
  2.4649E+00  2.5668E-01
  2.4674E+00  2.6029E-01
  2.4698E+00  3.9767E-01
  2.4722E+00  4.7455E-01
  2.4746E+00  5.1844E-01
  2.4770E+00  5.8827E-01
  2.4794E+00  6.3407E-01
  2.4819E+00  6.4374E-01
  2.4843E+00  6.3106E-01
  2.4867E+00  6.1694E-01
  2.4891E+00  6.3639E-01
  2.4915E+00  6.6943E-01
  2.4939E+00  7.0538E-01
  2.4964E+00  7.0947E-01
  2.4988E+00  7.0813E-01
  2.5012E+00  6.8026E-01
  2.5036E+00  7.0527E-01
  2.5060E+00  6.9893E-01
  2.5084E+00  6.6660E-01
  2.5109E+00  5.9948E-01
  2.5133E+00  5.4142E-01
  2.5157E+00  4.3086E-01
  2.5181E+00  4.1650E-01
  2.5205E+00  4.0800E-01
  2.5229E+00  3.1735E-01
  2.5254E+00  3.5878E-01
  2.5278E+00  3.6757E-01
  2.5302E+00  3.8647E-01
  2.5326E+00  3.9356E-01
  2.5350E+00  4.5917E-01
  2.5374E+00  5.9027E-01
  2.5399E+00  7.0508E-01
  2.5423E+00  7.8833E-01
  2.5447E+00  7.8410E-01
  2.5471E+00  7.6554E-01
  2.5495E+00  7.4838E-01
  2.5519E+00  6.8411E-01
  2.5544E+00  8.4993E-01
  2.5568E+00  1.0000E+99
  2.5592E+00  1.0000E+99
  2.5616E+00  1.0000E+99
  2.5640E+00  1.0000E+99
  2.5664E+00  1.0000E+99
  2.5689E+00  1.0000E+99
  2.5713E+00  1.0000E+99
  2.5737E+00  1.0000E+99
  2.5761E+00  1.0000E+99
  2.5785E+00  1.0000E+99
  2.5809E+00  1.0000E+99
  2.5834E+00  1.0000E+99
  2.5858E+00  1.0000E+99
  2.5882E+00  1.0000E+99
  2.5906E+00  1.0000E+99
  2.5930E+00  1.0000E+99
  2.5954E+00  1.0000E+99
  2.5979E+00  1.0000E+99
  2.6003E+00  1.0000E+99
  2.6027E+00  1.0000E+99
  2.6051E+00  1.0000E+99
  2.6075E+00  1.0000E+99
  2.6099E+00  1.0000E+99
  2.6124E+00  1.0000E+99
  2.6148E+00  1.0000E+99
  2.6172E+00  1.0000E+99
  2.6196E+00  1.0000E+99
  2.6220E+00  1.0000E+99
  2.6244E+00  1.0000E+99
  2.6269E+00  1.0000E+99
  2.6293E+00  1.0000E+99
  2.6317E+00  1.0000E+99
  2.6341E+00  1.0000E+99
  2.6365E+00  1.0000E+99
  2.6389E+00  1.0000E+99
  2.6414E+00  1.0000E+99
  2.6438E+00  1.0000E+99
  2.6462E+00  1.0000E+99
  2.6486E+00  1.0000E+99
  2.6510E+00  1.0000E+99
  2.6534E+00  1.0000E+99
  2.6559E+00  1.0000E+99
  2.6583E+00  1.0000E+99
  2.6607E+00  1.0000E+99
  2.6631E+00  1.0000E+99
  2.6655E+00  1.0000E+99
  2.6679E+00  1.0000E+99
  2.6704E+00  1.0000E+99
  2.6728E+00  1.0000E+99
  2.6752E+00  1.0000E+99
  2.6776E+00  1.0000E+99
  2.6800E+00  1.0000E+99
  2.6824E+00  1.0000E+99
  2.6849E+00  1.0000E+99
  2.6873E+00  1.0000E+99
  2.6897E+00  1.0000E+99
  2.6921E+00  1.0000E+99
  2.6945E+00  1.0000E+99
  2.6969E+00  1.0000E+99
  2.6994E+00  1.0000E+99
  2.7018E+00  1.0000E+99
  2.7042E+00  1.0000E+99
  2.7066E+00  1.0000E+99
  2.7090E+00  1.0000E+99
  2.7114E+00  1.0000E+99
  2.7139E+00  1.0000E+99
  2.7163E+00  1.0000E+99
  2.7187E+00  1.0000E+99
  2.7211E+00  1.0000E+99
  2.7235E+00  1.0000E+99
  2.7259E+00  1.0000E+99
  2.7284E+00  1.0000E+99
  2.7308E+00  1.0000E+99
  2.7332E+00  1.0000E+99
  2.7356E+00  1.0000E+99
  2.7380E+00  1.0000E+99
  2.7404E+00  1.0000E+99
  2.7429E+00  1.0000E+99
  2.7453E+00  1.0000E+99
  2.7477E+00  1.0000E+99
  2.7501E+00  1.0000E+99
  2.7525E+00  1.0000E+99
  2.7549E+00  1.0000E+99
  2.7574E+00  1.0000E+99
  2.7598E+00  1.0000E+99
  2.7622E+00  1.0000E+99
  2.7646E+00  1.0000E+99
  2.7670E+00  1.0000E+99
  2.7694E+00  1.0000E+99
  2.7719E+00  1.0000E+99
  2.7743E+00  1.0000E+99
  2.7767E+00  1.0000E+99
  2.7791E+00  1.0000E+99
  2.7815E+00  1.0000E+99
  2.7839E+00  1.0000E+99
  2.7864E+00  1.0000E+99
  2.7888E+00  1.0000E+99
  2.7912E+00  1.0000E+99
  2.7936E+00  1.0000E+99
  2.7960E+00  1.0000E+99
  2.7984E+00  1.0000E+99
  2.8009E+00  1.0000E+99
  2.8033E+00  1.0000E+99
  2.8057E+00  1.0000E+99
  2.8081E+00  1.0000E+99
  2.8105E+00  1.0000E+99
  2.8129E+00  1.0000E+99
  2.8154E+00  1.0000E+99
  2.8178E+00  1.0000E+99
  2.8202E+00  1.0000E+99
  2.8226E+00  1.0000E+99
  2.8250E+00  1.0000E+99
  2.8274E+00  1.0000E+99
  2.8298E+00  1.0000E+99
  2.8323E+00  1.0000E+99
  2.8347E+00  1.0000E+99
  2.8371E+00  1.0000E+99
  2.8395E+00  1.0000E+99
  2.8419E+00  1.0000E+99
  2.8443E+00  1.0000E+99
  2.8468E+00  1.0000E+99
  2.8492E+00  1.0000E+99
  2.8516E+00  1.0000E+99
  2.8540E+00  1.0000E+99
  2.8564E+00  1.0000E+99
  2.8588E+00  1.0000E+99
  2.8613E+00  1.0000E+99
  2.8637E+00  1.0000E+99
  2.8661E+00  1.0000E+99
  2.8685E+00  1.0000E+99
  2.8709E+00  1.0000E+99
  2.8733E+00  1.0000E+99
  2.8758E+00  1.0000E+99
  2.8782E+00  1.0000E+99
  2.8806E+00  1.0000E+99
  2.8830E+00  1.0000E+99
  2.8854E+00  1.0000E+99
  2.8878E+00  1.0000E+99
  2.8903E+00  1.0000E+99
  2.8927E+00  1.0000E+99
  2.8951E+00  1.0000E+99
  2.8975E+00  1.0000E+99
  2.8999E+00  1.0000E+99
  2.9023E+00  1.0000E+99
  2.9048E+00  1.0000E+99
  2.9072E+00  1.0000E+99
  2.9096E+00  1.0000E+99
  2.9120E+00  1.0000E+99
  2.9144E+00  1.0000E+99
  2.9168E+00  1.0000E+99
  2.9193E+00  1.0000E+99
  2.9217E+00  1.0000E+99
  2.9241E+00  1.0000E+99
  2.9265E+00  1.0000E+99
  2.9289E+00  1.0000E+99
  2.9313E+00  1.0000E+99
  2.9338E+00  1.0000E+99
  2.9362E+00  1.0000E+99
  2.9386E+00  1.0000E+99
  2.9410E+00  1.0000E+99
  2.9434E+00  1.0000E+99
  2.9458E+00  1.0000E+99
  2.9483E+00  1.0000E+99
  2.9507E+00  1.0000E+99
  2.9531E+00  1.0000E+99
  2.9555E+00  1.0000E+99
  2.9579E+00  1.0000E+99
  2.9603E+00  1.0000E+99
  2.9628E+00  1.0000E+99
  2.9652E+00  1.0000E+99
  2.9676E+00  1.0000E+99
  2.9700E+00  1.0000E+99
  2.9724E+00  1.0000E+99
  2.9748E+00  1.0000E+99
  2.9773E+00  1.0000E+99
  2.9797E+00  1.0000E+99
  2.9821E+00  1.0000E+99
  2.9845E+00  1.0000E+99
  2.9869E+00  1.0000E+99
  2.9893E+00  1.0000E+99
  2.9918E+00  1.0000E+99
  2.9942E+00  1.0000E+99
  2.9966E+00  1.0000E+99
  2.9990E+00  1.0000E+99
  3.0014E+00  1.0000E+99
  3.0038E+00  1.0000E+99
  3.0063E+00  1.0000E+99
  3.0087E+00  1.0000E+99
  3.0111E+00  1.0000E+99
  3.0135E+00  1.0000E+99
  3.0159E+00  1.0000E+99
  3.0183E+00  1.0000E+99
  3.0208E+00  1.0000E+99
  3.0232E+00  1.0000E+99
  3.0256E+00  1.0000E+99
  3.0280E+00  1.0000E+99
  3.0304E+00  1.0000E+99
  3.0328E+00  1.0000E+99
  3.0353E+00  1.0000E+99
  3.0377E+00  1.0000E+99
  3.0401E+00  1.0000E+99
  3.0425E+00  1.0000E+99
  3.0449E+00  1.0000E+99
  3.0473E+00  1.0000E+99
  3.0498E+00  1.0000E+99
  3.0522E+00  1.0000E+99
  3.0546E+00  1.0000E+99
  3.0570E+00  1.0000E+99
  3.0594E+00  1.0000E+99
  3.0618E+00  1.0000E+99
  3.0643E+00  1.0000E+99
  3.0667E+00  1.0000E+99
  3.0691E+00  1.0000E+99
  3.0715E+00  1.0000E+99
  3.0739E+00  1.0000E+99
  3.0763E+00  1.0000E+99
  3.0788E+00  1.0000E+99
  3.0812E+00  1.0000E+99
  3.0836E+00  1.0000E+99
  3.0860E+00  1.0000E+99
  3.0884E+00  1.0000E+99
  3.0908E+00  1.0000E+99
  3.0933E+00  1.0000E+99
  3.0957E+00  1.0000E+99
  3.0981E+00  1.0000E+99
  3.1005E+00  1.0000E+99
  3.1029E+00  1.0000E+99
  3.1053E+00  1.0000E+99
  3.1078E+00  1.0000E+99
  3.1102E+00  1.0000E+99
  3.1126E+00  1.0000E+99
  3.1150E+00  1.0000E+99
  3.1174E+00  1.0000E+99
  3.1198E+00  1.0000E+99
  3.1223E+00  1.0000E+99
  3.1247E+00  1.0000E+99
  3.1271E+00  1.0000E+99
  3.1295E+00  1.0000E+99
  3.1319E+00  1.0000E+99
  3.1343E+00  1.0000E+99
  3.1368E+00  1.0000E+99
  3.1392E+00  1.0000E+99
  3.1416E+00  1.0000E+99
  3.1440E+00  1.0000E+99
  3.1464E+00  1.0000E+99
  3.1488E+00  1.0000E+99
  3.1513E+00  1.0000E+99
  3.1537E+00  1.0000E+99
  3.1561E+00  1.0000E+99
  3.1585E+00  1.0000E+99
  3.1609E+00  1.0000E+99
  3.1633E+00  1.0000E+99
  3.1658E+00  1.0000E+99
  3.1682E+00  1.0000E+99
  3.1706E+00  1.0000E+99
  3.1730E+00  1.0000E+99
  3.1754E+00  1.0000E+99
  3.1778E+00  1.0000E+99
  3.1803E+00  1.0000E+99
  3.1827E+00  1.0000E+99
  3.1851E+00  1.0000E+99
  3.1875E+00  1.0000E+99
  3.1899E+00  1.0000E+99
  3.1923E+00  1.0000E+99
  3.1948E+00  1.0000E+99
  3.1972E+00  1.0000E+99
  3.1996E+00  1.0000E+99
  3.2020E+00  1.0000E+99
  3.2044E+00  1.0000E+99
  3.2068E+00  1.0000E+99
  3.2093E+00  1.0000E+99
  3.2117E+00  1.0000E+99
  3.2141E+00  1.0000E+99
  3.2165E+00  1.0000E+99
  3.2189E+00  1.0000E+99
  3.2213E+00  1.0000E+99
  3.2238E+00  1.0000E+99
  3.2262E+00  1.0000E+99
  3.2286E+00  1.0000E+99
  3.2310E+00  1.0000E+99
  3.2334E+00  1.0000E+99
  3.2358E+00  1.0000E+99
  3.2383E+00  1.0000E+99
  3.2407E+00  1.0000E+99
  3.2431E+00  1.0000E+99
  3.2455E+00  1.0000E+99
  3.2479E+00  1.0000E+99
  3.2503E+00  1.0000E+99
  3.2528E+00  1.0000E+99
  3.2552E+00  1.0000E+99
  3.2576E+00  1.0000E+99
  3.2600E+00  1.0000E+99
  3.2624E+00  1.0000E+99
  3.2648E+00  1.0000E+99
  3.2673E+00  1.0000E+99
  3.2697E+00  1.0000E+99
  3.2721E+00  1.0000E+99
  3.2745E+00  1.0000E+99
  3.2769E+00  1.0000E+99
  3.2793E+00  1.0000E+99
  3.2818E+00  1.0000E+99
  3.2842E+00  1.0000E+99
  3.2866E+00  1.0000E+99
  3.2890E+00  1.0000E+99
  3.2914E+00  1.0000E+99
  3.2938E+00  1.0000E+99
  3.2963E+00  1.0000E+99
  3.2987E+00  1.0000E+99
  3.3011E+00  1.0000E+99
  3.3035E+00  1.0000E+99
  3.3059E+00  1.0000E+99
  3.3083E+00  1.0000E+99
  3.3108E+00  1.0000E+99
  3.3132E+00  1.0000E+99
  3.3156E+00  1.0000E+99
  3.3180E+00  1.0000E+99
  3.3204E+00  1.0000E+99
  3.3228E+00  1.0000E+99
  3.3253E+00  1.0000E+99
  3.3277E+00  1.0000E+99
  3.3301E+00  1.0000E+99
  3.3325E+00  1.0000E+99
  3.3349E+00  1.0000E+99
  3.3373E+00  1.0000E+99
  3.3398E+00  1.0000E+99
  3.3422E+00  1.0000E+99
  3.3446E+00  1.0000E+99
  3.3470E+00  1.0000E+99
  3.3494E+00  1.0000E+99
  3.3518E+00  1.0000E+99
  3.3543E+00  1.0000E+99
  3.3567E+00  1.0000E+99
  3.3591E+00  1.0000E+99
  3.3615E+00  1.0000E+99
  3.3639E+00  1.0000E+99
  3.3663E+00  1.0000E+99
  3.3688E+00  1.0000E+99
  3.3712E+00  1.0000E+99
  3.3736E+00  1.0000E+99
  3.3760E+00  1.0000E+99
  3.3784E+00  1.0000E+99
  3.3808E+00  1.0000E+99
  3.3833E+00  1.0000E+99
  3.3857E+00  1.0000E+99
  3.3881E+00  1.0000E+99
  3.3905E+00  1.0000E+99
  3.3929E+00  1.0000E+99
  3.3953E+00  1.0000E+99
  3.3978E+00  1.0000E+99
  3.4002E+00  1.0000E+99
  3.4026E+00  1.0000E+99
  3.4050E+00  1.0000E+99
  3.4074E+00  1.0000E+99
  3.4098E+00  1.0000E+99
  3.4123E+00  1.0000E+99
  3.4147E+00  1.0000E+99
  3.4171E+00  1.0000E+99
  3.4195E+00  1.0000E+99
  3.4219E+00  1.0000E+99
  3.4243E+00  1.0000E+99
  3.4268E+00  1.0000E+99
  3.4292E+00  1.0000E+99
  3.4316E+00  1.0000E+99
  3.4340E+00  1.0000E+99
  3.4364E+00  1.0000E+99
  3.4388E+00  1.0000E+99
  3.4413E+00  1.0000E+99
  3.4437E+00  1.0000E+99
  3.4461E+00  1.0000E+99
  3.4485E+00  1.0000E+99
  3.4509E+00  1.0000E+99
  3.4533E+00  1.0000E+99
  3.4558E+00  1.0000E+99
  3.4582E+00  1.0000E+99
  3.4606E+00  1.0000E+99
  3.4630E+00  1.0000E+99
  3.4654E+00  1.0000E+99
  3.4678E+00  1.0000E+99
  3.4703E+00  1.0000E+99
  3.4727E+00  1.0000E+99
  3.4751E+00  1.0000E+99
  3.4775E+00  1.0000E+99
  3.4799E+00  1.0000E+99
  3.4823E+00  1.0000E+99
  3.4848E+00  1.0000E+99
  3.4872E+00  1.0000E+99
  3.4896E+00  1.0000E+99
  3.4920E+00  1.0000E+99
  3.4944E+00  1.0000E+99
  3.4968E+00  1.0000E+99
  3.4993E+00  1.0000E+99
  3.5017E+00  1.0000E+99
  3.5041E+00  1.0000E+99
  3.5065E+00  1.0000E+99
  3.5089E+00  1.0000E+99
  3.5113E+00  1.0000E+99
  3.5138E+00  1.0000E+99
  3.5162E+00  1.0000E+99
  3.5186E+00  1.0000E+99
  3.5210E+00  1.0000E+99
  3.5234E+00  1.0000E+99
  3.5258E+00  1.0000E+99
  3.5283E+00  1.0000E+99
  3.5307E+00  1.0000E+99
  3.5331E+00  1.0000E+99
  3.5355E+00  1.0000E+99
  3.5379E+00  1.0000E+99
  3.5403E+00  1.0000E+99
  3.5427E+00  1.0000E+99
  3.5452E+00  1.0000E+99
  3.5476E+00  1.0000E+99
  3.5500E+00  1.0000E+99
  3.5524E+00  1.0000E+99
  3.5548E+00  1.0000E+99
  3.5572E+00  1.0000E+99
  3.5597E+00  1.0000E+99
  3.5621E+00  1.0000E+99
  3.5645E+00  1.0000E+99
  3.5669E+00  1.0000E+99
  3.5693E+00  1.0000E+99
  3.5717E+00  1.0000E+99
  3.5742E+00  1.0000E+99
  3.5766E+00  1.0000E+99
  3.5790E+00  1.0000E+99
  3.5814E+00  1.0000E+99
  3.5838E+00  1.0000E+99
  3.5862E+00  1.0000E+99
  3.5887E+00  1.0000E+99
  3.5911E+00  1.0000E+99
  3.5935E+00  1.0000E+99
  3.5959E+00  1.0000E+99
  3.5983E+00  1.0000E+99
  3.6007E+00  1.0000E+99
  3.6032E+00  1.0000E+99
  3.6056E+00  1.0000E+99
  3.6080E+00  1.0000E+99
  3.6104E+00  1.0000E+99
  3.6128E+00  1.0000E+99
  3.6152E+00  1.0000E+99
  3.6177E+00  1.0000E+99
  3.6201E+00  1.0000E+99
  3.6225E+00  1.0000E+99
  3.6249E+00  1.0000E+99
  3.6273E+00  1.0000E+99
  3.6297E+00  1.0000E+99
  3.6322E+00  1.0000E+99
  3.6346E+00  1.0000E+99
  3.6370E+00  1.0000E+99
  3.6394E+00  1.0000E+99
  3.6418E+00  1.0000E+99
  3.6442E+00  1.0000E+99
  3.6467E+00  1.0000E+99
  3.6491E+00  1.0000E+99
  3.6515E+00  1.0000E+99
  3.6539E+00  1.0000E+99
  3.6563E+00  1.0000E+99
  3.6587E+00  1.0000E+99
  3.6612E+00  1.0000E+99
  3.6636E+00  1.0000E+99
  3.6660E+00  1.0000E+99
  3.6684E+00  1.0000E+99
  3.6708E+00  1.0000E+99
  3.6732E+00  1.0000E+99
  3.6757E+00  1.0000E+99
  3.6781E+00  1.0000E+99
  3.6805E+00  1.0000E+99
  3.6829E+00  1.0000E+99
  3.6853E+00  1.0000E+99
  3.6877E+00  1.0000E+99
  3.6902E+00  1.0000E+99
  3.6926E+00  1.0000E+99
  3.6950E+00  1.0000E+99
  3.6974E+00  1.0000E+99
  3.6998E+00  1.0000E+99
  3.7022E+00  1.0000E+99
  3.7047E+00  1.0000E+99
  3.7071E+00  1.0000E+99
  3.7095E+00  1.0000E+99
  3.7119E+00  1.0000E+99
  3.7143E+00  1.0000E+99
  3.7167E+00  1.0000E+99
  3.7192E+00  1.0000E+99
  3.7216E+00  1.0000E+99
  3.7240E+00  1.0000E+99
  3.7264E+00  1.0000E+99
  3.7288E+00  7.4654E-01
  3.7312E+00  7.6649E-01
  3.7337E+00  7.7213E-01
  3.7361E+00  7.7333E-01
  3.7385E+00  7.6710E-01
  3.7409E+00  7.6106E-01
  3.7433E+00  7.5311E-01
  3.7457E+00  7.5000E-01
  3.7482E+00  7.4500E-01
  3.7506E+00  7.3858E-01
  3.7530E+00  7.3108E-01
  3.7554E+00  7.2273E-01
  3.7578E+00  7.1368E-01
  3.7602E+00  7.0401E-01
  3.7627E+00  6.9378E-01
  3.7651E+00  6.8294E-01
  3.7675E+00  6.7133E-01
  3.7699E+00  6.5847E-01
  3.7723E+00  6.3878E-01
  3.7747E+00  6.3038E-01
  3.7772E+00  6.2184E-01
  3.7796E+00  6.1999E-01
  3.7820E+00  6.1572E-01
  3.7844E+00  6.0982E-01
  3.7868E+00  6.0303E-01
  3.7892E+00  5.9554E-01
  3.7917E+00  5.8741E-01
  3.7941E+00  5.7864E-01
  3.7965E+00  5.6917E-01
  3.7989E+00  5.5894E-01
  3.8013E+00  5.4783E-01
  3.8037E+00  5.3564E-01
  3.8062E+00  5.2201E-01
  3.8086E+00  5.0611E-01
  3.8110E+00  4.8095E-01
  3.8134E+00  4.6927E-01
  3.8158E+00  4.5587E-01
  3.8182E+00  4.3875E-01
  3.8207E+00  4.2105E-01
  3.8231E+00  4.0966E-01
  3.8255E+00  4.0069E-01
  3.8279E+00  3.8888E-01
  3.8303E+00  3.8372E-01
  3.8327E+00  3.6081E-01
  3.8352E+00  3.5284E-01
  3.8376E+00  3.4934E-01
  3.8400E+00  3.3763E-01
  3.8424E+00  3.3583E-01
  3.8448E+00  3.3629E-01
  3.8472E+00  3.3567E-01
  3.8497E+00  3.3418E-01
  3.8521E+00  3.3191E-01
  3.8545E+00  3.3218E-01
  3.8569E+00  3.3824E-01
  3.8593E+00  3.3884E-01
  3.8617E+00  3.3840E-01
  3.8642E+00  3.0108E-01
  3.8666E+00  3.1365E-01
  3.8690E+00  3.1652E-01
  3.8714E+00  3.1673E-01
  3.8738E+00  3.1502E-01
  3.8762E+00  3.1158E-01
  3.8787E+00  3.0630E-01
  3.8811E+00  2.9859E-01
  3.8835E+00  2.8563E-01
  3.8859E+00  2.7276E-01
  3.8883E+00  2.7385E-01
  3.8907E+00  2.7378E-01
  3.8932E+00  2.7234E-01
  3.8956E+00  2.6999E-01
  3.8980E+00  2.6685E-01
  3.9004E+00  2.2877E-01
  3.9028E+00  2.2449E-01
  3.9052E+00  2.1944E-01
  3.9077E+00  2.1351E-01
  3.9101E+00  2.0653E-01
  3.9125E+00  1.9807E-01
  3.9149E+00  2.0093E-01
  3.9173E+00  1.8783E-01
  3.9197E+00  1.8991E-01
  3.9222E+00  1.8985E-01
  3.9246E+00  2.0074E-01
  3.9270E+00  2.0435E-01
  3.9294E+00  2.1112E-01
  3.9318E+00  2.2569E-01
  3.9342E+00  2.3240E-01
  3.9367E+00  2.3586E-01
  3.9391E+00  2.3688E-01
  3.9415E+00  2.4780E-01
  3.9439E+00  2.5110E-01
  3.9463E+00  2.4795E-01
  3.9487E+00  2.5127E-01
  3.9512E+00  2.2292E-01
  3.9536E+00  2.2408E-01
  3.9560E+00  2.2399E-01
  3.9584E+00  2.2270E-01
  3.9608E+00  2.2020E-01
  3.9632E+00  2.1643E-01
  3.9657E+00  2.1117E-01
  3.9681E+00  2.0379E-01
  3.9705E+00  1.9078E-01
  3.9729E+00  1.8259E-01
  3.9753E+00  1.7861E-01
  3.9777E+00  1.7359E-01
  3.9802E+00  1.8540E-01
  3.9826E+00  1.8279E-01
  3.9850E+00  1.8387E-01
  3.9874E+00  1.8294E-01
  3.9898E+00  1.8013E-01
  3.9922E+00  1.7770E-01
  3.9947E+00  1.6865E-01
  3.9971E+00  1.7086E-01
  3.9995E+00  1.7181E-01
  4.0019E+00  1.7184E-01
  4.0043E+00  1.7111E-01
  4.0067E+00  1.6970E-01
  4.0092E+00  1.6765E-01
  4.0116E+00  1.6497E-01
  4.0140E+00  1.6777E-01
  4.0164E+00  1.7179E-01
  4.0188E+00  1.7157E-01
  4.0212E+00  1.9255E-01
  4.0237E+00  2.0994E-01
  4.0261E+00  2.1717E-01
  4.0285E+00  2.1892E-01
  4.0309E+00  2.1395E-01
  4.0333E+00  2.0983E-01
  4.0357E+00  2.0710E-01
  4.0382E+00  1.9949E-01
  4.0406E+00  1.8303E-01
  4.0430E+00  1.8578E-01
  4.0454E+00  2.0221E-01
  4.0478E+00  2.1063E-01
  4.0502E+00  2.1594E-01
  4.0527E+00  2.1942E-01
  4.0551E+00  2.2153E-01
  4.0575E+00  2.2249E-01
  4.0599E+00  2.2246E-01
  4.0623E+00  2.2152E-01
  4.0647E+00  2.1973E-01
  4.0672E+00  2.1712E-01
  4.0696E+00  2.1372E-01
  4.0720E+00  2.0951E-01
  4.0744E+00  2.0796E-01
  4.0768E+00  2.1302E-01
  4.0792E+00  2.3314E-01
  4.0817E+00  2.3684E-01
  4.0841E+00  2.3524E-01
  4.0865E+00  2.2668E-01
  4.0889E+00  2.2442E-01
  4.0913E+00  2.2399E-01
  4.0937E+00  2.1880E-01
  4.0962E+00  2.0962E-01
  4.0986E+00  1.9189E-01
  4.1010E+00  1.7625E-01
  4.1034E+00  1.7509E-01
  4.1058E+00  1.7303E-01
  4.1082E+00  1.6999E-01
  4.1107E+00  1.6572E-01
  4.1131E+00  1.5932E-01
  4.1155E+00  1.4917E-01
  4.1179E+00  1.4755E-01
  4.1203E+00  1.4554E-01
  4.1227E+00  1.4315E-01
  4.1252E+00  1.4661E-01
  4.1276E+00  1.5431E-01
  4.1300E+00  1.5728E-01
  4.1324E+00  1.5786E-01
  4.1348E+00  1.5697E-01
  4.1372E+00  1.5779E-01
  4.1397E+00  1.6874E-01
  4.1421E+00  1.7076E-01
  4.1445E+00  1.6980E-01
  4.1469E+00  1.6648E-01
  4.1493E+00  1.6529E-01
  4.1517E+00  1.6690E-01
  4.1542E+00  1.6584E-01
  4.1566E+00  1.7220E-01
  4.1590E+00  1.7228E-01
  4.1614E+00  1.6505E-01
  4.1638E+00  1.6626E-01
  4.1662E+00  1.6920E-01
  4.1687E+00  1.7157E-01
  4.1711E+00  1.7266E-01
  4.1735E+00  1.8503E-01
  4.1759E+00  1.9451E-01
  4.1783E+00  1.9908E-01
  4.1807E+00  2.0114E-01
  4.1832E+00  2.0135E-01
  4.1856E+00  1.9995E-01
  4.1880E+00  1.9704E-01
  4.1904E+00  1.9259E-01
  4.1928E+00  1.8676E-01
  4.1952E+00  1.7903E-01
  4.1977E+00  1.7450E-01
  4.2001E+00  1.6134E-01
  4.2025E+00  1.5891E-01
  4.2049E+00  1.5282E-01
  4.2073E+00  1.4496E-01
  4.2097E+00  1.8245E-01
  4.2122E+00  2.0894E-01
  4.2146E+00  2.2392E-01
  4.2170E+00  2.4109E-01
  4.2194E+00  2.5146E-01
  4.2218E+00  2.5614E-01
  4.2242E+00  2.5561E-01
  4.2267E+00  2.5133E-01
  4.2291E+00  2.5127E-01
  4.2315E+00  2.4911E-01
  4.2339E+00  2.4494E-01
  4.2363E+00  2.3871E-01
  4.2387E+00  2.3015E-01
  4.2412E+00  2.2835E-01
  4.2436E+00  2.2051E-01
  4.2460E+00  2.0600E-01
  4.2484E+00  2.0888E-01
  4.2508E+00  2.1614E-01
  4.2532E+00  2.1448E-01
  4.2556E+00  2.1149E-01
  4.2581E+00  2.0055E-01
  4.2605E+00  1.9620E-01
  4.2629E+00  1.8920E-01
  4.2653E+00  1.8762E-01
  4.2677E+00  1.7317E-01
  4.2701E+00  1.6800E-01
  4.2726E+00  1.6072E-01
  4.2750E+00  1.4835E-01
  4.2774E+00  1.4153E-01
  4.2798E+00  1.4919E-01
  4.2822E+00  1.5367E-01
  4.2846E+00  1.5617E-01
  4.2871E+00  1.5714E-01
  4.2895E+00  1.5678E-01
  4.2919E+00  1.5519E-01
  4.2943E+00  1.5240E-01
  4.2967E+00  1.4835E-01
  4.2991E+00  1.4288E-01
  4.3016E+00  1.4864E-01
  4.3040E+00  1.4610E-01
  4.3064E+00  1.3546E-01
  4.3088E+00  1.1938E-01
  4.3112E+00  1.2619E-01
  4.3136E+00  1.4615E-01
  4.3161E+00  1.5839E-01
  4.3185E+00  1.6577E-01
  4.3209E+00  1.7243E-01
  4.3233E+00  1.8152E-01
  4.3257E+00  2.0075E-01
  4.3281E+00  2.0840E-01
  4.3306E+00  2.1167E-01
  4.3330E+00  2.2667E-01
  4.3354E+00  2.3034E-01
  4.3378E+00  2.2791E-01
  4.3402E+00  2.1409E-01
  4.3426E+00  2.0931E-01
  4.3451E+00  2.0917E-01
  4.3475E+00  2.0756E-01
  4.3499E+00  2.0454E-01
  4.3523E+00  2.0009E-01
  4.3547E+00  1.9412E-01
  4.3571E+00  1.8634E-01
  4.3596E+00  1.8949E-01
  4.3620E+00  1.9703E-01
  4.3644E+00  1.9496E-01
  4.3668E+00  1.8916E-01
  4.3692E+00  1.8659E-01
  4.3716E+00  1.7982E-01
  4.3741E+00  1.7024E-01
  4.3765E+00  1.6338E-01
  4.3789E+00  1.4986E-01
  4.3813E+00  1.4220E-01
  4.3837E+00  1.3587E-01
  4.3861E+00  1.2705E-01
  4.3886E+00  1.1042E-01
  4.3910E+00  1.0503E-01
  4.3934E+00  9.8219E-02
  4.3958E+00  1.0555E-01
  4.3982E+00  9.5515E-02
