  1.2591E+00  3.8440E-02
  1.2615E+00  3.8474E-02
  1.2639E+00  3.8409E-02
  1.2663E+00  3.8250E-02
  1.2687E+00  3.7997E-02
  1.2711E+00  3.7648E-02
  1.2736E+00  3.7197E-02
  1.2760E+00  3.6631E-02
  1.2784E+00  3.5893E-02
  1.2808E+00  3.5044E-02
  1.2832E+00  3.4205E-02
  1.2856E+00  3.2835E-02
  1.2881E+00  3.2078E-02
  1.2905E+00  3.1561E-02
  1.2929E+00  3.3914E-02
  1.2953E+00  3.4876E-02
  1.2977E+00  3.5240E-02
  1.3001E+00  3.5276E-02
  1.3026E+00  3.5071E-02
  1.3050E+00  3.4662E-02
  1.3074E+00  3.4063E-02
  1.3098E+00  3.3277E-02
  1.3122E+00  3.2291E-02
  1.3146E+00  3.1081E-02
  1.3171E+00  2.9592E-02
  1.3195E+00  2.7719E-02
  1.3219E+00  3.6770E-02
  1.3243E+00  3.6698E-02
  1.3267E+00  3.8227E-02
  1.3291E+00  4.2206E-02
  1.3316E+00  4.4953E-02
  1.3340E+00  4.6975E-02
  1.3364E+00  4.8505E-02
  1.3388E+00  4.9645E-02
  1.3412E+00  5.0456E-02
  1.3436E+00  5.0977E-02
  1.3461E+00  5.1235E-02
  1.3485E+00  5.1248E-02
  1.3509E+00  5.1027E-02
  1.3533E+00  5.0578E-02
  1.3557E+00  4.9899E-02
  1.3581E+00  4.8980E-02
  1.3606E+00  5.7374E-02
  1.3630E+00  6.9073E-02
  1.3654E+00  8.8088E-02
  1.3678E+00  9.6003E-02
  1.3702E+00  1.1918E-01
  1.3726E+00  1.3271E-01
  1.3751E+00  1.4143E-01
  1.3775E+00  1.4726E-01
  1.3799E+00  1.5086E-01
  1.3823E+00  1.5255E-01
  1.3847E+00  1.5242E-01
  1.3871E+00  1.5030E-01
  1.3896E+00  1.4505E-01
  1.3920E+00  1.4168E-01
  1.3944E+00  1.4199E-01
  1.3968E+00  1.4016E-01
  1.3992E+00  1.3698E-01
  1.4016E+00  1.2749E-01
  1.4041E+00  1.2596E-01
  1.4065E+00  1.2307E-01
  1.4089E+00  1.1987E-01
  1.4113E+00  1.1619E-01
  1.4137E+00  1.1154E-01
  1.4161E+00  1.0572E-01
  1.4185E+00  9.8340E-02
  1.4210E+00  8.8404E-02
  1.4234E+00  6.8809E-02
  1.4258E+00  7.6684E-02
  1.4282E+00  8.4004E-02
  1.4306E+00  9.5928E-02
  1.4330E+00  1.0019E-01
  1.4355E+00  1.0032E-01
  1.4379E+00  1.0566E-01
  1.4403E+00  1.1150E-01
  1.4427E+00  1.1440E-01
  1.4451E+00  1.1432E-01
  1.4475E+00  1.1535E-01
  1.4500E+00  1.2307E-01
  1.4524E+00  1.2705E-01
  1.4548E+00  1.3909E-01
  1.4572E+00  1.4694E-01
  1.4596E+00  1.5106E-01
  1.4620E+00  1.5288E-01
  1.4645E+00  1.5267E-01
  1.4669E+00  1.5008E-01
  1.4693E+00  1.3895E-01
  1.4717E+00  1.3970E-01
  1.4741E+00  1.3978E-01
  1.4765E+00  1.3922E-01
  1.4790E+00  1.3807E-01
  1.4814E+00  1.3633E-01
  1.4838E+00  1.4362E-01
  1.4862E+00  1.4694E-01
  1.4886E+00  1.6072E-01
  1.4910E+00  1.6611E-01
  1.4935E+00  1.6753E-01
  1.4959E+00  1.6615E-01
  1.4983E+00  1.6179E-01
  1.5007E+00  1.5338E-01
  1.5031E+00  1.5157E-01
  1.5055E+00  1.4484E-01
  1.5080E+00  1.3890E-01
  1.5104E+00  1.3063E-01
  1.5128E+00  1.1715E-01
  1.5152E+00  1.0500E-01
  1.5176E+00  9.2632E-02
  1.5200E+00  8.7620E-02
  1.5225E+00  8.4902E-02
  1.5249E+00  8.1749E-02
  1.5273E+00  7.7036E-02
  1.5297E+00  7.0998E-02
  1.5321E+00  6.3570E-02
  1.5345E+00  5.1270E-02
  1.5370E+00  3.6390E-02
  1.5394E+00  3.1531E-02
  1.5418E+00  3.6771E-02
  1.5442E+00  4.0307E-02
  1.5466E+00  4.2873E-02
  1.5490E+00  4.4866E-02
  1.5515E+00  5.0167E-02
  1.5539E+00  5.4811E-02
  1.5563E+00  5.8108E-02
  1.5587E+00  6.0645E-02
  1.5611E+00  6.2656E-02
  1.5635E+00  6.4248E-02
  1.5660E+00  6.5477E-02
  1.5684E+00  6.6362E-02
  1.5708E+00  7.6121E-02
  1.5732E+00  8.2596E-02
  1.5756E+00  8.7027E-02
  1.5780E+00  8.9903E-02
  1.5805E+00  9.1699E-02
  1.5829E+00  9.2631E-02
  1.5853E+00  9.2811E-02
  1.5877E+00  9.2961E-02
  1.5901E+00  9.2462E-02
  1.5925E+00  9.0997E-02
  1.5950E+00  8.8655E-02
  1.5974E+00  8.7367E-02
  1.5998E+00  8.4190E-02
  1.6022E+00  7.8784E-02
  1.6046E+00  7.4199E-02
  1.6070E+00  7.4678E-02
  1.6095E+00  7.4447E-02
  1.6119E+00  7.3506E-02
  1.6143E+00  7.0927E-02
  1.6167E+00  8.0705E-02
  1.6191E+00  9.6606E-02
  1.6215E+00  1.0584E-01
  1.6240E+00  1.0978E-01
  1.6264E+00  1.1474E-01
  1.6288E+00  1.2288E-01
  1.6312E+00  1.2616E-01
  1.6336E+00  1.2911E-01
  1.6360E+00  1.4458E-01
  1.6385E+00  1.5008E-01
  1.6409E+00  1.5499E-01
  1.6433E+00  1.5746E-01
  1.6457E+00  1.6157E-01
  1.6481E+00  1.6125E-01
  1.6505E+00  1.5449E-01
  1.6530E+00  1.5474E-01
  1.6554E+00  1.5373E-01
  1.6578E+00  1.5142E-01
  1.6602E+00  1.4765E-01
  1.6626E+00  1.4187E-01
  1.6650E+00  1.3138E-01
  1.6675E+00  1.2568E-01
  1.6699E+00  1.2627E-01
  1.6723E+00  1.2488E-01
  1.6747E+00  1.2223E-01
  1.6771E+00  1.2561E-01
  1.6795E+00  1.2366E-01
  1.6820E+00  1.2470E-01
  1.6844E+00  1.1427E-01
  1.6868E+00  1.1299E-01
  1.6892E+00  1.1281E-01
  1.6916E+00  1.1439E-01
  1.6940E+00  1.1533E-01
  1.6965E+00  1.1571E-01
  1.6989E+00  1.1559E-01
  1.7013E+00  1.1499E-01
  1.7037E+00  1.1392E-01
  1.7061E+00  1.1239E-01
  1.7085E+00  1.1037E-01
  1.7110E+00  1.1655E-01
  1.7134E+00  1.2163E-01
  1.7158E+00  1.3415E-01
  1.7182E+00  1.4016E-01
  1.7206E+00  1.3819E-01
  1.7230E+00  1.3974E-01
  1.7255E+00  1.4073E-01
  1.7279E+00  1.4017E-01
  1.7303E+00  1.3815E-01
  1.7327E+00  1.3440E-01
  1.7351E+00  1.2908E-01
  1.7375E+00  1.3017E-01
  1.7400E+00  1.3427E-01
  1.7424E+00  1.3002E-01
  1.7448E+00  1.1604E-01
  1.7472E+00  1.0965E-01
  1.7496E+00  1.0947E-01
  1.7520E+00  1.2381E-01
  1.7545E+00  1.3667E-01
  1.7569E+00  1.4472E-01
  1.7593E+00  1.4763E-01
  1.7617E+00  1.4839E-01
  1.7641E+00  1.5386E-01
  1.7665E+00  1.5651E-01
  1.7690E+00  1.5502E-01
  1.7714E+00  1.4788E-01
  1.7738E+00  1.4374E-01
  1.7762E+00  1.4054E-01
  1.7786E+00  1.3627E-01
  1.7810E+00  1.3069E-01
  1.7835E+00  1.2470E-01
  1.7859E+00  1.1550E-01
  1.7883E+00  1.0119E-01
  1.7907E+00  9.5722E-02
  1.7931E+00  8.7993E-02
  1.7955E+00  7.4477E-02
  1.7980E+00  7.2116E-02
  1.8004E+00  6.7302E-02
  1.8028E+00  6.2882E-02
  1.8052E+00  6.5199E-02
  1.8076E+00  6.4854E-02
  1.8100E+00  6.1383E-02
  1.8125E+00  5.5968E-02
  1.8149E+00  5.5874E-02
  1.8173E+00  5.5185E-02
  1.8197E+00  5.3722E-02
  1.8221E+00  5.0199E-02
  1.8245E+00  4.9778E-02
  1.8270E+00  4.9031E-02
  1.8294E+00  4.7904E-02
  1.8318E+00  4.6278E-02
  1.8342E+00  4.3816E-02
  1.8366E+00  3.7194E-02
  1.8390E+00  3.7383E-02
  1.8415E+00  3.8448E-02
  1.8439E+00  5.1501E-02
  1.8463E+00  5.7058E-02
  1.8487E+00  6.0711E-02
  1.8511E+00  6.3268E-02
  1.8535E+00  6.4980E-02
  1.8560E+00  7.2555E-02
  1.8584E+00  8.2162E-02
  1.8608E+00  9.8545E-02
  1.8632E+00  1.1031E-01
  1.8656E+00  1.1750E-01
  1.8680E+00  1.2230E-01
  1.8705E+00  1.2536E-01
  1.8729E+00  1.2704E-01
  1.8753E+00  1.2752E-01
  1.8777E+00  1.3257E-01
  1.8801E+00  1.6168E-01
  1.8825E+00  1.8775E-01
  1.8850E+00  1.9881E-01
  1.8874E+00  2.0403E-01
  1.8898E+00  2.0487E-01
  1.8922E+00  2.0155E-01
  1.8946E+00  1.9143E-01
  1.8970E+00  1.8343E-01
  1.8995E+00  1.7479E-01
  1.9019E+00  1.5819E-01
  1.9043E+00  1.5696E-01
  1.9067E+00  1.5215E-01
  1.9091E+00  1.4073E-01
  1.9115E+00  1.3858E-01
  1.9140E+00  1.3676E-01
  1.9164E+00  1.2506E-01
  1.9188E+00  1.1208E-01
  1.9212E+00  1.0207E-01
  1.9236E+00  8.2525E-02
  1.9260E+00  6.8389E-02
  1.9285E+00  5.8781E-02
  1.9309E+00  4.7050E-02
  1.9333E+00  6.1641E-02
  1.9357E+00  8.1395E-02
  1.9381E+00  8.7799E-02
  1.9405E+00  8.8351E-02
  1.9430E+00  9.2799E-02
  1.9454E+00  1.0437E-01
  1.9478E+00  1.0725E-01
  1.9502E+00  1.1813E-01
  1.9526E+00  1.2802E-01
  1.9550E+00  1.3579E-01
  1.9575E+00  1.4161E-01
  1.9599E+00  1.4721E-01
  1.9623E+00  1.4920E-01
  1.9647E+00  1.4862E-01
  1.9671E+00  1.4998E-01
  1.9695E+00  1.4755E-01
  1.9720E+00  1.4097E-01
  1.9744E+00  1.2838E-01
  1.9768E+00  1.2519E-01
  1.9792E+00  1.2799E-01
  1.9816E+00  1.2409E-01
  1.9840E+00  1.0879E-01
  1.9865E+00  1.0728E-01
  1.9889E+00  1.1648E-01
  1.9913E+00  1.1128E-01
  1.9937E+00  1.1712E-01
  1.9961E+00  1.2000E-01
  1.9985E+00  1.3819E-01
  2.0010E+00  1.4360E-01
  2.0034E+00  1.4284E-01
  2.0058E+00  1.4997E-01
  2.0082E+00  1.6261E-01
  2.0106E+00  1.6811E-01
  2.0130E+00  1.6945E-01
  2.0155E+00  1.6704E-01
  2.0179E+00  1.6077E-01
  2.0203E+00  1.5629E-01
  2.0227E+00  1.6197E-01
  2.0251E+00  1.5489E-01
  2.0275E+00  1.3576E-01
  2.0300E+00  1.2202E-01
  2.0324E+00  1.2355E-01
  2.0348E+00  1.1921E-01
  2.0372E+00  1.0619E-01
  2.0396E+00  8.4829E-02
  2.0420E+00  8.4446E-02
  2.0445E+00  8.0395E-02
  2.0469E+00  9.0030E-02
  2.0493E+00  1.1754E-01
  2.0517E+00  1.3575E-01
  2.0541E+00  1.4428E-01
  2.0565E+00  1.4881E-01
  2.0590E+00  1.5235E-01
  2.0614E+00  1.5329E-01
  2.0638E+00  1.6267E-01
  2.0662E+00  1.6849E-01
  2.0686E+00  1.6767E-01
  2.0710E+00  1.6172E-01
  2.0735E+00  1.4621E-01
  2.0759E+00  1.3948E-01
  2.0783E+00  1.3073E-01
  2.0807E+00  1.2418E-01
  2.0831E+00  1.2109E-01
  2.0855E+00  1.1486E-01
  2.0880E+00  1.1173E-01
  2.0904E+00  1.1907E-01
  2.0928E+00  1.2647E-01
  2.0952E+00  1.3030E-01
  2.0976E+00  1.3170E-01
  2.1000E+00  1.3113E-01
  2.1025E+00  1.3608E-01
  2.1049E+00  1.4258E-01
  2.1073E+00  1.5576E-01
  2.1097E+00  1.5374E-01
  2.1121E+00  1.4660E-01
  2.1145E+00  1.4411E-01
  2.1170E+00  1.3719E-01
  2.1194E+00  1.5836E-01
  2.1218E+00  1.7421E-01
  2.1242E+00  1.8211E-01
  2.1266E+00  1.8484E-01
  2.1290E+00  1.8359E-01
  2.1314E+00  1.9093E-01
  2.1339E+00  2.1269E-01
  2.1363E+00  2.1769E-01
  2.1387E+00  2.2923E-01
  2.1411E+00  2.3107E-01
  2.1435E+00  2.1859E-01
  2.1459E+00  2.1135E-01
  2.1484E+00  2.1158E-01
  2.1508E+00  2.0654E-01
  2.1532E+00  1.9559E-01
  2.1556E+00  2.0168E-01
  2.1580E+00  1.8844E-01
  2.1604E+00  1.8145E-01
  2.1629E+00  1.6948E-01
  2.1653E+00  1.5990E-01
  2.1677E+00  1.4599E-01
  2.1701E+00  1.3279E-01
  2.1725E+00  1.2413E-01
  2.1749E+00  1.0812E-01
  2.1774E+00  1.0558E-01
  2.1798E+00  1.0957E-01
  2.1822E+00  1.1689E-01
  2.1846E+00  1.2974E-01
  2.1870E+00  1.2861E-01
  2.1894E+00  1.1276E-01
  2.1919E+00  1.0273E-01
  2.1943E+00  9.5062E-02
  2.1967E+00  8.4467E-02
  2.1991E+00  9.0382E-02
  2.2015E+00  8.2317E-02
  2.2039E+00  8.5834E-02
  2.2064E+00  8.9741E-02
  2.2088E+00  9.9700E-02
  2.2112E+00  1.1246E-01
  2.2136E+00  1.1239E-01
  2.2160E+00  9.7575E-02
  2.2184E+00  1.1416E-01
  2.2209E+00  1.1224E-01
  2.2233E+00  9.7050E-02
  2.2257E+00  9.6368E-02
  2.2281E+00  9.2383E-02
  2.2305E+00  8.1461E-02
  2.2329E+00  7.0342E-02
  2.2354E+00  6.9942E-02
  2.2378E+00  6.9417E-02
  2.2402E+00  6.8252E-02
  2.2426E+00  6.6449E-02
  2.2450E+00  7.3326E-02
  2.2474E+00  7.6483E-02
  2.2499E+00  9.6563E-02
  2.2523E+00  1.1771E-01
  2.2547E+00  1.2288E-01
  2.2571E+00  1.2245E-01
  2.2595E+00  1.1560E-01
  2.2619E+00  1.1282E-01
  2.2644E+00  1.1915E-01
  2.2668E+00  1.6891E-01
  2.2692E+00  1.8997E-01
  2.2716E+00  2.0181E-01
  2.2740E+00  2.2702E-01
  2.2764E+00  2.7001E-01
  2.2789E+00  2.9066E-01
  2.2813E+00  2.9573E-01
  2.2837E+00  2.9249E-01
  2.2861E+00  3.3892E-01
  2.2885E+00  3.5615E-01
  2.2909E+00  3.9330E-01
  2.2934E+00  4.0547E-01
  2.2958E+00  4.0769E-01
  2.2982E+00  4.1459E-01
  2.3006E+00  3.8349E-01
  2.3030E+00  3.6574E-01
  2.3054E+00  3.4941E-01
  2.3079E+00  3.1820E-01
  2.3103E+00  2.9153E-01
  2.3127E+00  2.6202E-01
  2.3151E+00  2.4636E-01
  2.3175E+00  2.2054E-01
  2.3199E+00  1.7442E-01
  2.3224E+00  1.2434E-01
  2.3248E+00  9.0101E-02
  2.3272E+00  9.0499E-02
  2.3296E+00  9.7505E-02
  2.3320E+00  1.0731E-01
  2.3344E+00  1.2474E-01
  2.3369E+00  1.3119E-01
  2.3393E+00  1.3321E-01
  2.3417E+00  1.3185E-01
  2.3441E+00  1.2736E-01
  2.3465E+00  1.1946E-01
  2.3489E+00  1.5853E-01
  2.3514E+00  1.6912E-01
  2.3538E+00  1.9055E-01
  2.3562E+00  2.1760E-01
  2.3586E+00  2.3668E-01
  2.3610E+00  2.4583E-01
  2.3634E+00  2.4735E-01
  2.3659E+00  2.4079E-01
  2.3683E+00  2.4414E-01
  2.3707E+00  2.4420E-01
  2.3731E+00  2.4241E-01
  2.3755E+00  2.3432E-01
  2.3779E+00  2.1347E-01
  2.3804E+00  2.0138E-01
  2.3828E+00  1.6451E-01
  2.3852E+00  1.4674E-01
  2.3876E+00  9.9377E-02
  2.3900E+00  1.3650E-01
  2.3924E+00  1.5463E-01
  2.3949E+00  1.6453E-01
  2.3973E+00  2.0863E-01
  2.3997E+00  2.5429E-01
  2.4021E+00  2.7215E-01
  2.4045E+00  2.8778E-01
  2.4069E+00  3.0222E-01
  2.4094E+00  3.3215E-01
  2.4118E+00  3.7108E-01
  2.4142E+00  3.6507E-01
  2.4166E+00  3.5863E-01
  2.4190E+00  3.7314E-01
  2.4214E+00  4.1699E-01
  2.4239E+00  4.1583E-01
  2.4263E+00  4.3105E-01
  2.4287E+00  4.1007E-01
  2.4311E+00  3.9358E-01
  2.4335E+00  3.4431E-01
  2.4359E+00  3.3208E-01
  2.4384E+00  3.8605E-01
  2.4408E+00  3.9863E-01
  2.4432E+00  3.7913E-01
  2.4456E+00  3.9827E-01
  2.4480E+00  4.4780E-01
  2.4504E+00  5.1894E-01
  2.4529E+00  4.8493E-01
  2.4553E+00  5.4070E-01
  2.4577E+00  5.4343E-01
  2.4601E+00  5.2315E-01
  2.4625E+00  5.4327E-01
  2.4649E+00  5.2433E-01
  2.4674E+00  4.9075E-01
  2.4698E+00  4.6785E-01
  2.4722E+00  4.7508E-01
  2.4746E+00  5.1264E-01
  2.4770E+00  5.7578E-01
  2.4794E+00  5.9943E-01
  2.4819E+00  5.9890E-01
  2.4843E+00  5.9184E-01
  2.4867E+00  5.7841E-01
  2.4891E+00  6.0804E-01
  2.4915E+00  5.9367E-01
  2.4939E+00  5.5041E-01
  2.4964E+00  4.9837E-01
  2.4988E+00  4.7793E-01
  2.5012E+00  4.3038E-01
  2.5036E+00  4.2387E-01
  2.5060E+00  4.7344E-01
  2.5084E+00  5.4165E-01
  2.5109E+00  5.9136E-01
  2.5133E+00  6.4508E-01
  2.5157E+00  6.6877E-01
  2.5181E+00  6.5500E-01
  2.5205E+00  6.3409E-01
  2.5229E+00  6.2834E-01
  2.5254E+00  6.0408E-01
  2.5278E+00  7.0558E-01
  2.5302E+00  7.2902E-01
  2.5326E+00  6.9012E-01
  2.5350E+00  7.3054E-01
  2.5374E+00  6.9458E-01
  2.5399E+00  7.7397E-01
  2.5423E+00  8.1426E-01
  2.5447E+00  7.9467E-01
  2.5471E+00  7.4004E-01
  2.5495E+00  7.4065E-01
  2.5519E+00  6.8501E-01
  2.5544E+00  6.2326E-01
  2.5568E+00  1.0000E+99
  2.5592E+00  1.0000E+99
  2.5616E+00  1.0000E+99
  2.5640E+00  1.0000E+99
  2.5664E+00  1.0000E+99
  2.5689E+00  1.0000E+99
  2.5713E+00  1.0000E+99
  2.5737E+00  1.0000E+99
  2.5761E+00  1.0000E+99
  2.5785E+00  1.0000E+99
  2.5809E+00  1.0000E+99
  2.5834E+00  1.0000E+99
  2.5858E+00  1.0000E+99
  2.5882E+00  1.0000E+99
  2.5906E+00  1.0000E+99
  2.5930E+00  1.0000E+99
  2.5954E+00  1.0000E+99
  2.5979E+00  1.0000E+99
  2.6003E+00  1.0000E+99
  2.6027E+00  1.0000E+99
  2.6051E+00  1.0000E+99
  2.6075E+00  1.0000E+99
  2.6099E+00  1.0000E+99
  2.6124E+00  1.0000E+99
  2.6148E+00  1.0000E+99
  2.6172E+00  1.0000E+99
  2.6196E+00  1.0000E+99
  2.6220E+00  1.0000E+99
  2.6244E+00  1.0000E+99
  2.6269E+00  1.0000E+99
  2.6293E+00  1.0000E+99
  2.6317E+00  1.0000E+99
  2.6341E+00  1.0000E+99
  2.6365E+00  1.0000E+99
  2.6389E+00  1.0000E+99
  2.6414E+00  1.0000E+99
  2.6438E+00  1.0000E+99
  2.6462E+00  1.0000E+99
  2.6486E+00  1.0000E+99
  2.6510E+00  1.0000E+99
  2.6534E+00  1.0000E+99
  2.6559E+00  1.0000E+99
  2.6583E+00  1.0000E+99
  2.6607E+00  1.0000E+99
  2.6631E+00  1.0000E+99
  2.6655E+00  1.0000E+99
  2.6679E+00  1.0000E+99
  2.6704E+00  1.0000E+99
  2.6728E+00  1.0000E+99
  2.6752E+00  1.0000E+99
  2.6776E+00  1.0000E+99
  2.6800E+00  1.0000E+99
  2.6824E+00  1.0000E+99
  2.6849E+00  1.0000E+99
  2.6873E+00  1.0000E+99
  2.6897E+00  1.0000E+99
  2.6921E+00  1.0000E+99
  2.6945E+00  1.0000E+99
  2.6969E+00  1.0000E+99
  2.6994E+00  1.0000E+99
  2.7018E+00  1.0000E+99
  2.7042E+00  1.0000E+99
  2.7066E+00  1.0000E+99
  2.7090E+00  1.0000E+99
  2.7114E+00  1.0000E+99
  2.7139E+00  1.0000E+99
  2.7163E+00  1.0000E+99
  2.7187E+00  1.0000E+99
  2.7211E+00  1.0000E+99
  2.7235E+00  1.0000E+99
  2.7259E+00  1.0000E+99
  2.7284E+00  1.0000E+99
  2.7308E+00  1.0000E+99
  2.7332E+00  1.0000E+99
  2.7356E+00  1.0000E+99
  2.7380E+00  1.0000E+99
  2.7404E+00  1.0000E+99
  2.7429E+00  1.0000E+99
  2.7453E+00  1.0000E+99
  2.7477E+00  1.0000E+99
  2.7501E+00  1.0000E+99
  2.7525E+00  1.0000E+99
  2.7549E+00  1.0000E+99
  2.7574E+00  1.0000E+99
  2.7598E+00  1.0000E+99
  2.7622E+00  1.0000E+99
  2.7646E+00  1.0000E+99
  2.7670E+00  1.0000E+99
  2.7694E+00  1.0000E+99
  2.7719E+00  1.0000E+99
  2.7743E+00  1.0000E+99
  2.7767E+00  1.0000E+99
  2.7791E+00  1.0000E+99
  2.7815E+00  1.0000E+99
  2.7839E+00  1.0000E+99
  2.7864E+00  1.0000E+99
  2.7888E+00  1.0000E+99
  2.7912E+00  1.0000E+99
  2.7936E+00  1.0000E+99
  2.7960E+00  1.0000E+99
  2.7984E+00  1.0000E+99
  2.8009E+00  1.0000E+99
  2.8033E+00  1.0000E+99
  2.8057E+00  1.0000E+99
  2.8081E+00  1.0000E+99
  2.8105E+00  1.0000E+99
  2.8129E+00  1.0000E+99
  2.8154E+00  1.0000E+99
  2.8178E+00  1.0000E+99
  2.8202E+00  1.0000E+99
  2.8226E+00  1.0000E+99
  2.8250E+00  1.0000E+99
  2.8274E+00  1.0000E+99
  2.8298E+00  1.0000E+99
  2.8323E+00  1.0000E+99
  2.8347E+00  1.0000E+99
  2.8371E+00  1.0000E+99
  2.8395E+00  1.0000E+99
  2.8419E+00  1.0000E+99
  2.8443E+00  1.0000E+99
  2.8468E+00  1.0000E+99
  2.8492E+00  1.0000E+99
  2.8516E+00  1.0000E+99
  2.8540E+00  1.0000E+99
  2.8564E+00  1.0000E+99
  2.8588E+00  1.0000E+99
  2.8613E+00  1.0000E+99
  2.8637E+00  1.0000E+99
  2.8661E+00  1.0000E+99
  2.8685E+00  1.0000E+99
  2.8709E+00  1.0000E+99
  2.8733E+00  1.0000E+99
  2.8758E+00  1.0000E+99
  2.8782E+00  1.0000E+99
  2.8806E+00  1.0000E+99
  2.8830E+00  1.0000E+99
  2.8854E+00  1.0000E+99
  2.8878E+00  1.0000E+99
  2.8903E+00  1.0000E+99
  2.8927E+00  1.0000E+99
  2.8951E+00  1.0000E+99
  2.8975E+00  1.0000E+99
  2.8999E+00  1.0000E+99
  2.9023E+00  1.0000E+99
  2.9048E+00  1.0000E+99
  2.9072E+00  1.0000E+99
  2.9096E+00  1.0000E+99
  2.9120E+00  1.0000E+99
  2.9144E+00  1.0000E+99
  2.9168E+00  1.0000E+99
  2.9193E+00  1.0000E+99
  2.9217E+00  1.0000E+99
  2.9241E+00  1.0000E+99
  2.9265E+00  1.0000E+99
  2.9289E+00  1.0000E+99
  2.9313E+00  1.0000E+99
  2.9338E+00  1.0000E+99
  2.9362E+00  1.0000E+99
  2.9386E+00  1.0000E+99
  2.9410E+00  1.0000E+99
  2.9434E+00  1.0000E+99
  2.9458E+00  1.0000E+99
  2.9483E+00  1.0000E+99
  2.9507E+00  1.0000E+99
  2.9531E+00  1.0000E+99
  2.9555E+00  1.0000E+99
  2.9579E+00  1.0000E+99
  2.9603E+00  1.0000E+99
  2.9628E+00  1.0000E+99
  2.9652E+00  1.0000E+99
  2.9676E+00  1.0000E+99
  2.9700E+00  1.0000E+99
  2.9724E+00  1.0000E+99
  2.9748E+00  1.0000E+99
  2.9773E+00  1.0000E+99
  2.9797E+00  1.0000E+99
  2.9821E+00  1.0000E+99
  2.9845E+00  1.0000E+99
  2.9869E+00  1.0000E+99
  2.9893E+00  1.0000E+99
  2.9918E+00  1.0000E+99
  2.9942E+00  1.0000E+99
  2.9966E+00  1.0000E+99
  2.9990E+00  1.0000E+99
  3.0014E+00  1.0000E+99
  3.0038E+00  1.0000E+99
  3.0063E+00  1.0000E+99
  3.0087E+00  1.0000E+99
  3.0111E+00  1.0000E+99
  3.0135E+00  1.0000E+99
  3.0159E+00  1.0000E+99
  3.0183E+00  1.0000E+99
  3.0208E+00  1.0000E+99
  3.0232E+00  1.0000E+99
  3.0256E+00  1.0000E+99
  3.0280E+00  1.0000E+99
  3.0304E+00  1.0000E+99
  3.0328E+00  1.0000E+99
  3.0353E+00  1.0000E+99
  3.0377E+00  1.0000E+99
  3.0401E+00  1.0000E+99
  3.0425E+00  1.0000E+99
  3.0449E+00  1.0000E+99
  3.0473E+00  1.0000E+99
  3.0498E+00  1.0000E+99
  3.0522E+00  1.0000E+99
  3.0546E+00  1.0000E+99
  3.0570E+00  1.0000E+99
  3.0594E+00  1.0000E+99
  3.0618E+00  1.0000E+99
  3.0643E+00  1.0000E+99
  3.0667E+00  1.0000E+99
  3.0691E+00  1.0000E+99
  3.0715E+00  1.0000E+99
  3.0739E+00  1.0000E+99
  3.0763E+00  1.0000E+99
  3.0788E+00  1.0000E+99
  3.0812E+00  1.0000E+99
  3.0836E+00  1.0000E+99
  3.0860E+00  1.0000E+99
  3.0884E+00  1.0000E+99
  3.0908E+00  1.0000E+99
  3.0933E+00  1.0000E+99
  3.0957E+00  1.0000E+99
  3.0981E+00  1.0000E+99
  3.1005E+00  1.0000E+99
  3.1029E+00  1.0000E+99
  3.1053E+00  1.0000E+99
  3.1078E+00  1.0000E+99
  3.1102E+00  1.0000E+99
  3.1126E+00  1.0000E+99
  3.1150E+00  1.0000E+99
  3.1174E+00  1.0000E+99
  3.1198E+00  1.0000E+99
  3.1223E+00  1.0000E+99
  3.1247E+00  1.0000E+99
  3.1271E+00  1.0000E+99
  3.1295E+00  1.0000E+99
  3.1319E+00  1.0000E+99
  3.1343E+00  1.0000E+99
  3.1368E+00  1.0000E+99
  3.1392E+00  1.0000E+99
  3.1416E+00  1.0000E+99
  3.1440E+00  1.0000E+99
  3.1464E+00  1.0000E+99
  3.1488E+00  1.0000E+99
  3.1513E+00  1.0000E+99
  3.1537E+00  1.0000E+99
  3.1561E+00  1.0000E+99
  3.1585E+00  1.0000E+99
  3.1609E+00  1.0000E+99
  3.1633E+00  1.0000E+99
  3.1658E+00  1.0000E+99
  3.1682E+00  1.0000E+99
  3.1706E+00  1.0000E+99
  3.1730E+00  1.0000E+99
  3.1754E+00  1.0000E+99
  3.1778E+00  1.0000E+99
  3.1803E+00  1.0000E+99
  3.1827E+00  1.0000E+99
  3.1851E+00  1.0000E+99
  3.1875E+00  1.0000E+99
  3.1899E+00  1.0000E+99
  3.1923E+00  1.0000E+99
  3.1948E+00  1.0000E+99
  3.1972E+00  1.0000E+99
  3.1996E+00  1.0000E+99
  3.2020E+00  1.0000E+99
  3.2044E+00  1.0000E+99
  3.2068E+00  1.0000E+99
  3.2093E+00  1.0000E+99
  3.2117E+00  1.0000E+99
  3.2141E+00  1.0000E+99
  3.2165E+00  1.0000E+99
  3.2189E+00  1.0000E+99
  3.2213E+00  1.0000E+99
  3.2238E+00  1.0000E+99
  3.2262E+00  1.0000E+99
  3.2286E+00  1.0000E+99
  3.2310E+00  1.0000E+99
  3.2334E+00  1.0000E+99
  3.2358E+00  1.0000E+99
  3.2383E+00  1.0000E+99
  3.2407E+00  1.0000E+99
  3.2431E+00  1.0000E+99
  3.2455E+00  1.0000E+99
  3.2479E+00  1.0000E+99
  3.2503E+00  1.0000E+99
  3.2528E+00  1.0000E+99
  3.2552E+00  1.0000E+99
  3.2576E+00  1.0000E+99
  3.2600E+00  1.0000E+99
  3.2624E+00  1.0000E+99
  3.2648E+00  1.0000E+99
  3.2673E+00  1.0000E+99
  3.2697E+00  1.0000E+99
  3.2721E+00  1.0000E+99
  3.2745E+00  1.0000E+99
  3.2769E+00  1.0000E+99
  3.2793E+00  1.0000E+99
  3.2818E+00  1.0000E+99
  3.2842E+00  1.0000E+99
  3.2866E+00  1.0000E+99
  3.2890E+00  1.0000E+99
  3.2914E+00  1.0000E+99
  3.2938E+00  1.0000E+99
  3.2963E+00  1.0000E+99
  3.2987E+00  1.0000E+99
  3.3011E+00  1.0000E+99
  3.3035E+00  1.0000E+99
  3.3059E+00  1.0000E+99
  3.3083E+00  1.0000E+99
  3.3108E+00  1.0000E+99
  3.3132E+00  1.0000E+99
  3.3156E+00  1.0000E+99
  3.3180E+00  1.0000E+99
  3.3204E+00  1.0000E+99
  3.3228E+00  1.0000E+99
  3.3253E+00  1.0000E+99
  3.3277E+00  1.0000E+99
  3.3301E+00  1.0000E+99
  3.3325E+00  1.0000E+99
  3.3349E+00  1.0000E+99
  3.3373E+00  1.0000E+99
  3.3398E+00  1.0000E+99
  3.3422E+00  1.0000E+99
  3.3446E+00  1.0000E+99
  3.3470E+00  1.0000E+99
  3.3494E+00  1.0000E+99
  3.3518E+00  1.0000E+99
  3.3543E+00  1.0000E+99
  3.3567E+00  1.0000E+99
  3.3591E+00  1.0000E+99
  3.3615E+00  1.0000E+99
  3.3639E+00  1.0000E+99
  3.3663E+00  1.0000E+99
  3.3688E+00  1.0000E+99
  3.3712E+00  1.0000E+99
  3.3736E+00  1.0000E+99
  3.3760E+00  1.0000E+99
  3.3784E+00  1.0000E+99
  3.3808E+00  1.0000E+99
  3.3833E+00  1.0000E+99
  3.3857E+00  1.0000E+99
  3.3881E+00  1.0000E+99
  3.3905E+00  1.0000E+99
  3.3929E+00  1.0000E+99
  3.3953E+00  1.0000E+99
  3.3978E+00  1.0000E+99
  3.4002E+00  1.0000E+99
  3.4026E+00  1.0000E+99
  3.4050E+00  1.0000E+99
  3.4074E+00  1.0000E+99
  3.4098E+00  1.0000E+99
  3.4123E+00  1.0000E+99
  3.4147E+00  1.0000E+99
  3.4171E+00  1.0000E+99
  3.4195E+00  1.0000E+99
  3.4219E+00  1.0000E+99
  3.4243E+00  1.0000E+99
  3.4268E+00  1.0000E+99
  3.4292E+00  1.0000E+99
  3.4316E+00  1.0000E+99
  3.4340E+00  1.0000E+99
  3.4364E+00  1.0000E+99
  3.4388E+00  1.0000E+99
  3.4413E+00  1.0000E+99
  3.4437E+00  1.0000E+99
  3.4461E+00  1.0000E+99
  3.4485E+00  1.0000E+99
  3.4509E+00  1.0000E+99
  3.4533E+00  1.0000E+99
  3.4558E+00  1.0000E+99
  3.4582E+00  1.0000E+99
  3.4606E+00  1.0000E+99
  3.4630E+00  1.0000E+99
  3.4654E+00  1.0000E+99
  3.4678E+00  1.0000E+99
  3.4703E+00  1.0000E+99
  3.4727E+00  1.0000E+99
  3.4751E+00  1.0000E+99
  3.4775E+00  1.0000E+99
  3.4799E+00  1.0000E+99
  3.4823E+00  1.0000E+99
  3.4848E+00  1.0000E+99
  3.4872E+00  1.0000E+99
  3.4896E+00  1.0000E+99
  3.4920E+00  1.0000E+99
  3.4944E+00  1.0000E+99
  3.4968E+00  1.0000E+99
  3.4993E+00  1.0000E+99
  3.5017E+00  1.0000E+99
  3.5041E+00  1.0000E+99
  3.5065E+00  1.0000E+99
  3.5089E+00  1.0000E+99
  3.5113E+00  1.0000E+99
  3.5138E+00  1.0000E+99
  3.5162E+00  1.0000E+99
  3.5186E+00  1.0000E+99
  3.5210E+00  1.0000E+99
  3.5234E+00  1.0000E+99
  3.5258E+00  1.0000E+99
  3.5283E+00  1.0000E+99
  3.5307E+00  1.0000E+99
  3.5331E+00  1.0000E+99
  3.5355E+00  1.0000E+99
  3.5379E+00  1.0000E+99
  3.5403E+00  1.0000E+99
  3.5427E+00  1.0000E+99
  3.5452E+00  1.0000E+99
  3.5476E+00  1.0000E+99
  3.5500E+00  1.0000E+99
  3.5524E+00  1.0000E+99
  3.5548E+00  1.0000E+99
  3.5572E+00  1.0000E+99
  3.5597E+00  1.0000E+99
  3.5621E+00  1.0000E+99
  3.5645E+00  1.0000E+99
  3.5669E+00  1.0000E+99
  3.5693E+00  1.0000E+99
  3.5717E+00  1.0000E+99
  3.5742E+00  1.0000E+99
  3.5766E+00  1.0000E+99
  3.5790E+00  1.0000E+99
  3.5814E+00  1.0000E+99
  3.5838E+00  1.0000E+99
  3.5862E+00  1.0000E+99
  3.5887E+00  1.0000E+99
  3.5911E+00  1.0000E+99
  3.5935E+00  1.0000E+99
  3.5959E+00  1.0000E+99
  3.5983E+00  1.0000E+99
  3.6007E+00  1.0000E+99
  3.6032E+00  1.0000E+99
  3.6056E+00  1.0000E+99
  3.6080E+00  1.0000E+99
  3.6104E+00  1.0000E+99
  3.6128E+00  1.0000E+99
  3.6152E+00  1.0000E+99
  3.6177E+00  1.0000E+99
  3.6201E+00  1.0000E+99
  3.6225E+00  1.0000E+99
  3.6249E+00  1.0000E+99
  3.6273E+00  1.0000E+99
  3.6297E+00  1.0000E+99
  3.6322E+00  1.0000E+99
  3.6346E+00  1.0000E+99
  3.6370E+00  1.0000E+99
  3.6394E+00  1.0000E+99
  3.6418E+00  1.0000E+99
  3.6442E+00  1.0000E+99
  3.6467E+00  1.0000E+99
  3.6491E+00  1.0000E+99
  3.6515E+00  1.0000E+99
  3.6539E+00  1.0000E+99
  3.6563E+00  1.0000E+99
  3.6587E+00  1.0000E+99
  3.6612E+00  1.0000E+99
  3.6636E+00  1.0000E+99
  3.6660E+00  1.0000E+99
  3.6684E+00  1.0000E+99
  3.6708E+00  1.0000E+99
  3.6732E+00  1.0000E+99
  3.6757E+00  1.0000E+99
  3.6781E+00  1.0000E+99
  3.6805E+00  1.0000E+99
  3.6829E+00  1.0000E+99
  3.6853E+00  1.0000E+99
  3.6877E+00  1.0000E+99
  3.6902E+00  1.0000E+99
  3.6926E+00  1.0000E+99
  3.6950E+00  1.0000E+99
  3.6974E+00  1.0000E+99
  3.6998E+00  1.0000E+99
  3.7022E+00  1.0000E+99
  3.7047E+00  1.0000E+99
  3.7071E+00  1.0000E+99
  3.7095E+00  1.0000E+99
  3.7119E+00  1.0000E+99
  3.7143E+00  1.0000E+99
  3.7167E+00  1.0000E+99
  3.7192E+00  1.0000E+99
  3.7216E+00  1.0000E+99
  3.7240E+00  1.0000E+99
  3.7264E+00  1.0000E+99
  3.7288E+00  2.2455E-01
  3.7312E+00  2.2595E-01
  3.7337E+00  2.2618E-01
  3.7361E+00  2.2520E-01
  3.7385E+00  2.2265E-01
  3.7409E+00  2.1692E-01
  3.7433E+00  2.1078E-01
  3.7457E+00  2.1170E-01
  3.7482E+00  2.1877E-01
  3.7506E+00  2.4146E-01
  3.7530E+00  2.5112E-01
  3.7554E+00  2.5717E-01
  3.7578E+00  2.6106E-01
  3.7602E+00  2.6339E-01
  3.7627E+00  2.6448E-01
  3.7651E+00  2.6451E-01
  3.7675E+00  2.6360E-01
  3.7699E+00  2.6178E-01
  3.7723E+00  2.5907E-01
  3.7747E+00  2.5538E-01
  3.7772E+00  2.5052E-01
  3.7796E+00  2.4398E-01
  3.7820E+00  2.3366E-01
  3.7844E+00  2.2234E-01
  3.7868E+00  2.2112E-01
  3.7892E+00  2.1959E-01
  3.7917E+00  2.1776E-01
  3.7941E+00  2.1565E-01
  3.7965E+00  2.1325E-01
  3.7989E+00  2.1056E-01
  3.8013E+00  2.0757E-01
  3.8037E+00  2.2196E-01
  3.8062E+00  2.2741E-01
  3.8086E+00  2.2963E-01
  3.8110E+00  2.3004E-01
  3.8134E+00  2.2910E-01
  3.8158E+00  2.2698E-01
  3.8182E+00  2.2367E-01
  3.8207E+00  2.1901E-01
  3.8231E+00  2.1246E-01
  3.8255E+00  2.0150E-01
  3.8279E+00  1.9116E-01
  3.8303E+00  1.8992E-01
  3.8327E+00  1.8835E-01
  3.8352E+00  1.8644E-01
  3.8376E+00  1.8421E-01
  3.8400E+00  1.8166E-01
  3.8424E+00  1.7879E-01
  3.8448E+00  1.8583E-01
  3.8472E+00  1.9419E-01
  3.8497E+00  2.0049E-01
  3.8521E+00  2.0292E-01
  3.8545E+00  2.0345E-01
  3.8569E+00  2.0256E-01
  3.8593E+00  2.0048E-01
  3.8617E+00  1.9728E-01
  3.8642E+00  1.9298E-01
  3.8666E+00  2.0139E-01
  3.8690E+00  2.1212E-01
  3.8714E+00  2.2522E-01
  3.8738E+00  2.2589E-01
  3.8762E+00  2.1585E-01
  3.8787E+00  2.2047E-01
  3.8811E+00  2.2598E-01
  3.8835E+00  2.2835E-01
  3.8859E+00  2.3096E-01
  3.8883E+00  2.2662E-01
  3.8907E+00  2.2547E-01
  3.8932E+00  2.2856E-01
  3.8956E+00  2.3024E-01
  3.8980E+00  2.3065E-01
  3.9004E+00  2.2983E-01
  3.9028E+00  2.2772E-01
  3.9052E+00  2.2405E-01
  3.9077E+00  2.1671E-01
  3.9101E+00  2.1194E-01
  3.9125E+00  2.0463E-01
  3.9149E+00  1.9233E-01
  3.9173E+00  1.9059E-01
  3.9197E+00  1.8828E-01
  3.9222E+00  1.8332E-01
  3.9246E+00  1.7932E-01
  3.9270E+00  1.7196E-01
  3.9294E+00  1.6991E-01
  3.9318E+00  1.6761E-01
  3.9342E+00  1.6507E-01
  3.9367E+00  1.6227E-01
  3.9391E+00  1.5922E-01
  3.9415E+00  1.6211E-01
  3.9439E+00  1.7454E-01
  3.9463E+00  1.7839E-01
  3.9487E+00  1.7956E-01
  3.9512E+00  1.7892E-01
  3.9536E+00  1.7641E-01
  3.9560E+00  1.8898E-01
  3.9584E+00  2.1453E-01
  3.9608E+00  2.2586E-01
  3.9632E+00  2.3967E-01
  3.9657E+00  2.4773E-01
  3.9681E+00  2.5158E-01
  3.9705E+00  2.5240E-01
  3.9729E+00  2.5041E-01
  3.9753E+00  2.4519E-01
  3.9777E+00  2.3390E-01
  3.9802E+00  2.2305E-01
  3.9826E+00  2.1868E-01
  3.9850E+00  2.1070E-01
  3.9874E+00  2.2062E-01
  3.9898E+00  2.2609E-01
  3.9922E+00  2.2827E-01
  3.9947E+00  2.2853E-01
  3.9971E+00  2.2724E-01
  3.9995E+00  2.2457E-01
  4.0019E+00  2.2049E-01
  4.0043E+00  2.2559E-01
  4.0067E+00  2.2354E-01
  4.0092E+00  2.1590E-01
  4.0116E+00  2.1123E-01
  4.0140E+00  2.3727E-01
  4.0164E+00  2.4888E-01
  4.0188E+00  2.5464E-01
  4.0212E+00  2.7362E-01
  4.0237E+00  2.8126E-01
  4.0261E+00  2.7776E-01
  4.0285E+00  2.8358E-01
  4.0309E+00  2.8766E-01
  4.0333E+00  2.9675E-01
  4.0357E+00  3.0964E-01
  4.0382E+00  3.1455E-01
  4.0406E+00  3.1504E-01
  4.0430E+00  3.0831E-01
  4.0454E+00  3.0541E-01
  4.0478E+00  3.0750E-01
  4.0502E+00  3.0836E-01
  4.0527E+00  3.0812E-01
  4.0551E+00  3.0685E-01
  4.0575E+00  2.6945E-01
  4.0599E+00  2.6725E-01
  4.0623E+00  2.6424E-01
  4.0647E+00  2.6044E-01
  4.0672E+00  2.5585E-01
  4.0696E+00  2.5048E-01
  4.0720E+00  2.4431E-01
  4.0744E+00  2.3732E-01
  4.0768E+00  2.2945E-01
  4.0792E+00  2.2063E-01
  4.0817E+00  2.1077E-01
  4.0841E+00  2.1395E-01
  4.0865E+00  2.2114E-01
  4.0889E+00  2.1849E-01
  4.0913E+00  2.0923E-01
  4.0937E+00  2.0284E-01
  4.0962E+00  1.8579E-01
  4.0986E+00  1.7957E-01
  4.1010E+00  1.7316E-01
  4.1034E+00  1.6047E-01
  4.1058E+00  1.5538E-01
  4.1082E+00  1.4932E-01
  4.1107E+00  1.4387E-01
  4.1131E+00  1.3906E-01
  4.1155E+00  1.3946E-01
  4.1179E+00  1.3919E-01
  4.1203E+00  1.3827E-01
  4.1227E+00  1.4978E-01
  4.1252E+00  1.5313E-01
  4.1276E+00  1.5412E-01
  4.1300E+00  1.5347E-01
  4.1324E+00  1.5133E-01
  4.1348E+00  1.1774E-01
  4.1372E+00  7.5556E-02
  4.1397E+00  6.1872E-02
  4.1421E+00  6.0766E-02
  4.1445E+00  5.9501E-02
  4.1469E+00  6.4332E-02
  4.1493E+00  6.9693E-02
  4.1517E+00  7.1929E-02
  4.1542E+00  8.5506E-02
  4.1566E+00  9.8963E-02
  4.1590E+00  1.0587E-01
  4.1614E+00  1.0993E-01
  4.1638E+00  1.1188E-01
  4.1662E+00  1.1166E-01
  4.1687E+00  1.0584E-01
  4.1711E+00  1.0645E-01
  4.1735E+00  1.0782E-01
  4.1759E+00  1.0849E-01
  4.1783E+00  1.0827E-01
  4.1807E+00  1.2428E-01
  4.1832E+00  1.2967E-01
  4.1856E+00  1.0652E-01
  4.1880E+00  1.0973E-01
  4.1904E+00  1.1170E-01
  4.1928E+00  1.1251E-01
  4.1952E+00  1.1096E-01
  4.1977E+00  1.1175E-01
  4.2001E+00  1.2465E-01
  4.2025E+00  1.3507E-01
  4.2049E+00  1.4074E-01
  4.2073E+00  1.4421E-01
  4.2097E+00  1.4617E-01
  4.2122E+00  1.4695E-01
  4.2146E+00  1.4671E-01
  4.2170E+00  1.4556E-01
  4.2194E+00  1.4355E-01
  4.2218E+00  1.4070E-01
  4.2242E+00  1.3906E-01
  4.2267E+00  1.3556E-01
  4.2291E+00  1.3068E-01
  4.2315E+00  1.2433E-01
  4.2339E+00  1.3022E-01
  4.2363E+00  1.2778E-01
  4.2387E+00  1.2586E-01
  4.2412E+00  1.2173E-01
  4.2436E+00  1.2029E-01
  4.2460E+00  1.1703E-01
  4.2484E+00  1.1142E-01
  4.2508E+00  9.8398E-02
  4.2532E+00  9.4697E-02
  4.2556E+00  9.2309E-02
  4.2581E+00  8.8934E-02
  4.2605E+00  8.4249E-02
  4.2629E+00  7.7245E-02
  4.2653E+00  6.3635E-02
  4.2677E+00  6.3002E-02
  4.2701E+00  6.2097E-02
  4.2726E+00  7.5462E-02
  4.2750E+00  8.0067E-02
  4.2774E+00  8.2250E-02
  4.2798E+00  8.2957E-02
  4.2822E+00  8.2508E-02
  4.2846E+00  8.2723E-02
  4.2871E+00  8.2137E-02
  4.2895E+00  7.9548E-02
  4.2919E+00  7.4947E-02
  4.2943E+00  6.5838E-02
  4.2967E+00  5.8889E-02
  4.2991E+00  5.8315E-02
  4.3016E+00  5.7293E-02
  4.3040E+00  5.5801E-02
  4.3064E+00  5.3786E-02
  4.3088E+00  5.1140E-02
  4.3112E+00  5.0457E-02
  4.3136E+00  5.3279E-02
  4.3161E+00  4.7476E-02
  4.3185E+00  4.5669E-02
  4.3209E+00  4.7441E-02
  4.3233E+00  4.8587E-02
  4.3257E+00  4.8443E-02
  4.3281E+00  4.9755E-02
  4.3306E+00  5.0841E-02
  4.3330E+00  5.1733E-02
  4.3354E+00  5.2452E-02
  4.3378E+00  5.3016E-02
  4.3402E+00  5.5811E-02
  4.3426E+00  5.9439E-02
  4.3451E+00  6.1510E-02
  4.3475E+00  7.7550E-02
  4.3499E+00  8.6120E-02
  4.3523E+00  9.1747E-02
  4.3547E+00  1.0865E-01
  4.3571E+00  1.1804E-01
  4.3596E+00  1.3803E-01
  4.3620E+00  1.4801E-01
  4.3644E+00  1.5468E-01
  4.3668E+00  1.5916E-01
  4.3692E+00  1.6195E-01
  4.3716E+00  1.6330E-01
  4.3741E+00  1.6337E-01
  4.3765E+00  1.6225E-01
  4.3789E+00  1.5998E-01
  4.3813E+00  1.6181E-01
  4.3837E+00  1.6051E-01
  4.3861E+00  1.5668E-01
  4.3886E+00  1.6301E-01
  4.3910E+00  1.6111E-01
  4.3934E+00  1.5268E-01
  4.3958E+00  1.4145E-01
  4.3982E+00  1.2736E-01
  4.4006E+00  1.1255E-01
  4.4031E+00  1.1132E-01
  4.4055E+00  1.1414E-01
  4.4079E+00  1.1518E-01
  4.4103E+00  1.1801E-01
  4.4127E+00  1.2324E-01
  4.4151E+00  1.2964E-01
  4.4176E+00  1.4412E-01
  4.4200E+00  1.4808E-01
  4.4224E+00  1.4760E-01
  4.4248E+00  1.5209E-01
  4.4272E+00  1.4303E-01
  4.4296E+00  1.3844E-01
  4.4321E+00  1.2941E-01
  4.4345E+00  1.2324E-01
  4.4369E+00  1.2230E-01
  4.4393E+00  1.2148E-01
  4.4417E+00  1.1913E-01
  4.4441E+00  1.1404E-01
  4.4466E+00  1.2018E-01
  4.4490E+00  1.2977E-01
  4.4514E+00  1.2919E-01
  4.4538E+00  1.3383E-01
  4.4562E+00  1.4053E-01
  4.4586E+00  1.6300E-01
  4.4611E+00  1.7198E-01
  4.4635E+00  1.7615E-01
  4.4659E+00  1.7932E-01
  4.4683E+00  1.8042E-01
  4.4707E+00  1.7971E-01
  4.4731E+00  1.6025E-01
  4.4756E+00  1.5705E-01
  4.4780E+00  1.5214E-01
  4.4804E+00  1.4773E-01
  4.4828E+00  1.4113E-01
  4.4852E+00  1.3511E-01
  4.4876E+00  1.2905E-01
  4.4901E+00  1.2150E-01
  4.4925E+00  1.1174E-01
  4.4949E+00  9.5171E-02
  4.4973E+00  8.3213E-02
  4.4997E+00  7.7203E-02
  4.5021E+00  6.6371E-02
  4.5046E+00  6.2038E-02
  4.5070E+00  5.6053E-02
  4.5094E+00  4.7638E-02
  4.5118E+00  4.5597E-02
  4.5142E+00  5.1615E-02
  4.5166E+00  5.3017E-02
  4.5191E+00  5.1800E-02
  4.5215E+00  4.6356E-02
  4.5239E+00  4.7565E-02
  4.5263E+00  5.0433E-02
  4.5287E+00  5.2067E-02
  4.5311E+00  5.3067E-02
  4.5336E+00  5.3651E-02
  4.5360E+00  5.3905E-02
  4.5384E+00  5.3873E-02
  4.5408E+00  5.3581E-02
  4.5432E+00  5.3179E-02
  4.5456E+00  5.3598E-02
  4.5481E+00  5.3121E-02
  4.5505E+00  5.2271E-02
  4.5529E+00  5.1098E-02
  4.5553E+00  4.9602E-02
  4.5577E+00  4.7761E-02
  4.5601E+00  4.5523E-02
  4.5626E+00  4.4506E-02
  4.5650E+00  4.2642E-02
  4.5674E+00  3.9075E-02
  4.5698E+00  3.1851E-02
  4.5722E+00  2.5358E-02
  4.5746E+00  2.5978E-02
  4.5771E+00  2.6501E-02
  4.5795E+00  2.6943E-02
  4.5819E+00  2.7314E-02
  4.5843E+00  2.7622E-02
  4.5867E+00  2.7873E-02
  4.5891E+00  2.8071E-02
  4.5916E+00  3.7236E-02
  4.5940E+00  5.4704E-02
  4.5964E+00  7.2075E-02
  4.5988E+00  8.2197E-02
  4.6012E+00  8.9374E-02
  4.6036E+00  1.1031E-01
  4.6061E+00  1.2383E-01
  4.6085E+00  1.3356E-01
  4.6109E+00  1.4250E-01
  4.6133E+00  1.4810E-01
  4.6157E+00  1.5176E-01
  4.6181E+00  1.5977E-01
  4.6206E+00  1.6297E-01
  4.6230E+00  1.6335E-01
  4.6254E+00  1.6146E-01
  4.6278E+00  1.5710E-01
  4.6302E+00  1.4822E-01
  4.6326E+00  1.5156E-01
  4.6351E+00  1.5168E-01
  4.6375E+00  1.4837E-01
  4.6399E+00  1.4106E-01
  4.6423E+00  1.2664E-01
  4.6447E+00  1.1918E-01
  4.6471E+00  1.1733E-01
  4.6496E+00  1.1110E-01
  4.6520E+00  1.0974E-01
  4.6544E+00  1.1237E-01
  4.6568E+00  1.1512E-01
  4.6592E+00  1.1543E-01
  4.6616E+00  1.1169E-01
  4.6641E+00  1.0624E-01
  4.6665E+00  1.0763E-01
  4.6689E+00  1.1722E-01
  4.6713E+00  1.2378E-01
  4.6737E+00  1.2126E-01
  4.6761E+00  1.2562E-01
  4.6786E+00  1.2751E-01
  4.6810E+00  1.2704E-01
  4.6834E+00  1.2467E-01
  4.6858E+00  1.2179E-01
  4.6882E+00  1.1638E-01
  4.6906E+00  1.1701E-01
  4.6931E+00  1.2058E-01
  4.6955E+00  1.1701E-01
  4.6979E+00  1.0791E-01
  4.7003E+00  9.2487E-02
  4.7027E+00  9.2231E-02
  4.7051E+00  9.0915E-02
  4.7076E+00  8.8235E-02
  4.7100E+00  8.5278E-02
  4.7124E+00  8.1204E-02
  4.7148E+00  7.5659E-02
  4.7172E+00  6.7270E-02
  4.7196E+00  6.7264E-02
  4.7221E+00  6.2983E-02
  4.7245E+00  7.5606E-02
  4.7269E+00  8.6011E-02
  4.7293E+00  9.2470E-02
  4.7317E+00  9.5640E-02
  4.7341E+00  9.6381E-02
  4.7366E+00  9.4365E-02
  4.7390E+00  8.4649E-02
  4.7414E+00  8.6404E-02
  4.7438E+00  9.3449E-02
  4.7462E+00  9.9442E-02
  4.7486E+00  1.0198E-01
  4.7511E+00  1.0269E-01
  4.7535E+00  1.0197E-01
  4.7559E+00  1.0173E-01
  4.7583E+00  9.9257E-02
  4.7607E+00  9.5048E-02
  4.7631E+00  8.8705E-02
  4.7656E+00  7.6390E-02
  4.7680E+00  6.9749E-02
  4.7704E+00  6.2517E-02
  4.7728E+00  4.8115E-02
  4.7752E+00  4.2608E-02
  4.7776E+00  3.6737E-02
  4.7801E+00  3.6467E-02
  4.7825E+00  3.6117E-02
  4.7849E+00  4.2226E-02
  4.7873E+00  4.7251E-02
  4.7897E+00  4.9854E-02
  4.7921E+00  6.0203E-02
  4.7946E+00  6.8137E-02
  4.7970E+00  7.2602E-02
  4.7994E+00  7.5200E-02
  4.8018E+00  7.6909E-02
  4.8042E+00  7.7759E-02
  4.8066E+00  7.7766E-02
  4.8091E+00  7.9109E-02
  4.8115E+00  7.9054E-02
  4.8139E+00  7.8767E-02
  4.8163E+00  7.5811E-02
  4.8187E+00  7.6271E-02
  4.8211E+00  7.5737E-02
  4.8236E+00  7.4308E-02
  4.8260E+00  7.7273E-02
  4.8284E+00  7.6665E-02
  4.8308E+00  6.9332E-02
  4.8332E+00  6.9870E-02
  4.8356E+00  7.8130E-02
  4.8381E+00  9.0694E-02
  4.8405E+00  9.8134E-02
  4.8429E+00  1.0024E-01
  4.8453E+00  9.8398E-02
  4.8477E+00  6.1072E-02
  4.8501E+00  6.1897E-02
  4.8526E+00  6.2007E-02
  4.8550E+00  6.7206E-02
  4.8574E+00  7.4271E-02
  4.8598E+00  7.8103E-02
  4.8622E+00  8.0717E-02
  4.8646E+00  8.6893E-02
  4.8671E+00  9.0176E-02
  4.8695E+00  9.2159E-02
  4.8719E+00  9.3012E-02
  4.8743E+00  9.3385E-02
  4.8767E+00  9.6458E-02
  4.8791E+00  9.7707E-02
  4.8816E+00  1.0250E-01
  4.8840E+00  1.0649E-01
  4.8864E+00  1.1211E-01
  4.8888E+00  1.1469E-01
  4.8912E+00  1.1603E-01
  4.8936E+00  1.1646E-01
  4.8961E+00  1.1612E-01
  4.8985E+00  1.1504E-01
  4.9009E+00  1.1319E-01
  4.9033E+00  1.1025E-01
  4.9057E+00  1.0743E-01
  4.9081E+00  1.0371E-01
  4.9106E+00  9.8665E-02
  4.9130E+00  9.2178E-02
  4.9154E+00  8.9216E-02
  4.9178E+00  8.4022E-02
  4.9202E+00  7.1649E-02
  4.9226E+00  7.0884E-02
  4.9251E+00  6.9775E-02
  4.9275E+00  6.8262E-02
  4.9299E+00  6.6148E-02
  4.9323E+00  6.1713E-02
  4.9347E+00  6.0905E-02
  4.9371E+00  5.9925E-02
  4.9396E+00  5.8763E-02
  4.9420E+00  5.7405E-02
  4.9444E+00  5.5828E-02
  4.9468E+00  5.3991E-02
  4.9492E+00  5.2736E-02
  4.9516E+00  5.1754E-02
  4.9540E+00  4.9500E-02
  4.9565E+00  4.7109E-02
  4.9589E+00  4.3187E-02
  4.9613E+00  3.9250E-02
  4.9637E+00  3.7511E-02
  4.9661E+00  3.6558E-02
  4.9685E+00  3.5369E-02
  4.9710E+00  3.3902E-02
  4.9734E+00  3.2072E-02
  4.9758E+00  2.9635E-02
  4.9782E+00  2.6036E-02
  4.9806E+00  2.3896E-02
  4.9830E+00  1.9348E-02
  4.9855E+00  1.8978E-02
  4.9879E+00  1.8575E-02
  4.9903E+00  1.8136E-02
  4.9927E+00  1.7656E-02
  4.9951E+00  1.7129E-02
  4.9975E+00  1.6974E-02
  5.0000E+00  1.6548E-02
  5.0024E+00  1.5924E-02
  5.0048E+00  1.4831E-02
  5.0072E+00  1.4234E-02
  5.0096E+00  1.3918E-02
  5.0120E+00  2.3465E-02
  5.0145E+00  3.2662E-02
  5.0169E+00  3.9512E-02
  5.0193E+00  4.4118E-02
  5.0217E+00  4.7196E-02
  5.0241E+00  4.9282E-02
  5.0265E+00  5.1159E-02
  5.0290E+00  5.2827E-02
  5.0314E+00  5.3424E-02
  5.0338E+00  5.3262E-02
  5.0362E+00  5.2266E-02
  5.0386E+00  4.9798E-02
  5.0410E+00  4.8647E-02
  5.0435E+00  5.0814E-02
  5.0459E+00  5.4170E-02
  5.0483E+00  5.6684E-02
  5.0507E+00  5.6673E-02
  5.0531E+00  5.5897E-02
  5.0555E+00  5.3732E-02
  5.0580E+00  5.0618E-02
  5.0604E+00  4.0252E-02
  5.0628E+00  4.2069E-02
  5.0652E+00  4.3279E-02
  5.0676E+00  4.4017E-02
  5.0700E+00  4.4317E-02
  5.0725E+00  4.4139E-02
  5.0749E+00  4.3537E-02
  5.0773E+00  5.0326E-02
  5.0797E+00  5.4063E-02
  5.0821E+00  5.6410E-02
  5.0845E+00  6.8555E-02
  5.0870E+00  7.8631E-02
  5.0894E+00  8.4369E-02
  5.0918E+00  8.8087E-02
  5.0942E+00  9.0421E-02
  5.0966E+00  9.1662E-02
  5.0990E+00  9.1962E-02
  5.1015E+00  9.1401E-02
  5.1039E+00  9.0002E-02
  5.1063E+00  8.7728E-02
  5.1087E+00  8.4406E-02
  5.1111E+00  7.8716E-02
  5.1135E+00  8.5408E-02
  5.1160E+00  8.9469E-02
  5.1184E+00  9.1711E-02
  5.1208E+00  9.1614E-02
  5.1232E+00  8.5145E-02
  5.1256E+00  8.3159E-02
  5.1280E+00  7.8310E-02
  5.1305E+00  7.5406E-02
  5.1329E+00  6.5143E-02
  5.1353E+00  6.6235E-02
  5.1377E+00  6.5913E-02
  5.1401E+00  6.6104E-02
  5.1425E+00  6.5708E-02
  5.1450E+00  6.4752E-02
  5.1474E+00  6.4512E-02
  5.1498E+00  6.3088E-02
  5.1522E+00  7.0790E-02
  5.1546E+00  8.0767E-02
  5.1570E+00  8.6026E-02
  5.1595E+00  8.7011E-02
  5.1619E+00  8.3130E-02
  5.1643E+00  7.3562E-02
  5.1667E+00  7.5184E-02
  5.1691E+00  7.9527E-02
  5.1715E+00  7.9980E-02
  5.1740E+00  8.2580E-02
  5.1764E+00  8.1199E-02
  5.1788E+00  8.0723E-02
  5.1812E+00  7.8686E-02
  5.1836E+00  7.4931E-02
  5.1860E+00  6.8548E-02
  5.1885E+00  5.5810E-02
  5.1909E+00  5.4241E-02
  5.1933E+00  5.1975E-02
  5.1957E+00  4.8823E-02
  5.1981E+00  4.4309E-02
  5.2005E+00  3.6046E-02
  5.2030E+00  2.9837E-02
  5.2054E+00  2.8451E-02
  5.2078E+00  2.5162E-02
  5.2102E+00  2.4920E-02
  5.2126E+00  2.5189E-02
  5.2150E+00  2.5421E-02
  5.2175E+00  2.5618E-02
  5.2199E+00  2.5781E-02
  5.2223E+00  2.5912E-02
  5.2247E+00  3.4104E-02
  5.2271E+00  3.9857E-02
  5.2295E+00  4.3409E-02
  5.2320E+00  4.5971E-02
  5.2344E+00  4.7899E-02
  5.2368E+00  4.9361E-02
  5.2392E+00  5.0453E-02
  5.2416E+00  5.1234E-02
  5.2440E+00  5.1744E-02
  5.2465E+00  5.2413E-02
  5.2489E+00  5.3619E-02
  5.2513E+00  5.4094E-02
  5.2537E+00  5.4201E-02
  5.2561E+00  5.4027E-02
  5.2585E+00  5.3607E-02
  5.2610E+00  5.2954E-02
  5.2634E+00  5.2075E-02
  5.2658E+00  5.0965E-02
  5.2682E+00  4.9615E-02
  5.2706E+00  4.8003E-02
  5.2730E+00  5.6179E-02
  5.2755E+00  6.0075E-02
  5.2779E+00  6.0988E-02
  5.2803E+00  6.7547E-02
  5.2827E+00  6.7274E-02
  5.2851E+00  6.1209E-02
  5.2875E+00  7.4237E-02
  5.2900E+00  9.6499E-02
  5.2924E+00  1.0827E-01
  5.2948E+00  1.1433E-01
  5.2972E+00  1.1658E-01
  5.2996E+00  1.1836E-01
  5.3020E+00  1.1790E-01
  5.3045E+00  1.1515E-01
  5.3069E+00  1.1552E-01
  5.3093E+00  1.1032E-01
  5.3117E+00  1.0936E-01
  5.3141E+00  1.0624E-01
  5.3165E+00  1.0601E-01
  5.3190E+00  1.0439E-01
  5.3214E+00  1.0852E-01
  5.3238E+00  1.0857E-01
  5.3262E+00  1.0538E-01
  5.3286E+00  9.9249E-02
  5.3310E+00  8.8153E-02
  5.3335E+00  7.7947E-02
  5.3359E+00  7.2870E-02
  5.3383E+00  5.9916E-02
  5.3407E+00  5.8945E-02
  5.3431E+00  5.7073E-02
  5.3455E+00  5.4175E-02
  5.3480E+00  4.9753E-02
  5.3504E+00  4.1901E-02
  5.3528E+00  3.7481E-02
  5.3552E+00  3.6895E-02
  5.3576E+00  3.5872E-02
  5.3600E+00  3.4192E-02
  5.3625E+00  3.2824E-02
  5.3649E+00  3.1733E-02
  5.3673E+00  3.0369E-02
  5.3697E+00  2.8676E-02
  5.3721E+00  2.6542E-02
  5.3745E+00  2.3705E-02
  5.3770E+00  1.9077E-02
  5.3794E+00  1.4528E-02
  5.3818E+00  1.4317E-02
  5.3842E+00  1.4067E-02
  5.3866E+00  1.3779E-02
  5.3890E+00  1.3449E-02
  5.3915E+00  1.5058E-02
  5.3939E+00  2.0346E-02
  5.3963E+00  2.3295E-02
  5.3987E+00  2.5040E-02
  5.4011E+00  2.7273E-02
  5.4035E+00  3.6534E-02
  5.4060E+00  4.0199E-02
  5.4084E+00  4.2282E-02
  5.4108E+00  4.3145E-02
  5.4132E+00  4.3465E-02
  5.4156E+00  4.2587E-02
  5.4180E+00  4.2074E-02
  5.4205E+00  4.2183E-02
  5.4229E+00  4.1807E-02
  5.4253E+00  4.0899E-02
  5.4277E+00  3.9228E-02
  5.4301E+00  3.6789E-02
  5.4325E+00  3.5504E-02
  5.4350E+00  3.3771E-02
  5.4374E+00  3.1445E-02
  5.4398E+00  2.8153E-02
  5.4422E+00  2.3845E-02
  5.4446E+00  2.2847E-02
  5.4470E+00  2.4119E-02
  5.4495E+00  2.5105E-02
  5.4519E+00  2.5605E-02
  5.4543E+00  2.5825E-02
  5.4567E+00  2.5822E-02
  5.4591E+00  2.5623E-02
  5.4615E+00  2.5237E-02
  5.4640E+00  2.4662E-02
  5.4664E+00  2.3885E-02
  5.4688E+00  2.2874E-02
  5.4712E+00  2.1570E-02
  5.4736E+00  1.9837E-02
  5.4760E+00  1.7235E-02
  5.4785E+00  1.5777E-02
  5.4809E+00  1.6643E-02
  5.4833E+00  1.7685E-02
  5.4857E+00  1.8438E-02
  5.4881E+00  1.8995E-02
  5.4905E+00  1.9392E-02
  5.4930E+00  1.9636E-02
  5.4954E+00  1.9670E-02
  5.4978E+00  1.9571E-02
  5.5002E+00  2.4532E-02
  5.5026E+00  3.0262E-02
  5.5050E+00  3.3464E-02
  5.5075E+00  3.5749E-02
  5.5099E+00  3.5707E-02
  5.5123E+00  3.7039E-02
  5.5147E+00  3.8048E-02
  5.5171E+00  4.7109E-02
  5.5195E+00  5.3809E-02
  5.5220E+00  5.7476E-02
  5.5244E+00  7.0888E-02
  5.5268E+00  7.9711E-02
  5.5292E+00  8.4583E-02
  5.5316E+00  8.7173E-02
  5.5340E+00  8.7570E-02
  5.5365E+00  8.7135E-02
  5.5389E+00  8.6723E-02
  5.5413E+00  8.5095E-02
  5.5437E+00  8.2031E-02
  5.5461E+00  7.6692E-02
  5.5485E+00  6.6773E-02
  5.5510E+00  6.5691E-02
  5.5534E+00  6.4194E-02
  5.5558E+00  6.1773E-02
  5.5582E+00  5.7689E-02
  5.5606E+00  5.4121E-02
  5.5630E+00  5.2360E-02
  5.5655E+00  5.0193E-02
  5.5679E+00  4.7545E-02
  5.5703E+00  4.4273E-02
  5.5727E+00  4.0073E-02
  5.5751E+00  3.4002E-02
  5.5775E+00  2.3200E-02
  5.5800E+00  2.3884E-02
  5.5824E+00  2.4431E-02
  5.5848E+00  2.4622E-02
  5.5872E+00  2.4648E-02
  5.5896E+00  5.7873E-02
  5.5920E+00  5.8224E-02
  5.5945E+00  5.6725E-02
  5.5969E+00  5.4771E-02
  5.5993E+00  5.1942E-02
  5.6017E+00  4.6743E-02
  5.6041E+00  3.2689E-02
  5.6065E+00  3.7767E-02
  5.6090E+00  3.6561E-02
  5.6114E+00  3.9416E-02
  5.6138E+00  4.1549E-02
  5.6162E+00  4.5112E-02
  5.6186E+00  4.8328E-02
  5.6210E+00  5.0287E-02
  5.6235E+00  5.1489E-02
  5.6259E+00  5.1885E-02
  5.6283E+00  5.1147E-02
  5.6307E+00  5.2326E-02
  5.6331E+00  5.4343E-02
  5.6355E+00  5.7851E-02
  5.6380E+00  6.0311E-02
  5.6404E+00  6.1765E-02
  5.6428E+00  6.2640E-02
  5.6452E+00  6.3065E-02
  5.6476E+00  6.5516E-02
  5.6500E+00  7.7327E-02
  5.6525E+00  8.1727E-02
  5.6549E+00  8.4023E-02
  5.6573E+00  8.4878E-02
  5.6597E+00  8.7058E-02
  5.6621E+00  8.9567E-02
  5.6645E+00  9.1181E-02
  5.6669E+00  9.1210E-02
  5.6694E+00  8.9849E-02
  5.6718E+00  9.3231E-02
  5.6742E+00  9.6619E-02
  5.6766E+00  9.6869E-02
  5.6790E+00  9.3982E-02
  5.6814E+00  9.3229E-02
  5.6839E+00  9.1192E-02
  5.6863E+00  8.7820E-02
  5.6887E+00  8.2831E-02
  5.6911E+00  7.5153E-02
  5.6935E+00  6.0025E-02
  5.6959E+00  5.7255E-02
  5.6984E+00  5.4688E-02
  5.7008E+00  5.0330E-02
  5.7032E+00  4.5376E-02
  5.7056E+00  4.4600E-02
  5.7080E+00  5.5226E-02
  5.7104E+00  6.1207E-02
  5.7129E+00  6.3365E-02
  5.7153E+00  6.3041E-02
  5.7177E+00  5.8812E-02
  5.7201E+00  6.1112E-02
  5.7225E+00  6.4986E-02
  5.7249E+00  6.7308E-02
  5.7274E+00  6.8656E-02
  5.7298E+00  6.9217E-02
  5.7322E+00  6.9037E-02
  5.7346E+00  6.7961E-02
  5.7370E+00  6.5833E-02
  5.7394E+00  6.5101E-02
  5.7419E+00  6.5755E-02
  5.7443E+00  6.4944E-02
  5.7467E+00  6.3463E-02
  5.7491E+00  6.1375E-02
  5.7515E+00  5.8645E-02
  5.7539E+00  5.5157E-02
  5.7564E+00  5.0648E-02
  5.7588E+00  4.4399E-02
  5.7612E+00  2.9529E-02
  5.7636E+00  2.8789E-02
  5.7660E+00  2.7845E-02
  5.7684E+00  2.6650E-02
  5.7709E+00  2.5103E-02
  5.7733E+00  2.2862E-02
  5.7757E+00  2.0222E-02
  5.7781E+00  1.5699E-02
  5.7805E+00  1.6121E-02
  5.7829E+00  1.6642E-02
  5.7854E+00  2.1962E-02
  5.7878E+00  2.7067E-02
  5.7902E+00  3.0145E-02
  5.7926E+00  3.2418E-02
  5.7950E+00  3.4201E-02
  5.7974E+00  3.5635E-02
  5.7999E+00  3.6797E-02
  5.8023E+00  3.7739E-02
  5.8047E+00  3.8492E-02
  5.8071E+00  3.9083E-02
  5.8095E+00  3.9844E-02
  5.8119E+00  4.1166E-02
  5.8144E+00  4.3810E-02
  5.8168E+00  5.3775E-02
  5.8192E+00  5.8229E-02
  5.8216E+00  6.1269E-02
  5.8240E+00  6.3470E-02
  5.8264E+00  6.5065E-02
  5.8289E+00  6.4490E-02
  5.8313E+00  6.5282E-02
  5.8337E+00  6.5725E-02
  5.8361E+00  6.8533E-02
  5.8385E+00  7.0091E-02
  5.8409E+00  7.0809E-02
  5.8434E+00  7.1802E-02
  5.8458E+00  7.1948E-02
  5.8482E+00  7.1630E-02
  5.8506E+00  7.0914E-02
  5.8530E+00  6.9818E-02
  5.8554E+00  6.8337E-02
  5.8579E+00  6.6439E-02
  5.8603E+00  6.4055E-02
  5.8627E+00  6.1031E-02
  5.8651E+00  5.6921E-02
  5.8675E+00  4.9768E-02
  5.8699E+00  4.7915E-02
  5.8724E+00  4.5098E-02
  5.8748E+00  4.4557E-02
  5.8772E+00  4.3166E-02
  5.8796E+00  4.1058E-02
  5.8820E+00  3.7996E-02
  5.8844E+00  5.4786E-02
  5.8869E+00  4.8453E-02
  5.8893E+00  4.4299E-02
  5.8917E+00  3.7837E-02
  5.8941E+00  2.8425E-02
  5.8965E+00  2.7950E-02
  5.8989E+00  3.0545E-02
  5.9014E+00  3.2811E-02
  5.9038E+00  3.4626E-02
  5.9062E+00  3.5980E-02
  5.9086E+00  3.7043E-02
  5.9110E+00  3.7892E-02
  5.9134E+00  3.8571E-02
  5.9159E+00  3.9109E-02
  5.9183E+00  3.9524E-02
  5.9207E+00  3.9829E-02
  5.9231E+00  4.0035E-02
  5.9255E+00  4.0149E-02
  5.9279E+00  4.0177E-02
  5.9304E+00  4.0122E-02
  5.9328E+00  3.9988E-02
  5.9352E+00  4.2177E-02
  5.9376E+00  4.4565E-02
  5.9400E+00  4.5758E-02
  5.9424E+00  4.6462E-02
  5.9449E+00  5.5699E-02
  5.9473E+00  5.9532E-02
  5.9497E+00  6.1718E-02
  5.9521E+00  6.2895E-02
  5.9545E+00  6.3259E-02
  5.9569E+00  6.2553E-02
  5.9594E+00  6.1912E-02
  5.9618E+00  6.0175E-02
  5.9642E+00  5.8710E-02
  5.9666E+00  5.7703E-02
  5.9690E+00  5.6269E-02
  5.9714E+00  5.4351E-02
  5.9739E+00  5.1828E-02
  5.9763E+00  4.8394E-02
  5.9787E+00  4.2659E-02
  5.9811E+00  3.7677E-02
  5.9835E+00  3.6841E-02
  5.9859E+00  3.5906E-02
  5.9884E+00  3.4863E-02
  5.9908E+00  3.3697E-02
  5.9932E+00  3.2386E-02
  5.9956E+00  3.0891E-02
  5.9980E+00  2.6463E-02
  6.0004E+00  2.4286E-02
  6.0029E+00  2.0376E-02
  6.0053E+00  1.8896E-02
  6.0077E+00  1.8130E-02
  6.0101E+00  1.7281E-02
  6.0125E+00  1.6332E-02
  6.0149E+00  1.5253E-02
  6.0174E+00  1.3993E-02
  6.0198E+00  1.2440E-02
  6.0222E+00  1.0029E-02
  6.0246E+00  6.8428E-03
  6.0270E+00  6.6883E-03
  6.0294E+00  6.5267E-03
  6.0319E+00  7.9081E-03
  6.0343E+00  9.1611E-03
  6.0367E+00  9.8700E-03
  6.0391E+00  1.0362E-02
  6.0415E+00  1.0720E-02
  6.0439E+00  1.0982E-02
  6.0464E+00  1.1166E-02
  6.0488E+00  1.1284E-02
  6.0512E+00  1.1340E-02
  6.0536E+00  1.1336E-02
  6.0560E+00  1.1268E-02
  6.0584E+00  1.1120E-02
  6.0609E+00  1.0823E-02
  6.0633E+00  1.0472E-02
  6.0657E+00  1.0412E-02
  6.0681E+00  1.1576E-02
  6.0705E+00  2.0315E-02
  6.0729E+00  2.3895E-02
  6.0754E+00  2.6216E-02
  6.0778E+00  2.7474E-02
  6.0802E+00  3.1782E-02
  6.0826E+00  3.4981E-02
  6.0850E+00  3.7334E-02
  6.0874E+00  3.9219E-02
  6.0899E+00  4.0767E-02
  6.0923E+00  4.2048E-02
  6.0947E+00  4.3107E-02
  6.0971E+00  4.3973E-02
  6.0995E+00  4.4670E-02
  6.1019E+00  4.5215E-02
  6.1044E+00  4.5622E-02
  6.1068E+00  4.5902E-02
  6.1092E+00  4.6064E-02
  6.1116E+00  4.6115E-02
  6.1140E+00  4.6061E-02
  6.1164E+00  4.5908E-02
  6.1189E+00  4.5658E-02
  6.1213E+00  4.5316E-02
  6.1237E+00  4.4883E-02
  6.1261E+00  4.4360E-02
  6.1285E+00  5.5030E-02
  6.1309E+00  4.7086E-02
  6.1334E+00  4.2257E-02
  6.1358E+00  4.1372E-02
  6.1382E+00  4.0390E-02
  6.1406E+00  3.9304E-02
  6.1430E+00  3.8106E-02
  6.1454E+00  3.9001E-02
  6.1479E+00  4.4684E-02
  6.1503E+00  3.9541E-02
  6.1527E+00  3.6354E-02
  6.1551E+00  3.4687E-02
  6.1575E+00  3.2513E-02
  6.1599E+00  2.9429E-02
  6.1624E+00  2.3049E-02
  6.1648E+00  2.2926E-02
  6.1672E+00  2.2742E-02
  6.1696E+00  3.1177E-02
  6.1720E+00  3.6051E-02
  6.1744E+00  3.9606E-02
  6.1769E+00  4.3292E-02
  6.1793E+00  5.5108E-02
  6.1817E+00  6.1199E-02
  6.1841E+00  6.6543E-02
  6.1865E+00  7.0400E-02
  6.1889E+00  8.1195E-02
  6.1914E+00  8.5457E-02
  6.1938E+00  8.9776E-02
  6.1962E+00  9.3046E-02
  6.1986E+00  9.5519E-02
  6.2010E+00  9.7334E-02
  6.2034E+00  9.8585E-02
  6.2059E+00  9.9333E-02
  6.2083E+00  9.9621E-02
  6.2107E+00  9.9733E-02
  6.2131E+00  9.9512E-02
  6.2155E+00  9.8753E-02
  6.2179E+00  9.7536E-02
  6.2204E+00  9.5848E-02
  6.2228E+00  9.3603E-02
  6.2252E+00  9.0336E-02
  6.2276E+00  8.7261E-02
  6.2300E+00  8.4814E-02
  6.2324E+00  8.1878E-02
  6.2349E+00  7.8288E-02
  6.2373E+00  7.3564E-02
  6.2397E+00  6.5867E-02
  6.2421E+00  6.3689E-02
  6.2445E+00  6.1120E-02
  6.2469E+00  5.7426E-02
  6.2494E+00  5.5283E-02
  6.2518E+00  5.2904E-02
  6.2542E+00  5.0244E-02
  6.2566E+00  5.1056E-02
  6.2590E+00  4.9302E-02
  6.2614E+00  5.4748E-02
  6.2639E+00  5.3409E-02
  6.2663E+00  5.0157E-02
  6.2687E+00  4.9939E-02
  6.2711E+00  4.5064E-02
  6.2735E+00  4.6959E-02
  6.2759E+00  4.8570E-02
  6.2784E+00  4.9946E-02
  6.2808E+00  5.1122E-02
  8.4377E-14  5.2125E-02
  2.4166E-03  6.0543E-02
  4.8332E-03  6.5478E-02
  7.2498E-03  6.8896E-02
  9.6664E-03  7.1539E-02
  1.2083E-02  7.3659E-02
  1.4500E-02  7.5382E-02
  1.6916E-02  7.7761E-02
  1.9333E-02  7.9345E-02
  2.1749E-02  8.2227E-02
  2.4166E-02  8.4156E-02
  2.6583E-02  8.3658E-02
  2.8999E-02  8.5080E-02
  3.1416E-02  8.6134E-02
  3.3833E-02  8.6917E-02
  3.6249E-02  8.7473E-02
  3.8666E-02  8.7829E-02
  4.1082E-02  8.8005E-02
  4.3499E-02  8.8015E-02
  4.5916E-02  8.7869E-02
  4.8332E-02  8.7574E-02
  5.0749E-02  1.2257E-01
  5.3165E-02  1.2209E-01
  5.5582E-02  1.2139E-01
  5.7999E-02  1.2047E-01
  6.0415E-02  1.1931E-01
  6.2832E-02  1.1791E-01
  6.5248E-02  1.1618E-01
  6.7665E-02  1.1381E-01
  7.0082E-02  1.1227E-01
  7.2498E-02  1.1055E-01
  7.4915E-02  1.0864E-01
  7.7332E-02  1.0653E-01
  7.9748E-02  1.0420E-01
  8.2165E-02  1.0161E-01
  8.4581E-02  9.8688E-02
  8.6998E-02  9.5281E-02
  8.9415E-02  9.0810E-02
  9.1831E-02  8.5570E-02
  9.4248E-02  8.3779E-02
  9.6664E-02  8.1872E-02
  9.9081E-02  7.9844E-02
  1.0150E-01  7.7687E-02
  1.0391E-01  7.5389E-02
  1.0633E-01  7.2938E-02
  1.0875E-01  7.0314E-02
  1.1116E-01  6.7491E-02
  1.1358E-01  6.4432E-02
  1.1600E-01  6.1083E-02
  1.1841E-01  5.7358E-02
  1.2083E-01  5.3103E-02
  1.2325E-01  4.7995E-02
  1.2566E-01  4.2890E-02
  1.2808E-01  3.3369E-02
  1.3050E-01  3.3560E-02
  1.3291E-01  3.3435E-02
  1.3533E-01  3.3041E-02
  1.3775E-01  3.2322E-02
  1.4016E-01  3.0845E-02
  1.4258E-01  2.9798E-02
  1.4500E-01  2.9604E-02
  1.4741E-01  2.9091E-02
  1.4983E-01  3.0701E-02
  1.5225E-01  3.1808E-02
  1.5466E-01  3.2534E-02
  1.5708E-01  3.3072E-02
  1.5950E-01  3.3476E-02
  1.6191E-01  3.3767E-02
  1.6433E-01  3.4415E-02
  1.6675E-01  3.4638E-02
  1.6916E-01  3.4926E-02
  1.7158E-01  3.5308E-02
  1.7400E-01  3.5621E-02
  1.7641E-01  6.0697E-02
  1.7883E-01  6.1927E-02
  1.8125E-01  6.2981E-02
  1.8366E-01  6.3881E-02
  1.8608E-01  6.4644E-02
  1.8850E-01  6.5285E-02
  1.9091E-01  6.5815E-02
  1.9333E-01  6.6244E-02
  1.9575E-01  6.6580E-02
  1.9816E-01  6.6831E-02
  2.0058E-01  6.7002E-02
  2.0300E-01  6.7098E-02
  2.0541E-01  6.7125E-02
  2.0783E-01  6.7086E-02
  2.1025E-01  6.7337E-02
  2.1266E-01  6.7536E-02
  2.1508E-01  6.7544E-02
  2.1749E-01  6.6108E-02
  2.1991E-01  6.6012E-02
  2.2233E-01  6.5850E-02
  2.2474E-01  6.5628E-02
  2.2716E-01  6.5352E-02
  2.2958E-01  6.5024E-02
  2.3199E-01  6.4646E-02
  2.3441E-01  6.4219E-02
  2.3683E-01  6.3744E-02
  2.3924E-01  6.3219E-02
  2.4166E-01  6.7125E-02
  2.4408E-01  6.8880E-02
  2.4649E-01  6.9774E-02
  2.4891E-01  7.0163E-02
  2.5133E-01  7.0171E-02
  2.5374E-01  7.0348E-02
  2.5616E-01  7.0358E-02
  2.5858E-01  8.7612E-02
  2.6099E-01  8.5239E-02
  2.6341E-01  8.2460E-02
  2.6583E-01  7.9071E-02
  2.6824E-01  7.4370E-02
  2.7066E-01  6.7837E-02
  2.7308E-01  6.7009E-02
  2.7549E-01  6.5985E-02
  2.7791E-01  6.4340E-02
  2.8033E-01  6.3743E-02
  2.8274E-01  6.3097E-02
  2.8516E-01  6.2405E-02
  2.8758E-01  6.1667E-02
  2.8999E-01  6.0887E-02
  2.9241E-01  6.0064E-02
  2.9483E-01  5.9202E-02
  2.9724E-01  5.8299E-02
  2.9966E-01  5.7358E-02
  3.0208E-01  5.6377E-02
  3.0449E-01  5.5358E-02
  3.0691E-01  5.4299E-02
  3.0933E-01  5.3201E-02
  3.1174E-01  5.2061E-02
  3.1416E-01  5.0878E-02
  3.1658E-01  4.9651E-02
  3.1899E-01  4.8375E-02
  3.2141E-01  4.7046E-02
  3.2383E-01  4.5658E-02
  3.2624E-01  4.4202E-02
  3.2866E-01  4.3325E-02
  3.3108E-01  4.3091E-02
  3.3349E-01  4.2045E-02
  3.3591E-01  4.0466E-02
  3.3833E-01  3.8701E-02
  3.4074E-01  3.6838E-02
  3.4316E-01  3.5945E-02
  3.4558E-01  3.4960E-02
  3.4799E-01  3.3881E-02
  3.5041E-01  3.2700E-02
  3.5283E-01  3.1401E-02
  3.5524E-01  2.9953E-02
  3.5766E-01  2.8271E-02
  3.6007E-01  2.5942E-02
  3.6249E-01  2.4563E-02
  3.6491E-01  2.3005E-02
  3.6732E-01  2.1174E-02
  3.6974E-01  1.9769E-02
  3.7216E-01  1.7175E-02
  3.7457E-01  1.5928E-02
  3.7699E-01  1.3126E-02
  3.7941E-01  1.3244E-02
  3.8182E-01  1.3135E-02
  3.8424E-01  1.3411E-02
  3.8666E-01  1.3658E-02
  3.8907E-01  1.3881E-02
  3.9149E-01  1.4083E-02
  3.9391E-01  1.4267E-02
  3.9632E-01  1.4433E-02
  3.9874E-01  1.4585E-02
  4.0116E-01  1.4723E-02
  4.0357E-01  1.4848E-02
  4.0599E-01  1.4961E-02
  4.0841E-01  1.5063E-02
  4.1082E-01  1.5155E-02
  4.1324E-01  1.5237E-02
  4.1566E-01  1.5310E-02
  4.1807E-01  1.5375E-02
  4.2049E-01  1.5432E-02
  4.2291E-01  1.5481E-02
  4.2532E-01  1.5523E-02
  4.2774E-01  1.5558E-02
  4.3016E-01  1.5586E-02
  4.3257E-01  1.5608E-02
  4.3499E-01  1.6044E-02
  4.3741E-01  1.6318E-02
  4.3982E-01  1.6507E-02
  4.4224E-01  1.6655E-02
  4.4466E-01  1.6776E-02
  4.4707E-01  1.6878E-02
  4.4949E-01  1.6964E-02
  4.5191E-01  1.7036E-02
  4.5432E-01  1.7097E-02
  4.5674E-01  1.7147E-02
  4.5916E-01  1.7189E-02
  4.6157E-01  1.7222E-02
  4.6399E-01  1.7247E-02
  4.6641E-01  1.7266E-02
  4.6882E-01  1.7277E-02
  4.7124E-01  1.7282E-02
  4.7366E-01  1.7282E-02
  4.7607E-01  1.7276E-02
  4.7849E-01  1.7264E-02
  4.8091E-01  1.7248E-02
  4.8332E-01  1.7227E-02
  4.8574E-01  1.7201E-02
  4.8816E-01  1.7171E-02
  4.9057E-01  1.7137E-02
  4.9299E-01  1.7098E-02
  4.9540E-01  1.7056E-02
  4.9782E-01  1.7010E-02
  5.0024E-01  1.6960E-02
  5.0265E-01  1.6907E-02
  5.0507E-01  1.6850E-02
  5.0749E-01  1.6790E-02
  5.0990E-01  1.6727E-02
  5.1232E-01  1.6661E-02
  5.1474E-01  1.6592E-02
  5.1715E-01  1.6519E-02
  5.1957E-01  1.6444E-02
  5.2199E-01  1.6366E-02
  5.2440E-01  1.6286E-02
  5.2682E-01  1.6202E-02
  5.2924E-01  1.6117E-02
  5.3165E-01  1.6028E-02
  5.3407E-01  1.5937E-02
  5.3649E-01  1.5843E-02
  5.3890E-01  1.5747E-02
  5.4132E-01  1.5648E-02
  5.4374E-01  1.5547E-02
  5.4615E-01  1.5444E-02
  5.4857E-01  1.5338E-02
  5.5099E-01  1.5229E-02
  5.5340E-01  1.5118E-02
  5.5582E-01  1.5005E-02
  5.5824E-01  1.4889E-02
  5.6065E-01  1.4771E-02
  5.6307E-01  1.4650E-02
  5.6549E-01  1.4526E-02
  5.6790E-01  1.4400E-02
  5.7032E-01  1.4271E-02
  5.7274E-01  1.4139E-02
  5.7515E-01  1.4003E-02
  5.7757E-01  1.3864E-02
  5.7999E-01  1.3722E-02
  5.8240E-01  1.3576E-02
  5.8482E-01  1.3425E-02
  5.8724E-01  1.3269E-02
  5.8965E-01  1.3106E-02
  5.9207E-01  1.2937E-02
  5.9449E-01  1.2758E-02
  5.9690E-01  1.2567E-02
  5.9932E-01  1.2355E-02
  6.0174E-01  1.2106E-02
  6.0415E-01  1.1670E-02
  6.0657E-01  1.1572E-02
  6.0899E-01  1.1472E-02
  6.1140E-01  1.1371E-02
  6.1382E-01  1.1270E-02
  6.1624E-01  1.1167E-02
  6.1865E-01  1.1063E-02
  6.2107E-01  1.0958E-02
  6.2349E-01  1.0853E-02
  6.2590E-01  1.0746E-02
  6.2832E-01  1.0638E-02
  6.3074E-01  1.0529E-02
  6.3315E-01  1.0419E-02
  6.3557E-01  1.0307E-02
  6.3798E-01  1.0195E-02
  6.4040E-01  1.0081E-02
  6.4282E-01  9.9663E-03
  6.4523E-01  9.8499E-03
  6.4765E-01  9.7322E-03
  6.5007E-01  9.6130E-03
  6.5248E-01  9.4922E-03
  6.5490E-01  9.3697E-03
  6.5732E-01  9.2454E-03
  6.5973E-01  9.1191E-03
  6.6215E-01  8.9907E-03
  6.6457E-01  8.8600E-03
  6.6698E-01  8.7266E-03
  6.6940E-01  8.5903E-03
  6.7182E-01  8.4507E-03
  6.7423E-01  8.3072E-03
  6.7665E-01  8.1593E-03
  6.7907E-01  8.0061E-03
  6.8148E-01  7.8463E-03
  6.8390E-01  7.6782E-03
  6.8632E-01  7.4991E-03
  6.8873E-01  7.3045E-03
  6.9115E-01  7.0853E-03
  6.9357E-01  6.8177E-03
  6.9598E-01  6.2774E-03
  6.9840E-01  6.2185E-03
  7.0082E-01  6.1594E-03
  7.0323E-01  6.1001E-03
  7.0565E-01  6.0405E-03
  7.0807E-01  5.9808E-03
  7.1048E-01  5.9207E-03
  7.1290E-01  5.8605E-03
  7.1532E-01  5.7999E-03
  7.1773E-01  5.7391E-03
  7.2015E-01  5.6780E-03
  7.2257E-01  5.9320E-03
  7.2498E-01  6.0182E-03
  7.2740E-01  6.0647E-03
  7.2982E-01  6.0913E-03
  7.3223E-01  6.1050E-03
  7.3465E-01  6.1095E-03
  7.3707E-01  6.1067E-03
  7.3948E-01  6.0980E-03
  7.4190E-01  6.0844E-03
  7.4432E-01  6.0665E-03
  7.4673E-01  2.1628E-02
  7.4915E-01  2.4085E-02
  7.5157E-01  2.3010E-02
  7.5398E-01  2.4710E-02
  7.5640E-01  2.6167E-02
  7.5882E-01  2.7430E-02
  7.6123E-01  2.8532E-02
  7.6365E-01  2.9496E-02
  7.6607E-01  3.0341E-02
  7.6848E-01  3.1079E-02
  7.7090E-01  3.1723E-02
  7.7332E-01  3.2281E-02
  7.7573E-01  3.2760E-02
  7.7815E-01  3.3166E-02
  7.8056E-01  3.5142E-02
  7.8298E-01  3.6836E-02
  7.8540E-01  3.7964E-02
  7.8781E-01  3.8827E-02
  7.9023E-01  5.7238E-02
  7.9265E-01  5.7627E-02
  7.9506E-01  5.7968E-02
  7.9748E-01  5.8260E-02
  7.9990E-01  5.8385E-02
  8.0231E-01  5.8353E-02
  8.0473E-01  5.8166E-02
  8.0715E-01  5.7825E-02
  8.0956E-01  5.7327E-02
  8.1198E-01  5.6665E-02
  8.1440E-01  5.5825E-02
  8.1681E-01  5.4782E-02
  8.1923E-01  5.3495E-02
  8.2165E-01  5.1884E-02
  8.2406E-01  8.6742E-02
  8.2648E-01  8.2799E-02
  8.2890E-01  7.8184E-02
  8.3131E-01  7.7293E-02
  8.3373E-01  7.6322E-02
  8.3615E-01  7.6306E-02
  8.3856E-01  7.6522E-02
  8.4098E-01  7.6098E-02
  8.4340E-01  7.5401E-02
  8.4581E-01  7.4509E-02
  8.4823E-01  7.3451E-02
  8.5065E-01  7.2240E-02
  8.5306E-01  7.0881E-02
  8.5548E-01  6.9372E-02
  8.5790E-01  6.7704E-02
  8.6031E-01  6.5865E-02
  8.6273E-01  6.3832E-02
  8.6515E-01  6.1570E-02
  8.6756E-01  5.9023E-02
  8.6998E-01  5.6087E-02
  8.7240E-01  5.2542E-02
  8.7481E-01  4.7679E-02
  8.7723E-01  4.0459E-02
  8.7965E-01  3.9686E-02
  8.8206E-01  3.8837E-02
  8.8448E-01  3.7902E-02
  8.8690E-01  4.1997E-02
  8.8931E-01  8.0098E-02
  8.9173E-01  8.1096E-02
  8.9415E-01  8.1402E-02
  8.9656E-01  8.1055E-02
  8.9898E-01  7.9840E-02
  9.0140E-01  7.4985E-02
  9.0381E-01  7.5888E-02
  9.0623E-01  7.9406E-02
  9.0865E-01  8.1388E-02
  9.1106E-01  8.2726E-02
  9.1348E-01  8.3678E-02
  9.1590E-01  8.6053E-02
  9.1831E-01  8.7323E-02
  9.2073E-01  8.8134E-02
  9.2314E-01  8.8628E-02
  9.2556E-01  9.5601E-02
  9.2798E-01  1.0117E-01
  9.3039E-01  1.0444E-01
  9.3281E-01  1.0664E-01
  9.3523E-01  1.0813E-01
  9.3764E-01  1.0904E-01
  9.4006E-01  1.0945E-01
  9.4248E-01  1.0938E-01
  9.4489E-01  1.0882E-01
  9.4731E-01  1.0764E-01
  9.4973E-01  1.0441E-01
  9.5214E-01  1.0380E-01
  9.5456E-01  1.0291E-01
  9.5698E-01  1.0170E-01
  9.5939E-01  1.0014E-01
  9.6181E-01  9.8117E-02
  9.6423E-01  9.5437E-02
  9.6664E-01  9.1427E-02
  9.6906E-01  8.9478E-02
  9.7148E-01  9.8131E-02
  9.7389E-01  1.0266E-01
  9.7631E-01  1.0584E-01
  9.7873E-01  1.0823E-01
  9.8114E-01  1.1005E-01
  9.8356E-01  1.1143E-01
  9.8598E-01  1.1243E-01
  9.8839E-01  1.1313E-01
  9.9081E-01  1.1354E-01
  9.9323E-01  1.1370E-01
  9.9564E-01  1.1364E-01
  9.9806E-01  1.1336E-01
  1.0005E+00  1.1551E-01
  1.0029E+00  1.1712E-01
  1.0053E+00  1.2131E-01
  1.0077E+00  1.2393E-01
  1.0101E+00  1.2528E-01
  1.0126E+00  1.2593E-01
  1.0150E+00  1.2605E-01
  1.0174E+00  1.2572E-01
  1.0198E+00  1.2497E-01
  1.0222E+00  1.2407E-01
  1.0246E+00  1.2256E-01
  1.0271E+00  1.1980E-01
  1.0295E+00  1.1822E-01
  1.0319E+00  1.1626E-01
  1.0343E+00  1.1385E-01
  1.0367E+00  1.1087E-01
  1.0391E+00  1.0693E-01
  1.0416E+00  9.9074E-02
  1.0440E+00  9.7774E-02
  1.0464E+00  9.6253E-02
  1.0488E+00  9.4480E-02
  1.0512E+00  9.2408E-02
  1.0536E+00  8.9954E-02
  1.0561E+00  8.6947E-02
  1.0585E+00  8.2943E-02
  1.0609E+00  7.3630E-02
  1.0633E+00  7.8952E-02
  1.0657E+00  8.2171E-02
  1.0681E+00  8.8194E-02
  1.0706E+00  9.1184E-02
  1.0730E+00  9.3346E-02
  1.0754E+00  9.4984E-02
  1.0778E+00  9.6235E-02
  1.0802E+00  9.7176E-02
  1.0826E+00  9.7857E-02
  1.0851E+00  9.8312E-02
  1.0875E+00  9.8565E-02
  1.0899E+00  9.8635E-02
  1.0923E+00  9.8535E-02
  1.0947E+00  9.8276E-02
  1.0971E+00  9.7864E-02
  1.0996E+00  9.7305E-02
  1.1020E+00  9.6602E-02
  1.1044E+00  1.0016E-01
  1.1068E+00  1.0810E-01
  1.1092E+00  1.1400E-01
  1.1116E+00  1.1712E-01
  1.1141E+00  1.2080E-01
  1.1165E+00  1.2987E-01
  1.1189E+00  1.3700E-01
  1.1213E+00  1.4070E-01
  1.1237E+00  1.4249E-01
  1.1261E+00  1.4210E-01
  1.1286E+00  1.4744E-01
  1.1310E+00  1.4919E-01
  1.1334E+00  1.4927E-01
  1.1358E+00  1.5026E-01
  1.1382E+00  1.5022E-01
  1.1406E+00  1.4915E-01
  1.1431E+00  1.4680E-01
  1.1455E+00  1.4121E-01
  1.1479E+00  1.3860E-01
  1.1503E+00  1.4127E-01
  1.1527E+00  1.4179E-01
  1.1551E+00  1.4049E-01
  1.1576E+00  1.3781E-01
  1.1600E+00  1.3353E-01
  1.1624E+00  1.3266E-01
  1.1648E+00  1.5294E-01
  1.1672E+00  1.6510E-01
  1.1696E+00  1.6929E-01
  1.1721E+00  1.7282E-01
  1.1745E+00  1.7584E-01
  1.1769E+00  1.7711E-01
  1.1793E+00  1.7663E-01
  1.1817E+00  1.7339E-01
  1.1841E+00  1.7862E-01
  1.1866E+00  1.8130E-01
  1.1890E+00  1.8162E-01
  1.1914E+00  1.8017E-01
  1.1938E+00  1.7695E-01
  1.1962E+00  1.7124E-01
  1.1986E+00  1.6051E-01
  1.2011E+00  1.5869E-01
  1.2035E+00  1.5613E-01
  1.2059E+00  1.5089E-01
  1.2083E+00  1.4677E-01
  1.2107E+00  1.4177E-01
  1.2131E+00  1.3574E-01
  1.2156E+00  1.2838E-01
  1.2180E+00  1.1861E-01
  1.2204E+00  1.1676E-01
  1.2228E+00  1.1040E-01
  1.2252E+00  9.8440E-02
  1.2276E+00  9.3777E-02
  1.2301E+00  9.2691E-02
  1.2325E+00  9.0958E-02
  1.2349E+00  8.8600E-02
  1.2373E+00  9.6099E-02
  1.2397E+00  9.8928E-02
  1.2421E+00  9.8632E-02
  1.2446E+00  9.5726E-02
  1.2470E+00  8.6202E-02
  1.2494E+00  8.3778E-02
  1.2518E+00  7.7566E-02
  1.2542E+00  7.3123E-02
  1.2566E+00  7.3937E-02
