  5.6573E+00  1.3295E-02
  5.6597E+00  1.1882E-02
  5.6621E+00  8.8816E-03
  5.6645E+00  8.7862E-03
  5.6669E+00  8.6798E-03
  5.6694E+00  8.5624E-03
  5.6718E+00  8.4337E-03
  5.6742E+00  8.2934E-03
  5.6766E+00  8.1411E-03
  5.6790E+00  7.9764E-03
  5.6814E+00  7.7986E-03
  5.6839E+00  7.6070E-03
  5.6863E+00  7.4007E-03
  5.6887E+00  7.1786E-03
  5.6911E+00  6.9392E-03
  5.6935E+00  6.6806E-03
  5.6959E+00  6.9531E-03
  5.6984E+00  7.0048E-03
  5.7008E+00  6.9162E-03
  5.7032E+00  1.4048E-02
  5.7056E+00  6.4928E-03
  5.7080E+00  9.0676E-03
  5.7104E+00  1.0373E-02
  5.7129E+00  1.0810E-02
  5.7153E+00  1.0955E-02
  5.7177E+00  1.1646E-02
  5.7201E+00  1.2192E-02
  5.7225E+00  1.2617E-02
  5.7249E+00  1.2925E-02
  5.7274E+00  1.3101E-02
  5.7298E+00  1.3042E-02
  5.7322E+00  1.2931E-02
  5.7346E+00  1.3276E-02
  5.7370E+00  1.3581E-02
  5.7394E+00  1.3850E-02
  5.7419E+00  1.4086E-02
  5.7443E+00  1.4291E-02
  5.7467E+00  1.4468E-02
  5.7491E+00  1.4618E-02
  5.7515E+00  1.7954E-02
  5.7539E+00  2.0613E-02
  5.7564E+00  2.2008E-02
  5.7588E+00  2.3645E-02
  5.7612E+00  2.5314E-02
  5.7636E+00  2.6734E-02
  5.7660E+00  2.7341E-02
  5.7684E+00  2.7426E-02
  5.7709E+00  2.6999E-02
  5.7733E+00  2.5895E-02
  5.7757E+00  2.2934E-02
  5.7781E+00  2.1682E-02
  5.7805E+00  2.1925E-02
  5.7829E+00  2.2117E-02
  5.7854E+00  2.2263E-02
  5.7878E+00  2.2366E-02
  5.7902E+00  2.2428E-02
  5.7926E+00  2.2450E-02
  5.7950E+00  2.2435E-02
  5.7974E+00  2.2383E-02
  5.7999E+00  2.5752E-02
  5.8023E+00  2.7634E-02
  5.8047E+00  2.8827E-02
  5.8071E+00  2.9675E-02
  5.8095E+00  3.0291E-02
  5.8119E+00  3.0727E-02
  5.8144E+00  3.1010E-02
  5.8168E+00  3.1156E-02
  5.8192E+00  3.1171E-02
  5.8216E+00  3.1052E-02
  5.8240E+00  3.0788E-02
  5.8264E+00  3.0349E-02
  5.8289E+00  2.9661E-02
  5.8313E+00  2.8458E-02
  5.8337E+00  2.6682E-02
  5.8361E+00  2.6838E-02
  5.8385E+00  2.6954E-02
  5.8409E+00  2.7033E-02
  5.8434E+00  2.7075E-02
  5.8458E+00  2.7083E-02
  5.8482E+00  3.0655E-02
  5.8506E+00  3.3708E-02
  5.8530E+00  3.5459E-02
  5.8554E+00  3.6657E-02
  5.8579E+00  3.7502E-02
  5.8603E+00  3.8086E-02
  5.8627E+00  3.9571E-02
  5.8651E+00  4.0727E-02
  5.8675E+00  4.1378E-02
  5.8699E+00  4.5933E-02
  5.8724E+00  5.3903E-02
  5.8748E+00  5.7555E-02
  5.8772E+00  5.9699E-02
  5.8796E+00  9.1185E-02
  5.8820E+00  9.2845E-02
  5.8844E+00  9.3472E-02
  5.8869E+00  9.3174E-02
  5.8893E+00  9.2007E-02
  5.8917E+00  9.6324E-02
  5.8941E+00  1.0278E-01
  5.8965E+00  1.0387E-01
  5.8989E+00  1.0231E-01
  5.9014E+00  9.8184E-02
  5.9038E+00  8.9601E-02
  5.9062E+00  8.0229E-02
  5.9086E+00  7.8274E-02
  5.9110E+00  7.5159E-02
  5.9134E+00  7.0064E-02
  5.9159E+00  6.6645E-02
  5.9183E+00  6.1566E-02
  5.9207E+00  4.9901E-02
  5.9231E+00  4.9390E-02
  5.9255E+00  4.8649E-02
  5.9279E+00  4.8068E-02
  5.9304E+00  4.7111E-02
  5.9328E+00  4.5113E-02
  5.9352E+00  4.4191E-02
  5.9376E+00  4.3054E-02
  5.9400E+00  4.1698E-02
  5.9424E+00  4.0108E-02
  5.9449E+00  3.8257E-02
  5.9473E+00  3.6098E-02
  5.9497E+00  3.3550E-02
  5.9521E+00  3.0462E-02
  5.9545E+00  2.6482E-02
  5.9569E+00  2.0247E-02
  5.9594E+00  1.3470E-02
  5.9618E+00  1.3341E-02
  5.9642E+00  1.3193E-02
  5.9666E+00  1.3021E-02
  5.9690E+00  1.2822E-02
  5.9714E+00  1.2585E-02
  5.9739E+00  1.2286E-02
  5.9763E+00  1.3190E-02
  5.9787E+00  1.3703E-02
  5.9811E+00  1.4112E-02
  5.9835E+00  1.4400E-02
  5.9859E+00  1.6507E-02
  5.9884E+00  1.7764E-02
  5.9908E+00  1.7524E-02
  5.9932E+00  1.4879E-02
  5.9956E+00  1.4879E-02
  5.9980E+00  1.4837E-02
  6.0004E+00  1.4752E-02
  6.0029E+00  1.4618E-02
  6.0053E+00  1.4425E-02
  6.0077E+00  1.4135E-02
  6.0101E+00  1.3476E-02
  6.0125E+00  1.3442E-02
  6.0149E+00  1.3390E-02
  6.0174E+00  1.3319E-02
  6.0198E+00  1.3229E-02
  6.0222E+00  1.3122E-02
  6.0246E+00  1.2996E-02
  6.0270E+00  1.2852E-02
  6.0294E+00  1.2688E-02
  6.0319E+00  1.2506E-02
  6.0343E+00  1.2303E-02
  6.0367E+00  1.2079E-02
  6.0391E+00  1.3488E-02
  6.0415E+00  1.4184E-02
  6.0439E+00  1.4551E-02
  6.0464E+00  2.8434E-02
  6.0488E+00  1.6419E-02
  6.0512E+00  1.4780E-02
  6.0536E+00  1.4634E-02
  6.0560E+00  1.4356E-02
  6.0584E+00  1.3850E-02
  6.0609E+00  1.2910E-02
  6.0633E+00  1.2943E-02
  6.0657E+00  1.2937E-02
  6.0681E+00  1.2890E-02
  6.0705E+00  1.2800E-02
  6.0729E+00  1.2663E-02
  6.0754E+00  1.9759E-02
  6.0778E+00  2.5803E-02
  6.0802E+00  2.9214E-02
  6.0826E+00  3.1334E-02
  6.0850E+00  3.2685E-02
  6.0874E+00  3.4464E-02
  6.0899E+00  3.5896E-02
  6.0923E+00  3.7048E-02
  6.0947E+00  3.7964E-02
  6.0971E+00  4.9117E-02
  6.0995E+00  4.1523E-02
  6.1019E+00  4.1535E-02
  6.1044E+00  4.2103E-02
  6.1068E+00  4.2433E-02
  6.1092E+00  4.5032E-02
  6.1116E+00  4.6193E-02
  6.1140E+00  4.6797E-02
  6.1164E+00  5.2133E-02
  6.1189E+00  5.5837E-02
  6.1213E+00  5.7573E-02
  6.1237E+00  5.8293E-02
  6.1261E+00  5.8216E-02
  6.1285E+00  5.7364E-02
  6.1309E+00  5.5520E-02
  6.1334E+00  5.1738E-02
  6.1358E+00  4.7421E-02
  6.1382E+00  4.5546E-02
  6.1406E+00  4.4365E-02
  6.1430E+00  4.2908E-02
  6.1454E+00  4.1123E-02
  6.1479E+00  3.8914E-02
  6.1503E+00  3.6070E-02
  6.1527E+00  3.1891E-02
  6.1551E+00  2.5309E-02
  6.1575E+00  2.5105E-02
  6.1599E+00  2.4831E-02
  6.1624E+00  2.4483E-02
  6.1648E+00  2.4054E-02
  6.1672E+00  2.3697E-02
  6.1696E+00  2.3797E-02
  6.1720E+00  2.3362E-02
  6.1744E+00  2.2586E-02
  6.1769E+00  2.0917E-02
  6.1793E+00  2.0181E-02
  6.1817E+00  2.0137E-02
  6.1841E+00  2.1908E-02
  6.1865E+00  2.3787E-02
  6.1889E+00  2.4818E-02
  6.1914E+00  2.5513E-02
  6.1938E+00  2.9878E-02
  6.1962E+00  3.2996E-02
  6.1986E+00  3.4934E-02
  6.2010E+00  3.6282E-02
  6.2034E+00  3.7196E-02
  6.2059E+00  3.7683E-02
  6.2083E+00  4.1801E-02
  6.2107E+00  4.5168E-02
  6.2131E+00  4.7535E-02
  6.2155E+00  4.9370E-02
  6.2179E+00  5.0835E-02
  6.2204E+00  5.2010E-02
  6.2228E+00  5.2946E-02
  6.2252E+00  5.5823E-02
  6.2276E+00  6.3978E-02
  6.2300E+00  7.0612E-02
  6.2324E+00  7.4784E-02
  6.2349E+00  7.7836E-02
  6.2373E+00  8.0151E-02
  6.2397E+00  8.1910E-02
  6.2421E+00  8.3216E-02
  6.2445E+00  8.4136E-02
  6.2469E+00  8.4715E-02
  6.2494E+00  8.6000E-02
  6.2518E+00  8.6594E-02
  6.2542E+00  8.6724E-02
  6.2566E+00  8.6501E-02
  6.2590E+00  8.5960E-02
  6.2614E+00  8.5106E-02
  6.2639E+00  8.3924E-02
  6.2663E+00  8.2366E-02
  6.2687E+00  8.0291E-02
  6.2711E+00  7.8359E-02
  6.2735E+00  7.8260E-02
  6.2759E+00  7.7219E-02
  6.2784E+00  7.5079E-02
  6.2808E+00  8.0692E-02
  6.2832E+00  8.7561E-02
  2.4166E-03  9.6684E-02
  4.8332E-03  1.0155E-01
  7.2498E-03  1.0488E-01
  9.6664E-03  1.0723E-01
  1.2083E-02  1.0882E-01
  1.4500E-02  1.0979E-01
  1.6916E-02  1.1020E-01
  1.9333E-02  1.1006E-01
  2.1749E-02  1.0943E-01
  2.4166E-02  1.0836E-01
  2.6583E-02  1.0659E-01
  2.8999E-02  1.0362E-01
  3.1416E-02  1.0352E-01
  3.3833E-02  1.0281E-01
  3.6249E-02  1.0112E-01
  3.8666E-02  9.7939E-02
  4.1082E-02  9.5301E-02
  4.3499E-02  9.0954E-02
  4.5916E-02  8.7348E-02
  4.8332E-02  8.7242E-02
  5.0749E-02  8.8147E-02
  5.3165E-02  9.5895E-02
  5.5582E-02  1.0033E-01
  5.7999E-02  1.0326E-01
  6.0415E-02  1.0422E-01
  6.2832E-02  1.0493E-01
  6.5248E-02  1.0839E-01
  6.7665E-02  1.1178E-01
  7.0082E-02  1.1762E-01
  7.2498E-02  1.2297E-01
  7.4915E-02  1.2636E-01
  7.7332E-02  1.2878E-01
  7.9748E-02  1.3113E-01
  8.2165E-02  1.3263E-01
  8.4581E-02  1.3348E-01
  8.6998E-02  1.3374E-01
  8.9415E-02  1.3339E-01
  9.1831E-02  1.3226E-01
  9.4248E-02  1.2937E-01
  9.6664E-02  1.2717E-01
  9.9081E-02  1.2751E-01
  1.0150E-01  1.2763E-01
  1.0391E-01  1.2752E-01
  1.0633E-01  1.2718E-01
  1.0875E-01  1.2658E-01
  1.1116E-01  1.2569E-01
  1.1358E-01  1.2436E-01
  1.1600E-01  1.2133E-01
  1.1841E-01  1.2098E-01
  1.2083E-01  1.2070E-01
  1.2325E-01  1.2065E-01
  1.2566E-01  1.2023E-01
  1.2808E-01  1.1963E-01
  1.3050E-01  1.2383E-01
  1.3291E-01  1.2865E-01
  1.3533E-01  1.3098E-01
  1.3775E-01  1.3233E-01
  1.4016E-01  1.3307E-01
  1.4258E-01  1.3334E-01
  1.4500E-01  1.3321E-01
  1.4741E-01  1.3273E-01
  1.4983E-01  1.3188E-01
  1.5225E-01  1.3152E-01
  1.5466E-01  1.3026E-01
  1.5708E-01  1.2913E-01
  1.5950E-01  1.2747E-01
  1.6191E-01  1.2418E-01
  1.6433E-01  1.2296E-01
  1.6675E-01  1.2215E-01
  1.6916E-01  1.2487E-01
  1.7158E-01  1.2679E-01
  1.7400E-01  1.2739E-01
  1.7641E-01  1.2735E-01
  1.7883E-01  1.2686E-01
  1.8125E-01  1.2599E-01
  1.8366E-01  1.2478E-01
  1.8608E-01  1.2320E-01
  1.8850E-01  1.2122E-01
  1.9091E-01  1.1869E-01
  1.9333E-01  1.1527E-01
  1.9575E-01  1.1002E-01
  1.9816E-01  1.0905E-01
  2.0058E-01  1.0793E-01
  2.0300E-01  1.0664E-01
  2.0541E-01  1.0515E-01
  2.0783E-01  1.0332E-01
  2.1025E-01  1.0098E-01
  2.1266E-01  9.9731E-02
  2.1508E-01  9.8380E-02
  2.1749E-01  9.6924E-02
  2.1991E-01  9.5358E-02
  2.2233E-01  9.3669E-02
  2.2474E-01  9.1835E-02
  2.2716E-01  8.9799E-02
  2.2958E-01  8.7260E-02
  2.3199E-01  8.5090E-02
  2.3441E-01  8.3333E-02
  2.3683E-01  8.1478E-02
  2.3924E-01  7.9514E-02
  2.4166E-01  7.7427E-02
  2.4408E-01  7.6043E-02
  2.4649E-01  7.4391E-02
  2.4891E-01  7.2234E-02
  2.5133E-01  6.9603E-02
  2.5374E-01  6.5942E-02
  2.5616E-01  6.2724E-02
  2.5858E-01  6.0406E-02
  2.6099E-01  5.8444E-02
  2.6341E-01  5.6116E-02
  2.6583E-01  5.2809E-02
  2.6824E-01  4.9975E-02
  2.7066E-01  4.8810E-02
  2.7308E-01  4.7532E-02
  2.7549E-01  4.6091E-02
  2.7791E-01  4.6415E-02
  2.8033E-01  4.5270E-02
  2.8274E-01  4.5415E-02
  2.8516E-01  4.5281E-02
  2.8758E-01  4.4938E-02
  2.8999E-01  4.4381E-02
  2.9241E-01  4.3445E-02
  2.9483E-01  4.2576E-02
  2.9724E-01  4.5693E-02
  2.9966E-01  4.9230E-02
  3.0208E-01  5.1247E-02
  3.0449E-01  5.2539E-02
  3.0691E-01  5.3401E-02
  3.0933E-01  5.3943E-02
  3.1174E-01  5.4218E-02
  3.1416E-01  5.4244E-02
  3.1658E-01  5.4013E-02
  3.1899E-01  5.3478E-02
  3.2141E-01  5.2478E-02
  3.2383E-01  4.9512E-02
  3.2624E-01  4.9547E-02
  3.2866E-01  7.7970E-02
  3.3108E-01  7.8489E-02
  3.3349E-01  7.8906E-02
  3.3591E-01  7.9224E-02
  3.3833E-01  7.9442E-02
  3.4074E-01  7.9768E-02
  3.4316E-01  7.9971E-02
  3.4558E-01  7.9889E-02
  3.4799E-01  7.9452E-02
  3.5041E-01  7.9704E-02
  3.5283E-01  7.9895E-02
  3.5524E-01  8.0031E-02
  3.5766E-01  8.0115E-02
  3.6007E-01  8.0151E-02
  3.6249E-01  8.0142E-02
  3.6491E-01  8.0089E-02
  3.6732E-01  7.9995E-02
  3.6974E-01  7.9859E-02
  3.7216E-01  7.9682E-02
  3.7457E-01  7.9462E-02
  3.7699E-01  7.9196E-02
  3.7941E-01  7.8876E-02
  3.8182E-01  7.8478E-02
  3.8424E-01  7.7894E-02
  3.8666E-01  7.7404E-02
  3.8907E-01  7.7190E-02
  3.9149E-01  7.6956E-02
  3.9391E-01  7.6703E-02
  3.9632E-01  7.6432E-02
  3.9874E-01  7.6144E-02
  4.0116E-01  7.5839E-02
  4.0357E-01  7.5518E-02
  4.0599E-01  7.5182E-02
  4.0841E-01  7.4831E-02
  4.1082E-01  7.4466E-02
  4.1324E-01  7.4087E-02
  4.1566E-01  7.3693E-02
  4.1807E-01  7.3286E-02
  4.2049E-01  7.2864E-02
  4.2291E-01  7.2429E-02
  4.2532E-01  7.1979E-02
  4.2774E-01  7.1514E-02
  4.3016E-01  7.1032E-02
  4.3257E-01  7.0531E-02
  4.3499E-01  7.0007E-02
  4.3741E-01  6.9453E-02
  4.3982E-01  6.8849E-02
  4.4224E-01  6.8053E-02
  4.4466E-01  6.7522E-02
  4.4707E-01  6.7074E-02
  4.4949E-01  6.6616E-02
  4.5191E-01  6.6149E-02
  4.5432E-01  6.5670E-02
  4.5674E-01  6.5179E-02
  4.5916E-01  6.4673E-02
  4.6157E-01  6.4148E-02
  4.6399E-01  6.3597E-02
  4.6641E-01  6.3004E-02
  4.6882E-01  6.2309E-02
  4.7124E-01  6.1537E-02
  4.7366E-01  6.1140E-02
  4.7607E-01  6.0742E-02
  4.7849E-01  6.0340E-02
  4.8091E-01  5.9937E-02
  4.8332E-01  5.9531E-02
  4.8574E-01  5.9122E-02
  4.8816E-01  5.8712E-02
  4.9057E-01  5.8299E-02
  4.9299E-01  5.7884E-02
  4.9540E-01  5.7467E-02
  4.9782E-01  5.7047E-02
  5.0024E-01  5.6625E-02
  5.0265E-01  5.6200E-02
  5.0507E-01  5.5773E-02
  5.0749E-01  5.5343E-02
  5.0990E-01  5.4910E-02
  5.1232E-01  5.4474E-02
  5.1474E-01  5.4034E-02
  5.1715E-01  5.3589E-02
  5.1957E-01  5.3141E-02
  5.2199E-01  5.2686E-02
  5.2440E-01  5.2225E-02
  5.2682E-01  5.1756E-02
  5.2924E-01  5.1275E-02
  5.3165E-01  5.0779E-02
  5.3407E-01  5.0259E-02
  5.3649E-01  4.9684E-02
  5.3890E-01  4.8999E-02
  5.4132E-01  4.8596E-02
  5.4374E-01  4.8191E-02
  5.4615E-01  4.7780E-02
  5.4857E-01  4.7363E-02
  5.5099E-01  4.6937E-02
  5.5340E-01  4.6496E-02
  5.5582E-01  4.6025E-02
  5.5824E-01  4.5413E-02
  5.6065E-01  4.5061E-02
  5.6307E-01  4.4708E-02
  5.6549E-01  4.4355E-02
  5.6790E-01  4.4002E-02
  5.7032E-01  4.3648E-02
  5.7274E-01  4.3294E-02
  5.7515E-01  4.2939E-02
  5.7757E-01  4.2583E-02
  5.7999E-01  4.2225E-02
  5.8240E-01  4.1867E-02
  5.8482E-01  4.1506E-02
  5.8724E-01  4.1143E-02
  5.8965E-01  4.0778E-02
  5.9207E-01  4.0409E-02
  5.9449E-01  4.0037E-02
  5.9690E-01  3.9661E-02
  5.9932E-01  3.9279E-02
  6.0174E-01  3.8890E-02
  6.0415E-01  3.8493E-02
  6.0657E-01  3.8085E-02
  6.0899E-01  3.7663E-02
  6.1140E-01  3.7221E-02
  6.1382E-01  3.6750E-02
  6.1624E-01  3.6230E-02
  6.1865E-01  3.5600E-02
  6.2107E-01  3.4670E-02
  6.2349E-01  3.4454E-02
  6.2590E-01  3.4239E-02
  6.2832E-01  3.4023E-02
  6.3074E-01  3.3808E-02
  6.3315E-01  3.3592E-02
  6.3557E-01  3.3377E-02
  6.3798E-01  3.3161E-02
  6.4040E-01  3.2944E-02
  6.4282E-01  3.2726E-02
  6.4523E-01  3.2508E-02
  6.4765E-01  3.2288E-02
  6.5007E-01  3.2067E-02
  6.5248E-01  3.1844E-02
  6.5490E-01  3.1619E-02
  6.5732E-01  3.1391E-02
  6.5973E-01  5.7971E-02
  6.6215E-01  5.7608E-02
  6.6457E-01  5.7218E-02
  6.6698E-01  5.6801E-02
  6.6940E-01  5.6353E-02
  6.7182E-01  5.5872E-02
  6.7423E-01  5.5350E-02
  6.7665E-01  5.4768E-02
  6.7907E-01  5.4055E-02
  6.8148E-01  5.3333E-02
  6.8390E-01  5.2906E-02
  6.8632E-01  5.2461E-02
  6.8873E-01  5.1999E-02
  6.9115E-01  5.1518E-02
  6.9357E-01  5.1019E-02
  6.9598E-01  5.0502E-02
  6.9840E-01  4.9966E-02
  7.0082E-01  4.9411E-02
  7.0323E-01  4.8836E-02
  7.0565E-01  4.8240E-02
  7.0807E-01  4.7623E-02
  7.1048E-01  4.6983E-02
  7.1290E-01  4.6320E-02
  7.1532E-01  4.5631E-02
  7.1773E-01  4.4915E-02
  7.2015E-01  4.4171E-02
  7.2257E-01  4.3394E-02
  7.2498E-01  4.2582E-02
  7.2740E-01  4.1730E-02
  7.2982E-01  4.0834E-02
  7.3223E-01  3.9885E-02
  7.3465E-01  3.8876E-02
  7.3707E-01  3.7792E-02
  7.3948E-01  3.6614E-02
  7.4190E-01  3.5313E-02
  7.4432E-01  3.3836E-02
  7.4673E-01  3.2080E-02
  7.4915E-01  2.9750E-02
  7.5157E-01  2.5089E-02
  7.5398E-01  2.4985E-02
  7.5640E-01  2.4881E-02
  7.5882E-01  2.4778E-02
  7.6123E-01  2.4675E-02
  7.6365E-01  2.4572E-02
  7.6607E-01  2.4470E-02
  7.6848E-01  2.4368E-02
  7.7090E-01  2.4267E-02
  7.7332E-01  2.4166E-02
  7.7573E-01  2.6210E-02
  7.7815E-01  2.7262E-02
  7.8056E-01  2.7858E-02
  7.8298E-01  2.8221E-02
  7.8540E-01  2.8427E-02
  7.8781E-01  2.8508E-02
  7.9023E-01  2.8482E-02
  7.9265E-01  2.8359E-02
  7.9506E-01  2.8141E-02
  7.9748E-01  2.7824E-02
  7.9990E-01  2.7400E-02
  8.0231E-01  2.6844E-02
  8.0473E-01  2.6107E-02
  8.0715E-01  2.5046E-02
  8.0956E-01  2.2688E-02
  8.1198E-01  2.2592E-02
  8.1440E-01  2.2496E-02
  8.1681E-01  2.2399E-02
  8.1923E-01  2.2303E-02
  8.2165E-01  2.2208E-02
  8.2406E-01  2.2112E-02
  8.2648E-01  2.2016E-02
  8.2890E-01  2.1921E-02
  8.3131E-01  2.1826E-02
  8.3373E-01  2.1730E-02
  8.3615E-01  2.1635E-02
  8.3856E-01  2.1540E-02
  8.4098E-01  2.1445E-02
  8.4340E-01  2.1350E-02
  8.4581E-01  2.1255E-02
  8.4823E-01  2.1160E-02
  8.5065E-01  2.1065E-02
  8.5306E-01  2.0970E-02
  8.5548E-01  2.0876E-02
  8.5790E-01  2.0781E-02
  8.6031E-01  2.0686E-02
  8.6273E-01  2.0591E-02
  8.6515E-01  2.0496E-02
  8.6756E-01  2.0401E-02
  8.6998E-01  2.0306E-02
  8.7240E-01  2.0211E-02
  8.7481E-01  2.0116E-02
  8.7723E-01  2.0020E-02
  8.7965E-01  1.9925E-02
  8.8206E-01  1.9829E-02
  8.8448E-01  1.9734E-02
  8.8690E-01  1.9638E-02
  8.8931E-01  1.9542E-02
  8.9173E-01  1.9446E-02
  8.9415E-01  1.9350E-02
  8.9656E-01  1.9253E-02
  8.9898E-01  1.9157E-02
  9.0140E-01  1.9060E-02
  9.0381E-01  1.8963E-02
  9.0623E-01  1.8866E-02
  9.0865E-01  1.8769E-02
  9.1106E-01  1.8671E-02
  9.1348E-01  1.8573E-02
  9.1590E-01  1.8475E-02
  9.1831E-01  1.8376E-02
  9.2073E-01  1.8278E-02
  9.2314E-01  1.8179E-02
  9.2556E-01  1.8079E-02
  9.2798E-01  1.7980E-02
  9.3039E-01  1.7880E-02
  9.3281E-01  1.7779E-02
  9.3523E-01  1.7679E-02
  9.3764E-01  1.7577E-02
  9.4006E-01  1.7476E-02
  9.4248E-01  1.7374E-02
  9.4489E-01  1.7272E-02
  9.4731E-01  1.7169E-02
  9.4973E-01  1.7066E-02
  9.5214E-01  1.6962E-02
  9.5456E-01  1.6858E-02
  9.5698E-01  1.6754E-02
  9.5939E-01  1.6649E-02
  9.6181E-01  1.6543E-02
  9.6423E-01  1.6437E-02
  9.6664E-01  1.6330E-02
  9.6906E-01  1.6223E-02
  9.7148E-01  1.6115E-02
  9.7389E-01  4.6603E-02
  9.7631E-01  4.5193E-02
  9.7873E-01  4.3646E-02
  9.8114E-01  4.1945E-02
  9.8356E-01  4.0066E-02
  9.8598E-01  4.3298E-02
  9.8839E-01  4.3311E-02
  9.9081E-01  4.2103E-02
  9.9323E-01  3.9884E-02
  9.9564E-01  3.6302E-02
  9.9806E-01  2.6463E-02
  1.0005E+00  2.6667E-02
  1.0029E+00  2.6696E-02
  1.0053E+00  2.6564E-02
  1.0077E+00  2.6278E-02
  1.0101E+00  2.5840E-02
  1.0126E+00  2.5245E-02
  1.0150E+00  2.4479E-02
  1.0174E+00  2.3516E-02
  1.0198E+00  2.2309E-02
  1.0222E+00  2.0755E-02
  1.0246E+00  1.8585E-02
  1.0271E+00  1.3417E-02
  1.0295E+00  1.3288E-02
  1.0319E+00  1.3156E-02
  1.0343E+00  1.3024E-02
  1.0367E+00  1.2889E-02
  1.0391E+00  1.2753E-02
  1.0416E+00  1.2616E-02
  1.0440E+00  1.2477E-02
  1.0464E+00  1.2335E-02
  1.0488E+00  1.2192E-02
  1.0512E+00  1.2047E-02
  1.0536E+00  1.1900E-02
  1.0561E+00  1.1750E-02
  1.0585E+00  1.1598E-02
  1.0609E+00  1.1444E-02
  1.0633E+00  1.1286E-02
  1.0657E+00  1.1126E-02
  1.0681E+00  1.0963E-02
  1.0706E+00  1.0796E-02
  1.0730E+00  1.0625E-02
  1.0754E+00  1.0451E-02
  1.0778E+00  1.0272E-02
  1.0802E+00  1.0088E-02
  1.0826E+00  9.8992E-03
  1.0851E+00  9.7043E-03
  1.0875E+00  9.5028E-03
  1.0899E+00  9.2936E-03
  1.0923E+00  1.0065E-02
  1.0947E+00  1.0333E-02
  1.0971E+00  1.0453E-02
  1.0996E+00  1.0491E-02
  1.1020E+00  1.0469E-02
  1.1044E+00  1.0391E-02
  1.1068E+00  1.0253E-02
  1.1092E+00  1.0033E-02
  1.1116E+00  9.6528E-03
  1.1141E+00  9.0030E-03
  1.1165E+00  9.0915E-03
  1.1189E+00  9.1702E-03
  1.1213E+00  9.2399E-03
  1.1237E+00  9.3017E-03
  1.1261E+00  9.3561E-03
  1.1286E+00  1.6601E-02
  1.1310E+00  2.4608E-02
  1.1334E+00  2.9228E-02
  1.1358E+00  3.2594E-02
  1.1382E+00  3.5213E-02
  1.1406E+00  3.7310E-02
  1.1431E+00  4.0764E-02
  1.1455E+00  4.4240E-02
  1.1479E+00  4.6604E-02
  1.1503E+00  4.8444E-02
  1.1527E+00  4.9915E-02
  1.1551E+00  5.1089E-02
  1.1576E+00  5.2013E-02
  1.1600E+00  5.2717E-02
  1.1624E+00  5.3224E-02
  1.1648E+00  5.3550E-02
  1.1672E+00  5.3708E-02
  1.1696E+00  5.3707E-02
  1.1721E+00  5.3553E-02
  1.1745E+00  5.3252E-02
  1.1769E+00  5.2806E-02
  1.1793E+00  5.2216E-02
  1.1817E+00  5.1480E-02
  1.1841E+00  5.0593E-02
  1.1866E+00  4.9548E-02
  1.1890E+00  4.8335E-02
  1.1914E+00  4.6936E-02
  1.1938E+00  8.4074E-02
  1.1962E+00  8.2318E-02
  1.1986E+00  8.0048E-02
  1.2011E+00  7.7164E-02
  1.2035E+00  7.3435E-02
  1.2059E+00  6.8162E-02
  1.2083E+00  5.8798E-02
  1.2107E+00  5.7790E-02
  1.2131E+00  5.6581E-02
  1.2156E+00  5.5159E-02
  1.2180E+00  5.3508E-02
  1.2204E+00  5.1603E-02
  1.2228E+00  4.9403E-02
  1.2252E+00  4.6847E-02
  1.2276E+00  4.3829E-02
  1.2301E+00  4.0141E-02
  1.2325E+00  3.8266E-02
  1.2349E+00  3.3136E-02
  1.2373E+00  2.6568E-02
  1.2397E+00  2.7518E-02
  1.2421E+00  2.8307E-02
  1.2446E+00  2.8980E-02
  1.2470E+00  2.9562E-02
  1.2494E+00  3.0069E-02
  1.2518E+00  3.0514E-02
  1.2542E+00  3.0904E-02
  1.2566E+00  3.2426E-02
  1.2591E+00  3.3538E-02
  1.2615E+00  6.8587E-02
  1.2639E+00  7.0588E-02
  1.2663E+00  7.2137E-02
  1.2687E+00  7.3301E-02
  1.2711E+00  7.4128E-02
  1.2736E+00  7.4648E-02
  1.2760E+00  7.4887E-02
  1.2784E+00  7.5836E-02
  1.2808E+00  8.1851E-02
  1.2832E+00  8.6457E-02
  1.2856E+00  8.8735E-02
  1.2881E+00  8.9874E-02
  1.2905E+00  9.0180E-02
  1.2929E+00  8.9771E-02
  1.2953E+00  8.8681E-02
  1.2977E+00  8.6882E-02
  1.3001E+00  8.4253E-02
  1.3026E+00  8.1939E-02
  1.3050E+00  7.7576E-02
  1.3074E+00  7.3425E-02
  1.3098E+00  6.1893E-02
  1.3122E+00  6.2518E-02
  1.3146E+00  6.2985E-02
  1.3171E+00  6.3315E-02
  1.3195E+00  6.3522E-02
  1.3219E+00  6.3617E-02
  1.3243E+00  6.3607E-02
  1.3267E+00  6.3499E-02
  1.3291E+00  6.6414E-02
  1.3316E+00  6.7572E-02
  1.3340E+00  6.8201E-02
  1.3364E+00  6.8519E-02
  1.3388E+00  6.8602E-02
  1.3412E+00  6.8489E-02
  1.3436E+00  6.8202E-02
  1.3461E+00  6.7753E-02
  1.3485E+00  6.7146E-02
  1.3509E+00  7.0481E-02
  1.3533E+00  7.1149E-02
  1.3557E+00  7.1158E-02
  1.3581E+00  8.6464E-02
  1.3606E+00  9.7552E-02
  1.3630E+00  1.0291E-01
  1.3654E+00  1.0631E-01
  1.3678E+00  1.0888E-01
  1.3702E+00  1.1760E-01
  1.3726E+00  1.2219E-01
  1.3751E+00  1.2399E-01
  1.3775E+00  1.2386E-01
  1.3799E+00  1.2173E-01
  1.3823E+00  1.1657E-01
  1.3847E+00  1.1480E-01
  1.3871E+00  1.1196E-01
  1.3896E+00  1.0797E-01
  1.3920E+00  1.0259E-01
  1.3944E+00  9.5058E-02
  1.3968E+00  8.4668E-02
  1.3992E+00  7.7460E-02
  1.4016E+00  6.9576E-02
  1.4041E+00  6.2406E-02
  1.4065E+00  5.1813E-02
  1.4089E+00  3.8294E-02
  1.4113E+00  3.1503E-02
  1.4137E+00  2.9298E-02
  1.4161E+00  2.6135E-02
  1.4185E+00  2.2843E-02
  1.4210E+00  2.0748E-02
  1.4234E+00  1.9007E-02
  1.4258E+00  1.8588E-02
  1.4282E+00  1.8131E-02
  1.4306E+00  1.7624E-02
  1.4330E+00  1.7051E-02
  1.4355E+00  1.6376E-02
  1.4379E+00  1.5507E-02
  1.4403E+00  1.3739E-02
  1.4427E+00  2.1086E-02
  1.4451E+00  2.3970E-02
  1.4475E+00  3.3767E-02
  1.4500E+00  4.9421E-02
  1.4524E+00  6.2281E-02
  1.4548E+00  6.9940E-02
  1.4572E+00  7.5235E-02
  1.4596E+00  9.6319E-02
  1.4620E+00  1.1475E-01
  1.4645E+00  1.2544E-01
  1.4669E+00  1.3251E-01
  1.4693E+00  1.3704E-01
  1.4717E+00  1.3950E-01
  1.4741E+00  1.4001E-01
  1.4765E+00  1.3861E-01
  1.4790E+00  1.3963E-01
  1.4814E+00  1.4117E-01
  1.4838E+00  1.4330E-01
  1.4862E+00  1.4313E-01
  1.4886E+00  1.4111E-01
  1.4910E+00  1.3728E-01
  1.4935E+00  1.3134E-01
  1.4959E+00  1.2197E-01
  1.4983E+00  1.1379E-01
  1.5007E+00  1.1389E-01
  1.5031E+00  1.0986E-01
  1.5055E+00  1.0233E-01
  1.5080E+00  9.9640E-02
  1.5104E+00  9.4967E-02
  1.5128E+00  8.7302E-02
  1.5152E+00  8.4397E-02
  1.5176E+00  8.5995E-02
  1.5200E+00  9.1618E-02
  1.5225E+00  9.1205E-02
  1.5249E+00  8.8064E-02
  1.5273E+00  9.3142E-02
  1.5297E+00  9.5657E-02
  1.5321E+00  9.6670E-02
  1.5345E+00  9.6449E-02
  1.5370E+00  9.5051E-02
  1.5394E+00  1.0126E-01
  1.5418E+00  1.0318E-01
  1.5442E+00  9.9345E-02
  1.5466E+00  9.2699E-02
  1.5490E+00  9.8698E-02
  1.5515E+00  1.1089E-01
  1.5539E+00  1.2251E-01
  1.5563E+00  1.3335E-01
  1.5587E+00  1.3853E-01
  1.5611E+00  1.4150E-01
  1.5635E+00  1.4240E-01
  1.5660E+00  1.4146E-01
  1.5684E+00  1.3869E-01
  1.5708E+00  1.3390E-01
  1.5732E+00  1.2634E-01
  1.5756E+00  1.1127E-01
  1.5780E+00  1.0085E-01
  1.5805E+00  9.5553E-02
  1.5829E+00  9.2810E-02
  1.5853E+00  1.0017E-01
  1.5877E+00  1.0562E-01
  1.5901E+00  1.0169E-01
  1.5925E+00  1.0122E-01
  1.5950E+00  9.5813E-02
  1.5974E+00  9.2961E-02
  1.5998E+00  8.6191E-02
  1.6022E+00  8.2940E-02
  1.6046E+00  7.8796E-02
  1.6070E+00  6.7252E-02
  1.6095E+00  8.2022E-02
  1.6119E+00  9.7613E-02
  1.6143E+00  1.0614E-01
  1.6167E+00  1.1153E-01
  1.6191E+00  1.1501E-01
  1.6215E+00  1.1704E-01
  1.6240E+00  1.1787E-01
  1.6264E+00  1.1764E-01
  1.6288E+00  1.1642E-01
  1.6312E+00  1.2707E-01
  1.6336E+00  1.2931E-01
  1.6360E+00  1.2844E-01
  1.6385E+00  1.2433E-01
  1.6409E+00  1.1968E-01
  1.6433E+00  1.1532E-01
  1.6457E+00  1.1108E-01
  1.6481E+00  1.0687E-01
  1.6505E+00  9.9753E-02
  1.6530E+00  1.4267E-01
  1.6554E+00  1.4868E-01
  1.6578E+00  1.4829E-01
  1.6602E+00  1.4033E-01
  1.6626E+00  1.5116E-01
  1.6650E+00  1.6600E-01
  1.6675E+00  1.8633E-01
  1.6699E+00  1.9445E-01
  1.6723E+00  1.9627E-01
  1.6747E+00  1.9323E-01
  1.6771E+00  1.8601E-01
  1.6795E+00  1.6879E-01
  1.6820E+00  1.5875E-01
  1.6844E+00  1.5218E-01
  1.6868E+00  1.4713E-01
  1.6892E+00  1.3958E-01
  1.6916E+00  1.3543E-01
  1.6940E+00  1.2763E-01
  1.6965E+00  1.1272E-01
  1.6989E+00  1.0795E-01
  1.7013E+00  1.0115E-01
  1.7037E+00  9.0810E-02
  1.7061E+00  7.6256E-02
  1.7085E+00  6.7074E-02
  1.7110E+00  5.9885E-02
  1.7134E+00  5.8138E-02
  1.7158E+00  5.5939E-02
  1.7182E+00  6.7633E-02
  1.7206E+00  7.0348E-02
  1.7230E+00  6.9961E-02
  1.7255E+00  6.6387E-02
  1.7279E+00  5.9132E-02
  1.7303E+00  7.1885E-02
  1.7327E+00  7.7049E-02
  1.7351E+00  8.2130E-02
  1.7375E+00  8.6651E-02
  1.7400E+00  9.0569E-02
  1.7424E+00  9.2623E-02
  1.7448E+00  9.3268E-02
  1.7472E+00  9.2702E-02
  1.7496E+00  1.0754E-01
  1.7520E+00  1.1187E-01
  1.7545E+00  1.1247E-01
  1.7569E+00  1.1042E-01
  1.7593E+00  1.0589E-01
  1.7617E+00  9.8516E-02
  1.7641E+00  8.6707E-02
  1.7665E+00  6.7105E-02
  1.7690E+00  4.8841E-02
  1.7714E+00  4.7164E-02
  1.7738E+00  4.4177E-02
  1.7762E+00  4.1804E-02
  1.7786E+00  3.9396E-02
  1.7810E+00  4.3464E-02
  1.7835E+00  5.0103E-02
  1.7859E+00  5.0936E-02
  1.7883E+00  4.8090E-02
  1.7907E+00  3.7668E-02
  1.7931E+00  4.3576E-02
  1.7955E+00  4.6740E-02
  1.7980E+00  4.8931E-02
  1.8004E+00  6.1088E-02
  1.8028E+00  8.2295E-02
  1.8052E+00  1.0578E-01
  1.8076E+00  1.2986E-01
  1.8100E+00  1.4692E-01
  1.8125E+00  1.6747E-01
  1.8149E+00  1.7780E-01
  1.8173E+00  1.8204E-01
  1.8197E+00  1.8168E-01
  1.8221E+00  1.7705E-01
  1.8245E+00  1.6780E-01
  1.8270E+00  1.5202E-01
  1.8294E+00  1.2764E-01
  1.8318E+00  1.0421E-01
  1.8342E+00  8.9683E-02
  1.8366E+00  9.8937E-02
  1.8390E+00  1.0089E-01
  1.8415E+00  9.6671E-02
  1.8439E+00  8.4885E-02
  1.8463E+00  8.5834E-02
  1.8487E+00  8.3910E-02
  1.8511E+00  7.9147E-02
  1.8535E+00  8.7080E-02
  1.8560E+00  9.8747E-02
  1.8584E+00  1.0545E-01
  1.8608E+00  1.2961E-01
  1.8632E+00  1.3821E-01
  1.8656E+00  1.4426E-01
  1.8680E+00  1.4749E-01
  1.8705E+00  1.4942E-01
  1.8729E+00  1.5548E-01
  1.8753E+00  1.6022E-01
  1.8777E+00  1.5821E-01
  1.8801E+00  1.5059E-01
  1.8825E+00  1.3732E-01
  1.8850E+00  1.3869E-01
  1.8874E+00  1.3567E-01
  1.8898E+00  1.4137E-01
  1.8922E+00  1.3008E-01
  1.8946E+00  1.0361E-01
  1.8970E+00  1.0706E-01
  1.8995E+00  1.1251E-01
  1.9019E+00  1.0742E-01
  1.9043E+00  9.7305E-02
  1.9067E+00  9.5239E-02
  1.9091E+00  8.9688E-02
  1.9115E+00  7.6172E-02
  1.9140E+00  7.2783E-02
  1.9164E+00  6.6522E-02
  1.9188E+00  6.2871E-02
  1.9212E+00  5.3860E-02
  1.9236E+00  5.2780E-02
  1.9260E+00  5.1117E-02
  1.9285E+00  6.1466E-02
  1.9309E+00  7.0148E-02
  1.9333E+00  7.6525E-02
  1.9357E+00  7.9795E-02
  1.9381E+00  8.1061E-02
  1.9405E+00  8.0665E-02
  1.9430E+00  7.8532E-02
  1.9454E+00  7.3883E-02
  1.9478E+00  6.3170E-02
  1.9502E+00  7.8854E-02
  1.9526E+00  8.5459E-02
  1.9550E+00  8.9135E-02
  1.9575E+00  9.3492E-02
  1.9599E+00  9.8243E-02
  1.9623E+00  9.9417E-02
  1.9647E+00  9.8635E-02
  1.9671E+00  9.6061E-02
  1.9695E+00  9.4770E-02
  1.9720E+00  1.0081E-01
  1.9744E+00  1.0670E-01
  1.9768E+00  1.1512E-01
  1.9792E+00  1.1863E-01
  1.9816E+00  1.1783E-01
  1.9840E+00  1.0961E-01
  1.9865E+00  1.0291E-01
  1.9889E+00  1.3490E-01
  1.9913E+00  1.6438E-01
  1.9937E+00  1.7453E-01
  1.9961E+00  1.7016E-01
  1.9985E+00  1.7497E-01
  2.0010E+00  1.7607E-01
  2.0034E+00  1.7372E-01
  2.0058E+00  1.7222E-01
  2.0082E+00  1.7498E-01
  2.0106E+00  1.6537E-01
  2.0130E+00  1.5879E-01
  2.0155E+00  1.5867E-01
  2.0179E+00  1.5244E-01
  2.0203E+00  1.3732E-01
  2.0227E+00  1.3485E-01
  2.0251E+00  1.2903E-01
  2.0275E+00  1.1909E-01
  2.0300E+00  1.0071E-01
  2.0324E+00  7.8714E-02
  2.0348E+00  7.7289E-02
  2.0372E+00  7.4710E-02
  2.0396E+00  7.0534E-02
  2.0420E+00  8.0463E-02
  2.0445E+00  7.9049E-02
  2.0469E+00  8.3860E-02
  2.0493E+00  1.0068E-01
  2.0517E+00  1.2750E-01
  2.0541E+00  1.4136E-01
  2.0565E+00  1.4866E-01
  2.0590E+00  1.5176E-01
  2.0614E+00  1.5145E-01
  2.0638E+00  1.4789E-01
  2.0662E+00  1.4068E-01
  2.0686E+00  1.2723E-01
  2.0710E+00  1.1200E-01
  2.0735E+00  1.0493E-01
  2.0759E+00  9.5072E-02
  2.0783E+00  9.8320E-02
  2.0807E+00  9.8637E-02
  2.0831E+00  1.0400E-01
  2.0855E+00  9.6502E-02
  2.0880E+00  8.8277E-02
  2.0904E+00  8.8176E-02
  2.0928E+00  1.0128E-01
  2.0952E+00  1.0364E-01
  2.0976E+00  9.8929E-02
  2.1000E+00  8.7635E-02
  2.1025E+00  6.9555E-02
  2.1049E+00  6.2274E-02
  2.1073E+00  4.8519E-02
  2.1097E+00  3.5864E-02
  2.1121E+00  2.8837E-02
  2.1145E+00  1.2007E-02
  2.1170E+00  1.4099E-02
  2.1194E+00  3.6530E-02
  2.1218E+00  5.1316E-02
  2.1242E+00  5.9283E-02
  2.1266E+00  8.1823E-02
  2.1290E+00  9.1695E-02
  2.1314E+00  9.6992E-02
  2.1339E+00  9.8952E-02
  2.1363E+00  9.8519E-02
  2.1387E+00  9.6031E-02
  2.1411E+00  9.2241E-02
  2.1435E+00  8.9608E-02
  2.1459E+00  7.8547E-02
  2.1484E+00  9.2684E-02
  2.1508E+00  1.0463E-01
  2.1532E+00  1.2888E-01
  2.1556E+00  1.3411E-01
  2.1580E+00  1.2881E-01
  2.1604E+00  1.3958E-01
  2.1629E+00  1.5631E-01
  2.1653E+00  1.6230E-01
  2.1677E+00  1.7388E-01
  2.1701E+00  1.7952E-01
  2.1725E+00  1.7728E-01
  2.1749E+00  1.6938E-01
  2.1774E+00  1.5552E-01
  2.1798E+00  1.2306E-01
  2.1822E+00  1.0990E-01
  2.1846E+00  9.8172E-02
  2.1870E+00  9.0771E-02
  2.1894E+00  9.3250E-02
  2.1919E+00  1.1391E-01
  2.1943E+00  1.3780E-01
  2.1967E+00  1.6434E-01
  2.1991E+00  1.8292E-01
  2.2015E+00  1.9291E-01
  2.2039E+00  2.2555E-01
  2.2064E+00  2.7678E-01
  2.2088E+00  2.9805E-01
  2.2112E+00  3.0761E-01
  2.2136E+00  3.0805E-01
  2.2160E+00  2.9902E-01
  2.2184E+00  2.7255E-01
  2.2209E+00  2.8144E-01
  2.2233E+00  2.7174E-01
  2.2257E+00  2.5823E-01
  2.2281E+00  2.4947E-01
  2.2305E+00  2.4896E-01
  2.2329E+00  2.7974E-01
  2.2354E+00  3.0070E-01
  2.2378E+00  2.8057E-01
  2.2402E+00  2.5680E-01
  2.2426E+00  2.3386E-01
  2.2450E+00  2.1863E-01
  2.2474E+00  2.3439E-01
  2.2499E+00  2.4142E-01
  2.2523E+00  2.3827E-01
  2.2547E+00  2.2551E-01
  2.2571E+00  2.0379E-01
  2.2595E+00  1.7487E-01
  2.2619E+00  1.7833E-01
  2.2644E+00  1.8328E-01
  2.2668E+00  1.8152E-01
  2.2692E+00  1.7197E-01
  2.2716E+00  1.6597E-01
  2.2740E+00  1.7517E-01
  2.2764E+00  1.8066E-01
  2.2789E+00  2.0239E-01
  2.2813E+00  2.0955E-01
  2.2837E+00  2.1006E-01
  2.2861E+00  2.2590E-01
  2.2885E+00  2.3495E-01
  2.2909E+00  2.3116E-01
  2.2934E+00  2.3391E-01
  2.2958E+00  2.4702E-01
  2.2982E+00  2.6311E-01
  2.3006E+00  2.8085E-01
  2.3030E+00  2.7632E-01
  2.3054E+00  2.5680E-01
  2.3079E+00  2.1637E-01
  2.3103E+00  1.9034E-01
  2.3127E+00  1.7481E-01
  2.3151E+00  1.5788E-01
  2.3175E+00  1.3033E-01
  2.3199E+00  1.1763E-01
  2.3224E+00  1.0750E-01
  2.3248E+00  1.0625E-01
  2.3272E+00  1.3187E-01
  2.3296E+00  1.6206E-01
  2.3320E+00  1.7550E-01
  2.3344E+00  1.8142E-01
  2.3369E+00  1.9759E-01
  2.3393E+00  2.0809E-01
  2.3417E+00  2.1992E-01
  2.3441E+00  2.3862E-01
  2.3465E+00  2.4525E-01
  2.3489E+00  2.4500E-01
  2.3514E+00  2.3876E-01
  2.3538E+00  2.3545E-01
  2.3562E+00  2.1963E-01
  2.3586E+00  1.7784E-01
  2.3610E+00  1.6355E-01
  2.3634E+00  1.5404E-01
  2.3659E+00  1.2939E-01
  2.3683E+00  1.4979E-01
  2.3707E+00  1.5491E-01
  2.3731E+00  1.8477E-01
  2.3755E+00  2.0605E-01
  2.3779E+00  2.2081E-01
  2.3804E+00  2.2545E-01
  2.3828E+00  2.2201E-01
  2.3852E+00  2.1737E-01
  2.3876E+00  2.0318E-01
  2.3900E+00  1.7459E-01
  2.3924E+00  1.2435E-01
  2.3949E+00  1.2163E-01
  2.3973E+00  1.1852E-01
  2.3997E+00  1.3168E-01
  2.4021E+00  1.5276E-01
  2.4045E+00  1.5370E-01
  2.4069E+00  1.3118E-01
  2.4094E+00  1.6139E-01
  2.4118E+00  1.9531E-01
  2.4142E+00  2.1066E-01
  2.4166E+00  2.1777E-01
  2.4190E+00  2.1887E-01
  2.4214E+00  2.1461E-01
  2.4239E+00  2.0458E-01
  2.4263E+00  2.0689E-01
  2.4287E+00  1.9724E-01
  2.4311E+00  1.9732E-01
  2.4335E+00  1.9178E-01
  2.4359E+00  1.8750E-01
  2.4384E+00  1.7164E-01
  2.4408E+00  1.6627E-01
  2.4432E+00  1.6485E-01
  2.4456E+00  1.9075E-01
  2.4480E+00  2.0420E-01
  2.4504E+00  2.0980E-01
  2.4529E+00  2.1626E-01
  2.4553E+00  2.1044E-01
  2.4577E+00  1.9353E-01
  2.4601E+00  2.1145E-01
  2.4625E+00  2.5738E-01
  2.4649E+00  2.5561E-01
  2.4674E+00  2.6813E-01
  2.4698E+00  2.6252E-01
  2.4722E+00  2.6356E-01
  2.4746E+00  2.4208E-01
  2.4770E+00  3.2799E-01
  2.4794E+00  3.8818E-01
  2.4819E+00  4.1182E-01
  2.4843E+00  4.1779E-01
  2.4867E+00  4.1660E-01
  2.4891E+00  3.9934E-01
  2.4915E+00  3.6309E-01
  2.4939E+00  3.6575E-01
  2.4964E+00  3.3757E-01
  2.4988E+00  3.2640E-01
  2.5012E+00  2.8421E-01
  2.5036E+00  2.6798E-01
  2.5060E+00  2.4080E-01
  2.5084E+00  2.8116E-01
  2.5109E+00  3.2957E-01
  2.5133E+00  3.6405E-01
  2.5157E+00  3.6037E-01
  2.5181E+00  3.4122E-01
  2.5205E+00  3.4016E-01
  2.5229E+00  3.2575E-01
  2.5254E+00  3.5458E-01
  2.5278E+00  2.9882E-01
  2.5302E+00  2.9435E-01
  2.5326E+00  2.6786E-01
  2.5350E+00  2.3122E-01
  2.5374E+00  2.0659E-01
  2.5399E+00  1.6299E-01
  2.5423E+00  1.6127E-01
  2.5447E+00  1.8890E-01
  2.5471E+00  2.4906E-01
  2.5495E+00  2.9460E-01
  2.5519E+00  3.0709E-01
  2.5544E+00  3.0197E-01
  2.5568E+00  1.0000E+99
  2.5592E+00  1.0000E+99
  2.5616E+00  1.0000E+99
  2.5640E+00  1.0000E+99
  2.5664E+00  1.0000E+99
  2.5689E+00  1.0000E+99
  2.5713E+00  1.0000E+99
  2.5737E+00  1.0000E+99
  2.5761E+00  1.0000E+99
  2.5785E+00  1.0000E+99
  2.5809E+00  1.0000E+99
  2.5834E+00  1.0000E+99
  2.5858E+00  1.0000E+99
  2.5882E+00  1.0000E+99
  2.5906E+00  1.0000E+99
  2.5930E+00  1.0000E+99
  2.5954E+00  1.0000E+99
  2.5979E+00  1.0000E+99
  2.6003E+00  1.0000E+99
  2.6027E+00  1.0000E+99
  2.6051E+00  1.0000E+99
  2.6075E+00  1.0000E+99
  2.6099E+00  1.0000E+99
  2.6124E+00  1.0000E+99
  2.6148E+00  1.0000E+99
  2.6172E+00  1.0000E+99
  2.6196E+00  1.0000E+99
  2.6220E+00  1.0000E+99
  2.6244E+00  1.0000E+99
  2.6269E+00  1.0000E+99
  2.6293E+00  1.0000E+99
  2.6317E+00  1.0000E+99
  2.6341E+00  1.0000E+99
  2.6365E+00  1.0000E+99
  2.6389E+00  1.0000E+99
  2.6414E+00  1.0000E+99
  2.6438E+00  1.0000E+99
  2.6462E+00  1.0000E+99
  2.6486E+00  1.0000E+99
  2.6510E+00  1.0000E+99
  2.6534E+00  1.0000E+99
  2.6559E+00  1.0000E+99
  2.6583E+00  1.0000E+99
  2.6607E+00  1.0000E+99
  2.6631E+00  1.0000E+99
  2.6655E+00  1.0000E+99
  2.6679E+00  1.0000E+99
  2.6704E+00  1.0000E+99
  2.6728E+00  1.0000E+99
  2.6752E+00  1.0000E+99
  2.6776E+00  1.0000E+99
  2.6800E+00  1.0000E+99
  2.6824E+00  1.0000E+99
  2.6849E+00  1.0000E+99
  2.6873E+00  1.0000E+99
  2.6897E+00  1.0000E+99
  2.6921E+00  1.0000E+99
  2.6945E+00  1.0000E+99
  2.6969E+00  1.0000E+99
  2.6994E+00  1.0000E+99
  2.7018E+00  1.0000E+99
  2.7042E+00  1.0000E+99
  2.7066E+00  1.0000E+99
  2.7090E+00  1.0000E+99
  2.7114E+00  1.0000E+99
  2.7139E+00  1.0000E+99
  2.7163E+00  1.0000E+99
  2.7187E+00  1.0000E+99
  2.7211E+00  1.0000E+99
  2.7235E+00  1.0000E+99
  2.7259E+00  1.0000E+99
  2.7284E+00  1.0000E+99
  2.7308E+00  1.0000E+99
  2.7332E+00  1.0000E+99
  2.7356E+00  1.0000E+99
  2.7380E+00  1.0000E+99
  2.7404E+00  1.0000E+99
  2.7429E+00  1.0000E+99
  2.7453E+00  1.0000E+99
  2.7477E+00  1.0000E+99
  2.7501E+00  1.0000E+99
  2.7525E+00  1.0000E+99
  2.7549E+00  1.0000E+99
  2.7574E+00  1.0000E+99
  2.7598E+00  1.0000E+99
  2.7622E+00  1.0000E+99
  2.7646E+00  1.0000E+99
  2.7670E+00  1.0000E+99
  2.7694E+00  1.0000E+99
  2.7719E+00  1.0000E+99
  2.7743E+00  1.0000E+99
  2.7767E+00  1.0000E+99
  2.7791E+00  1.0000E+99
  2.7815E+00  1.0000E+99
  2.7839E+00  1.0000E+99
  2.7864E+00  1.0000E+99
  2.7888E+00  1.0000E+99
  2.7912E+00  1.0000E+99
  2.7936E+00  1.0000E+99
  2.7960E+00  1.0000E+99
  2.7984E+00  1.0000E+99
  2.8009E+00  1.0000E+99
  2.8033E+00  1.0000E+99
  2.8057E+00  1.0000E+99
  2.8081E+00  1.0000E+99
  2.8105E+00  1.0000E+99
  2.8129E+00  1.0000E+99
  2.8154E+00  1.0000E+99
  2.8178E+00  1.0000E+99
  2.8202E+00  1.0000E+99
  2.8226E+00  1.0000E+99
  2.8250E+00  1.0000E+99
  2.8274E+00  1.0000E+99
  2.8298E+00  1.0000E+99
  2.8323E+00  1.0000E+99
  2.8347E+00  1.0000E+99
  2.8371E+00  1.0000E+99
  2.8395E+00  1.0000E+99
  2.8419E+00  1.0000E+99
  2.8443E+00  1.0000E+99
  2.8468E+00  1.0000E+99
  2.8492E+00  1.0000E+99
  2.8516E+00  1.0000E+99
  2.8540E+00  1.0000E+99
  2.8564E+00  1.0000E+99
  2.8588E+00  1.0000E+99
  2.8613E+00  1.0000E+99
  2.8637E+00  1.0000E+99
  2.8661E+00  1.0000E+99
  2.8685E+00  1.0000E+99
  2.8709E+00  1.0000E+99
  2.8733E+00  1.0000E+99
  2.8758E+00  1.0000E+99
  2.8782E+00  1.0000E+99
  2.8806E+00  1.0000E+99
  2.8830E+00  1.0000E+99
  2.8854E+00  1.0000E+99
  2.8878E+00  1.0000E+99
  2.8903E+00  1.0000E+99
  2.8927E+00  1.0000E+99
  2.8951E+00  1.0000E+99
  2.8975E+00  1.0000E+99
  2.8999E+00  1.0000E+99
  2.9023E+00  1.0000E+99
  2.9048E+00  1.0000E+99
  2.9072E+00  1.0000E+99
  2.9096E+00  1.0000E+99
  2.9120E+00  1.0000E+99
  2.9144E+00  1.0000E+99
  2.9168E+00  1.0000E+99
  2.9193E+00  1.0000E+99
  2.9217E+00  1.0000E+99
  2.9241E+00  1.0000E+99
  2.9265E+00  1.0000E+99
  2.9289E+00  1.0000E+99
  2.9313E+00  1.0000E+99
  2.9338E+00  1.0000E+99
  2.9362E+00  1.0000E+99
  2.9386E+00  1.0000E+99
  2.9410E+00  1.0000E+99
  2.9434E+00  1.0000E+99
  2.9458E+00  1.0000E+99
  2.9483E+00  1.0000E+99
  2.9507E+00  1.0000E+99
  2.9531E+00  1.0000E+99
  2.9555E+00  1.0000E+99
  2.9579E+00  1.0000E+99
  2.9603E+00  1.0000E+99
  2.9628E+00  1.0000E+99
  2.9652E+00  1.0000E+99
  2.9676E+00  1.0000E+99
  2.9700E+00  1.0000E+99
  2.9724E+00  1.0000E+99
  2.9748E+00  1.0000E+99
  2.9773E+00  1.0000E+99
  2.9797E+00  1.0000E+99
  2.9821E+00  1.0000E+99
  2.9845E+00  1.0000E+99
  2.9869E+00  1.0000E+99
  2.9893E+00  1.0000E+99
  2.9918E+00  1.0000E+99
  2.9942E+00  1.0000E+99
  2.9966E+00  1.0000E+99
  2.9990E+00  1.0000E+99
  3.0014E+00  1.0000E+99
  3.0038E+00  1.0000E+99
  3.0063E+00  1.0000E+99
  3.0087E+00  1.0000E+99
  3.0111E+00  1.0000E+99
  3.0135E+00  1.0000E+99
  3.0159E+00  1.0000E+99
  3.0183E+00  1.0000E+99
  3.0208E+00  1.0000E+99
  3.0232E+00  1.0000E+99
  3.0256E+00  1.0000E+99
  3.0280E+00  1.0000E+99
  3.0304E+00  1.0000E+99
  3.0328E+00  1.0000E+99
  3.0353E+00  1.0000E+99
  3.0377E+00  1.0000E+99
  3.0401E+00  1.0000E+99
  3.0425E+00  1.0000E+99
  3.0449E+00  1.0000E+99
  3.0473E+00  1.0000E+99
  3.0498E+00  1.0000E+99
  3.0522E+00  1.0000E+99
  3.0546E+00  1.0000E+99
  3.0570E+00  1.0000E+99
  3.0594E+00  1.0000E+99
  3.0618E+00  1.0000E+99
  3.0643E+00  1.0000E+99
  3.0667E+00  1.0000E+99
  3.0691E+00  1.0000E+99
  3.0715E+00  1.0000E+99
  3.0739E+00  1.0000E+99
  3.0763E+00  1.0000E+99
  3.0788E+00  1.0000E+99
  3.0812E+00  1.0000E+99
  3.0836E+00  1.0000E+99
  3.0860E+00  1.0000E+99
  3.0884E+00  1.0000E+99
  3.0908E+00  1.0000E+99
  3.0933E+00  1.0000E+99
  3.0957E+00  1.0000E+99
  3.0981E+00  1.0000E+99
  3.1005E+00  1.0000E+99
  3.1029E+00  1.0000E+99
  3.1053E+00  1.0000E+99
  3.1078E+00  1.0000E+99
  3.1102E+00  1.0000E+99
  3.1126E+00  1.0000E+99
  3.1150E+00  1.0000E+99
  3.1174E+00  1.0000E+99
  3.1198E+00  1.0000E+99
  3.1223E+00  1.0000E+99
  3.1247E+00  1.0000E+99
  3.1271E+00  1.0000E+99
  3.1295E+00  1.0000E+99
  3.1319E+00  1.0000E+99
  3.1343E+00  1.0000E+99
  3.1368E+00  1.0000E+99
  3.1392E+00  1.0000E+99
  3.1416E+00  1.0000E+99
  3.1440E+00  1.0000E+99
  3.1464E+00  1.0000E+99
  3.1488E+00  1.0000E+99
  3.1513E+00  1.0000E+99
  3.1537E+00  1.0000E+99
  3.1561E+00  1.0000E+99
  3.1585E+00  1.0000E+99
  3.1609E+00  1.0000E+99
  3.1633E+00  1.0000E+99
  3.1658E+00  1.0000E+99
  3.1682E+00  1.0000E+99
  3.1706E+00  1.0000E+99
  3.1730E+00  1.0000E+99
  3.1754E+00  1.0000E+99
  3.1778E+00  1.0000E+99
  3.1803E+00  1.0000E+99
  3.1827E+00  1.0000E+99
  3.1851E+00  1.0000E+99
  3.1875E+00  1.0000E+99
  3.1899E+00  1.0000E+99
  3.1923E+00  1.0000E+99
  3.1948E+00  1.0000E+99
  3.1972E+00  1.0000E+99
  3.1996E+00  1.0000E+99
  3.2020E+00  1.0000E+99
  3.2044E+00  1.0000E+99
  3.2068E+00  1.0000E+99
  3.2093E+00  1.0000E+99
  3.2117E+00  1.0000E+99
  3.2141E+00  1.0000E+99
  3.2165E+00  1.0000E+99
  3.2189E+00  1.0000E+99
  3.2213E+00  1.0000E+99
  3.2238E+00  1.0000E+99
  3.2262E+00  1.0000E+99
  3.2286E+00  1.0000E+99
  3.2310E+00  1.0000E+99
  3.2334E+00  1.0000E+99
  3.2358E+00  1.0000E+99
  3.2383E+00  1.0000E+99
  3.2407E+00  1.0000E+99
  3.2431E+00  1.0000E+99
  3.2455E+00  1.0000E+99
  3.2479E+00  1.0000E+99
  3.2503E+00  1.0000E+99
  3.2528E+00  1.0000E+99
  3.2552E+00  1.0000E+99
  3.2576E+00  1.0000E+99
  3.2600E+00  1.0000E+99
  3.2624E+00  1.0000E+99
  3.2648E+00  1.0000E+99
  3.2673E+00  1.0000E+99
  3.2697E+00  1.0000E+99
  3.2721E+00  1.0000E+99
  3.2745E+00  1.0000E+99
  3.2769E+00  1.0000E+99
  3.2793E+00  1.0000E+99
  3.2818E+00  1.0000E+99
  3.2842E+00  1.0000E+99
  3.2866E+00  1.0000E+99
  3.2890E+00  1.0000E+99
  3.2914E+00  1.0000E+99
  3.2938E+00  1.0000E+99
  3.2963E+00  1.0000E+99
  3.2987E+00  1.0000E+99
  3.3011E+00  1.0000E+99
  3.3035E+00  1.0000E+99
  3.3059E+00  1.0000E+99
  3.3083E+00  1.0000E+99
  3.3108E+00  1.0000E+99
  3.3132E+00  1.0000E+99
  3.3156E+00  1.0000E+99
  3.3180E+00  1.0000E+99
  3.3204E+00  1.0000E+99
  3.3228E+00  1.0000E+99
  3.3253E+00  1.0000E+99
  3.3277E+00  1.0000E+99
  3.3301E+00  1.0000E+99
  3.3325E+00  1.0000E+99
  3.3349E+00  1.0000E+99
  3.3373E+00  1.0000E+99
  3.3398E+00  1.0000E+99
  3.3422E+00  1.0000E+99
  3.3446E+00  1.0000E+99
  3.3470E+00  1.0000E+99
  3.3494E+00  1.0000E+99
  3.3518E+00  1.0000E+99
  3.3543E+00  1.0000E+99
  3.3567E+00  1.0000E+99
  3.3591E+00  1.0000E+99
  3.3615E+00  1.0000E+99
  3.3639E+00  1.0000E+99
  3.3663E+00  1.0000E+99
  3.3688E+00  1.0000E+99
  3.3712E+00  1.0000E+99
  3.3736E+00  1.0000E+99
  3.3760E+00  1.0000E+99
  3.3784E+00  1.0000E+99
  3.3808E+00  1.0000E+99
  3.3833E+00  1.0000E+99
  3.3857E+00  1.0000E+99
  3.3881E+00  1.0000E+99
  3.3905E+00  1.0000E+99
  3.3929E+00  1.0000E+99
  3.3953E+00  1.0000E+99
  3.3978E+00  1.0000E+99
  3.4002E+00  1.0000E+99
  3.4026E+00  1.0000E+99
  3.4050E+00  1.0000E+99
  3.4074E+00  1.0000E+99
  3.4098E+00  1.0000E+99
  3.4123E+00  1.0000E+99
  3.4147E+00  1.0000E+99
  3.4171E+00  1.0000E+99
  3.4195E+00  1.0000E+99
  3.4219E+00  1.0000E+99
  3.4243E+00  1.0000E+99
  3.4268E+00  1.0000E+99
  3.4292E+00  1.0000E+99
  3.4316E+00  1.0000E+99
  3.4340E+00  1.0000E+99
  3.4364E+00  1.0000E+99
  3.4388E+00  1.0000E+99
  3.4413E+00  1.0000E+99
  3.4437E+00  1.0000E+99
  3.4461E+00  1.0000E+99
  3.4485E+00  1.0000E+99
  3.4509E+00  1.0000E+99
  3.4533E+00  1.0000E+99
  3.4558E+00  1.0000E+99
  3.4582E+00  1.0000E+99
  3.4606E+00  1.0000E+99
  3.4630E+00  1.0000E+99
  3.4654E+00  1.0000E+99
  3.4678E+00  1.0000E+99
  3.4703E+00  1.0000E+99
  3.4727E+00  1.0000E+99
  3.4751E+00  1.0000E+99
  3.4775E+00  1.0000E+99
  3.4799E+00  1.0000E+99
  3.4823E+00  1.0000E+99
  3.4848E+00  1.0000E+99
  3.4872E+00  1.0000E+99
  3.4896E+00  1.0000E+99
  3.4920E+00  1.0000E+99
  3.4944E+00  1.0000E+99
  3.4968E+00  1.0000E+99
  3.4993E+00  1.0000E+99
  3.5017E+00  1.0000E+99
  3.5041E+00  1.0000E+99
  3.5065E+00  1.0000E+99
  3.5089E+00  1.0000E+99
  3.5113E+00  1.0000E+99
  3.5138E+00  1.0000E+99
  3.5162E+00  1.0000E+99
  3.5186E+00  1.0000E+99
  3.5210E+00  1.0000E+99
  3.5234E+00  1.0000E+99
  3.5258E+00  1.0000E+99
  3.5283E+00  1.0000E+99
  3.5307E+00  1.0000E+99
  3.5331E+00  1.0000E+99
  3.5355E+00  1.0000E+99
  3.5379E+00  1.0000E+99
  3.5403E+00  1.0000E+99
  3.5427E+00  1.0000E+99
  3.5452E+00  1.0000E+99
  3.5476E+00  1.0000E+99
  3.5500E+00  1.0000E+99
  3.5524E+00  1.0000E+99
  3.5548E+00  1.0000E+99
  3.5572E+00  1.0000E+99
  3.5597E+00  1.0000E+99
  3.5621E+00  1.0000E+99
  3.5645E+00  1.0000E+99
  3.5669E+00  1.0000E+99
  3.5693E+00  1.0000E+99
  3.5717E+00  1.0000E+99
  3.5742E+00  1.0000E+99
  3.5766E+00  1.0000E+99
  3.5790E+00  1.0000E+99
  3.5814E+00  1.0000E+99
  3.5838E+00  1.0000E+99
  3.5862E+00  1.0000E+99
  3.5887E+00  1.0000E+99
  3.5911E+00  1.0000E+99
  3.5935E+00  1.0000E+99
  3.5959E+00  1.0000E+99
  3.5983E+00  1.0000E+99
  3.6007E+00  1.0000E+99
  3.6032E+00  1.0000E+99
  3.6056E+00  1.0000E+99
  3.6080E+00  1.0000E+99
  3.6104E+00  1.0000E+99
  3.6128E+00  1.0000E+99
  3.6152E+00  1.0000E+99
  3.6177E+00  1.0000E+99
  3.6201E+00  1.0000E+99
  3.6225E+00  1.0000E+99
  3.6249E+00  1.0000E+99
  3.6273E+00  1.0000E+99
  3.6297E+00  1.0000E+99
  3.6322E+00  1.0000E+99
  3.6346E+00  1.0000E+99
  3.6370E+00  1.0000E+99
  3.6394E+00  1.0000E+99
  3.6418E+00  1.0000E+99
  3.6442E+00  1.0000E+99
  3.6467E+00  1.0000E+99
  3.6491E+00  1.0000E+99
  3.6515E+00  1.0000E+99
  3.6539E+00  1.0000E+99
  3.6563E+00  1.0000E+99
  3.6587E+00  1.0000E+99
  3.6612E+00  1.0000E+99
  3.6636E+00  1.0000E+99
  3.6660E+00  1.0000E+99
  3.6684E+00  1.0000E+99
  3.6708E+00  1.0000E+99
  3.6732E+00  1.0000E+99
  3.6757E+00  1.0000E+99
  3.6781E+00  1.0000E+99
  3.6805E+00  1.0000E+99
  3.6829E+00  1.0000E+99
  3.6853E+00  1.0000E+99
  3.6877E+00  1.0000E+99
  3.6902E+00  1.0000E+99
  3.6926E+00  1.0000E+99
  3.6950E+00  1.0000E+99
  3.6974E+00  1.0000E+99
  3.6998E+00  1.0000E+99
  3.7022E+00  1.0000E+99
  3.7047E+00  1.0000E+99
  3.7071E+00  1.0000E+99
  3.7095E+00  1.0000E+99
  3.7119E+00  1.0000E+99
  3.7143E+00  1.0000E+99
  3.7167E+00  1.0000E+99
  3.7192E+00  1.0000E+99
  3.7216E+00  1.0000E+99
  3.7240E+00  1.0000E+99
  3.7264E+00  1.0000E+99
  3.7288E+00  7.4543E-01
  3.7312E+00  7.5683E-01
  3.7337E+00  7.5717E-01
  3.7361E+00  7.5124E-01
  3.7385E+00  7.4203E-01
  3.7409E+00  7.3067E-01
  3.7433E+00  7.2090E-01
  3.7457E+00  7.0835E-01
  3.7482E+00  6.9486E-01
  3.7506E+00  6.7996E-01
  3.7530E+00  6.6396E-01
  3.7554E+00  6.4680E-01
  3.7578E+00  6.2808E-01
  3.7602E+00  6.0590E-01
  3.7627E+00  5.8392E-01
  3.7651E+00  5.6654E-01
  3.7675E+00  5.4389E-01
  3.7699E+00  5.3176E-01
  3.7723E+00  5.1947E-01
  3.7747E+00  5.0699E-01
  3.7772E+00  4.8143E-01
  3.7796E+00  4.6928E-01
  3.7820E+00  4.5666E-01
  3.7844E+00  4.4329E-01
  3.7868E+00  4.2852E-01
  3.7892E+00  4.2031E-01
  3.7917E+00  4.1328E-01
  3.7941E+00  4.1197E-01
  3.7965E+00  4.0885E-01
  3.7989E+00  4.0449E-01
  3.8013E+00  3.9907E-01
  3.8037E+00  3.9256E-01
  3.8062E+00  3.8477E-01
  3.8086E+00  3.7520E-01
  3.8110E+00  3.6225E-01
  3.8134E+00  3.4430E-01
  3.8158E+00  3.3719E-01
  3.8182E+00  3.2625E-01
  3.8207E+00  3.1345E-01
  3.8231E+00  3.1316E-01
  3.8255E+00  3.3548E-01
  3.8279E+00  3.4854E-01
  3.8303E+00  3.5695E-01
  3.8327E+00  3.6314E-01
  3.8352E+00  3.6787E-01
  3.8376E+00  3.7150E-01
  3.8400E+00  3.8376E-01
  3.8424E+00  4.0822E-01
  3.8448E+00  4.2225E-01
  3.8472E+00  4.3199E-01
  3.8497E+00  4.3923E-01
  3.8521E+00  4.4466E-01
  3.8545E+00  4.4863E-01
  3.8569E+00  4.5138E-01
  3.8593E+00  4.5305E-01
  3.8617E+00  4.5373E-01
  3.8642E+00  4.5748E-01
  3.8666E+00  4.5876E-01
  3.8690E+00  4.5852E-01
  3.8714E+00  4.5716E-01
  3.8738E+00  4.5484E-01
  3.8762E+00  4.5162E-01
  3.8787E+00  4.4753E-01
  3.8811E+00  4.4258E-01
  3.8835E+00  4.3675E-01
  3.8859E+00  4.2999E-01
  3.8883E+00  4.2218E-01
  3.8907E+00  4.1311E-01
  3.8932E+00  4.0220E-01
  3.8956E+00  3.8495E-01
  3.8980E+00  3.7711E-01
  3.9004E+00  3.6839E-01
  3.9028E+00  3.5868E-01
  3.9052E+00  3.4777E-01
  3.9077E+00  3.3535E-01
  3.9101E+00  3.2065E-01
  3.9125E+00  3.2919E-01
  3.9149E+00  3.3390E-01
  3.9173E+00  3.2762E-01
  3.9197E+00  3.1639E-01
  3.9222E+00  3.0136E-01
  3.9246E+00  3.0275E-01
  3.9270E+00  3.0251E-01
  3.9294E+00  3.0053E-01
  3.9318E+00  2.9618E-01
  3.9342E+00  2.8214E-01
  3.9367E+00  2.8310E-01
  3.9391E+00  2.8352E-01
  3.9415E+00  2.8344E-01
  3.9439E+00  2.8143E-01
  3.9463E+00  2.8047E-01
  3.9487E+00  2.7909E-01
  3.9512E+00  2.7729E-01
  3.9536E+00  2.7509E-01
  3.9560E+00  2.7248E-01
  3.9584E+00  2.6946E-01
  3.9608E+00  2.8891E-01
  3.9632E+00  2.9519E-01
  3.9657E+00  2.9775E-01
  3.9681E+00  2.9799E-01
  3.9705E+00  3.1244E-01
  3.9729E+00  3.1211E-01
  3.9753E+00  3.1813E-01
  3.9777E+00  3.2178E-01
  3.9802E+00  3.2372E-01
  3.9826E+00  3.2427E-01
  3.9850E+00  3.2361E-01
  3.9874E+00  3.2185E-01
  3.9898E+00  3.1907E-01
  3.9922E+00  3.3923E-01
  3.9947E+00  3.4403E-01
  3.9971E+00  3.4484E-01
  3.9995E+00  3.4283E-01
  4.0019E+00  3.5341E-01
  4.0043E+00  3.6282E-01
  4.0067E+00  3.6634E-01
  4.0092E+00  3.7471E-01
  4.0116E+00  3.7901E-01
  4.0140E+00  3.8028E-01
  4.0164E+00  3.9158E-01
  4.0188E+00  3.9770E-01
  4.0212E+00  3.9622E-01
  4.0237E+00  3.8628E-01
  4.0261E+00  3.8634E-01
  4.0285E+00  3.8429E-01
  4.0309E+00  3.8027E-01
  4.0333E+00  3.8677E-01
  4.0357E+00  3.8637E-01
  4.0382E+00  4.0110E-01
  4.0406E+00  4.1801E-01
  4.0430E+00  4.1342E-01
  4.0454E+00  4.1213E-01
  4.0478E+00  4.1052E-01
  4.0502E+00  4.1371E-01
  4.0527E+00  4.1432E-01
  4.0551E+00  4.1261E-01
  4.0575E+00  4.0874E-01
  4.0599E+00  4.0275E-01
  4.0623E+00  3.9457E-01
  4.0647E+00  3.8395E-01
  4.0672E+00  3.7028E-01
  4.0696E+00  3.5146E-01
  4.0720E+00  3.2794E-01
  4.0744E+00  3.0283E-01
  4.0768E+00  2.9370E-01
  4.0792E+00  2.9022E-01
  4.0817E+00  2.7971E-01
  4.0841E+00  2.5803E-01
  4.0865E+00  2.4441E-01
  4.0889E+00  2.4111E-01
  4.0913E+00  2.5872E-01
  4.0937E+00  2.7559E-01
  4.0962E+00  2.8246E-01
  4.0986E+00  2.8494E-01
  4.1010E+00  2.8420E-01
  4.1034E+00  2.8109E-01
  4.1058E+00  2.7625E-01
  4.1082E+00  2.6906E-01
  4.1107E+00  2.6961E-01
  4.1131E+00  2.6872E-01
  4.1155E+00  2.5476E-01
  4.1179E+00  2.2710E-01
  4.1203E+00  2.2635E-01
  4.1227E+00  2.2843E-01
  4.1252E+00  2.2934E-01
  4.1276E+00  2.2919E-01
  4.1300E+00  2.2803E-01
  4.1324E+00  2.2578E-01
  4.1348E+00  2.2444E-01
  4.1372E+00  2.3267E-01
  4.1397E+00  2.3435E-01
  4.1421E+00  2.3381E-01
  4.1445E+00  2.3843E-01
  4.1469E+00  2.4069E-01
  4.1493E+00  2.3983E-01
  4.1517E+00  2.3674E-01
  4.1542E+00  2.3299E-01
  4.1566E+00  2.2726E-01
  4.1590E+00  2.1925E-01
  4.1614E+00  2.0756E-01
  4.1638E+00  1.9087E-01
  4.1662E+00  1.8485E-01
  4.1687E+00  1.7722E-01
  4.1711E+00  1.6712E-01
  4.1735E+00  1.5042E-01
  4.1759E+00  1.4062E-01
  4.1783E+00  1.3569E-01
  4.1807E+00  1.2942E-01
  4.1832E+00  1.2051E-01
  4.1856E+00  1.0697E-01
  4.1880E+00  1.0511E-01
  4.1904E+00  1.0293E-01
  4.1928E+00  7.9320E-02
  4.1952E+00  7.8757E-02
  4.1977E+00  7.8109E-02
  4.2001E+00  7.7375E-02
  4.2025E+00  7.6554E-02
  4.2049E+00  7.5641E-02
  4.2073E+00  8.7245E-02
  4.2097E+00  9.6291E-02
  4.2122E+00  1.0116E-01
  4.2146E+00  1.0929E-01
  4.2170E+00  1.1616E-01
  4.2194E+00  1.1992E-01
  4.2218E+00  1.2268E-01
  4.2242E+00  1.2427E-01
  4.2267E+00  1.2484E-01
  4.2291E+00  1.2808E-01
  4.2315E+00  1.2976E-01
  4.2339E+00  1.4163E-01
  4.2363E+00  1.4910E-01
  4.2387E+00  1.5258E-01
  4.2412E+00  1.6252E-01
  4.2436E+00  1.6908E-01
  4.2460E+00  1.7048E-01
  4.2484E+00  1.6753E-01
  4.2508E+00  1.6875E-01
  4.2532E+00  1.6855E-01
  4.2556E+00  1.7403E-01
  4.2581E+00  1.7624E-01
  4.2605E+00  1.7485E-01
  4.2629E+00  1.7089E-01
  4.2653E+00  1.6425E-01
  4.2677E+00  1.5369E-01
  4.2701E+00  1.3742E-01
  4.2726E+00  1.2634E-01
  4.2750E+00  1.3544E-01
  4.2774E+00  1.3664E-01
  4.2798E+00  1.2860E-01
  4.2822E+00  1.2727E-01
  4.2846E+00  1.2933E-01
  4.2871E+00  1.3719E-01
  4.2895E+00  1.4488E-01
  4.2919E+00  1.4918E-01
  4.2943E+00  1.5143E-01
  4.2967E+00  1.5211E-01
  4.2991E+00  1.5144E-01
  4.3016E+00  1.4953E-01
  4.3040E+00  1.4639E-01
  4.3064E+00  1.4198E-01
  4.3088E+00  1.3610E-01
  4.3112E+00  1.2827E-01
  4.3136E+00  1.1779E-01
  4.3161E+00  1.1004E-01
  4.3185E+00  1.0305E-01
  4.3209E+00  9.2161E-02
  4.3233E+00  7.7119E-02
  4.3257E+00  7.3509E-02
  4.3281E+00  6.8470E-02
  4.3306E+00  7.3868E-02
  4.3330E+00  8.0460E-02
  4.3354E+00  8.0939E-02
  4.3378E+00  7.2677E-02
  4.3402E+00  7.5652E-02
  4.3426E+00  7.8572E-02
  4.3451E+00  8.0901E-02
  4.3475E+00  8.2750E-02
  4.3499E+00  8.4191E-02
  4.3523E+00  8.5278E-02
  4.3547E+00  8.6049E-02
  4.3571E+00  8.6532E-02
  4.3596E+00  8.6752E-02
  4.3620E+00  8.6723E-02
  4.3644E+00  8.6458E-02
  4.3668E+00  8.5966E-02
  4.3692E+00  8.5252E-02
  4.3716E+00  8.4318E-02
  4.3741E+00  8.3161E-02
  4.3765E+00  8.3103E-02
  4.3789E+00  8.3576E-02
  4.3813E+00  8.2877E-02
  4.3837E+00  8.6034E-02
  4.3861E+00  9.0434E-02
  4.3886E+00  9.6366E-02
  4.3910E+00  1.0336E-01
  4.3934E+00  1.0472E-01
  4.3958E+00  1.0277E-01
  4.3982E+00  1.1198E-01
  4.4006E+00  1.2421E-01
  4.4031E+00  1.3002E-01
  4.4055E+00  1.3229E-01
  4.4079E+00  1.3135E-01
  4.4103E+00  1.2736E-01
  4.4127E+00  1.1873E-01
  4.4151E+00  1.1374E-01
  4.4176E+00  1.0383E-01
  4.4200E+00  9.8757E-02
  4.4224E+00  9.1256E-02
  4.4248E+00  9.0951E-02
  4.4272E+00  9.4690E-02
  4.4296E+00  9.9422E-02
  4.4321E+00  1.0141E-01
  4.4345E+00  1.1166E-01
  4.4369E+00  1.1997E-01
  4.4393E+00  1.2413E-01
  4.4417E+00  1.2618E-01
  4.4441E+00  1.2671E-01
  4.4466E+00  1.3819E-01
  4.4490E+00  1.4110E-01
  4.4514E+00  1.4116E-01
  4.4538E+00  1.3844E-01
  4.4562E+00  1.2893E-01
  4.4586E+00  1.2690E-01
  4.4611E+00  1.3964E-01
  4.4635E+00  1.4877E-01
  4.4659E+00  1.5355E-01
  4.4683E+00  1.5613E-01
  4.4707E+00  1.6510E-01
  4.4731E+00  1.7127E-01
  4.4756E+00  1.8184E-01
  4.4780E+00  1.9164E-01
  4.4804E+00  1.9467E-01
  4.4828E+00  1.9373E-01
  4.4852E+00  1.9764E-01
  4.4876E+00  1.9822E-01
  4.4901E+00  1.9227E-01
  4.4925E+00  1.8968E-01
  4.4949E+00  1.8376E-01
  4.4973E+00  1.8272E-01
  4.4997E+00  1.7878E-01
  4.5021E+00  1.7078E-01
  4.5046E+00  1.6088E-01
  4.5070E+00  1.5628E-01
  4.5094E+00  1.5020E-01
  4.5118E+00  1.4237E-01
  4.5142E+00  1.3218E-01
  4.5166E+00  1.2108E-01
  4.5191E+00  1.0061E-01
  4.5215E+00  9.5858E-02
  4.5239E+00  8.8605E-02
  4.5263E+00  7.6357E-02
  4.5287E+00  6.4712E-02
  4.5311E+00  5.0214E-02
  4.5336E+00  3.8062E-02
  4.5360E+00  3.6860E-02
  4.5384E+00  3.6644E-02
  4.5408E+00  4.4450E-02
  4.5432E+00  4.9144E-02
  4.5456E+00  5.1487E-02
  4.5481E+00  5.2640E-02
  4.5505E+00  5.2940E-02
  4.5529E+00  5.2525E-02
  4.5553E+00  5.1438E-02
  4.5577E+00  5.5737E-02
  4.5601E+00  5.7465E-02
  4.5626E+00  5.8970E-02
  4.5650E+00  5.3350E-02
  4.5674E+00  4.6618E-02
  4.5698E+00  4.6996E-02
  4.5722E+00  5.1460E-02
  4.5746E+00  5.6845E-02
  4.5771E+00  6.0479E-02
  4.5795E+00  6.2621E-02
  4.5819E+00  6.3762E-02
  4.5843E+00  6.4099E-02
  4.5867E+00  6.3722E-02
  4.5891E+00  6.2651E-02
  4.5916E+00  6.0844E-02
  4.5940E+00  5.8156E-02
  4.5964E+00  5.4169E-02
  4.5988E+00  4.6343E-02
  4.6012E+00  4.2262E-02
  4.6036E+00  4.1224E-02
  4.6061E+00  4.0041E-02
  4.6085E+00  3.5598E-02
  4.6109E+00  3.4056E-02
  4.6133E+00  3.2254E-02
  4.6157E+00  3.0046E-02
  4.6181E+00  2.6683E-02
  4.6206E+00  2.4247E-02
  4.6230E+00  2.3111E-02
  4.6254E+00  2.1832E-02
  4.6278E+00  2.0381E-02
  4.6302E+00  3.1432E-02
  4.6326E+00  3.7602E-02
  4.6351E+00  3.9475E-02
  4.6375E+00  3.8105E-02
  4.6399E+00  3.4959E-02
  4.6423E+00  3.4586E-02
  4.6447E+00  2.9870E-02
  4.6471E+00  2.2990E-02
  4.6496E+00  3.1283E-02
  4.6520E+00  3.7751E-02
  4.6544E+00  4.1684E-02
  4.6568E+00  4.4377E-02
  4.6592E+00  4.6232E-02
  4.6616E+00  4.7439E-02
  4.6641E+00  4.8105E-02
  4.6665E+00  4.8295E-02
  4.6689E+00  4.8049E-02
  4.6713E+00  4.7391E-02
  4.6737E+00  5.4220E-02
  4.6761E+00  6.3245E-02
  4.6786E+00  6.6938E-02
  4.6810E+00  6.8426E-02
  4.6834E+00  6.8327E-02
  4.6858E+00  6.6787E-02
  4.6882E+00  6.3643E-02
  4.6906E+00  5.7905E-02
  4.6931E+00  4.9090E-02
  4.6955E+00  4.7399E-02
  4.6979E+00  4.4794E-02
  4.7003E+00  4.0285E-02
  4.7027E+00  3.5879E-02
  4.7051E+00  3.4663E-02
  4.7076E+00  3.2846E-02
  4.7100E+00  3.1197E-02
  4.7124E+00  2.9173E-02
  4.7148E+00  2.6707E-02
  4.7172E+00  2.3685E-02
  4.7196E+00  1.9879E-02
  4.7221E+00  1.4723E-02
  4.7245E+00  5.1589E-03
  4.7269E+00  0.0000E+00
  4.7293E+00  0.0000E+00
  4.7317E+00  0.0000E+00
  4.7341E+00  9.8074E-03
  4.7366E+00  1.6465E-02
  4.7390E+00  2.0268E-02
  4.7414E+00  2.2745E-02
  4.7438E+00  2.4344E-02
  4.7462E+00  2.5267E-02
  4.7486E+00  2.5623E-02
  4.7511E+00  2.5467E-02
  4.7535E+00  2.4821E-02
  4.7559E+00  2.3676E-02
  4.7583E+00  2.1988E-02
  4.7607E+00  1.9651E-02
  4.7631E+00  1.6428E-02
  4.7656E+00  1.1658E-02
  4.7680E+00  0.0000E+00
  4.7704E+00  4.2618E-03
  4.7728E+00  7.8964E-03
  4.7752E+00  1.0007E-02
  4.7776E+00  1.1481E-02
  4.7801E+00  1.2555E-02
  4.7825E+00  1.3337E-02
  4.7849E+00  1.3885E-02
  4.7873E+00  1.4236E-02
  4.7897E+00  1.4410E-02
  4.7921E+00  1.4424E-02
  4.7946E+00  1.4284E-02
  4.7970E+00  1.3994E-02
  4.7994E+00  1.3551E-02
  4.8018E+00  1.2948E-02
  4.8042E+00  1.2168E-02
  4.8066E+00  1.6922E-02
  4.8091E+00  1.9168E-02
  4.8115E+00  1.9698E-02
  4.8139E+00  1.8951E-02
  4.8163E+00  2.1604E-02
  4.8187E+00  2.7443E-02
  4.8211E+00  3.1662E-02
  4.8236E+00  3.4603E-02
  4.8260E+00  3.6708E-02
  4.8284E+00  3.8174E-02
  4.8308E+00  3.9108E-02
  4.8332E+00  3.9571E-02
  4.8356E+00  3.9598E-02
  4.8381E+00  3.9197E-02
  4.8405E+00  4.6671E-02
  4.8429E+00  5.3405E-02
  4.8453E+00  5.5627E-02
  4.8477E+00  5.5283E-02
  4.8501E+00  5.0915E-02
  4.8526E+00  5.2528E-02
  4.8550E+00  5.2721E-02
  4.8574E+00  5.2027E-02
  4.8598E+00  5.8084E-02
  4.8622E+00  5.8595E-02
  4.8646E+00  5.6989E-02
  4.8671E+00  6.9482E-02
  4.8695E+00  6.9514E-02
  4.8719E+00  6.3837E-02
  4.8743E+00  6.4131E-02
  4.8767E+00  6.2859E-02
  4.8791E+00  6.8605E-02
  4.8816E+00  7.4672E-02
  4.8840E+00  7.7598E-02
  4.8864E+00  7.8142E-02
  4.8888E+00  7.4743E-02
  4.8912E+00  7.3545E-02
  4.8936E+00  7.3663E-02
  4.8961E+00  7.2988E-02
  4.8985E+00  7.1537E-02
  4.9009E+00  8.5416E-02
  4.9033E+00  8.8785E-02
  4.9057E+00  8.9734E-02
  4.9081E+00  9.0831E-02
  4.9106E+00  8.6780E-02
  4.9130E+00  7.4565E-02
  4.9154E+00  7.3578E-02
  4.9178E+00  7.4404E-02
  4.9202E+00  6.6608E-02
  4.9226E+00  5.9351E-02
  4.9251E+00  5.8204E-02
  4.9275E+00  5.6413E-02
  4.9299E+00  5.3910E-02
  4.9323E+00  5.0555E-02
  4.9347E+00  4.6034E-02
  4.9371E+00  3.9262E-02
  4.9396E+00  3.0859E-02
  4.9420E+00  1.9602E-02
  4.9444E+00  1.9696E-02
  4.9468E+00  1.9754E-02
  4.9492E+00  3.0336E-02
  4.9516E+00  3.4431E-02
  4.9540E+00  3.7542E-02
  4.9565E+00  4.2507E-02
  4.9589E+00  4.5585E-02
  4.9613E+00  4.7506E-02
  4.9637E+00  4.8701E-02
  4.9661E+00  6.0234E-02
  4.9685E+00  6.4259E-02
  4.9710E+00  6.6628E-02
  4.9734E+00  6.7505E-02
  4.9758E+00  6.7151E-02
  4.9782E+00  6.5709E-02
  4.9806E+00  6.5156E-02
  4.9830E+00  6.3775E-02
  4.9855E+00  6.3406E-02
  4.9879E+00  5.9804E-02
  4.9903E+00  5.1387E-02
  4.9927E+00  3.5105E-02
  4.9951E+00  3.5203E-02
  4.9975E+00  4.0776E-02
  5.0000E+00  5.0937E-02
  5.0024E+00  5.5886E-02
  5.0048E+00  5.8798E-02
  5.0072E+00  5.9546E-02
  5.0096E+00  6.0706E-02
  5.0120E+00  6.2545E-02
  5.0145E+00  6.3865E-02
  5.0169E+00  6.4731E-02
  5.0193E+00  7.2947E-02
  5.0217E+00  7.6990E-02
  5.0241E+00  7.9349E-02
  5.0265E+00  8.0705E-02
  5.0290E+00  8.1291E-02
  5.0314E+00  8.1220E-02
  5.0338E+00  8.0547E-02
  5.0362E+00  7.9295E-02
  5.0386E+00  7.7459E-02
  5.0410E+00  7.5004E-02
  5.0435E+00  7.1859E-02
  5.0459E+00  6.9946E-02
  5.0483E+00  6.6013E-02
  5.0507E+00  5.9731E-02
  5.0531E+00  4.7773E-02
  5.0555E+00  4.3891E-02
  5.0580E+00  3.8845E-02
  5.0604E+00  3.8479E-02
  5.0628E+00  4.4375E-02
  5.0652E+00  4.7599E-02
  5.0676E+00  4.9174E-02
  5.0700E+00  4.9828E-02
  5.0725E+00  4.9739E-02
  5.0749E+00  4.8889E-02
  5.0773E+00  5.6850E-02
  5.0797E+00  6.1724E-02
  5.0821E+00  6.2694E-02
  5.0845E+00  6.6531E-02
  5.0870E+00  6.9293E-02
  5.0894E+00  7.1233E-02
  5.0918E+00  7.2494E-02
  5.0942E+00  7.3161E-02
  5.0966E+00  7.3285E-02
  5.0990E+00  7.4762E-02
  5.1015E+00  7.6405E-02
  5.1039E+00  7.6443E-02
  5.1063E+00  7.5562E-02
  5.1087E+00  7.3837E-02
  5.1111E+00  7.1161E-02
  5.1135E+00  6.7113E-02
  5.1160E+00  6.8344E-02
  5.1184E+00  6.9152E-02
  5.1208E+00  6.9990E-02
  5.1232E+00  6.9723E-02
  5.1256E+00  6.8520E-02
  5.1280E+00  6.6408E-02
  5.1305E+00  6.3294E-02
  5.1329E+00  5.8833E-02
  5.1353E+00  4.9682E-02
  5.1377E+00  4.6386E-02
  5.1401E+00  4.1827E-02
  5.1425E+00  3.4416E-02
  5.1450E+00  2.6164E-02
  5.1474E+00  2.4028E-02
  5.1498E+00  2.0312E-02
  5.1522E+00  2.0797E-02
  5.1546E+00  2.1792E-02
  5.1570E+00  2.2418E-02
  5.1595E+00  2.2866E-02
  5.1619E+00  3.2155E-02
  5.1643E+00  3.6710E-02
  5.1667E+00  4.8429E-02
  5.1691E+00  6.4068E-02
  5.1715E+00  7.3393E-02
  5.1740E+00  7.9762E-02
  5.1764E+00  8.5498E-02
  5.1788E+00  8.9631E-02
  5.1812E+00  9.8938E-02
  5.1836E+00  1.0349E-01
  5.1860E+00  1.0643E-01
  5.1885E+00  1.0821E-01
  5.1909E+00  1.1524E-01
  5.1933E+00  1.2076E-01
  5.1957E+00  1.3665E-01
  5.1981E+00  1.4546E-01
  5.2005E+00  1.4972E-01
  5.2030E+00  1.5470E-01
  5.2054E+00  1.5612E-01
  5.2078E+00  1.5291E-01
  5.2102E+00  1.5043E-01
  5.2126E+00  1.4188E-01
  5.2150E+00  1.3271E-01
  5.2175E+00  1.2789E-01
  5.2199E+00  1.1947E-01
  5.2223E+00  1.1107E-01
  5.2247E+00  1.0621E-01
  5.2271E+00  1.0257E-01
  5.2295E+00  9.9047E-02
  5.2320E+00  9.6942E-02
  5.2344E+00  9.2260E-02
  5.2368E+00  8.4014E-02
  5.2392E+00  6.6838E-02
  5.2416E+00  6.6574E-02
  5.2440E+00  6.5838E-02
  5.2465E+00  6.4607E-02
  5.2489E+00  6.2810E-02
  5.2513E+00  6.7174E-02
  5.2537E+00  6.5810E-02
  5.2561E+00  6.2857E-02
  5.2585E+00  6.6692E-02
  5.2610E+00  6.8541E-02
  5.2634E+00  6.9458E-02
  5.2658E+00  6.9656E-02
  5.2682E+00  6.9207E-02
  5.2706E+00  6.8109E-02
  5.2730E+00  6.6272E-02
  5.2755E+00  6.3360E-02
  5.2779E+00  5.8030E-02
  5.2803E+00  5.6361E-02
  5.2827E+00  5.4050E-02
  5.2851E+00  5.0595E-02
  5.2875E+00  4.4785E-02
  5.2900E+00  4.3876E-02
  5.2924E+00  4.2792E-02
  5.2948E+00  4.1504E-02
  5.2972E+00  4.2346E-02
  5.2996E+00  4.2945E-02
  5.3020E+00  4.8087E-02
  5.3045E+00  5.5263E-02
  5.3069E+00  8.5273E-02
  5.3093E+00  8.3781E-02
  5.3117E+00  7.6078E-02
  5.3141E+00  7.4771E-02
  5.3165E+00  8.1800E-02
  5.3190E+00  8.5716E-02
  5.3214E+00  8.7884E-02
  5.3238E+00  8.8807E-02
  5.3262E+00  1.0157E-01
  5.3286E+00  1.1168E-01
  5.3310E+00  1.2254E-01
  5.3335E+00  1.2945E-01
  5.3359E+00  1.3367E-01
  5.3383E+00  1.3587E-01
  5.3407E+00  1.3641E-01
  5.3431E+00  1.3538E-01
  5.3455E+00  1.3253E-01
  5.3480E+00  1.2682E-01
  5.3504E+00  1.2405E-01
  5.3528E+00  1.2035E-01
  5.3552E+00  1.3450E-01
  5.3576E+00  1.4073E-01
  5.3600E+00  1.4896E-01
  5.3625E+00  1.5996E-01
  5.3649E+00  1.5864E-01
  5.3673E+00  1.5025E-01
  5.3697E+00  1.4358E-01
  5.3721E+00  1.4313E-01
  5.3745E+00  1.5032E-01
  5.3770E+00  1.5517E-01
  5.3794E+00  1.5708E-01
  5.3818E+00  1.5444E-01
  5.3842E+00  1.4583E-01
  5.3866E+00  1.4124E-01
  5.3890E+00  1.3159E-01
  5.3915E+00  1.2740E-01
  5.3939E+00  1.2118E-01
  5.3963E+00  1.1212E-01
  5.3987E+00  9.3930E-02
  5.4011E+00  9.1343E-02
  5.4035E+00  8.6070E-02
  5.4060E+00  8.3402E-02
  5.4084E+00  7.7704E-02
  5.4108E+00  6.6507E-02
  5.4132E+00  5.2962E-02
  5.4156E+00  5.2693E-02
  5.4180E+00  5.1849E-02
  5.4205E+00  5.0308E-02
  5.4229E+00  5.4349E-02
  5.4253E+00  5.1715E-02
  5.4277E+00  5.4704E-02
  5.4301E+00  5.6840E-02
  5.4325E+00  5.8385E-02
  5.4350E+00  5.9470E-02
  5.4374E+00  6.0167E-02
  5.4398E+00  6.0523E-02
  5.4422E+00  6.0567E-02
  5.4446E+00  6.0320E-02
  5.4470E+00  5.9792E-02
  5.4495E+00  5.8987E-02
  5.4519E+00  5.7902E-02
  5.4543E+00  5.6523E-02
  5.4567E+00  5.4824E-02
  5.4591E+00  5.4205E-02
  5.4615E+00  5.2924E-02
  5.4640E+00  5.0543E-02
  5.4664E+00  4.6646E-02
  5.4688E+00  4.1463E-02
  5.4712E+00  4.0358E-02
  5.4736E+00  3.8955E-02
  5.4760E+00  3.7200E-02
  5.4785E+00  3.4985E-02
  5.4809E+00  3.2035E-02
  5.4833E+00  2.7038E-02
  5.4857E+00  2.3282E-02
  5.4881E+00  2.2720E-02
  5.4905E+00  2.2014E-02
  5.4930E+00  2.1032E-02
  5.4954E+00  1.9819E-02
  5.4978E+00  1.9327E-02
  5.5002E+00  2.5686E-02
  5.5026E+00  2.7799E-02
  5.5050E+00  2.8746E-02
  5.5075E+00  2.8709E-02
  5.5099E+00  3.6214E-02
  5.5123E+00  4.9112E-02
  5.5147E+00  5.7506E-02
  5.5171E+00  6.7913E-02
  5.5195E+00  7.8116E-02
  5.5220E+00  8.3724E-02
  5.5244E+00  8.7064E-02
  5.5268E+00  8.8687E-02
  5.5292E+00  8.8760E-02
  5.5316E+00  8.6744E-02
  5.5340E+00  8.4530E-02
  5.5365E+00  8.0291E-02
  5.5389E+00  6.9374E-02
  5.5413E+00  6.8213E-02
  5.5437E+00  6.6524E-02
  5.5461E+00  6.4259E-02
  5.5485E+00  6.1310E-02
  5.5510E+00  5.7440E-02
  5.5534E+00  5.1904E-02
  5.5558E+00  4.4045E-02
  5.5582E+00  4.7421E-02
  5.5606E+00  4.6712E-02
  5.5630E+00  4.4138E-02
  5.5655E+00  3.8949E-02
  5.5679E+00  3.1945E-02
  5.5703E+00  2.9228E-02
  5.5727E+00  2.5873E-02
  5.5751E+00  2.0833E-02
  5.5775E+00  1.6632E-02
  5.5800E+00  1.4797E-02
  5.5824E+00  1.2559E-02
  5.5848E+00  9.5311E-03
  5.5872E+00  3.7113E-03
  5.5896E+00  3.2846E-03
  5.5920E+00  2.7815E-03
  5.5945E+00  2.2042E-02
  5.5969E+00  2.3239E-02
  5.5993E+00  2.3324E-02
  5.6017E+00  2.3934E-02
  5.6041E+00  2.3959E-02
  5.6065E+00  2.3438E-02
  5.6090E+00  2.2370E-02
  5.6114E+00  2.0710E-02
  5.6138E+00  1.8338E-02
  5.6162E+00  2.0245E-02
  5.6186E+00  2.1288E-02
  5.6210E+00  1.5174E-02
  5.6235E+00  1.7726E-02
  5.6259E+00  2.4930E-02
  5.6283E+00  3.0973E-02
  5.6307E+00  3.4533E-02
  5.6331E+00  3.6886E-02
  5.6355E+00  3.8384E-02
  5.6380E+00  3.9185E-02
  5.6404E+00  3.9366E-02
  5.6428E+00  3.8950E-02
  5.6452E+00  3.7909E-02
  5.6476E+00  3.6133E-02
  5.6500E+00  3.3290E-02
  5.6525E+00  2.7281E-02
  5.6549E+00  2.4482E-02
