  6.3074E-01  1.1370E-01
  6.3315E-01  1.1341E-01
  6.3557E-01  1.1286E-01
  6.3798E-01  1.1205E-01
  6.4040E-01  1.1092E-01
  6.4282E-01  1.0931E-01
  6.4523E-01  1.0624E-01
  6.4765E-01  1.0455E-01
  6.5007E-01  1.0460E-01
  6.5248E-01  1.0460E-01
  6.5490E-01  1.0453E-01
  6.5732E-01  1.0453E-01
  6.5973E-01  1.0887E-01
  6.6215E-01  1.1064E-01
  6.6457E-01  1.1184E-01
  6.6698E-01  1.1274E-01
  6.6940E-01  1.1342E-01
  6.7182E-01  1.1393E-01
  6.7423E-01  1.1431E-01
  6.7665E-01  1.1592E-01
  6.7907E-01  1.1778E-01
  6.8148E-01  1.2853E-01
  6.8390E-01  1.3130E-01
  6.8632E-01  1.3346E-01
  6.8873E-01  1.3519E-01
  6.9115E-01  1.3658E-01
  6.9357E-01  1.3771E-01
  6.9598E-01  1.3860E-01
  6.9840E-01  1.3929E-01
  7.0082E-01  1.3980E-01
  7.0323E-01  1.4015E-01
  7.0565E-01  1.4034E-01
  7.0807E-01  1.4039E-01
  7.1048E-01  1.4029E-01
  7.1290E-01  1.4007E-01
  7.1532E-01  1.3970E-01
  7.1773E-01  1.3921E-01
  7.2015E-01  1.3857E-01
  7.2257E-01  1.3778E-01
  7.2498E-01  1.3682E-01
  7.2740E-01  1.3566E-01
  7.2982E-01  1.3421E-01
  7.3223E-01  1.3227E-01
  7.3465E-01  1.2823E-01
  7.3707E-01  1.2791E-01
  7.3948E-01  1.2753E-01
  7.4190E-01  1.2568E-01
  7.4432E-01  1.2516E-01
  7.4673E-01  1.2458E-01
  7.4915E-01  1.2395E-01
  7.5157E-01  1.2325E-01
  7.5398E-01  1.2250E-01
  7.5640E-01  1.2169E-01
  7.5882E-01  1.2081E-01
  7.6123E-01  1.1988E-01
  7.6365E-01  1.1889E-01
  7.6607E-01  1.1783E-01
  7.6848E-01  1.1670E-01
  7.7090E-01  1.1791E-01
  7.7332E-01  1.1953E-01
  7.7573E-01  1.1991E-01
  7.7815E-01  1.1979E-01
  7.8056E-01  1.1933E-01
  7.8298E-01  1.1859E-01
  7.8540E-01  1.1758E-01
  7.8781E-01  1.1629E-01
  7.9023E-01  1.1464E-01
  7.9265E-01  1.1240E-01
  7.9506E-01  1.0824E-01
  7.9748E-01  1.2417E-01
  7.9990E-01  1.2306E-01
  8.0231E-01  1.2164E-01
  8.0473E-01  1.1982E-01
  8.0715E-01  1.1738E-01
  8.0956E-01  1.1207E-01
  8.1198E-01  1.1129E-01
  8.1440E-01  1.1035E-01
  8.1681E-01  1.0921E-01
  8.1923E-01  1.0785E-01
  8.2165E-01  1.0618E-01
  8.2406E-01  1.0405E-01
  8.2648E-01  1.0092E-01
  8.2890E-01  9.6290E-02
  8.3131E-01  9.6031E-02
  8.3373E-01  9.5749E-02
  8.3615E-01  9.5445E-02
  8.3856E-01  1.1839E-01
  8.4098E-01  1.1997E-01
  8.4340E-01  1.2125E-01
  8.4581E-01  1.2227E-01
  8.4823E-01  1.2308E-01
  8.5065E-01  1.2370E-01
  8.5306E-01  1.2415E-01
  8.5548E-01  1.2446E-01
  8.5790E-01  1.2464E-01
  8.6031E-01  1.2470E-01
  8.6273E-01  1.2465E-01
  8.6515E-01  1.2449E-01
  8.6756E-01  1.2424E-01
  8.6998E-01  1.2390E-01
  8.7240E-01  1.2347E-01
  8.7481E-01  1.2642E-01
  8.7723E-01  1.2869E-01
  8.7965E-01  1.3004E-01
  8.8206E-01  1.3091E-01
  8.8448E-01  1.3593E-01
  8.8690E-01  1.3816E-01
  8.8931E-01  1.3962E-01
  8.9173E-01  1.4061E-01
  8.9415E-01  1.4125E-01
  8.9656E-01  1.4161E-01
  8.9898E-01  1.4173E-01
  9.0140E-01  1.4164E-01
  9.0381E-01  1.4135E-01
  9.0623E-01  1.4089E-01
  9.0865E-01  1.4026E-01
  9.1106E-01  1.3948E-01
  9.1348E-01  1.3855E-01
  9.1590E-01  1.3748E-01
  9.1831E-01  1.3627E-01
  9.2073E-01  1.4390E-01
  9.2314E-01  1.4628E-01
  9.2556E-01  1.6938E-01
  9.2798E-01  1.7242E-01
  9.3039E-01  1.7445E-01
  9.3281E-01  1.7567E-01
  9.3523E-01  1.7622E-01
  9.3764E-01  1.7617E-01
  9.4006E-01  1.7556E-01
  9.4248E-01  1.7439E-01
  9.4489E-01  1.7264E-01
  9.4731E-01  1.7022E-01
  9.4973E-01  1.6688E-01
  9.5214E-01  1.6149E-01
  9.5456E-01  1.5639E-01
  9.5698E-01  1.5501E-01
  9.5939E-01  1.5324E-01
  9.6181E-01  1.5087E-01
  9.6423E-01  1.4781E-01
  9.6664E-01  1.4617E-01
  9.6906E-01  1.4426E-01
  9.7148E-01  1.4187E-01
  9.7389E-01  1.3931E-01
  9.7631E-01  1.3739E-01
  9.7873E-01  1.3892E-01
  9.8114E-01  1.3848E-01
  9.8356E-01  1.3728E-01
  9.8598E-01  1.3558E-01
  9.8839E-01  1.3344E-01
  9.9081E-01  1.3077E-01
  9.9323E-01  1.2660E-01
  9.9564E-01  1.2439E-01
  9.9806E-01  1.2193E-01
  1.0005E+00  1.1922E-01
  1.0029E+00  1.1624E-01
  1.0053E+00  1.2444E-01
  1.0077E+00  1.2736E-01
  1.0101E+00  1.3227E-01
  1.0126E+00  1.3285E-01
  1.0150E+00  1.3145E-01
  1.0174E+00  1.2830E-01
  1.0198E+00  1.2285E-01
  1.0222E+00  1.1252E-01
  1.0246E+00  1.0872E-01
  1.0271E+00  1.0707E-01
  1.0295E+00  1.0478E-01
  1.0319E+00  1.0174E-01
  1.0343E+00  9.7349E-02
  1.0367E+00  9.3250E-02
  1.0391E+00  8.9381E-02
  1.0416E+00  8.4530E-02
  1.0440E+00  7.7954E-02
  1.0464E+00  6.7855E-02
  1.0488E+00  6.2172E-02
  1.0512E+00  6.1958E-02
  1.0536E+00  6.1708E-02
  1.0561E+00  6.0086E-02
  1.0585E+00  5.6139E-02
  1.0609E+00  5.4666E-02
  1.0633E+00  5.2625E-02
  1.0657E+00  5.1368E-02
  1.0681E+00  4.9821E-02
  1.0706E+00  4.7952E-02
  1.0730E+00  4.5697E-02
  1.0754E+00  4.2921E-02
  1.0778E+00  3.9296E-02
  1.0802E+00  3.1351E-02
  1.0826E+00  2.7021E-02
  1.0851E+00  2.6467E-02
  1.0875E+00  3.1315E-02
  1.0899E+00  3.3789E-02
  1.0923E+00  3.5060E-02
  1.0947E+00  4.5044E-02
  1.0971E+00  5.2459E-02
  1.0996E+00  5.9471E-02
  1.1020E+00  6.3820E-02
  1.1044E+00  6.5171E-02
  1.1068E+00  6.7421E-02
  1.1092E+00  7.0904E-02
  1.1116E+00  7.4969E-02
  1.1141E+00  7.6390E-02
  1.1165E+00  7.8739E-02
  1.1189E+00  8.0375E-02
  1.1213E+00  8.2876E-02
  1.1237E+00  8.4339E-02
  1.1261E+00  8.5022E-02
  1.1286E+00  8.5060E-02
  1.1310E+00  8.4350E-02
  1.1334E+00  8.2023E-02
  1.1358E+00  8.1941E-02
  1.1382E+00  8.1550E-02
  1.1406E+00  8.0860E-02
  1.1431E+00  7.9875E-02
  1.1455E+00  7.8593E-02
  1.1479E+00  7.9612E-02
  1.1503E+00  7.9370E-02
  1.1527E+00  7.8219E-02
  1.1551E+00  7.6422E-02
  1.1576E+00  7.4000E-02
  1.1600E+00  7.0878E-02
  1.1624E+00  6.6848E-02
  1.1648E+00  6.1369E-02
  1.1672E+00  5.1554E-02
  1.1696E+00  4.3100E-02
  1.1721E+00  4.3155E-02
  1.1745E+00  4.3677E-02
  1.1769E+00  4.4340E-02
  1.1793E+00  4.4596E-02
  1.1817E+00  4.4662E-02
  1.1841E+00  4.4585E-02
  1.1866E+00  4.4380E-02
  1.1890E+00  4.4053E-02
  1.1914E+00  4.3604E-02
  1.1938E+00  4.6953E-02
  1.1962E+00  5.4611E-02
  1.1986E+00  5.7965E-02
  1.2011E+00  5.9889E-02
  1.2035E+00  6.0806E-02
  1.2059E+00  6.0642E-02
  1.2083E+00  5.7865E-02
  1.2107E+00  5.9123E-02
  1.2131E+00  7.3238E-02
  1.2156E+00  7.9099E-02
  1.2180E+00  8.3208E-02
  1.2204E+00  8.6287E-02
  1.2228E+00  8.8625E-02
  1.2252E+00  9.0377E-02
  1.2276E+00  9.1639E-02
  1.2301E+00  9.4697E-02
  1.2325E+00  1.0531E-01
  1.2349E+00  1.0984E-01
  1.2373E+00  1.1265E-01
  1.2397E+00  1.1435E-01
  1.2421E+00  1.1520E-01
  1.2446E+00  1.1535E-01
  1.2470E+00  1.1486E-01
  1.2494E+00  1.2039E-01
  1.2518E+00  1.3106E-01
  1.2542E+00  1.4415E-01
  1.2566E+00  1.5104E-01
  1.2591E+00  1.5450E-01
  1.2615E+00  1.5570E-01
  1.2639E+00  1.5503E-01
  1.2663E+00  1.9201E-01
  1.2687E+00  1.9411E-01
  1.2711E+00  1.9410E-01
  1.2736E+00  1.8676E-01
  1.2760E+00  1.8587E-01
  1.2784E+00  1.8284E-01
  1.2808E+00  1.7730E-01
  1.2832E+00  1.6772E-01
  1.2856E+00  1.5050E-01
  1.2881E+00  1.4857E-01
  1.2905E+00  1.4555E-01
  1.2929E+00  1.4166E-01
  1.2953E+00  1.3726E-01
  1.2977E+00  1.3173E-01
  1.3001E+00  1.2235E-01
  1.3026E+00  1.1332E-01
  1.3050E+00  9.6640E-02
  1.3074E+00  8.8784E-02
  1.3098E+00  8.2111E-02
  1.3122E+00  7.7289E-02
  1.3146E+00  7.1656E-02
  1.3171E+00  6.4912E-02
  1.3195E+00  5.6282E-02
  1.3219E+00  4.2627E-02
  1.3243E+00  3.6196E-02
  1.3267E+00  2.6654E-02
  1.3291E+00  1.3083E-02
  1.3316E+00  1.2867E-02
  1.3340E+00  1.2637E-02
  1.3364E+00  1.2388E-02
  1.3388E+00  1.2113E-02
  1.3412E+00  1.1797E-02
  1.3436E+00  1.1366E-02
  1.3461E+00  1.1012E-02
  1.3485E+00  1.0827E-02
  1.3509E+00  1.4653E-02
  1.3533E+00  2.1312E-02
  1.3557E+00  2.4666E-02
  1.3581E+00  2.6372E-02
  1.3606E+00  2.7056E-02
  1.3630E+00  2.6896E-02
  1.3654E+00  2.5899E-02
  1.3678E+00  2.3884E-02
  1.3702E+00  2.0086E-02
  1.3726E+00  1.3476E-02
  1.3751E+00  1.2964E-02
  1.3775E+00  1.4085E-02
  1.3799E+00  1.6659E-02
  1.3823E+00  1.8194E-02
  1.3847E+00  1.9376E-02
  1.3871E+00  2.0351E-02
  1.3896E+00  2.1182E-02
  1.3920E+00  2.1902E-02
  1.3944E+00  2.2534E-02
  1.3968E+00  2.3092E-02
  1.3992E+00  2.3586E-02
  1.4016E+00  2.4024E-02
  1.4041E+00  2.6771E-02
  1.4065E+00  2.8785E-02
  1.4089E+00  3.0149E-02
  1.4113E+00  4.5939E-02
  1.4137E+00  5.2959E-02
  1.4161E+00  5.7765E-02
  1.4185E+00  6.1404E-02
  1.4210E+00  6.4238E-02
  1.4234E+00  6.6454E-02
  1.4258E+00  7.0893E-02
  1.4282E+00  7.5096E-02
  1.4306E+00  7.7717E-02
  1.4330E+00  7.9548E-02
  1.4355E+00  8.0800E-02
  1.4379E+00  8.1573E-02
  1.4403E+00  8.3323E-02
  1.4427E+00  8.3932E-02
  1.4451E+00  8.4000E-02
  1.4475E+00  8.3626E-02
  1.4500E+00  8.2841E-02
  1.4524E+00  8.1651E-02
  1.4548E+00  8.0043E-02
  1.4572E+00  7.7981E-02
  1.4596E+00  7.5396E-02
  1.4620E+00  7.3292E-02
  1.4645E+00  7.1194E-02
  1.4669E+00  6.6325E-02
  1.4693E+00  6.6294E-02
  1.4717E+00  7.5531E-02
  1.4741E+00  8.0469E-02
  1.4765E+00  8.3156E-02
  1.4790E+00  8.3837E-02
  1.4814E+00  8.5908E-02
  1.4838E+00  8.7314E-02
  1.4862E+00  9.7439E-02
  1.4886E+00  1.0485E-01
  1.4910E+00  1.0875E-01
  1.4935E+00  1.1086E-01
  1.4959E+00  1.1168E-01
  1.4983E+00  1.1140E-01
  1.5007E+00  1.1291E-01
  1.5031E+00  1.1219E-01
  1.5055E+00  1.1000E-01
  1.5080E+00  1.1238E-01
  1.5104E+00  1.1246E-01
  1.5128E+00  1.0967E-01
  1.5152E+00  1.0616E-01
  1.5176E+00  9.9814E-02
  1.5200E+00  9.2902E-02
  1.5225E+00  7.8770E-02
  1.5249E+00  6.3730E-02
  1.5273E+00  6.4125E-02
  1.5297E+00  6.4230E-02
  1.5321E+00  7.4579E-02
  1.5345E+00  8.2986E-02
  1.5370E+00  8.7400E-02
  1.5394E+00  8.9998E-02
  1.5418E+00  9.1350E-02
  1.5442E+00  9.1697E-02
  1.5466E+00  9.5034E-02
  1.5490E+00  9.5702E-02
  1.5515E+00  9.4753E-02
  1.5539E+00  9.2266E-02
  1.5563E+00  8.7565E-02
  1.5587E+00  8.0279E-02
  1.5611E+00  7.9259E-02
  1.5635E+00  8.5565E-02
  1.5660E+00  8.9046E-02
  1.5684E+00  8.8570E-02
  1.5708E+00  8.7319E-02
  1.5732E+00  8.4513E-02
  1.5756E+00  7.9562E-02
  1.5780E+00  6.9268E-02
  1.5805E+00  6.3395E-02
  1.5829E+00  7.2444E-02
  1.5853E+00  8.0470E-02
  1.5877E+00  9.1697E-02
  1.5901E+00  8.9675E-02
  1.5925E+00  9.5034E-02
  1.5950E+00  9.8755E-02
  1.5974E+00  1.0182E-01
  1.5998E+00  1.0406E-01
  1.6022E+00  1.0504E-01
  1.6046E+00  1.0473E-01
  1.6070E+00  1.0444E-01
  1.6095E+00  1.0342E-01
  1.6119E+00  1.0162E-01
  1.6143E+00  9.8805E-02
  1.6167E+00  9.4988E-02
  1.6191E+00  9.2396E-02
  1.6215E+00  8.9204E-02
  1.6240E+00  8.5360E-02
  1.6264E+00  8.0769E-02
  1.6288E+00  8.7002E-02
  1.6312E+00  9.1013E-02
  1.6336E+00  8.9128E-02
  1.6360E+00  8.3930E-02
  1.6385E+00  8.6294E-02
  1.6409E+00  7.5101E-02
  1.6433E+00  7.8078E-02
  1.6457E+00  7.6945E-02
  1.6481E+00  6.9508E-02
  1.6505E+00  7.4275E-02
  1.6530E+00  7.6717E-02
  1.6554E+00  7.8182E-02
  1.6578E+00  7.8875E-02
  1.6602E+00  7.8892E-02
  1.6626E+00  7.8282E-02
  1.6650E+00  7.7055E-02
  1.6675E+00  7.5127E-02
  1.6699E+00  7.2755E-02
  1.6723E+00  6.9974E-02
  1.6747E+00  6.6536E-02
  1.6771E+00  7.5695E-02
  1.6795E+00  7.9620E-02
  1.6820E+00  7.8584E-02
  1.6844E+00  7.3421E-02
  1.6868E+00  5.9144E-02
  1.6892E+00  6.5479E-02
  1.6916E+00  7.0172E-02
  1.6940E+00  7.0820E-02
  1.6965E+00  6.7084E-02
  1.6989E+00  6.5698E-02
  1.7013E+00  7.6882E-02
  1.7037E+00  8.2196E-02
  1.7061E+00  8.4990E-02
  1.7085E+00  8.6196E-02
  1.7110E+00  8.6116E-02
  1.7134E+00  8.4857E-02
  1.7158E+00  8.6402E-02
  1.7182E+00  8.4338E-02
  1.7206E+00  7.9937E-02
  1.7230E+00  7.1406E-02
  1.7255E+00  7.4652E-02
  1.7279E+00  8.2226E-02
  1.7303E+00  8.6351E-02
  1.7327E+00  8.8258E-02
  1.7351E+00  8.8428E-02
  1.7375E+00  8.6891E-02
  1.7400E+00  8.2998E-02
  1.7424E+00  7.5686E-02
  1.7448E+00  7.4756E-02
  1.7472E+00  7.3090E-02
  1.7496E+00  7.0651E-02
  1.7520E+00  6.7333E-02
  1.7545E+00  6.2894E-02
  1.7569E+00  5.6591E-02
  1.7593E+00  5.3501E-02
  1.7617E+00  6.0580E-02
  1.7641E+00  6.3021E-02
  1.7665E+00  7.6566E-02
  1.7690E+00  7.9667E-02
  1.7714E+00  8.5501E-02
  1.7738E+00  9.2721E-02
  1.7762E+00  9.6072E-02
  1.7786E+00  9.3466E-02
  1.7810E+00  9.4683E-02
  1.7835E+00  1.0475E-01
  1.7859E+00  1.0597E-01
  1.7883E+00  1.1084E-01
  1.7907E+00  1.1208E-01
  1.7931E+00  1.2951E-01
  1.7955E+00  1.4580E-01
  1.7980E+00  1.5367E-01
  1.8004E+00  1.7992E-01
  1.8028E+00  1.9737E-01
  1.8052E+00  2.0373E-01
  1.8076E+00  2.0559E-01
  1.8100E+00  1.9896E-01
  1.8125E+00  2.0257E-01
  1.8149E+00  2.0174E-01
  1.8173E+00  1.9750E-01
  1.8197E+00  1.8980E-01
  1.8221E+00  1.7786E-01
  1.8245E+00  1.5601E-01
  1.8270E+00  1.4300E-01
  1.8294E+00  1.2271E-01
  1.8318E+00  9.7034E-02
  1.8342E+00  8.2171E-02
  1.8366E+00  7.2855E-02
  1.8390E+00  5.4019E-02
  1.8415E+00  4.6939E-02
  1.8439E+00  4.7314E-02
  1.8463E+00  4.7047E-02
  1.8487E+00  5.5165E-02
  1.8511E+00  5.7775E-02
  1.8535E+00  5.8280E-02
  1.8560E+00  5.7115E-02
  1.8584E+00  5.2432E-02
  1.8608E+00  5.0872E-02
  1.8632E+00  4.7523E-02
  1.8656E+00  4.2386E-02
  1.8680E+00  4.1660E-02
  1.8705E+00  5.7864E-02
  1.8729E+00  8.0234E-02
  1.8753E+00  8.9770E-02
  1.8777E+00  1.0580E-01
  1.8801E+00  1.1759E-01
  1.8825E+00  1.1998E-01
  1.8850E+00  1.2078E-01
  1.8874E+00  1.2366E-01
  1.8898E+00  1.1757E-01
  1.8922E+00  1.1024E-01
  1.8946E+00  1.0693E-01
  1.8970E+00  1.0033E-01
  1.8995E+00  8.9764E-02
  1.9019E+00  7.1949E-02
  1.9043E+00  4.6990E-02
  1.9067E+00  3.7306E-02
  1.9091E+00  1.8288E-02
  1.9115E+00  8.7732E-03
  1.9140E+00  8.5808E-03
  1.9164E+00  8.3748E-03
  1.9188E+00  8.1547E-03
  1.9212E+00  7.9195E-03
  1.9236E+00  9.1054E-03
  1.9260E+00  3.5194E-02
  1.9285E+00  4.6047E-02
  1.9309E+00  5.3154E-02
  1.9333E+00  5.8203E-02
  1.9357E+00  6.1834E-02
  1.9381E+00  6.4368E-02
  1.9405E+00  8.9488E-02
  1.9430E+00  1.0540E-01
  1.9454E+00  1.3481E-01
  1.9478E+00  1.4920E-01
  1.9502E+00  1.5788E-01
  1.9526E+00  1.7824E-01
  1.9550E+00  1.8718E-01
  1.9575E+00  1.9280E-01
  1.9599E+00  2.0818E-01
  1.9623E+00  2.1492E-01
  1.9647E+00  2.1426E-01
  1.9671E+00  2.0305E-01
  1.9695E+00  2.2698E-01
  1.9720E+00  2.4234E-01
  1.9744E+00  2.4660E-01
  1.9768E+00  2.4402E-01
  1.9792E+00  2.3485E-01
  1.9816E+00  2.1418E-01
  1.9840E+00  1.9602E-01
  1.9865E+00  1.7425E-01
  1.9889E+00  1.6346E-01
  1.9913E+00  1.5705E-01
  1.9937E+00  1.5625E-01
  1.9961E+00  1.4817E-01
  1.9985E+00  1.4216E-01
  2.0010E+00  1.3573E-01
  2.0034E+00  1.1595E-01
  2.0058E+00  1.1599E-01
  2.0082E+00  1.2615E-01
  2.0106E+00  1.3857E-01
  2.0130E+00  1.5056E-01
  2.0155E+00  1.7480E-01
  2.0179E+00  1.8032E-01
  2.0203E+00  1.8009E-01
  2.0227E+00  1.7414E-01
  2.0251E+00  1.6546E-01
  2.0275E+00  1.6552E-01
  2.0300E+00  1.6583E-01
  2.0324E+00  1.5188E-01
  2.0348E+00  1.4360E-01
  2.0372E+00  1.5801E-01
  2.0396E+00  1.6044E-01
  2.0420E+00  1.5102E-01
  2.0445E+00  1.5178E-01
  2.0469E+00  1.5023E-01
  2.0493E+00  1.6388E-01
  2.0517E+00  1.6338E-01
  2.0541E+00  1.5404E-01
  2.0565E+00  1.4338E-01
  2.0590E+00  1.3848E-01
  2.0614E+00  1.3578E-01
  2.0638E+00  1.3467E-01
  2.0662E+00  1.3018E-01
  2.0686E+00  1.2299E-01
  2.0710E+00  1.1242E-01
  2.0735E+00  9.4661E-02
  2.0759E+00  9.8286E-02
  2.0783E+00  1.0063E-01
  2.0807E+00  9.5519E-02
  2.0831E+00  9.4761E-02
  2.0855E+00  1.0019E-01
  2.0880E+00  9.1799E-02
  2.0904E+00  9.5920E-02
  2.0928E+00  9.7408E-02
  2.0952E+00  9.6689E-02
  2.0976E+00  9.3120E-02
  2.1000E+00  8.5670E-02
  2.1025E+00  7.2230E-02
  2.1049E+00  6.5393E-02
  2.1073E+00  5.4541E-02
  2.1097E+00  5.7901E-02
  2.1121E+00  7.2266E-02
  2.1145E+00  1.0341E-01
  2.1170E+00  1.1624E-01
  2.1194E+00  1.2469E-01
  2.1218E+00  1.2920E-01
  2.1242E+00  1.5994E-01
  2.1266E+00  1.7231E-01
  2.1290E+00  2.0291E-01
  2.1314E+00  2.1264E-01
  2.1339E+00  2.3181E-01
  2.1363E+00  2.4164E-01
  2.1387E+00  2.3531E-01
  2.1411E+00  2.0895E-01
  2.1435E+00  2.1199E-01
  2.1459E+00  2.1469E-01
  2.1484E+00  2.1235E-01
  2.1508E+00  2.3734E-01
  2.1532E+00  2.4358E-01
  2.1556E+00  2.3978E-01
  2.1580E+00  2.3398E-01
  2.1604E+00  2.3183E-01
  2.1629E+00  2.1327E-01
  2.1653E+00  2.1556E-01
  2.1677E+00  2.1748E-01
  2.1701E+00  2.2432E-01
  2.1725E+00  2.0827E-01
  2.1749E+00  1.9251E-01
  2.1774E+00  1.8509E-01
  2.1798E+00  1.9337E-01
  2.1822E+00  2.0917E-01
  2.1846E+00  2.0002E-01
  2.1870E+00  1.7726E-01
  2.1894E+00  1.7259E-01
  2.1919E+00  1.8483E-01
  2.1943E+00  2.0538E-01
  2.1967E+00  2.3368E-01
  2.1991E+00  2.4287E-01
  2.2015E+00  2.6269E-01
  2.2039E+00  3.0145E-01
  2.2064E+00  3.0020E-01
  2.2088E+00  2.8868E-01
  2.2112E+00  2.7361E-01
  2.2136E+00  2.8001E-01
  2.2160E+00  2.9866E-01
  2.2184E+00  3.0492E-01
  2.2209E+00  2.9838E-01
  2.2233E+00  3.0023E-01
  2.2257E+00  3.0856E-01
  2.2281E+00  3.1095E-01
  2.2305E+00  3.0281E-01
  2.2329E+00  2.8579E-01
  2.2354E+00  2.9811E-01
  2.2378E+00  2.7676E-01
  2.2402E+00  2.6372E-01
  2.2426E+00  2.6766E-01
  2.2450E+00  2.6179E-01
  2.2474E+00  2.4632E-01
  2.2499E+00  2.1934E-01
  2.2523E+00  1.8339E-01
  2.2547E+00  1.6657E-01
  2.2571E+00  1.5875E-01
  2.2595E+00  1.4865E-01
  2.2619E+00  1.3603E-01
  2.2644E+00  1.3369E-01
  2.2668E+00  1.2564E-01
  2.2692E+00  1.2576E-01
  2.2716E+00  1.3589E-01
  2.2740E+00  1.5176E-01
  2.2764E+00  1.7194E-01
  2.2789E+00  1.9372E-01
  2.2813E+00  2.0317E-01
  2.2837E+00  2.0651E-01
  2.2861E+00  2.0503E-01
  2.2885E+00  2.2597E-01
  2.2909E+00  2.5779E-01
  2.2934E+00  2.6749E-01
  2.2958E+00  2.7343E-01
  2.2982E+00  2.9922E-01
  2.3006E+00  2.9534E-01
  2.3030E+00  3.7829E-01
  2.3054E+00  4.0074E-01
  2.3079E+00  4.1869E-01
  2.3103E+00  4.1979E-01
  2.3127E+00  4.0057E-01
  2.3151E+00  3.9362E-01
  2.3175E+00  3.7754E-01
  2.3199E+00  3.5087E-01
  2.3224E+00  3.1364E-01
  2.3248E+00  3.0419E-01
  2.3272E+00  2.4846E-01
  2.3296E+00  2.0909E-01
  2.3320E+00  2.0487E-01
  2.3344E+00  2.2537E-01
  2.3369E+00  2.2738E-01
  2.3393E+00  2.4338E-01
  2.3417E+00  2.5090E-01
  2.3441E+00  2.5397E-01
  2.3465E+00  2.5095E-01
  2.3489E+00  2.7094E-01
  2.3514E+00  2.9731E-01
  2.3538E+00  2.7801E-01
  2.3562E+00  2.7786E-01
  2.3586E+00  2.6371E-01
  2.3610E+00  2.4159E-01
  2.3634E+00  2.3687E-01
  2.3659E+00  2.2766E-01
  2.3683E+00  2.1607E-01
  2.3707E+00  2.2940E-01
  2.3731E+00  2.4010E-01
  2.3755E+00  2.4317E-01
  2.3779E+00  2.3884E-01
  2.3804E+00  2.2124E-01
  2.3828E+00  2.2293E-01
  2.3852E+00  2.2456E-01
  2.3876E+00  2.1076E-01
  2.3900E+00  2.0041E-01
  2.3924E+00  2.0323E-01
  2.3949E+00  1.9642E-01
  2.3973E+00  1.7195E-01
  2.3997E+00  1.8980E-01
  2.4021E+00  2.1890E-01
  2.4045E+00  2.2823E-01
  2.4069E+00  2.3050E-01
  2.4094E+00  2.4720E-01
  2.4118E+00  2.5759E-01
  2.4142E+00  2.8690E-01
  2.4166E+00  3.4595E-01
  2.4190E+00  4.7170E-01
  2.4214E+00  5.2151E-01
  2.4239E+00  5.2085E-01
  2.4263E+00  5.7037E-01
  2.4287E+00  5.8788E-01
  2.4311E+00  5.8301E-01
  2.4335E+00  5.5619E-01
  2.4359E+00  5.0280E-01
  2.4384E+00  4.5265E-01
  2.4408E+00  4.3087E-01
  2.4432E+00  4.0217E-01
  2.4456E+00  3.3005E-01
  2.4480E+00  2.6957E-01
  2.4504E+00  2.1855E-01
  2.4529E+00  2.1405E-01
  2.4553E+00  2.5239E-01
  2.4577E+00  2.6789E-01
  2.4601E+00  3.1713E-01
  2.4625E+00  3.5046E-01
  2.4649E+00  3.6559E-01
  2.4674E+00  3.6761E-01
  2.4698E+00  3.5172E-01
  2.4722E+00  4.1853E-01
  2.4746E+00  4.5042E-01
  2.4770E+00  5.1543E-01
  2.4794E+00  5.3179E-01
  2.4819E+00  5.0061E-01
  2.4843E+00  4.8063E-01
  2.4867E+00  5.3468E-01
  2.4891E+00  5.3168E-01
  2.4915E+00  4.9979E-01
  2.4939E+00  4.6922E-01
  2.4964E+00  4.4758E-01
  2.4988E+00  4.8725E-01
  2.5012E+00  4.9811E-01
  2.5036E+00  4.4522E-01
  2.5060E+00  4.2357E-01
  2.5084E+00  3.8781E-01
  2.5109E+00  3.6658E-01
  2.5133E+00  3.3644E-01
  2.5157E+00  2.8591E-01
  2.5181E+00  3.0259E-01
  2.5205E+00  3.1799E-01
  2.5229E+00  3.3497E-01
  2.5254E+00  3.9257E-01
  2.5278E+00  4.2436E-01
  2.5302E+00  4.2652E-01
  2.5326E+00  4.7692E-01
  2.5350E+00  4.8555E-01
  2.5374E+00  4.8066E-01
  2.5399E+00  4.6801E-01
  2.5423E+00  4.2552E-01
  2.5447E+00  5.6879E-01
  2.5471E+00  6.7704E-01
  2.5495E+00  6.9286E-01
  2.5519E+00  6.5989E-01
  2.5544E+00  6.2835E-01
  2.5568E+00  1.0000E+99
  2.5592E+00  1.0000E+99
  2.5616E+00  1.0000E+99
  2.5640E+00  1.0000E+99
  2.5664E+00  1.0000E+99
  2.5689E+00  1.0000E+99
  2.5713E+00  1.0000E+99
  2.5737E+00  1.0000E+99
  2.5761E+00  1.0000E+99
  2.5785E+00  1.0000E+99
  2.5809E+00  1.0000E+99
  2.5834E+00  1.0000E+99
  2.5858E+00  1.0000E+99
  2.5882E+00  1.0000E+99
  2.5906E+00  1.0000E+99
  2.5930E+00  1.0000E+99
  2.5954E+00  1.0000E+99
  2.5979E+00  1.0000E+99
  2.6003E+00  1.0000E+99
  2.6027E+00  1.0000E+99
  2.6051E+00  1.0000E+99
  2.6075E+00  1.0000E+99
  2.6099E+00  1.0000E+99
  2.6124E+00  1.0000E+99
  2.6148E+00  1.0000E+99
  2.6172E+00  1.0000E+99
  2.6196E+00  1.0000E+99
  2.6220E+00  1.0000E+99
  2.6244E+00  1.0000E+99
  2.6269E+00  1.0000E+99
  2.6293E+00  1.0000E+99
  2.6317E+00  1.0000E+99
  2.6341E+00  1.0000E+99
  2.6365E+00  1.0000E+99
  2.6389E+00  1.0000E+99
  2.6414E+00  1.0000E+99
  2.6438E+00  1.0000E+99
  2.6462E+00  1.0000E+99
  2.6486E+00  1.0000E+99
  2.6510E+00  1.0000E+99
  2.6534E+00  1.0000E+99
  2.6559E+00  1.0000E+99
  2.6583E+00  1.0000E+99
  2.6607E+00  1.0000E+99
  2.6631E+00  1.0000E+99
  2.6655E+00  1.0000E+99
  2.6679E+00  1.0000E+99
  2.6704E+00  1.0000E+99
  2.6728E+00  1.0000E+99
  2.6752E+00  1.0000E+99
  2.6776E+00  1.0000E+99
  2.6800E+00  1.0000E+99
  2.6824E+00  1.0000E+99
  2.6849E+00  1.0000E+99
  2.6873E+00  1.0000E+99
  2.6897E+00  1.0000E+99
  2.6921E+00  1.0000E+99
  2.6945E+00  1.0000E+99
  2.6969E+00  1.0000E+99
  2.6994E+00  1.0000E+99
  2.7018E+00  1.0000E+99
  2.7042E+00  1.0000E+99
  2.7066E+00  1.0000E+99
  2.7090E+00  1.0000E+99
  2.7114E+00  1.0000E+99
  2.7139E+00  1.0000E+99
  2.7163E+00  1.0000E+99
  2.7187E+00  1.0000E+99
  2.7211E+00  1.0000E+99
  2.7235E+00  1.0000E+99
  2.7259E+00  1.0000E+99
  2.7284E+00  1.0000E+99
  2.7308E+00  1.0000E+99
  2.7332E+00  1.0000E+99
  2.7356E+00  1.0000E+99
  2.7380E+00  1.0000E+99
  2.7404E+00  1.0000E+99
  2.7429E+00  1.0000E+99
  2.7453E+00  1.0000E+99
  2.7477E+00  1.0000E+99
  2.7501E+00  1.0000E+99
  2.7525E+00  1.0000E+99
  2.7549E+00  1.0000E+99
  2.7574E+00  1.0000E+99
  2.7598E+00  1.0000E+99
  2.7622E+00  1.0000E+99
  2.7646E+00  1.0000E+99
  2.7670E+00  1.0000E+99
  2.7694E+00  1.0000E+99
  2.7719E+00  1.0000E+99
  2.7743E+00  1.0000E+99
  2.7767E+00  1.0000E+99
  2.7791E+00  1.0000E+99
  2.7815E+00  1.0000E+99
  2.7839E+00  1.0000E+99
  2.7864E+00  1.0000E+99
  2.7888E+00  1.0000E+99
  2.7912E+00  1.0000E+99
  2.7936E+00  1.0000E+99
  2.7960E+00  1.0000E+99
  2.7984E+00  1.0000E+99
  2.8009E+00  1.0000E+99
  2.8033E+00  1.0000E+99
  2.8057E+00  1.0000E+99
  2.8081E+00  1.0000E+99
  2.8105E+00  1.0000E+99
  2.8129E+00  1.0000E+99
  2.8154E+00  1.0000E+99
  2.8178E+00  1.0000E+99
  2.8202E+00  1.0000E+99
  2.8226E+00  1.0000E+99
  2.8250E+00  1.0000E+99
  2.8274E+00  1.0000E+99
  2.8298E+00  1.0000E+99
  2.8323E+00  1.0000E+99
  2.8347E+00  1.0000E+99
  2.8371E+00  1.0000E+99
  2.8395E+00  1.0000E+99
  2.8419E+00  1.0000E+99
  2.8443E+00  1.0000E+99
  2.8468E+00  1.0000E+99
  2.8492E+00  1.0000E+99
  2.8516E+00  1.0000E+99
  2.8540E+00  1.0000E+99
  2.8564E+00  1.0000E+99
  2.8588E+00  1.0000E+99
  2.8613E+00  1.0000E+99
  2.8637E+00  1.0000E+99
  2.8661E+00  1.0000E+99
  2.8685E+00  1.0000E+99
  2.8709E+00  1.0000E+99
  2.8733E+00  1.0000E+99
  2.8758E+00  1.0000E+99
  2.8782E+00  1.0000E+99
  2.8806E+00  1.0000E+99
  2.8830E+00  1.0000E+99
  2.8854E+00  1.0000E+99
  2.8878E+00  1.0000E+99
  2.8903E+00  1.0000E+99
  2.8927E+00  1.0000E+99
  2.8951E+00  1.0000E+99
  2.8975E+00  1.0000E+99
  2.8999E+00  1.0000E+99
  2.9023E+00  1.0000E+99
  2.9048E+00  1.0000E+99
  2.9072E+00  1.0000E+99
  2.9096E+00  1.0000E+99
  2.9120E+00  1.0000E+99
  2.9144E+00  1.0000E+99
  2.9168E+00  1.0000E+99
  2.9193E+00  1.0000E+99
  2.9217E+00  1.0000E+99
  2.9241E+00  1.0000E+99
  2.9265E+00  1.0000E+99
  2.9289E+00  1.0000E+99
  2.9313E+00  1.0000E+99
  2.9338E+00  1.0000E+99
  2.9362E+00  1.0000E+99
  2.9386E+00  1.0000E+99
  2.9410E+00  1.0000E+99
  2.9434E+00  1.0000E+99
  2.9458E+00  1.0000E+99
  2.9483E+00  1.0000E+99
  2.9507E+00  1.0000E+99
  2.9531E+00  1.0000E+99
  2.9555E+00  1.0000E+99
  2.9579E+00  1.0000E+99
  2.9603E+00  1.0000E+99
  2.9628E+00  1.0000E+99
  2.9652E+00  1.0000E+99
  2.9676E+00  1.0000E+99
  2.9700E+00  1.0000E+99
  2.9724E+00  1.0000E+99
  2.9748E+00  1.0000E+99
  2.9773E+00  1.0000E+99
  2.9797E+00  1.0000E+99
  2.9821E+00  1.0000E+99
  2.9845E+00  1.0000E+99
  2.9869E+00  1.0000E+99
  2.9893E+00  1.0000E+99
  2.9918E+00  1.0000E+99
  2.9942E+00  1.0000E+99
  2.9966E+00  1.0000E+99
  2.9990E+00  1.0000E+99
  3.0014E+00  1.0000E+99
  3.0038E+00  1.0000E+99
  3.0063E+00  1.0000E+99
  3.0087E+00  1.0000E+99
  3.0111E+00  1.0000E+99
  3.0135E+00  1.0000E+99
  3.0159E+00  1.0000E+99
  3.0183E+00  1.0000E+99
  3.0208E+00  1.0000E+99
  3.0232E+00  1.0000E+99
  3.0256E+00  1.0000E+99
  3.0280E+00  1.0000E+99
  3.0304E+00  1.0000E+99
  3.0328E+00  1.0000E+99
  3.0353E+00  1.0000E+99
  3.0377E+00  1.0000E+99
  3.0401E+00  1.0000E+99
  3.0425E+00  1.0000E+99
  3.0449E+00  1.0000E+99
  3.0473E+00  1.0000E+99
  3.0498E+00  1.0000E+99
  3.0522E+00  1.0000E+99
  3.0546E+00  1.0000E+99
  3.0570E+00  1.0000E+99
  3.0594E+00  1.0000E+99
  3.0618E+00  1.0000E+99
  3.0643E+00  1.0000E+99
  3.0667E+00  1.0000E+99
  3.0691E+00  1.0000E+99
  3.0715E+00  1.0000E+99
  3.0739E+00  1.0000E+99
  3.0763E+00  1.0000E+99
  3.0788E+00  1.0000E+99
  3.0812E+00  1.0000E+99
  3.0836E+00  1.0000E+99
  3.0860E+00  1.0000E+99
  3.0884E+00  1.0000E+99
  3.0908E+00  1.0000E+99
  3.0933E+00  1.0000E+99
  3.0957E+00  1.0000E+99
  3.0981E+00  1.0000E+99
  3.1005E+00  1.0000E+99
  3.1029E+00  1.0000E+99
  3.1053E+00  1.0000E+99
  3.1078E+00  1.0000E+99
  3.1102E+00  1.0000E+99
  3.1126E+00  1.0000E+99
  3.1150E+00  1.0000E+99
  3.1174E+00  1.0000E+99
  3.1198E+00  1.0000E+99
  3.1223E+00  1.0000E+99
  3.1247E+00  1.0000E+99
  3.1271E+00  1.0000E+99
  3.1295E+00  1.0000E+99
  3.1319E+00  1.0000E+99
  3.1343E+00  1.0000E+99
  3.1368E+00  1.0000E+99
  3.1392E+00  1.0000E+99
  3.1416E+00  1.0000E+99
  3.1440E+00  1.0000E+99
  3.1464E+00  1.0000E+99
  3.1488E+00  1.0000E+99
  3.1513E+00  1.0000E+99
  3.1537E+00  1.0000E+99
  3.1561E+00  1.0000E+99
  3.1585E+00  1.0000E+99
  3.1609E+00  1.0000E+99
  3.1633E+00  1.0000E+99
  3.1658E+00  1.0000E+99
  3.1682E+00  1.0000E+99
  3.1706E+00  1.0000E+99
  3.1730E+00  1.0000E+99
  3.1754E+00  1.0000E+99
  3.1778E+00  1.0000E+99
  3.1803E+00  1.0000E+99
  3.1827E+00  1.0000E+99
  3.1851E+00  1.0000E+99
  3.1875E+00  1.0000E+99
  3.1899E+00  1.0000E+99
  3.1923E+00  1.0000E+99
  3.1948E+00  1.0000E+99
  3.1972E+00  1.0000E+99
  3.1996E+00  1.0000E+99
  3.2020E+00  1.0000E+99
  3.2044E+00  1.0000E+99
  3.2068E+00  1.0000E+99
  3.2093E+00  1.0000E+99
  3.2117E+00  1.0000E+99
  3.2141E+00  1.0000E+99
  3.2165E+00  1.0000E+99
  3.2189E+00  1.0000E+99
  3.2213E+00  1.0000E+99
  3.2238E+00  1.0000E+99
  3.2262E+00  1.0000E+99
  3.2286E+00  1.0000E+99
  3.2310E+00  1.0000E+99
  3.2334E+00  1.0000E+99
  3.2358E+00  1.0000E+99
  3.2383E+00  1.0000E+99
  3.2407E+00  1.0000E+99
  3.2431E+00  1.0000E+99
  3.2455E+00  1.0000E+99
  3.2479E+00  1.0000E+99
  3.2503E+00  1.0000E+99
  3.2528E+00  1.0000E+99
  3.2552E+00  1.0000E+99
  3.2576E+00  1.0000E+99
  3.2600E+00  1.0000E+99
  3.2624E+00  1.0000E+99
  3.2648E+00  1.0000E+99
  3.2673E+00  1.0000E+99
  3.2697E+00  1.0000E+99
  3.2721E+00  1.0000E+99
  3.2745E+00  1.0000E+99
  3.2769E+00  1.0000E+99
  3.2793E+00  1.0000E+99
  3.2818E+00  1.0000E+99
  3.2842E+00  1.0000E+99
  3.2866E+00  1.0000E+99
  3.2890E+00  1.0000E+99
  3.2914E+00  1.0000E+99
  3.2938E+00  1.0000E+99
  3.2963E+00  1.0000E+99
  3.2987E+00  1.0000E+99
  3.3011E+00  1.0000E+99
  3.3035E+00  1.0000E+99
  3.3059E+00  1.0000E+99
  3.3083E+00  1.0000E+99
  3.3108E+00  1.0000E+99
  3.3132E+00  1.0000E+99
  3.3156E+00  1.0000E+99
  3.3180E+00  1.0000E+99
  3.3204E+00  1.0000E+99
  3.3228E+00  1.0000E+99
  3.3253E+00  1.0000E+99
  3.3277E+00  1.0000E+99
  3.3301E+00  1.0000E+99
  3.3325E+00  1.0000E+99
  3.3349E+00  1.0000E+99
  3.3373E+00  1.0000E+99
  3.3398E+00  1.0000E+99
  3.3422E+00  1.0000E+99
  3.3446E+00  1.0000E+99
  3.3470E+00  1.0000E+99
  3.3494E+00  1.0000E+99
  3.3518E+00  1.0000E+99
  3.3543E+00  1.0000E+99
  3.3567E+00  1.0000E+99
  3.3591E+00  1.0000E+99
  3.3615E+00  1.0000E+99
  3.3639E+00  1.0000E+99
  3.3663E+00  1.0000E+99
  3.3688E+00  1.0000E+99
  3.3712E+00  1.0000E+99
  3.3736E+00  1.0000E+99
  3.3760E+00  1.0000E+99
  3.3784E+00  1.0000E+99
  3.3808E+00  1.0000E+99
  3.3833E+00  1.0000E+99
  3.3857E+00  1.0000E+99
  3.3881E+00  1.0000E+99
  3.3905E+00  1.0000E+99
  3.3929E+00  1.0000E+99
  3.3953E+00  1.0000E+99
  3.3978E+00  1.0000E+99
  3.4002E+00  1.0000E+99
  3.4026E+00  1.0000E+99
  3.4050E+00  1.0000E+99
  3.4074E+00  1.0000E+99
  3.4098E+00  1.0000E+99
  3.4123E+00  1.0000E+99
  3.4147E+00  1.0000E+99
  3.4171E+00  1.0000E+99
  3.4195E+00  1.0000E+99
  3.4219E+00  1.0000E+99
  3.4243E+00  1.0000E+99
  3.4268E+00  1.0000E+99
  3.4292E+00  1.0000E+99
  3.4316E+00  1.0000E+99
  3.4340E+00  1.0000E+99
  3.4364E+00  1.0000E+99
  3.4388E+00  1.0000E+99
  3.4413E+00  1.0000E+99
  3.4437E+00  1.0000E+99
  3.4461E+00  1.0000E+99
  3.4485E+00  1.0000E+99
  3.4509E+00  1.0000E+99
  3.4533E+00  1.0000E+99
  3.4558E+00  1.0000E+99
  3.4582E+00  1.0000E+99
  3.4606E+00  1.0000E+99
  3.4630E+00  1.0000E+99
  3.4654E+00  1.0000E+99
  3.4678E+00  1.0000E+99
  3.4703E+00  1.0000E+99
  3.4727E+00  1.0000E+99
  3.4751E+00  1.0000E+99
  3.4775E+00  1.0000E+99
  3.4799E+00  1.0000E+99
  3.4823E+00  1.0000E+99
  3.4848E+00  1.0000E+99
  3.4872E+00  1.0000E+99
  3.4896E+00  1.0000E+99
  3.4920E+00  1.0000E+99
  3.4944E+00  1.0000E+99
  3.4968E+00  1.0000E+99
  3.4993E+00  1.0000E+99
  3.5017E+00  1.0000E+99
  3.5041E+00  1.0000E+99
  3.5065E+00  1.0000E+99
  3.5089E+00  1.0000E+99
  3.5113E+00  1.0000E+99
  3.5138E+00  1.0000E+99
  3.5162E+00  1.0000E+99
  3.5186E+00  1.0000E+99
  3.5210E+00  1.0000E+99
  3.5234E+00  1.0000E+99
  3.5258E+00  1.0000E+99
  3.5283E+00  1.0000E+99
  3.5307E+00  1.0000E+99
  3.5331E+00  1.0000E+99
  3.5355E+00  1.0000E+99
  3.5379E+00  1.0000E+99
  3.5403E+00  1.0000E+99
  3.5427E+00  1.0000E+99
  3.5452E+00  1.0000E+99
  3.5476E+00  1.0000E+99
  3.5500E+00  1.0000E+99
  3.5524E+00  1.0000E+99
  3.5548E+00  1.0000E+99
  3.5572E+00  1.0000E+99
  3.5597E+00  1.0000E+99
  3.5621E+00  1.0000E+99
  3.5645E+00  1.0000E+99
  3.5669E+00  1.0000E+99
  3.5693E+00  1.0000E+99
  3.5717E+00  1.0000E+99
  3.5742E+00  1.0000E+99
  3.5766E+00  1.0000E+99
  3.5790E+00  1.0000E+99
  3.5814E+00  1.0000E+99
  3.5838E+00  1.0000E+99
  3.5862E+00  1.0000E+99
  3.5887E+00  1.0000E+99
  3.5911E+00  1.0000E+99
  3.5935E+00  1.0000E+99
  3.5959E+00  1.0000E+99
  3.5983E+00  1.0000E+99
  3.6007E+00  1.0000E+99
  3.6032E+00  1.0000E+99
  3.6056E+00  1.0000E+99
  3.6080E+00  1.0000E+99
  3.6104E+00  1.0000E+99
  3.6128E+00  1.0000E+99
  3.6152E+00  1.0000E+99
  3.6177E+00  1.0000E+99
  3.6201E+00  1.0000E+99
  3.6225E+00  1.0000E+99
  3.6249E+00  1.0000E+99
  3.6273E+00  1.0000E+99
  3.6297E+00  1.0000E+99
  3.6322E+00  1.0000E+99
  3.6346E+00  1.0000E+99
  3.6370E+00  1.0000E+99
  3.6394E+00  1.0000E+99
  3.6418E+00  1.0000E+99
  3.6442E+00  1.0000E+99
  3.6467E+00  1.0000E+99
  3.6491E+00  1.0000E+99
  3.6515E+00  1.0000E+99
  3.6539E+00  1.0000E+99
  3.6563E+00  1.0000E+99
  3.6587E+00  1.0000E+99
  3.6612E+00  1.0000E+99
  3.6636E+00  1.0000E+99
  3.6660E+00  1.0000E+99
  3.6684E+00  1.0000E+99
  3.6708E+00  1.0000E+99
  3.6732E+00  1.0000E+99
  3.6757E+00  1.0000E+99
  3.6781E+00  1.0000E+99
  3.6805E+00  1.0000E+99
  3.6829E+00  1.0000E+99
  3.6853E+00  1.0000E+99
  3.6877E+00  1.0000E+99
  3.6902E+00  1.0000E+99
  3.6926E+00  1.0000E+99
  3.6950E+00  1.0000E+99
  3.6974E+00  1.0000E+99
  3.6998E+00  1.0000E+99
  3.7022E+00  1.0000E+99
  3.7047E+00  1.0000E+99
  3.7071E+00  1.0000E+99
  3.7095E+00  1.0000E+99
  3.7119E+00  1.0000E+99
  3.7143E+00  1.0000E+99
  3.7167E+00  1.0000E+99
  3.7192E+00  1.0000E+99
  3.7216E+00  1.0000E+99
  3.7240E+00  1.0000E+99
  3.7264E+00  1.0000E+99
  3.7288E+00  5.8040E-01
  3.7312E+00  5.8329E-01
  3.7337E+00  5.8456E-01
  3.7361E+00  5.8454E-01
  3.7385E+00  5.8347E-01
  3.7409E+00  5.8152E-01
  3.7433E+00  5.7882E-01
  3.7457E+00  5.7545E-01
  3.7482E+00  6.0634E-01
  3.7506E+00  6.1869E-01
  3.7530E+00  6.2410E-01
  3.7554E+00  6.2595E-01
  3.7578E+00  6.2545E-01
  3.7602E+00  6.2322E-01
  3.7627E+00  6.1963E-01
  3.7651E+00  6.1491E-01
  3.7675E+00  6.0922E-01
  3.7699E+00  6.0267E-01
  3.7723E+00  5.9533E-01
  3.7747E+00  5.8723E-01
  3.7772E+00  5.7841E-01
  3.7796E+00  5.6886E-01
  3.7820E+00  5.5855E-01
  3.7844E+00  5.4744E-01
  3.7868E+00  5.3544E-01
  3.7892E+00  5.2242E-01
  3.7917E+00  5.0817E-01
  3.7941E+00  4.9226E-01
  3.7965E+00  4.7368E-01
  3.7989E+00  4.4462E-01
  3.8013E+00  4.3117E-01
  3.8037E+00  4.1581E-01
  3.8062E+00  3.9698E-01
  3.8086E+00  3.6575E-01
  3.8110E+00  3.5444E-01
  3.8134E+00  3.4741E-01
  3.8158E+00  3.3988E-01
  3.8182E+00  3.3176E-01
  3.8207E+00  3.2898E-01
  3.8231E+00  3.5486E-01
  3.8255E+00  3.5890E-01
  3.8279E+00  3.5198E-01
  3.8303E+00  3.5539E-01
  3.8327E+00  3.5688E-01
  3.8352E+00  3.5683E-01
  3.8376E+00  3.5547E-01
  3.8400E+00  3.5293E-01
  3.8424E+00  3.4927E-01
  3.8448E+00  3.4453E-01
  3.8472E+00  3.3867E-01
  3.8497E+00  3.3161E-01
  3.8521E+00  3.2314E-01
  3.8545E+00  3.1270E-01
  3.8569E+00  2.7375E-01
  3.8593E+00  2.6674E-01
  3.8617E+00  2.5849E-01
  3.8642E+00  2.4856E-01
  3.8666E+00  2.3575E-01
  3.8690E+00  2.1236E-01
  3.8714E+00  2.0747E-01
  3.8738E+00  2.0186E-01
  3.8762E+00  1.9543E-01
  3.8787E+00  1.8795E-01
  3.8811E+00  1.7898E-01
  3.8835E+00  1.6724E-01
  3.8859E+00  1.4677E-01
  3.8883E+00  1.4309E-01
  3.8907E+00  1.4937E-01
  3.8932E+00  1.5258E-01
  3.8956E+00  1.5197E-01
  3.8980E+00  1.4875E-01
  3.9004E+00  1.4126E-01
  3.9028E+00  1.5612E-01
  3.9052E+00  1.7314E-01
  3.9077E+00  1.9189E-01
  3.9101E+00  2.1111E-01
  3.9125E+00  2.2304E-01
  3.9149E+00  2.3173E-01
  3.9173E+00  2.3816E-01
  3.9197E+00  2.4274E-01
  3.9222E+00  2.6485E-01
  3.9246E+00  2.7509E-01
  3.9270E+00  2.8194E-01
  3.9294E+00  2.8644E-01
  3.9318E+00  2.8904E-01
  3.9342E+00  2.8994E-01
  3.9367E+00  2.8914E-01
  3.9391E+00  2.8642E-01
  3.9415E+00  2.8086E-01
  3.9439E+00  2.6727E-01
  3.9463E+00  2.6754E-01
  3.9487E+00  2.6713E-01
  3.9512E+00  2.6606E-01
  3.9536E+00  2.6437E-01
  3.9560E+00  2.6206E-01
  3.9584E+00  2.5916E-01
  3.9608E+00  2.5565E-01
  3.9632E+00  2.5146E-01
  3.9657E+00  2.4951E-01
  3.9681E+00  2.4564E-01
  3.9705E+00  2.4082E-01
  3.9729E+00  2.3518E-01
  3.9753E+00  2.3801E-01
  3.9777E+00  2.4200E-01
  3.9802E+00  2.5352E-01
  3.9826E+00  2.5670E-01
  3.9850E+00  2.5349E-01
  3.9874E+00  2.4455E-01
  3.9898E+00  2.4173E-01
  3.9922E+00  2.3685E-01
  3.9947E+00  2.3093E-01
  3.9971E+00  2.2233E-01
  3.9995E+00  2.1011E-01
  4.0019E+00  1.9417E-01
  4.0043E+00  1.8864E-01
  4.0067E+00  1.7734E-01
  4.0092E+00  1.6349E-01
  4.0116E+00  1.6064E-01
  4.0140E+00  1.5976E-01
  4.0164E+00  1.5768E-01
  4.0188E+00  1.5400E-01
  4.0212E+00  1.5500E-01
  4.0237E+00  1.7329E-01
  4.0261E+00  1.8235E-01
  4.0285E+00  1.8581E-01
  4.0309E+00  1.9044E-01
  4.0333E+00  1.8854E-01
  4.0357E+00  1.9511E-01
  4.0382E+00  1.9966E-01
  4.0406E+00  2.0272E-01
  4.0430E+00  2.0455E-01
  4.0454E+00  2.0531E-01
  4.0478E+00  2.1169E-01
  4.0502E+00  2.2073E-01
  4.0527E+00  2.2981E-01
  4.0551E+00  2.4203E-01
  4.0575E+00  2.5056E-01
  4.0599E+00  2.5415E-01
  4.0623E+00  2.7168E-01
  4.0647E+00  2.7797E-01
  4.0672E+00  2.7831E-01
  4.0696E+00  2.7082E-01
  4.0720E+00  2.6375E-01
  4.0744E+00  2.7038E-01
  4.0768E+00  2.7519E-01
  4.0792E+00  2.7709E-01
  4.0817E+00  2.7702E-01
  4.0841E+00  2.7509E-01
  4.0865E+00  2.7102E-01
  4.0889E+00  2.6335E-01
  4.0913E+00  2.5306E-01
  4.0937E+00  2.5110E-01
  4.0962E+00  2.1491E-01
  4.0986E+00  2.1870E-01
  4.1010E+00  2.1743E-01
  4.1034E+00  2.1193E-01
  4.1058E+00  2.0714E-01
  4.1082E+00  2.0533E-01
  4.1107E+00  2.0254E-01
  4.1131E+00  2.0021E-01
  4.1155E+00  1.9614E-01
  4.1179E+00  1.9051E-01
  4.1203E+00  1.8286E-01
  4.1227E+00  1.6964E-01
  4.1252E+00  1.6055E-01
  4.1276E+00  1.5017E-01
  4.1300E+00  1.4209E-01
  4.1324E+00  1.4057E-01
  4.1348E+00  1.3929E-01
  4.1372E+00  1.3775E-01
  4.1397E+00  1.4197E-01
  4.1421E+00  1.4595E-01
  4.1445E+00  1.4718E-01
  4.1469E+00  1.4718E-01
  4.1493E+00  1.4629E-01
  4.1517E+00  1.5746E-01
  4.1542E+00  1.6018E-01
  4.1566E+00  1.6037E-01
  4.1590E+00  1.5861E-01
  4.1614E+00  1.6077E-01
  4.1638E+00  1.5856E-01
  4.1662E+00  1.5241E-01
  4.1687E+00  1.5737E-01
  4.1711E+00  1.6163E-01
  4.1735E+00  1.7617E-01
  4.1759E+00  1.8746E-01
  4.1783E+00  1.9351E-01
  4.1807E+00  1.9692E-01
  4.1832E+00  1.9838E-01
  4.1856E+00  1.9820E-01
  4.1880E+00  1.9649E-01
  4.1904E+00  1.9321E-01
  4.1928E+00  1.8809E-01
  4.1952E+00  1.8011E-01
  4.1977E+00  1.6860E-01
  4.2001E+00  1.6101E-01
  4.2025E+00  1.5146E-01
  4.2049E+00  1.4840E-01
  4.2073E+00  1.4388E-01
  4.2097E+00  1.3937E-01
  4.2122E+00  1.3704E-01
  4.2146E+00  1.3436E-01
  4.2170E+00  1.3131E-01
  4.2194E+00  1.2785E-01
  4.2218E+00  1.2697E-01
  4.2242E+00  1.2985E-01
  4.2267E+00  1.2711E-01
  4.2291E+00  1.2112E-01
  4.2315E+00  1.1131E-01
  4.2339E+00  1.0426E-01
  4.2363E+00  9.1768E-02
  4.2387E+00  8.6494E-02
  4.2412E+00  9.6755E-02
  4.2436E+00  1.0032E-01
  4.2460E+00  1.0320E-01
  4.2484E+00  1.0910E-01
  4.2508E+00  1.2041E-01
  4.2532E+00  1.2938E-01
  4.2556E+00  1.3469E-01
  4.2581E+00  1.3787E-01
  4.2605E+00  1.3937E-01
  4.2629E+00  1.3941E-01
  4.2653E+00  1.3805E-01
  4.2677E+00  1.5205E-01
  4.2701E+00  1.6526E-01
  4.2726E+00  1.6826E-01
  4.2750E+00  1.6294E-01
  4.2774E+00  1.5627E-01
  4.2798E+00  1.5857E-01
  4.2822E+00  1.5956E-01
  4.2846E+00  1.5942E-01
  4.2871E+00  1.5823E-01
  4.2895E+00  1.5606E-01
  4.2919E+00  1.5291E-01
  4.2943E+00  1.4876E-01
  4.2967E+00  1.4353E-01
  4.2991E+00  1.3707E-01
  4.3016E+00  1.3614E-01
  4.3040E+00  1.3577E-01
  4.3064E+00  1.2346E-01
  4.3088E+00  1.1678E-01
  4.3112E+00  1.0742E-01
  4.3136E+00  1.0302E-01
  4.3161E+00  1.0137E-01
  4.3185E+00  9.8725E-02
  4.3209E+00  9.4722E-02
  4.3233E+00  8.9167E-02
  4.3257E+00  8.4891E-02
  4.3281E+00  9.9295E-02
  4.3306E+00  1.0552E-01
  4.3330E+00  1.1366E-01
  4.3354E+00  1.2994E-01
  4.3378E+00  1.4316E-01
  4.3402E+00  1.5065E-01
  4.3426E+00  1.5515E-01
  4.3451E+00  1.5745E-01
  4.3475E+00  1.5791E-01
  4.3499E+00  1.5781E-01
  4.3523E+00  1.5554E-01
  4.3547E+00  1.5152E-01
  4.3571E+00  1.4536E-01
  4.3596E+00  1.3625E-01
  4.3620E+00  1.2037E-01
  4.3644E+00  1.0564E-01
  4.3668E+00  1.0217E-01
  4.3692E+00  9.9832E-02
  4.3716E+00  9.6938E-02
  4.3741E+00  9.3463E-02
  4.3765E+00  8.9354E-02
  4.3789E+00  8.4528E-02
  4.3813E+00  7.8840E-02
  4.3837E+00  7.3022E-02
  4.3861E+00  6.5674E-02
  4.3886E+00  6.4568E-02
  4.3910E+00  5.7159E-02
  4.3934E+00  5.4521E-02
  4.3958E+00  4.3877E-02
  4.3982E+00  4.3010E-02
  4.4006E+00  4.4367E-02
  4.4031E+00  4.5292E-02
  4.4055E+00  4.5842E-02
  4.4079E+00  4.6051E-02
  4.4103E+00  4.5940E-02
  4.4127E+00  4.5510E-02
  4.4151E+00  4.4746E-02
  4.4176E+00  4.3587E-02
  4.4200E+00  4.5159E-02
  4.4224E+00  4.5628E-02
  4.4248E+00  4.5891E-02
  4.4272E+00  4.5445E-02
  4.4296E+00  4.4328E-02
  4.4321E+00  4.2406E-02
  4.4345E+00  3.9174E-02
  4.4369E+00  3.0205E-02
  4.4393E+00  3.0910E-02
  4.4417E+00  3.1542E-02
  4.4441E+00  4.1794E-02
  4.4466E+00  5.2334E-02
  4.4490E+00  5.8450E-02
  4.4514E+00  6.8681E-02
  4.4538E+00  8.0862E-02
  4.4562E+00  8.7912E-02
  4.4586E+00  9.7056E-02
  4.4611E+00  1.1687E-01
  4.4635E+00  1.2633E-01
  4.4659E+00  1.3259E-01
  4.4683E+00  1.3672E-01
  4.4707E+00  1.3918E-01
  4.4731E+00  1.4021E-01
  4.4756E+00  1.1335E-01
  4.4780E+00  1.1277E-01
  4.4804E+00  1.1132E-01
  4.4828E+00  1.2026E-01
  4.4852E+00  1.2853E-01
  4.4876E+00  1.3037E-01
  4.4901E+00  1.2876E-01
  4.4925E+00  1.2231E-01
  4.4949E+00  1.2413E-01
  4.4973E+00  1.2857E-01
  4.4997E+00  1.2415E-01
  4.5021E+00  1.2854E-01
  4.5046E+00  1.3152E-01
  4.5070E+00  1.3339E-01
  4.5094E+00  1.3434E-01
  4.5118E+00  1.3447E-01
  4.5142E+00  1.3384E-01
  4.5166E+00  1.3250E-01
  4.5191E+00  1.3047E-01
  4.5215E+00  1.2776E-01
  4.5239E+00  1.3378E-01
  4.5263E+00  1.3636E-01
  4.5287E+00  1.3785E-01
  4.5311E+00  1.3603E-01
  4.5336E+00  1.3202E-01
  4.5360E+00  1.2634E-01
  4.5384E+00  1.1803E-01
  4.5408E+00  1.0340E-01
  4.5432E+00  8.6139E-02
  4.5456E+00  8.2794E-02
  4.5481E+00  7.5505E-02
  4.5505E+00  6.8916E-02
  4.5529E+00  6.3141E-02
  4.5553E+00  6.2471E-02
  4.5577E+00  6.1541E-02
  4.5601E+00  6.1686E-02
  4.5626E+00  6.2196E-02
  4.5650E+00  6.1470E-02
  4.5674E+00  5.9980E-02
  4.5698E+00  5.9735E-02
  4.5722E+00  6.2400E-02
  4.5746E+00  6.3563E-02
  4.5771E+00  6.3547E-02
  4.5795E+00  6.2514E-02
  4.5819E+00  6.0177E-02
  4.5843E+00  5.2975E-02
  4.5867E+00  5.2764E-02
  4.5891E+00  5.3275E-02
  4.5916E+00  5.3602E-02
  4.5940E+00  5.3761E-02
  4.5964E+00  5.3767E-02
  4.5988E+00  5.3626E-02
  4.6012E+00  5.8466E-02
  4.6036E+00  6.8961E-02
  4.6061E+00  7.3154E-02
  4.6085E+00  7.5307E-02
  4.6109E+00  7.6123E-02
  4.6133E+00  7.5871E-02
  4.6157E+00  7.4660E-02
  4.6181E+00  7.2501E-02
  4.6206E+00  6.9305E-02
  4.6230E+00  6.4802E-02
  4.6254E+00  5.8122E-02
  4.6278E+00  4.6738E-02
  4.6302E+00  4.1465E-02
  4.6326E+00  3.9561E-02
  4.6351E+00  3.7220E-02
  4.6375E+00  3.3984E-02
  4.6399E+00  3.0303E-02
  4.6423E+00  2.9419E-02
  4.6447E+00  2.8643E-02
  4.6471E+00  2.6934E-02
  4.6496E+00  2.5799E-02
  4.6520E+00  2.6087E-02
  4.6544E+00  2.4718E-02
  4.6568E+00  2.2279E-02
  4.6592E+00  1.9952E-02
  4.6616E+00  1.9049E-02
  4.6641E+00  2.0316E-02
  4.6665E+00  2.1136E-02
  4.6689E+00  2.0233E-02
  4.6713E+00  1.4500E-02
  4.6737E+00  2.3519E-02
  4.6761E+00  3.1472E-02
  4.6786E+00  3.5990E-02
  4.6810E+00  4.4956E-02
  4.6834E+00  5.0350E-02
  4.6858E+00  5.3925E-02
  4.6882E+00  5.7016E-02
  4.6906E+00  5.8884E-02
  4.6931E+00  5.9943E-02
  4.6955E+00  6.0289E-02
  4.6979E+00  5.9946E-02
  4.7003E+00  5.8885E-02
  4.7027E+00  5.6993E-02
  4.7051E+00  5.3983E-02
  4.7076E+00  4.8899E-02
  4.7100E+00  3.9278E-02
  4.7124E+00  3.9562E-02
  4.7148E+00  3.9752E-02
  4.7172E+00  3.9853E-02
  4.7196E+00  3.9867E-02
  4.7221E+00  3.9798E-02
  4.7245E+00  3.9647E-02
  4.7269E+00  4.9684E-02
  4.7293E+00  5.3353E-02
  4.7317E+00  6.3961E-02
  4.7341E+00  7.1127E-02
  4.7366E+00  7.9168E-02
  4.7390E+00  9.3684E-02
  4.7414E+00  1.0708E-01
  4.7438E+00  1.1493E-01
  4.7462E+00  1.2871E-01
  4.7486E+00  1.3712E-01
  4.7511E+00  1.5978E-01
  4.7535E+00  1.7203E-01
  4.7559E+00  1.7835E-01
  4.7583E+00  1.7870E-01
  4.7607E+00  1.9361E-01
  4.7631E+00  2.0139E-01
  4.7656E+00  2.1175E-01
  4.7680E+00  2.2248E-01
  4.7704E+00  2.2391E-01
  4.7728E+00  2.1865E-01
  4.7752E+00  2.3537E-01
  4.7776E+00  2.3874E-01
  4.7801E+00  2.0258E-01
  4.7825E+00  2.0656E-01
  4.7849E+00  2.1633E-01
  4.7873E+00  2.1705E-01
  4.7897E+00  2.1097E-01
  4.7921E+00  2.0132E-01
  4.7946E+00  1.9394E-01
  4.7970E+00  1.9074E-01
  4.7994E+00  1.8881E-01
  4.8018E+00  1.8800E-01
  4.8042E+00  1.8118E-01
  4.8066E+00  1.6999E-01
  4.8091E+00  1.5249E-01
  4.8115E+00  1.3596E-01
  4.8139E+00  1.1457E-01
  4.8163E+00  9.1493E-02
  4.8187E+00  7.1741E-02
  4.8211E+00  5.7852E-02
  4.8236E+00  4.3226E-02
  4.8260E+00  3.6228E-02
  4.8284E+00  3.8215E-02
  4.8308E+00  3.9303E-02
  4.8332E+00  3.9690E-02
  4.8356E+00  4.3050E-02
  4.8381E+00  5.3080E-02
  4.8405E+00  5.7839E-02
  4.8429E+00  5.9673E-02
  4.8453E+00  5.9467E-02
  4.8477E+00  5.7019E-02
  4.8501E+00  4.7465E-02
  4.8526E+00  4.7710E-02
  4.8550E+00  4.7149E-02
  4.8574E+00  4.6224E-02
  4.8598E+00  5.4960E-02
  4.8622E+00  6.0423E-02
  4.8646E+00  6.3079E-02
  4.8671E+00  6.4181E-02
  4.8695E+00  6.5219E-02
  4.8719E+00  7.8781E-02
  4.8743E+00  8.5283E-02
  4.8767E+00  8.8741E-02
  4.8791E+00  9.0081E-02
  4.8816E+00  8.9340E-02
  4.8840E+00  8.4828E-02
  4.8864E+00  8.1680E-02
  4.8888E+00  8.2283E-02
  4.8912E+00  8.2284E-02
  4.8936E+00  8.7957E-02
  4.8961E+00  9.6091E-02
  4.8985E+00  9.9484E-02
  4.9009E+00  1.0080E-01
  4.9033E+00  1.0054E-01
  4.9057E+00  1.0421E-01
  4.9081E+00  1.0461E-01
  4.9106E+00  1.0253E-01
  4.9130E+00  9.8309E-02
  4.9154E+00  9.1369E-02
  4.9178E+00  7.8226E-02
  4.9202E+00  6.4447E-02
  4.9226E+00  6.4326E-02
  4.9251E+00  6.5170E-02
  4.9275E+00  6.5292E-02
  4.9299E+00  6.4545E-02
  4.9323E+00  6.3120E-02
  4.9347E+00  6.0983E-02
  4.9371E+00  5.7962E-02
  4.9396E+00  5.3545E-02
  4.9420E+00  4.4537E-02
  4.9444E+00  4.0691E-02
  4.9468E+00  4.0994E-02
  4.9492E+00  4.3260E-02
  4.9516E+00  4.4170E-02
  4.9540E+00  4.4671E-02
  4.9565E+00  4.4905E-02
  4.9589E+00  4.4926E-02
  4.9613E+00  4.4762E-02
  4.9637E+00  4.4426E-02
  4.9661E+00  4.3925E-02
  4.9685E+00  4.3258E-02
  4.9710E+00  4.2415E-02
  4.9734E+00  4.1381E-02
  4.9758E+00  4.0125E-02
  4.9782E+00  3.8590E-02
  4.9806E+00  3.6658E-02
  4.9830E+00  3.3991E-02
  4.9855E+00  2.9060E-02
  4.9879E+00  2.8924E-02
  4.9903E+00  2.8582E-02
  4.9927E+00  2.8018E-02
  4.9951E+00  2.7339E-02
  4.9975E+00  2.7040E-02
  5.0000E+00  2.6680E-02
  5.0024E+00  3.1615E-02
  5.0048E+00  3.9122E-02
  5.0072E+00  4.2253E-02
  5.0096E+00  4.3747E-02
  5.0120E+00  4.4148E-02
  5.0145E+00  4.3662E-02
  5.0169E+00  4.2358E-02
  5.0193E+00  4.0211E-02
  5.0217E+00  3.7076E-02
  5.0241E+00  3.2443E-02
  5.0265E+00  2.5756E-02
  5.0290E+00  1.6264E-02
  5.0314E+00  1.4047E-02
  5.0338E+00  1.2640E-02
  5.0362E+00  1.0741E-02
  5.0386E+00  9.4207E-03
  5.0410E+00  8.4660E-03
  5.0435E+00  7.6035E-03
  5.0459E+00  8.5054E-03
  5.0483E+00  1.3166E-02
  5.0507E+00  1.6210E-02
  5.0531E+00  1.8346E-02
  5.0555E+00  1.9967E-02
  5.0580E+00  2.1236E-02
  5.0604E+00  2.2235E-02
  5.0628E+00  2.3017E-02
  5.0652E+00  2.3615E-02
  5.0676E+00  2.4054E-02
  5.0700E+00  2.4350E-02
  5.0725E+00  2.5720E-02
  5.0749E+00  3.2651E-02
  5.0773E+00  3.6082E-02
  5.0797E+00  3.8278E-02
  5.0821E+00  3.9787E-02
  5.0845E+00  4.0804E-02
  5.0870E+00  4.1427E-02
  5.0894E+00  4.1710E-02
  5.0918E+00  4.1683E-02
  5.0942E+00  4.1363E-02
  5.0966E+00  4.0749E-02
  5.0990E+00  3.9815E-02
  5.1015E+00  4.6595E-02
  5.1039E+00  4.8541E-02
  5.1063E+00  4.9146E-02
  5.1087E+00  4.8713E-02
  5.1111E+00  4.7170E-02
  5.1135E+00  4.3695E-02
  5.1160E+00  5.7021E-02
  5.1184E+00  6.7300E-02
  5.1208E+00  7.5482E-02
  5.1232E+00  8.0266E-02
  5.1256E+00  8.3200E-02
  5.1280E+00  8.7906E-02
  5.1305E+00  1.0291E-01
  5.1329E+00  1.0855E-01
  5.1353E+00  1.1094E-01
  5.1377E+00  1.1057E-01
  5.1401E+00  1.0524E-01
  5.1425E+00  1.1798E-01
  5.1450E+00  1.2118E-01
  5.1474E+00  1.2128E-01
  5.1498E+00  1.1898E-01
  5.1522E+00  1.1440E-01
  5.1546E+00  1.0727E-01
  5.1570E+00  1.0022E-01
  5.1595E+00  8.5234E-02
  5.1619E+00  7.1316E-02
  5.1643E+00  6.3013E-02
  5.1667E+00  4.9867E-02
  5.1691E+00  4.7649E-02
  5.1715E+00  4.4438E-02
  5.1740E+00  3.9821E-02
  5.1764E+00  3.2062E-02
  5.1788E+00  2.3664E-02
  5.1812E+00  2.2605E-02
  5.1836E+00  2.1008E-02
  5.1860E+00  1.8233E-02
  5.1885E+00  1.4705E-02
  5.1909E+00  2.4262E-02
  5.1933E+00  3.0269E-02
  5.1957E+00  3.3873E-02
  5.1981E+00  3.6340E-02
  5.2005E+00  3.8062E-02
  5.2030E+00  3.9220E-02
  5.2054E+00  3.9919E-02
  5.2078E+00  4.0218E-02
  5.2102E+00  4.0157E-02
  5.2126E+00  3.9756E-02
  5.2150E+00  3.9022E-02
  5.2175E+00  3.7951E-02
  5.2199E+00  3.9287E-02
  5.2223E+00  3.8833E-02
  5.2247E+00  3.7483E-02
  5.2271E+00  3.5283E-02
  5.2295E+00  3.1923E-02
  5.2320E+00  2.5848E-02
  5.2344E+00  1.9810E-02
  5.2368E+00  1.9779E-02
  5.2392E+00  2.1422E-02
  5.2416E+00  2.2474E-02
  5.2440E+00  2.3189E-02
  5.2465E+00  2.3729E-02
  5.2489E+00  2.4149E-02
  5.2513E+00  2.4473E-02
  5.2537E+00  3.6595E-02
  5.2561E+00  6.1343E-02
  5.2585E+00  7.3003E-02
  5.2610E+00  8.1052E-02
  5.2634E+00  9.0445E-02
  5.2658E+00  9.6860E-02
  5.2682E+00  1.0143E-01
  5.2706E+00  1.0470E-01
  5.2730E+00  1.0691E-01
  5.2755E+00  1.0820E-01
  5.2779E+00  1.0865E-01
  5.2803E+00  1.1036E-01
  5.2827E+00  1.1284E-01
  5.2851E+00  1.1424E-01
  5.2875E+00  1.1353E-01
  5.2900E+00  1.1092E-01
  5.2924E+00  1.0790E-01
  5.2948E+00  1.0314E-01
  5.2972E+00  9.2014E-02
  5.2996E+00  9.0720E-02
  5.3020E+00  9.1659E-02
  5.3045E+00  8.9962E-02
  5.3069E+00  8.6837E-02
  5.3093E+00  8.3735E-02
  5.3117E+00  7.8941E-02
  5.3141E+00  7.2144E-02
  5.3165E+00  7.4798E-02
  5.3190E+00  6.9193E-02
  5.3214E+00  7.0444E-02
  5.3238E+00  7.0993E-02
  5.3262E+00  7.0992E-02
  5.3286E+00  7.4555E-02
  5.3310E+00  7.9607E-02
  5.3335E+00  8.1366E-02
  5.3359E+00  8.1668E-02
  5.3383E+00  8.0816E-02
  5.3407E+00  7.8765E-02
  5.3431E+00  7.4206E-02
  5.3455E+00  7.0036E-02
  5.3480E+00  6.6318E-02
  5.3504E+00  6.2566E-02
  5.3528E+00  5.8768E-02
  5.3552E+00  5.5665E-02
  5.3576E+00  5.4533E-02
  5.3600E+00  5.4452E-02
  5.3625E+00  5.6434E-02
  5.3649E+00  5.7068E-02
  5.3673E+00  5.6847E-02
  5.3697E+00  5.6059E-02
  5.3721E+00  5.4766E-02
  5.3745E+00  5.2949E-02
  5.3770E+00  5.0515E-02
  5.3794E+00  4.7205E-02
  5.3818E+00  4.1972E-02
  5.3842E+00  3.6317E-02
  5.3866E+00  3.4884E-02
  5.3890E+00  3.2953E-02
  5.3915E+00  2.9929E-02
  5.3939E+00  2.6012E-02
  5.3963E+00  2.5729E-02
  5.3987E+00  2.5283E-02
  5.4011E+00  2.4395E-02
  5.4035E+00  2.3819E-02
  5.4060E+00  2.3833E-02
  5.4084E+00  2.3815E-02
  5.4108E+00  2.3766E-02
  5.4132E+00  2.3687E-02
  5.4156E+00  2.3579E-02
  5.4180E+00  2.9142E-02
  5.4205E+00  3.3592E-02
  5.4229E+00  3.6219E-02
  5.4253E+00  3.8070E-02
  5.4277E+00  3.9431E-02
  5.4301E+00  4.0436E-02
  5.4325E+00  4.1156E-02
  5.4350E+00  4.1639E-02
  5.4374E+00  4.1913E-02
  5.4398E+00  4.2000E-02
  5.4422E+00  4.1915E-02
  5.4446E+00  4.1667E-02
  5.4470E+00  4.1261E-02
  5.4495E+00  4.3778E-02
  5.4519E+00  4.7245E-02
  5.4543E+00  4.8635E-02
  5.4567E+00  4.9187E-02
  5.4591E+00  4.9151E-02
  5.4615E+00  4.8603E-02
  5.4640E+00  5.2694E-02
  5.4664E+00  5.4724E-02
  5.4688E+00  5.7415E-02
  5.4712E+00  5.7606E-02
  5.4736E+00  5.7662E-02
  5.4760E+00  5.8111E-02
  5.4785E+00  5.7971E-02
  5.4809E+00  5.7259E-02
  5.4833E+00  5.5930E-02
  5.4857E+00  5.3824E-02
  5.4881E+00  5.0339E-02
  5.4905E+00  4.4821E-02
  5.4930E+00  4.4263E-02
  5.4954E+00  4.3434E-02
  5.4978E+00  4.4354E-02
  5.5002E+00  4.5052E-02
  5.5026E+00  5.5834E-02
  5.5050E+00  5.8382E-02
  5.5075E+00  5.6366E-02
  5.5099E+00  5.8992E-02
  5.5123E+00  6.0755E-02
  5.5147E+00  6.1810E-02
  5.5171E+00  6.2286E-02
  5.5195E+00  6.2231E-02
  5.5220E+00  6.1651E-02
  5.5244E+00  6.0491E-02
  5.5268E+00  5.8567E-02
  5.5292E+00  5.5511E-02
  5.5316E+00  5.3237E-02
  5.5340E+00  5.2794E-02
  5.5365E+00  6.2109E-02
  5.5389E+00  6.6056E-02
  5.5413E+00  6.7958E-02
  5.5437E+00  6.8669E-02
  5.5461E+00  6.8461E-02
  5.5485E+00  7.1961E-02
  5.5510E+00  7.3248E-02
  5.5534E+00  7.2706E-02
  5.5558E+00  7.1028E-02
  5.5582E+00  6.7619E-02
  5.5606E+00  5.8468E-02
  5.5630E+00  5.7733E-02
  5.5655E+00  5.6439E-02
  5.5679E+00  5.4537E-02
  5.5703E+00  5.1879E-02
  5.5727E+00  4.7891E-02
  5.5751E+00  4.2696E-02
  5.5775E+00  3.8984E-02
  5.5800E+00  3.6567E-02
  5.5824E+00  3.3263E-02
  5.5848E+00  2.7916E-02
  5.5872E+00  2.1616E-02
  5.5896E+00  2.1400E-02
  5.5920E+00  2.1112E-02
  5.5945E+00  2.0751E-02
  5.5969E+00  2.1769E-02
  5.5993E+00  2.1861E-02
  5.6017E+00  2.1711E-02
  5.6041E+00  2.1386E-02
  5.6065E+00  2.0906E-02
  5.6090E+00  2.0270E-02
  5.6114E+00  1.9460E-02
  5.6138E+00  1.8442E-02
  5.6162E+00  1.7144E-02
  5.6186E+00  1.5393E-02
  5.6210E+00  1.2481E-02
  5.6235E+00  9.5765E-03
  5.6259E+00  9.6297E-03
  5.6283E+00  9.6616E-03
  5.6307E+00  9.6716E-03
  5.6331E+00  9.6581E-03
  5.6355E+00  9.6183E-03
  5.6380E+00  9.5470E-03
  5.6404E+00  9.4337E-03
  5.6428E+00  1.3654E-02
  5.6452E+00  2.0748E-02
  5.6476E+00  2.5018E-02
  5.6500E+00  3.0068E-02
  5.6525E+00  3.6725E-02
  5.6549E+00  4.0187E-02
  5.6573E+00  4.4488E-02
  5.6597E+00  4.7774E-02
  5.6621E+00  5.0371E-02
  5.6645E+00  5.2436E-02
  5.6669E+00  5.4064E-02
  5.6694E+00  5.5315E-02
  5.6718E+00  5.6231E-02
  5.6742E+00  5.6841E-02
  5.6766E+00  5.7166E-02
  5.6790E+00  5.7219E-02
  5.6814E+00  5.7006E-02
  5.6839E+00  5.6886E-02
  5.6863E+00  5.6394E-02
  5.6887E+00  5.5516E-02
  5.6911E+00  5.4260E-02
  5.6935E+00  5.2550E-02
  5.6959E+00  5.0160E-02
  5.6984E+00  4.5753E-02
  5.7008E+00  4.3351E-02
  5.7032E+00  4.2606E-02
  5.7056E+00  4.2174E-02
  5.7080E+00  4.1647E-02
  5.7104E+00  4.0790E-02
  5.7129E+00  3.9704E-02
  5.7153E+00  3.8389E-02
  5.7177E+00  3.6813E-02
  5.7201E+00  3.4904E-02
  5.7225E+00  3.2495E-02
  5.7249E+00  2.9000E-02
  5.7274E+00  2.4558E-02
  5.7298E+00  3.0316E-02
  5.7322E+00  3.2094E-02
  5.7346E+00  3.2626E-02
  5.7370E+00  3.0627E-02
  5.7394E+00  3.1824E-02
  5.7419E+00  3.2784E-02
  5.7443E+00  3.3552E-02
  5.7467E+00  3.4161E-02
  5.7491E+00  4.3387E-02
  5.7515E+00  5.2181E-02
  5.7539E+00  5.7280E-02
  5.7564E+00  6.0865E-02
  5.7588E+00  6.3496E-02
  5.7612E+00  6.5424E-02
  5.7636E+00  6.6791E-02
  5.7660E+00  6.7685E-02
  5.7684E+00  6.8164E-02
  5.7709E+00  6.8270E-02
  5.7733E+00  6.8029E-02
  5.7757E+00  6.7458E-02
  5.7781E+00  6.6566E-02
  5.7805E+00  6.5348E-02
  5.7829E+00  6.3781E-02
  5.7854E+00  6.1780E-02
  5.7878E+00  5.9108E-02
  5.7902E+00  5.7059E-02
  5.7926E+00  5.4685E-02
  5.7950E+00  5.1950E-02
  5.7974E+00  4.8794E-02
  5.7999E+00  4.5122E-02
  5.8023E+00  4.4129E-02
  5.8047E+00  4.8475E-02
  5.8071E+00  4.5840E-02
  5.8095E+00  3.8821E-02
  5.8119E+00  4.3536E-02
  5.8144E+00  4.6216E-02
  5.8168E+00  4.6456E-02
  5.8192E+00  4.5943E-02
  5.8216E+00  4.7919E-02
  5.8240E+00  4.9429E-02
  5.8264E+00  5.0546E-02
  5.8289E+00  5.1319E-02
  5.8313E+00  5.1782E-02
  5.8337E+00  5.1961E-02
  5.8361E+00  5.1874E-02
  5.8385E+00  5.1533E-02
  5.8409E+00  5.0944E-02
  5.8434E+00  5.7055E-02
  5.8458E+00  6.0959E-02
  5.8482E+00  6.2716E-02
  5.8506E+00  6.3368E-02
  5.8530E+00  6.3189E-02
  5.8554E+00  6.2266E-02
  5.8579E+00  6.3387E-02
  5.8603E+00  6.3055E-02
  5.8627E+00  6.0425E-02
  5.8651E+00  5.0910E-02
  5.8675E+00  5.1918E-02
  5.8699E+00  5.2603E-02
  5.8724E+00  5.3013E-02
  5.8748E+00  5.3175E-02
  5.8772E+00  5.3111E-02
  5.8796E+00  5.2834E-02
  5.8820E+00  5.2351E-02
  5.8844E+00  5.1669E-02
  5.8869E+00  5.0786E-02
  5.8893E+00  4.9699E-02
  5.8917E+00  4.9321E-02
  5.8941E+00  4.8360E-02
  5.8965E+00  4.8116E-02
  5.8989E+00  4.7916E-02
  5.9014E+00  4.6646E-02
  5.9038E+00  4.4649E-02
  5.9062E+00  4.1776E-02
  5.9086E+00  3.6876E-02
  5.9110E+00  3.2796E-02
  5.9134E+00  2.5553E-02
  5.9159E+00  2.5866E-02
  5.9183E+00  2.6109E-02
  5.9207E+00  2.6289E-02
  5.9231E+00  2.6409E-02
  5.9255E+00  2.6474E-02
  5.9279E+00  2.6487E-02
  5.9304E+00  2.6449E-02
  5.9328E+00  2.6364E-02
  5.9352E+00  2.6232E-02
  5.9376E+00  2.6054E-02
  5.9400E+00  2.5830E-02
  5.9424E+00  2.5560E-02
  5.9449E+00  2.5244E-02
  5.9473E+00  2.4882E-02
  5.9497E+00  2.4471E-02
  5.9521E+00  3.1803E-02
  5.9545E+00  3.7029E-02
  5.9569E+00  4.0031E-02
  5.9594E+00  4.2036E-02
  5.9618E+00  4.3392E-02
  5.9642E+00  4.4253E-02
  5.9666E+00  4.4697E-02
  5.9690E+00  4.4754E-02
  5.9714E+00  4.4415E-02
  5.9739E+00  4.3588E-02
  5.9763E+00  4.2543E-02
  5.9787E+00  4.1304E-02
  5.9811E+00  4.1417E-02
  5.9835E+00  4.1625E-02
  5.9859E+00  4.1641E-02
  5.9884E+00  4.1486E-02
  5.9908E+00  4.1172E-02
  5.9932E+00  4.0704E-02
  5.9956E+00  4.0083E-02
  5.9980E+00  3.9303E-02
  6.0004E+00  3.8354E-02
  6.0029E+00  3.7207E-02
  6.0053E+00  3.5804E-02
  6.0077E+00  3.3923E-02
  6.0101E+00  3.1716E-02
  6.0125E+00  3.0633E-02
  6.0149E+00  2.9405E-02
  6.0174E+00  2.8011E-02
  6.0198E+00  2.6418E-02
  6.0222E+00  2.4573E-02
  6.0246E+00  2.2382E-02
  6.0270E+00  1.9645E-02
  6.0294E+00  1.5748E-02
  6.0319E+00  8.9696E-03
  6.0343E+00  8.9583E-03
  6.0367E+00  8.9404E-03
  6.0391E+00  8.9161E-03
  6.0415E+00  8.8856E-03
  6.0439E+00  8.8489E-03
  6.0464E+00  8.8062E-03
  6.0488E+00  1.3402E-02
  6.0512E+00  1.5764E-02
  6.0536E+00  1.7394E-02
  6.0560E+00  1.8668E-02
  6.0584E+00  1.9715E-02
  6.0609E+00  2.0597E-02
  6.0633E+00  2.1352E-02
  6.0657E+00  2.2002E-02
  6.0681E+00  2.2564E-02
  6.0705E+00  2.3051E-02
  6.0729E+00  2.3471E-02
  6.0754E+00  2.3830E-02
  6.0778E+00  2.4136E-02
  6.0802E+00  2.4391E-02
  6.0826E+00  2.4600E-02
  6.0850E+00  2.4765E-02
  6.0874E+00  2.4889E-02
  6.0899E+00  2.4974E-02
  6.0923E+00  2.5022E-02
  6.0947E+00  2.5033E-02
  6.0971E+00  2.5008E-02
  6.0995E+00  2.4949E-02
  6.1019E+00  2.4855E-02
  6.1044E+00  2.4726E-02
  6.1068E+00  2.4561E-02
  6.1092E+00  2.4360E-02
  6.1116E+00  2.4119E-02
  6.1140E+00  2.3837E-02
  6.1164E+00  2.3506E-02
  6.1189E+00  2.3117E-02
  6.1213E+00  2.2650E-02
  6.1237E+00  2.2046E-02
  6.1261E+00  2.1073E-02
  6.1285E+00  2.1236E-02
  6.1309E+00  2.1370E-02
  6.1334E+00  2.1291E-02
  6.1358E+00  2.1327E-02
  6.1382E+00  2.1435E-02
  6.1406E+00  2.0766E-02
  6.1430E+00  2.0919E-02
  6.1454E+00  2.1010E-02
  6.1479E+00  2.1055E-02
  6.1503E+00  2.4310E-02
  6.1527E+00  2.6323E-02
  6.1551E+00  2.7976E-02
  6.1575E+00  2.8977E-02
  6.1599E+00  2.9109E-02
  6.1624E+00  2.9575E-02
  6.1648E+00  2.9896E-02
  6.1672E+00  3.0091E-02
  6.1696E+00  3.0177E-02
  6.1720E+00  3.0163E-02
  6.1744E+00  3.0057E-02
  6.1769E+00  2.9863E-02
  6.1793E+00  2.9585E-02
  6.1817E+00  3.0991E-02
  6.1841E+00  3.2047E-02
  6.1865E+00  3.2477E-02
  6.1889E+00  3.2603E-02
  6.1914E+00  3.2506E-02
  6.1938E+00  3.2216E-02
  6.1962E+00  3.1740E-02
  6.1986E+00  3.1062E-02
  6.2010E+00  3.0131E-02
  6.2034E+00  2.8751E-02
  6.2059E+00  2.6936E-02
  6.2083E+00  2.6323E-02
  6.2107E+00  2.5556E-02
  6.2131E+00  2.4597E-02
  6.2155E+00  2.3376E-02
  6.2179E+00  2.1715E-02
  6.2204E+00  1.8724E-02
  6.2228E+00  1.5815E-02
  6.2252E+00  1.5973E-02
  6.2276E+00  1.6116E-02
  6.2300E+00  1.6243E-02
  6.2324E+00  1.7050E-02
  6.2349E+00  1.8504E-02
  6.2373E+00  1.9327E-02
  6.2397E+00  1.9959E-02
  6.2421E+00  2.0480E-02
  6.2445E+00  2.6257E-02
  6.2469E+00  3.1954E-02
  6.2494E+00  3.5446E-02
  6.2518E+00  3.8074E-02
  6.2542E+00  4.0178E-02
  6.2566E+00  4.1911E-02
  6.2590E+00  4.3359E-02
  6.2614E+00  4.4577E-02
  6.2639E+00  4.5601E-02
  6.2663E+00  4.6459E-02
  6.2687E+00  4.7172E-02
  6.2711E+00  5.4597E-02
  6.2735E+00  8.4068E-02
  6.2759E+00  8.5632E-02
  6.2784E+00  8.6546E-02
  6.2808E+00  8.6953E-02
  9.6811E-14  8.6926E-02
  2.4166E-03  8.6501E-02
  4.8332E-03  8.5694E-02
  7.2498E-03  8.4498E-02
  9.6664E-03  8.3661E-02
  1.2083E-02  8.1935E-02
  1.4500E-02  7.9430E-02
  1.6916E-02  7.6542E-02
  1.9333E-02  6.9792E-02
  2.1749E-02  9.0440E-02
  2.4166E-02  8.7650E-02
  2.6583E-02  8.3976E-02
  2.8999E-02  7.8649E-02
  3.1416E-02  6.9681E-02
  3.3833E-02  6.9147E-02
  3.6249E-02  6.8478E-02
  3.8666E-02  6.7678E-02
  4.1082E-02  6.6750E-02
  4.3499E-02  6.5692E-02
  4.5916E-02  6.4502E-02
  4.8332E-02  6.3176E-02
  5.0749E-02  6.2115E-02
  5.3165E-02  6.3049E-02
  5.5582E-02  6.2848E-02
  5.7999E-02  6.3610E-02
  6.0415E-02  6.3003E-02
  6.2832E-02  6.2413E-02
  6.5248E-02  6.0671E-02
  6.7665E-02  5.7277E-02
  7.0082E-02  5.3970E-02
  7.2498E-02  5.3638E-02
  7.4915E-02  5.3065E-02
  7.7332E-02  5.2221E-02
  7.9748E-02  5.1040E-02
  8.2165E-02  4.9339E-02
  8.4581E-02  4.6210E-02
  8.6998E-02  4.4077E-02
  8.9415E-02  4.3727E-02
  9.1831E-02  4.2961E-02
  9.4248E-02  4.2024E-02
  9.6664E-02  4.2040E-02
  9.9081E-02  4.1929E-02
  1.0150E-01  4.2165E-02
  1.0391E-01  4.2367E-02
  1.0633E-01  3.9927E-02
  1.0875E-01  3.7991E-02
  1.1116E-01  3.8097E-02
  1.1358E-01  3.8176E-02
  1.1600E-01  3.8229E-02
  1.1841E-01  3.8258E-02
  1.2083E-01  3.8263E-02
  1.2325E-01  3.8245E-02
  1.2566E-01  3.8204E-02
  1.2808E-01  3.8142E-02
  1.3050E-01  3.8058E-02
  1.3291E-01  3.7952E-02
  1.3533E-01  3.7826E-02
  1.3775E-01  3.7680E-02
  1.4016E-01  3.7513E-02
  1.4258E-01  3.7326E-02
  1.4500E-01  3.7119E-02
  1.4741E-01  3.6891E-02
  1.4983E-01  3.6643E-02
  1.5225E-01  3.6374E-02
  1.5466E-01  3.6083E-02
  1.5708E-01  3.5771E-02
  1.5950E-01  3.5435E-02
  1.6191E-01  3.5076E-02
  1.6433E-01  3.4691E-02
  1.6675E-01  3.4278E-02
  1.6916E-01  3.3834E-02
  1.7158E-01  3.3355E-02
  1.7400E-01  3.2834E-02
  1.7641E-01  3.2260E-02
  1.7883E-01  3.1609E-02
  1.8125E-01  3.0810E-02
  1.8366E-01  2.9858E-02
  1.8608E-01  2.9308E-02
  1.8850E-01  2.8659E-02
  1.9091E-01  2.7759E-02
  1.9333E-01  2.6827E-02
  1.9575E-01  2.6599E-02
  1.9816E-01  2.6362E-02
  2.0058E-01  2.6116E-02
  2.0300E-01  2.5861E-02
  2.0541E-01  2.5597E-02
  2.0783E-01  2.5324E-02
  2.1025E-01  2.5043E-02
  2.1266E-01  2.4752E-02
  2.1508E-01  2.4452E-02
  2.1749E-01  2.4142E-02
  2.1991E-01  2.3823E-02
  2.2233E-01  2.3494E-02
  2.2474E-01  2.3155E-02
  2.2716E-01  2.2806E-02
  2.2958E-01  2.2445E-02
  2.3199E-01  2.2074E-02
  2.3441E-01  2.1691E-02
  2.3683E-01  2.1296E-02
  2.3924E-01  2.0888E-02
  2.4166E-01  2.0467E-02
  2.4408E-01  2.0031E-02
  2.4649E-01  1.9580E-02
  2.4891E-01  1.9113E-02
  2.5133E-01  1.9799E-02
  2.5374E-01  1.9777E-02
  2.5616E-01  1.9578E-02
  2.5858E-01  1.9271E-02
  2.6099E-01  1.8880E-02
  2.6341E-01  1.8414E-02
  2.6583E-01  1.7875E-02
  2.6824E-01  1.7260E-02
  2.7066E-01  1.6560E-02
  2.7308E-01  1.5755E-02
  2.7549E-01  1.4799E-02
  2.7791E-01  1.3497E-02
  2.8033E-01  1.2275E-02
  2.8274E-01  1.1380E-02
  2.8516E-01  9.9806E-03
  2.8758E-01  9.0276E-03
  2.8999E-01  8.6715E-03
  2.9241E-01  8.2699E-03
  2.9483E-01  8.1643E-03
  2.9724E-01  8.0261E-03
  2.9966E-01  7.6283E-03
  3.0208E-01  6.9776E-03
  3.0449E-01  5.6669E-03
  3.0691E-01  4.8523E-03
  3.0933E-01  4.9513E-03
  3.1174E-01  5.0380E-03
  3.1416E-01  5.1146E-03
  3.1658E-01  5.1827E-03
  3.1899E-01  5.2434E-03
  3.2141E-01  5.2977E-03
  3.2383E-01  5.3463E-03
  3.2624E-01  5.3897E-03
  3.2866E-01  5.4284E-03
  3.3108E-01  5.4628E-03
  3.3349E-01  5.4931E-03
  3.3591E-01  5.5197E-03
  3.3833E-01  5.5429E-03
  3.4074E-01  5.5627E-03
  3.4316E-01  5.5794E-03
  3.4558E-01  5.5932E-03
  3.4799E-01  5.6041E-03
  3.5041E-01  5.6124E-03
  3.5283E-01  5.6180E-03
  3.5524E-01  5.6211E-03
  3.5766E-01  5.6218E-03
  3.6007E-01  5.6202E-03
  3.6249E-01  5.6162E-03
  3.6491E-01  5.6100E-03
  3.6732E-01  5.6017E-03
  3.6974E-01  5.5911E-03
  3.7216E-01  5.5785E-03
  3.7457E-01  5.5637E-03
  3.7699E-01  5.5469E-03
  3.7941E-01  5.5280E-03
  3.8182E-01  5.5070E-03
  3.8424E-01  5.4840E-03
  3.8666E-01  5.4588E-03
  3.8907E-01  6.1614E-03
  3.9149E-01  7.9036E-03
  3.9391E-01  8.7975E-03
  3.9632E-01  9.4599E-03
  3.9874E-01  9.9948E-03
  4.0116E-01  1.0444E-02
  4.0357E-01  1.0831E-02
  4.0599E-01  1.1168E-02
  4.0841E-01  1.1465E-02
  4.1082E-01  1.1727E-02
  4.1324E-01  1.1960E-02
  4.1566E-01  1.2166E-02
  4.1807E-01  1.2348E-02
  4.2049E-01  1.2509E-02
  4.2291E-01  1.2649E-02
  4.2532E-01  1.2769E-02
  4.2774E-01  1.2871E-02
  4.3016E-01  1.2955E-02
  4.3257E-01  1.3019E-02
  4.3499E-01  1.3062E-02
  4.3741E-01  1.3082E-02
  4.3982E-01  1.4142E-02
  4.4224E-01  1.5895E-02
  4.4466E-01  1.6732E-02
  4.4707E-01  1.7362E-02
  4.4949E-01  1.8086E-02
  4.5191E-01  1.8711E-02
  4.5432E-01  1.9262E-02
  4.5674E-01  1.9756E-02
  4.5916E-01  2.0201E-02
  4.6157E-01  2.0605E-02
  4.6399E-01  2.0974E-02
  4.6641E-01  2.1313E-02
  4.6882E-01  2.1623E-02
  4.7124E-01  2.1910E-02
  4.7366E-01  2.2174E-02
  4.7607E-01  2.2417E-02
  4.7849E-01  2.2642E-02
  4.8091E-01  2.2850E-02
  4.8332E-01  2.3042E-02
  4.8574E-01  2.3220E-02
  4.8816E-01  2.3383E-02
  4.9057E-01  2.3534E-02
  4.9299E-01  2.3673E-02
  4.9540E-01  2.3800E-02
  4.9782E-01  2.3917E-02
  5.0024E-01  2.4024E-02
  5.0265E-01  2.4122E-02
  5.0507E-01  2.4211E-02
  5.0749E-01  2.4291E-02
  5.0990E-01  2.4363E-02
  5.1232E-01  2.4428E-02
  5.1474E-01  2.4485E-02
  5.1715E-01  2.4536E-02
  5.1957E-01  2.4580E-02
  5.2199E-01  2.4619E-02
  5.2440E-01  2.4651E-02
  5.2682E-01  2.4677E-02
  5.2924E-01  2.4698E-02
  5.3165E-01  2.4714E-02
  5.3407E-01  2.4726E-02
  5.3649E-01  2.4732E-02
  5.3890E-01  2.4734E-02
  5.4132E-01  2.4732E-02
  5.4374E-01  2.4726E-02
  5.4615E-01  2.4715E-02
  5.4857E-01  2.4701E-02
  5.5099E-01  2.4684E-02
  5.5340E-01  2.4663E-02
  5.5582E-01  2.4638E-02
  5.5824E-01  2.4611E-02
  5.6065E-01  2.4580E-02
  5.6307E-01  2.4547E-02
  5.6549E-01  2.4510E-02
  5.6790E-01  2.4471E-02
  5.7032E-01  2.4430E-02
  5.7274E-01  2.4386E-02
  5.7515E-01  2.4339E-02
  5.7757E-01  2.4291E-02
  5.7999E-01  2.4240E-02
  5.8240E-01  2.4187E-02
  5.8482E-01  2.4131E-02
  5.8724E-01  2.4074E-02
  5.8965E-01  2.4015E-02
  5.9207E-01  2.3955E-02
  5.9449E-01  2.3892E-02
  5.9690E-01  2.3828E-02
  5.9932E-01  2.3762E-02
  6.0174E-01  2.3694E-02
  6.0415E-01  2.3626E-02
  6.0657E-01  2.3555E-02
  6.0899E-01  2.3483E-02
  6.1140E-01  2.3410E-02
  6.1382E-01  2.3336E-02
  6.1624E-01  2.3260E-02
  6.1865E-01  2.3183E-02
  6.2107E-01  2.3105E-02
  6.2349E-01  2.3026E-02
  6.2590E-01  2.2945E-02
  6.2832E-01  2.2864E-02
