0.16329600000000D+02       605
(x,y,z) position of the X-ray source
  0.1130E+00 -0.9402E-01 -0.1794E+01
x | y | z | R | rho
 -8.9899E-02  1.3551E-01  9.8108E+00  3.1833E-01  5.0322E-03
  1.1389E+00 -3.7666E-01  9.7263E+00  3.1806E-01  5.0451E-03
  1.3958E+00  1.1724E-01  9.6503E+00  3.1698E-01  5.0969E-03
 -7.8460E-02  3.1523E-01  8.9703E+00  2.9945E-01  6.0452E-03
 -8.4886E-01 -7.3851E-02  8.2695E+00  2.8405E-01  7.0833E-03
 -7.7784E-02 -1.9764E-01  8.1183E+00  2.7950E-01  7.4346E-03
  6.4518E-02 -2.3382E-02  8.0008E+00  2.7664E-01  7.6672E-03
  1.2109E+00  3.0006E-01  7.8911E+00  2.7636E-01  7.6911E-03
 -9.3678E-01 -7.3913E-02  7.8371E+00  2.7406E-01  7.8859E-03
  2.0230E+00  1.1701E-01  7.3808E+00  2.6829E-01  8.4058E-03
  1.6477E+00  6.1184E-02  7.3397E+00  2.6510E-01  8.7134E-03
 -7.2710E-01  8.4907E-03  7.3675E+00  2.6218E-01  9.0076E-03
  7.7336E-01 -2.1599E-01  7.3237E+00  2.6130E-01  9.0986E-03
 -7.1575E-01  2.9474E-01  7.1113E+00  2.5601E-01  9.6746E-03
  1.2248E+00 -6.0164E-02  6.8184E+00  2.5038E-01  1.0342E-02
 -1.9545E+00  1.7993E-01  6.4832E+00  2.4650E-01  1.0839E-02
 -7.9020E-01  3.2007E-01  6.5530E+00  2.4229E-01  1.1413E-02
  3.1672E-01 -7.7164E-02  6.5411E+00  2.4078E-01  1.1629E-02
  8.5103E-01  1.4382E-02  6.4104E+00  2.3866E-01  1.1942E-02
  1.2491E+00  2.7212E-01  6.2910E+00  2.3745E-01  1.2126E-02
 -1.4248E+00 -1.6715E-01  5.9796E+00  2.3042E-01  1.3269E-02
  8.8153E-01 -2.7598E-01  6.0558E+00  2.2981E-01  1.3376E-02
  3.0631E-02  2.2724E-01  6.1215E+00  2.2981E-01  1.3376E-02
  6.8777E-01 -2.7970E-01  6.0098E+00  2.2796E-01  1.3704E-02
 -9.2889E-01  8.6030E-02  5.7820E+00  2.2269E-01  1.4699E-02
 -4.2459E-01  1.2887E-01  5.6296E+00  2.1707E-01  1.5872E-02
  3.5273E-01  6.9109E-03  5.5778E+00  2.1549E-01  1.6222E-02
 -1.1710E-02  1.6478E-01  5.5284E+00  2.1392E-01  1.6583E-02
 -1.5479E+00  3.4941E-02  5.2977E+00  2.1360E-01  1.6657E-02
  1.4971E+00  1.9371E-01  5.1521E+00  2.0948E-01  1.7659E-02
  8.3539E-01  8.0866E-02  5.1274E+00  2.0469E-01  1.8928E-02
  1.2538E-01  1.1456E-01  5.1583E+00  2.0373E-01  1.9197E-02
  7.6886E-01  1.1086E-01  4.8121E+00  1.9565E-01  2.1676E-02
  9.7630E-01  1.3630E-01  4.7270E+00  1.9435E-01  2.2115E-02
  3.7086E-01 -1.0302E-01  4.7790E+00  1.9337E-01  2.2453E-02
  1.6943E+00 -2.1344E-01  4.4678E+00  1.9304E-01  2.2567E-02
  3.6874E-01  2.6664E-01  4.7270E+00  1.9206E-01  2.2915E-02
 -7.8288E-02  1.0447E-01  4.5313E+00  1.8580E-01  2.5308E-02
  1.3992E+00 -2.3226E-01  4.2341E+00  1.8381E-01  2.6139E-02
 -1.2003E+00 -2.7379E-01  4.2336E+00  1.8215E-01  2.6862E-02
  5.3425E-01 -2.2540E-01  4.3706E+00  1.8215E-01  2.6862E-02
  4.9578E-01 -1.0790E-01  4.2890E+00  1.7948E-01  2.8079E-02
 -5.3333E-01 -8.4401E-02  4.2398E+00  1.7813E-01  2.8718E-02
 -1.2786E+00  2.3679E-02  4.0312E+00  1.7679E-01  2.9378E-02
 -1.8389E+00  5.0021E-02  3.7583E+00  1.7544E-01  3.0060E-02
 -1.1929E+00 -3.7678E-02  3.8242E+00  1.7003E-01  3.3026E-02
 -1.6707E+00  4.1174E-02  3.6409E+00  1.7003E-01  3.3026E-02
  1.6571E+00 -3.7106E-02  3.5983E+00  1.6866E-01  3.3833E-02
 -1.7203E+00 -2.4288E-01  3.5235E+00  1.6764E-01  3.4457E-02
  1.3207E+00 -1.2348E-01  3.6743E+00  1.6695E-01  3.4882E-02
 -4.0983E-01  6.3512E-02  3.7955E+00  1.6421E-01  3.6660E-02
  1.9221E+00 -1.1789E-01  3.2075E+00  1.6180E-01  3.8324E-02
 -7.8477E-01 -9.4178E-02  3.4889E+00  1.5660E-01  4.2270E-02
 -9.6100E-01 -1.9508E-01  3.4177E+00  1.5590E-01  4.2840E-02
 -1.6655E+00  2.0459E-01  3.1223E+00  1.5555E-01  4.3129E-02
  1.2721E+00 -4.2107E-02  3.3083E+00  1.5555E-01  4.3129E-02
 -9.1950E-01 -9.7659E-02  3.3770E+00  1.5416E-01  4.4312E-02
 -1.6044E+00 -8.3073E-02  3.0377E+00  1.5205E-01  4.6176E-02
  1.6475E+00  7.0715E-02  2.9780E+00  1.5100E-01  4.7150E-02
 -7.1654E-01 -2.3277E-01  3.1765E+00  1.4641E-01  5.1724E-02
  8.5199E-01 -1.4940E-01  3.1369E+00  1.4606E-01  5.2102E-02
 -1.2110E+00 -1.3053E-01  3.0174E+00  1.4606E-01  5.2102E-02
  9.3073E-01  2.0716E-01  3.1111E+00  1.4606E-01  5.2102E-02
  4.2246E-01 -9.5606E-02  3.1713E+00  1.4428E-01  5.4049E-02
  6.9604E-01  1.9693E-01  3.0417E+00  1.4178E-01  5.6953E-02
  1.4421E+00  3.7473E-02  2.7142E+00  1.4000E-01  5.9164E-02
  8.6305E-03  1.0355E-01  2.9880E+00  1.3712E-01  6.2960E-02
  7.9846E-01  1.1271E-01  2.8574E+00  1.3640E-01  6.3962E-02
 -1.4156E+00  6.3580E-02  2.5971E+00  1.3604E-01  6.4472E-02
 -4.1666E-01  1.5953E-01  2.8615E+00  1.3388E-01  6.7653E-02
  8.2887E-01  1.4291E-01  2.7496E+00  1.3315E-01  6.8763E-02
 -9.0609E-01  1.1664E-02  2.7289E+00  1.3315E-01  6.8763E-02
 -3.0114E-01  2.7859E-02  2.8283E+00  1.3207E-01  7.0476E-02
 -2.5948E-01  1.7098E-01  2.8274E+00  1.3207E-01  7.0476E-02
  1.6128E+00  2.0161E-01  2.3217E+00  1.3170E-01  7.1060E-02
 -1.0671E+00  2.1010E-01  2.6059E+00  1.3134E-01  7.1651E-02
 -1.4210E+00  9.4806E-03  2.4282E+00  1.3098E-01  7.2249E-02
 -5.8428E-01  2.0386E-02  2.7415E+00  1.3061E-01  7.2853E-02
  1.0334E+00  1.4998E-01  2.5682E+00  1.2952E-01  7.4711E-02
 -1.2853E+00  8.2047E-02  2.4203E+00  1.2843E-01  7.6636E-02
 -1.5387E+00 -2.1422E-02  2.2320E+00  1.2733E-01  7.8631E-02
 -9.5204E-01 -2.3337E-02  2.5166E+00  1.2660E-01  8.0001E-02
 -8.1224E-01  1.5741E-01  2.5497E+00  1.2623E-01  8.0699E-02
 -1.0581E+00 -1.5893E-01  2.4246E+00  1.2514E-01  8.2844E-02
 -1.8991E+00  1.6743E-02 -1.8339E+00  1.2477E-01  8.3577E-02
  6.7521E-01  2.0327E-01  2.5442E+00  1.2477E-01  8.3577E-02
  1.0934E+00 -1.2532E-02  2.3697E+00  1.2367E-01  8.5829E-02
  7.3984E-01 -1.9388E-01  2.4532E+00  1.2220E-01  8.8967E-02
 -1.1984E+00 -8.0746E-02  2.2490E+00  1.2146E-01  9.0595E-02
  9.3036E-01  2.5901E-02  2.3630E+00  1.2109E-01  9.1425E-02
 -1.4934E+00  1.3703E-01  2.0497E+00  1.2109E-01  9.1425E-02
  1.2188E+00 -2.7794E-02  2.2166E+00  1.2072E-01  9.2266E-02
  5.5815E-01  2.8470E-02  2.4672E+00  1.2072E-01  9.2266E-02
  1.6370E+00 -1.7784E-01  1.9073E+00  1.2035E-01  9.3117E-02
 -5.3297E-01 -6.2577E-02  2.4213E+00  1.1888E-01  9.6634E-02
 -5.1242E-01  8.5085E-02  2.4149E+00  1.1851E-01  9.7542E-02
  1.8128E+00 -2.5842E-02 -1.6777E+00  1.1851E-01  9.7542E-02
  1.7720E+00 -8.1042E-02 -1.7048E+00  1.1814E-01  9.8461E-02
 -1.5162E+00 -1.1800E-01 -1.9087E+00  1.1739E-01  1.0034E-01
 -4.4111E-01 -5.0600E-02  2.3998E+00  1.1739E-01  1.0034E-01
  9.5043E-01  4.7529E-03  2.2372E+00  1.1702E-01  1.0129E-01
  1.8494E+00 -9.6564E-02 -1.5438E+00  1.1628E-01  1.0324E-01
  1.4754E+00 -6.0185E-02  1.9060E+00  1.1628E-01  1.0324E-01
  3.6158E-01 -2.9390E-03  2.3640E+00  1.1554E-01  1.0525E-01
  1.2143E+00  8.9560E-02  2.0583E+00  1.1554E-01  1.0525E-01
 -1.8806E+00  2.0699E-01 -1.4467E+00  1.1517E-01  1.0627E-01
 -1.5642E+00  5.7774E-02  1.7821E+00  1.1480E-01  1.0731E-01
  1.9204E+00  1.2288E-01 -1.3867E+00  1.1480E-01  1.0731E-01
  1.8296E+00 -1.2399E-01 -1.4890E+00  1.1442E-01  1.0836E-01
 -3.8194E-01  1.3293E-01  2.2977E+00  1.1331E-01  1.1159E-01
 -1.6431E+00 -1.4990E-01  1.6221E+00  1.1256E-01  1.1382E-01
 -7.8819E-01 -6.9810E-02  2.1742E+00  1.1256E-01  1.1382E-01
  1.8548E+00 -8.7037E-02  1.3478E+00  1.1182E-01  1.1612E-01
  1.4578E+00  1.0923E-01  1.7434E+00  1.1107E-01  1.1847E-01
  3.0287E-01 -5.6497E-02  2.2446E+00  1.1070E-01  1.1968E-01
 -1.5029E+00  1.4579E-01  1.6633E+00  1.0995E-01  1.2214E-01
  1.0701E+00  1.5954E-01  1.9361E+00  1.0882E-01  1.2596E-01
  1.2909E+00 -3.9575E-02  1.7914E+00  1.0845E-01  1.2727E-01
  1.1054E+00  1.5945E-01 -1.8833E+00  1.0770E-01  1.2994E-01
 -5.6243E-01  1.1664E-01  2.1128E+00  1.0770E-01  1.2994E-01
 -5.4033E-01 -4.3363E-02  2.1213E+00  1.0770E-01  1.2994E-01
  1.8801E-02 -1.1045E-01  2.1772E+00  1.0733E-01  1.3131E-01
 -1.5091E+00  1.4147E-01 -1.5669E+00  1.0733E-01  1.3131E-01
 -3.5785E-02  4.0726E-02  2.1794E+00  1.0733E-01  1.3131E-01
 -1.3571E+00  6.5021E-02 -1.6929E+00  1.0695E-01  1.3269E-01
  1.2025E+00  3.4039E-02 -1.8068E+00  1.0695E-01  1.3269E-01
 -6.7588E-01  1.4155E-01  2.0579E+00  1.0695E-01  1.3269E-01
 -1.1935E-01  5.3199E-02  2.1479E+00  1.0620E-01  1.3553E-01
  1.0264E+00  1.8542E-01  1.8822E+00  1.0620E-01  1.3553E-01
  1.3758E+00  5.2924E-02  1.6416E+00  1.0582E-01  1.3698E-01
 -9.6679E-01 -3.8628E-02 -1.9116E+00  1.0582E-01  1.3698E-01
  2.9687E-01 -2.0906E-02  2.1217E+00  1.0582E-01  1.3698E-01
  1.6100E+00 -1.2678E-01  1.3936E+00  1.0545E-01  1.3845E-01
 -1.6332E+00 -7.1112E-02  1.3264E+00  1.0432E-01  1.4299E-01
 -1.1548E+00 -4.2511E-02 -1.7597E+00  1.0432E-01  1.4299E-01
  1.4916E+00  1.4702E-02  1.4723E+00  1.0394E-01  1.4454E-01
 -1.6981E+00 -1.3274E-01 -1.2214E+00  1.0394E-01  1.4454E-01
 -1.0855E+00  5.2376E-02  1.7705E+00  1.0319E-01  1.4773E-01
 -1.4967E+00 -9.8119E-02  1.4240E+00  1.0281E-01  1.4936E-01
  1.8915E+00  1.6396E-01 -7.9685E-01  1.0244E-01  1.5102E-01
 -1.7525E+00  1.0947E-01  1.0753E+00  1.0244E-01  1.5102E-01
  1.7437E+00 -9.5819E-02 -1.0733E+00  1.0206E-01  1.5269E-01
  7.3076E-01 -1.7070E-01  1.8977E+00  1.0168E-01  1.5440E-01
 -1.2417E+00 -1.3310E-02 -1.6078E+00  1.0131E-01  1.5613E-01
 -5.0822E-01  1.5856E-02  1.9574E+00  1.0093E-01  1.5789E-01
 -1.9132E-01  6.6051E-02  1.9939E+00  1.0017E-01  1.6148E-01
 -1.4147E+00  2.6835E-02  1.4066E+00  9.9797E-02  1.6332E-01
 -1.7769E+00  1.3336E-01  8.5643E-01  9.9041E-02  1.6709E-01
  1.6372E+00  1.4750E-01  1.0658E+00  9.8285E-02  1.7098E-01
 -1.1872E+00 -2.2560E-02 -1.5582E+00  9.8285E-02  1.7098E-01
 -1.3880E+00  1.3702E-01 -1.3630E+00  9.7907E-02  1.7297E-01
 -7.3557E-01  3.3092E-02  1.8058E+00  9.7907E-02  1.7297E-01
  1.8922E+00  1.9655E-03 -4.3355E-01  9.7529E-02  1.7499E-01
 -1.0335E+00  8.2436E-02 -1.6411E+00  9.7529E-02  1.7499E-01
  1.6533E+00  1.1024E-01 -1.0112E+00  9.7529E-02  1.7499E-01
  9.1670E-01 -1.0333E-01  1.6978E+00  9.7150E-02  1.7704E-01
  4.6124E-01 -1.2128E-01 -1.8725E+00  9.7150E-02  1.7704E-01
 -5.3031E-01 -1.7142E-01 -1.8502E+00  9.7150E-02  1.7704E-01
 -1.6774E+00  4.9249E-02 -9.5787E-01  9.7150E-02  1.7704E-01
 -8.4114E-01  8.0896E-02  1.7278E+00  9.6772E-02  1.7912E-01
  1.5313E+00 -1.5840E-02 -1.1490E+00  9.6393E-02  1.8124E-01
 -1.4938E+00 -5.4188E-02 -1.1962E+00  9.6393E-02  1.8124E-01
 -1.3004E+00  5.7924E-02 -1.4039E+00  9.6393E-02  1.8124E-01
  1.8018E+00  1.8998E-01 -5.9092E-01  9.6015E-02  1.8340E-01
 -6.1357E-01 -4.7465E-02  1.7942E+00  9.5636E-02  1.8558E-01
  1.4961E+00  6.1666E-02 -1.1501E+00  9.5257E-02  1.8781E-01
  8.0211E-01  1.3013E-01 -1.7042E+00  9.5257E-02  1.8781E-01
 -1.8731E+00 -1.2855E-02  1.5119E-01  9.4878E-02  1.9007E-01
  1.6033E+00  1.0755E-01 -9.7444E-01  9.4878E-02  1.9007E-01
  9.9151E-01 -5.7704E-02 -1.5850E+00  9.4499E-02  1.9236E-01
  8.0307E-01 -7.7339E-02 -1.6876E+00  9.4499E-02  1.9236E-01
 -1.5099E+00 -9.8289E-03 -1.1040E+00  9.4499E-02  1.9236E-01
 -1.8266E+00  1.5168E-01 -3.2672E-01  9.4120E-02  1.9470E-01
  1.0996E+00 -8.5566E-02 -1.4999E+00  9.4120E-02  1.9470E-01
 -1.0052E+00  1.4899E-01 -1.5600E+00  9.4120E-02  1.9470E-01
  1.8036E+00 -1.0810E-01  4.1126E-01  9.3741E-02  1.9707E-01
 -5.8770E-01 -1.5710E-01 -1.7412E+00  9.3361E-02  1.9948E-01
 -1.0774E+00 -7.2159E-02  1.4845E+00  9.2982E-02  2.0193E-01
 -1.5788E+00  4.5193E-02  9.3559E-01  9.2982E-02  2.0193E-01
  1.4358E-01 -1.1015E-01  1.8268E+00  9.2982E-02  2.0193E-01
  5.6025E-01  1.5608E-01  1.7321E+00  9.2603E-02  2.0443E-01
 -1.3897E+00 -2.1330E-02  1.1860E+00  9.2603E-02  2.0443E-01
  1.8011E+00  4.8065E-03 -3.0702E-01  9.2603E-02  2.0443E-01
 -1.2110E-02 -1.7546E-01 -1.8100E+00  9.2223E-02  2.0696E-01
 -1.1385E+00  1.7225E-01  1.3964E+00  9.1844E-02  2.0954E-01
 -1.0392E-01  1.8072E-01 -1.7978E+00  9.1844E-02  2.0954E-01
  1.7856E+00 -1.5585E-01 -1.7880E-01  9.1464E-02  2.1216E-01
 -1.6075E+00  1.3936E-01  8.0073E-01  9.1464E-02  2.1216E-01
 -1.0224E+00  1.3367E-01 -1.4770E+00  9.1464E-02  2.1216E-01
 -7.7900E-01  1.2295E-02  1.6241E+00  9.1464E-02  2.1216E-01
  1.7798E+00  1.6201E-01 -1.4252E-01  9.1084E-02  2.1482E-01
 -1.7926E+00  2.3411E-02  3.5320E-03  9.1084E-02  2.1482E-01
  1.2659E+00  1.3774E-01 -1.2498E+00  9.0704E-02  2.1753E-01
 -5.8357E-01 -1.2214E-01  1.6817E+00  9.0704E-02  2.1753E-01
  1.6442E+00  1.2813E-02  6.9285E-01  9.0704E-02  2.1753E-01
  4.9525E-01  1.4551E-01  1.6991E+00  9.0325E-02  2.2029E-01
  6.7846E-01  1.5166E-01  1.6249E+00  8.9945E-02  2.2309E-01
 -8.4795E-01  7.9891E-02 -1.5293E+00  8.9185E-02  2.2884E-01
 -6.5705E-01 -1.5414E-02 -1.6134E+00  8.8805E-02  2.3179E-01
  7.2113E-01  1.5646E-01  1.5781E+00  8.8805E-02  2.3179E-01
  1.9768E-01  1.7117E-01 -1.7139E+00  8.8425E-02  2.3479E-01
 -1.3161E+00  3.6333E-03 -1.1286E+00  8.8425E-02  2.3479E-01
  5.7112E-01  1.3894E-01  1.6311E+00  8.8425E-02  2.3479E-01
 -2.9033E-01  1.4660E-01 -1.7030E+00  8.8425E-02  2.3479E-01
  1.5841E+00 -7.4555E-02 -6.7975E-01  8.8044E-02  2.3785E-01
  1.4790E+00  1.1389E-01 -8.4840E-01  8.7284E-02  2.4412E-01
  1.1634E+00  1.1179E-01  1.2467E+00  8.7284E-02  2.4412E-01
 -1.3901E-01  1.0963E-01 -1.6997E+00  8.7284E-02  2.4412E-01
 -1.2141E-01  3.2806E-02  1.6877E+00  8.6524E-02  2.5061E-01
 -1.6758E+00  1.2654E-01 -1.9977E-01  8.6524E-02  2.5061E-01
 -1.6695E+00  1.3320E-01 -6.6450E-02  8.5763E-02  2.5734E-01
 -1.6032E+00 -1.3672E-01 -4.6947E-01  8.5763E-02  2.5734E-01
  1.6980E-01  1.8137E-01  1.6493E+00  8.5382E-02  2.6079E-01
  1.5847E+00  1.6448E-01  4.9367E-01  8.5382E-02  2.6079E-01
  1.0188E+00 -2.3497E-02 -1.3204E+00  8.5382E-02  2.6079E-01
  7.3239E-01 -1.3285E-01  1.4836E+00  8.5002E-02  2.6431E-01
 -1.3834E+00 -1.4878E-01 -9.0504E-01  8.5002E-02  2.6431E-01
 -1.3247E+00  7.9135E-03  9.8664E-01  8.4622E-02  2.6789E-01
  2.4062E-02 -7.7962E-02 -1.6498E+00  8.4622E-02  2.6789E-01
  9.6359E-01 -1.5916E-01  1.3321E+00  8.4622E-02  2.6789E-01
  1.4691E+00  4.4019E-02  7.3599E-01  8.4241E-02  2.7154E-01
 -1.0222E+00 -1.6164E-01 -1.2771E+00  8.4241E-02  2.7154E-01
  1.6361E+00  1.5769E-01  1.6956E-02  8.4241E-02  2.7154E-01
 -5.9807E-01  1.4836E-01 -1.5066E+00  8.3480E-02  2.7903E-01
  1.6066E+00 -1.1067E-01 -2.3727E-01  8.3480E-02  2.7903E-01
 -1.5663E+00  1.7056E-01 -4.0913E-01  8.3480E-02  2.7903E-01
  8.7093E-01  2.9105E-03  1.3376E+00  8.1958E-02  2.9487E-01
 -9.5359E-01 -6.3811E-02  1.2687E+00  8.1577E-02  2.9902E-01
  4.7365E-01 -5.3296E-02  1.5152E+00  8.1577E-02  2.9902E-01
 -1.5709E+00 -6.5410E-02  1.6222E-01  8.1197E-02  3.0324E-01
  9.4253E-01 -1.4489E-02 -1.2687E+00  8.1197E-02  3.0324E-01
 -1.3261E+00 -5.8761E-02  8.4373E-01  8.0816E-02  3.0755E-01
 -5.1718E-01 -1.1415E-01  1.4810E+00  8.0816E-02  3.0755E-01
 -1.5549E+00 -8.6163E-02  2.2025E-01  8.0816E-02  3.0755E-01
  1.5614E+00 -1.6274E-01 -9.6004E-02  8.0816E-02  3.0755E-01
 -1.5558E+00  1.6903E-01  2.4933E-02  8.0435E-02  3.1193E-01
 -3.5910E-01 -1.4161E-01 -1.5168E+00  8.0435E-02  3.1193E-01
  5.8828E-02 -1.1992E-01  1.5594E+00  8.0435E-02  3.1193E-01
  1.7604E-01  3.5561E-03 -1.5474E+00  8.0055E-02  3.1640E-01
 -4.5463E-01 -5.9039E-02 -1.4804E+00  7.9674E-02  3.2096E-01
 -1.4737E+00  4.7392E-02  4.5198E-01  7.9293E-02  3.2561E-01
 -7.8355E-01  1.1509E-01 -1.3233E+00  7.9293E-02  3.2561E-01
  8.5427E-01  1.0226E-01  1.2707E+00  7.8913E-02  3.3034E-01
 -4.7773E-01  4.2320E-02 -1.4577E+00  7.8913E-02  3.3034E-01
  1.4246E+00 -1.1429E-02 -5.7043E-01  7.8913E-02  3.3034E-01
 -1.3371E+00  1.1953E-01  7.2788E-01  7.8532E-02  3.3517E-01
 -1.0229E+00  1.3417E-01 -1.1258E+00  7.8532E-02  3.3517E-01
 -1.5119E+00  1.8472E-01 -1.0897E-01  7.8532E-02  3.3517E-01
 -3.7165E-01  7.1602E-02  1.4716E+00  7.8152E-02  3.4009E-01
  1.3953E+00 -8.9464E-02  5.7563E-01  7.7771E-02  3.4511E-01
 -1.0834E+00 -1.2644E-01  1.0471E+00  7.7771E-02  3.4511E-01
  3.7179E-01  1.0019E-01  1.4622E+00  7.7771E-02  3.4511E-01
 -1.5085E+00  7.5157E-02 -7.1479E-02  7.7771E-02  3.4511E-01
 -2.6142E-01 -8.3759E-03 -1.4892E+00  7.7771E-02  3.4511E-01
  1.4925E-01  1.4417E-02  1.5046E+00  7.7771E-02  3.4511E-01
  1.1079E+00 -1.7934E-01 -1.0021E+00  7.7390E-02  3.5022E-01
 -4.2379E-01 -1.3764E-01  1.4371E+00  7.7390E-02  3.5022E-01
  1.4237E+00  3.4154E-02  4.8546E-01  7.7390E-02  3.5022E-01
 -6.1725E-01 -4.6801E-02 -1.3632E+00  7.7010E-02  3.5544E-01
 -1.4768E+00 -7.6001E-02 -2.3425E-01  7.7010E-02  3.5544E-01
 -1.4451E+00  4.9800E-02 -3.8845E-01  7.7010E-02  3.5544E-01
  7.2636E-02  1.8585E-01  1.4764E+00  7.6629E-02  3.6076E-01
 -1.0954E+00 -2.0985E-02 -9.9869E-01  7.6248E-02  3.6619E-01
  1.0621E+00  5.7351E-02 -1.0327E+00  7.6248E-02  3.6619E-01
  1.1363E+00  2.8931E-03  9.4080E-01  7.5868E-02  3.7173E-01
 -5.4871E-02 -4.9936E-02  1.4733E+00  7.5868E-02  3.7173E-01
  2.7273E-02  1.3766E-02  1.4749E+00  7.5868E-02  3.7173E-01
  1.1698E+00 -6.4207E-02  8.9642E-01  7.5868E-02  3.7173E-01
  1.2689E+00 -1.7861E-01 -7.0124E-01  7.5106E-02  3.8315E-01
 -1.4263E+00  9.8261E-02 -2.9979E-01  7.5106E-02  3.8315E-01
  1.4035E+00  1.7170E-02  3.7773E-01  7.4726E-02  3.8904E-01
  1.4524E+00  5.8009E-02 -1.1038E-03  7.4726E-02  3.8904E-01
  1.0634E+00  5.8321E-02 -9.8924E-01  7.4726E-02  3.8904E-01
 -4.2389E-01 -7.0262E-02 -1.3886E+00  7.4726E-02  3.8904E-01
 -6.2057E-01  2.4673E-02 -1.3142E+00  7.4726E-02  3.8904E-01
  1.0717E+00  7.1673E-03 -9.7136E-01  7.4345E-02  3.9504E-01
 -1.4079E+00 -8.6688E-02 -3.2010E-01  7.4345E-02  3.9504E-01
 -8.7391E-01  1.8608E-01 -1.1284E+00  7.3965E-02  4.0117E-01
 -1.1872E+00  3.2420E-02  8.1302E-01  7.3965E-02  4.0117E-01
  1.4262E+00 -1.7713E-01  7.7796E-02  7.3965E-02  4.0117E-01
 -7.2312E-01 -1.1455E-01 -1.2392E+00  7.3965E-02  4.0117E-01
  1.4359E+00 -2.7880E-02 -9.4910E-02  7.3965E-02  4.0117E-01
 -5.2574E-01  6.3363E-03  1.3322E+00  7.3584E-02  4.0743E-01
 -6.0141E-01 -1.0116E-01  1.2959E+00  7.3584E-02  4.0743E-01
 -7.2857E-01 -1.5715E-01  1.2066E+00  7.2822E-02  4.2035E-01
  2.4726E-01  6.8487E-02 -1.3948E+00  7.2822E-02  4.2035E-01
  1.2907E+00 -1.2157E-01  5.5771E-01  7.2442E-02  4.2701E-01
 -1.2312E+00  1.3106E-01 -6.7738E-01  7.2442E-02  4.2701E-01
 -1.1568E-01  8.6401E-02  1.3970E+00  7.2061E-02  4.3381E-01
  1.3173E+00  5.4009E-02  4.8400E-01  7.2061E-02  4.3381E-01
  1.1319E+00  1.7577E-01 -8.0064E-01  7.1680E-02  4.4076E-01
  1.0029E+00 -1.5511E-01 -9.5092E-01  7.1300E-02  4.4786E-01
 -1.3021E+00  9.3492E-02  4.5938E-01  7.0919E-02  4.5511E-01
 -2.8104E-01 -1.2337E-01  1.3495E+00  7.0919E-02  4.5511E-01
  1.3503E+00 -1.8154E-01  2.0142E-01  7.0538E-02  4.6253E-01
  6.4248E-02  6.5236E-02  1.3742E+00  7.0538E-02  4.6253E-01
 -1.3289E+00 -7.9142E-02 -3.2569E-01  7.0157E-02  4.7010E-01
  1.3225E+00  7.3229E-02 -3.5218E-01  7.0157E-02  4.7010E-01
  1.3533E+00  1.6928E-01 -1.3498E-01  7.0157E-02  4.7010E-01
 -6.3759E-01  6.0518E-02 -1.2042E+00  6.9776E-02  4.7784E-01
  1.3635E+00  3.0443E-02 -1.6539E-02  6.9776E-02  4.7784E-01
  2.3521E-01 -5.0436E-02 -1.3358E+00  6.9395E-02  4.8575E-01
  4.4672E-01  2.7949E-02  1.2814E+00  6.9395E-02  4.8575E-01
 -8.9628E-01 -1.0318E-01 -1.0053E+00  6.9014E-02  4.9384E-01
 -1.0255E+00  1.6113E-02  8.7899E-01  6.9014E-02  4.9384E-01
 -6.2393E-02 -1.3722E-01 -1.3423E+00  6.9014E-02  4.9384E-01
 -1.3059E+00  1.7755E-01  2.9602E-01  6.9014E-02  4.9384E-01
  1.3021E+00 -1.8403E-01 -2.7853E-01  6.8633E-02  5.0211E-01
  5.5771E-01 -4.4610E-02 -1.2223E+00  6.8633E-02  5.0211E-01
  1.6186E-01 -1.8047E-01 -1.3222E+00  6.8633E-02  5.0211E-01
 -1.3206E+00 -1.6905E-01 -1.3064E-01  6.8252E-02  5.1057E-01
 -8.1899E-01  1.2025E-03 -1.0578E+00  6.8252E-02  5.1057E-01
 -8.8236E-01  7.9177E-02  9.9383E-01  6.7871E-02  5.1923E-01
  1.5310E-02  1.7937E-01  1.3191E+00  6.7871E-02  5.1923E-01
  1.1232E+00 -1.0021E-01 -7.0769E-01  6.7871E-02  5.1923E-01
 -1.3205E+00  3.4591E-02  1.6613E-01  6.7871E-02  5.1923E-01
  4.1572E-02  6.7657E-03  1.3307E+00  6.7871E-02  5.1923E-01
  4.0896E-01  1.8142E-01 -1.2472E+00  6.7489E-02  5.2808E-01
  6.6112E-01 -1.4683E-01  1.1388E+00  6.7489E-02  5.2808E-01
  9.9803E-01  3.2081E-05 -8.7151E-01  6.7489E-02  5.2808E-01
  7.5414E-01  2.5378E-02  1.0891E+00  6.7489E-02  5.2808E-01
 -1.2189E+00 -1.4446E-01  4.8188E-01  6.7108E-02  5.3713E-01
  6.5385E-01  1.1943E-01 -1.1389E+00  6.7108E-02  5.3713E-01
  5.3067E-02  4.7483E-02  1.3167E+00  6.7108E-02  5.3713E-01
 -4.2123E-01 -1.5092E-01 -1.2338E+00  6.6726E-02  5.4640E-01
 -6.5395E-01 -1.5721E-01 -1.1269E+00  6.6726E-02  5.4640E-01
 -1.2167E+00  1.7991E-01  4.5792E-01  6.6726E-02  5.4640E-01
 -1.0575E+00  1.7819E-01  7.5657E-01  6.6726E-02  5.4640E-01
 -7.5415E-01 -4.1890E-02 -1.0732E+00  6.6726E-02  5.4640E-01
 -5.8793E-01  1.3240E-01 -1.1588E+00  6.6345E-02  5.5588E-01
  1.0600E+00 -1.5235E-01 -7.4785E-01  6.6345E-02  5.5588E-01
  1.0878E+00  1.2078E-01 -7.0140E-01  6.5963E-02  5.6559E-01
  1.8259E-01  1.6501E-02 -1.2870E+00  6.5963E-02  5.6559E-01
 -1.0144E+00  1.6402E-01 -7.9627E-01  6.5963E-02  5.6559E-01
 -1.2897E+00  6.8517E-02 -7.8294E-02  6.5581E-02  5.7553E-01
  1.0453E+00  4.8874E-02  7.6089E-01  6.5581E-02  5.7553E-01
 -1.2635E+00  1.8352E-01 -1.6786E-01  6.5199E-02  5.8571E-01
  7.8630E-01 -1.1224E-01  1.0060E+00  6.4817E-02  5.9614E-01
  1.1289E+00 -1.1765E-01  5.9542E-01  6.4817E-02  5.9614E-01
 -8.4372E-02 -1.6186E-01 -1.2687E+00  6.4817E-02  5.9614E-01
 -2.8936E-01 -9.6699E-02 -1.2449E+00  6.4817E-02  5.9614E-01
  4.1921E-01  7.7303E-02 -1.2024E+00  6.4434E-02  6.0681E-01
 -2.1779E-01  1.2856E-01 -1.2504E+00  6.4434E-02  6.0681E-01
  6.2258E-01 -1.2574E-02  1.1134E+00  6.4434E-02  6.0681E-01
 -1.0325E+00  4.0372E-02  7.3803E-01  6.4051E-02  6.1776E-01
  4.7916E-01 -1.8491E-01 -1.1485E+00  6.3285E-02  6.4046E-01
  1.2461E+00  1.5429E-02 -1.7256E-01  6.3285E-02  6.4046E-01
  6.2760E-01  6.1520E-03 -1.0904E+00  6.3285E-02  6.4046E-01
  2.8660E-01 -3.1462E-02  1.2187E+00  6.2902E-02  6.5224E-01
 -1.2042E+00  3.7598E-02 -3.4184E-01  6.2902E-02  6.5224E-01
 -9.3757E-01 -5.6707E-02  8.2827E-01  6.2902E-02  6.5224E-01
  1.2380E+00 -6.8424E-02 -1.7575E-01  6.2902E-02  6.5224E-01
 -4.6483E-01 -8.3477E-02  1.1475E+00  6.2134E-02  6.7672E-01
 -8.7081E-01  7.7408E-02 -8.8066E-01  6.2134E-02  6.7672E-01
 -1.1979E+00 -1.4533E-01 -2.8959E-01  6.2134E-02  6.7672E-01
  7.6158E-01  9.7146E-02 -9.7489E-01  6.2134E-02  6.7672E-01
  5.6618E-01  1.2337E-01 -1.0909E+00  6.1750E-02  6.8943E-01
  1.0576E+00 -7.0311E-02 -6.3442E-01  6.1750E-02  6.8943E-01
 -1.2616E-01  7.5725E-03  1.2232E+00  6.1365E-02  7.0248E-01
 -1.2002E+00 -1.8192E-01  1.9664E-01  6.1365E-02  7.0248E-01
  1.7852E-01 -1.3542E-01  1.2091E+00  6.1365E-02  7.0248E-01
 -8.0116E-01  3.9355E-03  9.3292E-01  6.1365E-02  7.0248E-01
 -1.1951E+00  1.5025E-01 -2.1857E-01  6.0980E-02  7.1587E-01
  2.6349E-01 -5.7167E-02 -1.1942E+00  6.0980E-02  7.1587E-01
  4.1576E-01 -7.0110E-02  1.1493E+00  6.0980E-02  7.1587E-01
  1.1966E+00  1.2492E-01  2.2659E-01  6.0980E-02  7.1587E-01
 -1.0745E+00  1.4792E-01  5.5575E-01  6.0595E-02  7.2962E-01
  1.4901E-01  1.1702E-01 -1.2039E+00  6.0595E-02  7.2962E-01
 -1.0606E+00  8.8588E-02 -5.8275E-01  6.0209E-02  7.4374E-01
  1.7949E-01  1.1123E-01  1.1948E+00  6.0209E-02  7.4374E-01
 -1.0210E+00 -1.7548E-01 -6.3165E-01  6.0209E-02  7.4374E-01
  5.4155E-03  8.8950E-02 -1.2101E+00  6.0209E-02  7.4374E-01
 -2.2307E-02 -1.2147E-01  1.2070E+00  6.0209E-02  7.4374E-01
  9.1397E-01 -6.0873E-02  7.8754E-01  5.9822E-02  7.5825E-01
 -6.6774E-01 -1.6180E-02  1.0065E+00  5.9822E-02  7.5825E-01
 -5.8510E-01 -1.3544E-01  1.0420E+00  5.9436E-02  7.7315E-01
 -2.2086E-02 -1.3785E-01 -1.1893E+00  5.9048E-02  7.8847E-01
  5.8119E-01 -2.4161E-02 -1.0408E+00  5.8660E-02  8.0422E-01
  1.1613E+00 -1.3469E-01 -2.3405E-01  5.8660E-02  8.0422E-01
  1.1833E+00  5.1803E-02  1.3652E-01  5.8660E-02  8.0422E-01
 -1.1623E+00  8.5206E-04 -2.6568E-01  5.8660E-02  8.0422E-01
  1.1164E+00  2.9503E-02  4.0269E-01  5.8271E-02  8.2042E-01
 -5.6064E-02 -6.1907E-02  1.1842E+00  5.8271E-02  8.2042E-01
  1.1553E+00  1.7988E-01 -1.7413E-01  5.7882E-02  8.3709E-01
 -1.0471E+00  1.2514E-01  5.3416E-01  5.7882E-02  8.3709E-01
  1.1769E+00 -6.3832E-04  1.1127E-01  5.7882E-02  8.3709E-01
 -1.0675E+00 -7.8858E-02 -5.0154E-01  5.7882E-02  8.3709E-01
  6.6297E-01  1.3796E-01  9.6284E-01  5.7492E-02  8.5424E-01
 -1.1015E+00  1.0224E-01  4.0229E-01  5.7492E-02  8.5424E-01
  3.0791E-02 -1.7171E-01 -1.1591E+00  5.7101E-02  8.7190E-01
  1.8951E-02  2.7065E-02  1.1717E+00  5.7101E-02  8.7190E-01
  3.4854E-01 -7.8012E-02 -1.1113E+00  5.6710E-02  8.9009E-01
  2.8518E-01 -7.4099E-02 -1.1295E+00  5.6710E-02  8.9009E-01
  1.0512E+00  4.1097E-02 -5.0576E-01  5.6710E-02  8.9009E-01
  1.1621E+00  7.9080E-02  7.6058E-02  5.6710E-02  8.9009E-01
 -6.1608E-01  8.5790E-02  9.8776E-01  5.6710E-02  8.9009E-01
 -1.1510E+00 -1.6269E-01 -6.6418E-03  5.6317E-02  9.0882E-01
  1.1013E+00  2.4598E-02 -3.7120E-01  5.6317E-02  9.0882E-01
  1.0441E+00  1.6791E-01  4.8264E-01  5.6317E-02  9.0882E-01
  9.9362E-02  1.0809E-01  1.1532E+00  5.6317E-02  9.0882E-01
  7.2087E-01  1.6125E-02 -9.1183E-01  5.6317E-02  9.0882E-01
  8.2842E-01  5.6344E-02  8.0675E-01  5.5924E-02  9.2814E-01
  1.1409E+00 -1.7882E-01 -8.2032E-02  5.5924E-02  9.2814E-01
 -9.7710E-01 -5.8367E-02 -6.1821E-01  5.5924E-02  9.2814E-01
  1.0062E+00  3.1651E-02 -5.7170E-01  5.5924E-02  9.2814E-01
  1.0702E+00 -1.6204E-01  4.1066E-01  5.5924E-02  9.2814E-01
 -9.7978E-01  1.6671E-01  5.9375E-01  5.5924E-02  9.2814E-01
 -8.6595E-01  1.0220E-01 -7.5440E-01  5.5530E-02  9.4805E-01
  7.6945E-02  5.7150E-02 -1.1490E+00  5.5530E-02  9.4805E-01
  4.6626E-01  1.4358E-02  1.0494E+00  5.5134E-02  9.6859E-01
  9.0265E-01  1.9454E-02  7.0965E-01  5.5134E-02  9.6859E-01
  5.3734E-01 -2.7113E-02  1.0145E+00  5.5134E-02  9.6859E-01
  6.6114E-01  8.9124E-02  9.2910E-01  5.4738E-02  9.8980E-01
 -1.0212E-01 -1.4611E-01  1.1253E+00  5.4340E-02  1.0117E+00
 -1.0388E+00 -7.1407E-02 -4.6226E-01  5.4340E-02  1.0117E+00
  1.1187E+00  3.7802E-02  2.1231E-01  5.4340E-02  1.0117E+00
  4.7146E-01 -2.6857E-02  1.0319E+00  5.3941E-02  1.0343E+00
  5.2236E-01 -4.0592E-03  1.0075E+00  5.3941E-02  1.0343E+00
 -9.6688E-01 -5.5515E-02  5.9154E-01  5.3941E-02  1.0343E+00
 -1.0229E+00 -5.9999E-02  4.7757E-01  5.3541E-02  1.0577E+00
 -9.1783E-01  1.4598E-01 -6.4358E-01  5.3541E-02  1.0577E+00
 -4.6941E-01 -1.0265E-01  1.0232E+00  5.3541E-02  1.0577E+00
 -1.1145E+00 -1.5453E-01  1.0871E-01  5.3541E-02  1.0577E+00
  9.8019E-01 -2.9817E-02 -5.6236E-01  5.3541E-02  1.0577E+00
  1.5326E-02 -1.3892E-01  1.1218E+00  5.3541E-02  1.0577E+00
 -1.0719E+00 -7.8054E-03 -3.5896E-01  5.3541E-02  1.0577E+00
  1.4403E-01 -4.6712E-02 -1.1159E+00  5.3139E-02  1.0818E+00
  2.1699E-01  1.5479E-01 -1.0941E+00  5.3139E-02  1.0818E+00
  2.4584E-01 -8.2012E-02 -1.0959E+00  5.3139E-02  1.0818E+00
  1.0948E+00  1.1881E-01 -2.3530E-01  5.3139E-02  1.0818E+00
  8.2795E-01  1.1716E-01 -7.5428E-01  5.3139E-02  1.0818E+00
 -4.1526E-01 -1.6368E-01  1.0339E+00  5.3139E-02  1.0818E+00
  2.3699E-01 -8.3222E-02 -1.0934E+00  5.2736E-02  1.1068E+00
 -9.6668E-01  4.1357E-02 -5.6781E-01  5.2736E-02  1.1068E+00
  1.0243E-03 -8.8818E-02  1.1183E+00  5.2736E-02  1.1068E+00
  8.6902E-01  1.2073E-01  6.9241E-01  5.2331E-02  1.1327E+00
  1.0403E+00 -1.8269E-01  3.6565E-01  5.2331E-02  1.1327E+00
  6.3746E-01 -9.2293E-02 -9.1342E-01  5.2331E-02  1.1327E+00
 -8.2355E-01  6.9977E-02  7.5237E-01  5.2331E-02  1.1327E+00
  4.4758E-01  9.7030E-02 -1.0150E+00  5.1925E-02  1.1595E+00
 -2.5971E-01  1.3876E-01  1.0739E+00  5.1925E-02  1.1595E+00
 -9.1488E-01  2.1443E-02 -6.2731E-01  5.1516E-02  1.1873E+00
 -8.7780E-01 -1.8362E-01 -6.5324E-01  5.1516E-02  1.1873E+00
 -9.8369E-01 -5.0532E-02 -5.1066E-01  5.1516E-02  1.1873E+00
  7.7354E-01 -1.5828E-01  7.7946E-01  5.1516E-02  1.1873E+00
  3.2096E-01 -1.1654E-01 -1.0556E+00  5.1516E-02  1.1873E+00
 -9.8321E-01  2.0172E-02 -5.0499E-01  5.1106E-02  1.2161E+00
 -9.5537E-01  7.6705E-02 -5.5092E-01  5.1106E-02  1.2161E+00
 -8.4154E-01 -1.2161E-01 -6.9427E-01  5.0279E-02  1.2771E+00
 -7.8810E-01  1.0319E-01  7.5712E-01  5.0279E-02  1.2771E+00
  8.7441E-01 -4.2297E-02  6.5596E-01  4.9863E-02  1.3094E+00
 -1.0596E+00  1.5416E-01  2.2402E-01  4.9863E-02  1.3094E+00
 -1.0652E+00  1.6236E-01  1.8866E-01  4.9863E-02  1.3094E+00
 -2.0695E-01 -3.6546E-02  1.0735E+00  4.9863E-02  1.3094E+00
  2.0013E-01  1.5585E-01  1.0603E+00  4.9444E-02  1.3430E+00
  1.0761E+00  1.6834E-01 -4.6177E-02  4.9444E-02  1.3430E+00
  3.9717E-01  8.3320E-03 -1.0152E+00  4.9444E-02  1.3430E+00
 -7.8198E-01 -1.6297E-01 -7.3657E-01  4.9022E-02  1.3780E+00
  1.1015E-01 -2.8546E-02  1.0806E+00  4.9022E-02  1.3780E+00
 -6.0878E-01  2.7728E-03  8.9566E-01  4.8597E-02  1.4144E+00
 -1.0645E+00  1.1296E-01 -1.6370E-01  4.8597E-02  1.4144E+00
 -7.9965E-01  1.9412E-02 -7.3007E-01  4.8597E-02  1.4144E+00
 -1.6783E-01  1.6874E-01  1.0565E+00  4.8597E-02  1.4144E+00
 -1.0800E+00 -7.9851E-02  3.2595E-03  4.8597E-02  1.4144E+00
 -6.2163E-01  3.3293E-02  8.7766E-01  4.7739E-02  1.4920E+00
 -1.0496E+00 -1.1197E-01  2.0906E-01  4.7739E-02  1.4920E+00
  1.0642E+00  1.7301E-02 -1.5782E-01  4.7739E-02  1.4920E+00
 -6.7745E-01 -1.9738E-03  8.3598E-01  4.7739E-02  1.4920E+00
 -7.6408E-01 -1.1000E-01  7.4959E-01  4.7739E-02  1.4920E+00
  7.8540E-01 -1.3827E-01  7.2238E-01  4.7739E-02  1.4920E+00
 -7.3449E-01  1.0038E-01  7.7991E-01  4.7739E-02  1.4920E+00
  1.0609E+00 -1.2408E-01  1.2965E-01  4.7739E-02  1.4920E+00
  1.0678E+00 -7.9518E-02 -1.0644E-01  4.7739E-02  1.4920E+00
  5.6364E-01 -1.7918E-01 -8.9485E-01  4.7306E-02  1.5334E+00
  9.0705E-01  1.1185E-01  5.6154E-01  4.7306E-02  1.5334E+00
 -9.4936E-01 -3.7011E-02  4.9790E-01  4.7306E-02  1.5334E+00
  7.0042E-01 -9.0704E-02  8.0292E-01  4.6868E-02  1.5768E+00
  9.4117E-01 -1.1688E-01  4.9399E-01  4.6868E-02  1.5768E+00
  8.0676E-01 -1.4760E-01  6.8619E-01  4.6868E-02  1.5768E+00
  6.1406E-04  9.1583E-03 -1.0693E+00  4.6868E-02  1.5768E+00
 -1.0558E+00 -2.7658E-02  1.4566E-01  4.6427E-02  1.6222E+00
 -5.9343E-01 -1.2906E-01  8.7623E-01  4.6427E-02  1.6222E+00
  1.0295E+00 -4.7693E-02 -2.6007E-01  4.5982E-02  1.6697E+00
 -6.5330E-01  4.4317E-02  8.3733E-01  4.5982E-02  1.6697E+00
  6.2972E-01  6.7883E-02 -8.5365E-01  4.5982E-02  1.6697E+00
 -9.8280E-01  5.7215E-02 -4.0090E-01  4.5982E-02  1.6697E+00
 -1.1811E-01 -1.6731E-01 -1.0430E+00  4.5982E-02  1.6697E+00
  9.2668E-01 -1.7915E-01 -4.8220E-01  4.5533E-02  1.7196E+00
 -7.4255E-01  1.4794E-01 -7.3736E-01  4.5079E-02  1.7721E+00
 -5.4657E-01  1.4274E-01  8.9322E-01  4.5079E-02  1.7721E+00
  5.8844E-01 -7.7992E-02 -8.7443E-01  4.5079E-02  1.7721E+00
  6.2501E-01 -1.0629E-01 -8.4559E-01  4.5079E-02  1.7721E+00
  1.0497E+00  4.1244E-02 -1.1603E-01  4.5079E-02  1.7721E+00
  1.0373E+00 -4.8778E-02  1.8011E-01  4.4620E-02  1.8273E+00
 -5.7880E-01 -3.7873E-02  8.7995E-01  4.4620E-02  1.8273E+00
  4.8983E-01 -2.9059E-02  9.3273E-01  4.4620E-02  1.8273E+00
 -1.0472E+00 -2.8403E-02  1.1553E-01  4.4620E-02  1.8273E+00
 -1.8236E-01 -8.6497E-02  1.0315E+00  4.4156E-02  1.8855E+00
  9.7981E-01 -2.3238E-02 -3.7970E-01  4.4156E-02  1.8855E+00
  1.0179E+00 -1.1798E-01 -2.3389E-01  4.4156E-02  1.8855E+00
  9.6989E-01 -1.6322E-03 -4.0505E-01  4.4156E-02  1.8855E+00
  6.5823E-01  1.5689E-01 -8.0428E-01  4.4156E-02  1.8855E+00
 -1.0059E+00  1.0824E-01  2.7452E-01  4.3687E-02  1.9469E+00
 -8.3618E-01  1.6884E-01 -6.0926E-01  4.3687E-02  1.9469E+00
 -4.2758E-01  8.4674E-02 -9.5336E-01  4.3687E-02  1.9469E+00
  7.3196E-01 -1.7148E-01  7.2666E-01  4.3212E-02  2.0119E+00
 -1.0229E+00 -7.3160E-02 -2.0374E-01  4.3212E-02  2.0119E+00
 -3.3499E-01  9.2875E-02 -9.8329E-01  4.2730E-02  2.0806E+00
 -5.5312E-01  3.7684E-02 -8.8337E-01  4.2730E-02  2.0806E+00
 -9.9220E-01  5.2903E-02 -3.1692E-01  4.2730E-02  2.0806E+00
  1.0139E+00  9.5764E-02 -2.1244E-01  4.2242E-02  2.1536E+00
  1.5714E-01  1.5626E-01 -1.0165E+00  4.2242E-02  2.1536E+00
 -8.5429E-01 -7.3764E-02  5.8475E-01  4.1747E-02  2.2312E+00
  4.5959E-01 -6.7743E-03 -9.3055E-01  4.1747E-02  2.2312E+00
 -3.9416E-01  8.3549E-02  9.5648E-01  4.1747E-02  2.2312E+00
  8.9641E-01  1.1016E-01  5.1138E-01  4.1747E-02  2.2312E+00
  9.6335E-01  1.4782E-02  3.7939E-01  4.1244E-02  2.3138E+00
 -1.0331E+00 -7.0383E-02  1.0505E-03  4.1244E-02  2.3138E+00
  8.7347E-01 -5.2501E-03  5.5607E-01  4.1244E-02  2.3138E+00
 -5.3404E-01 -1.8223E-01  8.6821E-01  4.1244E-02  2.3138E+00
  9.9808E-01 -1.7809E-01 -1.9871E-01  4.0733E-02  2.4020E+00
 -1.0147E+00 -3.7555E-02  1.9076E-01  4.0733E-02  2.4020E+00
 -9.0902E-01 -1.3289E-01  4.7264E-01  4.0733E-02  2.4020E+00
 -8.1989E-01  1.0556E-01  6.1592E-01  4.0213E-02  2.4964E+00
  9.4365E-01 -1.4139E-01  3.9018E-01  4.0213E-02  2.4964E+00
 -7.8529E-01  2.8695E-02 -6.6723E-01  4.0213E-02  2.4964E+00
  9.3128E-01 -2.5466E-02  4.4134E-01  4.0213E-02  2.4964E+00
  3.2187E-01  1.0294E-01 -9.7392E-01  4.0213E-02  2.4964E+00
  9.5919E-01 -3.4970E-02 -3.7006E-01  3.9683E-02  2.5977E+00
 -1.0023E+00 -1.0655E-01 -2.0565E-01  3.9683E-02  2.5977E+00
 -3.8654E-01 -2.6570E-02 -9.5068E-01  3.9143E-02  2.7067E+00
  4.7717E-01 -5.8995E-02 -9.0704E-01  3.9143E-02  2.7067E+00
 -5.8763E-01  1.4717E-01  8.2631E-01  3.8592E-02  2.8243E+00
 -2.0226E-01 -6.0056E-02 -1.0026E+00  3.8592E-02  2.8243E+00
  9.4539E-01  9.2751E-02 -3.8391E-01  3.8592E-02  2.8243E+00
  6.6964E-01 -2.3851E-02 -7.7251E-01  3.8029E-02  2.9517E+00
 -6.6624E-02 -1.5608E-01  1.0084E+00  3.8029E-02  2.9517E+00
 -8.6131E-01 -1.9591E-02  5.5094E-01  3.8029E-02  2.9517E+00
  9.7825E-01 -1.0852E-01  2.7753E-01  3.8029E-02  2.9517E+00
 -4.2179E-01 -1.3471E-01  9.1972E-01  3.7452E-02  3.0900E+00
  1.0127E+00  1.2080E-01 -4.3524E-02  3.7452E-02  3.0900E+00
  1.6375E-01 -1.1854E-01 -9.9872E-01  3.6862E-02  3.2409E+00
  6.9761E-01  7.3380E-02  7.3909E-01  3.6862E-02  3.2409E+00
  8.0251E-03  1.0793E-01 -1.0115E+00  3.6256E-02  3.4062E+00
  5.8342E-01 -1.6886E-01  8.1605E-01  3.6256E-02  3.4062E+00
 -1.4473E-01  1.0486E-01 -1.0014E+00  3.6256E-02  3.4062E+00
 -9.6920E-01  9.1394E-02 -2.9517E-01  3.6256E-02  3.4062E+00
  2.5669E-01 -7.9114E-03  9.8263E-01  3.5633E-02  3.5880E+00
  6.7974E-01 -5.0805E-02 -7.5291E-01  3.5633E-02  3.5880E+00
 -9.6443E-01 -1.7672E-02  3.1291E-01  3.4991E-02  3.7890E+00
  4.3517E-01  9.3282E-02 -9.0956E-01  3.4329E-02  4.0125E+00
 -9.3592E-01 -6.7226E-02  3.8067E-01  3.4329E-02  4.0125E+00
 -1.3231E-01  1.4950E-01 -9.9274E-01  3.4329E-02  4.0125E+00
 -7.6024E-01 -5.9051E-02  6.6628E-01  3.4329E-02  4.0125E+00
 -7.3301E-01 -4.3182E-02  6.9729E-01  3.4329E-02  4.0125E+00
  9.6989E-01 -2.6039E-02  2.8987E-01  3.4329E-02  4.0125E+00
 -7.4685E-01 -2.6550E-02 -6.8329E-01  3.4329E-02  4.0125E+00
  3.7690E-01 -1.5080E-01  9.2616E-01  3.3644E-02  4.2626E+00
  8.7659E-01 -9.0036E-02  4.9603E-01  3.3644E-02  4.2626E+00
 -6.6199E-01 -4.0432E-02 -7.6335E-01  3.3644E-02  4.2626E+00
 -1.3642E-01 -1.2381E-01  9.9430E-01  3.3644E-02  4.2626E+00
  3.0412E-01 -1.2027E-01  9.5688E-01  3.3644E-02  4.2626E+00
 -8.3785E-02 -1.3057E-02  1.0077E+00  3.3644E-02  4.2626E+00
  6.5016E-01 -7.6942E-02 -7.6895E-01  3.2934E-02  4.5444E+00
 -6.8940E-02  1.1639E-01 -9.9957E-01  3.2195E-02  4.8645E+00
  7.3128E-01 -1.3956E-01 -6.8058E-01  3.2195E-02  4.8645E+00
  5.9920E-01 -1.5358E-01  7.9675E-01  3.2195E-02  4.8645E+00
  9.4069E-02 -1.1432E-01 -9.9776E-01  3.2195E-02  4.8645E+00
  8.2621E-01 -6.9686E-02 -5.7442E-01  3.2195E-02  4.8645E+00
  6.7641E-01 -8.8149E-03 -7.4822E-01  3.2195E-02  4.8645E+00
  1.3603E-01 -1.2004E-01  9.9106E-01  3.1425E-02  5.2312E+00
 -1.0057E+00 -3.6711E-02 -1.3967E-02  3.0618E-02  5.6557E+00
 -9.8660E-01 -8.7970E-03 -1.9876E-01  3.0618E-02  5.6557E+00
 -9.6146E-01 -1.3600E-01  2.6471E-01  3.0618E-02  5.6557E+00
 -6.1744E-01  6.1114E-02  7.9247E-01  3.0618E-02  5.6557E+00
 -8.1086E-01 -7.3403E-02  5.9168E-01  3.0618E-02  5.6557E+00
  4.2872E-01  1.0207E-01  9.0375E-01  2.9770E-02  6.1530E+00
 -7.6210E-01 -6.4287E-02  6.5273E-01  2.9770E-02  6.1530E+00
 -7.1844E-01 -1.0835E-01  6.9373E-01  2.8874E-02  6.7438E+00
  9.6045E-01 -1.7152E-01  2.3934E-01  2.8874E-02  6.7438E+00
  8.3828E-01 -2.7782E-02  5.5139E-01  2.7921E-02  7.4574E+00
  9.9145E-01  1.5577E-01  1.6519E-02  2.7921E-02  7.4574E+00
  5.6579E-01 -1.1675E-01  8.2083E-01  2.7921E-02  7.4574E+00
  2.3702E-02  1.2814E-01  9.9525E-01  2.7921E-02  7.4574E+00
  2.3780E-02  4.2339E-02  1.0012E+00  2.5804E-02  9.4481E+00
  6.5373E-02  1.6624E-01 -9.8630E-01  2.5804E-02  9.4481E+00
 -9.4256E-01  5.2772E-03 -3.4094E-01  2.5804E-02  9.4481E+00
 -2.4861E-01 -1.7053E-01  9.5533E-01  2.4606E-02  1.0897E+01
 -9.7083E-01  2.1828E-02  2.4608E-01  2.4606E-02  1.0897E+01
 -8.0431E-01 -6.3521E-02  5.9379E-01  2.4606E-02  1.0897E+01
  5.1851E-01 -9.1904E-02 -8.5219E-01  2.4606E-02  1.0897E+01
 -6.2500E-01 -1.8416E-01 -7.6092E-01  2.4606E-02  1.0897E+01
  7.1283E-01 -6.2603E-02  7.0035E-01  2.3280E-02  1.2866E+01
  9.3157E-01 -1.6685E-01  3.2694E-01  2.3280E-02  1.2866E+01
 -9.1758E-01 -2.0958E-02  3.9915E-01  2.1787E-02  1.5696E+01
  4.7701E-01  1.5850E-01 -8.6548E-01  2.1787E-02  1.5696E+01
  6.4084E-01 -9.5330E-02  7.6241E-01  2.0058E-02  2.0115E+01
  7.0222E-01 -1.0729E-02 -7.1261E-01  2.0058E-02  2.0115E+01
 -3.1136E-01 -1.2570E-01 -9.4250E-01  2.0058E-02  2.0115E+01
  1.9775E-01 -5.8365E-03 -9.8077E-01  2.0058E-02  2.0115E+01
  8.2965E-01  1.8367E-01  5.2820E-01  2.0058E-02  2.0115E+01
 -2.2355E-01  1.7566E-01 -9.5902E-01  1.7969E-02  2.7981E+01
  4.5079E-01  1.2449E-01 -8.8421E-01  1.7969E-02  2.7981E+01
 -8.2879E-01  1.8337E-01  5.2917E-01  1.7969E-02  2.7981E+01
  4.2187E-01 -5.7419E-02 -9.0513E-01  1.7969E-02  2.7981E+01
