0.14996571428572D+02       600
(x,y,z) position of the X-ray source
  0.5562E+00 -0.8959E-01 -0.1710E+01
x | y | z | R | rho
  1.3014E+00 -2.6851E-01  9.8199E+00  3.2049E-01  4.9312E-03
 -3.7983E-01 -4.1656E-02  9.7804E+00  3.1779E-01  5.0579E-03
 -1.3165E+00  6.3330E-02  9.4292E+00  3.1182E-01  5.3541E-03
 -2.7551E-01 -1.8471E-01  9.0668E+00  3.0167E-01  5.9131E-03
  1.8048E+00  1.5052E-01  8.7299E+00  2.9807E-01  6.1300E-03
 -7.4404E-01  4.1778E-02  8.8119E+00  2.9640E-01  6.2341E-03
 -1.8647E-01 -2.5584E-01  8.8256E+00  2.9612E-01  6.2517E-03
 -5.2910E-02 -3.7354E-01  8.7628E+00  2.9473E-01  6.3408E-03
 -1.8319E+00  3.8233E-01  8.3714E+00  2.9025E-01  6.6388E-03
 -7.8372E-02  1.1813E-01  8.5528E+00  2.8969E-01  6.6775E-03
  9.9273E-01 -3.2830E-01  8.4777E+00  2.8941E-01  6.6969E-03
  1.2157E+00  1.0212E-01  8.4057E+00  2.8828E-01  6.7756E-03
  1.8606E+00 -2.8555E-02  7.8187E+00  2.7750E-01  7.5963E-03
 -6.7529E-02  2.7131E-01  7.7206E+00  2.7003E-01  8.2447E-03
 -1.4969E+00 -3.4266E-01  6.9500E+00  2.5512E-01  9.7757E-03
 -7.2193E-01 -6.2808E-02  7.0329E+00  2.5394E-01  9.9130E-03
  2.0278E+00  2.2411E-01  6.6826E+00  2.5186E-01  1.0160E-02
 -6.5900E-02 -1.6745E-01  6.8780E+00  2.4919E-01  1.0491E-02
  5.4526E-02 -1.9760E-02  6.7617E+00  2.4620E-01  1.0878E-02
  1.0231E+00  2.5352E-01  6.6673E+00  2.4590E-01  1.0918E-02
 -7.8988E-01 -6.2322E-02  6.6082E+00  2.4349E-01  1.1245E-02
 -1.8834E+00 -2.1397E-01  6.1950E+00  2.3896E-01  1.1896E-02
  1.6968E+00  9.8142E-02  6.1905E+00  2.3745E-01  1.2126E-02
 -1.7618E+00  8.8621E-02  6.0745E+00  2.3501E-01  1.2507E-02
  1.3778E+00  5.1160E-02  6.1372E+00  2.3410E-01  1.2654E-02
  1.7336E+00  2.3380E-01  5.9686E+00  2.3226E-01  1.2956E-02
 -6.0624E-01  7.0794E-03  6.1429E+00  2.3103E-01  1.3164E-02
  6.4425E-01 -1.7993E-01  6.1010E+00  2.3011E-01  1.3322E-02
  1.8445E+00 -1.2988E-01  5.6556E+00  2.2518E-01  1.4218E-02
 -5.9302E-01  2.4421E-01  5.8920E+00  2.2456E-01  1.4336E-02
  1.0086E+00 -4.9547E-02  5.6151E+00  2.1863E-01  1.5533E-02
 -1.6026E+00  1.4753E-01  5.3158E+00  2.1455E-01  1.6437E-02
 -6.4474E-01  2.6116E-01  5.3468E+00  2.1012E-01  1.7499E-02
  2.5796E-01 -6.2846E-02  5.3274E+00  2.0853E-01  1.7903E-02
 -1.8523E+00  8.6888E-02  5.0013E+00  2.0853E-01  1.7903E-02
  6.9134E-01  1.1683E-02  5.2076E+00  2.0629E-01  1.8490E-02
  1.0132E+00  2.2073E-01  5.1028E+00  2.0501E-01  1.8839E-02
 -1.1453E+00 -1.3436E-01  4.8066E+00  1.9760E-01  2.1040E-02
  7.0802E-01 -2.2166E-01  4.8638E+00  1.9695E-01  2.1249E-02
  2.4602E-02  1.8251E-01  4.9167E+00  1.9695E-01  2.1249E-02
 -6.6393E-01 -2.8649E-01  4.7973E+00  1.9500E-01  2.1894E-02
  5.5103E-01 -2.2409E-01  4.8149E+00  1.9500E-01  2.1894E-02
 -1.7315E+00 -6.9624E-02  4.4336E+00  1.9238E-01  2.2798E-02
 -7.3875E-01  6.8420E-02  4.5984E+00  1.8943E-01  2.3881E-02
  1.6591E+00  1.8998E-01  4.2022E+00  1.8547E-01  2.5444E-02
 -1.8916E+00  1.7449E-02  4.0947E+00  1.8514E-01  2.5581E-02
 -1.7231E+00  2.0046E-01  4.1269E+00  1.8414E-01  2.5998E-02
 -3.3490E-01  1.0164E-01  4.4403E+00  1.8348E-01  2.6281E-02
  2.7755E-01  5.4379E-03  4.3889E+00  1.8181E-01  2.7010E-02
 -9.1918E-03  1.2934E-01  4.3395E+00  1.8014E-01  2.7768E-02
 -1.2144E+00  2.7413E-02  4.1563E+00  1.7981E-01  2.7923E-02
  1.1669E+00  1.5098E-01  4.0156E+00  1.7544E-01  3.0060E-02
 -1.5679E+00 -6.8858E-02  3.8307E+00  1.7409E-01  3.0764E-02
  6.4592E-01  6.2525E-02  3.9645E+00  1.7037E-01  3.2829E-02
  9.6785E-02  8.8433E-02  3.9818E+00  1.6934E-01  3.3426E-02
  5.8493E-01  8.4338E-02  3.6609E+00  1.6076E-01  3.9070E-02
 -6.6209E-01  2.2940E-01  3.6192E+00  1.6007E-01  3.9579E-02
  7.4092E-01  1.0344E-01  3.5874E+00  1.5938E-01  4.0097E-02
  2.8092E-01 -7.8040E-02  3.6200E+00  1.5834E-01  4.0893E-02
  1.2826E+00 -1.6158E-01  3.3822E+00  1.5799E-01  4.1163E-02
  2.7861E-01  2.0147E-01  3.5717E+00  1.5695E-01  4.1990E-02
  1.9301E+00 -2.7663E-03  3.0119E+00  1.5660E-01  4.2270E-02
 -5.8416E-02  7.7955E-02  3.3811E+00  1.5030E-01  4.7815E-02
  1.0397E+00 -1.7259E-01  3.1463E+00  1.4818E-01  4.9893E-02
 -1.6768E+00 -1.9490E-01  2.8442E+00  1.4783E-01  5.0252E-02
 -8.8875E-01 -2.0273E-01  3.1348E+00  1.4641E-01  5.1724E-02
  3.9559E-01 -1.6690E-01  3.2363E+00  1.4641E-01  5.1724E-02
 -1.3931E+00 -2.1847E-01  2.8734E+00  1.4428E-01  5.4049E-02
 -5.1537E-01  2.1896E-01  3.1514E+00  1.4428E-01  5.4049E-02
  3.6498E-01 -7.9431E-02  3.1575E+00  1.4357E-01  5.4857E-02
 -3.9147E-01 -6.1950E-02  3.1120E+00  1.4214E-01  5.6525E-02
  1.5377E+00 -2.0173E-01  2.6782E+00  1.4071E-01  5.8265E-02
 -9.3570E-01  1.7328E-02  2.9500E+00  1.4071E-01  5.8265E-02
 -1.3416E+00  3.6493E-02  2.7419E+00  1.3928E-01  6.0082E-02
 -1.9105E+00  2.0427E-01  2.3722E+00  1.3928E-01  6.0082E-02
 -8.5931E-01 -2.7141E-02  2.7547E+00  1.3351E-01  6.8205E-02
 -1.2035E+00  2.9659E-02  2.6227E+00  1.3351E-01  6.8205E-02
  1.6038E+00 -8.7436E-02  2.3725E+00  1.3279E-01  6.9327E-02
  1.1897E+00 -2.6641E-02  2.5835E+00  1.3207E-01  7.0476E-02
 -1.6211E+00 -1.5156E-01  2.2945E+00  1.3098E-01  7.2249E-02
 -1.2320E+00 -1.7394E-01  2.5234E+00  1.3098E-01  7.2249E-02
  9.4422E-01 -8.8280E-02  2.6270E+00  1.3025E-01  7.3466E-02
 -2.9100E-01  4.5097E-02  2.6951E+00  1.2733E-01  7.8631E-02
 -1.4132E+00 -1.2489E-01  2.2625E+00  1.2587E-01  8.1405E-02
  1.3564E+00 -8.3192E-02  2.2635E+00  1.2477E-01  8.3577E-02
 -1.9097E+00  1.2234E-01 -1.7599E+00  1.2330E-01  8.6599E-02
 -1.8794E+00 -7.0124E-02  1.7804E+00  1.2293E-01  8.7378E-02
  1.5515E+00 -9.9796E-02  1.9576E+00  1.1961E-01  9.4853E-02
 -5.4623E-01 -6.5552E-02  2.4284E+00  1.1925E-01  9.5738E-02
 -6.6763E-01 -1.3553E-01  2.3743E+00  1.1851E-01  9.7542E-02
  1.3778E+00  7.1801E-02  2.0370E+00  1.1814E-01  9.8461E-02
 -1.1560E+00  1.4200E-01  2.1671E+00  1.1814E-01  9.8461E-02
  8.8294E-01 -2.9225E-02  2.2962E+00  1.1814E-01  9.8461E-02
  1.2244E+00 -1.8319E-01  2.1261E+00  1.1814E-01  9.8461E-02
  1.8496E+00 -1.4218E-01 -1.5555E+00  1.1665E-01  1.0226E-01
 -6.3576E-01 -6.7523E-02  2.3349E+00  1.1665E-01  1.0226E-01
 -1.1029E+00 -5.7105E-02  2.0882E+00  1.1442E-01  1.0836E-01
  1.4529E+00 -1.4651E-01  1.8320E+00  1.1368E-01  1.1050E-01
 -1.9077E+00 -7.3023E-02 -1.3411E+00  1.1331E-01  1.1159E-01
  1.1291E+00  4.8466E-02  2.0411E+00  1.1331E-01  1.1159E-01
 -1.8604E+00  1.3802E-01 -1.4010E+00  1.1331E-01  1.1159E-01
 -1.7587E+00  1.6920E-02 -1.5182E+00  1.1293E-01  1.1270E-01
  1.4566E+00  1.9183E-01 -1.7874E+00  1.1256E-01  1.1382E-01
 -1.7290E+00  1.7487E-01 -1.5275E+00  1.1256E-01  1.1382E-01
 -1.5593E+00 -1.7911E-01 -1.6736E+00  1.1182E-01  1.1612E-01
  1.4873E+00 -1.8343E-01  1.7248E+00  1.1144E-01  1.1729E-01
 -1.0134E-01  1.7315E-01  2.2663E+00  1.1107E-01  1.1847E-01
 -1.5453E+00 -3.8293E-02  1.6564E+00  1.1070E-01  1.1968E-01
 -1.3581E+00 -3.5705E-02 -1.8012E+00  1.1032E-01  1.2090E-01
  1.5121E+00 -7.5005E-02 -1.6597E+00  1.0995E-01  1.2214E-01
  1.5722E+00  1.8147E-01  1.5944E+00  1.0995E-01  1.2214E-01
  1.8691E+00  2.0243E-01  1.1946E+00  1.0920E-01  1.2466E-01
  1.8467E+00  9.0445E-02  1.2250E+00  1.0882E-01  1.2596E-01
 -4.8472E-01 -1.5746E-01  2.1488E+00  1.0845E-01  1.2727E-01
 -1.6572E+00  1.3543E-01  1.4390E+00  1.0808E-01  1.2859E-01
  5.7576E-01 -1.0096E-01  2.1198E+00  1.0808E-01  1.2859E-01
 -8.1833E-01 -8.8212E-02  2.0391E+00  1.0808E-01  1.2859E-01
  6.2897E-01  1.3999E-01  2.1024E+00  1.0808E-01  1.2859E-01
  1.8824E+00  2.0059E-01  1.1001E+00  1.0770E-01  1.2994E-01
 -1.7950E+00  5.0983E-02  1.2027E+00  1.0658E-01  1.3410E-01
 -1.7312E+00 -5.9597E-02  1.2924E+00  1.0658E-01  1.3410E-01
  2.8402E-01 -6.4276E-02  2.1321E+00  1.0620E-01  1.3553E-01
  9.9051E-01  1.8501E-01  1.8907E+00  1.0582E-01  1.3698E-01
 -1.5424E+00 -1.2988E-01 -1.4814E+00  1.0582E-01  1.3698E-01
 -1.4036E+00  8.7798E-02 -1.6039E+00  1.0545E-01  1.3845E-01
  4.6454E-01  1.3143E-01  2.0300E+00  1.0357E-01  1.4613E-01
 -8.9710E-01  4.5419E-02 -1.8732E+00  1.0319E-01  1.4773E-01
 -1.3571E+00  1.3895E-01 -1.5176E+00  1.0168E-01  1.5440E-01
  1.3693E+00 -1.2493E-01  1.5079E+00  1.0168E-01  1.5440E-01
  9.5740E-01  2.4878E-02  1.8019E+00  1.0168E-01  1.5440E-01
 -9.1438E-01 -2.0707E-02 -1.7731E+00  9.9797E-02  1.6332E-01
  5.6810E-03  6.8161E-02  1.9669E+00  9.8663E-02  1.6902E-01
  1.4677E+00  1.3876E-01 -1.2766E+00  9.7907E-02  1.7297E-01
 -1.5049E+00 -9.6305E-02  1.2365E+00  9.7907E-02  1.7297E-01
  5.2446E-01  7.4034E-02  1.8768E+00  9.7907E-02  1.7297E-01
 -9.2885E-01  4.1717E-02  1.7040E+00  9.7529E-02  1.7499E-01
 -1.8058E+00 -1.8524E-01  6.6205E-01  9.7150E-02  1.7704E-01
 -1.3269E+00 -1.1279E-01 -1.4001E+00  9.7150E-02  1.7704E-01
 -1.5380E+00 -5.2181E-02 -1.1538E+00  9.6772E-02  1.7912E-01
 -1.8869E+00  1.4750E-01 -2.2197E-01  9.6015E-02  1.8340E-01
 -1.5939E+00  4.8250E-02  1.0434E+00  9.6015E-02  1.8340E-01
 -1.8951E+00  4.0590E-02  1.9659E-01  9.6015E-02  1.8340E-01
 -1.8836E+00 -4.2025E-02 -2.1943E-01  9.5636E-02  1.8558E-01
 -2.7163E-01  1.0400E-01  1.8655E+00  9.5257E-02  1.8781E-01
  1.8799E+00 -1.3660E-01  1.0889E-01  9.5257E-02  1.8781E-01
 -1.8668E+00  4.9324E-02  2.1077E-01  9.4878E-02  1.9007E-01
  5.3920E-01  9.2968E-02  1.7887E+00  9.4499E-02  1.9236E-01
  1.4209E+00  5.2853E-02  1.2153E+00  9.4499E-02  1.9236E-01
 -5.8943E-01  7.5875E-03  1.7752E+00  9.4499E-02  1.9236E-01
  1.2688E+00  2.1508E-02  1.3743E+00  9.4499E-02  1.9236E-01
 -1.5062E+00 -1.1572E-01  1.0882E+00  9.4120E-02  1.9470E-01
 -6.6549E-01  1.3103E-01 -1.7338E+00  9.4120E-02  1.9470E-01
  8.3775E-01  1.8616E-01 -1.6424E+00  9.3741E-02  1.9707E-01
 -1.9527E-01  1.8064E-02  1.8339E+00  9.3361E-02  1.9948E-01
 -1.6826E-01  1.1087E-01  1.8333E+00  9.3361E-02  1.9948E-01
  1.0446E+00  1.3059E-01  1.5038E+00  9.2982E-02  2.0193E-01
  1.7417E+00  4.5766E-02 -5.5025E-01  9.2603E-02  2.0443E-01
 -6.9044E-01  1.3594E-01  1.6861E+00  9.2603E-02  2.0443E-01
 -1.8044E+00  1.3911E-01 -1.7802E-01  9.2223E-02  2.0696E-01
 -9.1848E-01  6.1278E-03  1.5695E+00  9.2223E-02  2.0696E-01
 -1.8119E+00  1.2870E-01 -8.6186E-02  9.2223E-02  2.0696E-01
 -3.7724E-01  1.3162E-02  1.7701E+00  9.1844E-02  2.0954E-01
 -1.6978E+00  1.6194E-01  5.7968E-01  9.1464E-02  2.1216E-01
 -1.7019E+00  1.7124E-01 -5.6489E-01  9.1464E-02  2.1216E-01
  4.9109E-01  4.2314E-02 -1.7326E+00  9.1464E-02  2.1216E-01
 -1.7441E+00 -9.9691E-02 -4.0295E-01  9.1084E-02  2.1482E-01
  1.7235E+00 -6.1201E-02  4.5764E-01  9.0704E-02  2.1753E-01
  6.6511E-01  9.6528E-02  1.6529E+00  9.0704E-02  2.1753E-01
  1.3430E+00 -1.2205E-01 -1.1554E+00  9.0325E-02  2.2029E-01
  1.5288E+00  1.1821E-02  9.0339E-01  9.0325E-02  2.2029E-01
  4.9832E-01 -1.7504E-01  1.6954E+00  9.0325E-02  2.2029E-01
  1.3964E+00 -2.4099E-02  1.0968E+00  9.0325E-02  2.2029E-01
 -1.3675E+00 -1.3185E-01 -1.1117E+00  8.9945E-02  2.2309E-01
 -1.6237E+00 -1.3713E-01  6.8426E-01  8.9945E-02  2.2309E-01
  1.6517E+00  5.0576E-02  6.2682E-01  8.9945E-02  2.2309E-01
  5.6801E-01 -7.7850E-02 -1.6718E+00  8.9945E-02  2.2309E-01
  1.0054E+00  5.3921E-02 -1.4525E+00  8.9945E-02  2.2309E-01
 -8.2459E-01  5.2636E-02  1.5527E+00  8.9565E-02  2.2594E-01
 -1.6371E+00  6.0093E-02 -6.1679E-01  8.9185E-02  2.2884E-01
  1.7321E+00 -1.3362E-01 -2.1496E-01  8.9185E-02  2.2884E-01
  2.7089E-01 -1.5401E-01 -1.7140E+00  8.8805E-02  2.3179E-01
 -2.3557E-01 -1.2058E-01 -1.7219E+00  8.8805E-02  2.3179E-01
 -1.0969E+00 -3.2008E-02 -1.3531E+00  8.8805E-02  2.3179E-01
  1.5542E+00 -1.1900E-01 -7.5901E-01  8.8425E-02  2.3479E-01
 -9.8401E-01 -1.3700E-02  1.4274E+00  8.8425E-02  2.3479E-01
 -3.0714E-01 -1.6930E-01  1.6894E+00  8.8044E-02  2.3785E-01
 -5.2993E-01  1.7269E-01  1.6329E+00  8.8044E-02  2.3785E-01
 -2.7894E-01 -3.6806E-02 -1.6939E+00  8.7664E-02  2.4095E-01
 -6.0756E-01 -1.4893E-02  1.6060E+00  8.7664E-02  2.4095E-01
  1.0463E-01 -6.0245E-02 -1.7046E+00  8.7284E-02  2.4412E-01
 -5.1780E-01  1.0035E-01  1.6254E+00  8.7284E-02  2.4412E-01
  7.3015E-01 -5.9164E-02 -1.5439E+00  8.7284E-02  2.4412E-01
 -6.4425E-01  1.4019E-01 -1.5676E+00  8.6904E-02  2.4734E-01
  1.4588E+00 -1.7103E-01  8.5713E-01  8.6904E-02  2.4734E-01
 -1.7543E-01  1.6654E-01  1.6833E+00  8.6904E-02  2.4734E-01
  5.2744E-01  1.2106E-01 -1.6122E+00  8.6904E-02  2.4734E-01
 -9.0680E-01  9.8786E-02 -1.4158E+00  8.6143E-02  2.5395E-01
 -6.7246E-01 -1.0100E-01  1.5409E+00  8.6143E-02  2.5395E-01
  1.4005E+00  1.4978E-01  9.0859E-01  8.5763E-02  2.5734E-01
 -1.4746E+00 -1.0129E-01  7.9021E-01  8.5763E-02  2.5734E-01
 -7.4478E-01 -8.6186E-02 -1.4990E+00  8.5763E-02  2.5734E-01
 -1.4273E+00 -1.4292E-01  8.6691E-01  8.5763E-02  2.5734E-01
 -1.2056E+00  1.0630E-02 -1.1643E+00  8.5763E-02  2.5734E-01
  4.2866E-01  1.2905E-01  1.6152E+00  8.5763E-02  2.5734E-01
 -1.6675E+00 -2.2143E-02 -3.1474E-02  8.5382E-02  2.6079E-01
 -1.6184E+00 -5.2541E-02  3.6512E-01  8.5002E-02  2.6431E-01
  1.3942E+00 -8.2580E-02  8.9687E-01  8.5002E-02  2.6431E-01
  6.9200E-01 -7.9319E-03  1.4998E+00  8.4622E-02  2.6789E-01
  8.0018E-01  1.6376E-01 -1.4357E+00  8.4622E-02  2.6789E-01
 -9.0033E-01  1.5016E-02 -1.3752E+00  8.4241E-02  2.7154E-01
 -5.0360E-01  6.5516E-02 -1.5633E+00  8.4241E-02  2.7154E-01
 -1.3837E+00 -2.1440E-02 -8.8700E-01  8.4241E-02  2.7154E-01
 -1.4845E+00  1.4984E-01  6.7048E-01  8.3861E-02  2.7525E-01
 -1.5650E+00  3.3549E-02  4.7458E-01  8.3861E-02  2.7525E-01
 -1.3753E+00 -1.6414E-03  8.7081E-01  8.3480E-02  2.7903E-01
 -1.0812E+00 -1.8402E-01 -1.2029E+00  8.3480E-02  2.7903E-01
 -6.2167E-01  1.1622E-01 -1.4913E+00  8.3100E-02  2.8288E-01
 -1.2553E+00 -7.6170E-02  1.0209E+00  8.3100E-02  2.8288E-01
 -9.4745E-01 -2.4008E-02 -1.3136E+00  8.3100E-02  2.8288E-01
  4.6637E-01 -1.2222E-01  1.5464E+00  8.3100E-02  2.8288E-01
  1.6103E+00  1.5104E-01  8.8391E-02  8.3100E-02  2.8288E-01
  1.6053E+00 -1.0105E-01  1.0597E-01  8.2719E-02  2.8681E-01
  1.5908E+00 -1.0493E-01  2.3805E-01  8.2719E-02  2.8681E-01
 -1.5796E+00  1.8062E-01 -2.1241E-01  8.2338E-02  2.9080E-01
 -7.5394E-01 -5.0798E-02  1.4149E+00  8.2338E-02  2.9080E-01
  1.5919E+00  8.9723E-02  7.5915E-02  8.1958E-02  2.9487E-01
 -1.2688E+00 -8.8586E-03  9.6842E-01  8.1958E-02  2.9487E-01
  5.8473E-01  1.6279E-02  1.4851E+00  8.1958E-02  2.9487E-01
 -9.3857E-01  8.6120E-02  1.2882E+00  8.1958E-02  2.9487E-01
  7.6525E-01 -1.7451E-02  1.3918E+00  8.1577E-02  2.9902E-01
  3.5046E-01  1.7876E-02  1.5491E+00  8.1577E-02  2.9902E-01
 -1.3070E+00 -5.2494E-02 -8.8728E-01  8.1197E-02  3.0324E-01
  1.0268E+00 -1.1156E-01  1.1964E+00  8.1197E-02  3.0324E-01
 -5.1768E-01  2.2259E-02 -1.4850E+00  8.0816E-02  3.0755E-01
  1.5539E+00  2.8075E-02 -2.4172E-01  8.0816E-02  3.0755E-01
 -1.5018E+00 -4.6870E-02  4.3814E-01  8.0435E-02  3.1193E-01
 -3.3306E-01 -3.9105E-02  1.5131E+00  7.9674E-02  3.2096E-01
  8.7874E-01  3.1775E-02 -1.2669E+00  7.9293E-02  3.2561E-01
 -3.1991E-01  5.3121E-02  1.5077E+00  7.9293E-02  3.2561E-01
 -3.6903E-01  1.3982E-01  1.4908E+00  7.9293E-02  3.2561E-01
  1.1318E+00 -1.6134E-02 -1.0474E+00  7.9293E-02  3.2561E-01
  8.8378E-01  4.4969E-02 -1.2630E+00  7.9293E-02  3.2561E-01
  1.1053E+00 -5.0550E-02 -1.0634E+00  7.8913E-02  3.3034E-01
  8.8974E-01  5.7528E-02 -1.2490E+00  7.8913E-02  3.3034E-01
 -1.5146E+00 -6.0319E-02 -2.3919E-01  7.8913E-02  3.3034E-01
  4.9154E-01  4.2885E-02 -1.4451E+00  7.8532E-02  3.3517E-01
 -1.5127E+00  7.6503E-02  1.9381E-01  7.8532E-02  3.3517E-01
 -9.4404E-01 -7.3470E-02 -1.1884E+00  7.8152E-02  3.4009E-01
 -2.7464E-01 -3.1505E-02  1.4942E+00  7.8152E-02  3.4009E-01
  5.2148E-01  1.7900E-01 -1.4160E+00  7.8152E-02  3.4009E-01
  6.6139E-01 -1.5288E-01 -1.3511E+00  7.7771E-02  3.4511E-01
  1.1983E+00 -5.2697E-02 -9.2069E-01  7.7771E-02  3.4511E-01
  5.9123E-01  2.9566E-03  1.3917E+00  7.7771E-02  3.4511E-01
  1.2845E+00  1.1216E-02 -7.6917E-01  7.7010E-02  3.5544E-01
  1.1484E+00 -5.9964E-02 -9.5868E-01  7.7010E-02  3.5544E-01
  9.1616E-01 -3.7373E-02  1.1836E+00  7.7010E-02  3.5544E-01
 -1.1610E+00 -1.3158E-01  9.3608E-01  7.7010E-02  3.5544E-01
  1.4394E+00 -3.5061E-03 -4.1210E-01  7.7010E-02  3.5544E-01
 -8.9121E-01 -6.5087E-02 -1.2013E+00  7.7010E-02  3.5544E-01
 -1.4132E+00  8.5421E-02  4.3960E-01  7.6248E-02  3.6619E-01
  3.4880E-01  1.3894E-01  1.4342E+00  7.6248E-02  3.6619E-01
  2.2415E-01 -1.8219E-03  1.4655E+00  7.6248E-02  3.6619E-01
  1.4628E+00  9.9452E-02 -2.1955E-01  7.6248E-02  3.6619E-01
  7.5276E-01  5.5519E-02  1.2760E+00  7.6248E-02  3.6619E-01
 -1.3059E+00  1.8348E-01  6.7740E-01  7.6248E-02  3.6619E-01
  1.4281E+00 -8.7568E-02 -3.8805E-01  7.6248E-02  3.6619E-01
 -1.1648E+00  1.2821E-01 -8.9607E-01  7.5868E-02  3.7173E-01
 -1.2748E+00  1.2821E-02 -7.4233E-01  7.5868E-02  3.7173E-01
 -1.4396E+00  1.8076E-01 -2.2324E-01  7.5487E-02  3.7739E-01
  6.9022E-01 -1.4678E-01  1.2872E+00  7.5487E-02  3.7739E-01
  7.9056E-01 -1.6103E-01 -1.2264E+00  7.5487E-02  3.7739E-01
 -9.6806E-01  3.5755E-02  1.1029E+00  7.5487E-02  3.7739E-01
  1.1274E-01  1.3877E-01 -1.4570E+00  7.5487E-02  3.7739E-01
  1.1885E+00  7.6050E-02 -8.5820E-01  7.5487E-02  3.7739E-01
  1.1314E+00 -7.6673E-02 -9.2076E-01  7.5106E-02  3.8315E-01
 -2.9466E-02  1.2944E-01 -1.4547E+00  7.5106E-02  3.8315E-01
 -1.1986E+00  1.5460E-01  8.0763E-01  7.4726E-02  3.8904E-01
 -7.7843E-01 -1.0380E-01 -1.2146E+00  7.4345E-02  3.9504E-01
  1.2013E+00  1.6067E-01 -7.8934E-01  7.4345E-02  3.9504E-01
  2.7878E-02 -1.6413E-01  1.4368E+00  7.4345E-02  3.9504E-01
 -2.3563E-01  8.2004E-02  1.4175E+00  7.3965E-02  4.0117E-01
  4.8884E-01 -8.0165E-03 -1.3537E+00  7.3965E-02  4.0117E-01
 -3.4216E-01  1.6077E-01  1.3815E+00  7.3584E-02  4.0743E-01
  1.3797E+00  1.4223E-01 -3.5716E-01  7.3584E-02  4.0743E-01
  1.0799E+00 -1.4389E-01 -9.1886E-01  7.3203E-02  4.1382E-01
  9.2505E-01 -1.4159E-01 -1.0749E+00  7.3203E-02  4.1382E-01
  1.2643E+00 -7.5394E-02  6.5347E-01  7.3203E-02  4.1382E-01
 -1.0121E+00 -9.2336E-02  9.9917E-01  7.3203E-02  4.1382E-01
  1.6407E-01  1.3969E-02 -1.4157E+00  7.3203E-02  4.1382E-01
 -4.8552E-01 -4.3002E-02  1.3393E+00  7.3203E-02  4.1382E-01
  2.9341E-01  1.8493E-01  1.3824E+00  7.3203E-02  4.1382E-01
 -1.3447E+00 -1.7943E-01  4.1345E-01  7.2822E-02  4.2035E-01
 -1.3984E+00 -1.0160E-01  2.1358E-01  7.2822E-02  4.2035E-01
  5.3150E-01 -7.7830E-03 -1.3149E+00  7.2822E-02  4.2035E-01
 -1.2441E+00  1.5061E-01 -6.6398E-01  7.2822E-02  4.2035E-01
  1.3649E+00 -4.2609E-02 -3.5638E-01  7.2442E-02  4.2701E-01
  1.1409E+00 -5.3536E-02  8.2905E-01  7.2442E-02  4.2701E-01
 -6.3318E-01  1.5618E-01  1.2516E+00  7.2442E-02  4.2701E-01
 -3.9061E-01 -5.4339E-02 -1.3479E+00  7.2061E-02  4.3381E-01
 -6.4986E-01 -9.1974E-02 -1.2416E+00  7.2061E-02  4.3381E-01
  7.1549E-01 -1.3813E-01 -1.1925E+00  7.1680E-02  4.4076E-01
 -1.2763E+00 -1.5475E-01  5.4802E-01  7.1680E-02  4.4076E-01
  6.9802E-01  6.8251E-02 -1.2088E+00  7.1680E-02  4.4076E-01
  8.9543E-01  6.7093E-02  1.0709E+00  7.1680E-02  4.4076E-01
  3.9334E-01  1.0082E-01 -1.3301E+00  7.1300E-02  4.4786E-01
  1.8592E-01 -3.4680E-02  1.3778E+00  7.1300E-02  4.4786E-01
 -6.1646E-01  5.9574E-02 -1.2452E+00  7.1300E-02  4.4786E-01
  1.2096E+00  7.4343E-02  6.8231E-01  7.1300E-02  4.4786E-01
  1.2596E+00 -3.1391E-02 -5.7255E-01  7.0919E-02  4.5511E-01
  1.3402E+00 -1.8368E-01  2.9221E-01  7.0919E-02  4.5511E-01
  1.3324E+00 -1.4656E-03  3.4862E-01  7.0538E-02  4.6253E-01
 -1.3403E+00 -1.4124E-01  2.8376E-01  7.0538E-02  4.6253E-01
  1.3722E+00 -6.3226E-02 -9.9153E-02  7.0538E-02  4.6253E-01
 -9.2139E-01  8.9375E-02  1.0197E+00  7.0538E-02  4.6253E-01
 -1.2478E+00  1.7325E-01 -5.3986E-01  7.0157E-02  4.7010E-01
  9.2895E-01  1.3230E-01 -9.8073E-01  6.9395E-02  4.8575E-01
  6.5487E-01  9.7633E-02  1.1849E+00  6.9395E-02  4.8575E-01
  1.3337E+00  1.8018E-01 -1.7636E-01  6.9395E-02  4.8575E-01
  1.2733E+00 -1.7391E-01  4.1583E-01  6.9014E-02  4.9384E-01
  7.8956E-01 -2.4205E-02  1.0957E+00  6.9014E-02  4.9384E-01
 -1.1669E+00  1.6240E-01 -6.4732E-01  6.8633E-02  5.0211E-01
  6.7538E-01  9.7422E-02 -1.1507E+00  6.8252E-02  5.1057E-01
 -3.4364E-01  7.1266E-02  1.2909E+00  6.8252E-02  5.1057E-01
 -3.3014E-01 -2.6495E-02  1.2961E+00  6.8252E-02  5.1057E-01
  4.0510E-01  6.6156E-04 -1.2750E+00  6.8252E-02  5.1057E-01
  1.1482E-02 -6.7449E-02  1.3296E+00  6.7871E-02  5.1923E-01
 -9.2162E-01  8.6397E-02 -9.5691E-01  6.7871E-02  5.1923E-01
 -2.1854E-02  2.4871E-02  1.3309E+00  6.7871E-02  5.1923E-01
 -8.2836E-01  3.9690E-02 -1.0334E+00  6.7489E-02  5.2808E-01
  3.1557E-01  1.5582E-01 -1.2774E+00  6.7489E-02  5.2808E-01
  7.3400E-01  2.0778E-02 -1.1029E+00  6.7489E-02  5.2808E-01
 -4.1257E-01  8.6405E-02  1.2562E+00  6.7489E-02  5.2808E-01
  1.3194E+00  1.0318E-01 -6.4029E-02  6.7489E-02  5.2808E-01
 -8.1423E-01  1.4629E-01  1.0350E+00  6.7489E-02  5.2808E-01
  1.2935E+00  1.4972E-01 -2.0828E-01  6.7108E-02  5.3713E-01
  2.0460E-01  3.2491E-02 -1.3023E+00  6.7108E-02  5.3713E-01
 -7.2787E-02  3.2445E-02  1.3100E+00  6.6726E-02  5.4640E-01
 -4.2157E-01  5.1293E-02 -1.2418E+00  6.6726E-02  5.4640E-01
  6.2598E-01  1.1308E-01  1.1479E+00  6.6726E-02  5.4640E-01
  8.3873E-01  3.2265E-02  1.0008E+00  6.6345E-02  5.5588E-01
 -6.5143E-03 -1.7330E-01  1.2946E+00  6.6345E-02  5.5588E-01
 -5.8940E-01 -2.3549E-02 -1.1654E+00  6.6345E-02  5.5588E-01
  1.8099E-01 -1.2745E-02  1.2935E+00  6.6345E-02  5.5588E-01
  1.2840E+00 -9.4981E-02  1.7988E-01  6.5963E-02  5.6559E-01
  9.8116E-01 -7.7260E-02  8.4929E-01  6.5963E-02  5.6559E-01
  1.1716E+00  3.3889E-02 -5.3343E-01  6.5199E-02  5.8571E-01
 -1.2674E+00 -1.4146E-01  1.2877E-01  6.4817E-02  5.9614E-01
 -9.9438E-01 -4.3296E-02  8.0756E-01  6.4817E-02  5.9614E-01
 -7.0306E-01 -2.5882E-02 -1.0714E+00  6.4817E-02  5.9614E-01
  9.0791E-01  8.9486E-03  8.9618E-01  6.4434E-02  6.0681E-01
 -1.6946E-01 -1.7877E-01  1.2517E+00  6.4434E-02  6.0681E-01
 -1.0336E+00 -8.0795E-02 -7.4344E-01  6.4434E-02  6.0681E-01
 -6.6044E-01  3.1866E-02  1.0772E+00  6.3669E-02  6.2897E-01
 -1.2168E+00 -3.0610E-02  3.4053E-01  6.3669E-02  6.2897E-01
  1.2324E+00 -1.7365E-01  2.2043E-01  6.3669E-02  6.2897E-01
 -1.1725E+00  1.4461E-01  4.4918E-01  6.3669E-02  6.2897E-01
 -9.1044E-01 -5.9686E-02  8.6622E-01  6.3285E-02  6.4046E-01
 -7.4576E-01 -1.3467E-01  1.0042E+00  6.3285E-02  6.4046E-01
  1.1504E+00  9.9721E-02 -4.8466E-01  6.2902E-02  6.5224E-01
 -1.0659E+00  6.6582E-02  6.5403E-01  6.2902E-02  6.5224E-01
  1.2310E+00 -1.3796E-01 -1.3957E-01  6.2518E-02  6.6433E-01
 -2.8751E-01 -1.6787E-01  1.2013E+00  6.2518E-02  6.6433E-01
  1.0604E+00 -5.8272E-02 -6.5274E-01  6.2518E-02  6.6433E-01
  4.4437E-01 -1.0380E-01  1.1540E+00  6.2134E-02  6.7672E-01
  1.1489E+00  1.5264E-01 -4.4326E-01  6.2134E-02  6.7672E-01
  1.2122E+00  1.7346E-01  2.0085E-01  6.2134E-02  6.7672E-01
 -6.1147E-01 -1.5411E-01  1.0622E+00  6.1750E-02  6.8943E-01
 -7.5505E-01 -8.0935E-03 -9.7764E-01  6.1750E-02  6.8943E-01
 -3.0903E-01  9.6414E-03  1.1902E+00  6.1365E-02  7.0248E-01
 -2.5166E-01  1.5917E-01 -1.1931E+00  6.1365E-02  7.0248E-01
 -1.1634E-01  4.0166E-02  1.2125E+00  6.0595E-02  7.2962E-01
  5.6793E-01 -1.3049E-01 -1.0704E+00  6.0595E-02  7.2962E-01
  1.1894E+00 -1.8087E-01 -1.9496E-01  6.0595E-02  7.2962E-01
 -5.2091E-01 -1.6340E-01 -1.0836E+00  6.0209E-02  7.4374E-01
 -1.2010E+00  4.0031E-02 -1.6779E-01  6.0209E-02  7.4374E-01
 -8.6035E-01  1.6320E-02  8.5543E-01  6.0209E-02  7.4374E-01
  1.1730E+00  9.3651E-02  2.7295E-01  5.9822E-02  7.5825E-01
  2.3867E-01 -4.8698E-02 -1.1778E+00  5.9436E-02  7.7315E-01
 -1.0810E+00  8.1130E-02  5.2099E-01  5.9436E-02  7.7315E-01
  8.7379E-01  1.6123E-01 -8.1057E-01  5.9436E-02  7.7315E-01
 -1.1795E+00 -1.5864E-01 -1.7370E-01  5.9436E-02  7.7315E-01
 -3.7001E-01 -1.4298E-01 -1.1354E+00  5.9436E-02  7.7315E-01
  1.9570E-01 -1.8577E-01  1.1667E+00  5.9048E-02  7.8847E-01
 -1.1910E+00 -4.8843E-02  2.8393E-02  5.8660E-02  8.0422E-01
  9.9640E-01  8.9770E-02  6.4862E-01  5.8660E-02  8.0422E-01
 -7.2252E-01 -1.3730E-02 -9.4835E-01  5.8660E-02  8.0422E-01
 -3.7566E-01  1.8225E-01 -1.1168E+00  5.8660E-02  8.0422E-01
 -8.4497E-01  8.3416E-02 -8.2975E-01  5.8271E-02  8.2042E-01
 -4.4779E-01  2.0146E-02  1.0993E+00  5.8271E-02  8.2042E-01
  1.1523E+00  1.1969E-03 -2.6402E-01  5.7882E-02  8.3709E-01
 -6.2936E-01  5.0201E-02 -9.9940E-01  5.7882E-02  8.3709E-01
  1.1265E+00  1.7265E-01  3.1390E-01  5.7882E-02  8.3709E-01
  1.0068E+00  6.7134E-02 -6.1580E-01  5.7882E-02  8.3709E-01
  5.5844E-01 -6.2945E-02  1.0343E+00  5.7492E-02  8.5424E-01
  5.6376E-01 -1.2041E-01  1.0263E+00  5.7492E-02  8.5424E-01
 -7.7330E-01  1.6900E-01  8.7124E-01  5.7492E-02  8.5424E-01
  2.8098E-01 -7.3885E-02 -1.1407E+00  5.7492E-02  8.5424E-01
 -3.2306E-01 -1.0443E-01 -1.1271E+00  5.7492E-02  8.5424E-01
 -1.0219E+00  3.0002E-02 -5.8352E-01  5.7492E-02  8.5424E-01
 -5.1262E-01  4.9301E-02  1.0530E+00  5.7101E-02  8.7190E-01
  9.3367E-01 -9.6578E-03 -7.0053E-01  5.6710E-02  8.9009E-01
 -9.1079E-01 -3.3039E-02 -7.2936E-01  5.6710E-02  8.9009E-01
 -7.9289E-01  3.5317E-02 -8.5595E-01  5.6710E-02  8.9009E-01
 -1.0441E+00 -1.6697E-01  4.9445E-01  5.6710E-02  8.9009E-01
  1.0991E+00  1.1589E-01 -3.6047E-01  5.6317E-02  9.0882E-01
 -3.7448E-01 -2.8970E-02  1.0951E+00  5.5924E-02  9.2814E-01
  9.1363E-01  3.7659E-02 -7.0235E-01  5.5530E-02  9.4805E-01
  4.8984E-01  7.9467E-02 -1.0408E+00  5.5530E-02  9.4805E-01
 -1.1446E+00 -7.8552E-03  9.2392E-02  5.5134E-02  9.6859E-01
  9.7973E-01  6.5723E-02 -5.9546E-01  5.5134E-02  9.6859E-01
  6.0630E-01 -3.5285E-02 -9.6924E-01  5.4738E-02  9.8980E-01
  4.9107E-01 -4.7292E-02 -1.0319E+00  5.4738E-02  9.8980E-01
 -6.2424E-01  1.3340E-01  9.4911E-01  5.4738E-02  9.8980E-01
 -9.2330E-01 -6.0103E-03 -6.7510E-01  5.4738E-02  9.8980E-01
 -1.1178E+00  9.2816E-02 -1.9993E-01  5.4340E-02  1.0117E+00
  6.7289E-01 -5.2361E-02 -9.1785E-01  5.4340E-02  1.0117E+00
 -6.1511E-01  9.1173E-02 -9.5462E-01  5.4340E-02  1.0117E+00
  1.0714E+00  1.6335E-01  3.3659E-01  5.3941E-02  1.0343E+00
  1.1046E+00 -6.6199E-02  2.5186E-01  5.3941E-02  1.0343E+00
 -6.1116E-01 -1.1641E-01  9.4385E-01  5.3541E-02  1.0577E+00
 -3.6021E-01 -9.6290E-02 -1.0672E+00  5.3541E-02  1.0577E+00
 -6.6094E-01 -4.4266E-02  9.1069E-01  5.3139E-02  1.0818E+00
 -9.6850E-01  2.7723E-02  5.7394E-01  5.3139E-02  1.0818E+00
  8.8079E-02 -6.7571E-02  1.1206E+00  5.3139E-02  1.0818E+00
 -1.0336E+00 -1.4751E-01  4.2195E-01  5.3139E-02  1.0818E+00
 -8.3942E-01  1.3289E-01  7.3883E-01  5.3139E-02  1.0818E+00
 -7.5194E-01  1.4769E-01 -8.1937E-01  5.2736E-02  1.1068E+00
  3.4400E-01  9.5835E-02  1.0635E+00  5.2736E-02  1.1068E+00
 -8.5328E-01 -1.3097E-02  7.2824E-01  5.2736E-02  1.1068E+00
  1.1059E+00  2.9513E-03 -1.8852E-01  5.2736E-02  1.1068E+00
 -7.4430E-03 -1.0784E-01 -1.1124E+00  5.2331E-02  1.1327E+00
 -7.0045E-01  1.0598E-01  8.5915E-01  5.1925E-02  1.1595E+00
 -6.3938E-02  1.1119E-01 -1.1061E+00  5.1925E-02  1.1595E+00
  1.0998E+00 -9.5991E-02 -1.1013E-01  5.1516E-02  1.1873E+00
 -9.9013E-01  8.5836E-02  4.9319E-01  5.1516E-02  1.1873E+00
 -6.2972E-01  8.2329E-02 -9.0975E-01  5.1516E-02  1.1873E+00
 -4.7981E-01  7.5729E-03  1.0003E+00  5.1516E-02  1.1873E+00
  1.0975E+00  9.9903E-02 -8.7886E-02  5.1106E-02  1.2161E+00
 -1.1054E+00  1.4436E-02  2.1780E-03  5.1106E-02  1.2161E+00
 -1.0604E+00 -1.7264E-01 -2.6034E-01  5.1106E-02  1.2161E+00
  7.8156E-01  8.5036E-02 -7.7162E-01  5.0694E-02  1.2461E+00
 -3.6028E-01 -7.5408E-02  1.0383E+00  5.0694E-02  1.2461E+00
  6.4218E-01  1.3545E-01 -8.8472E-01  5.0694E-02  1.2461E+00
  1.0151E+00  7.9106E-03  4.2775E-01  5.0694E-02  1.2461E+00
  2.8325E-01  1.4553E-01  1.0505E+00  5.0279E-02  1.2771E+00
  3.0614E-01  8.9946E-02  1.0503E+00  5.0279E-02  1.2771E+00
  9.8534E-01 -1.1868E-01 -4.6905E-01  5.0279E-02  1.2771E+00
 -5.0012E-01  1.3236E-01 -9.6816E-01  5.0279E-02  1.2771E+00
 -3.0169E-02  1.8451E-01  1.0817E+00  5.0279E-02  1.2771E+00
  4.1994E-01  9.3872E-02  1.0057E+00  4.9863E-02  1.3094E+00
 -2.8649E-01 -1.5309E-01  1.0446E+00  4.9863E-02  1.3094E+00
 -1.0654E+00  1.8204E-01  1.4243E-01  4.9444E-02  1.3430E+00
 -6.3933E-01  1.4078E-01 -8.6720E-01  4.9022E-02  1.3780E+00
 -5.2633E-01  4.9589E-02 -9.4927E-01  4.9022E-02  1.3780E+00
 -1.0719E+00  1.6511E-01 -6.5577E-02  4.9022E-02  1.3780E+00
 -4.0845E-01 -9.5819E-03 -1.0029E+00  4.8597E-02  1.4144E+00
  5.0767E-01 -1.2845E-01 -9.4794E-01  4.8597E-02  1.4144E+00
  4.4828E-01  9.7260E-02  9.8102E-01  4.8597E-02  1.4144E+00
  1.2307E-01  1.0657E-01 -1.0671E+00  4.8170E-02  1.4524E+00
 -8.1941E-01  2.2621E-03 -7.0270E-01  4.8170E-02  1.4524E+00
  3.5559E-01  8.6503E-02  1.0155E+00  4.8170E-02  1.4524E+00
 -1.8076E-01  9.1276E-02 -1.0603E+00  4.8170E-02  1.4524E+00
  9.8790E-01 -4.6494E-02 -4.2390E-01  4.7739E-02  1.4920E+00
 -7.9943E-01 -1.1780E-01  7.1053E-01  4.7739E-02  1.4920E+00
  8.6509E-01  1.5356E-01  6.1530E-01  4.7306E-02  1.5334E+00
  9.2551E-01  7.1270E-02 -5.3089E-01  4.6868E-02  1.5768E+00
  7.2799E-01  6.9955E-02  7.8015E-01  4.6868E-02  1.5768E+00
 -1.0544E+00 -1.6970E-01  5.3915E-02  4.6868E-02  1.5768E+00
 -8.6990E-02  6.8602E-02 -1.0636E+00  4.6868E-02  1.5768E+00
  8.3225E-01 -1.3063E-01 -6.5337E-01  4.6427E-02  1.6222E+00
  7.3850E-02 -1.7082E-01 -1.0465E+00  4.5982E-02  1.6697E+00
  4.6731E-01  1.5093E-01 -9.4272E-01  4.5982E-02  1.6697E+00
 -7.6255E-02  2.0604E-02  1.0600E+00  4.5982E-02  1.6697E+00
 -1.0525E+00  7.9473E-02 -1.2547E-01  4.5982E-02  1.6697E+00
 -1.0298E+00 -1.5263E-01  1.9869E-01  4.5533E-02  1.7196E+00
 -3.5443E-01  1.2001E-01  9.9162E-01  4.5533E-02  1.7196E+00
 -3.4609E-01  1.6510E-01 -9.8808E-01  4.5533E-02  1.7196E+00
 -1.0527E+00  8.3993E-02 -4.1901E-02  4.5079E-02  1.7721E+00
 -1.0109E+00 -8.6212E-02 -2.9603E-01  4.5079E-02  1.7721E+00
  1.0729E-01  1.1460E-01  1.0422E+00  4.4620E-02  1.8273E+00
  1.0013E+00  1.0393E-01  3.1194E-01  4.4620E-02  1.8273E+00
  6.4377E-01 -1.4847E-02 -8.3433E-01  4.4620E-02  1.8273E+00
  7.8349E-03  1.6541E-01 -1.0379E+00  4.4156E-02  1.8855E+00
  4.6377E-01 -8.4123E-02  9.3946E-01  4.4156E-02  1.8855E+00
 -8.7603E-01 -9.4214E-02 -5.7310E-01  4.4156E-02  1.8855E+00
 -8.4071E-01  5.0221E-03  6.2616E-01  4.3687E-02  1.9469E+00
  1.5270E-02 -4.9477E-02 -1.0470E+00  4.3687E-02  1.9469E+00
  6.1152E-01 -1.0101E-01  8.4542E-01  4.3687E-02  1.9469E+00
 -3.2583E-01  1.3936E-01  9.8368E-01  4.3212E-02  2.0119E+00
  9.3448E-01  2.8000E-02  4.6815E-01  4.3212E-02  2.0119E+00
 -6.5018E-01 -1.0282E-01 -8.1234E-01  4.3212E-02  2.0119E+00
  1.0407E+00  1.0031E-01  1.0785E-02  4.3212E-02  2.0119E+00
  6.7245E-01  1.2607E-01 -7.8716E-01  4.2730E-02  2.0806E+00
  6.2451E-01  1.6572E-01 -8.1867E-01  4.2730E-02  2.0806E+00
 -3.8225E-01  9.4821E-02 -9.6294E-01  4.2242E-02  2.1536E+00
  1.0268E+00 -7.0730E-02 -1.5165E-01  4.2242E-02  2.1536E+00
 -1.0010E+00  1.0901E-01 -2.6149E-01  4.2242E-02  2.1536E+00
  1.0253E+00 -1.3102E-01 -1.1809E-01  4.2242E-02  2.1536E+00
 -9.7982E-01 -1.4687E-01 -3.0916E-01  4.1747E-02  2.2312E+00
  8.7407E-01  1.6979E-01  5.2855E-01  4.1244E-02  2.3138E+00
 -9.1923E-01 -1.7642E-01  4.4282E-01  4.1244E-02  2.3138E+00
  3.6792E-01  1.4967E-01  9.5373E-01  4.0733E-02  2.4020E+00
  5.6248E-01  1.8797E-03  8.6390E-01  4.0213E-02  2.4964E+00
 -6.1564E-02 -1.7209E-01  1.0145E+00  4.0213E-02  2.4964E+00
 -9.6278E-01  1.2714E-01 -3.3929E-01  3.9683E-02  2.5977E+00
  7.5745E-02  1.2699E-01 -1.0180E+00  3.9683E-02  2.5977E+00
 -6.1759E-01 -4.1327E-02  8.2164E-01  3.9683E-02  2.5977E+00
 -6.9890E-01  1.4744E-01 -7.4028E-01  3.9683E-02  2.5977E+00
  3.0676E-01 -3.4517E-02  9.8129E-01  3.9683E-02  2.5977E+00
 -1.0203E+00 -4.2484E-02  1.0536E-01  3.9143E-02  2.7067E+00
  6.1218E-01 -9.4105E-03 -8.2404E-01  3.9143E-02  2.7067E+00
 -8.6383E-01 -3.8278E-02  5.4962E-01  3.8592E-02  2.8243E+00
 -3.3690E-01 -7.4363E-02  9.6474E-01  3.8592E-02  2.8243E+00
  5.1490E-02 -1.4551E-01  1.0129E+00  3.8592E-02  2.8243E+00
 -1.0129E+00 -5.6128E-02  1.4347E-01  3.8592E-02  2.8243E+00
 -1.0159E+00  1.2957E-01  3.0815E-02  3.8592E-02  2.8243E+00
  1.0172E+00 -1.0601E-01 -6.2539E-02  3.8592E-02  2.8243E+00
 -1.0165E+00  1.1044E-01  1.6291E-02  3.8029E-02  2.9517E+00
 -9.3699E-01 -1.2464E-01  3.9022E-01  3.8029E-02  2.9517E+00
 -2.3463E-01 -9.2525E-02 -9.9104E-01  3.8029E-02  2.9517E+00
  3.8437E-02 -7.8352E-02  1.0189E+00  3.8029E-02  2.9517E+00
  1.1538E-01  2.3307E-03 -1.0142E+00  3.7452E-02  3.0900E+00
 -1.2313E-01 -1.8389E-01  9.9465E-01  3.6862E-02  3.2409E+00
 -6.6527E-01  1.7182E-01  7.5246E-01  3.6862E-02  3.2409E+00
 -2.9891E-01 -3.8818E-02 -9.7337E-01  3.6862E-02  3.2409E+00
 -9.7209E-01  3.1262E-02  2.9814E-01  3.6256E-02  3.4062E+00
  1.0060E+00  1.4655E-01 -3.5774E-02  3.6256E-02  3.4062E+00
 -5.1686E-01  7.5916E-02 -8.7288E-01  3.6256E-02  3.4062E+00
 -8.2692E-01 -1.4905E-01  5.7341E-01  3.6256E-02  3.4062E+00
  1.1769E-01 -1.2397E-01  1.0028E+00  3.6256E-02  3.4062E+00
  5.6538E-01  6.7677E-02  8.4099E-01  3.5633E-02  3.5880E+00
 -3.1618E-01  2.8009E-02 -9.6476E-01  3.5633E-02  3.5880E+00
 -2.0868E-01 -1.5651E-01  9.8156E-01  3.5633E-02  3.5880E+00
  9.4283E-01 -7.5638E-03 -3.7753E-01  3.5633E-02  3.5880E+00
 -8.8792E-01  7.9376E-02  4.8338E-01  3.4991E-02  3.7890E+00
 -9.8915E-01 -1.5329E-01 -1.6262E-01  3.4991E-02  3.7890E+00
 -6.7929E-01  8.9099E-02 -7.4765E-01  3.4991E-02  3.7890E+00
 -1.0040E+00  1.2267E-01 -7.2365E-02  3.4991E-02  3.7890E+00
 -9.2383E-01  1.4573E-01  3.8817E-01  3.4329E-02  4.0125E+00
 -1.7653E-01  1.6918E-01  9.8265E-01  3.4329E-02  4.0125E+00
 -2.4767E-01  4.7715E-02  9.8070E-01  3.4329E-02  4.0125E+00
  9.3316E-01 -5.9832E-02  3.8497E-01  3.3644E-02  4.2626E+00
 -9.7957E-01  1.3166E-01 -2.1373E-01  3.3644E-02  4.2626E+00
 -7.2457E-01 -8.4558E-02  7.0030E-01  3.3644E-02  4.2626E+00
  2.4864E-01  6.7002E-02  9.7788E-01  3.3644E-02  4.2626E+00
 -1.0088E+00  5.0263E-02 -4.7804E-02  3.3644E-02  4.2626E+00
 -1.7483E-01 -5.6016E-03 -9.9598E-01  3.3644E-02  4.2626E+00
  9.9817E-02  9.6418E-03  1.0062E+00  3.3644E-02  4.2626E+00
  7.4363E-01 -1.2038E-01 -6.7264E-01  3.2934E-02  4.5444E+00
 -2.8445E-01 -9.2384E-02  9.6461E-01  3.2934E-02  4.5444E+00
  9.1583E-01 -1.6558E-01  3.9213E-01  3.2934E-02  4.5444E+00
  9.5562E-01  2.2925E-02  3.2585E-01  3.2934E-02  4.5444E+00
 -4.1585E-01 -3.1531E-02 -9.1843E-01  3.2195E-02  4.8645E+00
 -9.9494E-01 -5.1203E-02 -1.5782E-01  3.2195E-02  4.8645E+00
  5.8667E-01 -1.3629E-01 -8.0912E-01  3.2195E-02  4.8645E+00
 -7.3828E-01 -1.4815E-01  6.7114E-01  3.2195E-02  4.8645E+00
 -9.7356E-01  3.3551E-02 -2.6171E-01  3.2195E-02  4.8645E+00
  4.9122E-02  1.2569E-01  9.9845E-01  3.1425E-02  5.2312E+00
 -7.4369E-01 -1.4247E-02 -6.7801E-01  3.0618E-02  5.6557E+00
 -8.6987E-01 -1.4355E-01 -4.8548E-01  3.0618E-02  5.6557E+00
 -8.4768E-01  1.7903E-01 -5.1220E-01  3.0618E-02  5.6557E+00
  7.2108E-01  3.8936E-02 -7.0107E-01  3.0618E-02  5.6557E+00
 -9.9214E-01 -1.4839E-01 -8.1331E-02  3.0618E-02  5.6557E+00
  7.7447E-01  1.9719E-03  6.4124E-01  2.9770E-02  6.1530E+00
 -3.7399E-02 -3.4035E-02  1.0042E+00  2.9770E-02  6.1530E+00
  1.8589E-02  9.3829E-03  1.0053E+00  2.9770E-02  6.1530E+00
  7.9735E-01 -4.3763E-02  6.1099E-01  2.9770E-02  6.1530E+00
 -6.5005E-01 -1.3559E-01  7.5501E-01  2.9770E-02  6.1530E+00
 -6.0795E-01  1.6755E-01  7.8198E-01  2.8874E-02  6.7438E+00
  9.4526E-01  1.6726E-01  2.9610E-01  2.8874E-02  6.7438E+00
  8.7193E-01 -1.2273E-01 -4.8186E-01  2.7921E-02  7.4574E+00
 -9.8006E-01  6.7521E-02 -2.0601E-01  2.7921E-02  7.4574E+00
  9.1030E-01 -1.8190E-01  3.8181E-01  2.7921E-02  7.4574E+00
  9.6847E-01  1.1848E-02  2.6065E-01  2.6903E-02  8.3369E+00
  1.0022E+00  4.0028E-02 -7.6168E-04  2.6903E-02  8.3369E+00
 -6.1394E-01  1.4715E-01 -7.7939E-01  2.6903E-02  8.3369E+00
  7.3379E-01  4.0244E-02 -6.8261E-01  2.6903E-02  8.3369E+00
 -2.9250E-01 -4.8483E-02 -9.5818E-01  2.6903E-02  8.3369E+00
 -4.2822E-01  1.7025E-02 -9.0684E-01  2.6903E-02  8.3369E+00
  7.4267E-01  4.9668E-03 -6.7314E-01  2.5804E-02  9.4481E+00
 -7.6077E-02  1.8500E-01  9.8218E-01  2.5804E-02  9.4481E+00
  9.8751E-01 -1.6923E-01  2.9778E-02  2.5804E-02  9.4481E+00
 -9.7564E-01 -6.0074E-02 -2.2182E-01  2.5804E-02  9.4481E+00
 -6.0824E-01  1.2951E-01 -7.8537E-01  2.4606E-02  1.0897E+01
  9.8353E-01 -1.6239E-01  9.9127E-02  2.4606E-02  1.0897E+01
 -8.2633E-01  2.2564E-02  5.6587E-01  2.4606E-02  1.0897E+01
  9.8438E-01 -1.7568E-01 -6.0594E-02  2.4606E-02  1.0897E+01
  9.9268E-01 -1.2328E-01  5.4147E-02  2.4606E-02  1.0897E+01
 -5.0329E-01 -7.9726E-02 -8.6248E-01  2.4606E-02  1.0897E+01
  9.9940E-01 -1.9404E-02 -6.6058E-02  2.4606E-02  1.0897E+01
 -2.0471E-01 -1.6357E-01 -9.6637E-01  2.3280E-02  1.2866E+01
  9.4393E-01  1.6992E-01  2.8752E-01  2.3280E-02  1.2866E+01
 -3.6754E-01  4.4296E-03  9.3136E-01  2.3280E-02  1.2866E+01
 -4.2044E-01 -7.0719E-02  9.0596E-01  2.3280E-02  1.2866E+01
  7.8688E-01  1.5549E-01  5.9862E-01  2.1787E-02  1.5696E+01
 -5.1398E-01 -1.1086E-01  8.5122E-01  2.0058E-02  2.0115E+01
  9.6253E-01 -1.4605E-01  2.3073E-01  2.0058E-02  2.0115E+01
  1.7443E-01  4.8315E-02 -9.8401E-01  2.0058E-02  2.0115E+01
  9.1480E-01 -8.6160E-02  3.9528E-01  1.7969E-02  2.7981E+01
 -8.7259E-01  9.2887E-02 -4.8009E-01  1.7969E-02  2.7981E+01
