0.12997028571429D+02       621
(x,y,z) position of the X-ray source
  0.1147E+01 -0.7259E-01 -0.1385E+01
x | y | z | R | rho
 -7.7944E-01  1.9293E-01  9.9256E+00  3.2157E-01  4.8819E-03
  1.6928E+00  3.0440E-01  9.5862E+00  3.1671E-01  5.1100E-03
 -7.9353E-01  1.7909E-01  9.5348E+00  3.1291E-01  5.2984E-03
 -2.7679E-01 -2.4196E-02  9.5290E+00  3.1209E-01  5.3401E-03
 -1.7838E+00  3.4901E-01  9.1852E+00  3.0827E-01  5.5413E-03
  1.1491E+00 -3.2951E-01  9.2501E+00  3.0745E-01  5.5859E-03
  5.1061E-01 -1.3892E-01  9.3120E+00  3.0745E-01  5.5859E-03
 -1.0909E+00  2.6844E-01  8.8934E+00  2.9918E-01  6.0620E-03
 -1.2035E+00 -2.6881E-01  8.8545E+00  2.9862E-01  6.0959E-03
  2.0341E-01  2.6160E-01  8.9217E+00  2.9834E-01  6.1129E-03
 -1.6417E+00 -2.1441E-01  8.4290E+00  2.9053E-01  6.6195E-03
 -1.3778E+00  3.5650E-01  8.3859E+00  2.8856E-01  6.7558E-03
  5.1213E-01 -1.9977E-01  8.4518E+00  2.8772E-01  6.8155E-03
  1.0540E+00 -2.1745E-01  7.9526E+00  2.7722E-01  7.6199E-03
 -3.0677E-01 -3.3643E-02  7.8992E+00  2.7435E-01  7.8612E-03
 -1.7221E+00 -7.3438E-02  7.4696E+00  2.6858E-01  8.3786E-03
 -1.0567E+00  5.0832E-02  7.5684E+00  2.6800E-01  8.4331E-03
  2.0149E+00 -1.8650E-01  7.0842E+00  2.6130E-01  9.0986E-03
 -2.1866E-01 -1.4660E-01  7.1961E+00  2.5719E-01  9.5421E-03
  1.4264E+00  1.1896E-01  6.8995E+00  2.5335E-01  9.9827E-03
 -5.8686E-01  3.2952E-02  6.9504E+00  2.5157E-01  1.0196E-02
 -1.4703E-01 -2.0172E-01  6.9588E+00  2.5127E-01  1.0232E-02
 -4.1648E-02 -2.9404E-01  6.8976E+00  2.4978E-01  1.0416E-02
 -1.4339E+00  2.9928E-01  6.5529E+00  2.4500E-01  1.1039E-02
 -6.1303E-02  9.2403E-02  6.6901E+00  2.4440E-01  1.1120E-02
  7.7624E-01 -2.5671E-01  6.6289E+00  2.4410E-01  1.1162E-02
  9.4925E-01  7.9737E-02  6.5631E+00  2.4289E-01  1.1328E-02
  5.6769E-01  3.2556E-01  6.3151E+00  2.3562E-01  1.2410E-02
  1.4317E+00 -2.1973E-02  6.0164E+00  2.3134E-01  1.3111E-02
 -5.1397E-02  2.0650E-01  5.8762E+00  2.2331E-01  1.4577E-02
  1.9180E+00  2.7139E-01  5.3663E+00  2.1863E-01  1.5533E-02
 -1.1121E+00 -2.5457E-01  5.1633E+00  2.0725E-01  1.8235E-02
 -5.3523E-01 -4.6565E-02  5.2141E+00  2.0597E-01  1.8577E-02
 -1.6225E+00 -2.0851E-01  4.9435E+00  2.0501E-01  1.8839E-02
  1.4979E+00  1.6554E-01  4.9362E+00  2.0373E-01  1.9197E-02
  1.8506E+00  4.0589E-02  4.8054E+00  2.0341E-01  1.9288E-02
 -4.8442E-02 -1.2309E-01  5.0559E+00  2.0083E-01  2.0040E-02
  3.9858E-02 -1.4445E-02  4.9428E+00  1.9760E-01  2.1040E-02
  7.4748E-01  1.8522E-01  4.8710E+00  1.9727E-01  2.1144E-02
  9.6370E-02  2.4838E-01  4.8556E+00  1.9532E-01  2.1784E-02
 -5.7443E-01 -4.5323E-02  4.8057E+00  1.9467E-01  2.2004E-02
 -1.7756E+00  5.9545E-03  4.3921E+00  1.9173E-01  2.3032E-02
 -1.3574E+00 -1.5422E-01  4.4649E+00  1.8976E-01  2.3757E-02
  1.2191E+00  7.0515E-02  4.4479E+00  1.8811E-01  2.4386E-02
 -1.2595E+00  6.3353E-02  4.3425E+00  1.8547E-01  2.5444E-02
  1.3836E+00  2.4238E-01  4.2743E+00  1.8481E-01  2.5719E-02
  9.8301E-01  3.6502E-02  4.3788E+00  1.8447E-01  2.5858E-02
  1.2321E+00  1.6616E-01  4.2418E+00  1.8248E-01  2.6715E-02
  1.5134E+00 -3.7193E-03  4.1411E+00  1.8215E-01  2.6862E-02
 -4.2970E-01  5.0178E-03  4.3540E+00  1.8115E-01  2.7309E-02
  4.5571E-01 -1.2727E-01  4.3155E+00  1.8014E-01  2.7768E-02
  1.4709E+00 -2.4205E-01  4.0775E+00  1.8014E-01  2.7768E-02
  1.2902E+00 -9.0852E-02  3.9560E+00  1.7477E-01  3.0409E-02
 -4.1421E-01  1.7057E-01  4.1154E+00  1.7409E-01  3.0764E-02
  6.9453E-01 -3.4117E-02  3.8665E+00  1.6764E-01  3.4457E-02
 -1.9463E+00 -6.9793E-02  3.3480E+00  1.6593E-01  3.5534E-02
 -1.0922E+00  1.0054E-01  3.6227E+00  1.6318E-01  3.7360E-02
 -7.7107E-01 -2.4428E-01  3.5517E+00  1.5869E-01  4.0625E-02
 -4.3428E-01  1.7591E-01  3.6014E+00  1.5834E-01  4.0893E-02
  1.4195E+00  1.8026E-01  3.3380E+00  1.5834E-01  4.0893E-02
  1.7300E-01 -4.2148E-02  3.5729E+00  1.5660E-01  4.2270E-02
 -1.2423E+00  5.8272E-02  3.3542E+00  1.5660E-01  4.2270E-02
  1.5980E+00  6.6995E-02  3.1512E+00  1.5520E-01  4.3420E-02
 -1.3688E+00 -1.3829E-01  3.2433E+00  1.5486E-01  4.3715E-02
  4.6078E-01  7.7870E-03  3.4708E+00  1.5416E-01  4.4312E-02
  6.7287E-01  1.4658E-01  3.3887E+00  1.5276E-01  4.5542E-02
 -1.2799E-02  2.4058E-01  3.4171E+00  1.5170E-01  4.6497E-02
  1.6938E+00 -6.7671E-02  2.7901E+00  1.4641E-01  5.1724E-02
 -7.4408E-01 -8.7293E-02  3.1228E+00  1.4464E-01  5.3651E-02
  4.5907E-01 -1.4372E-01  3.1536E+00  1.4392E-01  5.4451E-02
  1.5952E-02  1.1834E-01  3.1879E+00  1.4392E-01  5.4451E-02
 -4.2787E-01 -1.8463E-01  3.0916E+00  1.4178E-01  5.6953E-02
  3.5511E-01 -1.4442E-01  3.1030E+00  1.4178E-01  5.6953E-02
  1.3050E+00  9.5931E-02  2.8279E+00  1.4143E-01  5.7386E-02
 -1.1066E+00 -4.4496E-02  2.8335E+00  1.3892E-01  6.0548E-02
 -4.6758E-01  4.3305E-02  2.9105E+00  1.3568E-01  6.4988E-02
  1.7450E+00  1.9070E-01  2.2905E+00  1.3351E-01  6.8205E-02
  1.0360E+00  1.1864E-01  2.6242E+00  1.3134E-01  7.1651E-02
 -1.1799E+00  1.0884E-02  2.5541E+00  1.3098E-01  7.2249E-02
 -1.0710E+00  1.2461E-01  2.5652E+00  1.2988E-01  7.4085E-02
 -2.0768E-01  6.3034E-02  2.7536E+00  1.2916E-01  7.5345E-02
  1.7111E-01  3.3524E-03  2.7057E+00  1.2733E-01  7.8631E-02
 -1.3969E+00 -2.0237E-01  2.2908E+00  1.2660E-01  8.0001E-02
 -5.6325E-03  7.9256E-02  2.6591E+00  1.2550E-01  8.2120E-02
  1.3407E+00  4.7268E-02  2.2973E+00  1.2550E-01  8.2120E-02
 -7.4325E-01  1.6778E-02  2.5438E+00  1.2514E-01  8.2844E-02
 -1.6093E+00  1.3505E-01  2.0502E+00  1.2367E-01  8.5829E-02
 -1.4602E+00 -1.1265E-01  2.0748E+00  1.2109E-01  9.1425E-02
  7.7613E-01 -1.9534E-01  2.4103E+00  1.2109E-01  9.1425E-02
 -1.6978E+00 -1.7289E-01 -1.8809E+00  1.2109E-01  9.1425E-02
  1.5551E+00 -1.0270E-01  1.9926E+00  1.2072E-01  9.2266E-02
  7.0266E-01  9.0915E-02  2.4181E+00  1.2035E-01  9.3117E-02
 -1.3755E+00 -7.3831E-02  2.1099E+00  1.2035E-01  9.3117E-02
 -1.8680E+00  2.0997E-01 -1.6630E+00  1.1998E-01  9.3979E-02
  1.7736E+00  1.3697E-01 -1.7705E+00  1.1998E-01  9.3979E-02
 -9.3929E-01 -4.1251E-02  2.2949E+00  1.1888E-01  9.6634E-02
  1.8970E+00 -3.5297E-02 -1.5194E+00  1.1702E-01  1.0129E-01
 -1.4479E+00 -1.2807E-01  1.9359E+00  1.1665E-01  1.0226E-01
 -1.3792E+00  1.4668E-01  1.9842E+00  1.1665E-01  1.0226E-01
 -1.6320E+00  1.3696E-01 -1.7561E+00  1.1591E-01  1.0424E-01
  1.2730E+00  5.0335E-02  2.0239E+00  1.1554E-01  1.0525E-01
  1.6568E+00  2.1210E-03 -1.7110E+00  1.1517E-01  1.0627E-01
  1.3954E+00  1.2191E-01  1.9262E+00  1.1517E-01  1.0627E-01
 -1.8331E+00  3.6106E-02 -1.5201E+00  1.1517E-01  1.0627E-01
  3.8138E-01  3.6918E-02  2.3408E+00  1.1480E-01  1.0731E-01
  5.6915E-02  5.2003E-02  2.3415E+00  1.1368E-01  1.1050E-01
  1.8600E+00  3.0524E-02 -1.4081E+00  1.1331E-01  1.1159E-01
 -1.5683E+00 -6.5125E-03 -1.7142E+00  1.1293E-01  1.1270E-01
 -1.6728E+00  1.3731E-01 -1.6066E+00  1.1293E-01  1.1270E-01
 -1.8556E+00 -9.1756E-02  1.3465E+00  1.1182E-01  1.1612E-01
  1.2080E+00  8.8527E-02 -1.9033E+00  1.1032E-01  1.2090E-01
  1.6936E+00  2.0397E-01 -1.4471E+00  1.0957E-01  1.2339E-01
 -1.8945E+00 -1.1572E-01  1.1657E+00  1.0920E-01  1.2466E-01
  1.8093E+00 -1.7697E-01 -1.1687E+00  1.0658E-01  1.3410E-01
  1.3936E+00  1.1561E-01 -1.6232E+00  1.0582E-01  1.3698E-01
 -9.5773E-01  1.7597E-01 -1.9084E+00  1.0582E-01  1.3698E-01
 -1.8074E+00 -1.2952E-01 -1.1256E+00  1.0545E-01  1.3845E-01
 -1.9068E+00  3.4937E-02 -9.1325E-01  1.0470E-01  1.4145E-01
  4.1448E-01  1.4984E-01  2.0680E+00  1.0470E-01  1.4145E-01
  3.3206E-01  4.7878E-02  2.0783E+00  1.0432E-01  1.4299E-01
  1.6515E+00  9.7978E-02  1.2868E+00  1.0394E-01  1.4454E-01
 -1.1838E+00 -6.5096E-02  1.7171E+00  1.0357E-01  1.4613E-01
 -1.1476E+00 -1.6701E-01  1.7347E+00  1.0357E-01  1.4613E-01
 -3.7477E-01  1.2985E-01  2.0486E+00  1.0357E-01  1.4613E-01
  9.6400E-01 -6.1769E-02 -1.8392E+00  1.0319E-01  1.4773E-01
  4.1816E-01  5.8379E-02  2.0246E+00  1.0281E-01  1.4936E-01
 -1.1783E+00 -3.8177E-02 -1.6993E+00  1.0281E-01  1.4936E-01
 -1.1628E+00 -1.1696E-01  1.7063E+00  1.0281E-01  1.4936E-01
  1.0571E+00  1.5766E-01 -1.7599E+00  1.0244E-01  1.5102E-01
  1.6034E+00  1.8111E-01 -1.2641E+00  1.0206E-01  1.5269E-01
  1.7101E+00  1.3466E-03 -1.1302E+00  1.0206E-01  1.5269E-01
 -1.1613E+00  1.0936E-01 -1.6856E+00  1.0206E-01  1.5269E-01
  1.2123E+00 -8.4662E-02 -1.6393E+00  1.0168E-01  1.5440E-01
  1.5785E-01 -4.3850E-02  2.0341E+00  1.0168E-01  1.5440E-01
  1.0166E+00 -5.2399E-02 -1.7580E+00  1.0131E-01  1.5613E-01
  7.1960E-01 -9.0655E-02  1.8976E+00  1.0131E-01  1.5613E-01
 -1.4277E+00  1.9462E-01 -1.4321E+00  1.0131E-01  1.5613E-01
  1.6192E+00  2.6176E-02 -1.1962E+00  1.0055E-01  1.5967E-01
  1.5562E-01  1.1253E-01  1.9950E+00  1.0017E-01  1.6148E-01
  1.0765E+00 -1.5428E-03  1.6798E+00  9.9797E-02  1.6332E-01
 -1.6341E+00  3.0813E-02 -1.1284E+00  9.9419E-02  1.6519E-01
  8.8483E-01 -1.9203E-01  1.7576E+00  9.9041E-02  1.6709E-01
  1.8093E+00 -4.4113E-02  7.9574E-01  9.9041E-02  1.6709E-01
 -1.8959E+00  6.5712E-02  5.2384E-01  9.8663E-02  1.6902E-01
 -1.5132E+00  1.5467E-01  1.2489E+00  9.8663E-02  1.6902E-01
  1.6344E+00  1.5641E-01 -1.0851E+00  9.8663E-02  1.6902E-01
  1.7703E+00  3.1645E-02 -8.1735E-01  9.7907E-02  1.7297E-01
 -1.3295E+00 -1.8278E-01 -1.3902E+00  9.7150E-02  1.7704E-01
  1.2380E+00 -1.2593E-01 -1.4666E+00  9.6772E-02  1.7912E-01
 -1.8994E+00  1.9004E-01  2.3582E-01  9.6772E-02  1.7912E-01
  7.6329E-01 -1.8700E-01 -1.7458E+00  9.6393E-02  1.8124E-01
  1.8516E+00 -4.9872E-02 -4.8425E-01  9.6393E-02  1.8124E-01
  1.7765E+00  5.4628E-02  6.8736E-01  9.6015E-02  1.8340E-01
 -1.6053E+00  1.5583E-01 -1.0151E+00  9.6015E-02  1.8340E-01
  1.1598E+00  1.8789E-01 -1.5004E+00  9.6015E-02  1.8340E-01
 -1.0244E+00 -1.7050E-01 -1.5873E+00  9.5636E-02  1.8558E-01
  1.8002E+00  1.7013E-01 -5.7295E-01  9.5636E-02  1.8558E-01
 -1.8689E+00  8.8643E-02 -3.1207E-01  9.5636E-02  1.8558E-01
  3.2760E-01  1.1015E-01 -1.8651E+00  9.5636E-02  1.8558E-01
 -7.0023E-01 -1.8447E-01 -1.7437E+00  9.5257E-02  1.8781E-01
  1.2353E+00 -1.5648E-01  1.4192E+00  9.5257E-02  1.8781E-01
  1.5739E+00 -1.6317E-01 -1.0139E+00  9.4878E-02  1.9007E-01
 -1.3002E+00  4.3466E-02  1.3440E+00  9.4499E-02  1.9236E-01
  1.0807E+00 -6.6483E-02  1.5146E+00  9.4120E-02  1.9470E-01
 -1.1667E+00 -1.8156E-01 -1.4395E+00  9.4120E-02  1.9470E-01
 -1.5154E+00  4.3335E-02 -1.0808E+00  9.4120E-02  1.9470E-01
 -9.2438E-01  1.4314E-01  1.6097E+00  9.4120E-02  1.9470E-01
 -3.6991E-01  3.2018E-03 -1.8158E+00  9.3741E-02  1.9707E-01
 -1.7125E+00 -1.2101E-01 -6.7402E-01  9.3361E-02  1.9948E-01
 -3.1703E-02  4.2306E-02  1.8350E+00  9.2982E-02  2.0193E-01
 -1.2981E+00  6.7047E-02 -1.2963E+00  9.2982E-02  2.0193E-01
 -9.2980E-01  3.9703E-02 -1.5723E+00  9.2603E-02  2.0443E-01
  1.4637E+00 -9.5185E-02  1.0894E+00  9.2603E-02  2.0443E-01
 -1.4512E+00  1.3079E-01 -1.1024E+00  9.2603E-02  2.0443E-01
 -1.6727E+00 -6.5464E-02  7.1027E-01  9.2223E-02  2.0696E-01
 -1.4471E+00  5.0363E-02 -1.1001E+00  9.2223E-02  2.0696E-01
  3.7045E-01  1.4175E-01 -1.7659E+00  9.1844E-02  2.0954E-01
  7.5369E-02  4.4554E-02 -1.8078E+00  9.1844E-02  2.0954E-01
 -8.3852E-01 -8.7603E-02 -1.5918E+00  9.1464E-02  2.1216E-01
  1.1690E+00 -1.5071E-01  1.3622E+00  9.1464E-02  2.1216E-01
  1.2124E+00  1.7682E-01 -1.3205E+00  9.1464E-02  2.1216E-01
  1.7665E+00 -9.5242E-02 -3.3937E-01  9.1464E-02  2.1216E-01
 -1.7398E+00  1.2800E-01  4.1331E-01  9.1084E-02  2.1482E-01
 -1.7475E+00 -5.0969E-02 -3.9735E-01  9.1084E-02  2.1482E-01
 -6.7277E-01 -1.1705E-01 -1.6484E+00  9.0704E-02  2.1753E-01
  1.5518E+00  9.7395E-02 -8.7527E-01  9.0704E-02  2.1753E-01
  5.5908E-01 -9.2807E-02  1.6919E+00  9.0704E-02  2.1753E-01
 -2.3029E-01  6.8648E-02 -1.7680E+00  9.0704E-02  2.1753E-01
 -9.0027E-01 -1.0465E-01  1.5271E+00  9.0325E-02  2.2029E-01
 -1.5483E+00  1.6784E-01 -8.5329E-01  9.0325E-02  2.2029E-01
  1.3740E+00 -9.7345E-02 -1.1207E+00  9.0325E-02  2.2029E-01
 -1.6325E+00  7.0441E-02 -6.7334E-01  8.9945E-02  2.2309E-01
  8.7042E-01  1.7753E-01  1.5279E+00  8.9945E-02  2.2309E-01
  1.7422E+00  1.8514E-02  2.4128E-01  8.9565E-02  2.2594E-01
 -1.6296E+00  1.8831E-02  6.6172E-01  8.9565E-02  2.2594E-01
 -6.2972E-01 -1.4573E-01  1.6358E+00  8.9565E-02  2.2594E-01
  1.7149E+00 -2.1311E-02  3.9035E-01  8.9565E-02  2.2594E-01
  9.6688E-01  1.8235E-01 -1.4478E+00  8.9185E-02  2.2884E-01
  3.8658E-01  1.2059E-01 -1.7030E+00  8.9185E-02  2.2884E-01
 -4.5744E-01 -1.4634E-01  1.6833E+00  8.9185E-02  2.2884E-01
 -1.2189E+00  3.2373E-03 -1.2564E+00  8.9185E-02  2.2884E-01
 -1.7406E+00  1.8288E-01 -3.1749E-02  8.9185E-02  2.2884E-01
  1.7413E+00  5.2864E-02 -1.0959E-03  8.8805E-02  2.3179E-01
  4.2338E-01  9.5486E-02 -1.6872E+00  8.8805E-02  2.3179E-01
 -4.7426E-01 -1.0818E-01  1.6728E+00  8.8805E-02  2.3179E-01
  2.1110E-01 -8.9062E-02  1.7270E+00  8.8805E-02  2.3179E-01
 -1.6052E+00 -3.7006E-02 -6.3183E-01  8.8044E-02  2.3785E-01
 -1.2164E+00 -1.1899E-01  1.2179E+00  8.8044E-02  2.3785E-01
  1.5930E+00  1.2641E-01 -6.5091E-01  8.8044E-02  2.3785E-01
 -1.2009E+00 -6.5570E-02  1.2372E+00  8.8044E-02  2.3785E-01
 -1.0250E+00  1.1234E-01 -1.3731E+00  8.7664E-02  2.4095E-01
  1.6088E+00  6.7727E-04  6.0016E-01  8.7664E-02  2.4095E-01
 -1.5630E+00 -1.5128E-01  6.7400E-01  8.7284E-02  2.4412E-01
  1.5324E+00  1.7584E-01 -7.3548E-01  8.7284E-02  2.4412E-01
  1.5982E-02 -1.4711E-01 -1.6859E+00  8.6524E-02  2.5061E-01
  2.5672E-01 -1.8486E-01  1.6626E+00  8.6524E-02  2.5061E-01
 -7.3659E-01 -1.1552E-01  1.5193E+00  8.6524E-02  2.5061E-01
 -2.7250E-01  1.1577E-01  1.6663E+00  8.6524E-02  2.5061E-01
 -1.6692E+00 -1.3791E-01 -6.3654E-02  8.5763E-02  2.5734E-01
  1.9240E-01 -4.1872E-02  1.6645E+00  8.5763E-02  2.5734E-01
  1.4607E+00  5.9677E-02 -8.1983E-01  8.5763E-02  2.5734E-01
 -1.6256E+00 -1.7908E-01  2.8351E-01  8.5002E-02  2.6431E-01
 -2.0512E-01 -3.2460E-02  1.6306E+00  8.4241E-02  2.7154E-01
  5.3152E-01  1.3684E-01 -1.5494E+00  8.4241E-02  2.7154E-01
 -1.5823E+00 -8.4754E-02 -4.3721E-01  8.4241E-02  2.7154E-01
  7.3864E-01  6.8891E-02 -1.4489E+00  8.3480E-02  2.7903E-01
 -6.9640E-01  1.3790E-01 -1.4560E+00  8.3100E-02  2.8288E-01
 -2.9177E-02 -6.2371E-03 -1.6196E+00  8.3100E-02  2.8288E-01
  8.0090E-01 -1.0507E-01  1.3949E+00  8.2719E-02  2.8681E-01
  1.2168E+00  1.3616E-01 -1.0484E+00  8.2719E-02  2.8681E-01
 -4.8735E-01  9.0251E-03  1.5365E+00  8.2719E-02  2.8681E-01
 -1.6012E+00  1.2674E-01 -1.3541E-01  8.2719E-02  2.8681E-01
 -1.5707E+00 -4.5521E-02 -3.5911E-01  8.2719E-02  2.8681E-01
 -1.4276E+00  3.1691E-02  7.3058E-01  8.2338E-02  2.9080E-01
 -1.4850E+00  1.2001E-01 -5.9446E-01  8.2338E-02  2.9080E-01
 -6.9886E-01  1.4542E-01  1.4364E+00  8.2338E-02  2.9080E-01
 -1.5969E+00 -1.4289E-01  4.9940E-02  8.2338E-02  2.9080E-01
  1.1382E+00 -8.1478E-02 -1.1161E+00  8.1958E-02  2.9487E-01
 -5.4932E-01  1.1128E-01 -1.4945E+00  8.1958E-02  2.9487E-01
 -1.4151E+00  1.3312E-01 -7.0892E-01  8.1577E-02  2.9902E-01
  7.4008E-01 -6.7110E-03 -1.4054E+00  8.1577E-02  2.9902E-01
  1.3894E+00 -3.4142E-02  7.6893E-01  8.1577E-02  2.9902E-01
  8.7724E-01  1.5841E-01 -1.3052E+00  8.1197E-02  3.0324E-01
 -6.9462E-01  1.8894E-02  1.4196E+00  8.1197E-02  3.0324E-01
 -9.8919E-01  1.0576E-01  1.2282E+00  8.1197E-02  3.0324E-01
 -1.3330E-01  2.7541E-02 -1.5592E+00  8.0435E-02  3.1193E-01
  3.7583E-01  1.7687E-01  1.5090E+00  8.0435E-02  3.1193E-01
  1.6889E-01 -5.2102E-02 -1.5551E+00  8.0435E-02  3.1193E-01
  9.4146E-01 -1.3504E-01 -1.2430E+00  8.0435E-02  3.1193E-01
  1.5522E+00 -5.6756E-03  1.2795E-01  8.0055E-02  3.1640E-01
  5.1444E-01  1.8397E-01  1.4503E+00  7.9674E-02  3.2096E-01
  1.0736E+00  8.1525E-02  1.1147E+00  7.9674E-02  3.2096E-01
 -7.0206E-01  1.3896E-01 -1.3746E+00  7.9674E-02  3.2096E-01
  1.3748E+00  8.9243E-02 -7.0983E-01  7.9674E-02  3.2096E-01
 -2.6592E-01 -3.1172E-03 -1.5268E+00  7.9674E-02  3.2096E-01
  1.5250E+00 -3.4237E-02 -2.2651E-01  7.9293E-02  3.2561E-01
 -1.2709E+00  8.4776E-02  8.6944E-01  7.9293E-02  3.2561E-01
  1.4347E+00  9.6312E-02 -5.5740E-01  7.9293E-02  3.2561E-01
 -4.3208E-01 -1.4695E-01  1.4651E+00  7.8913E-02  3.3034E-01
  1.5159E+00 -9.3843E-02  4.7613E-02  7.8152E-02  3.4009E-01
 -1.3028E+00  1.1231E-01 -7.7392E-01  7.8152E-02  3.4009E-01
 -5.7739E-01 -1.0638E-01 -1.4015E+00  7.8152E-02  3.4009E-01
  4.9985E-02 -1.5159E-01 -1.5036E+00  7.7771E-02  3.4511E-01
 -1.3024E+00 -1.6053E-01 -7.5109E-01  7.7771E-02  3.4511E-01
  1.2456E+00 -2.1051E-02 -8.5692E-01  7.7771E-02  3.4511E-01
 -1.5022E+00 -1.4942E-01 -8.6062E-02  7.7771E-02  3.4511E-01
 -5.5190E-01 -1.4319E-01  1.3924E+00  7.7390E-02  3.5022E-01
  1.3065E+00 -5.2504E-02 -7.4445E-01  7.7390E-02  3.5022E-01
 -3.7528E-01  6.2090E-02 -1.4557E+00  7.7390E-02  3.5022E-01
  1.2417E+00 -1.7791E-01 -8.3091E-01  7.7390E-02  3.5022E-01
  1.4942E+00  1.7370E-01  3.2732E-02  7.7390E-02  3.5022E-01
 -1.2620E+00 -1.0918E-01 -7.9812E-01  7.7010E-02  3.5544E-01
  1.4864E+00  7.9061E-02 -1.6077E-01  7.7010E-02  3.5544E-01
  5.2051E-01  1.4191E-01 -1.3887E+00  7.6629E-02  3.6076E-01
  1.2805E+00  1.6018E-01  7.4446E-01  7.6629E-02  3.6076E-01
  7.8458E-01  3.6177E-02 -1.2660E+00  7.6629E-02  3.6076E-01
 -1.2510E+00  1.4341E-01  7.8245E-01  7.6248E-02  3.6619E-01
 -1.3547E+00  1.4121E-01 -5.8540E-01  7.6248E-02  3.6619E-01
  1.3168E+00  1.6148E-01 -6.6154E-01  7.6248E-02  3.6619E-01
 -2.6025E-01  1.2474E-01  1.4467E+00  7.5868E-02  3.7173E-01
 -4.6257E-01 -1.1096E-02 -1.4008E+00  7.5868E-02  3.7173E-01
 -1.0840E+00 -5.0693E-02  9.9926E-01  7.5868E-02  3.7173E-01
 -1.3797E+00 -5.3925E-02 -5.1938E-01  7.5868E-02  3.7173E-01
 -1.0727E+00  1.3186E-01  9.9336E-01  7.5487E-02  3.7739E-01
 -5.2747E-01 -1.6412E-01  1.3600E+00  7.5487E-02  3.7739E-01
  1.4578E+00 -8.8850E-02 -2.7049E-02  7.5106E-02  3.8315E-01
 -4.3497E-01 -1.3738E-02  1.3944E+00  7.5106E-02  3.8315E-01
 -6.0917E-01  1.5013E-02  1.3276E+00  7.5106E-02  3.8315E-01
  8.0967E-01 -4.4142E-02  1.1977E+00  7.4345E-02  3.9504E-01
  1.3046E+00 -1.7633E-01  5.9909E-01  7.4345E-02  3.9504E-01
  7.6103E-01 -1.0188E-01 -1.2258E+00  7.4345E-02  3.9504E-01
 -1.7987E-01 -1.4612E-01  1.4205E+00  7.3965E-02  4.0117E-01
 -1.3307E+00  1.4783E-02 -5.4822E-01  7.3965E-02  4.0117E-01
  1.4051E+00  1.0767E-01 -2.9292E-01  7.3965E-02  4.0117E-01
 -1.4168E+00  1.6417E-01 -1.9337E-01  7.3965E-02  4.0117E-01
  3.4408E-01  3.6798E-02 -1.3971E+00  7.3965E-02  4.0117E-01
 -3.5764E-02 -1.0631E-01 -1.4278E+00  7.3584E-02  4.0743E-01
  8.8723E-01 -1.1257E-01 -1.1187E+00  7.3584E-02  4.0743E-01
  1.2813E+00  1.7350E-01 -6.1612E-01  7.3584E-02  4.0743E-01
  5.9908E-01 -1.3415E-02  1.3009E+00  7.3584E-02  4.0743E-01
 -1.2731E+00  1.2879E-01 -6.2752E-01  7.3203E-02  4.1382E-01
 -1.3033E+00 -8.1626E-02 -5.7094E-01  7.3203E-02  4.1382E-01
  5.3873E-01  9.8455E-02 -1.3158E+00  7.3203E-02  4.1382E-01
  4.2657E-01 -9.5936E-02 -1.3492E+00  7.2822E-02  4.2035E-01
  1.2932E+00 -4.2219E-02  5.8069E-01  7.2822E-02  4.2035E-01
 -1.3901E+00 -1.6504E-01  2.2773E-01  7.2822E-02  4.2035E-01
 -8.1316E-01 -7.6028E-02  1.1510E+00  7.2442E-02  4.2701E-01
  4.0730E-01 -1.7531E-01  1.3398E+00  7.2442E-02  4.2701E-01
  7.6067E-01  1.5056E-01  1.1792E+00  7.2442E-02  4.2701E-01
 -6.1799E-01 -8.7254E-02  1.2658E+00  7.2442E-02  4.2701E-01
  1.1888E+00  1.2759E-01 -7.3678E-01  7.2061E-02  4.3381E-01
  9.5758E-01  1.4451E-01 -1.0171E+00  7.2061E-02  4.3381E-01
 -1.0926E+00 -1.2760E-01 -8.6202E-01  7.1680E-02  4.4076E-01
  1.0678E+00 -1.4211E-01 -8.9031E-01  7.1680E-02  4.4076E-01
  4.7248E-01 -4.4175E-02  1.3145E+00  7.1680E-02  4.4076E-01
  1.2779E+00 -9.4191E-02 -5.5799E-01  7.1680E-02  4.4076E-01
  5.7731E-01 -1.6294E-01  1.2547E+00  7.1300E-02  4.4786E-01
 -1.7246E-01 -5.0036E-02 -1.3723E+00  7.0919E-02  4.5511E-01
  2.6641E-01 -1.6349E-01  1.3413E+00  7.0538E-02  4.6253E-01
  4.0318E-01 -2.4396E-02 -1.3097E+00  7.0157E-02  4.7010E-01
 -1.0578E+00 -1.2903E-01 -8.6189E-01  7.0157E-02  4.7010E-01
  1.3606E+00  1.6397E-01 -1.3385E-02  7.0157E-02  4.7010E-01
  7.1459E-01 -1.1862E-01 -1.1479E+00  6.9395E-02  4.8575E-01
 -1.2465E+00  2.8040E-02 -5.3638E-01  6.9395E-02  4.8575E-01
  2.2110E-01  7.1900E-02 -1.3306E+00  6.9014E-02  4.9384E-01
 -1.3399E+00  1.6429E-01  4.7845E-02  6.9014E-02  4.9384E-01
 -1.3013E+00 -1.2789E-01 -3.3868E-01  6.9014E-02  4.9384E-01
  5.9245E-01 -9.0640E-02 -1.2032E+00  6.8633E-02  5.0211E-01
 -1.4429E-01  2.2360E-02  1.3363E+00  6.8633E-02  5.0211E-01
 -1.1105E+00  5.1867E-02 -7.4415E-01  6.8252E-02  5.1057E-01
  2.4441E-01  1.5572E-01 -1.3060E+00  6.8252E-02  5.1057E-01
  1.3137E+00  1.7859E-01  1.2220E-01  6.7871E-02  5.1923E-01
 -1.2289E+00  1.2503E-01 -4.9662E-01  6.7871E-02  5.1923E-01
 -7.3932E-01  1.7419E-01  1.0934E+00  6.7871E-02  5.1923E-01
  1.2968E+00  1.1235E-01  2.7958E-01  6.7871E-02  5.1923E-01
  1.7511E-01  1.3612E-01 -1.3063E+00  6.7489E-02  5.2808E-01
  1.1133E+00  1.1962E-01 -7.0836E-01  6.7489E-02  5.2808E-01
  7.7850E-01  3.6417E-02 -1.0715E+00  6.7489E-02  5.2808E-01
 -1.3085E+00  6.9215E-03 -2.0814E-01  6.7489E-02  5.2808E-01
 -6.9781E-01 -6.1670E-02  1.1172E+00  6.7108E-02  5.3713E-01
 -7.2793E-01  1.5469E-01 -1.0886E+00  6.7108E-02  5.3713E-01
  8.8600E-01  1.1746E-01 -9.6958E-01  6.7108E-02  5.3713E-01
  1.2905E+00  1.8048E-01 -1.5620E-01  6.6726E-02  5.4640E-01
  9.0801E-01 -1.7150E-01 -9.3191E-01  6.6726E-02  5.4640E-01
 -4.2847E-01 -1.7475E-01 -1.2214E+00  6.6345E-02  5.5588E-01
  1.2418E+00  1.1586E-02  3.8433E-01  6.5963E-02  5.6559E-01
  6.6787E-01 -4.0964E-02  1.1145E+00  6.5963E-02  5.6559E-01
 -8.1324E-01  1.2466E-02 -1.0062E+00  6.5581E-02  5.7553E-01
 -1.2543E+00 -1.4006E-02  3.1717E-01  6.5581E-02  5.7553E-01
 -1.2847E+00  1.5304E-01  1.4537E-02  6.5581E-02  5.7553E-01
  9.9261E-01  1.1327E-01 -8.1253E-01  6.5199E-02  5.8571E-01
 -1.2653E+00  9.3717E-02 -1.8165E-01  6.4817E-02  5.9614E-01
 -1.1373E+00 -9.1019E-02 -5.8411E-01  6.4817E-02  5.9614E-01
  2.6656E-02  4.8305E-02 -1.2745E+00  6.4434E-02  6.0681E-01
 -2.7469E-01 -1.1495E-01  1.2405E+00  6.4434E-02  6.0681E-01
 -9.3709E-01  6.0031E-02 -8.6358E-01  6.4434E-02  6.0681E-01
  7.0800E-01 -4.1455E-03 -1.0541E+00  6.4051E-02  6.1776E-01
 -9.2151E-01 -3.4383E-02  8.7295E-01  6.4051E-02  6.1776E-01
  1.0999E+00  1.2052E-01  6.2299E-01  6.4051E-02  6.1776E-01
  2.5391E-01 -9.6972E-02 -1.2404E+00  6.4051E-02  6.1776E-01
  9.8473E-01  1.2647E-01 -7.9165E-01  6.4051E-02  6.1776E-01
  1.1952E+00  1.6914E-01  3.7480E-01  6.3669E-02  6.2897E-01
  1.2312E+00  1.7764E-01 -1.8789E-01  6.3285E-02  6.4046E-01
  4.7329E-01 -5.8877E-02 -1.1642E+00  6.3285E-02  6.4046E-01
 -3.3296E-01  1.1078E-01 -1.2082E+00  6.3285E-02  6.4046E-01
 -5.0111E-01  1.5783E-01  1.1431E+00  6.3285E-02  6.4046E-01
  1.1690E+00 -6.2325E-02 -4.6076E-01  6.3285E-02  6.4046E-01
 -5.5047E-01  1.5636E-01 -1.1139E+00  6.2902E-02  6.5224E-01
 -1.0798E+00  1.2771E-01 -6.2127E-01  6.2902E-02  6.5224E-01
  7.6209E-01  1.4025E-01 -9.7648E-01  6.2518E-02  6.6433E-01
 -4.3046E-02 -7.8464E-02 -1.2434E+00  6.2518E-02  6.6433E-01
 -3.8374E-01  1.4777E-01  1.1768E+00  6.2518E-02  6.6433E-01
 -1.2383E+00  1.4298E-01 -1.5052E-02  6.2518E-02  6.6433E-01
  6.5474E-01 -1.2848E-01 -1.0463E+00  6.2134E-02  6.7672E-01
  9.7909E-01  1.6775E-01  7.4372E-01  6.2134E-02  6.7672E-01
  4.9587E-01  9.1561E-02 -1.1338E+00  6.2134E-02  6.7672E-01
  1.1747E+00  9.2755E-02 -3.7083E-01  6.1750E-02  6.8943E-01
  1.0056E+00  1.3487E-01  6.9478E-01  6.1365E-02  7.0248E-01
  1.1229E+00 -3.8755E-02 -4.9975E-01  6.1365E-02  7.0248E-01
 -1.1913E+00 -6.4412E-02  2.7457E-01  6.0980E-02  7.1587E-01
 -1.7085E-01  1.0650E-01 -1.2020E+00  6.0595E-02  7.2962E-01
  7.5640E-01 -4.8653E-02  9.5439E-01  6.0595E-02  7.2962E-01
 -1.2071E+00 -1.6732E-02  1.2161E-01  6.0209E-02  7.4374E-01
  1.1919E+00 -1.3893E-01 -1.7961E-01  6.0209E-02  7.4374E-01
 -2.6618E-01 -3.1943E-02  1.1834E+00  6.0209E-02  7.4374E-01
 -1.1362E+00  1.7962E-01 -3.6896E-01  5.9822E-02  7.5825E-01
  6.7024E-01 -8.0021E-03 -1.0050E+00  5.9822E-02  7.5825E-01
  8.5366E-01  1.5937E-01  8.3972E-01  5.9822E-02  7.5825E-01
  6.7706E-01  9.6567E-03 -1.0004E+00  5.9822E-02  7.5825E-01
  3.7425E-01 -1.7310E-01 -1.1355E+00  5.9822E-02  7.5825E-01
  1.1986E+00  2.1081E-02 -1.4935E-01  5.9822E-02  7.5825E-01
 -3.2507E-01 -6.5990E-02  1.1561E+00  5.9436E-02  7.7315E-01
  1.0377E+00 -7.0059E-02 -6.0404E-01  5.9436E-02  7.7315E-01
  6.7060E-01  3.4948E-02  9.9148E-01  5.9048E-02  7.8847E-01
 -5.6266E-01  6.9116E-02  1.0548E+00  5.9048E-02  7.8847E-01
  4.2975E-01 -1.4225E-02  1.1176E+00  5.9048E-02  7.8847E-01
 -9.8136E-01 -1.2615E-01 -6.7452E-01  5.9048E-02  7.8847E-01
  5.9594E-01 -8.9162E-02  1.0348E+00  5.9048E-02  7.8847E-01
  4.7913E-01  1.4715E-01  1.0818E+00  5.8660E-02  8.0422E-01
 -8.3792E-01 -1.0604E-01  8.3429E-01  5.8271E-02  8.2042E-01
  7.1930E-01 -3.2330E-02 -9.4391E-01  5.8271E-02  8.2042E-01
  1.0848E+00  5.8723E-03 -4.6967E-01  5.7882E-02  8.3709E-01
  1.0878E+00  9.2773E-02  4.5325E-01  5.7882E-02  8.3709E-01
  1.1387E+00  1.5190E-02  3.1713E-01  5.7882E-02  8.3709E-01
 -6.5366E-01  1.8593E-02 -9.7878E-01  5.7492E-02  8.5424E-01
  8.9933E-01 -6.9133E-02 -7.5633E-01  5.7492E-02  8.5424E-01
 -3.0913E-01 -3.2832E-02  1.1353E+00  5.7492E-02  8.5424E-01
  1.0840E+00 -1.6580E-01 -4.1413E-01  5.7101E-02  8.7190E-01
  1.0847E+00 -1.8449E-01 -4.0422E-01  5.7101E-02  8.7190E-01
 -6.5829E-01  1.5674E-01 -9.5114E-01  5.6710E-02  8.9009E-01
  1.1288E+00 -2.9774E-02  2.9564E-01  5.6710E-02  8.9009E-01
 -4.0809E-01  1.1597E-01 -1.0875E+00  5.6710E-02  8.9009E-01
 -2.7983E-01  1.7852E-01  1.1141E+00  5.6317E-02  9.0882E-01
  1.0920E+00 -1.3503E-01  3.5988E-01  5.5924E-02  9.2814E-01
 -7.5300E-01 -1.7945E-01 -8.5453E-01  5.5530E-02  9.4805E-01
 -1.1132E+00 -4.7133E-03 -3.0052E-01  5.5530E-02  9.4805E-01
 -5.3616E-01 -2.7761E-02  1.0151E+00  5.5134E-02  9.6859E-01
 -7.9973E-01 -1.4246E-01 -8.1173E-01  5.5134E-02  9.6859E-01
 -7.6885E-01 -1.3685E-01 -8.4197E-01  5.5134E-02  9.6859E-01
 -1.0935E+00 -1.1039E-01  3.3296E-01  5.5134E-02  9.6859E-01
 -9.7322E-01  4.7135E-02  6.0778E-01  5.5134E-02  9.6859E-01
  9.3424E-02  1.7684E-01  1.1308E+00  5.5134E-02  9.6859E-01
 -1.1138E+00  1.6572E-01  2.2531E-01  5.5134E-02  9.6859E-01
 -9.4921E-01  9.1593E-02 -6.3158E-01  5.4738E-02  9.8980E-01
  9.0723E-01 -1.3560E-01 -6.8325E-01  5.4738E-02  9.8980E-01
 -3.6342E-01  1.4092E-01  1.0753E+00  5.4738E-02  9.8980E-01
 -9.4210E-01 -4.7988E-03 -6.4861E-01  5.4738E-02  9.8980E-01
  2.1511E-01 -5.9934E-02 -1.1218E+00  5.4738E-02  9.8980E-01
  7.0656E-01 -7.1250E-02  8.9088E-01  5.4340E-02  1.0117E+00
 -9.2793E-01 -3.5519E-02 -6.5233E-01  5.3941E-02  1.0343E+00
  5.4923E-01  2.3575E-02  9.9280E-01  5.3941E-02  1.0343E+00
 -8.8099E-01  1.2373E-01 -7.0455E-01  5.3941E-02  1.0343E+00
 -9.0494E-01  6.7135E-02 -6.8148E-01  5.3941E-02  1.0343E+00
 -6.6636E-02  1.8264E-01 -1.1181E+00  5.3941E-02  1.0343E+00
  9.7017E-01  5.0701E-02  5.7803E-01  5.3541E-02  1.0577E+00
 -1.0858E+00 -3.4343E-02 -3.1273E-01  5.3541E-02  1.0577E+00
  6.3785E-01 -1.0304E-01  9.2760E-01  5.3541E-02  1.0577E+00
 -8.5568E-01  8.2327E-03 -7.3869E-01  5.3541E-02  1.0577E+00
  7.0896E-01  9.3365E-02 -8.6995E-01  5.3139E-02  1.0818E+00
 -8.4154E-01  8.5113E-02 -7.4346E-01  5.3139E-02  1.0818E+00
 -9.9635E-01 -1.2662E-01  4.9036E-01  5.2331E-02  1.1327E+00
 -7.5957E-01 -8.7251E-02 -8.1526E-01  5.2331E-02  1.1327E+00
  6.3799E-01  1.5848E-01 -8.9881E-01  5.1925E-02  1.1595E+00
 -9.5854E-01  9.6845E-02 -5.5842E-01  5.1925E-02  1.1595E+00
  7.2484E-01 -8.9398E-02  8.4060E-01  5.1925E-02  1.1595E+00
 -2.1063E-01 -1.4952E-01 -1.0790E+00  5.1516E-02  1.1873E+00
 -1.0459E+00 -1.3162E-01 -3.4614E-01  5.1516E-02  1.1873E+00
 -4.9416E-02  8.4434E-02  1.1052E+00  5.1516E-02  1.1873E+00
 -7.5401E-01 -1.8685E-02  8.0824E-01  5.1106E-02  1.2161E+00
 -4.0394E-01  1.5382E-01  1.0175E+00  5.1106E-02  1.2161E+00
 -1.2165E-01 -1.2416E-01  1.0878E+00  5.0694E-02  1.2461E+00
 -1.0837E+00 -1.2972E-02  1.9704E-01  5.0694E-02  1.2461E+00
 -8.1480E-02 -8.3291E-02 -1.0954E+00  5.0694E-02  1.2461E+00
 -6.6311E-01 -1.7434E-02 -8.7946E-01  5.0694E-02  1.2461E+00
  2.4152E-01 -1.0639E-01 -1.0655E+00  5.0279E-02  1.2771E+00
  7.3885E-01 -3.6650E-02 -8.1101E-01  5.0279E-02  1.2771E+00
 -1.0732E+00  4.6209E-02 -2.2580E-01  5.0279E-02  1.2771E+00
  7.6822E-01  8.8670E-02  7.7908E-01  5.0279E-02  1.2771E+00
  1.0364E+00  2.7741E-02 -3.3724E-01  4.9444E-02  1.3430E+00
  9.1481E-01  9.9077E-02  5.8468E-01  4.9444E-02  1.3430E+00
 -2.7728E-01  1.2097E-01 -1.0436E+00  4.9022E-02  1.3780E+00
  9.0470E-01  4.4308E-02  6.0012E-01  4.9022E-02  1.3780E+00
  1.0509E-01 -5.2523E-02 -1.0802E+00  4.9022E-02  1.3780E+00
  1.0209E+00  7.8248E-02  3.6365E-01  4.9022E-02  1.3780E+00
 -1.9118E-02  3.4398E-02 -1.0858E+00  4.9022E-02  1.3780E+00
  2.0447E-01  1.6048E-01 -1.0550E+00  4.9022E-02  1.3780E+00
 -2.3770E-01 -7.7215E-02  1.0537E+00  4.8597E-02  1.4144E+00
 -8.1350E-01  6.6481E-02  7.0642E-01  4.8170E-02  1.4524E+00
  2.8264E-01 -4.9561E-02  1.0406E+00  4.8170E-02  1.4524E+00
 -4.0171E-01 -4.3303E-02  1.0010E+00  4.8170E-02  1.4524E+00
  4.9685E-01 -1.3830E-01 -9.4828E-01  4.8170E-02  1.4524E+00
 -9.7334E-01  1.4431E-01  4.4387E-01  4.8170E-02  1.4524E+00
  3.0876E-01  6.8722E-02  1.0321E+00  4.8170E-02  1.4524E+00
 -1.0058E+00 -6.3485E-02  3.8676E-01  4.8170E-02  1.4524E+00
  9.2511E-01  9.8578E-02  5.4061E-01  4.7739E-02  1.4920E+00
  1.0639E+00 -1.2237E-01  6.0449E-02  4.7306E-02  1.5334E+00
  4.4377E-01  1.0022E-01  9.7138E-01  4.7306E-02  1.5334E+00
  2.6925E-01  1.4691E-02 -1.0382E+00  4.7306E-02  1.5334E+00
 -9.9753E-01 -1.7577E-01  3.5298E-01  4.7306E-02  1.5334E+00
 -3.1666E-01  1.0917E-01  1.0155E+00  4.6868E-02  1.5768E+00
  9.5153E-01 -1.2304E-01  4.7218E-01  4.6868E-02  1.5768E+00
  8.7591E-01  1.2567E-01 -6.0040E-01  4.6868E-02  1.5768E+00
 -9.6739E-02 -5.4903E-02 -1.0635E+00  4.6868E-02  1.5768E+00
  1.0629E+00  2.6550E-02  1.1408E-01  4.6868E-02  1.5768E+00
 -8.8544E-01  2.5149E-02  5.9326E-01  4.6427E-02  1.6222E+00
 -1.0169E+00  5.1040E-03  3.2018E-01  4.6427E-02  1.6222E+00
 -3.6482E-01  1.2706E-01 -9.9366E-01  4.6427E-02  1.6222E+00
  1.0219E+00  5.7731E-02 -2.9833E-01  4.6427E-02  1.6222E+00
 -8.5399E-01 -2.9398E-02  6.3752E-01  4.6427E-02  1.6222E+00
  5.8793E-02  1.6584E-01  1.0483E+00  4.5982E-02  1.6697E+00
 -1.7800E-01  9.8285E-02 -1.0433E+00  4.5982E-02  1.6697E+00
  1.0142E+00  1.1469E-02 -3.1798E-01  4.5982E-02  1.6697E+00
  1.4030E-01 -3.1751E-02  1.0532E+00  4.5982E-02  1.6697E+00
  4.9000E-01  9.1525E-02  9.3534E-01  4.5533E-02  1.7196E+00
 -7.6301E-01 -6.4252E-02 -7.3282E-01  4.5533E-02  1.7196E+00
  1.0195E+00 -1.3276E-01  2.5745E-01  4.5533E-02  1.7196E+00
  1.7118E-01  1.3816E-01 -1.0368E+00  4.5533E-02  1.7196E+00
 -1.0379E+00 -1.7553E-01 -1.2326E-01  4.5533E-02  1.7196E+00
 -2.9149E-01  1.3270E-01  1.0103E+00  4.5533E-02  1.7196E+00
  1.0112E+00 -5.1296E-02  3.0299E-01  4.5079E-02  1.7721E+00
 -3.9476E-01 -6.8203E-02 -9.7800E-01  4.5079E-02  1.7721E+00
 -6.9541E-01  4.3500E-02 -7.9466E-01  4.5079E-02  1.7721E+00
  9.0025E-02  3.8733E-02 -1.0523E+00  4.5079E-02  1.7721E+00
 -1.0246E+00 -1.7151E-01 -1.7775E-01  4.4620E-02  1.8273E+00
 -8.9563E-01  1.8475E-01  5.2391E-01  4.4620E-02  1.8273E+00
  1.0482E+00  8.5854E-03 -7.7440E-02  4.4156E-02  1.8855E+00
 -8.9049E-01  1.8045E-01 -5.2840E-01  4.4156E-02  1.8855E+00
 -6.8330E-01 -1.7148E-01  7.8003E-01  4.4156E-02  1.8855E+00
  9.5623E-01  1.0634E-01  4.1618E-01  4.3687E-02  1.9469E+00
  1.0302E+00  1.7348E-01 -8.6350E-02  4.3687E-02  1.9469E+00
  6.5328E-01 -1.0011E-01 -8.1020E-01  4.3212E-02  2.0119E+00
  7.4818E-02  1.4953E-01 -1.0294E+00  4.2730E-02  2.0806E+00
  2.3218E-01  6.5690E-02  1.0146E+00  4.2730E-02  2.0806E+00
  1.0294E+00  6.7133E-02 -1.5358E-01  4.2730E-02  2.0806E+00
 -6.2305E-01 -1.2424E-01 -8.2385E-01  4.2242E-02  2.1536E+00
 -4.4927E-01  2.2746E-02 -9.3809E-01  4.2242E-02  2.1536E+00
  7.6658E-01 -1.0392E-01 -6.9564E-01  4.2242E-02  2.1536E+00
 -1.0212E+00 -1.8223E-01  7.9026E-02  4.2242E-02  2.1536E+00
  3.9253E-01 -1.2463E-01  9.5267E-01  4.1747E-02  2.2312E+00
 -4.5938E-01  1.0335E-01 -9.2492E-01  4.1747E-02  2.2312E+00
  9.9567E-01  1.8019E-01 -2.1991E-01  4.1244E-02  2.3138E+00
 -1.3566E-01 -1.5834E-01  1.0143E+00  4.1244E-02  2.3138E+00
  1.0237E+00  2.7590E-02  1.5307E-01  4.1244E-02  2.3138E+00
 -6.9725E-02  1.4162E-01 -1.0210E+00  4.0733E-02  2.4020E+00
 -8.2970E-01  1.1525E-01 -6.0085E-01  4.0213E-02  2.4964E+00
 -6.8556E-01  7.0191E-02 -7.6667E-01  4.0213E-02  2.4964E+00
  6.9173E-01 -6.3110E-02  7.6174E-01  4.0213E-02  2.4964E+00
  4.8365E-01  1.2568E-02  9.1029E-01  4.0213E-02  2.4964E+00
  8.3608E-01  1.6468E-01 -5.8013E-01  4.0213E-02  2.4964E+00
 -3.1374E-01 -1.5031E-01  9.6809E-01  3.9683E-02  2.5977E+00
 -1.0133E+00  1.6562E-01 -6.2571E-02  3.9683E-02  2.5977E+00
  1.0133E+00 -1.3548E-01 -1.1434E-01  3.9683E-02  2.5977E+00
 -3.3556E-01  5.7279E-02 -9.7074E-01  3.9683E-02  2.5977E+00
  3.4797E-01  1.5896E-01  9.5492E-01  3.9683E-02  2.5977E+00
  1.0883E-01 -1.4698E-01  1.0102E+00  3.9143E-02  2.7067E+00
  7.6636E-01  1.2588E-01 -6.6828E-01  3.8592E-02  2.8243E+00
  7.2466E-01  1.4319E-01 -7.1000E-01  3.8592E-02  2.8243E+00
  9.7996E-01 -6.3083E-02 -2.9231E-01  3.8592E-02  2.8243E+00
  9.8382E-01  1.3907E-01  2.4191E-01  3.8029E-02  2.9517E+00
 -1.0118E+00 -3.9324E-02  1.4305E-01  3.8029E-02  2.9517E+00
  6.0388E-01 -1.3946E-01 -8.1341E-01  3.8029E-02  2.9517E+00
  5.1048E-01 -1.5142E-01  8.7088E-01  3.7452E-02  3.0900E+00
  6.9573E-02 -1.1983E-01  1.0113E+00  3.7452E-02  3.0900E+00
 -4.6782E-01 -1.0594E-02 -9.0718E-01  3.7452E-02  3.0900E+00
  2.6273E-01 -1.6771E-01 -9.7201E-01  3.7452E-02  3.0900E+00
  2.0408E-01 -8.0619E-02 -9.9506E-01  3.6862E-02  3.2409E+00
 -4.3886E-01 -1.5973E-01  9.0565E-01  3.6862E-02  3.2409E+00
  4.0305E-01  1.5723E-01  9.2068E-01  3.6256E-02  3.4062E+00
  9.7287E-02 -1.7587E-01 -9.9721E-01  3.6256E-02  3.4062E+00
  5.0086E-01 -1.0722E-01  8.7890E-01  3.6256E-02  3.4062E+00
 -8.6231E-01  1.0487E-01  5.2939E-01  3.6256E-02  3.4062E+00
 -4.3716E-02 -1.7998E-01 -9.9860E-01  3.5633E-02  3.5880E+00
  2.9317E-03  3.5175E-02  1.0150E+00  3.5633E-02  3.5880E+00
  4.0645E-01  1.1426E-01 -9.2201E-01  3.4991E-02  3.7890E+00
 -1.0734E-01  6.2790E-03 -1.0084E+00  3.4991E-02  3.7890E+00
 -8.8131E-01 -1.3939E-01 -4.8190E-01  3.4991E-02  3.7890E+00
  3.4424E-01 -1.1899E-01  9.4641E-01  3.4991E-02  3.7890E+00
  7.0207E-02 -8.0362E-02 -1.0085E+00  3.4991E-02  3.7890E+00
  1.0043E+00 -7.3879E-02 -1.0676E-01  3.4329E-02  4.0125E+00
  7.6209E-01  7.2051E-02 -6.6288E-01  3.4329E-02  4.0125E+00
 -7.8144E-01 -5.0006E-02  6.4205E-01  3.4329E-02  4.0125E+00
 -7.3946E-01  1.7917E-01 -6.6819E-01  3.4329E-02  4.0125E+00
  2.7233E-01  3.8442E-02  9.7455E-01  3.4329E-02  4.0125E+00
 -1.9968E-01  5.5510E-02 -9.9117E-01  3.4329E-02  4.0125E+00
 -4.8386E-01  2.1732E-02  8.8768E-01  3.3644E-02  4.2626E+00
 -1.0070E+00  3.9367E-02  8.3509E-02  3.3644E-02  4.2626E+00
  1.9408E-01  1.0820E-01  9.8651E-01  3.3644E-02  4.2626E+00
 -8.6463E-01 -1.1028E-01 -5.1266E-01  3.3644E-02  4.2626E+00
 -5.4325E-01  1.2896E-01  8.4310E-01  3.3644E-02  4.2626E+00
 -9.4638E-01  1.6915E-01 -3.1357E-01  3.3644E-02  4.2626E+00
 -9.4383E-01 -9.6815E-02  3.4602E-01  3.2934E-02  4.5444E+00
 -6.9352E-01 -5.8948E-02 -7.3176E-01  3.2934E-02  4.5444E+00
 -8.0658E-01 -2.7365E-02 -6.0508E-01  3.2195E-02  4.8645E+00
 -2.5077E-01  1.2923E-01 -9.6723E-01  3.1425E-02  5.2312E+00
 -9.9657E-01  7.7899E-02 -1.1723E-01  3.0618E-02  5.6557E+00
  6.5601E-01 -1.2728E-01  7.5261E-01  3.0618E-02  5.6557E+00
  7.9339E-01 -1.6688E-01 -5.9636E-01  3.0618E-02  5.6557E+00
 -8.4181E-01  2.5483E-02  5.5107E-01  3.0618E-02  5.6557E+00
 -9.3352E-01 -1.7944E-01 -3.3063E-01  3.0618E-02  5.6557E+00
 -1.0009E+00  2.1437E-02  1.0383E-01  3.0618E-02  5.6557E+00
 -9.9848E-01 -2.2277E-02 -1.1632E-01  2.9770E-02  6.1530E+00
 -6.4860E-01 -1.5051E-01 -7.5342E-01  2.9770E-02  6.1530E+00
 -1.4453E-01  5.5337E-02  9.9258E-01  2.8874E-02  6.7438E+00
 -8.6766E-01 -1.8229E-01 -4.7234E-01  2.8874E-02  6.7438E+00
  1.0003E+00 -7.2680E-02  5.7938E-02  2.8874E-02  6.7438E+00
  3.5894E-01 -1.5951E-01  9.2460E-01  2.8874E-02  6.7438E+00
 -9.9707E-01  2.6345E-02  1.1258E-01  2.7921E-02  7.4574E+00
  7.8308E-02 -1.8113E-01 -9.8416E-01  2.7921E-02  7.4574E+00
  9.8985E-01  1.4963E-01 -7.2972E-02  2.7921E-02  7.4574E+00
  2.8913E-01  4.9851E-02  9.5914E-01  2.6903E-02  8.3369E+00
 -4.0963E-01  1.7715E-01 -8.9824E-01  2.6903E-02  8.3369E+00
  7.6193E-01  2.8341E-02  6.5167E-01  2.6903E-02  8.3369E+00
 -3.1606E-01  4.0686E-03  9.5190E-01  2.6903E-02  8.3369E+00
  6.8034E-01  1.1533E-02  7.3691E-01  2.6903E-02  8.3369E+00
  9.7504E-01  1.7456E-01  1.5764E-01  2.6903E-02  8.3369E+00
 -4.4879E-01  1.7720E-01 -8.7857E-01  2.5804E-02  9.4481E+00
 -6.0101E-01 -1.4813E-01 -7.8838E-01  2.5804E-02  9.4481E+00
  5.2973E-01 -1.3393E-01  8.4032E-01  2.5804E-02  9.4481E+00
 -8.1090E-01 -6.2299E-02  5.8587E-01  2.5804E-02  9.4481E+00
  3.8208E-01  1.2579E-01 -9.1809E-01  2.5804E-02  9.4481E+00
  6.5327E-01  1.1039E-01 -7.5216E-01  2.5804E-02  9.4481E+00
 -3.5829E-01  7.0543E-02 -9.3346E-01  2.5804E-02  9.4481E+00
  5.1320E-01 -1.6142E-01 -8.4573E-01  2.5804E-02  9.4481E+00
  4.5289E-01  1.0064E-01 -8.8786E-01  2.4606E-02  1.0897E+01
 -3.7925E-01 -1.0332E-01  9.2143E-01  2.4606E-02  1.0897E+01
  9.8785E-01 -1.6405E-01  2.7859E-02  2.4606E-02  1.0897E+01
 -1.0601E-01  9.8067E-03  9.9559E-01  2.3280E-02  1.2866E+01
 -9.1342E-02  6.0187E-02  9.9528E-01  2.3280E-02  1.2866E+01
 -9.4298E-01  1.5864E-01  2.9693E-01  2.3280E-02  1.2866E+01
  5.6955E-01  7.1200E-02  8.1991E-01  2.1787E-02  1.5696E+01
 -9.0980E-01 -1.5518E-01 -3.8714E-01  2.1787E-02  1.5696E+01
  9.1171E-01  1.4804E-01  3.8545E-01  2.1787E-02  1.5696E+01
 -8.8544E-01 -1.2941E-01 -4.4828E-01  2.1787E-02  1.5696E+01
  9.5374E-01  2.5062E-02 -3.0132E-01  2.0058E-02  2.0115E+01
 -3.7809E-01  7.4442E-02  9.2334E-01  2.0058E-02  2.0115E+01
  1.0593E-01 -1.6620E-01  9.8092E-01  2.0058E-02  2.0115E+01
  8.7259E-01  1.5277E-01 -4.6507E-01  2.0058E-02  2.0115E+01
 -9.9252E-01  7.6519E-02 -9.7921E-02  1.7969E-02  2.7981E+01
  5.0786E-01  1.3266E-01  8.5148E-01  1.7969E-02  2.7981E+01
 -5.0522E-01  3.3706E-03  8.6330E-01  1.7969E-02  2.7981E+01
 -9.9663E-01  7.0793E-02 -4.7407E-02  1.7969E-02  2.7981E+01
