0.28326857142858D+02       589
(x,y,z) position of the X-ray source
 -0.1456E+01  0.5537E-01  0.1057E+01
x | y | z | R | rho
  1.2871E+00  2.8118E-01  9.8705E+00  3.2157E-01  4.8819E-03
 -8.3395E-01  2.9480E-02  9.1802E+00  3.0498E-01  5.7228E-03
 -1.4639E+00  3.6757E-01  8.7994E+00  2.9834E-01  6.1129E-03
  3.6298E-01  1.6969E-01  8.9189E+00  2.9834E-01  6.1129E-03
  1.5533E-01  3.5256E-01  8.8108E+00  2.9584E-01  6.2694E-03
  1.3397E+00  3.5491E-02  8.4971E+00  2.9081E-01  6.6004E-03
  6.5837E-01  2.3817E-01  8.5132E+00  2.8941E-01  6.6969E-03
 -2.0702E+00 -2.8561E-01  8.2699E+00  2.8913E-01  6.7165E-03
  2.0092E-02  2.6675E-02  7.9172E+00  2.7464E-01  7.8365E-03
  3.2192E-01  1.5863E-01  7.8971E+00  2.7435E-01  7.8612E-03
  9.6939E-01  8.6506E-02  7.7727E+00  2.7263E-01  8.0114E-03
  1.8188E+00 -2.1108E-01  7.5425E+00  2.7090E-01  8.1658E-03
 -1.2355E+00  1.1135E-02  7.4204E+00  2.6510E-01  8.7134E-03
 -1.9169E+00 -2.3677E-01  7.0852E+00  2.6072E-01  9.1601E-03
  9.4110E-03 -1.6207E-01  7.0327E+00  2.5305E-01  1.0018E-02
 -5.4521E-02 -5.4579E-02  6.8088E+00  2.4739E-01  1.0721E-02
 -4.8699E-01  3.1319E-02  6.7680E+00  2.4680E-01  1.0799E-02
  2.6058E-01 -1.9511E-01  6.4349E+00  2.3805E-01  1.2033E-02
  1.7086E+00  1.4801E-01  6.1374E+00  2.3623E-01  1.2314E-02
 -1.1736E+00  8.4161E-02  6.0117E+00  2.2981E-01  1.3376E-02
 -1.9201E+00  2.2480E-01  5.7510E+00  2.2827E-01  1.3648E-02
 -3.7394E-01  2.3514E-01  5.8635E+00  2.2331E-01  1.4577E-02
  1.2270E-01 -1.6698E-01  5.8764E+00  2.2331E-01  1.4577E-02
  2.8542E-01  9.1999E-02  5.7906E+00  2.2113E-01  1.5012E-02
  1.2381E+00 -8.4841E-02  5.5328E+00  2.1769E-01  1.5735E-02
  9.7080E-01 -1.2137E-01  5.5262E+00  2.1612E-01  1.6081E-02
 -1.9223E+00  2.7487E-01  5.2036E+00  2.1455E-01  1.6437E-02
  1.6754E+00 -1.7208E-02  5.1614E+00  2.1107E-01  1.7263E-02
 -1.7964E+00 -2.1588E-01  4.7598E+00  2.0180E-01  1.9753E-02
 -7.4231E-01 -1.2960E-01  4.6541E+00  1.9107E-01  2.3270E-02
  1.2530E-01  2.0314E-01  4.6859E+00  1.9042E-01  2.3512E-02
 -1.3968E+00  1.6791E-02  4.4792E+00  1.9042E-01  2.3512E-02
  4.5838E-01 -3.0595E-02  4.6238E+00  1.8910E-01  2.4006E-02
 -1.8675E+00  2.1708E-01  4.1747E+00  1.8712E-01  2.4775E-02
  1.7476E+00 -2.7856E-01  4.1735E+00  1.8580E-01  2.5308E-02
  1.9244E+00 -9.9103E-02  4.0031E+00  1.8315E-01  2.6425E-02
 -5.9465E-01  2.1306E-01  4.3179E+00  1.8081E-01  2.7461E-02
  1.6852E+00 -1.1350E-01  3.8895E+00  1.7713E-01  2.9211E-02
  4.4988E-01  2.0008E-01  4.1891E+00  1.7645E-01  2.9546E-02
  1.7573E+00  1.1835E-01  3.7710E+00  1.7477E-01  3.0409E-02
  1.3759E+00 -1.7322E-01  3.8531E+00  1.7274E-01  3.1493E-02
 -1.4789E+00  1.6432E-01  3.7674E+00  1.7139E-01  3.2247E-02
  6.9285E-01 -6.2849E-02  3.9565E+00  1.7037E-01  3.2829E-02
  6.1602E-01 -1.8071E-01  3.8645E+00  1.6730E-01  3.4669E-02
 -6.9606E-01  5.5520E-02  3.6978E+00  1.6249E-01  3.7837E-02
 -2.2966E-01  1.1095E-01  3.6885E+00  1.6042E-01  3.9323E-02
 -1.1572E+00  1.0883E-01  3.4869E+00  1.5973E-01  3.9837E-02
 -1.9050E-01  2.4206E-01  3.6625E+00  1.5973E-01  3.9837E-02
 -1.0107E+00 -1.1240E-01  3.4751E+00  1.5799E-01  4.1163E-02
 -2.4456E-01  2.0802E-02  3.5689E+00  1.5660E-01  4.2270E-02
  8.2560E-01  2.2028E-01  3.4290E+00  1.5520E-01  4.3420E-02
 -8.6580E-01  5.7899E-02  3.4032E+00  1.5451E-01  4.4012E-02
  7.2467E-02  6.6814E-02  3.4566E+00  1.5276E-01  4.5542E-02
 -1.2752E+00 -1.9270E-01  3.1736E+00  1.5170E-01  4.6497E-02
  6.6418E-01 -2.9936E-02  3.3495E+00  1.5135E-01  4.6822E-02
  1.7668E+00 -1.3386E-01  2.8560E+00  1.4959E-01  4.8494E-02
  1.2963E+00 -6.4424E-02  3.0189E+00  1.4712E-01  5.0980E-02
  1.5016E-01  8.5530E-02  3.2601E+00  1.4641E-01  5.1724E-02
  1.2909E+00 -2.2065E-01  2.9905E+00  1.4641E-01  5.1724E-02
  1.7268E+00  2.3537E-01  2.5957E+00  1.4178E-01  5.6953E-02
 -1.6575E+00 -1.9980E-01  2.6185E+00  1.4107E-01  5.7823E-02
 -1.5733E+00 -2.1334E-01  2.6566E+00  1.4071E-01  5.8265E-02
 -1.1884E+00 -1.7996E-01  2.7947E+00  1.3892E-01  6.0548E-02
 -1.0416E+00 -1.9558E-01  2.7622E+00  1.3604E-01  6.4472E-02
 -1.5746E-02  4.9248E-02  2.9268E+00  1.3496E-01  6.6036E-02
  1.1894E+00 -3.6123E-02  2.6631E+00  1.3460E-01  6.6569E-02
  1.7378E-01  9.7616E-02  2.8374E+00  1.3207E-01  7.0476E-02
 -1.0510E+00 -1.1221E-01  2.6407E+00  1.3207E-01  7.0476E-02
  1.2173E+00  1.2941E-01  2.5103E+00  1.3025E-01  7.3466E-02
  9.3252E-01 -2.1405E-01  2.5584E+00  1.2806E-01  7.7293E-02
  9.1152E-02 -1.8161E-01  2.7137E+00  1.2770E-01  7.7958E-02
 -1.2153E+00  1.2703E-01  2.4087E+00  1.2697E-01  7.9312E-02
 -1.5898E+00 -2.0092E-01  2.1363E+00  1.2587E-01  8.1405E-02
 -8.3207E-01  5.1425E-02  2.5263E+00  1.2550E-01  8.2120E-02
  1.6956E+00  2.7576E-02 -1.8771E+00  1.2072E-01  9.2266E-02
 -9.9974E-01  9.3992E-02  2.2893E+00  1.1961E-01  9.4853E-02
 -8.9858E-01 -1.8494E-01  2.3041E+00  1.1888E-01  9.6634E-02
 -1.7923E+00  2.0612E-01 -1.7016E+00  1.1888E-01  9.6634E-02
  1.3655E+00  9.2404E-02  2.0444E+00  1.1814E-01  9.8461E-02
  1.4626E+00  2.5957E-02  1.9658E+00  1.1776E-01  9.9393E-02
 -1.0555E-01 -1.5496E-01  2.4234E+00  1.1702E-01  1.0129E-01
  9.9158E-01  1.8958E-01  2.1572E+00  1.1517E-01  1.0627E-01
 -1.2132E+00 -2.5316E-02  2.0267E+00  1.1442E-01  1.0836E-01
  4.9687E-01  1.2767E-01  2.2859E+00  1.1368E-01  1.1050E-01
  1.3405E+00 -6.3779E-02  1.8966E+00  1.1293E-01  1.1270E-01
  1.8996E+00  1.7155E-01  1.3097E+00  1.1256E-01  1.1382E-01
 -1.1720E+00 -8.0092E-02  1.9709E+00  1.1182E-01  1.1612E-01
  1.0736E+00  1.0656E-01  2.0249E+00  1.1182E-01  1.1612E-01
 -1.3680E+00  1.4807E-02 -1.8420E+00  1.1182E-01  1.1612E-01
 -5.5269E-01 -4.1563E-02  2.1968E+00  1.1070E-01  1.1968E-01
 -1.1414E+00 -1.2221E-01  1.9422E+00  1.1032E-01  1.2090E-01
  1.5933E+00 -2.7399E-03  1.5837E+00  1.0995E-01  1.2214E-01
  1.6118E+00 -1.1615E-01  1.5329E+00  1.0920E-01  1.2466E-01
  1.8951E+00 -6.3886E-02 -1.1505E+00  1.0882E-01  1.2596E-01
 -9.7710E-01 -1.0713E-01  1.9776E+00  1.0845E-01  1.2727E-01
 -1.2947E+00  9.1064E-02  1.7868E+00  1.0845E-01  1.2727E-01
  1.8302E+00 -6.2886E-02  1.2002E+00  1.0770E-01  1.2994E-01
  1.2150E+00 -1.7830E-01 -1.8127E+00  1.0770E-01  1.2994E-01
 -7.9776E-01 -1.9656E-01  2.0295E+00  1.0770E-01  1.2994E-01
  1.2125E+00  1.5471E-01 -1.7937E+00  1.0695E-01  1.3269E-01
 -1.0909E+00 -1.2098E-01 -1.8727E+00  1.0695E-01  1.3269E-01
  1.3992E+00  1.7687E-01 -1.6376E+00  1.0658E-01  1.3410E-01
 -1.5151E+00  1.8903E-01  1.5296E+00  1.0658E-01  1.3410E-01
  1.4666E+00  3.9885E-02 -1.5741E+00  1.0620E-01  1.3553E-01
 -1.6004E+00  1.5592E-01  1.4300E+00  1.0620E-01  1.3553E-01
 -1.5584E+00 -7.4077E-02  1.4684E+00  1.0582E-01  1.3698E-01
 -1.0707E+00  8.4354E-02  1.8322E+00  1.0507E-01  1.3994E-01
  5.2228E-01  2.0876E-03  2.0586E+00  1.0507E-01  1.3994E-01
  1.6864E+00  3.4052E-02 -1.2906E+00  1.0507E-01  1.3994E-01
  3.8734E-01 -1.7236E-01  2.0716E+00  1.0470E-01  1.4145E-01
 -5.0354E-01  7.9112E-02  2.0234E+00  1.0357E-01  1.4613E-01
 -1.9013E+00  1.4937E-01  8.4662E-01  1.0357E-01  1.4613E-01
  7.4880E-01 -1.9549E-01  1.9279E+00  1.0319E-01  1.4773E-01
 -6.7280E-01 -9.8383E-03  1.9557E+00  1.0281E-01  1.4936E-01
 -8.2274E-01 -1.5860E-01  1.8808E+00  1.0244E-01  1.5102E-01
 -1.3220E+00 -1.7582E-01  1.5687E+00  1.0244E-01  1.5102E-01
  3.1110E-01 -1.2941E-01  2.0219E+00  1.0206E-01  1.5269E-01
 -1.5187E+00 -7.4314E-02 -1.3610E+00  1.0168E-01  1.5440E-01
  1.0689E+00 -1.0844E-01 -1.7242E+00  1.0131E-01  1.5613E-01
  1.7511E+00  2.0766E-02  1.0297E+00  1.0131E-01  1.5613E-01
  1.4089E-01  5.7474E-02  2.0258E+00  1.0131E-01  1.5613E-01
 -9.2106E-01 -1.5853E-01  1.7627E+00  9.9797E-02  1.6332E-01
  4.2815E-01  1.3497E-01  1.9347E+00  9.9419E-02  1.6519E-01
 -1.0985E+00 -7.9676E-02  1.6527E+00  9.9419E-02  1.6519E-01
 -1.1733E-01  1.3963E-01  1.9596E+00  9.8663E-02  1.6902E-01
  1.7082E+00 -1.5760E-01  9.2745E-01  9.7907E-02  1.7297E-01
  1.6997E+00  6.3412E-02  9.5389E-01  9.7907E-02  1.7297E-01
 -6.3108E-01 -2.2233E-02  1.8262E+00  9.7150E-02  1.7704E-01
 -1.8158E+00 -5.3222E-02 -6.5853E-01  9.7150E-02  1.7704E-01
  9.5078E-01 -1.0289E-01  1.6790E+00  9.7150E-02  1.7704E-01
 -1.8219E+00  1.3868E-01  6.2852E-01  9.7150E-02  1.7704E-01
  1.1092E+00  8.8192E-03  1.5822E+00  9.7150E-02  1.7704E-01
  1.1728E+00  1.7667E-01 -1.5255E+00  9.7150E-02  1.7704E-01
 -1.4510E+00 -6.3697E-02  1.2610E+00  9.6772E-02  1.7912E-01
 -1.3995E+00 -8.7452E-02  1.3165E+00  9.6772E-02  1.7912E-01
  4.8995E-01  3.2452E-02 -1.8413E+00  9.6015E-02  1.8340E-01
 -1.7456E+00 -1.7724E-01  7.4367E-01  9.6015E-02  1.8340E-01
 -1.5761E+00  1.1861E-01  1.0327E+00  9.5257E-02  1.8781E-01
 -1.8484E+00 -2.6529E-02  3.8418E-01  9.5257E-02  1.8781E-01
  1.2622E-01 -1.0908E-01  1.8718E+00  9.4878E-02  1.9007E-01
 -5.7974E-02  9.7505E-02 -1.8671E+00  9.4499E-02  1.9236E-01
 -6.8549E-01 -1.7838E-01 -1.7312E+00  9.4499E-02  1.9236E-01
  8.2429E-01 -3.3443E-02  1.6690E+00  9.4120E-02  1.9470E-01
  1.3094E-01 -3.4900E-02 -1.8568E+00  9.4120E-02  1.9470E-01
 -1.1561E+00  1.3658E-01 -1.4529E+00  9.4120E-02  1.9470E-01
  3.1785E-01 -2.3029E-02 -1.8255E+00  9.3741E-02  1.9707E-01
  8.9782E-01 -1.0582E-01 -1.6176E+00  9.3741E-02  1.9707E-01
  1.7035E-01  1.8104E-01 -1.8276E+00  9.3361E-02  1.9948E-01
  1.5751E+00 -5.9292E-02 -9.5775E-01  9.3361E-02  1.9948E-01
 -8.1831E-01  4.5473E-02  1.6523E+00  9.3361E-02  1.9948E-01
 -1.1435E+00  1.3434E-01  1.4409E+00  9.3361E-02  1.9948E-01
 -1.8319E+00  1.8800E-01 -1.0246E-01  9.3361E-02  1.9948E-01
 -1.8084E+00  1.1597E-01  2.3373E-01  9.2603E-02  2.0443E-01
 -1.0213E+00 -3.6039E-02  1.5146E+00  9.2603E-02  2.0443E-01
  7.2916E-01 -6.9918E-02 -1.6644E+00  9.2223E-02  2.0696E-01
  1.7600E+00  1.3039E-01 -4.0138E-01  9.1844E-02  2.0954E-01
 -5.7317E-01 -6.3730E-02 -1.7156E+00  9.1844E-02  2.0954E-01
 -1.4569E-01 -1.0184E-01 -1.7925E+00  9.1464E-02  2.1216E-01
  1.0015E+00  1.1816E-02  1.4972E+00  9.1464E-02  2.1216E-01
 -1.7011E+00  1.7187E-01 -5.3914E-01  9.1084E-02  2.1482E-01
  1.7017E+00  6.6650E-03  5.3664E-01  9.0704E-02  2.1753E-01
  3.6867E-01  1.8154E-01  1.7363E+00  9.0704E-02  2.1753E-01
  2.1600E-01 -4.0138E-02 -1.7707E+00  9.0704E-02  2.1753E-01
  8.3444E-01  2.8076E-02  1.5673E+00  9.0325E-02  2.2029E-01
 -1.1090E+00  8.3462E-02 -1.3844E+00  9.0325E-02  2.2029E-01
 -6.0006E-01 -3.9133E-02 -1.6709E+00  9.0325E-02  2.2029E-01
  9.0887E-01  5.3433E-03 -1.5157E+00  8.9945E-02  2.2309E-01
  1.4805E+00  1.6079E-01  9.5177E-01  8.9945E-02  2.2309E-01
 -1.0101E+00 -3.7774E-02 -1.4498E+00  8.9945E-02  2.2309E-01
 -5.7624E-02  7.9216E-02 -1.7646E+00  8.9945E-02  2.2309E-01
  3.7080E-01 -7.5513E-02 -1.7177E+00  8.9565E-02  2.2594E-01
  1.7412E+00 -7.1974E-02 -2.3849E-01  8.9565E-02  2.2594E-01
  1.1094E+00 -1.8027E-01  1.3530E+00  8.9565E-02  2.2594E-01
 -7.2392E-01 -1.7944E-01 -1.5837E+00  8.9185E-02  2.2884E-01
 -1.6599E-01 -1.5670E-01 -1.7271E+00  8.8805E-02  2.3179E-01
  9.3209E-01 -5.6036E-02  1.4707E+00  8.8805E-02  2.3179E-01
 -1.3860E+00 -1.0177E-02  1.0415E+00  8.8425E-02  2.3479E-01
  4.1729E-01 -1.7345E-01 -1.6738E+00  8.8425E-02  2.3479E-01
  1.7180E+00 -1.3806E-01 -1.8811E-01  8.8425E-02  2.3479E-01
  1.5434E+00 -2.0545E-03  7.7141E-01  8.8044E-02  2.3785E-01
  1.6891E+00  1.0003E-01 -3.3768E-01  8.8044E-02  2.3785E-01
 -1.1303E+00  1.2716E-01  1.2975E+00  8.8044E-02  2.3785E-01
 -1.2559E+00 -8.5551E-03 -1.1466E+00  8.6904E-02  2.4734E-01
  1.0333E+00  1.2163E-03 -1.3507E+00  8.6904E-02  2.4734E-01
  1.4454E+00  1.3320E-01 -8.7029E-01  8.6524E-02  2.5061E-01
 -4.7800E-01 -5.2669E-03  1.6235E+00  8.6524E-02  2.5061E-01
 -1.6674E+00 -6.0086E-02  2.8374E-01  8.6524E-02  2.5061E-01
  1.5576E+00 -1.2411E-01 -6.2858E-01  8.6143E-02  2.5395E-01
  1.3412E+00  1.0346E-01  9.9984E-01  8.5763E-02  2.5734E-01
  1.5489E+00 -1.5571E-01 -6.2124E-01  8.5763E-02  2.5734E-01
 -4.6402E-01  3.9951E-02 -1.6016E+00  8.5382E-02  2.6079E-01
 -5.7895E-01 -6.6253E-02 -1.5628E+00  8.5382E-02  2.6079E-01
 -1.6058E+00 -1.6516E-01 -3.8638E-01  8.5002E-02  2.6431E-01
 -5.0979E-01  1.0872E-01  1.5674E+00  8.4622E-02  2.6789E-01
  1.0985E+00 -4.8768E-02 -1.2326E+00  8.4622E-02  2.6789E-01
  4.6294E-01 -1.6475E-01 -1.5770E+00  8.4622E-02  2.6789E-01
 -8.4145E-01 -3.0824E-02  1.4117E+00  8.4241E-02  2.7154E-01
  1.0912E+00  8.9084E-02  1.2153E+00  8.3861E-02  2.7525E-01
  5.7763E-01  5.0064E-02 -1.5295E+00  8.3861E-02  2.7525E-01
  4.6578E-01 -4.0706E-02 -1.5592E+00  8.3480E-02  2.7903E-01
 -8.3135E-01  1.8578E-02 -1.3993E+00  8.3480E-02  2.7903E-01
 -1.5273E-01  1.4369E-01  1.5982E+00  8.2719E-02  2.8681E-01
 -1.3051E+00  7.9155E-02  9.2916E-01  8.2338E-02  2.9080E-01
  1.1052E+00  1.6421E-01  1.1508E+00  8.2338E-02  2.9080E-01
  3.5508E-01 -1.8382E-01  1.5453E+00  8.1958E-02  2.9487E-01
 -1.5922E+00  6.7047E-03 -1.1251E-01  8.1958E-02  2.9487E-01
  1.5151E+00 -4.7770E-02  5.0010E-01  8.1958E-02  2.9487E-01
 -1.3343E+00  9.3655E-03 -8.6168E-01  8.1577E-02  2.9902E-01
 -4.2343E-01 -8.7616E-02 -1.5284E+00  8.1577E-02  2.9902E-01
  1.3431E+00 -2.4538E-02  8.4759E-01  8.1577E-02  2.9902E-01
 -6.0485E-01  7.6834E-02  1.4583E+00  8.1197E-02  3.0324E-01
  6.7336E-01 -1.7933E-01 -1.4100E+00  8.0816E-02  3.0755E-01
  1.1912E+00 -1.9717E-02 -1.0268E+00  8.0816E-02  3.0755E-01
  2.5423E-01  1.2621E-01  1.5392E+00  8.0435E-02  3.1193E-01
  1.4890E+00  6.8581E-02 -4.5145E-01  8.0055E-02  3.1640E-01
 -1.7080E-01  1.6060E-01  1.5397E+00  8.0055E-02  3.1640E-01
  1.4243E+00  1.4047E-01 -6.1423E-01  8.0055E-02  3.1640E-01
 -1.4310E+00 -9.2108E-02  6.0774E-01  8.0055E-02  3.1640E-01
  3.0349E-01  1.6889E-01 -1.5182E+00  8.0055E-02  3.1640E-01
  1.5329E+00 -1.3713E-01 -1.8204E-01  7.9674E-02  3.2096E-01
  1.0260E+00  1.3863E-01 -1.1532E+00  7.9674E-02  3.2096E-01
 -5.9547E-01 -1.3010E-01  1.4166E+00  7.9293E-02  3.2561E-01
 -3.7709E-01 -1.5151E-01 -1.4877E+00  7.9293E-02  3.2561E-01
 -1.2411E+00 -1.2967E-01 -9.0619E-01  7.9293E-02  3.2561E-01
  4.1434E-01  1.2430E-01  1.4802E+00  7.9293E-02  3.2561E-01
 -1.4348E+00 -1.4391E-01 -5.2504E-01  7.8913E-02  3.3034E-01
 -7.8253E-01  1.6633E-01  1.3095E+00  7.8913E-02  3.3034E-01
  3.9037E-01  3.6659E-02  1.4836E+00  7.8913E-02  3.3034E-01
  2.8673E-01 -1.6878E-01 -1.4903E+00  7.8532E-02  3.3517E-01
  1.5258E+00  4.4171E-02 -4.2327E-02  7.8532E-02  3.3517E-01
  1.4994E+00 -1.1545E-01 -2.6488E-01  7.8532E-02  3.3517E-01
  1.2431E+00 -7.1918E-02 -8.7088E-01  7.8152E-02  3.4009E-01
  1.4995E+00 -1.1157E-01  5.2966E-02  7.7390E-02  3.5022E-01
  1.0833E+00 -6.0209E-02 -1.0318E+00  7.7010E-02  3.5544E-01
 -6.6252E-01 -9.9098E-02 -1.3390E+00  7.7010E-02  3.5544E-01
 -1.2307E+00  6.3651E-02  8.5026E-01  7.7010E-02  3.5544E-01
 -1.0790E+00  1.2516E-01  1.0197E+00  7.6629E-02  3.6076E-01
  1.4576E+00 -3.7016E-02 -2.6792E-01  7.6248E-02  3.6619E-01
 -1.4661E+00  4.9364E-02 -1.5595E-01  7.5868E-02  3.7173E-01
  1.4565E+00  3.6334E-02 -2.3144E-01  7.5868E-02  3.7173E-01
 -7.0053E-01  1.8541E-01 -1.2850E+00  7.5868E-02  3.7173E-01
  1.5221E-02  1.3038E-01 -1.4621E+00  7.5487E-02  3.7739E-01
 -8.2778E-01 -1.7299E-01  1.1999E+00  7.5487E-02  3.7739E-01
 -2.7492E-01 -6.7889E-02  1.4330E+00  7.5106E-02  3.8315E-01
  1.4546E+00  4.3727E-02  1.2684E-01  7.5106E-02  3.8315E-01
 -1.3820E+00  1.0625E-01 -4.6112E-01  7.5106E-02  3.8315E-01
  1.9919E-01 -8.5267E-03 -1.4398E+00  7.4726E-02  3.8904E-01
 -1.4390E+00  1.6939E-01  1.1617E-01  7.4726E-02  3.8904E-01
  5.7765E-01 -3.4631E-02 -1.3256E+00  7.4345E-02  3.9504E-01
  1.0479E+00 -7.7899E-02  9.9393E-01  7.4345E-02  3.9504E-01
  1.1098E+00 -8.9156E-03  9.1640E-01  7.3965E-02  4.0117E-01
 -3.6768E-01  4.5153E-02  1.3908E+00  7.3965E-02  4.0117E-01
 -1.7681E-01 -1.1566E-02 -1.4212E+00  7.3584E-02  4.0743E-01
 -4.3729E-01 -1.5067E-01 -1.3555E+00  7.3584E-02  4.0743E-01
 -1.3886E+00 -2.2065E-02 -3.2038E-01  7.3203E-02  4.1382E-01
  1.1873E+00 -4.2509E-02  7.8722E-01  7.3203E-02  4.1382E-01
  1.5575E-01 -1.3026E-01  1.4107E+00  7.3203E-02  4.1382E-01
  4.1010E-01  7.5516E-02 -1.3556E+00  7.2822E-02  4.2035E-01
 -1.3756E+00  9.7379E-02 -3.3099E-01  7.2822E-02  4.2035E-01
  1.3867E+00  6.8655E-02  2.5322E-01  7.2442E-02  4.2701E-01
  7.4282E-01 -1.5788E-01 -1.1896E+00  7.2442E-02  4.2701E-01
  7.7952E-01 -1.7740E-01  1.1630E+00  7.2442E-02  4.2701E-01
 -7.2273E-01 -1.0451E-01 -1.1836E+00  7.1300E-02  4.4786E-01
 -1.2876E+00  7.4336E-02 -5.2027E-01  7.1300E-02  4.4786E-01
 -1.3362E+00 -4.5302E-02  3.8307E-01  7.1300E-02  4.4786E-01
 -1.3596E+00 -6.4851E-02 -2.5051E-01  7.0919E-02  4.5511E-01
 -1.3635E+00  1.8341E-01  1.5060E-01  7.0919E-02  4.5511E-01
 -1.0594E+00 -5.4484E-02  8.8885E-01  7.0919E-02  4.5511E-01
  1.0356E+00 -1.8568E-01  8.8871E-01  7.0538E-02  4.6253E-01
 -1.2869E+00  1.1256E-01  4.7759E-01  7.0538E-02  4.6253E-01
 -6.4168E-01 -6.0143E-02 -1.2171E+00  7.0538E-02  4.6253E-01
 -1.1133E+00  1.0561E-01 -7.9231E-01  7.0157E-02  4.7010E-01
  6.7828E-01 -2.8761E-02 -1.1829E+00  6.9776E-02  4.7784E-01
  1.2723E+00 -2.6210E-03  4.9141E-01  6.9776E-02  4.7784E-01
 -5.8039E-01 -4.8835E-02 -1.2260E+00  6.9395E-02  4.8575E-01
  4.1842E-01  8.7393E-02  1.2882E+00  6.9395E-02  4.8575E-01
  9.0975E-01 -1.4715E-01 -9.8754E-01  6.9014E-02  4.9384E-01
 -8.8138E-01 -1.3669E-01  1.0144E+00  6.9014E-02  4.9384E-01
 -1.3213E+00  1.2544E-01 -2.1330E-01  6.8633E-02  5.0211E-01
 -6.0767E-01  9.8442E-03  1.1918E+00  6.8252E-02  5.1057E-01
 -8.9797E-01  4.6071E-02  9.8186E-01  6.7871E-02  5.1923E-01
  8.0928E-01 -1.2517E-01  1.0497E+00  6.7871E-02  5.1923E-01
 -1.2671E+00 -1.8320E-01 -3.4147E-01  6.7489E-02  5.2808E-01
 -1.2674E+00  1.1006E-01  3.7036E-01  6.7489E-02  5.2808E-01
 -1.2711E+00 -7.8719E-02 -3.4201E-01  6.7108E-02  5.3713E-01
 -9.2013E-01  5.9351E-02 -9.4271E-01  6.7108E-02  5.3713E-01
 -1.0565E+00 -1.6283E-01 -7.7212E-01  6.7108E-02  5.3713E-01
 -8.7571E-01 -1.4271E-01 -9.6702E-01  6.6726E-02  5.4640E-01
 -7.3531E-01 -1.5956E-01 -1.0753E+00  6.6726E-02  5.4640E-01
  5.3429E-01 -2.0880E-02 -1.1849E+00  6.5963E-02  5.6559E-01
  2.5849E-01  1.3841E-01 -1.2665E+00  6.5963E-02  5.6559E-01
 -1.2839E+00 -1.7417E-02 -2.0296E-01  6.5963E-02  5.6559E-01
  8.1648E-01  5.3211E-02 -1.0102E+00  6.5963E-02  5.6559E-01
  4.7519E-01 -1.3700E-02  1.2099E+00  6.5963E-02  5.6559E-01
 -4.3431E-01  1.3685E-01  1.2111E+00  6.5581E-02  5.7553E-01
  1.0175E+00  1.7064E-01 -7.8078E-01  6.5581E-02  5.7553E-01
  2.5037E-01  1.7277E-01 -1.2576E+00  6.5581E-02  5.7553E-01
 -8.7450E-01  1.3165E-01 -9.4443E-01  6.5581E-02  5.7553E-01
 -1.2450E+00  3.0361E-02  3.5075E-01  6.5581E-02  5.7553E-01
 -1.2228E+00 -1.5893E-01 -3.9175E-01  6.5581E-02  5.7553E-01
 -1.0502E+00  5.4721E-02  7.4331E-01  6.5199E-02  5.8571E-01
 -8.4117E-01 -6.6080E-02 -9.7282E-01  6.5199E-02  5.8571E-01
  1.1588E+00  6.2625E-02 -5.4408E-01  6.4817E-02  5.9614E-01
  1.2509E+00  1.2191E-01 -2.5137E-01  6.4817E-02  5.9614E-01
  4.6253E-01 -1.1483E-01 -1.1898E+00  6.4817E-02  5.9614E-01
 -1.2541E+00  1.4754E-01  2.1964E-01  6.4817E-02  5.9614E-01
 -1.1764E+00 -9.4235E-02  4.8452E-01  6.4434E-02  6.0681E-01
 -5.8550E-01 -1.8109E-01  1.1189E+00  6.4434E-02  6.0681E-01
  5.7074E-01 -8.8224E-02  1.1375E+00  6.4434E-02  6.0681E-01
 -1.2643E+00  8.7190E-03 -1.7006E-01  6.4434E-02  6.0681E-01
 -9.4553E-01 -1.4783E-01 -8.4358E-01  6.4434E-02  6.0681E-01
  5.8215E-01 -1.6918E-01 -1.1157E+00  6.4051E-02  6.1776E-01
  1.1770E+00 -1.5235E-01 -4.5142E-01  6.4051E-02  6.1776E-01
 -1.1628E+00  1.0824E-01 -4.9853E-01  6.4051E-02  6.1776E-01
  1.2308E+00  1.5987E-01 -2.6818E-01  6.4051E-02  6.1776E-01
 -1.2035E+00  9.6171E-02 -3.7401E-01  6.3669E-02  6.2897E-01
  1.0156E+00 -1.4609E-01 -7.3809E-01  6.3669E-02  6.2897E-01
 -1.2631E+00 -4.2347E-02 -1.8676E-02  6.3669E-02  6.2897E-01
 -3.2161E-01  1.6085E-01 -1.2117E+00  6.3669E-02  6.2897E-01
  5.3815E-01 -1.7117E-01  1.1308E+00  6.3669E-02  6.2897E-01
  1.2187E+00 -4.1485E-02  3.0962E-01  6.3285E-02  6.4046E-01
 -8.0650E-01  1.6049E-02  9.6545E-01  6.3285E-02  6.4046E-01
  1.3591E-01 -6.5235E-02 -1.2490E+00  6.3285E-02  6.4046E-01
 -6.0218E-01 -9.7139E-03 -1.1046E+00  6.3285E-02  6.4046E-01
 -1.2401E+00 -1.0713E-01  1.3756E-01  6.2902E-02  6.5224E-01
  1.1251E+00  1.4257E-01 -5.3112E-01  6.2902E-02  6.5224E-01
 -8.7399E-01  7.7202E-02  8.9357E-01  6.2902E-02  6.5224E-01
 -4.0597E-01 -1.0515E-01 -1.1739E+00  6.2518E-02  6.6433E-01
  3.4867E-01 -1.5114E-02 -1.1967E+00  6.2518E-02  6.6433E-01
  1.7202E-01 -2.1134E-02  1.2345E+00  6.2518E-02  6.6433E-01
  8.2216E-01  4.8061E-02  9.3580E-01  6.2518E-02  6.6433E-01
 -3.5804E-01  6.8098E-02 -1.1921E+00  6.2518E-02  6.6433E-01
 -7.5970E-01  1.7847E-01  9.6482E-01  6.2134E-02  6.7672E-01
 -7.0271E-01  1.2607E-01 -1.0150E+00  6.2134E-02  6.7672E-01
 -7.6462E-01  5.6012E-02 -9.6859E-01  6.1750E-02  6.8943E-01
 -1.2286E+00 -1.1743E-01  5.2253E-02  6.1750E-02  6.8943E-01
 -6.7711E-01 -9.6379E-02  1.0220E+00  6.1365E-02  7.0248E-01
  1.2114E+00  1.1868E-01 -1.7486E-01  6.1365E-02  7.0248E-01
 -6.3470E-01 -2.3635E-02 -1.0530E+00  6.1365E-02  7.0248E-01
  5.0450E-01 -8.2649E-02 -1.1124E+00  6.0980E-02  7.1587E-01
  1.1600E+00 -1.5886E-01  3.5769E-01  6.0980E-02  7.1587E-01
  4.8133E-01  2.1661E-02  1.1254E+00  6.0980E-02  7.1587E-01
 -1.2055E+00  1.7934E-01 -8.6602E-03  6.0595E-02  7.2962E-01
 -1.2102E+00  3.4186E-02 -1.4043E-01  6.0595E-02  7.2962E-01
 -1.1697E+00  7.3994E-02  3.1374E-01  6.0209E-02  7.4374E-01
  6.9682E-01  2.2162E-02 -9.8652E-01  5.9822E-02  7.5825E-01
  8.0715E-01  4.8064E-02 -8.9035E-01  5.9436E-02  7.7315E-01
  1.1318E+00  2.5388E-02 -4.0605E-01  5.9436E-02  7.7315E-01
  1.3913E-01  1.4904E-01  1.1853E+00  5.9436E-02  7.7315E-01
 -1.1229E+00  8.5483E-02  4.2234E-01  5.9436E-02  7.7315E-01
  2.6285E-02  9.3209E-03  1.2024E+00  5.9436E-02  7.7315E-01
  2.8538E-01  1.2942E-01 -1.1558E+00  5.9048E-02  7.8847E-01
 -7.6939E-01  1.4868E-01 -9.0548E-01  5.9048E-02  7.8847E-01
  1.0892E-01 -1.3362E-01  1.1850E+00  5.9048E-02  7.8847E-01
 -1.1893E+00 -1.1784E-01  7.4763E-02  5.9048E-02  7.8847E-01
 -4.4476E-02 -1.6778E-01 -1.1848E+00  5.9048E-02  7.8847E-01
 -1.1667E+00 -1.5955E-02  2.6922E-01  5.9048E-02  7.8847E-01
 -9.5462E-01  1.3355E-01 -7.1051E-01  5.9048E-02  7.8847E-01
  1.1593E+00  6.5753E-03 -2.7837E-01  5.8660E-02  8.0422E-01
  9.2914E-02 -1.3796E-01 -1.1806E+00  5.8660E-02  8.0422E-01
 -1.0886E+00 -1.6693E-01  4.5673E-01  5.8660E-02  8.0422E-01
  1.0895E+00  1.2361E-01  4.6821E-01  5.8660E-02  8.0422E-01
  4.3202E-02 -1.2582E-01  1.1696E+00  5.7492E-02  8.5424E-01
  1.1104E+00 -9.0862E-02 -3.8004E-01  5.7492E-02  8.5424E-01
 -1.1758E+00 -4.7660E-02  2.8830E-02  5.7492E-02  8.5424E-01
 -7.7096E-01  1.3207E-01 -8.7303E-01  5.7101E-02  8.7190E-01
 -1.0083E-01  1.5785E-01 -1.1571E+00  5.7101E-02  8.7190E-01
  7.0629E-01 -2.6047E-02  9.3513E-01  5.7101E-02  8.7190E-01
  1.1554E+00  6.3333E-02  1.1177E-01  5.6317E-02  9.0882E-01
 -1.0388E+00 -1.8329E-01 -4.8848E-01  5.6317E-02  9.0882E-01
 -6.4384E-01  1.0288E-01  9.5665E-01  5.5924E-02  9.2814E-01
  1.2494E-01 -1.4856E-02 -1.1509E+00  5.5924E-02  9.2814E-01
  7.5778E-03  2.4395E-02  1.1527E+00  5.5530E-02  9.4805E-01
  2.5944E-01  1.0834E-02 -1.1234E+00  5.5530E-02  9.4805E-01
  1.1468E+00 -1.8470E-02  1.1818E-01  5.5530E-02  9.4805E-01
  1.8976E-01 -8.4925E-02  1.1341E+00  5.5530E-02  9.4805E-01
 -7.5781E-01  1.4052E-01  8.5756E-01  5.5530E-02  9.4805E-01
  1.0637E+00 -1.2900E-01 -4.2573E-01  5.5530E-02  9.4805E-01
  1.4720E-01 -9.5022E-02 -1.1396E+00  5.5530E-02  9.4805E-01
 -6.0316E-01 -1.4133E-01 -9.6695E-01  5.5134E-02  9.6859E-01
  1.1177E+00 -1.4348E-01  2.2144E-01  5.5134E-02  9.6859E-01
  9.7988E-02  1.7372E-01 -1.1309E+00  5.5134E-02  9.6859E-01
  4.5228E-01  4.9209E-02  1.0494E+00  5.4738E-02  9.8980E-01
 -5.1255E-01  4.6782E-02 -1.0215E+00  5.4738E-02  9.8980E-01
 -1.0330E+00 -3.3313E-02  4.8993E-01  5.4738E-02  9.8980E-01
 -7.5747E-01  1.0447E-01  8.5064E-01  5.4738E-02  9.8980E-01
 -8.4347E-01 -7.9770E-02 -7.6842E-01  5.4738E-02  9.8980E-01
 -3.5208E-01 -1.7199E-01  1.0746E+00  5.4738E-02  9.8980E-01
  1.6839E-01  1.4880E-01 -1.1215E+00  5.4738E-02  9.8980E-01
  5.1119E-02 -1.3871E-01  1.1297E+00  5.4340E-02  1.0117E+00
  7.6937E-01 -1.8493E-01 -8.1966E-01  5.4340E-02  1.0117E+00
 -1.0971E+00 -1.2730E-01  2.7935E-01  5.4340E-02  1.0117E+00
  1.0960E+00 -6.1253E-02 -3.0479E-01  5.4340E-02  1.0117E+00
  8.2465E-01  1.0260E-02  7.8602E-01  5.4340E-02  1.0117E+00
  6.8737E-01  6.4169E-02  9.0070E-01  5.3941E-02  1.0343E+00
 -9.3586E-01  2.3223E-02  6.4147E-01  5.3941E-02  1.0343E+00
  4.9350E-01 -2.2696E-02  1.0217E+00  5.3941E-02  1.0343E+00
  7.3124E-01 -9.5944E-02 -8.6251E-01  5.3941E-02  1.0343E+00
 -2.3855E-02 -7.1056E-02 -1.1280E+00  5.3541E-02  1.0577E+00
 -9.5616E-01 -6.8957E-02 -5.9091E-01  5.3139E-02  1.0818E+00
 -1.0478E+00  1.4212E-02 -4.1241E-01  5.3139E-02  1.0818E+00
  7.2991E-01  5.3747E-02 -8.5587E-01  5.3139E-02  1.0818E+00
 -6.7585E-01 -6.1512E-02  8.9867E-01  5.3139E-02  1.0818E+00
 -3.2978E-01  7.7946E-02  1.0739E+00  5.3139E-02  1.0818E+00
  1.0658E+00  1.6366E-01 -3.0951E-01  5.2736E-02  1.1068E+00
 -1.1102E+00 -9.2038E-02 -1.3217E-01  5.2736E-02  1.1068E+00
  9.1764E-01  1.3793E-01 -6.3049E-01  5.2736E-02  1.1068E+00
  1.0316E+00 -1.0934E-01 -4.2701E-01  5.2736E-02  1.1068E+00
  1.1201E+00 -5.4146E-02  3.1404E-02  5.2736E-02  1.1068E+00
 -1.0162E+00  1.8359E-01  4.2771E-01  5.2331E-02  1.1327E+00
  9.5016E-01 -6.6058E-02  5.8484E-01  5.2331E-02  1.1327E+00
  7.7492E-01  3.2015E-02 -8.0479E-01  5.2331E-02  1.1327E+00
  8.8411E-02  7.7719E-02 -1.1115E+00  5.2331E-02  1.1327E+00
  9.6962E-01  1.5678E-01  5.1599E-01  5.1516E-02  1.1873E+00
  1.0648E+00  1.2940E-01 -2.8376E-01  5.1516E-02  1.1873E+00
 -5.9206E-01 -1.5169E-01  9.2119E-01  5.1106E-02  1.2161E+00
  1.0296E+00  8.5145E-02 -3.9346E-01  5.1106E-02  1.2161E+00
  5.4210E-01 -1.1900E-01  9.5608E-01  5.1106E-02  1.2161E+00
 -6.7227E-01 -1.4626E-01  8.6031E-01  5.0694E-02  1.2461E+00
  1.7525E-02  1.3453E-01 -1.0932E+00  5.0694E-02  1.2461E+00
 -1.0132E+00  1.6338E-01 -4.0020E-01  5.0694E-02  1.2461E+00
  6.0875E-01 -1.5677E-01 -9.0460E-01  5.0694E-02  1.2461E+00
  2.2224E-01  8.7132E-02  1.0714E+00  5.0279E-02  1.2771E+00
  8.3448E-01 -6.4993E-02  7.1021E-01  5.0279E-02  1.2771E+00
  9.8295E-01  1.8598E-01  4.5189E-01  5.0279E-02  1.2771E+00
  2.0419E-01 -7.1214E-02  1.0762E+00  5.0279E-02  1.2771E+00
 -1.3823E-01 -1.4333E-01 -1.0757E+00  4.9863E-02  1.3094E+00
 -4.9352E-01 -1.6017E-02  9.7614E-01  4.9863E-02  1.3094E+00
 -4.3690E-01 -1.5030E-01 -9.9157E-01  4.9863E-02  1.3094E+00
  1.0411E+00 -8.1004E-02 -3.1314E-01  4.9444E-02  1.3430E+00
 -8.8889E-01 -6.2659E-02 -6.2808E-01  4.9444E-02  1.3430E+00
 -6.3654E-01  5.0664E-02  8.8363E-01  4.9444E-02  1.3430E+00
 -1.0952E-01  1.2508E-01 -1.0775E+00  4.9444E-02  1.3430E+00
  7.0772E-01  4.7212E-02 -8.2792E-01  4.9444E-02  1.3430E+00
  1.0882E+00  4.2962E-03 -6.5375E-02  4.9444E-02  1.3430E+00
 -5.1692E-01 -1.1017E-01  9.4934E-01  4.9022E-02  1.3780E+00
 -5.2352E-01 -1.4917E-01 -9.4036E-01  4.9022E-02  1.3780E+00
 -7.8132E-01  1.3111E-01  7.4360E-01  4.9022E-02  1.3780E+00
  2.8144E-01  1.6302E-02 -1.0456E+00  4.8597E-02  1.4144E+00
  9.6375E-01 -1.1242E-01 -4.8100E-01  4.8597E-02  1.4144E+00
  1.0242E+00 -2.4983E-02 -3.5103E-01  4.8597E-02  1.4144E+00
 -7.0438E-01  1.8202E-01  8.0221E-01  4.8597E-02  1.4144E+00
  8.3044E-01 -1.2839E-01 -6.7757E-01  4.8170E-02  1.4524E+00
 -9.9849E-01 -1.1727E-01 -3.9305E-01  4.8170E-02  1.4524E+00
  7.9895E-01  1.1631E-01 -7.1650E-01  4.8170E-02  1.4524E+00
 -3.4908E-01  1.3376E-01 -1.0127E+00  4.8170E-02  1.4524E+00
  9.7251E-01 -3.9864E-02  4.6675E-01  4.8170E-02  1.4524E+00
 -6.0733E-01 -1.0961E-01  8.8145E-01  4.7739E-02  1.4920E+00
 -1.2215E-01  1.3324E-02 -1.0690E+00  4.7739E-02  1.4920E+00
  1.3689E-01 -1.3029E-01 -1.0559E+00  4.7306E-02  1.5334E+00
 -7.6071E-01  9.6536E-02  7.5004E-01  4.7306E-02  1.5334E+00
  9.2368E-01  5.8616E-02 -5.4217E-01  4.7306E-02  1.5334E+00
  1.4925E-01 -1.6194E-01 -1.0498E+00  4.7306E-02  1.5334E+00
 -1.0688E+00  3.3162E-02 -5.3274E-03  4.6868E-02  1.5768E+00
  9.3648E-01  1.6771E-01  4.8823E-01  4.6868E-02  1.5768E+00
  1.0533E+00 -1.7697E-02 -1.8387E-01  4.6868E-02  1.5768E+00
 -1.2662E-01  1.7118E-01 -1.0446E+00  4.6427E-02  1.6222E+00
  1.0426E+00 -8.7838E-02 -2.0476E-01  4.6427E-02  1.6222E+00
  9.3188E-01  2.8263E-02 -5.1711E-01  4.6427E-02  1.6222E+00
 -9.7523E-01  8.8665E-02 -4.2151E-01  4.6427E-02  1.6222E+00
 -1.4022E-01  1.5920E-01 -1.0448E+00  4.6427E-02  1.6222E+00
  1.5455E-01 -5.3801E-02  1.0503E+00  4.5982E-02  1.6697E+00
  1.1445E-01 -1.7275E-02  1.0566E+00  4.5982E-02  1.6697E+00
 -8.1683E-01  1.4321E-01  6.6495E-01  4.5982E-02  1.6697E+00
 -8.6405E-01 -1.4011E-01 -6.0305E-01  4.5982E-02  1.6697E+00
  3.9932E-02 -3.6797E-02  1.0585E+00  4.5533E-02  1.7196E+00
 -1.0291E+00 -5.0439E-02  2.4861E-01  4.5533E-02  1.7196E+00
 -5.6269E-01  1.3044E-01  8.8866E-01  4.5533E-02  1.7196E+00
 -8.3246E-01 -7.0565E-02  6.5221E-01  4.5533E-02  1.7196E+00
 -5.8446E-01  5.6041E-02  8.7877E-01  4.5079E-02  1.7721E+00
  1.5756E-01  1.4971E-01  1.0313E+00  4.4620E-02  1.8273E+00
  2.8864E-01 -1.0468E-01 -1.0082E+00  4.4620E-02  1.8273E+00
 -5.6147E-01  1.8567E-01  8.6554E-01  4.3687E-02  1.9469E+00
  1.0352E+00 -9.5377E-02  1.1175E-01  4.3212E-02  2.0119E+00
 -1.0162E+00 -6.7597E-02 -2.3663E-01  4.3212E-02  2.0119E+00
 -2.3241E-01 -5.1044E-02 -1.0181E+00  4.3212E-02  2.0119E+00
 -8.7953E-01 -1.8204E-01  5.3525E-01  4.3212E-02  2.0119E+00
  1.0320E+00  8.3322E-02  1.4540E-01  4.3212E-02  2.0119E+00
 -1.0054E+00 -1.1783E-01 -2.6188E-01  4.3212E-02  2.0119E+00
  6.1634E-01 -1.4504E-01  8.2873E-01  4.2730E-02  2.0806E+00
 -3.9896E-01 -3.7613E-02  9.6009E-01  4.2242E-02  2.1536E+00
  9.7951E-01 -1.9774E-02  3.5005E-01  4.2242E-02  2.1536E+00
  7.6166E-01 -4.9045E-02 -7.0698E-01  4.2242E-02  2.1536E+00
  4.9493E-01  8.5650E-02 -9.1108E-01  4.2242E-02  2.1536E+00
 -2.1116E-02  1.7185E-02  1.0375E+00  4.1747E-02  2.2312E+00
 -7.2100E-01  1.2376E-01  7.3623E-01  4.1747E-02  2.2312E+00
 -8.2943E-01  5.3495E-02  6.1756E-01  4.1244E-02  2.3138E+00
  8.7181E-01 -9.5451E-02 -5.4607E-01  4.0733E-02  2.4020E+00
  4.0108E-01 -9.4303E-02 -9.4742E-01  4.0733E-02  2.4020E+00
 -6.6834E-01  3.6065E-02  7.8405E-01  4.0213E-02  2.4964E+00
 -9.1061E-01 -1.3594E-01  4.5883E-01  3.9683E-02  2.5977E+00
  1.0141E+00  1.1707E-01 -1.2708E-01  3.9683E-02  2.5977E+00
  9.9979E-01 -6.4589E-02 -2.3337E-01  3.9683E-02  2.5977E+00
  1.6953E-01  8.2100E-02  1.0113E+00  3.9683E-02  2.5977E+00
  2.9459E-01 -7.8315E-02 -9.8250E-01  3.9683E-02  2.5977E+00
 -9.9944E-01  8.6093E-02  2.2787E-01  3.9683E-02  2.5977E+00
  1.0120E+00  1.7238E-01  4.1397E-03  3.9143E-02  2.7067E+00
  1.0155E+00  1.2479E-01  8.4110E-02  3.9143E-02  2.7067E+00
 -8.6314E-01 -1.3177E-01  5.3607E-01  3.8592E-02  2.8243E+00
 -6.0709E-01 -1.4232E-01 -8.1298E-01  3.8592E-02  2.8243E+00
 -3.6269E-01  1.5383E-01  9.4580E-01  3.8592E-02  2.8243E+00
 -5.2246E-01 -8.9083E-02  8.7684E-01  3.8592E-02  2.8243E+00
  6.8407E-01 -1.7020E-01 -7.4084E-01  3.8029E-02  2.9517E+00
  9.6290E-01  1.1121E-01  3.2592E-01  3.8029E-02  2.9517E+00
  9.3962E-01  4.3722E-02  3.9641E-01  3.7452E-02  3.0900E+00
  9.4310E-01 -5.8487E-02  3.8612E-01  3.7452E-02  3.0900E+00
 -9.5432E-01 -6.8089E-03 -3.6219E-01  3.7452E-02  3.0900E+00
  3.3903E-01  8.3450E-02 -9.5919E-01  3.7452E-02  3.0900E+00
 -3.9949E-01  1.0911E-01 -9.3102E-01  3.6862E-02  3.2409E+00
 -1.0175E+00  2.9199E-02 -4.6249E-02  3.6862E-02  3.2409E+00
 -9.6872E-01  1.5567E-02  3.1566E-01  3.6862E-02  3.2409E+00
 -1.3283E-01 -5.2614E-02  1.0089E+00  3.6862E-02  3.2409E+00
 -4.5546E-01  7.8802E-02  9.0810E-01  3.6862E-02  3.2409E+00
  4.3392E-01  1.5786E-01  9.0643E-01  3.6256E-02  3.4062E+00
  8.8852E-01  2.3680E-03  4.9533E-01  3.6256E-02  3.4062E+00
  6.5202E-01 -1.0784E-01  7.7334E-01  3.6256E-02  3.4062E+00
 -3.8494E-01 -1.8355E-01  9.2355E-01  3.6256E-02  3.4062E+00
 -1.0126E+00  3.6242E-02 -9.0056E-02  3.6256E-02  3.4062E+00
 -7.6787E-01 -1.6999E-01 -6.4264E-01  3.5633E-02  3.5880E+00
 -5.4250E-01  7.6473E-02 -8.5519E-01  3.5633E-02  3.5880E+00
 -6.9106E-01  7.4250E-02  7.4056E-01  3.5633E-02  3.5880E+00
  9.1568E-01  1.7534E-01 -4.0286E-01  3.5633E-02  3.5880E+00
 -3.7786E-01  1.4094E-01  9.3213E-01  3.5633E-02  3.5880E+00
 -3.6861E-01  1.0955E-01 -9.3834E-01  3.4991E-02  3.7890E+00
 -8.4673E-01  1.4820E-01  5.3523E-01  3.4329E-02  4.0125E+00
 -2.7491E-01  1.2571E-01 -9.6644E-01  3.4329E-02  4.0125E+00
 -1.7879E-02  3.4635E-02  1.0119E+00  3.4329E-02  4.0125E+00
 -5.7289E-01  1.2651E-01  8.2533E-01  3.4329E-02  4.0125E+00
  4.4762E-02  1.6183E-01  9.9718E-01  3.3644E-02  4.2626E+00
  4.0461E-01  3.6265E-02  9.2460E-01  3.2934E-02  4.5444E+00
  9.8945E-01 -9.5957E-02  1.7807E-01  3.2934E-02  4.5444E+00
 -9.6734E-01 -2.7465E-02 -2.8881E-01  3.2934E-02  4.5444E+00
  3.7468E-01 -8.9151E-02  9.3226E-01  3.2195E-02  4.8645E+00
 -6.4145E-01 -1.7567E-01 -7.5837E-01  3.2195E-02  4.8645E+00
  8.1522E-01  9.0542E-02 -5.8707E-01  3.2195E-02  4.8645E+00
  9.9441E-01 -5.4769E-03  1.6898E-01  3.2195E-02  4.8645E+00
  9.0397E-01  1.3384E-01 -4.2704E-01  3.2195E-02  4.8645E+00
  4.6771E-01 -4.5030E-02 -8.9256E-01  3.2195E-02  4.8645E+00
 -1.5079E-02 -5.9105E-02  1.0057E+00  3.1425E-02  5.2312E+00
 -9.8901E-01  9.3201E-02 -1.6818E-01  3.1425E-02  5.2312E+00
 -9.8791E-01 -1.7401E-01 -9.4204E-02  3.1425E-02  5.2312E+00
 -5.5465E-01  6.5072E-02 -8.3860E-01  3.1425E-02  5.2312E+00
 -7.0582E-01  4.3092E-02  7.1769E-01  3.1425E-02  5.2312E+00
  1.0052E+00  4.0659E-02  2.9515E-02  3.0618E-02  5.6557E+00
 -9.8811E-01 -3.0155E-02  1.8895E-01  3.0618E-02  5.6557E+00
  2.5412E-01  1.3333E-01 -9.6469E-01  3.0618E-02  5.6557E+00
 -1.0039E+00 -1.8254E-02 -6.9647E-02  3.0618E-02  5.6557E+00
  7.0658E-01 -5.8668E-02 -7.1434E-01  3.0618E-02  5.6557E+00
  5.9511E-01 -1.6589E-01  7.9329E-01  2.9770E-02  6.1530E+00
  4.1834E-01  4.9320E-02  9.1299E-01  2.9770E-02  6.1530E+00
 -7.9714E-01 -9.8219E-02  6.0490E-01  2.9770E-02  6.1530E+00
  6.0321E-01  1.5282E-01  7.8979E-01  2.9770E-02  6.1530E+00
  4.9667E-01  7.4762E-02  8.7104E-01  2.9770E-02  6.1530E+00
 -4.8040E-01  1.5641E-01  8.6828E-01  2.8874E-02  6.7438E+00
  1.9216E-01 -2.9021E-02  9.8559E-01  2.8874E-02  6.7438E+00
  7.0944E-01  9.9105E-04  7.1124E-01  2.8874E-02  6.7438E+00
 -8.1357E-01 -2.2849E-02  5.8886E-01  2.8874E-02  6.7438E+00
  4.6493E-01 -7.9179E-02  8.8605E-01  2.7921E-02  7.4574E+00
 -6.6024E-01  1.8032E-02  7.5582E-01  2.7921E-02  7.4574E+00
  8.2649E-01 -1.2090E-01  5.5660E-01  2.7921E-02  7.4574E+00
  4.2899E-01 -8.4316E-02  9.0353E-01  2.7921E-02  7.4574E+00
  9.2622E-01 -8.2215E-02  3.7797E-01  2.7921E-02  7.4574E+00
 -5.8833E-01 -7.7043E-02 -8.0868E-01  2.6903E-02  8.3369E+00
 -6.0706E-01 -6.5107E-02  7.9578E-01  2.6903E-02  8.3369E+00
 -9.9219E-01  5.4752E-03  1.4678E-01  2.6903E-02  8.3369E+00
  8.8427E-01  1.0814E-01 -4.6086E-01  2.6903E-02  8.3369E+00
 -3.2300E-01  1.6344E-01  9.3540E-01  2.6903E-02  8.3369E+00
  9.1265E-01 -3.2419E-02  4.1477E-01  2.6903E-02  8.3369E+00
  9.3972E-01  9.4869E-02 -3.3558E-01  2.5804E-02  9.4481E+00
  5.4850E-01  9.6338E-03 -8.3890E-01  2.5804E-02  9.4481E+00
  9.8924E-01  1.5947E-01 -2.5726E-02  2.5804E-02  9.4481E+00
 -8.6992E-01 -1.1012E-01  4.8560E-01  2.5804E-02  9.4481E+00
  2.5966E-01 -5.3404E-03 -9.6811E-01  2.5804E-02  9.4481E+00
 -6.7945E-01  1.8034E-01 -7.1451E-01  2.5804E-02  9.4481E+00
 -3.2595E-01  7.8009E-02 -9.4404E-01  2.4606E-02  1.0897E+01
 -6.6104E-01 -1.8047E-02 -7.5249E-01  2.4606E-02  1.0897E+01
  4.8748E-01  1.5671E-02  8.7502E-01  2.4606E-02  1.0897E+01
  9.0633E-01  5.8750E-02 -4.2149E-01  2.3280E-02  1.2866E+01
  3.5194E-01 -3.3955E-02 -9.3676E-01  2.3280E-02  1.2866E+01
  8.7209E-01 -8.5870E-02 -4.8438E-01  2.3280E-02  1.2866E+01
  2.3934E-01  1.3423E-01  9.6250E-01  2.1787E-02  1.5696E+01
  3.4706E-01  5.8017E-02  9.3696E-01  2.1787E-02  1.5696E+01
 -8.5441E-01  9.0860E-02  5.1326E-01  2.1787E-02  1.5696E+01
  1.9612E-02  1.0557E-01 -9.9508E-01  2.1787E-02  1.5696E+01
  6.8928E-01  1.8063E-01 -7.0235E-01  2.0058E-02  2.0115E+01
 -3.5491E-01 -3.3514E-02  9.3486E-01  2.0058E-02  2.0115E+01
  2.6908E-01 -1.5876E-01  9.5049E-01  2.0058E-02  2.0115E+01
  9.3023E-01  2.5412E-02  3.6750E-01  2.0058E-02  2.0115E+01
 -9.9106E-01  1.3139E-01  3.2714E-02  1.7969E-02  2.7981E+01
