0.63318857142857D+01       641
(x,y,z) position of the X-ray source
  0.1674E+01  0.3468E-01  0.6617E+00
x | y | z | R | rho
 -6.9150E-01 -3.0870E-01  7.6366E+00  2.6878E-01  8.3602E-03
 -1.7739E+00  9.9077E-02  8.0946E+00  2.8343E-01  7.1293E-03
  3.4983E-01 -4.3755E-02  6.4049E+00  2.3732E-01  1.2145E-02
  2.2423E-01 -2.0951E-01  7.4626E+00  2.6379E-01  8.8439E-03
 -5.3501E-01 -2.1112E-01  8.2183E+00  2.8228E-01  7.2171E-03
  8.2580E-01  1.6222E-01  6.5991E+00  2.4342E-01  1.1255E-02
 -5.0158E-01  3.1498E-01  8.4648E+00  2.8809E-01  6.7892E-03
 -8.2235E-01 -1.9679E-01  6.2340E+00  2.3412E-01  1.2650E-02
  4.4665E-01  7.0656E-02  8.8369E+00  2.9652E-01  6.2267E-03
 -1.5035E+00 -3.6188E-02  5.7612E+00  2.2528E-01  1.4198E-02
 -1.6217E+00 -1.9479E-01  5.8536E+00  2.2853E-01  1.3601E-02
  1.3054E+00  1.2751E-01  5.2863E+00  2.1162E-01  1.7129E-02
 -3.1799E-01  2.1248E-01  6.6898E+00  2.4464E-01  1.1087E-02
 -1.1167E+00 -2.8985E-01  9.1918E+00  3.0602E-01  5.6645E-03
 -1.3664E-01 -4.1522E-03  6.3613E+00  2.3598E-01  1.2353E-02
  1.0409E+00 -3.2286E-01  6.0554E+00  2.3051E-01  1.3254E-02
  7.7503E-01 -1.6227E-01  8.6125E+00  2.9190E-01  6.5271E-03
  1.5316E-01  3.4995E-01  8.2913E+00  2.8373E-01  7.1067E-03
 -5.6999E-01 -1.3147E-01  7.4210E+00  2.6318E-01  8.9054E-03
  1.3319E+00  1.7894E-01  6.1134E+00  2.3330E-01  1.2784E-02
  5.7412E-01  3.0088E-01  9.7988E+00  3.1851E-01  5.0237E-03
  8.1119E-01 -1.9800E-01  9.5657E+00  3.1364E-01  5.2614E-03
  1.8495E+00  2.6801E-01  5.7141E+00  2.2681E-01  1.3913E-02
  4.0091E-01  3.7904E-01  8.6775E+00  2.9297E-01  6.4556E-03
  6.3265E-01  2.6499E-01  8.3453E+00  2.8546E-01  6.9785E-03
  1.6481E+00  3.6808E-01  8.2747E+00  2.8715E-01  6.8563E-03
  1.7988E+00 -3.1786E-01  7.3453E+00  2.6623E-01  8.6027E-03
 -1.9096E+00 -3.4052E-01  6.6347E+00  2.4999E-01  1.0390E-02
  4.5099E-01  7.0233E-02  7.1821E+00  2.5708E-01  9.5539E-03
 -5.1149E-01 -1.6104E-01  6.1272E+00  2.3046E-01  1.3263E-02
  3.7333E-01  1.1560E-01  6.9748E+00  2.5183E-01  1.0164E-02
 -1.8302E+00 -1.4850E-01  7.0225E+00  2.5862E-01  9.3848E-03
  1.3515E+00 -2.3671E-01  8.4099E+00  2.8892E-01  6.7308E-03
 -2.0965E+00  1.5272E-01  8.8529E+00  3.0227E-01  5.8781E-03
 -1.2583E+00 -1.6154E-01  6.0569E+00  2.3144E-01  1.3094E-02
  2.4355E-01  1.8040E-01  6.6528E+00  2.4360E-01  1.1230E-02
 -3.0366E-01 -3.2828E-01  6.8374E+00  2.4847E-01  1.0582E-02
 -1.9484E+00 -2.7780E-02  6.9274E+00  2.5708E-01  9.5548E-03
 -3.4158E-02  2.4875E-01  5.5313E+00  2.1408E-01  1.6544E-02
  1.9904E-01 -2.5894E-01  7.7171E+00  2.6999E-01  8.2485E-03
 -1.9564E-01  8.9236E-03  5.3883E+00  2.1012E-01  1.7499E-02
 -1.4866E+00  2.3983E-01  5.1291E+00  2.0885E-01  1.7821E-02
  1.6030E-01 -2.5032E-03  5.3201E+00  2.0821E-01  1.7985E-02
 -8.0491E-01  1.3828E-01  5.2361E+00  2.0757E-01  1.8151E-02
  4.4226E-01  1.3715E-01  5.2444E+00  2.0661E-01  1.8405E-02
  2.3154E-01  1.1320E-01  5.0741E+00  2.0148E-01  1.9848E-02
  1.8654E+00  2.2947E-01  4.7078E+00  2.0116E-01  1.9943E-02
  1.0545E+00 -2.2414E-01  4.8005E+00  1.9695E-01  2.1249E-02
  7.8600E-01 -2.8534E-01  4.7326E+00  1.9369E-01  2.2339E-02
 -1.5976E+00  1.6831E-01  4.3237E+00  1.8811E-01  2.4386E-02
  4.5204E-01  1.1739E-01  4.5204E+00  1.8613E-01  2.5174E-02
 -9.4429E-01 -1.0683E-01  4.4324E+00  1.8580E-01  2.5308E-02
 -5.9271E-01  2.2258E-01  4.4431E+00  1.8447E-01  2.5858E-02
  1.4288E-01  6.4535E-02  4.3723E+00  1.8115E-01  2.7309E-02
 -2.0454E-01 -1.2902E-01  4.3572E+00  1.8081E-01  2.7461E-02
  1.2732E+00  1.4946E-01  4.1125E+00  1.7914E-01  2.8237E-02
 -9.3071E-02 -1.7707E-01  4.2693E+00  1.7813E-01  2.8718E-02
  1.0438E+00 -1.5722E-01  4.1300E+00  1.7780E-01  2.8881E-02
 -1.9096E+00  2.1168E-01  3.7675E+00  1.7679E-01  2.9378E-02
  1.7351E+00 -2.4550E-01  3.8121E+00  1.7578E-01  2.9887E-02
  8.3830E-01 -1.5220E-02  4.0653E+00  1.7443E-01  3.0586E-02
  1.8705E+00 -2.0686E-01  3.6872E+00  1.7409E-01  3.0764E-02
  1.3536E+00 -6.7398E-02  3.8998E+00  1.7376E-01  3.0944E-02
  4.0192E-01  2.3803E-01  4.0684E+00  1.7274E-01  3.1493E-02
 -1.6133E+00  1.7518E-01  3.6384E+00  1.6934E-01  3.3426E-02
  1.3988E+00  2.5547E-01  3.7096E+00  1.6900E-01  3.3629E-02
  1.6064E+00 -5.7278E-02  3.6210E+00  1.6866E-01  3.3833E-02
  1.4297E+00  1.6964E-01  3.6314E+00  1.6695E-01  3.4882E-02
 -3.0058E-01  7.4402E-02  3.8277E+00  1.6490E-01  3.6204E-02
  1.8757E+00 -3.5910E-02  3.3001E+00  1.6352E-01  3.7125E-02
  1.3026E+00  1.6274E-01  3.5502E+00  1.6318E-01  3.7360E-02
 -6.3110E-01 -2.0867E-01  3.7151E+00  1.6283E-01  3.7598E-02
  6.3314E-01  1.1385E-01  3.5854E+00  1.5869E-01  4.0625E-02
  1.3090E+00 -2.1829E-01  3.3220E+00  1.5660E-01  4.2270E-02
  1.6859E+00  1.6104E-01  3.1387E+00  1.5625E-01  4.2554E-02
 -2.8944E-01  6.5323E-02  3.4778E+00  1.5381E-01  4.4615E-02
 -1.0040E-01 -8.7768E-03  3.4565E+00  1.5276E-01  4.5542E-02
 -1.2772E+00 -8.7110E-02  3.1425E+00  1.5065E-01  4.7481E-02
 -8.3875E-01  2.4291E-01  3.2568E+00  1.4994E-01  4.8153E-02
  9.8718E-01 -1.0511E-01  3.1661E+00  1.4818E-01  4.9893E-02
 -6.3008E-01  1.2328E-01  3.2445E+00  1.4783E-01  5.0252E-02
 -1.8555E+00  9.6594E-02  2.7232E+00  1.4747E-01  5.0614E-02
  4.0351E-01 -1.1571E-01  3.2483E+00  1.4676E-01  5.1350E-02
  1.7931E-01 -4.8783E-02  3.2701E+00  1.4676E-01  5.1350E-02
 -1.2558E+00 -1.9414E-01  3.0072E+00  1.4641E-01  5.1724E-02
  1.2512E+00  2.0696E-01  2.9851E+00  1.4570E-01  5.2483E-02
 -1.2487E+00 -6.1099E-02  2.9696E+00  1.4499E-01  5.3258E-02
  1.7870E+00 -2.3725E-02  2.6681E+00  1.4464E-01  5.3651E-02
  1.7279E+00  1.1803E-01  2.6157E+00  1.4214E-01  5.6525E-02
  1.8205E+00  5.8854E-02  2.5282E+00  1.4143E-01  5.7386E-02
  9.4071E-01  4.3193E-02  2.8267E+00  1.3676E-01  6.3458E-02
 -3.6006E-01  8.8597E-02  2.9352E+00  1.3604E-01  6.4472E-02
 -3.9547E-01 -8.8333E-02  2.9096E+00  1.3532E-01  6.5509E-02
  1.0881E+00 -1.3192E-01  2.7143E+00  1.3496E-01  6.6036E-02
  6.6693E-02  8.5774E-02  2.9253E+00  1.3496E-01  6.6036E-02
  1.6884E+00  3.5399E-02  2.3272E+00  1.3315E-01  6.8763E-02
 -8.0912E-01  7.0724E-02  2.7475E+00  1.3279E-01  6.9327E-02
 -1.6895E+00  5.6423E-02  2.2619E+00  1.3134E-01  7.1651E-02
  9.4491E-01  6.6859E-02  2.5837E+00  1.2879E-01  7.5987E-02
 -4.7525E-01  1.4391E-01  2.6860E+00  1.2806E-01  7.7293E-02
 -1.3827E+00 -2.1750E-01  2.2862E+00  1.2623E-01  8.0699E-02
 -1.1646E+00 -1.6722E-01  2.3860E+00  1.2550E-01  8.2120E-02
 -1.5397E+00  1.7941E-02  2.1570E+00  1.2514E-01  8.2844E-02
 -5.0456E-01 -6.5896E-02  2.5906E+00  1.2477E-01  8.3577E-02
 -1.6441E+00  2.9659E-02  2.0654E+00  1.2477E-01  8.3577E-02
  1.7506E+00  1.4532E-01  1.9302E+00  1.2367E-01  8.5829E-02
 -1.9046E+00 -3.8415E-02  1.7246E+00  1.2220E-01  8.8967E-02
 -4.1623E-01  1.0770E-01  2.5335E+00  1.2220E-01  8.8967E-02
  1.5356E-01 -5.9903E-02  2.5343E+00  1.2109E-01  9.1425E-02
 -1.3877E+00  1.2551E-01  2.1233E+00  1.2109E-01  9.1425E-02
  1.5954E+00 -6.2586E-02 -1.9236E+00  1.1961E-01  9.4853E-02
 -1.2819E+00 -1.8086E-01  2.1269E+00  1.1925E-01  9.5738E-02
 -8.8738E-01  1.5965E-01  2.2997E+00  1.1851E-01  9.7542E-02
  1.3261E+00 -2.0265E-02  2.0839E+00  1.1851E-01  9.7542E-02
  6.3673E-01 -1.2818E-01  2.3627E+00  1.1776E-01  9.9393E-02
  1.7234E+00 -5.7495E-02 -1.7132E+00  1.1702E-01  1.0129E-01
 -1.3990E+00  9.3194E-02  1.9614E+00  1.1628E-01  1.0324E-01
 -1.2250E+00  9.0066E-02  2.0633E+00  1.1591E-01  1.0424E-01
 -1.7760E+00 -1.5683E-01 -1.6085E+00  1.1591E-01  1.0424E-01
  7.2838E-01 -3.5430E-02  2.2673E+00  1.1517E-01  1.0627E-01
  1.1523E+00  6.3816E-02  2.0276E+00  1.1331E-01  1.1159E-01
 -1.7723E+00 -1.9073E-01  1.4902E+00  1.1293E-01  1.1270E-01
 -1.5435E+00  5.2628E-02 -1.7228E+00  1.1256E-01  1.1382E-01
  1.3189E+00  2.0375E-01 -1.8664E+00  1.1182E-01  1.1612E-01
  1.3087E+00  9.7421E-02 -1.8704E+00  1.1144E-01  1.1729E-01
  1.3094E+00  8.9191E-02 -1.8350E+00  1.1032E-01  1.2090E-01
 -1.2213E+00 -1.4236E-01 -1.8915E+00  1.1032E-01  1.2090E-01
  1.4015E+00  1.5816E-01  1.7608E+00  1.1032E-01  1.2090E-01
 -1.4379E+00 -1.3473E-01 -1.7332E+00  1.1032E-01  1.2090E-01
  3.0738E-01  1.6796E-01  2.1997E+00  1.0920E-01  1.2466E-01
 -1.3590E+00  6.6016E-02  1.7395E+00  1.0845E-01  1.2727E-01
 -1.3281E+00 -4.3855E-02 -1.7639E+00  1.0845E-01  1.2727E-01
  1.2539E+00  1.5213E-01 -1.8116E+00  1.0845E-01  1.2727E-01
  2.8632E-01 -5.9072E-02  2.1604E+00  1.0733E-01  1.3131E-01
 -1.9983E-01  1.4786E-01  2.1564E+00  1.0695E-01  1.3269E-01
 -1.6736E+00 -9.3506E-03  1.3823E+00  1.0695E-01  1.3269E-01
  1.8407E+00  1.8940E-01  1.1166E+00  1.0658E-01  1.3410E-01
  1.0576E+00  2.0437E-02 -1.8739E+00  1.0620E-01  1.3553E-01
 -1.7619E+00 -1.7901E-01 -1.1722E+00  1.0507E-01  1.3994E-01
  1.6485E+00 -1.1593E-01  1.3340E+00  1.0507E-01  1.3994E-01
  1.9001E-01 -1.8727E-01  2.0789E+00  1.0394E-01  1.4454E-01
  1.2812E+00 -7.8891E-02 -1.6568E+00  1.0394E-01  1.4454E-01
 -1.2748E+00  1.5416E-01  1.6448E+00  1.0357E-01  1.4613E-01
 -8.0974E-02 -8.8804E-03  2.0851E+00  1.0357E-01  1.4613E-01
  1.0732E+00 -1.4311E-02 -1.7679E+00  1.0281E-01  1.4936E-01
  1.7797E+00 -9.9971E-02  1.0120E+00  1.0206E-01  1.5269E-01
 -1.0678E+00  1.3012E-01  1.7449E+00  1.0206E-01  1.5269E-01
  5.1115E-01  1.5153E-01  1.9603E+00  1.0131E-01  1.5613E-01
 -1.3660E-01  1.3324E-01  2.0225E+00  1.0131E-01  1.5613E-01
 -1.6892E+00 -1.5877E-01  1.1173E+00  1.0131E-01  1.5613E-01
  1.0714E+00 -7.4704E-02 -1.7136E+00  1.0093E-01  1.5789E-01
  1.5808E+00 -9.1939E-02  1.2580E+00  1.0093E-01  1.5789E-01
 -1.4173E+00  8.6169E-02  1.4144E+00  1.0017E-01  1.6148E-01
  1.7330E+00  5.2141E-02 -9.8713E-01  9.9797E-02  1.6332E-01
  1.0982E+00 -6.7099E-02 -1.6426E+00  9.9041E-02  1.6709E-01
  1.9058E+00 -7.4516E-02 -4.8529E-01  9.8663E-02  1.6902E-01
  1.8825E+00  1.9376E-02  5.4191E-01  9.8285E-02  1.7098E-01
 -1.6800E+00 -6.8847E-02 -1.0054E+00  9.8285E-02  1.7098E-01
  1.1038E+00  2.2467E-02  1.6075E+00  9.7907E-02  1.7297E-01
  1.8611E+00 -1.1007E-01  5.7197E-01  9.7907E-02  1.7297E-01
  8.7687E-01  1.2533E-01 -1.7374E+00  9.7907E-02  1.7297E-01
 -1.8998E+00 -1.3578E-01  3.7499E-01  9.7529E-02  1.7499E-01
 -1.5165E+00  2.8997E-02  1.2115E+00  9.7529E-02  1.7499E-01
  1.8502E+00 -8.4993E-02 -5.1844E-01  9.6772E-02  1.7912E-01
 -9.0022E-01  9.5468E-02 -1.6970E+00  9.6772E-02  1.7912E-01
  1.4096E+00  1.2581E-01 -1.2894E+00  9.6393E-02  1.8124E-01
 -1.5796E+00 -2.7965E-02  1.0657E+00  9.6015E-02  1.8340E-01
 -4.2811E-01 -1.8256E-02  1.8569E+00  9.6015E-02  1.8340E-01
 -8.4215E-03  1.6576E-01  1.8984E+00  9.6015E-02  1.8340E-01
  6.6168E-01 -6.5738E-02 -1.7765E+00  9.5636E-02  1.8558E-01
 -1.5785E+00  5.8625E-02  1.0502E+00  9.5636E-02  1.8558E-01
 -1.6574E+00 -4.7438E-02 -9.0309E-01  9.5257E-02  1.8781E-01
  4.2640E-01 -1.0303E-01  1.8364E+00  9.5257E-02  1.8781E-01
 -2.6106E-01  1.2559E-02  1.8699E+00  9.5257E-02  1.8781E-01
  8.0363E-01  9.6452E-02 -1.6960E+00  9.4878E-02  1.9007E-01
  1.7609E+00  1.5020E-01 -6.3890E-01  9.4878E-02  1.9007E-01
 -1.7667E+00 -1.6451E-01 -6.1912E-01  9.4878E-02  1.9007E-01
  1.6461E+00  1.1357E-01  8.8100E-01  9.4499E-02  1.9236E-01
 -5.8274E-01  3.3284E-02  1.7679E+00  9.4120E-02  1.9470E-01
  1.8081E+00 -8.2699E-02  4.3589E-01  9.4120E-02  1.9470E-01
  1.2697E+00 -1.2363E-03  1.3616E+00  9.4120E-02  1.9470E-01
  1.5978E+00 -1.5938E-01 -9.2494E-01  9.3741E-02  1.9707E-01
 -2.5011E-01 -5.9706E-05 -1.8273E+00  9.3361E-02  1.9948E-01
  2.9810E-01  1.0782E-01 -1.8169E+00  9.3361E-02  1.9948E-01
  1.7838E+00 -8.3113E-02 -4.2536E-01  9.2982E-02  2.0193E-01
 -1.2106E+00 -1.1299E-01  1.3754E+00  9.2982E-02  2.0193E-01
  1.6217E+00  8.2067E-02 -8.3762E-01  9.2603E-02  2.0443E-01
  6.5118E-03  1.4752E-01 -1.8211E+00  9.2603E-02  2.0443E-01
 -4.3783E-01  1.3282E-01  1.7689E+00  9.2603E-02  2.0443E-01
 -9.3593E-01 -6.3796E-02  1.5578E+00  9.2223E-02  2.0696E-01
 -1.7881E+00  7.3878E-02  3.2280E-01  9.2223E-02  2.0696E-01
  1.1998E+00  2.8183E-02  1.3662E+00  9.2223E-02  2.0696E-01
 -1.4767E+00  7.2563E-02 -1.0439E+00  9.1844E-02  2.0954E-01
  1.2778E+00  8.3459E-02 -1.2791E+00  9.1844E-02  2.0954E-01
 -1.7959E+00 -5.2982E-02  2.1835E-01  9.1844E-02  2.0954E-01
 -8.8301E-01 -1.8325E-01  1.5396E+00  9.0704E-02  2.1753E-01
  1.7735E+00 -2.4769E-02  1.9457E-01  9.0704E-02  2.1753E-01
 -1.7605E+00 -1.3898E-01 -6.9284E-02  8.9945E-02  2.2309E-01
 -1.6068E+00 -4.7469E-02 -7.3455E-01  8.9945E-02  2.2309E-01
  7.6728E-01  1.1057E-01 -1.5789E+00  8.9565E-02  2.2594E-01
  1.7503E+00  2.5568E-02 -1.7220E-01  8.9565E-02  2.2594E-01
 -8.8876E-01 -1.3247E-01  1.5023E+00  8.9185E-02  2.2884E-01
  1.4896E+00 -9.6558E-02  9.1426E-01  8.9185E-02  2.2884E-01
 -4.4642E-01 -4.4459E-02 -1.6920E+00  8.9185E-02  2.2884E-01
  9.6535E-01 -9.7929E-02  1.4570E+00  8.9185E-02  2.2884E-01
 -1.0056E-01  7.9724E-02 -1.7458E+00  8.9185E-02  2.2884E-01
 -1.6711E+00 -1.0136E-01 -4.5065E-01  8.8425E-02  2.3479E-01
 -5.3056E-01  4.5684E-02  1.6500E+00  8.8425E-02  2.3479E-01
 -1.7103E+00 -1.6469E-01 -1.5815E-01  8.8044E-02  2.3785E-01
 -1.7070E+00 -1.5480E-01  1.9851E-01  8.8044E-02  2.3785E-01
  1.5076E+00  6.8547E-02 -8.1908E-01  8.7664E-02  2.4095E-01
 -1.1413E+00  1.4299E-01 -1.2750E+00  8.7664E-02  2.4095E-01
  1.6823E+00 -1.8231E-01 -2.3838E-01  8.7284E-02  2.4412E-01
 -1.5759E+00 -8.7608E-02  6.5496E-01  8.7284E-02  2.4412E-01
  8.1446E-01  1.5622E-02 -1.5022E+00  8.7284E-02  2.4412E-01
  1.5872E+00  6.6200E-02  6.0705E-01  8.6904E-02  2.4734E-01
 -9.1195E-01 -4.8157E-02 -1.4346E+00  8.6904E-02  2.4734E-01
 -7.5055E-01 -4.0785E-02 -1.5255E+00  8.6904E-02  2.4734E-01
  4.6286E-01 -4.2842E-02  1.6273E+00  8.6524E-02  2.5061E-01
 -2.8587E-02 -6.0178E-02 -1.6911E+00  8.6524E-02  2.5061E-01
 -1.1438E+00  9.9806E-02 -1.2322E+00  8.6143E-02  2.5395E-01
 -1.6213E+00  7.4323E-02  3.8452E-01  8.5382E-02  2.6079E-01
  2.6581E-01 -5.4393E-02 -1.6457E+00  8.5382E-02  2.6079E-01
 -1.4947E+00 -1.5005E-01  7.2490E-01  8.5382E-02  2.6079E-01
  1.6588E+00  1.7409E-01 -2.5338E-03  8.5382E-02  2.6079E-01
  1.5158E+00  1.1403E-01 -6.6678E-01  8.5002E-02  2.6431E-01
  1.6046E+00  1.2134E-01 -3.3524E-01  8.4241E-02  2.7154E-01
  5.3613E-02  1.5489E-01  1.6356E+00  8.4241E-02  2.7154E-01
 -1.5159E+00  4.3508E-02  6.3401E-01  8.4241E-02  2.7154E-01
  1.5767E+00 -1.8350E-01 -3.9498E-01  8.3861E-02  2.7525E-01
 -1.7982E-01  1.6337E-01  1.6176E+00  8.3861E-02  2.7525E-01
  1.0129E+00 -2.8115E-03 -1.2743E+00  8.3480E-02  2.7903E-01
 -1.5167E+00  4.6531E-02 -5.8920E-01  8.3480E-02  2.7903E-01
  7.9976E-01  3.6203E-02 -1.4082E+00  8.3100E-02  2.8288E-01
 -5.6271E-01 -1.5551E-01 -1.5025E+00  8.2719E-02  2.8681E-01
  5.4764E-01 -9.2071E-03  1.5160E+00  8.2719E-02  2.8681E-01
  1.0091E+00  8.9754E-02 -1.2537E+00  8.2719E-02  2.8681E-01
  2.1771E-01  1.1507E-01 -1.5850E+00  8.2338E-02  2.9080E-01
  2.7027E-01 -1.5965E-01  1.5650E+00  8.1958E-02  2.9487E-01
  5.8420E-01  1.6941E-01  1.4757E+00  8.1958E-02  2.9487E-01
  1.0478E+00  1.0501E-01 -1.1995E+00  8.1958E-02  2.9487E-01
  1.4657E+00  8.5574E-02  6.2622E-01  8.1958E-02  2.9487E-01
  1.0581E+00  1.8000E-02 -1.1844E+00  8.1577E-02  2.9902E-01
  9.6275E-01 -6.1494E-02 -1.2520E+00  8.1197E-02  3.0324E-01
  4.6619E-01 -1.4553E-01 -1.5032E+00  8.1197E-02  3.0324E-01
 -4.7996E-02 -3.2178E-02  1.5795E+00  8.1197E-02  3.0324E-01
  6.7023E-01  9.1850E-02 -1.4285E+00  8.1197E-02  3.0324E-01
  1.4649E+00 -5.3118E-03 -5.7249E-01  8.0816E-02  3.0755E-01
 -1.1572E+00 -1.7077E-01  1.0515E+00  8.0816E-02  3.0755E-01
 -8.9913E-01  5.6201E-02  1.2893E+00  8.0816E-02  3.0755E-01
  1.3680E+00 -1.0932E-01 -7.6834E-01  8.0816E-02  3.0755E-01
 -1.7802E-01  5.6382E-02 -1.5539E+00  8.0435E-02  3.1193E-01
  1.4280E+00  1.7348E-01 -5.9701E-01  8.0055E-02  3.1640E-01
  5.9540E-01  1.7175E-01 -1.4288E+00  8.0055E-02  3.1640E-01
 -7.9054E-01  8.9039E-02 -1.3300E+00  7.9674E-02  3.2096E-01
  1.5154E+00  5.0269E-02  3.2081E-01  7.9674E-02  3.2096E-01
 -1.2345E+00  5.6189E-03 -9.2427E-01  7.9293E-02  3.2561E-01
  1.0652E+00 -1.0503E-01  1.1102E+00  7.9293E-02  3.2561E-01
 -4.5772E-01 -1.4620E-01 -1.4574E+00  7.8913E-02  3.3034E-01
 -1.5314E+00  6.3269E-02 -7.5818E-02  7.8913E-02  3.3034E-01
 -8.2165E-01  3.6630E-02  1.2866E+00  7.8532E-02  3.3517E-01
  1.0677E+00 -1.6999E-01  1.0784E+00  7.8532E-02  3.3517E-01
 -1.2477E+00  1.7751E-01  8.4898E-01  7.8152E-02  3.4009E-01
  1.1290E+00 -1.0007E-01  1.0120E+00  7.8152E-02  3.4009E-01
  1.5005E+00 -7.7944E-02  2.2629E-01  7.8152E-02  3.4009E-01
  7.3439E-01 -7.0266E-02 -1.3284E+00  7.8152E-02  3.4009E-01
  1.3038E+00  1.8592E-01  7.4291E-01  7.7771E-02  3.4511E-01
  8.8959E-01  4.4649E-02 -1.2218E+00  7.7771E-02  3.4511E-01
 -1.1867E+00  1.9915E-02  9.2478E-01  7.7390E-02  3.5022E-01
  1.4934E+00  2.5315E-03  1.8284E-01  7.7390E-02  3.5022E-01
 -3.1470E-01  1.0108E-01  1.4678E+00  7.7390E-02  3.5022E-01
 -1.7979E-01  3.7528E-02 -1.4933E+00  7.7390E-02  3.5022E-01
 -3.1222E-01 -1.9879E-02 -1.4717E+00  7.7390E-02  3.5022E-01
  2.1987E-01 -1.0882E-01 -1.4770E+00  7.7010E-02  3.5544E-01
  1.4746E+00 -9.6889E-02  1.8916E-01  7.6629E-02  3.6076E-01
  1.3986E+00 -1.6859E-01 -4.8471E-01  7.6629E-02  3.6076E-01
 -1.4726E+00  1.3847E-01  1.7833E-01  7.6629E-02  3.6076E-01
  3.0011E-01  2.5028E-02  1.4516E+00  7.6248E-02  3.6619E-01
  8.9029E-01  1.1181E-01  1.1801E+00  7.6248E-02  3.6619E-01
  1.0115E+00  2.0652E-03 -1.0838E+00  7.6248E-02  3.6619E-01
  1.2929E+00 -1.1799E-01  7.1570E-01  7.6248E-02  3.6619E-01
 -1.0270E+00  1.0772E-01  1.0535E+00  7.5868E-02  3.7173E-01
 -1.7149E-01  1.7046E-01 -1.4553E+00  7.5868E-02  3.7173E-01
  1.3964E+00  1.7739E-01  4.4125E-01  7.5868E-02  3.7173E-01
 -2.4439E-01  9.8149E-02  1.4441E+00  7.5487E-02  3.7739E-01
 -1.0398E+00  1.6826E-01 -1.0224E+00  7.5487E-02  3.7739E-01
  2.0209E-01 -1.5107E-01 -1.4461E+00  7.5487E-02  3.7739E-01
 -1.4474E+00 -4.9802E-02 -2.3987E-01  7.5487E-02  3.7739E-01
  4.8563E-01 -2.2730E-02 -1.3698E+00  7.4726E-02  3.8904E-01
 -1.4357E+00 -1.6078E-01  1.6018E-01  7.4726E-02  3.8904E-01
  1.3212E-02  9.8272E-03 -1.4463E+00  7.4345E-02  3.9504E-01
  7.8289E-01 -2.9808E-03 -1.2078E+00  7.3965E-02  4.0117E-01
  9.4961E-01  2.2728E-02 -1.0814E+00  7.3965E-02  4.0117E-01
 -1.2110E-01  6.7995E-03  1.4342E+00  7.3965E-02  4.0117E-01
  7.7784E-01 -1.1504E-01 -1.2055E+00  7.3965E-02  4.0117E-01
 -3.0242E-02 -4.1491E-02  1.4313E+00  7.3584E-02  4.0743E-01
  1.4265E-01 -1.2004E-05 -1.4251E+00  7.3584E-02  4.0743E-01
  1.3214E+00 -6.9737E-02 -5.4812E-01  7.3584E-02  4.0743E-01
 -1.1611E+00 -1.0819E-01 -8.1935E-01  7.3203E-02  4.1382E-01
 -1.1860E+00  1.8190E-01 -7.6916E-01  7.3203E-02  4.1382E-01
 -7.6296E-01  2.1708E-02 -1.1953E+00  7.2822E-02  4.2035E-01
 -1.1219E+00  1.1081E-01 -8.6054E-01  7.2822E-02  4.2035E-01
 -1.4057E+00  1.7470E-01 -7.0651E-02  7.2822E-02  4.2035E-01
 -3.1101E-01  7.7982E-02 -1.3815E+00  7.2822E-02  4.2035E-01
 -9.0156E-01  3.6330E-02  1.0852E+00  7.2442E-02  4.2701E-01
  5.7279E-01 -6.6409E-02 -1.2806E+00  7.2061E-02  4.3381E-01
 -5.8492E-01 -6.6199E-03 -1.2768E+00  7.2061E-02  4.3381E-01
 -1.3848E+00  5.2509E-02  1.8052E-01  7.1680E-02  4.4076E-01
  4.3985E-01 -4.5011E-02  1.3258E+00  7.1680E-02  4.4076E-01
 -2.5649E-01 -1.9254E-02 -1.3737E+00  7.1680E-02  4.4076E-01
 -8.4305E-03 -5.9520E-02  1.3963E+00  7.1680E-02  4.4076E-01
  1.2831E+00 -1.7294E-01  5.2614E-01  7.1680E-02  4.4076E-01
  1.1382E+00 -5.7947E-02 -7.9706E-01  7.1300E-02  4.4786E-01
  8.3164E-01 -2.4301E-02  1.1144E+00  7.1300E-02  4.4786E-01
 -1.2671E+00  4.1500E-02  5.7177E-01  7.1300E-02  4.4786E-01
 -1.3706E+00  1.1998E-01  1.4974E-01  7.0919E-02  4.5511E-01
 -1.1428E+00  4.4439E-02  7.7931E-01  7.0919E-02  4.5511E-01
 -8.1194E-02 -1.4326E-02 -1.3748E+00  7.0538E-02  4.6253E-01
  8.1497E-01  1.5518E-01  1.0909E+00  7.0157E-02  4.7010E-01
 -3.7165E-01  1.4543E-01  1.3112E+00  7.0157E-02  4.7010E-01
  9.0321E-01 -1.1864E-01 -1.0151E+00  6.9776E-02  4.7784E-01
  1.8825E-01  1.4297E-01 -1.3433E+00  6.9776E-02  4.7784E-01
 -6.8508E-01 -1.5778E-01 -1.1611E+00  6.9395E-02  4.8575E-01
  1.1189E+00 -1.1735E-01 -7.4760E-01  6.9014E-02  4.9384E-01
  1.1487E+00 -2.6655E-02 -7.1017E-01  6.9014E-02  4.9384E-01
  1.2197E+00 -2.0680E-02  5.8007E-01  6.9014E-02  4.9384E-01
 -6.7181E-02  5.5924E-02 -1.3479E+00  6.9014E-02  4.9384E-01
 -5.0792E-01 -7.8246E-02  1.2421E+00  6.8633E-02  5.0211E-01
 -9.9103E-01  6.9410E-02  9.0555E-01  6.8633E-02  5.0211E-01
 -1.1339E+00 -9.7592E-02 -7.1528E-01  6.8633E-02  5.0211E-01
 -1.3329E+00 -1.7366E-01  1.4373E-02  6.8633E-02  5.0211E-01
  1.3202E+00 -1.7934E-01 -1.2075E-01  6.8252E-02  5.1057E-01
  1.3059E+00 -3.6918E-02  2.8816E-01  6.8252E-02  5.1057E-01
 -1.1995E-01 -1.7841E-01  1.3204E+00  6.8252E-02  5.1057E-01
 -1.3253E+00  1.2694E-01 -1.0228E-02  6.7871E-02  5.1923E-01
  3.2552E-02  1.4697E-01 -1.3164E+00  6.7489E-02  5.2808E-01
  4.8205E-01 -5.6219E-02  1.2329E+00  6.7489E-02  5.2808E-01
  9.2134E-01  1.6358E-01  9.3807E-01  6.7489E-02  5.2808E-01
 -1.0083E-01 -3.5399E-02 -1.3207E+00  6.7489E-02  5.2808E-01
  1.0356E+00  1.6261E-01  8.1037E-01  6.7489E-02  5.2808E-01
  1.2222E+00  1.3130E-01 -4.7740E-01  6.7108E-02  5.3713E-01
  9.0305E-01  1.7824E-01 -9.4424E-01  6.7108E-02  5.3713E-01
  5.3066E-01  1.3249E-01 -1.1930E+00  6.6726E-02  5.4640E-01
  1.2910E+00  9.9276E-02  1.7179E-01  6.6345E-02  5.5588E-01
 -1.1902E+00  2.5093E-02 -5.3755E-01  6.6345E-02  5.5588E-01
  1.1850E+00 -1.4439E-01  5.3013E-01  6.6345E-02  5.5588E-01
  1.2018E+00 -4.9330E-02 -5.0912E-01  6.6345E-02  5.5588E-01
 -8.4808E-01 -8.2333E-02 -9.8179E-01  6.5963E-02  5.6559E-01
 -2.7631E-01  5.7668E-02  1.2627E+00  6.5581E-02  5.7553E-01
  1.2364E+00 -1.7417E-01 -3.3907E-01  6.5581E-02  5.7553E-01
 -8.3265E-01 -1.8171E-01 -9.7350E-01  6.5581E-02  5.7553E-01
  1.1354E+00 -1.5219E-01 -5.8831E-01  6.5199E-02  5.8571E-01
  9.2416E-01 -8.1837E-02 -8.9306E-01  6.5199E-02  5.8571E-01
 -8.9026E-01  8.9825E-02 -9.2611E-01  6.5199E-02  5.8571E-01
 -7.1430E-01  3.9253E-02  1.0708E+00  6.5199E-02  5.8571E-01
 -1.2791E+00 -7.4826E-02  3.1830E-02  6.4817E-02  5.9614E-01
 -1.1743E-02  1.7701E-02  1.2815E+00  6.4817E-02  5.9614E-01
  4.8999E-01 -1.6247E-01  1.1666E+00  6.4434E-02  6.0681E-01
  1.4827E-01 -4.9032E-02  1.2661E+00  6.4434E-02  6.0681E-01
 -1.2262E+00 -1.8629E-01 -2.9887E-01  6.4434E-02  6.0681E-01
 -1.6545E-01  1.6989E-01 -1.2475E+00  6.4051E-02  6.1776E-01
  2.9964E-01 -1.2675E-01 -1.2274E+00  6.4051E-02  6.1776E-01
  1.2607E+00 -3.5182E-02  1.4768E-01  6.4051E-02  6.1776E-01
  1.1847E+00 -6.6478E-02 -4.3544E-01  6.3669E-02  6.2897E-01
 -5.3943E-01  1.2117E-01  1.1366E+00  6.3669E-02  6.2897E-01
 -1.4794E-01 -1.1221E-01  1.2502E+00  6.3669E-02  6.2897E-01
  1.2043E+00 -8.1153E-02  3.7505E-01  6.3669E-02  6.2897E-01
 -1.1428E+00 -1.7893E-02  5.3964E-01  6.3669E-02  6.2897E-01
  4.8673E-01  9.4384E-02  1.1626E+00  6.3669E-02  6.2897E-01
  4.2382E-01  1.7450E-01 -1.1716E+00  6.3285E-02  6.4046E-01
  1.2498E+00 -3.5791E-02 -1.3989E-01  6.3285E-02  6.4046E-01
 -6.6017E-01 -1.4206E-01 -1.0546E+00  6.2902E-02  6.5224E-01
  7.9323E-01 -7.2282E-02 -9.6636E-01  6.2902E-02  6.5224E-01
  1.7925E-01  1.5057E-02  1.2393E+00  6.2902E-02  6.5224E-01
 -1.2335E+00 -2.6523E-02  1.7836E-01  6.2518E-02  6.6433E-01
 -5.1105E-01  4.0741E-02  1.1363E+00  6.2518E-02  6.6433E-01
 -1.0032E+00 -2.9330E-02  7.3934E-01  6.2518E-02  6.6433E-01
  1.1719E+00  1.6439E-01 -3.7362E-01  6.2134E-02  6.7672E-01
 -4.6708E-01  3.1895E-02 -1.1492E+00  6.2134E-02  6.7672E-01
  7.8779E-01 -1.6961E-01  9.4365E-01  6.2134E-02  6.7672E-01
  9.2677E-01  1.4791E-01 -8.1183E-01  6.2134E-02  6.7672E-01
 -4.8756E-01 -1.8565E-01  1.1259E+00  6.2134E-02  6.7672E-01
  5.8117E-01 -1.1695E-01 -1.0901E+00  6.2134E-02  6.7672E-01
 -9.8081E-01  4.8692E-02  7.4939E-01  6.1750E-02  6.8943E-01
  1.0969E+00 -5.3043E-02  5.6563E-01  6.1750E-02  6.8943E-01
 -2.5252E-01 -8.4302E-02 -1.2006E+00  6.1365E-02  7.0248E-01
 -1.2247E+00  1.0861E-01 -2.2267E-02  6.1365E-02  7.0248E-01
 -1.0165E+00 -3.6766E-02  6.9112E-01  6.1365E-02  7.0248E-01
 -1.2113E+00 -1.3648E-01  1.1337E-01  6.0980E-02  7.1587E-01
 -8.5974E-01 -1.2680E-01 -8.6225E-01  6.0980E-02  7.1587E-01
  1.2206E+00  7.4112E-02 -5.8483E-02  6.0980E-02  7.1587E-01
  3.9463E-01  5.6340E-02 -1.1575E+00  6.0980E-02  7.1587E-01
  1.1548E+00  1.6206E-01 -3.7261E-01  6.0980E-02  7.1587E-01
 -1.1721E+00  1.6765E-01  3.1093E-01  6.0980E-02  7.1587E-01
  9.9514E-01 -2.7729E-03  7.0360E-01  6.0595E-02  7.2962E-01
  5.4019E-01  1.9588E-02  1.0923E+00  6.0595E-02  7.2962E-01
  2.8500E-01  1.7667E-01 -1.1661E+00  6.0209E-02  7.4374E-01
  1.1344E+00 -1.2991E-01 -4.1041E-01  6.0209E-02  7.4374E-01
 -3.6625E-01  1.8474E-01 -1.1419E+00  6.0209E-02  7.4374E-01
  5.7457E-01 -1.8483E-01 -1.0526E+00  6.0209E-02  7.4374E-01
  8.7350E-01 -2.6769E-02  8.3400E-01  5.9822E-02  7.5825E-01
  8.8425E-01 -1.5201E-01 -8.0095E-01  5.9436E-02  7.7315E-01
 -1.1549E+00  9.2627E-02 -3.2257E-01  5.9436E-02  7.7315E-01
 -1.1547E+00  3.5720E-02  3.3462E-01  5.9436E-02  7.7315E-01
 -1.0954E+00 -5.5299E-02 -4.8055E-01  5.9048E-02  7.8847E-01
 -1.1176E+00 -1.6962E-01  3.9519E-01  5.9048E-02  7.8847E-01
 -7.8930E-01 -1.3229E-01 -8.8379E-01  5.8660E-02  8.0422E-01
 -4.3986E-01 -7.9478E-03  1.1082E+00  5.8660E-02  8.0422E-01
  6.4295E-01 -1.2979E-01  9.9567E-01  5.8660E-02  8.0422E-01
  5.5671E-02 -1.3461E-01 -1.1834E+00  5.8660E-02  8.0422E-01
  7.1840E-01 -5.0285E-02 -9.4381E-01  5.8271E-02  8.2042E-01
  1.1742E+00 -1.5306E-01 -8.4573E-02  5.8271E-02  8.2042E-01
  5.2870E-01  2.5106E-02 -1.0627E+00  5.8271E-02  8.2042E-01
  4.4235E-01  1.1045E-01  1.0961E+00  5.8271E-02  8.2042E-01
  1.0368E+00 -4.5474E-02 -5.7646E-01  5.8271E-02  8.2042E-01
  1.0763E+00 -7.3232E-02  4.9554E-01  5.8271E-02  8.2042E-01
 -9.8224E-01 -1.6293E-01  6.3725E-01  5.7882E-02  8.3709E-01
 -9.5480E-01 -1.5729E-01 -6.7024E-01  5.7492E-02  8.5424E-01
 -1.0820E+00 -8.8646E-02 -4.5507E-01  5.7492E-02  8.5424E-01
  1.1232E+00 -1.1664E-01  3.3234E-01  5.7492E-02  8.5424E-01
  9.8802E-01 -1.5628E-01 -6.1106E-01  5.7101E-02  8.7190E-01
  5.9848E-01  1.4847E-01 -9.9689E-01  5.7101E-02  8.7190E-01
 -3.8282E-01  8.1059E-02  1.1049E+00  5.7101E-02  8.7190E-01
  1.0518E+00  1.6324E-01 -4.7928E-01  5.6710E-02  8.9009E-01
 -6.3411E-01 -6.2803E-02  9.7803E-01  5.6710E-02  8.9009E-01
  9.6804E-01 -1.6138E-01  6.2307E-01  5.6317E-02  9.0882E-01
  1.1489E+00 -1.4190E-01  1.0642E-01  5.6317E-02  9.0882E-01
 -6.3206E-01  1.0122E-01 -9.7036E-01  5.6317E-02  9.0882E-01
  1.1464E+00  1.0112E-01 -1.6415E-01  5.6317E-02  9.0882E-01
 -7.6596E-02  1.8471E-01 -1.1403E+00  5.5924E-02  9.2814E-01
 -5.4978E-01 -1.0040E-01  1.0139E+00  5.5924E-02  9.2814E-01
  7.4449E-01  1.5077E-01  8.7367E-01  5.5924E-02  9.2814E-01
  8.2570E-03  6.0224E-02  1.1514E+00  5.5530E-02  9.4805E-01
  4.9026E-01  1.3223E-01  1.0352E+00  5.5530E-02  9.4805E-01
  8.4829E-01 -1.9715E-03 -7.8092E-01  5.5530E-02  9.4805E-01
  1.1504E+00  5.8680E-02 -5.0517E-02  5.5530E-02  9.4805E-01
  1.0619E+00 -1.5975E-02 -4.3689E-01  5.5134E-02  9.6859E-01
 -6.4260E-01  6.2857E-02 -9.4968E-01  5.5134E-02  9.6859E-01
  5.1438E-01 -9.1913E-02 -1.0175E+00  5.4738E-02  9.8980E-01
 -9.8665E-01 -9.5650E-03  5.7854E-01  5.4738E-02  9.8980E-01
  3.9506E-01 -3.7209E-02  1.0728E+00  5.4738E-02  9.8980E-01
  1.1263E+00 -2.8320E-02  1.9723E-01  5.4738E-02  9.8980E-01
  1.4188E-01  1.5564E-01 -1.1197E+00  5.4340E-02  1.0117E+00
 -2.0802E-01 -3.9115E-02 -1.1195E+00  5.4340E-02  1.0117E+00
  2.4132E-01  1.3967E-01  1.1046E+00  5.4340E-02  1.0117E+00
  1.2457E-01  1.6771E-01 -1.1200E+00  5.4340E-02  1.0117E+00
  1.1133E+00  2.4595E-02 -2.1864E-01  5.3941E-02  1.0343E+00
  1.1189E+00 -1.3952E-01 -1.2851E-01  5.3941E-02  1.0343E+00
  2.9901E-01 -7.9356E-02 -1.0919E+00  5.3941E-02  1.0343E+00
 -2.2347E-01  1.7776E-01 -1.0983E+00  5.3941E-02  1.0343E+00
  1.0108E-01  5.7967E-02  1.1244E+00  5.3541E-02  1.0577E+00
 -8.3772E-01 -3.5452E-02  7.5821E-01  5.3541E-02  1.0577E+00
  1.0800E+00 -1.3859E-01  2.8715E-01  5.3139E-02  1.0818E+00
 -1.0945E+00 -5.2735E-02  2.5982E-01  5.3139E-02  1.0818E+00
 -9.5407E-01  1.3783E-01  5.7388E-01  5.2736E-02  1.1068E+00
  5.4415E-01 -4.4106E-02 -9.8008E-01  5.2736E-02  1.1068E+00
 -1.0326E+00 -1.7460E-01 -4.0239E-01  5.2736E-02  1.1068E+00
  2.2283E-01 -1.5546E-01 -1.0885E+00  5.2736E-02  1.1068E+00
  1.0736E+00  3.9518E-02 -3.2324E-01  5.2736E-02  1.1068E+00
  2.5806E-02 -2.6429E-02 -1.1171E+00  5.2331E-02  1.1327E+00
  6.7235E-01  1.3405E-01  8.8271E-01  5.2331E-02  1.1327E+00
 -1.0908E+00 -1.5367E-02 -2.2323E-01  5.1925E-02  1.1595E+00
  8.5914E-01  7.2819E-02 -6.9825E-01  5.1516E-02  1.1873E+00
 -7.6360E-01  1.0218E-01  7.9841E-01  5.1516E-02  1.1873E+00
 -1.0901E+00 -1.5197E-01  1.3982E-01  5.1516E-02  1.1873E+00
  1.0177E-01 -1.7895E-01 -1.0902E+00  5.1516E-02  1.1873E+00
  5.8154E-01 -5.4802E-02  9.3859E-01  5.1106E-02  1.2161E+00
 -4.2583E-01  5.3385E-02  1.0188E+00  5.1106E-02  1.2161E+00
  2.1227E-01  6.9766E-02  1.0827E+00  5.1106E-02  1.2161E+00
 -5.9104E-01  6.3589E-02  9.3207E-01  5.1106E-02  1.2161E+00
 -4.5661E-01  1.7014E-01 -9.9232E-01  5.1106E-02  1.2161E+00
 -9.0779E-01  6.6388E-02 -6.2741E-01  5.1106E-02  1.2161E+00
 -1.0751E+00  1.2202E-01  2.2663E-01  5.1106E-02  1.2161E+00
 -6.8186E-01 -1.4221E-01  8.5341E-01  5.0694E-02  1.2461E+00
  4.4766E-02  1.4644E-01 -1.0909E+00  5.0694E-02  1.2461E+00
  8.0847E-01  9.8973E-02 -7.4165E-01  5.0694E-02  1.2461E+00
 -1.0678E+00 -1.4289E-01  2.2985E-01  5.0694E-02  1.2461E+00
 -1.0490E-01 -8.5403E-02 -1.0932E+00  5.0694E-02  1.2461E+00
  1.0609E+00 -7.2620E-02  2.8757E-01  5.0694E-02  1.2461E+00
 -1.3348E-01 -1.6590E-01  1.0808E+00  5.0694E-02  1.2461E+00
 -5.6224E-01  1.8529E-02  9.4261E-01  5.0279E-02  1.2771E+00
  3.3331E-01 -1.7027E-01 -1.0319E+00  5.0279E-02  1.2771E+00
 -1.0884E+00  3.0105E-02  1.0548E-01  4.9863E-02  1.3094E+00
  3.0392E-01  5.3530E-02 -1.0456E+00  4.9444E-02  1.3430E+00
 -1.0809E+00 -1.4164E-01  1.3217E-02  4.9444E-02  1.3430E+00
  1.0246E+00 -5.6120E-02 -3.6810E-01  4.9444E-02  1.3430E+00
 -1.0206E+00  7.9459E-02  3.6424E-01  4.9022E-02  1.3780E+00
 -5.4631E-01  1.2060E-01  9.2727E-01  4.8597E-02  1.4144E+00
  1.6618E-01 -7.9246E-02 -1.0672E+00  4.8597E-02  1.4144E+00
 -6.9423E-02 -2.3028E-03 -1.0807E+00  4.8597E-02  1.4144E+00
  1.0706E+00  1.6324E-01 -6.6088E-03  4.8597E-02  1.4144E+00
 -5.6165E-01  1.2141E-01  9.1380E-01  4.8170E-02  1.4524E+00
 -1.0527E+00 -1.7401E-01 -1.6341E-01  4.8170E-02  1.4524E+00
  7.7416E-01 -6.6533E-02  7.4931E-01  4.8170E-02  1.4524E+00
 -7.0512E-01 -9.0267E-03  8.1273E-01  4.7739E-02  1.4920E+00
  2.4909E-01 -3.8230E-03  1.0468E+00  4.7739E-02  1.4920E+00
 -8.7688E-01  3.8587E-02  6.2242E-01  4.7739E-02  1.4920E+00
  4.6687E-01  3.8738E-02  9.6868E-01  4.7739E-02  1.4920E+00
  9.2550E-01  3.1454E-02  5.4797E-01  4.7739E-02  1.4920E+00
  1.1676E-01 -1.6344E-01  1.0571E+00  4.7739E-02  1.4920E+00
  9.2608E-01  4.1604E-02 -5.3963E-01  4.7306E-02  1.5334E+00
  1.0656E+00  1.2215E-01 -8.6280E-03  4.7306E-02  1.5334E+00
 -1.0574E+00  1.1331E-01  1.1199E-01  4.6868E-02  1.5768E+00
 -9.3006E-01  1.4984E-01 -5.0600E-01  4.6868E-02  1.5768E+00
  1.0104E-01  8.8388E-02 -1.0609E+00  4.6868E-02  1.5768E+00
  6.6400E-01  1.7383E-01 -8.1999E-01  4.6868E-02  1.5768E+00
 -5.5862E-01 -1.6388E-01 -8.9699E-01  4.6868E-02  1.5768E+00
 -5.1437E-01 -1.3947E-01 -9.2335E-01  4.6427E-02  1.6222E+00
  7.0926E-01  1.4045E-01  7.8347E-01  4.6427E-02  1.6222E+00
 -1.0416E+00  1.6678E-01 -1.5429E-01  4.6427E-02  1.6222E+00
 -5.7010E-01 -1.6649E-02 -8.9699E-01  4.5982E-02  1.6697E+00
 -7.9950E-01  4.1624E-02  6.9925E-01  4.5982E-02  1.6697E+00
 -9.2350E-01  1.7209E-01 -4.9741E-01  4.5982E-02  1.6697E+00
  8.6778E-01 -1.5612E-01  5.9368E-01  4.5982E-02  1.6697E+00
  1.0407E+00 -8.3571E-02  1.9951E-01  4.5982E-02  1.6697E+00
  6.2165E-01 -1.2850E-01  8.5260E-01  4.5982E-02  1.6697E+00
 -2.6517E-01 -1.2541E-01 -1.0217E+00  4.5982E-02  1.6697E+00
  7.9890E-01 -1.4087E-01 -6.8210E-01  4.5533E-02  1.7196E+00
  6.6485E-01 -1.1842E-01  8.1687E-01  4.5533E-02  1.7196E+00
 -7.7058E-01  8.2177E-02 -7.2304E-01  4.5533E-02  1.7196E+00
  9.4982E-01 -7.6507E-02 -4.5711E-01  4.5079E-02  1.7721E+00
  1.0520E+00  5.0949E-02  3.7099E-02  4.4620E-02  1.8273E+00
 -3.3331E-02  1.6969E-01 -1.0396E+00  4.4620E-02  1.8273E+00
 -7.0202E-01 -1.7772E-01 -7.6179E-01  4.4156E-02  1.8855E+00
 -1.0246E+00  1.5276E-01  1.7780E-01  4.4156E-02  1.8855E+00
 -3.1042E-01  1.5821E-01  9.9164E-01  4.4156E-02  1.8855E+00
 -5.7665E-01 -9.1729E-02 -8.7060E-01  4.3687E-02  1.9469E+00
 -9.6636E-01  1.8399E-01 -3.6220E-01  4.3687E-02  1.9469E+00
 -1.1237E-01 -1.2621E-01 -1.0346E+00  4.3687E-02  1.9469E+00
  9.2765E-01  9.1717E-02 -4.7356E-01  4.3212E-02  2.0119E+00
 -2.4320E-01 -5.9391E-02  1.0152E+00  4.3212E-02  2.0119E+00
  9.2740E-01 -8.2722E-02  4.6988E-01  4.2730E-02  2.0806E+00
 -5.8485E-01  6.1276E-02  8.6133E-01  4.2730E-02  2.0806E+00
  8.6528E-01 -7.7080E-02  5.7710E-01  4.2730E-02  2.0806E+00
 -8.7874E-01 -1.2323E-01  5.4802E-01  4.2730E-02  2.0806E+00
 -8.2088E-01 -3.2284E-02 -6.3833E-01  4.2242E-02  2.1536E+00
 -9.5113E-01 -1.0381E-01  4.0857E-01  4.2242E-02  2.1536E+00
  9.4814E-01  1.0725E-01  4.1459E-01  4.2242E-02  2.1536E+00
  3.8472E-01  4.7889E-02  9.6543E-01  4.2242E-02  2.1536E+00
  4.7415E-02 -3.0999E-02 -1.0388E+00  4.2242E-02  2.1536E+00
  1.0010E+00  1.7056E-01  2.1457E-01  4.1747E-02  2.2312E+00
  6.1867E-01  1.4545E-01  8.2054E-01  4.1747E-02  2.2312E+00
 -9.7738E-01  6.9187E-02 -3.4225E-01  4.1747E-02  2.2312E+00
 -1.0254E-01  1.1888E-01  1.0235E+00  4.1244E-02  2.3138E+00
  5.5898E-01  1.6240E-01 -8.5637E-01  4.1244E-02  2.3138E+00
 -9.6939E-01 -7.8865E-02 -3.5533E-01  4.1244E-02  2.3138E+00
  9.5456E-01  1.5532E-01  3.6339E-01  4.0733E-02  2.4020E+00
 -2.4502E-01 -3.3981E-02 -1.0031E+00  4.0733E-02  2.4020E+00
  3.4168E-02  1.8555E-01 -1.0158E+00  4.0733E-02  2.4020E+00
  1.0325E+00 -1.9998E-02  2.9140E-02  4.0733E-02  2.4020E+00
  8.8582E-01  5.9059E-02  5.2840E-01  4.0733E-02  2.4020E+00
 -8.6064E-01  1.7386E-01 -5.4017E-01  4.0213E-02  2.4964E+00
  9.5457E-01 -9.1643E-02 -3.7830E-01  4.0213E-02  2.4964E+00
  8.1963E-02  8.5133E-02 -1.0241E+00  4.0213E-02  2.4964E+00
  6.9571E-01 -5.1352E-03 -7.6070E-01  4.0213E-02  2.4964E+00
 -9.8804E-01  1.1972E-01 -2.6013E-01  3.9683E-02  2.5977E+00
  9.7787E-01  2.9712E-03 -3.1933E-01  3.9683E-02  2.5977E+00
  6.0221E-01  6.7257E-02 -8.3129E-01  3.9683E-02  2.5977E+00
 -1.0167E+00 -1.3707E-01  7.5782E-02  3.9683E-02  2.5977E+00
 -8.0126E-01 -5.2879E-02  6.4296E-01  3.9683E-02  2.5977E+00
  4.3740E-01 -1.0932E-02 -9.3101E-01  3.9683E-02  2.5977E+00
  5.9799E-01 -5.7900E-02 -8.3244E-01  3.9143E-02  2.7067E+00
  1.0131E+00 -8.2964E-02  1.2873E-01  3.8592E-02  2.8243E+00
 -9.8325E-01  1.8394E-01  2.2165E-01  3.8592E-02  2.8243E+00
 -6.6583E-02  1.8183E-01 -1.0061E+00  3.8592E-02  2.8243E+00
 -9.8671E-01  9.2966E-02 -2.5203E-01  3.8029E-02  2.9517E+00
  8.5123E-01  6.1089E-02 -5.6342E-01  3.8029E-02  2.9517E+00
  5.7282E-01  1.3975E-01 -8.3553E-01  3.8029E-02  2.9517E+00
  1.0084E+00 -1.3163E-01  8.7734E-02  3.7452E-02  3.0900E+00
  6.8698E-01 -1.7426E-01  7.3460E-01  3.7452E-02  3.0900E+00
 -9.8124E-01  4.3199E-02  2.7793E-01  3.7452E-02  3.0900E+00
  6.2563E-01 -1.8899E-02 -8.0634E-01  3.7452E-02  3.0900E+00
 -1.0197E+00  4.6211E-03 -4.6827E-02  3.7452E-02  3.0900E+00
 -3.4944E-01 -1.5117E-01 -9.4517E-01  3.6862E-02  3.2409E+00
 -9.7433E-01 -1.4053E-01 -2.5641E-01  3.6256E-02  3.4062E+00
  8.5522E-01 -1.6903E-01 -5.2425E-01  3.6256E-02  3.4062E+00
  5.0007E-01  1.0192E-02  8.8580E-01  3.6256E-02  3.4062E+00
  9.3316E-01 -1.8168E-01  3.6198E-01  3.6256E-02  3.4062E+00
 -3.1192E-01 -1.5609E-01  9.5386E-01  3.5633E-02  3.5880E+00
  5.9754E-01  6.6416E-02  8.1856E-01  3.5633E-02  3.5880E+00
 -8.6927E-01  1.2069E-01 -5.1119E-01  3.5633E-02  3.5880E+00
 -2.6654E-01 -1.8325E-01 -9.6111E-01  3.4991E-02  3.7890E+00
  8.8475E-01  9.0337E-02  4.8419E-01  3.4329E-02  4.0125E+00
  9.1400E-01 -1.1021E-01  4.2172E-01  3.4329E-02  4.0125E+00
 -8.8511E-03  3.5561E-02  1.0119E+00  3.4329E-02  4.0125E+00
  9.2056E-02 -8.2098E-02 -1.0051E+00  3.4329E-02  4.0125E+00
  6.0696E-01  9.6053E-02 -8.0483E-01  3.4329E-02  4.0125E+00
  9.1869E-01 -6.9789E-02 -4.1679E-01  3.3644E-02  4.2626E+00
  4.1476E-01 -1.7681E-01 -9.0514E-01  3.3644E-02  4.2626E+00
  8.6086E-01 -8.1123E-02 -5.2179E-01  3.2934E-02  4.5444E+00
 -6.8858E-01  1.7816E-01 -7.1697E-01  3.2934E-02  4.5444E+00
  7.8485E-01  1.0412E-01  6.2697E-01  3.2934E-02  4.5444E+00
 -2.8714E-01 -1.3791E-01  9.5706E-01  3.2195E-02  4.8645E+00
 -9.7073E-01  1.6758E-01  2.1687E-01  3.2195E-02  4.8645E+00
  3.1516E-01 -1.6395E-01 -9.4405E-01  3.2195E-02  4.8645E+00
  6.5717E-01  7.5250E-03 -7.6518E-01  3.2195E-02  4.8645E+00
  6.1693E-01  5.4979E-02 -7.9612E-01  3.2195E-02  4.8645E+00
 -1.5678E-01  2.2744E-02 -9.9500E-01  3.1425E-02  5.2312E+00
 -4.7969E-01  1.9158E-03 -8.8601E-01  3.1425E-02  5.2312E+00
  9.5461E-01  4.5179E-02  3.1906E-01  3.1425E-02  5.2312E+00
  8.7714E-01  1.6865E-01  4.6617E-01  3.1425E-02  5.2312E+00
 -3.8562E-01 -1.2050E-01  9.2182E-01  3.0618E-02  5.6557E+00
  8.6568E-01 -1.6037E-01 -4.8769E-01  3.0618E-02  5.6557E+00
  4.1873E-01  6.7637E-02 -9.1272E-01  3.0618E-02  5.6557E+00
  4.2370E-01  1.6136E-01  8.9856E-01  3.0618E-02  5.6557E+00
  3.6811E-01 -5.0445E-02  9.3537E-01  3.0618E-02  5.6557E+00
  9.4658E-01  4.5709E-02 -3.3892E-01  3.0618E-02  5.6557E+00
 -2.1603E-01 -6.6502E-02  9.8075E-01  3.0618E-02  5.6557E+00
 -9.9178E-01  1.4352E-01  8.2235E-02  2.9770E-02  6.1530E+00
  3.7652E-01 -1.2335E-01  9.2412E-01  2.9770E-02  6.1530E+00
 -8.3038E-01 -9.2438E-02 -5.5938E-01  2.9770E-02  6.1530E+00
 -9.5305E-01 -1.4998E-01 -2.8319E-01  2.9770E-02  6.1530E+00
 -6.1101E-01 -1.7116E-01 -7.7997E-01  2.9770E-02  6.1530E+00
  8.9930E-01  5.9582E-02  4.4371E-01  2.8874E-02  6.7438E+00
  9.5325E-01  1.4380E-01 -2.7955E-01  2.7921E-02  7.4574E+00
  1.5975E-01  1.7289E-02 -9.9080E-01  2.7921E-02  7.4574E+00
 -9.4207E-01 -1.7696E-01 -2.9783E-01  2.7921E-02  7.4574E+00
 -8.7962E-01 -4.0733E-02 -4.8179E-01  2.7921E-02  7.4574E+00
 -9.8955E-01 -1.6346E-01  9.3001E-03  2.6903E-02  8.3369E+00
  8.6911E-01 -6.5861E-02  4.9631E-01  2.6903E-02  8.3369E+00
  1.9210E-01  9.7667E-02  9.7958E-01  2.6903E-02  8.3369E+00
  1.8203E-01 -7.6565E-02  9.8337E-01  2.6903E-02  8.3369E+00
  9.9864E-01 -9.2520E-02 -1.3046E-02  2.6903E-02  8.3369E+00
  3.1293E-01 -7.5981E-02  9.4921E-01  2.5804E-02  9.4481E+00
  6.8236E-01 -1.3107E-01  7.2243E-01  2.5804E-02  9.4481E+00
 -9.6489E-01  1.7868E-01  2.0433E-01  2.5804E-02  9.4481E+00
  3.0133E-01 -7.0400E-02 -9.5277E-01  2.4606E-02  1.0897E+01
 -7.4447E-01  1.6490E-01 -6.4969E-01  2.4606E-02  1.0897E+01
  8.6167E-01  3.1878E-02  5.0897E-01  2.3280E-02  1.2866E+01
 -9.4444E-01  6.0147E-02  3.2705E-01  2.3280E-02  1.2866E+01
  8.7261E-01 -1.3706E-01 -4.7150E-01  2.3280E-02  1.2866E+01
 -8.8129E-01 -1.6615E-01 -4.4526E-01  2.3280E-02  1.2866E+01
  9.2613E-01 -5.8030E-02 -3.7611E-01  2.3280E-02  1.2866E+01
 -4.4607E-01 -9.6603E-02  8.9119E-01  2.3280E-02  1.2866E+01
 -1.2355E-01  7.8810E-02 -9.9007E-01  2.1787E-02  1.5696E+01
  9.2817E-01 -1.6329E-01 -3.3698E-01  2.1787E-02  1.5696E+01
 -9.1965E-01 -6.9885E-03  3.9485E-01  2.1787E-02  1.5696E+01
  7.4206E-01 -2.1193E-02  6.7077E-01  2.0058E-02  2.0115E+01
  6.9310E-01  1.5972E-01 -7.0366E-01  2.0058E-02  2.0115E+01
  8.6150E-01 -6.6850E-02  5.0388E-01  1.7969E-02  2.7981E+01
  3.3628E-01  4.7581E-02  9.4084E-01  1.7969E-02  2.7981E+01
