0.93312000000001D+01       611
(x,y,z) position of the X-ray source
  0.1768E+01 -0.1765E-01 -0.3368E+00
x | y | z | R | rho
  5.0244E-01 -6.2842E-02  9.1990E+00  3.0486E-01  5.7293E-03
  1.1740E+00  2.3061E-01  9.3812E+00  3.1039E-01  5.4286E-03
 -1.1877E+00 -2.8421E-01  9.0034E+00  3.0196E-01  5.8957E-03
  1.9687E+00  1.9230E-01  7.9722E+00  2.8170E-01  7.2617E-03
 -4.5114E-01  3.0146E-01  9.4912E+00  3.1150E-01  5.3706E-03
 -1.9670E-01 -5.9774E-03  9.1575E+00  3.0365E-01  5.7982E-03
  1.9265E+00  2.5881E-01  8.8422E+00  3.0122E-01  5.9395E-03
 -7.4357E-01 -2.3411E-01  8.9073E+00  2.9865E-01  6.0939E-03
  5.2366E-01  1.6215E-01  9.7833E+00  3.1803E-01  5.0465E-03
 -1.8260E+00 -2.3442E-01  8.7895E+00  2.9955E-01  6.0396E-03
  3.4613E-01  2.5638E-01  9.4547E+00  3.1055E-01  5.4200E-03
 -5.1250E-02  3.7322E-01  8.2990E+00  2.8391E-01  7.0933E-03
 -2.9598E-01  1.3500E-02  8.1517E+00  2.8036E-01  7.3668E-03
  2.4351E-01 -3.8025E-03  8.0814E+00  2.7865E-01  7.5033E-03
 -1.2244E+00  2.1034E-01  7.9648E+00  2.7807E-01  7.5496E-03
  6.7413E-01  2.0906E-01  7.9940E+00  2.7722E-01  7.6199E-03
  3.5700E-01  1.7453E-01  7.8233E+00  2.7263E-01  8.0114E-03
  1.6430E+00 -3.4923E-01  7.4796E+00  2.6858E-01  8.3786E-03
  7.2337E-01  1.8785E-01  7.2338E+00  2.5896E-01  9.3482E-03
 -1.5124E+00 -1.7110E-01  7.0991E+00  2.5866E-01  9.3801E-03
  2.3167E-01  1.0464E-01  7.0893E+00  2.5453E-01  9.8440E-03
 -3.3194E-01 -2.0937E-01  7.0711E+00  2.5424E-01  9.8784E-03
 -1.5215E-01 -2.8947E-01  6.9794E+00  2.5186E-01  1.0160E-02
  1.7080E+00 -2.5727E-01  6.7579E+00  2.5157E-01  1.0196E-02
  1.3847E+00 -2.5141E-02  6.7153E+00  2.4859E-01  1.0567E-02
 -5.1078E-01  1.2643E-01  6.5044E+00  2.4018E-01  1.1717E-02
  1.0974E+00  1.9733E-01  6.2144E+00  2.3471E-01  1.2555E-02
 -5.0992E-01  1.1508E-01  6.1270E+00  2.3042E-01  1.3269E-02
 -1.7752E-01 -1.5518E-02  6.1115E+00  2.2950E-01  1.3430E-02
  1.7737E+00 -1.8886E-01  5.6888E+00  2.2548E-01  1.4160E-02
 -1.1335E+00  2.2179E-01  5.8370E+00  2.2518E-01  1.4218E-02
  7.2873E-01 -2.0897E-01  5.8663E+00  2.2424E-01  1.4396E-02
  3.2383E-01 -8.8100E-02  5.9056E+00  2.2424E-01  1.4396E-02
  1.7646E+00  8.1023E-02  5.3024E+00  2.1549E-01  1.6222E-02
 -6.7735E-01  1.6667E-01  5.5218E+00  2.1486E-01  1.6365E-02
 -7.4613E-01 -1.6666E-01  5.4895E+00  2.1423E-01  1.6510E-02
  1.2601E-01  1.6206E-01  5.5271E+00  2.1392E-01  1.6583E-02
 -1.5423E+00  1.3481E-01  5.2373E+00  2.1202E-01  1.7032E-02
  1.8315E+00  1.2959E-01  5.0081E+00  2.0853E-01  1.7903E-02
 -9.2405E-01  2.7981E-01  5.2225E+00  2.0789E-01  1.8068E-02
 -9.9515E-01 -1.2997E-01  5.1095E+00  2.0501E-01  1.8839E-02
 -8.3039E-01  2.1487E-01  5.0543E+00  2.0277E-01  1.9472E-02
  3.0790E-01 -1.2011E-01  5.0814E+00  2.0180E-01  1.9753E-02
  1.2963E+00 -2.6096E-01  4.8104E+00  1.9889E-01  2.0632E-02
  1.5012E+00 -7.3021E-02  4.6729E+00  1.9662E-01  2.1355E-02
  6.1323E-01 -1.2652E-01  4.6271E+00  1.8976E-01  2.3757E-02
 -1.7679E-01 -1.9389E-02  4.5523E+00  1.8646E-01  2.5040E-02
 -9.7276E-01 -4.1482E-02  4.2193E+00  1.7981E-01  2.7923E-02
  9.7285E-01 -2.3507E-01  4.1898E+00  1.7914E-01  2.8237E-02
 -5.9563E-01  2.8653E-02  4.2662E+00  1.7914E-01  2.8237E-02
 -1.3378E+00  7.6409E-02  4.0585E+00  1.7813E-01  2.8718E-02
 -1.2566E+00  1.0820E-01  3.9078E+00  1.7308E-01  3.1308E-02
  1.1078E+00 -1.0254E-01  3.8948E+00  1.7139E-01  3.2247E-02
  1.3385E+00 -2.2503E-02  3.7052E+00  1.6798E-01  3.4247E-02
 -1.1829E-01 -7.9302E-02  3.8927E+00  1.6661E-01  3.5098E-02
 -7.9168E-01  2.5428E-01  3.6927E+00  1.6318E-01  3.7360E-02
  7.5956E-01  6.3346E-02  3.6739E+00  1.6215E-01  3.8079E-02
 -6.2103E-01  2.4941E-01  3.6697E+00  1.6146E-01  3.8570E-02
 -3.1016E-01  1.7415E-02  3.6733E+00  1.6007E-01  3.9579E-02
 -7.7607E-02 -1.0648E-01  3.6731E+00  1.5973E-01  3.9837E-02
  1.1396E+00 -1.1662E-01  3.4349E+00  1.5799E-01  4.1163E-02
 -2.1842E-02 -1.5421E-01  3.6175E+00  1.5799E-01  4.1163E-02
 -1.3353E+00 -2.0570E-01  3.2654E+00  1.5520E-01  4.3420E-02
  1.2738E+00 -1.4856E-01  3.2580E+00  1.5416E-01  4.4312E-02
 -7.3617E-01  1.5364E-01  3.3642E+00  1.5240E-01  4.5858E-02
 -1.9061E+00  1.0475E-01  2.8574E+00  1.5205E-01  4.6176E-02
 -3.1386E-02  4.7308E-02  3.4252E+00  1.5170E-01  4.6497E-02
  3.9687E-01 -1.3125E-01  3.3892E+00  1.5135E-01  4.6822E-02
  4.8262E-01  4.0540E-02  3.3368E+00  1.4994E-01  4.8153E-02
 -1.3779E+00  1.0985E-01  3.0637E+00  1.4959E-01  4.8494E-02
  1.4659E+00  5.3156E-02  2.9643E+00  1.4783E-01  5.0252E-02
 -1.2004E+00 -2.1691E-02  3.0244E+00  1.4606E-01  5.2102E-02
 -1.0488E+00  2.2207E-01  3.0271E+00  1.4464E-01  5.3651E-02
 -1.7387E+00 -1.7221E-01  2.6818E+00  1.4428E-01  5.4049E-02
  2.2693E-02  1.6552E-01  3.1645E+00  1.4321E-01  5.5267E-02
  1.0872E+00 -1.0240E-01  2.9522E+00  1.4250E-01  5.6101E-02
  2.7861E-01  1.5978E-01  3.0994E+00  1.4143E-01  5.7386E-02
  1.6059E+00 -1.5133E-01  2.5918E+00  1.3928E-01  6.0082E-02
 -1.1759E+00  1.4742E-01  2.8133E+00  1.3928E-01  6.0082E-02
  5.8617E-01  1.9265E-01  2.9897E+00  1.3928E-01  6.0082E-02
 -1.6321E+00  1.7560E-01  2.5739E+00  1.3928E-01  6.0082E-02
 -1.5528E+00  5.1175E-02  2.6034E+00  1.3856E-01  6.1020E-02
  6.8730E-01 -1.0549E-02  2.8883E+00  1.3640E-01  6.3962E-02
  1.2882E+00  1.0689E-01  2.6728E+00  1.3640E-01  6.3962E-02
 -6.6642E-01 -1.6274E-01  2.7817E+00  1.3279E-01  6.9327E-02
 -1.6009E+00  1.6772E-01  2.3576E+00  1.3243E-01  6.9898E-02
  1.0518E+00  1.3093E-01  2.6395E+00  1.3207E-01  7.0476E-02
  1.3428E+00  2.7366E-02  2.3785E+00  1.2806E-01  7.7293E-02
  1.6010E+00  1.7796E-01  2.1933E+00  1.2770E-01  7.7958E-02
 -2.3608E-02  9.4852E-02  2.6992E+00  1.2697E-01  7.9312E-02
  9.6929E-01 -1.3283E-01  2.4630E+00  1.2514E-01  8.2844E-02
 -5.6885E-01 -1.7511E-01  2.5825E+00  1.2514E-01  8.2844E-02
  4.7365E-01 -1.9922E-01  2.5588E+00  1.2367E-01  8.5829E-02
  8.1166E-01 -1.9707E-01  2.4620E+00  1.2330E-01  8.6599E-02
  1.8984E+00 -5.4218E-02  1.7161E+00  1.2183E-01  8.9776E-02
  8.5718E-01  1.2128E-01  2.3982E+00  1.2146E-01  9.0595E-02
 -1.6975E+00 -1.2009E-01  1.8852E+00  1.2109E-01  9.1425E-02
 -1.8553E+00 -1.6622E-01 -1.7117E+00  1.2072E-01  9.2266E-02
 -1.4681E+00 -2.0607E-01  1.9634E+00  1.1814E-01  9.8461E-02
 -1.5406E+00 -6.9423E-02  1.9170E+00  1.1814E-01  9.8461E-02
  1.7921E+00 -1.4980E-01  1.6499E+00  1.1739E-01  1.0034E-01
 -1.8650E+00  1.4769E-01 -1.4101E+00  1.1368E-01  1.1050E-01
 -1.8989E+00 -1.3341E-01 -1.3656E+00  1.1368E-01  1.1050E-01
 -1.9201E+00 -4.9497E-04  1.3253E+00  1.1331E-01  1.1159E-01
 -1.5920E+00 -7.9080E-02 -1.6904E+00  1.1293E-01  1.1270E-01
 -1.9096E+00  1.5886E-01 -1.3139E+00  1.1293E-01  1.1270E-01
 -1.1829E+00 -6.7422E-03  1.9997E+00  1.1293E-01  1.1270E-01
 -1.1396E+00  1.5779E-01  2.0074E+00  1.1256E-01  1.1382E-01
  1.5920E+00 -1.8756E-01  1.6415E+00  1.1182E-01  1.1612E-01
  1.2085E+00  8.9157E-02  1.9030E+00  1.1032E-01  1.2090E-01
  1.1789E+00  1.2959E-01  1.8967E+00  1.0957E-01  1.2339E-01
 -1.5048E+00 -1.0870E-01  1.6516E+00  1.0957E-01  1.2339E-01
 -4.2264E-01  2.0130E-01  2.1874E+00  1.0957E-01  1.2339E-01
  1.6432E+00 -1.0032E-01 -1.5005E+00  1.0920E-01  1.2466E-01
  1.5879E+00 -9.8117E-02 -1.5589E+00  1.0920E-01  1.2466E-01
  8.0821E-01  1.3857E-01  2.0710E+00  1.0920E-01  1.2466E-01
 -1.8381E+00  6.1549E-02 -1.2054E+00  1.0808E-01  1.2859E-01
 -4.6246E-01 -1.0586E-01  2.1472E+00  1.0808E-01  1.2859E-01
  9.2928E-01  1.3113E-01  1.9782E+00  1.0770E-01  1.2994E-01
 -3.1868E-01 -1.7416E-01  2.1592E+00  1.0770E-01  1.2994E-01
  1.4695E+00 -1.5655E-01 -1.5899E+00  1.0695E-01  1.3269E-01
 -4.3920E-01  1.7791E-01  2.1087E+00  1.0658E-01  1.3410E-01
 -2.2068E-01 -1.9199E-02  2.1499E+00  1.0658E-01  1.3410E-01
  1.8575E+00  1.2445E-01 -1.0978E+00  1.0658E-01  1.3410E-01
  1.6152E+00  8.7302E-02 -1.3905E+00  1.0545E-01  1.3845E-01
 -6.6468E-01 -8.5419E-02  2.0251E+00  1.0545E-01  1.3845E-01
 -1.7152E+00  1.4576E-01 -1.2440E+00  1.0507E-01  1.3994E-01
 -1.2345E+00  7.8525E-02 -1.7149E+00  1.0470E-01  1.4145E-01
  1.3817E+00 -1.9425E-01 -1.5764E+00  1.0432E-01  1.4299E-01
 -1.4761E+00  4.0378E-02 -1.4874E+00  1.0394E-01  1.4454E-01
 -1.4132E+00 -6.6797E-02 -1.5464E+00  1.0394E-01  1.4454E-01
  6.0828E-01  6.7227E-02  2.0046E+00  1.0394E-01  1.4454E-01
  7.4990E-01  1.6447E-02  1.9472E+00  1.0357E-01  1.4613E-01
  1.8962E+00 -1.4900E-01  8.5803E-01  1.0357E-01  1.4613E-01
  8.2563E-01 -1.2599E-01 -1.8921E+00  1.0281E-01  1.4936E-01
 -1.5564E+00  1.5110E-01  1.3253E+00  1.0206E-01  1.5269E-01
 -1.7604E+00 -6.6224E-02  1.0300E+00  1.0168E-01  1.5440E-01
  1.3962E+00 -1.7513E-01  1.4779E+00  1.0168E-01  1.5440E-01
 -1.5349E+00 -7.4265E-02  1.3427E+00  1.0168E-01  1.5440E-01
  8.0922E-01  1.6416E-03 -1.8534E+00  1.0093E-01  1.5789E-01
 -1.9283E-02 -4.8997E-02  2.0126E+00  1.0055E-01  1.5967E-01
  6.9544E-01  1.0426E-01 -1.8865E+00  1.0055E-01  1.5967E-01
  1.8901E+00 -4.0774E-02 -6.6524E-01  1.0017E-01  1.6148E-01
  1.6383E+00 -6.3864E-02 -1.1210E+00  9.9419E-02  1.6519E-01
 -3.3011E-01  1.3093E-01  1.9541E+00  9.9419E-02  1.6519E-01
  1.9043E+00  1.2369E-01 -5.1700E-01  9.9041E-02  1.6709E-01
  1.8433E+00  3.8523E-03  7.1491E-01  9.9041E-02  1.6709E-01
  9.7533E-02 -1.5477E-01  1.9686E+00  9.9041E-02  1.6709E-01
  8.9913E-01  6.6616E-02  1.7494E+00  9.8663E-02  1.6902E-01
  1.0386E+00 -9.8731E-02 -1.6582E+00  9.8285E-02  1.7098E-01
  7.7391E-01 -1.8214E-01 -1.7905E+00  9.8285E-02  1.7098E-01
  1.3008E+00  1.0973E-01  1.4608E+00  9.8285E-02  1.7098E-01
  1.2972E+00  1.4234E-01  1.4492E+00  9.7907E-02  1.7297E-01
  6.5163E-01  5.0670E-02 -1.8279E+00  9.7529E-02  1.7499E-01
 -1.7323E+00  8.6710E-03 -8.7589E-01  9.7529E-02  1.7499E-01
  1.8701E+00  1.7105E-01 -4.5515E-01  9.7150E-02  1.7704E-01
  1.6606E+00 -1.1746E-01  9.8098E-01  9.7150E-02  1.7704E-01
 -1.9004E+00  8.5091E-02 -2.8433E-01  9.6772E-02  1.7912E-01
  1.5509E-02 -5.6207E-03  1.9233E+00  9.6772E-02  1.7912E-01
  2.9019E-01  7.1906E-02  1.8910E+00  9.6393E-02  1.8124E-01
  9.8166E-01  8.5399E-02 -1.6415E+00  9.6393E-02  1.8124E-01
  1.1504E+00  8.3254E-02  1.5170E+00  9.6015E-02  1.8340E-01
 -1.5296E+00 -1.1015E-01 -1.1163E+00  9.5636E-02  1.8558E-01
  8.9892E-01  1.0988E-01  1.6667E+00  9.5636E-02  1.8558E-01
  1.7131E+00 -6.4381E-02  8.1184E-01  9.5636E-02  1.8558E-01
 -9.1904E-01 -1.3698E-01 -1.6335E+00  9.4878E-02  1.9007E-01
  1.8390E+00 -6.0343E-02 -3.8235E-01  9.4878E-02  1.9007E-01
  1.7291E+00  1.5475E-01 -6.7254E-01  9.4120E-02  1.9470E-01
  1.0718E+00 -1.7930E-01  1.5118E+00  9.4120E-02  1.9470E-01
  3.6895E-02  9.5093E-02  1.8590E+00  9.4120E-02  1.9470E-01
  8.1971E-01  1.5361E-01  1.6548E+00  9.3741E-02  1.9707E-01
  7.8643E-01 -8.1329E-02  1.6663E+00  9.3361E-02  1.9948E-01
  4.9280E-01  1.5260E-01  1.7708E+00  9.3361E-02  1.9948E-01
  7.9404E-01 -5.1308E-02 -1.6639E+00  9.3361E-02  1.9948E-01
 -2.1889E-01 -1.7271E-02  1.8313E+00  9.3361E-02  1.9948E-01
  1.5461E+00 -1.1987E-01  9.9848E-01  9.3361E-02  1.9948E-01
  1.6648E+00  3.2479E-02 -7.9328E-01  9.3361E-02  1.9948E-01
  1.2301E+00 -5.7418E-03  1.3627E+00  9.2982E-02  2.0193E-01
 -1.0915E+00  7.6271E-02  1.4525E+00  9.2223E-02  2.0696E-01
  1.5444E+00  3.5218E-02  9.4300E-01  9.1844E-02  2.0954E-01
  1.0112E+00  1.2871E-01 -1.4955E+00  9.1844E-02  2.0954E-01
  1.7407E+00  1.0574E-01 -4.5128E-01  9.1464E-02  2.1216E-01
  9.1704E-01 -9.2162E-02  1.5377E+00  9.1084E-02  2.1482E-01
  1.0663E+00  1.8180E-01 -1.4190E+00  9.0704E-02  2.1753E-01
  1.6335E+00  1.4644E-01 -7.0285E-01  9.0704E-02  2.1753E-01
 -1.6413E+00  5.4516E-02  6.7580E-01  9.0325E-02  2.2029E-01
 -6.6241E-01  2.2214E-03  1.6385E+00  8.9945E-02  2.2309E-01
  4.1852E-01 -4.4130E-02 -1.7078E+00  8.9565E-02  2.2594E-01
 -1.7496E+00  1.8107E-01 -2.6561E-03  8.9565E-02  2.2594E-01
 -1.2341E+00  1.8049E-01 -1.2283E+00  8.9185E-02  2.2884E-01
 -9.7065E-01 -1.2738E-01  1.4512E+00  8.9185E-02  2.2884E-01
  1.3704E+00 -9.3942E-02 -1.0716E+00  8.8805E-02  2.3179E-01
  9.4485E-01 -7.6650E-02  1.4616E+00  8.8805E-02  2.3179E-01
  1.5730E+00  1.3948E-01  7.3571E-01  8.8805E-02  2.3179E-01
  1.5840E+00 -1.0702E-01  6.9679E-01  8.8425E-02  2.3479E-01
 -1.3371E+00  1.2532E-01  1.0966E+00  8.8425E-02  2.3479E-01
  1.3696E+00 -3.6620E-02 -1.0625E+00  8.8425E-02  2.3479E-01
  1.6622E+00 -1.4475E-01 -4.3962E-01  8.8044E-02  2.3785E-01
 -4.9920E-01 -5.6714E-02  1.6420E+00  8.7664E-02  2.4095E-01
 -1.6885E+00  4.8275E-02 -2.5865E-01  8.7284E-02  2.4412E-01
 -1.1528E+00  9.4284E-02 -1.2579E+00  8.7284E-02  2.4412E-01
  1.0782E+00 -8.7344E-02  1.3230E+00  8.7284E-02  2.4412E-01
  1.5687E+00 -6.9544E-02  6.5312E-01  8.6904E-02  2.4734E-01
  1.5218E+00 -1.2158E-01  7.4942E-01  8.6904E-02  2.4734E-01
  2.2981E-01  7.6094E-02 -1.6833E+00  8.6904E-02  2.4734E-01
  1.5518E+00  1.7728E-01 -6.7285E-01  8.6904E-02  2.4734E-01
 -1.5212E+00  7.4050E-02  6.9987E-01  8.5763E-02  2.5734E-01
 -7.7035E-01 -1.0168E-01 -1.4851E+00  8.5763E-02  2.5734E-01
 -8.2983E-01  8.8300E-02  1.4536E+00  8.5763E-02  2.5734E-01
 -9.7413E-01 -7.8473E-02 -1.3617E+00  8.5763E-02  2.5734E-01
  4.4301E-01  2.5624E-02  1.6163E+00  8.5763E-02  2.5734E-01
  1.5332E+00 -1.6275E-01 -6.5728E-01  8.5763E-02  2.5734E-01
 -1.5347E+00 -1.6852E-01 -6.3125E-01  8.5382E-02  2.6079E-01
 -1.5099E+00  4.1823E-02 -7.0756E-01  8.5382E-02  2.6079E-01
  1.6469E+00 -1.6712E-01 -2.0472E-01  8.5382E-02  2.6079E-01
  7.2357E-01 -4.8500E-02  1.4841E+00  8.4622E-02  2.6789E-01
  1.3577E+00  1.6100E-01  9.2686E-01  8.4622E-02  2.6789E-01
 -7.1268E-01 -1.0514E-01  1.4864E+00  8.4622E-02  2.6789E-01
  1.3075E+00 -8.2810E-02 -9.9271E-01  8.4241E-02  2.7154E-01
 -4.6271E-01 -9.5099E-03 -1.5773E+00  8.4241E-02  2.7154E-01
  1.5412E+00 -9.5519E-02 -5.6337E-01  8.4241E-02  2.7154E-01
  1.4334E+00 -1.5796E-01 -7.8897E-01  8.4241E-02  2.7154E-01
 -1.4251E+00 -7.1414E-02  7.9977E-01  8.3861E-02  2.7525E-01
 -7.1666E-01 -9.4625E-02 -1.4496E+00  8.3100E-02  2.8288E-01
  8.9658E-01  1.1831E-01 -1.3439E+00  8.3100E-02  2.8288E-01
 -9.8178E-01 -1.7451E-01 -1.2765E+00  8.3100E-02  2.8288E-01
 -4.4896E-01  2.2583E-02  1.5480E+00  8.2719E-02  2.8681E-01
  4.1012E-01  1.1451E-01 -1.5547E+00  8.2719E-02  2.8681E-01
 -1.2367E+00 -3.8346E-02 -1.0331E+00  8.2719E-02  2.8681E-01
  5.9539E-01 -1.7904E-01  1.4786E+00  8.2338E-02  2.9080E-01
  1.1688E+00  7.5395E-02 -1.0960E+00  8.2338E-02  2.9080E-01
  1.2055E+00 -1.4312E-02 -1.0580E+00  8.2338E-02  2.9080E-01
 -4.9901E-01  8.3573E-02 -1.5221E+00  8.2338E-02  2.9080E-01
 -1.5341E+00 -1.4992E-01  4.1453E-01  8.1958E-02  2.9487E-01
  4.9087E-01  8.5989E-02  1.5164E+00  8.1958E-02  2.9487E-01
 -4.5845E-03 -4.8306E-02 -1.5954E+00  8.1958E-02  2.9487E-01
 -1.4392E+00 -2.5662E-02 -6.7145E-01  8.1577E-02  2.9902E-01
 -8.1757E-01  1.6450E-01  1.3518E+00  8.1577E-02  2.9902E-01
  3.4791E-01  1.2919E-02  1.5497E+00  8.1577E-02  2.9902E-01
 -5.3112E-02 -4.3019E-02 -1.5869E+00  8.1577E-02  2.9902E-01
  2.7825E-02  1.6096E-01 -1.5799E+00  8.1577E-02  2.9902E-01
  9.4166E-01 -1.7867E-01  1.2666E+00  8.1577E-02  2.9902E-01
  1.5389E+00 -1.2827E-01  3.3692E-01  8.1197E-02  3.0324E-01
  7.7396E-01 -1.4445E-01  1.3705E+00  8.1197E-02  3.0324E-01
  1.1099E+00  7.9195E-02  1.1225E+00  8.1197E-02  3.0324E-01
 -1.0792E+00 -1.8361E-01  1.1293E+00  8.0816E-02  3.0755E-01
  5.5254E-01  1.4884E-01 -1.4650E+00  8.0816E-02  3.0755E-01
  1.4601E+00  3.0355E-02  5.8384E-01  8.0816E-02  3.0755E-01
 -9.5548E-02 -1.1667E-01 -1.5578E+00  8.0435E-02  3.1193E-01
 -1.0813E+00  1.0084E-01  1.1270E+00  8.0435E-02  3.1193E-01
 -8.5892E-01 -1.6072E-01  1.2892E+00  8.0055E-02  3.1640E-01
 -1.5199E+00 -1.5637E-01 -3.0169E-01  8.0055E-02  3.1640E-01
 -3.5719E-02 -1.1156E-01 -1.5453E+00  7.9674E-02  3.2096E-01
 -1.0603E+00  7.5759E-02 -1.1278E+00  7.9674E-02  3.2096E-01
  1.5338E+00  5.3802E-02 -2.1551E-01  7.9674E-02  3.2096E-01
 -7.3975E-02 -1.4666E-01 -1.5334E+00  7.9293E-02  3.2561E-01
  4.2985E-01  5.7971E-02  1.4799E+00  7.9293E-02  3.2561E-01
 -2.8389E-01  6.4190E-02 -1.5144E+00  7.9293E-02  3.2561E-01
 -1.0414E+00 -4.6055E-02 -1.1262E+00  7.8913E-02  3.3034E-01
  1.5307E+00  2.0102E-02 -1.0745E-01  7.8913E-02  3.3034E-01
 -7.5024E-01  1.8355E-01 -1.3260E+00  7.8913E-02  3.3034E-01
  5.2675E-01 -1.2945E-03  1.4413E+00  7.8913E-02  3.3034E-01
 -1.3482E+00 -1.0546E-01 -7.0932E-01  7.8532E-02  3.3517E-01
  1.5181E+00 -6.2731E-02 -1.8490E-02  7.8152E-02  3.4009E-01
 -7.2827E-01  8.9992E-02  1.3306E+00  7.8152E-02  3.4009E-01
 -1.3716E+00  1.7488E-01  6.3020E-01  7.8152E-02  3.4009E-01
 -1.4850E-01  1.7341E-03  1.5047E+00  7.7771E-02  3.4511E-01
 -4.1428E-01  1.1405E-01 -1.4497E+00  7.7771E-02  3.4511E-01
 -1.2173E+00 -3.8052E-02 -8.8350E-01  7.7390E-02  3.5022E-01
  1.3630E+00  1.4493E-01 -6.2042E-01  7.7390E-02  3.5022E-01
  2.9806E-01  1.0593E-01  1.4634E+00  7.7010E-02  3.5544E-01
  9.4083E-01 -1.7801E-01  1.1414E+00  7.6629E-02  3.6076E-01
  1.5639E-01 -4.3676E-02  1.4810E+00  7.6629E-02  3.6076E-01
  5.0475E-01 -8.3065E-02  1.3993E+00  7.6629E-02  3.6076E-01
  1.3419E+00 -1.6283E-01 -6.0870E-01  7.6248E-02  3.6619E-01
 -1.1241E+00 -7.8756E-02  9.6328E-01  7.6248E-02  3.6619E-01
 -1.0180E+00  9.9633E-02 -1.0630E+00  7.5868E-02  3.7173E-01
  8.5574E-01 -1.0968E-01 -1.1966E+00  7.5868E-02  3.7173E-01
 -1.2997E+00  5.8852E-02  6.9543E-01  7.5868E-02  3.7173E-01
 -4.3420E-01  1.1354E-01  1.3977E+00  7.5487E-02  3.7739E-01
 -2.9825E-01 -1.4550E-01 -1.4225E+00  7.5106E-02  3.8315E-01
 -4.4810E-01  5.6098E-02 -1.3892E+00  7.5106E-02  3.8315E-01
 -9.7179E-01  1.6557E-02 -1.0808E+00  7.4726E-02  3.8904E-01
 -5.9017E-01  1.6329E-01 -1.3104E+00  7.4345E-02  3.9504E-01
  1.4328E+00 -1.0380E-01 -8.9344E-02  7.3965E-02  4.0117E-01
 -2.5514E-01  1.6962E-01  1.3991E+00  7.3584E-02  4.0743E-01
  7.8889E-01  7.5335E-02 -1.1930E+00  7.3584E-02  4.0743E-01
  1.4233E+00  1.6729E-02  7.2087E-02  7.3203E-02  4.1382E-01
  9.4892E-01 -1.3694E-01  1.0545E+00  7.3203E-02  4.1382E-01
  2.1251E-01 -1.8356E-01 -1.3973E+00  7.3203E-02  4.1382E-01
 -4.0701E-01 -9.9331E-02 -1.3623E+00  7.3203E-02  4.1382E-01
 -1.3406E+00  1.7913E-01 -4.4955E-01  7.3203E-02  4.1382E-01
  7.9141E-01  3.7746E-02  1.1763E+00  7.2822E-02  4.2035E-01
 -8.4459E-01 -2.9358E-02  1.1390E+00  7.2822E-02  4.2035E-01
  9.7988E-01 -3.0980E-02 -1.0152E+00  7.2442E-02  4.2701E-01
  1.4040E+00 -3.4493E-02  2.1696E-03  7.2061E-02  4.3381E-01
 -2.8180E-01 -1.2632E-01  1.3630E+00  7.1680E-02  4.4076E-01
 -1.2847E+00  1.2804E-01 -5.3508E-01  7.1680E-02  4.4076E-01
 -7.4283E-01 -7.9885E-04 -1.1838E+00  7.1680E-02  4.4076E-01
  9.9090E-01  1.5282E-01 -9.6379E-01  7.1300E-02  4.4786E-01
  1.1720E+00 -5.8578E-02 -7.4642E-01  7.1300E-02  4.4786E-01
  4.2971E-01 -1.0098E-01 -1.3117E+00  7.0919E-02  4.5511E-01
 -1.2931E+00  1.4125E-01 -4.5256E-01  7.0538E-02  4.6253E-01
  1.0095E+00  1.0748E-02 -9.3682E-01  7.0538E-02  4.6253E-01
  4.2693E-01 -3.0063E-02  1.3090E+00  7.0538E-02  4.6253E-01
 -5.0255E-01  2.1009E-03 -1.2823E+00  7.0538E-02  4.6253E-01
 -6.0072E-01 -1.4424E-01 -1.2309E+00  7.0538E-02  4.6253E-01
 -4.6011E-01  2.9596E-02 -1.2978E+00  7.0538E-02  4.6253E-01
  4.5184E-02  1.6852E-01  1.3594E+00  7.0157E-02  4.7010E-01
 -1.3846E-01 -1.1334E-01 -1.3588E+00  7.0157E-02  4.7010E-01
  1.4824E-01 -1.1718E-01  1.3575E+00  7.0157E-02  4.7010E-01
  9.0874E-01  1.6947E-01  1.0119E+00  7.0157E-02  4.7010E-01
 -1.3511E+00  1.4525E-01  1.1712E-01  6.9776E-02  4.7784E-01
 -1.2810E+00 -2.2058E-02  4.6762E-01  6.9776E-02  4.7784E-01
 -3.4318E-01 -1.2288E-01 -1.3143E+00  6.9776E-02  4.7784E-01
 -1.3647E-01  5.6198E-02  1.3559E+00  6.9776E-02  4.7784E-01
  1.1191E+00 -9.4162E-02 -7.7389E-01  6.9776E-02  4.7784E-01
  5.7669E-01  1.4793E-01 -1.2198E+00  6.9395E-02  4.8575E-01
 -1.2023E+00 -6.3874E-04  6.2995E-01  6.9395E-02  4.8575E-01
 -1.2933E+00  5.2611E-02  3.8628E-01  6.9014E-02  4.9384E-01
  1.2819E+00  3.3512E-02  4.2451E-01  6.9014E-02  4.9384E-01
 -4.8951E-01  1.4743E-01  1.2362E+00  6.8252E-02  5.1057E-01
  1.0581E+00 -1.7490E-01  7.9972E-01  6.8252E-02  5.1057E-01
  7.6067E-01  5.1372E-02  1.0993E+00  6.8252E-02  5.1057E-01
 -3.4972E-01 -1.5142E-01 -1.2757E+00  6.7871E-02  5.1923E-01
  1.2978E+00  8.8704E-03  2.9686E-01  6.7871E-02  5.1923E-01
 -2.2670E-01  1.4917E-01 -1.3034E+00  6.7871E-02  5.1923E-01
  1.1516E+00 -1.5183E-01  6.3745E-01  6.7489E-02  5.2808E-01
  1.3228E+00 -4.1936E-02 -6.3983E-02  6.7489E-02  5.2808E-01
 -1.3225E+00  7.3751E-02  3.3754E-02  6.7489E-02  5.2808E-01
 -4.7462E-01 -1.7910E-01 -1.2240E+00  6.7489E-02  5.2808E-01
 -9.5353E-01 -2.1231E-02  9.1974E-01  6.7489E-02  5.2808E-01
 -7.6516E-01 -3.1041E-02 -1.0735E+00  6.7108E-02  5.3713E-01
 -1.2921E+00  6.8776E-02 -2.5435E-01  6.7108E-02  5.3713E-01
 -9.3523E-01 -2.7992E-02  9.2028E-01  6.6726E-02  5.4640E-01
  4.0462E-01  9.3141E-02 -1.2450E+00  6.6726E-02  5.4640E-01
  1.0911E+00 -4.3927E-02  7.2791E-01  6.6726E-02  5.4640E-01
 -5.7488E-01  1.0908E-01  1.1678E+00  6.6345E-02  5.5588E-01
  1.1453E+00 -1.1163E-01 -6.1798E-01  6.6345E-02  5.5588E-01
  1.1877E+00  1.1125E-01 -5.3190E-01  6.6345E-02  5.5588E-01
  1.2975E+00  1.2132E-01  8.8624E-02  6.6345E-02  5.5588E-01
  8.3553E-01  5.5714E-02 -9.8631E-01  6.5581E-02  5.7553E-01
 -1.1286E+00  2.9677E-02  6.3200E-01  6.5581E-02  5.7553E-01
  1.0377E+00  1.2540E-01 -7.5214E-01  6.5199E-02  5.8571E-01
 -8.2678E-01 -6.6044E-02  9.8509E-01  6.5199E-02  5.8571E-01
  9.3687E-01  7.5544E-02  8.7143E-01  6.4817E-02  5.9614E-01
 -7.6228E-01  1.1486E-01 -1.0240E+00  6.4817E-02  5.9614E-01
 -1.1777E+00  1.6946E-01 -4.7653E-01  6.4817E-02  5.9614E-01
  1.2667E+00 -1.2332E-01 -8.8270E-02  6.4434E-02  6.0681E-01
  9.1242E-01 -1.5578E-01  8.7792E-01  6.4434E-02  6.0681E-01
 -8.9221E-02  1.2189E-01  1.2608E+00  6.4051E-02  6.1776E-01
 -9.4738E-01  2.5426E-02 -8.3625E-01  6.3669E-02  6.2897E-01
  5.6972E-01  1.7651E-01 -1.1077E+00  6.3285E-02  6.4046E-01
  1.2423E+00 -1.1210E-01  1.6423E-01  6.3285E-02  6.4046E-01
  1.0770E+00 -2.9600E-02  6.4953E-01  6.3285E-02  6.4046E-01
  3.1885E-01  9.1315E-02  1.2136E+00  6.3285E-02  6.4046E-01
  4.3967E-01  9.1466E-02  1.1690E+00  6.2902E-02  6.5224E-01
  8.6545E-01 -6.7003E-02  8.9470E-01  6.2518E-02  6.6433E-01
 -9.7708E-01  1.7749E-01 -7.5351E-01  6.2518E-02  6.6433E-01
  2.2039E-01 -1.0826E-02  1.2269E+00  6.2518E-02  6.6433E-01
 -3.0164E-01 -1.8329E-03 -1.2037E+00  6.2134E-02  6.7672E-01
 -7.2663E-01  1.7339E-01  9.9086E-01  6.2134E-02  6.7672E-01
  1.2398E+00  3.2183E-02  4.0716E-02  6.2134E-02  6.7672E-01
  7.2309E-01  8.5670E-02  1.0048E+00  6.2134E-02  6.7672E-01
 -8.6003E-01  6.3796E-02 -8.8444E-01  6.1750E-02  6.8943E-01
 -1.1424E+00  1.2893E-01  4.3640E-01  6.1365E-02  7.0248E-01
  1.2081E+00  1.8057E-01  1.4209E-01  6.1365E-02  7.0248E-01
 -6.9577E-01 -1.7291E-01 -9.9232E-01  6.0980E-02  7.1587E-01
  1.2003E+00 -1.5027E-01  1.4816E-01  6.0595E-02  7.2962E-01
 -6.1241E-01 -2.1961E-02  1.0535E+00  6.0595E-02  7.2962E-01
 -1.1727E+00  3.4323E-02  3.3002E-01  6.0595E-02  7.2962E-01
  6.8192E-01 -4.3875E-02 -1.0092E+00  6.0595E-02  7.2962E-01
  8.9699E-01 -1.0046E-01 -8.1895E-01  6.0595E-02  7.2962E-01
 -1.1756E+00  5.4676E-03  3.0011E-01  6.0209E-02  7.4374E-01
 -3.2091E-01  1.4282E-01  1.1614E+00  6.0209E-02  7.4374E-01
  9.5274E-01 -6.4616E-02  7.4855E-01  6.0209E-02  7.4374E-01
  1.1942E+00 -1.7892E-01 -3.5018E-02  5.9822E-02  7.5825E-01
  1.1076E+00 -1.8085E-02 -4.8193E-01  5.9822E-02  7.5825E-01
 -9.1096E-01 -1.8608E-01 -7.7124E-01  5.9822E-02  7.5825E-01
  1.0626E+00  5.9434E-02  5.7148E-01  5.9822E-02  7.5825E-01
 -1.1790E+00  1.2569E-01  2.0151E-01  5.9436E-02  7.7315E-01
  2.9360E-01 -1.2870E-01  1.1592E+00  5.9436E-02  7.7315E-01
  9.2860E-01 -1.2302E-01 -7.5437E-01  5.9436E-02  7.7315E-01
 -4.1476E-01  1.0166E-01 -1.1187E+00  5.9048E-02  7.8847E-01
  1.0575E+00 -4.3754E-03 -5.6186E-01  5.9048E-02  7.8847E-01
  9.0901E-01  8.7515E-02  7.7460E-01  5.9048E-02  7.8847E-01
  2.9437E-02  1.4228E-01  1.1886E+00  5.9048E-02  7.8847E-01
 -3.2929E-01 -6.6926E-02 -1.1440E+00  5.8660E-02  8.0422E-01
 -7.3961E-01 -8.1563E-02  9.3162E-01  5.8660E-02  8.0422E-01
  3.8613E-03  1.4481E-01 -1.1835E+00  5.8660E-02  8.0422E-01
  4.3204E-02 -1.5540E-01 -1.1762E+00  5.8271E-02  8.2042E-01
  2.0993E-01  1.4803E-01 -1.1591E+00  5.8271E-02  8.2042E-01
  1.1351E+00  1.2668E-01  3.0494E-01  5.7882E-02  8.3709E-01
 -6.6778E-01  1.6523E-01  9.6135E-01  5.7882E-02  8.3709E-01
 -8.0564E-01 -1.6898E-01 -8.4841E-01  5.7882E-02  8.3709E-01
  7.8323E-01 -1.4479E-01 -8.6672E-01  5.7492E-02  8.5424E-01
 -3.3965E-01  3.1268E-02  1.1266E+00  5.7492E-02  8.5424E-01
  4.5753E-01  1.7310E-01  1.0707E+00  5.7492E-02  8.5424E-01
 -8.0796E-02 -5.9124E-02 -1.1679E+00  5.7101E-02  8.7190E-01
  6.6652E-01 -9.9995E-02 -9.5904E-01  5.7101E-02  8.7190E-01
 -1.1062E+00 -1.2370E-01 -3.5169E-01  5.6710E-02  8.9009E-01
  5.7197E-01 -1.7808E-01  1.0019E+00  5.6710E-02  8.9009E-01
  4.4021E-01 -4.9117E-02 -1.0800E+00  5.6710E-02  8.9009E-01
 -1.1119E+00  5.7130E-02  3.3443E-01  5.6317E-02  9.0882E-01
  7.8403E-01  1.2988E-01 -8.4186E-01  5.5924E-02  9.2814E-01
  8.2444E-01 -3.5778E-02  8.1199E-01  5.5924E-02  9.2814E-01
  5.3463E-01  5.2636E-02 -1.0202E+00  5.5530E-02  9.4805E-01
  7.3709E-01 -1.2397E-01  8.7794E-01  5.5530E-02  9.4805E-01
  9.4639E-01 -4.1569E-02  6.5731E-01  5.5530E-02  9.4805E-01
 -5.5681E-01  1.5152E-01 -9.9822E-01  5.5530E-02  9.4805E-01
  8.0048E-01  2.5209E-02  8.2302E-01  5.5134E-02  9.6859E-01
 -9.8310E-01 -1.6003E-01 -5.7156E-01  5.5134E-02  9.6859E-01
 -1.1370E+00 -1.2112E-01 -2.9148E-02  5.4738E-02  9.8980E-01
  7.8510E-01 -6.8470E-02  8.2898E-01  5.4738E-02  9.8980E-01
  4.5399E-01 -7.7029E-02 -1.0470E+00  5.4738E-02  9.8980E-01
 -1.0911E+00  7.8746E-02 -3.1815E-01  5.4340E-02  1.0117E+00
  4.0271E-01 -1.3982E-01 -1.0565E+00  5.4340E-02  1.0117E+00
  1.3005E-01 -1.7542E-01 -1.1136E+00  5.3941E-02  1.0343E+00
  9.7962E-01 -1.1902E-01 -5.6039E-01  5.3941E-02  1.0343E+00
  1.1085E+00 -1.4319E-01 -1.9653E-01  5.3941E-02  1.0343E+00
  8.3483E-01  1.4185E-02  7.6858E-01  5.3941E-02  1.0343E+00
 -8.8718E-01 -1.6804E-01 -6.8741E-01  5.3941E-02  1.0343E+00
  1.1000E+00  3.6269E-02 -2.3853E-01  5.3139E-02  1.0818E+00
  1.1021E+00  1.2577E-01 -1.9450E-01  5.3139E-02  1.0818E+00
  7.1260E-01  7.3304E-02 -8.6891E-01  5.3139E-02  1.0818E+00
  6.8134E-01  1.2898E-01 -8.8730E-01  5.3139E-02  1.0818E+00
 -5.5390E-01  7.1974E-02 -9.7785E-01  5.3139E-02  1.0818E+00
 -6.9085E-01  5.0075E-02 -8.8251E-01  5.2736E-02  1.1068E+00
 -1.1107E+00 -1.5433E-01  3.3058E-02  5.2736E-02  1.1068E+00
  1.0830E+00  1.1001E-01  2.7133E-01  5.2736E-02  1.1068E+00
 -1.0218E+00  1.1850E-01 -4.3714E-01  5.2331E-02  1.1327E+00
 -2.3659E-01 -7.4953E-02  1.0898E+00  5.2331E-02  1.1327E+00
 -1.3316E-01  5.3935E-02  1.1042E+00  5.1925E-02  1.1595E+00
 -1.0967E+00  1.5132E-01  1.2025E-01  5.1925E-02  1.1595E+00
  7.2512E-01  1.2830E-01 -8.3531E-01  5.1925E-02  1.1595E+00
  4.3523E-01  5.5270E-02  1.0235E+00  5.1925E-02  1.1595E+00
  9.2261E-01  3.7850E-02  6.1510E-01  5.1516E-02  1.1873E+00
  1.0432E+00 -1.7292E-01  3.3595E-01  5.1516E-02  1.1873E+00
 -1.0460E+00  3.8439E-02 -3.6799E-01  5.1516E-02  1.1873E+00
 -2.6876E-01 -1.6885E-01 -1.0631E+00  5.1516E-02  1.1873E+00
  8.2781E-01  1.3071E-01  7.2707E-01  5.1516E-02  1.1873E+00
  1.0912E+00 -5.3219E-02 -1.6876E-01  5.1106E-02  1.2161E+00
 -1.0969E+00  4.8255E-02 -1.2882E-01  5.1106E-02  1.2161E+00
  6.5319E-01  1.5689E-02  8.9175E-01  5.1106E-02  1.2161E+00
  2.6253E-01  3.6384E-02 -1.0733E+00  5.1106E-02  1.2161E+00
  1.1051E+00 -2.6420E-02 -1.0862E-02  5.1106E-02  1.2161E+00
 -4.9093E-01 -1.2068E-01  9.7872E-01  5.0694E-02  1.2461E+00
 -2.3264E-01  9.7940E-02 -1.0723E+00  5.0694E-02  1.2461E+00
  3.8288E-01 -1.7790E-01  1.0175E+00  5.0694E-02  1.2461E+00
 -1.0679E+00  1.6746E-01 -2.1236E-01  5.0694E-02  1.2461E+00
  9.6550E-01  1.8084E-01 -4.9857E-01  5.0694E-02  1.2461E+00
  1.0854E+00 -5.7522E-02  1.5375E-01  5.0279E-02  1.2771E+00
 -1.0941E+00 -5.9938E-02 -6.6209E-02  5.0279E-02  1.2771E+00
  1.0501E+00  1.1272E-01  2.9914E-01  5.0279E-02  1.2771E+00
  5.2903E-02 -1.2889E-02  1.0926E+00  4.9863E-02  1.3094E+00
 -1.0938E+00  1.1936E-03  1.3477E-02  4.9863E-02  1.3094E+00
 -1.0371E+00 -4.7849E-02 -3.4467E-01  4.9863E-02  1.3094E+00
 -3.7988E-01  1.7819E-02  1.0257E+00  4.9863E-02  1.3094E+00
  1.0668E+00 -6.3613E-02 -2.1554E-01  4.9444E-02  1.3430E+00
  7.2719E-01  1.3371E-02 -8.1213E-01  4.9444E-02  1.3430E+00
  1.0633E+00 -1.1880E-01 -2.0910E-01  4.9444E-02  1.3430E+00
 -2.8724E-01 -1.7014E-01 -1.0340E+00  4.9022E-02  1.3780E+00
  7.7239E-01 -5.2839E-02  7.6237E-01  4.9022E-02  1.3780E+00
 -8.4161E-01  1.4021E-01  6.7278E-01  4.9022E-02  1.3780E+00
  6.0847E-01  1.2163E-01 -8.8757E-01  4.8597E-02  1.4144E+00
 -7.7412E-01  1.9004E-02  7.5710E-01  4.8597E-02  1.4144E+00
 -9.3023E-01  5.0827E-02 -5.5219E-01  4.8597E-02  1.4144E+00
  1.0804E+00  6.5724E-02  3.3942E-02  4.8597E-02  1.4144E+00
  9.1541E-01  1.0517E-01 -5.6902E-01  4.8597E-02  1.4144E+00
  4.8814E-01  2.0465E-02  9.6256E-01  4.8170E-02  1.4524E+00
 -1.0714E+00 -1.0004E-01  3.6273E-04  4.7739E-02  1.4920E+00
 -7.6575E-01 -1.2557E-02  7.5582E-01  4.7739E-02  1.4920E+00
 -4.1806E-01 -4.2237E-02  9.9058E-01  4.7739E-02  1.4920E+00
  9.3828E-01  1.2673E-01  5.0412E-01  4.7306E-02  1.5334E+00
  8.7875E-01  1.2031E-01 -6.0324E-01  4.7306E-02  1.5334E+00
  8.6994E-01 -1.1866E-01  6.1619E-01  4.7306E-02  1.5334E+00
  6.5649E-01 -8.8585E-02 -8.3944E-01  4.6868E-02  1.5768E+00
  9.1123E-01  1.1126E-02  5.5949E-01  4.6868E-02  1.5768E+00
  7.5663E-01  3.1160E-02 -7.5501E-01  4.6868E-02  1.5768E+00
 -3.4737E-01  1.1951E-01  1.0043E+00  4.6868E-02  1.5768E+00
 -1.0002E+00 -8.1075E-02  3.6956E-01  4.6868E-02  1.5768E+00
  1.4073E-01  2.3782E-03  1.0600E+00  4.6868E-02  1.5768E+00
  9.0566E-01  1.3288E-01  5.5282E-01  4.6868E-02  1.5768E+00
 -9.7789E-02  1.4829E-01 -1.0512E+00  4.6427E-02  1.6222E+00
 -7.8974E-01  6.5788E-02 -7.1315E-01  4.6427E-02  1.6222E+00
  8.8239E-01 -6.8382E-03  5.9264E-01  4.5982E-02  1.6697E+00
  1.0583E+00  1.0294E-02 -9.9004E-02  4.5982E-02  1.6697E+00
 -8.9119E-01 -1.5848E-01  5.5136E-01  4.5533E-02  1.7196E+00
  8.5159E-01  4.9642E-02  6.2902E-01  4.5533E-02  1.7196E+00
  2.0565E-01  4.4800E-02  1.0357E+00  4.5079E-02  1.7721E+00
  9.9318E-01  1.6976E-01  3.1898E-01  4.5079E-02  1.7721E+00
 -9.8348E-01  1.6625E-01 -3.4044E-01  4.4620E-02  1.8273E+00
  1.0081E+00  2.8619E-02 -3.0609E-01  4.4620E-02  1.8273E+00
 -2.8221E-01  1.7955E-01 -9.9944E-01  4.4620E-02  1.8273E+00
 -8.2121E-01 -1.6283E-01  6.4021E-01  4.4620E-02  1.8273E+00
  5.0044E-01 -1.1268E-01  9.2067E-01  4.4620E-02  1.8273E+00
 -1.0276E+00 -1.1459E-01 -2.0392E-01  4.4620E-02  1.8273E+00
  1.0537E+00 -3.1851E-03  2.3187E-02  4.4620E-02  1.8273E+00
  5.9757E-01 -2.9443E-02 -8.6417E-01  4.4156E-02  1.8855E+00
  3.3079E-01  1.3262E-01 -9.8880E-01  4.4156E-02  1.8855E+00
  6.0212E-01 -1.2169E-01  8.5287E-01  4.4156E-02  1.8855E+00
  5.6353E-01  7.6382E-02 -8.8062E-01  4.3687E-02  1.9469E+00
  8.9778E-01  5.7632E-02 -5.3811E-01  4.3687E-02  1.9469E+00
 -3.9167E-03  7.3621E-02  1.0457E+00  4.3687E-02  1.9469E+00
 -7.2670E-01  3.8865E-02  7.5074E-01  4.3212E-02  2.0119E+00
  4.3991E-01  9.1062E-03 -9.4848E-01  4.3212E-02  2.0119E+00
  3.4206E-01  1.3507E-01 -9.7594E-01  4.2730E-02  2.0806E+00
 -2.4783E-01 -9.4564E-02  1.0086E+00  4.2730E-02  2.0806E+00
  4.3101E-01 -1.8109E-01 -9.2940E-01  4.2242E-02  2.1536E+00
 -7.5520E-01 -6.5068E-02 -7.1260E-01  4.2242E-02  2.1536E+00
 -9.9122E-01  1.8628E-02 -3.1542E-01  4.2242E-02  2.1536E+00
  3.8034E-01  1.4567E-01  9.5463E-01  4.1747E-02  2.2312E+00
 -2.3408E-03 -1.1984E-01 -1.0309E+00  4.1747E-02  2.2312E+00
  2.6341E-01 -9.4535E-02 -9.9944E-01  4.1747E-02  2.2312E+00
 -3.7504E-01  6.1931E-02 -9.6576E-01  4.1747E-02  2.2312E+00
 -7.7047E-01  7.7980E-02  6.8738E-01  4.1244E-02  2.3138E+00
 -7.4286E-01 -5.8289E-02 -7.1563E-01  4.0733E-02  2.4020E+00
 -9.6989E-01  7.6893E-02 -3.4752E-01  4.0733E-02  2.4020E+00
 -1.0180E+00 -1.1874E-01 -1.1114E-01  4.0213E-02  2.4964E+00
 -2.1589E-01  1.1388E-02 -1.0080E+00  4.0213E-02  2.4964E+00
  9.9272E-01  1.8187E-01 -2.1010E-01  4.0213E-02  2.4964E+00
 -1.0129E+00 -1.7913E-01 -1.3164E-02  3.9683E-02  2.5977E+00
  9.6578E-01  1.4486E-02 -3.5395E-01  3.9683E-02  2.5977E+00
 -3.0876E-01  1.4505E-01 -9.7049E-01  3.9683E-02  2.5977E+00
 -9.6094E-01  1.0532E-01  3.5175E-01  3.9683E-02  2.5977E+00
 -9.9294E-01  1.5544E-01  2.0932E-01  3.9143E-02  2.7067E+00
  9.4609E-01 -7.2087E-02 -3.9193E-01  3.9143E-02  2.7067E+00
 -3.7113E-01 -8.1853E-02 -9.5148E-01  3.8592E-02  2.8243E+00
 -9.3675E-01 -7.5936E-02  4.0802E-01  3.8592E-02  2.8243E+00
  1.0182E+00 -9.0941E-02 -2.9352E-02  3.8029E-02  2.9517E+00
  6.4803E-01  6.5945E-02 -7.8591E-01  3.7452E-02  3.0900E+00
  8.1592E-01  1.4630E-02 -6.1319E-01  3.7452E-02  3.0900E+00
 -8.6160E-01 -7.5116E-02  5.4218E-01  3.7452E-02  3.0900E+00
 -8.2479E-01 -1.1775E-01  5.8367E-01  3.6256E-02  3.4062E+00
 -7.5396E-01  9.1715E-02  6.7672E-01  3.6256E-02  3.4062E+00
 -9.9580E-01 -6.0820E-02 -1.9877E-01  3.6256E-02  3.4062E+00
 -4.5199E-01  1.2682E-01 -9.0246E-01  3.6256E-02  3.4062E+00
 -8.7144E-01 -6.8249E-02 -5.2035E-01  3.6256E-02  3.4062E+00
  5.2694E-01 -2.1053E-02  8.6798E-01  3.5633E-02  3.5880E+00
  8.1921E-01  1.1688E-01 -5.8618E-01  3.4991E-02  3.7890E+00
  1.0129E-01 -1.5920E-01 -9.9637E-01  3.4991E-02  3.7890E+00
  8.8314E-01  1.2735E-01  4.8187E-01  3.4991E-02  3.7890E+00
 -5.1475E-01  9.6255E-02 -8.6841E-01  3.4991E-02  3.7890E+00
 -9.3868E-01 -7.5151E-02  3.7229E-01  3.4329E-02  4.0125E+00
  8.3220E-01 -1.2742E-01  5.6266E-01  3.4329E-02  4.0125E+00
 -1.0077E+00 -2.0265E-02  9.7542E-02  3.4329E-02  4.0125E+00
 -4.4849E-01 -1.6815E-01 -8.9217E-01  3.4329E-02  4.0125E+00
  1.0017E+00 -1.6106E-02  1.3723E-01  3.3644E-02  4.2626E+00
 -1.0100E+00  7.3984E-03 -4.8345E-02  3.3644E-02  4.2626E+00
  8.6896E-01  1.4831E-01  4.9546E-01  3.3644E-02  4.2626E+00
 -4.6740E-01 -1.6457E-01  8.8149E-01  3.3644E-02  4.2626E+00
  1.4245E-01  1.7615E-01  9.8552E-01  3.3644E-02  4.2626E+00
  6.0593E-01  2.6346E-02 -8.0751E-01  3.2934E-02  4.5444E+00
 -7.9086E-01  9.6097E-02 -6.2066E-01  3.2934E-02  4.5444E+00
  7.7818E-01  8.2908E-02  6.3834E-01  3.2934E-02  4.5444E+00
  9.9769E-01 -3.2866E-03 -1.5659E-01  3.2934E-02  4.5444E+00
  7.5830E-01 -9.2262E-02  6.6060E-01  3.2934E-02  4.5444E+00
 -2.3371E-01 -2.7418E-02  9.8085E-01  3.2195E-02  4.8645E+00
  9.8237E-01 -5.3719E-03  2.2882E-01  3.2195E-02  4.8645E+00
 -8.9708E-02  4.6582E-02 -1.0036E+00  3.2195E-02  4.8645E+00
 -9.3487E-01 -1.2423E-01 -3.5780E-01  3.2195E-02  4.8645E+00
  4.8888E-01 -1.5618E-01 -8.6702E-01  3.1425E-02  5.2312E+00
 -8.4001E-01 -8.7481E-02  5.4940E-01  3.1425E-02  5.2312E+00
 -4.5912E-01 -8.4621E-02 -8.9284E-01  3.1425E-02  5.2312E+00
  1.4483E-01 -4.5343E-02  9.9496E-01  3.0618E-02  5.6557E+00
  5.0326E-03  3.7335E-02  1.0058E+00  3.0618E-02  5.6557E+00
  1.0064E+00 -2.7068E-03  4.8897E-03  3.0618E-02  5.6557E+00
  4.5399E-01 -1.0737E-01 -8.9182E-01  3.0618E-02  5.6557E+00
 -8.0937E-01 -3.1895E-02  5.9572E-01  2.9770E-02  6.1530E+00
  1.0043E+00  1.6716E-02 -4.4692E-02  2.9770E-02  6.1530E+00
  4.9680E-01 -1.8566E-01  8.5423E-01  2.9770E-02  6.1530E+00
 -4.8997E-01  1.4023E-01 -8.6675E-01  2.9770E-02  6.1530E+00
  8.4679E-01  4.0703E-02  5.4063E-01  2.9770E-02  6.1530E+00
  9.9526E-01  7.3031E-02 -1.1526E-01  2.8874E-02  6.7438E+00
 -9.7902E-01 -1.1250E-01 -1.9502E-01  2.8874E-02  6.7438E+00
 -3.3219E-01 -1.4837E-01  9.3638E-01  2.8874E-02  6.7438E+00
  9.9842E-01 -7.8707E-02 -7.8254E-02  2.8874E-02  6.7438E+00
 -9.7720E-01  5.3455E-02  2.2303E-01  2.7921E-02  7.4574E+00
 -9.7633E-01  1.2155E-02 -2.3270E-01  2.7921E-02  7.4574E+00
  1.7733E-01 -9.2477E-02  9.8362E-01  2.7921E-02  7.4574E+00
  9.7290E-02 -5.0564E-02 -9.9774E-01  2.7921E-02  7.4574E+00
  5.4779E-01  1.8839E-02 -8.4000E-01  2.6903E-02  8.3369E+00
 -8.9979E-01 -1.6363E-01  4.1185E-01  2.6903E-02  8.3369E+00
  2.9217E-01  2.1724E-03 -9.5951E-01  2.6903E-02  8.3369E+00
 -4.4021E-01 -4.7492E-02 -8.9925E-01  2.5804E-02  9.4481E+00
 -9.5391E-01 -1.0646E-01 -2.8882E-01  2.5804E-02  9.4481E+00
 -9.6113E-01 -2.7835E-02  2.8312E-01  2.5804E-02  9.4481E+00
 -1.3709E-01 -5.9156E-02  9.9058E-01  2.4606E-02  1.0897E+01
 -3.6827E-01 -1.5184E-01  9.1916E-01  2.4606E-02  1.0897E+01
  1.1378E-01 -4.6272E-02  9.9421E-01  2.4606E-02  1.0897E+01
  3.6409E-01  1.5678E-01  9.2000E-01  2.4606E-02  1.0897E+01
  7.3658E-01  1.0233E-02 -6.7888E-01  2.4606E-02  1.0897E+01
  4.1934E-01  3.0826E-02  9.0871E-01  2.3280E-02  1.2866E+01
 -7.0917E-01  5.7767E-02  7.0447E-01  2.3280E-02  1.2866E+01
 -2.9325E-01  1.3918E-01 -9.4719E-01  2.3280E-02  1.2866E+01
 -4.9907E-02 -1.7348E-01  9.8486E-01  2.3280E-02  1.2866E+01
 -9.7557E-01  1.0669E-01  1.9856E-01  2.3280E-02  1.2866E+01
 -2.0069E-01  1.6124E-01 -9.6761E-01  2.3280E-02  1.2866E+01
 -8.0185E-01 -3.1797E-02 -5.9880E-01  2.3280E-02  1.2866E+01
  9.4081E-01 -1.4756E-01  3.0791E-01  2.1787E-02  1.5696E+01
  2.3351E-01 -1.0423E-01  9.6764E-01  2.1787E-02  1.5696E+01
 -9.3475E-01 -1.5984E-01  3.2001E-01  2.1787E-02  1.5696E+01
 -9.9412E-01 -4.7113E-02  1.0586E-01  2.1787E-02  1.5696E+01
 -8.4095E-01 -9.6929E-02 -5.3396E-01  2.1787E-02  1.5696E+01
 -2.4127E-01 -1.5855E-01  9.5796E-01  2.0058E-02  2.0115E+01
  5.8888E-02 -1.0347E-02 -9.9873E-01  2.0058E-02  2.0115E+01
 -5.4163E-01 -1.3849E-01 -8.2976E-01  2.0058E-02  2.0115E+01
  7.2239E-01  8.5951E-02  6.8652E-01  1.7969E-02  2.7981E+01
 -9.0477E-01 -2.1020E-02 -4.2602E-01  1.7969E-02  2.7981E+01
  8.0955E-01  5.3576E-03  5.8748E-01  1.7969E-02  2.7981E+01
 -8.4222E-01  1.3447E-01 -5.2261E-01  1.7969E-02  2.7981E+01
