0.16662857142857D+01       630
(x,y,z) position of the X-ray source
  0.5562E+00  0.8959E-01  0.1710E+01
x | y | z | R | rho
 -3.1324E-01 -1.3984E-01  3.4592E+00  1.5334E-01  4.5019E-02
  1.6321E-01  1.7363E-01 -1.6820E+00  8.6820E-02  2.4806E-01
  1.7097E+00 -1.0499E-01  4.5217E+00  1.9453E-01  2.2050E-02
  1.0374E+00 -1.6468E-01 -1.7126E+00  1.0038E-01  1.6051E-01
  8.7251E-01 -3.5262E-02  2.5290E+00  1.2605E-01  8.1053E-02
 -1.7021E+00 -1.5511E-02 -6.3469E-01  9.2143E-02  2.0750E-01
 -8.6429E-01  4.8271E-02  3.9438E+00  1.7099E-01  3.2470E-02
  1.2967E-01 -1.6218E-02  2.3740E+00  1.1501E-01  1.0670E-01
  1.7980E+00 -1.5514E-01  2.8748E+00  1.5068E-01  4.7449E-02
  1.7478E+00 -6.9475E-02  9.1984E-02  8.9234E-02  2.2846E-01
  9.8813E-02 -9.2325E-02  3.2886E+00  1.4730E-01  5.0796E-02
  1.4238E+00 -8.9809E-02 -1.6099E+00  1.0617E-01  1.3566E-01
 -1.7197E+00  4.8487E-02  2.6218E-02  8.7821E-02  2.3967E-01
  1.4153E+00 -1.0817E-01  1.1035E+00  9.1312E-02  2.1322E-01
 -1.7068E+00  1.4032E-01  4.8075E+00  2.0212E-01  1.9660E-02
 -2.5928E-01 -1.0231E-01  3.9827E+00  1.6961E-01  3.3272E-02
 -2.8085E-01 -1.6494E-01  1.8942E+00  9.6714E-02  1.7945E-01
  1.3351E+00 -2.4706E-01  3.8417E+00  1.7212E-01  3.1836E-02
  1.5374E+00 -6.8787E-02  6.1689E+00  2.3585E-01  1.2373E-02
  1.7250E+00 -6.5912E-03  2.2094E+00  1.3061E-01  7.2865E-02
  1.1837E+00 -4.7096E-02  2.8650E+00  1.4089E-01  5.8039E-02
 -6.3894E-01  2.9804E-02 -1.7347E+00  9.3557E-02  1.9824E-01
  1.1082E-01  1.6317E-01  1.7983E+00  9.1809E-02  2.0977E-01
  1.5857E+00  5.5164E-02 -9.5990E-01  9.3801E-02  1.9669E-01
 -1.7371E+00  1.4794E-01  1.2497E+00  1.0593E-01  1.3657E-01
  3.1991E-01  6.2843E-02  2.5565E+00  1.2247E-01  8.8369E-02
  1.0816E+00 -1.1557E-01  5.6877E+00  2.2093E-01  1.5054E-02
  1.1520E+00 -2.9131E-02  3.6050E+00  1.6317E-01  3.7369E-02
  1.4313E+00 -1.3868E-02  2.2610E+00  1.2607E-01  8.1018E-02
  6.1063E-02  1.2703E-01  1.7057E+00  8.7405E-02  2.4311E-01
 -1.3146E+00 -1.3169E-01  3.4465E+00  1.6022E-01  3.9470E-02
 -1.8674E+00 -2.0712E-03  9.4257E+00  3.1379E-01  5.2537E-03
  3.5525E-01 -2.9536E-01  6.6020E+00  2.4254E-01  1.1377E-02
 -2.4954E-01  1.5670E-01  4.2112E+00  1.7656E-01  2.9493E-02
  6.8448E-01  1.7306E-01  1.5809E+00  8.8318E-02  2.3564E-01
  9.8758E-01 -1.2900E-01  3.6500E+00  1.6313E-01  3.7395E-02
  1.7580E+00 -1.1672E-01  6.7646E-02  8.9756E-02  2.2450E-01
  4.0993E-02  1.1990E-01  6.3281E+00  2.3511E-01  1.2490E-02
 -1.6513E+00  1.9431E-02  5.4490E+00  2.1832E-01  1.5599E-02
  1.6020E-01 -1.4454E-01  2.8073E+00  1.3105E-01  7.2127E-02
 -2.9750E-01 -7.1192E-02  2.2553E+00  1.1110E-01  1.1839E-01
  7.2284E-01 -1.8515E-01 -1.5519E+00  8.7887E-02  2.3913E-01
  1.4094E+00  5.5681E-02  1.1188E+00  9.1421E-02  2.1246E-01
 -1.3814E+00 -1.2046E-01  9.4521E-01  8.5859E-02  2.5647E-01
 -1.0179E+00 -1.9564E-01  5.8074E+00  2.2382E-01  1.4478E-02
 -1.9192E+00  1.3109E-01  6.8695E+00  2.5552E-01  9.7299E-03
  1.1097E+00  7.3493E-02  1.2957E+00  8.7222E-02  2.4464E-01
  1.1144E+00 -1.0982E-02 -1.7536E+00  1.0321E-01  1.4766E-01
 -1.4107E+00  2.2950E-03  1.3662E+00  9.8484E-02  1.6994E-01
 -8.0132E-01 -5.2742E-02  1.5619E+00  8.9445E-02  2.2685E-01
  7.8351E-01 -1.4445E-01  1.9800E+00  1.0550E-01  1.3826E-01
  1.5365E+00 -9.8320E-02  9.7531E-01  9.2404E-02  2.0574E-01
 -1.7274E+00  1.6290E-01 -1.8079E-01  8.8913E-02  2.3095E-01
  2.3021E-01  3.6417E-02  4.5546E+00  1.8660E-01  2.4984E-02
 -1.0912E+00 -1.9744E-01  5.6115E+00  2.1903E-01  1.5448E-02
 -5.8418E-01  8.4886E-02  5.6859E+00  2.1894E-01  1.5468E-02
 -5.0687E-01 -1.2200E-02  1.9422E+00  1.0031E-01  1.6086E-01
 -1.3149E+00  5.8215E-02  2.1186E+00  1.1940E-01  9.5359E-02
  1.8052E+00  9.7493E-02  2.8080E+00  1.4889E-01  4.9184E-02
 -1.1841E-01 -2.5698E-01  8.9016E+00  2.9784E-01  6.1438E-03
  1.1550E+00 -2.6248E-02  1.2070E+00  8.5514E-02  2.5959E-01
 -5.6141E-01 -6.7433E-02  2.0265E+00  1.0427E-01  1.4321E-01
  3.9153E-01  3.8245E-02  1.5855E+00  8.3758E-02  2.7627E-01
  1.2951E+00  1.1394E-01  9.3275E-01  8.2147E-02  2.9284E-01
 -1.2425E-01  8.3024E-02  2.6139E+00  1.2397E-01  8.5198E-02
  1.7770E+00 -1.1017E-01  2.7977E+00  1.4812E-01  4.9957E-02
 -1.3532E+00  3.0041E-01  6.7708E+00  2.4996E-01  1.0394E-02
 -5.9694E-01 -1.5494E-01  4.9135E+00  1.9786E-01  2.0959E-02
 -5.0138E-02 -1.5236E-03  2.3342E+00  1.1337E-01  1.1140E-01
 -7.3416E-01 -6.2934E-02 -1.4989E+00  8.5490E-02  2.5981E-01
  9.7024E-01 -1.8872E-02 -1.3030E+00  8.3330E-02  2.8054E-01
  8.7956E-01 -8.3300E-02 -1.5010E+00  8.8787E-02  2.3193E-01
 -1.8533E+00  2.0273E-01  9.5411E+00  3.1631E-01  5.1292E-03
  3.6611E-01 -1.1355E-01  2.1297E+00  1.0668E-01  1.3369E-01
 -3.8275E-01 -1.7133E-01  1.7757E+00  9.2490E-02  2.0517E-01
  1.7815E+00  1.0159E-01 -1.3229E+00  1.0896E-01  1.2550E-01
 -8.5082E-01  2.3413E-03  6.0745E+00  2.3001E-01  1.3339E-02
 -1.6197E+00 -2.6950E-02  9.7325E-01  9.5334E-02  1.8735E-01
  3.9193E-01 -8.2058E-02  4.3553E+00  1.8110E-01  2.7329E-02
  1.8572E+00  2.8207E-01  5.2435E+00  2.1498E-01  1.6339E-02
 -1.0463E+00  1.2849E-01  1.4614E+00  9.1492E-02  2.1196E-01
 -1.5769E+00 -1.5188E-01  8.4624E-01  9.1229E-02  2.1380E-01
  1.8638E+00  1.4044E-02 -1.8881E+00  1.2524E-01  8.2633E-02
  1.2490E+00  1.2745E-01  1.6724E+00  1.0375E-01  1.4534E-01
  7.4724E-02  1.7073E-01  4.0452E+00  1.7135E-01  3.2266E-02
 -1.4321E+00 -1.5961E-01 -1.1028E+00  9.2049E-02  2.0814E-01
  7.9610E-01 -3.4526E-02 -1.8540E+00  1.0075E-01  1.5875E-01
  1.2750E+00 -1.0153E-01  3.4135E+00  1.5877E-01  4.0563E-02
  5.5174E-01 -7.5523E-02 -1.7221E+00  9.1846E-02  2.0952E-01
 -2.5031E-01 -5.7738E-02  3.2590E+00  1.4656E-01  5.1568E-02
 -1.6394E+00 -1.8979E-01  1.6815E+00  1.1419E-01  1.0902E-01
 -6.3641E-01  8.1989E-02 -1.6166E+00  8.8674E-02  2.3281E-01
  1.6731E+00  1.5443E-01 -5.2055E-01  8.9571E-02  2.2589E-01
  2.7897E-01  2.2056E-02 -1.6087E+00  8.3722E-02  2.7662E-01
 -1.3174E+00 -2.8039E-01  9.8770E+00  3.2180E-01  4.8714E-03
  4.7881E-01  6.4327E-02  2.1977E+00  1.1009E-01  1.2166E-01
 -1.1558E+00 -1.6555E-01  1.2628E+00  8.7789E-02  2.3993E-01
 -8.5443E-01 -7.3500E-02  1.4178E+00  8.4867E-02  2.6557E-01
 -6.0846E-01 -1.0746E-01  1.7875E+00  9.5396E-02  1.8699E-01
 -6.8216E-01 -1.1333E-03  1.6096E+00  8.9080E-02  2.2965E-01
  2.0750E-01 -1.7854E-01  3.2956E+00  1.4781E-01  5.0266E-02
 -8.3802E-01 -1.7879E-01  3.0178E+00  1.4214E-01  5.6526E-02
 -1.7127E+00  9.1563E-03  6.8878E-01  9.3435E-02  1.9901E-01
 -1.5600E+00 -1.8521E-01 -1.4614E+00  1.0595E-01  1.3650E-01
  1.2815E+00 -4.0053E-02 -9.7501E-01  8.2663E-02  2.8738E-01
  7.9976E-01  1.4677E-02 -1.3942E+00  8.2499E-02  2.8911E-01
  1.5882E+00  4.6388E-02  2.9980E+00  1.5064E-01  4.7489E-02
  3.2041E-01  1.6792E-01  5.4687E+00  2.1255E-01  1.6906E-02
  4.4545E-01 -1.0873E-01  5.2528E+00  2.0683E-01  1.8346E-02
  1.3956E+00  4.5118E-02  1.4704E+00  1.0115E-01  1.5685E-01
  1.3230E+00 -2.8537E-02  2.1120E+00  1.1933E-01  9.5525E-02
  2.3993E-02  2.0693E-02 -1.6378E+00  8.3974E-02  2.7414E-01
  1.4491E+00  2.8136E-01  9.2058E+00  3.0736E-01  5.5904E-03
  1.8423E+00  2.3098E-01  2.8141E+00  1.4993E-01  4.8165E-02
 -4.4405E-01 -1.0565E-01  1.7933E+00  9.3629E-02  1.9778E-01
 -8.4256E-01 -2.2981E-01  2.8621E+00  1.3721E-01  6.2842E-02
  9.0840E-01 -3.1668E-02  2.1737E+00  1.1419E-01  1.0902E-01
  1.6096E+00  8.0819E-02  8.1393E-01  9.1651E-02  2.1086E-01
  6.3139E-01  9.1493E-02  1.9507E+00  1.0217E-01  1.5223E-01
  1.8637E+00  8.8965E-02 -5.1681E-01  9.7314E-02  1.7615E-01
  1.3147E+00 -2.6583E-01  6.9830E+00  2.5495E-01  9.7958E-03
  1.0904E+00  8.6301E-02 -1.6529E+00  9.9251E-02  1.6603E-01
  1.0164E+00 -1.4430E-02 -1.5506E+00  9.3785E-02  1.9679E-01
  1.7634E+00 -1.6198E-02 -5.1551E-01  9.3048E-02  2.0150E-01
  1.2803E+00 -2.1893E-01  2.2877E+00  1.2443E-01  8.4266E-02
 -1.8222E+00 -9.6232E-02 -9.6316E-01  1.0262E-01  1.5023E-01
 -1.8768E+00  3.9310E-02  2.1793E+00  1.3318E-01  6.8714E-02
  2.0365E-01  1.9254E-01  4.4080E+00  1.8238E-01  2.6758E-02
  5.8923E-01  3.1958E-01  8.1432E+00  2.8068E-01  7.3413E-03
  3.1109E-01  1.3030E-01  4.1036E+00  1.7342E-01  3.1125E-02
  1.3601E+00  2.0418E-01  2.8182E+00  1.4210E-01  5.6572E-02
 -1.6949E+00  1.5009E-01  2.3702E+00  1.3463E-01  6.6525E-02
 -7.4628E-03  1.5407E-01  2.5651E+00  1.2220E-01  8.8959E-02
 -1.0862E+00  1.6693E-01 -1.3762E+00  8.9665E-02  2.2518E-01
 -1.3747E+00  2.1693E-01  8.6891E+00  2.9540E-01  6.2978E-03
  8.1654E-01  1.8236E-01  4.0996E+00  1.7543E-01  3.0065E-02
 -1.6237E+00 -4.1341E-02  1.9917E+00  1.2221E-01  8.8940E-02
 -1.0474E+00  1.4415E-01  1.7963E+00  1.0347E-01  1.4652E-01
  1.9587E-02  3.3872E-01  8.0026E+00  2.7685E-01  7.6501E-03
  2.0603E+00  1.9289E-01  9.1230E+00  3.0808E-01  5.5517E-03
  8.0357E-01 -1.4200E-01  3.2814E+00  1.5026E-01  4.7852E-02
 -1.6723E+00 -1.4386E-01 -2.9338E-01  8.7057E-02  2.4603E-01
 -7.7355E-01 -1.3794E-01  2.6877E+00  1.3051E-01  7.3031E-02
 -1.6589E+00  1.6974E-01 -1.3962E+00  1.0712E-01  1.3207E-01
 -2.0676E-01  1.4908E-01  1.6424E+00  8.5106E-02  2.6335E-01
 -1.5181E+00 -5.8604E-02 -7.5545E-01  8.6722E-02  2.4889E-01
 -1.3201E-02 -2.4855E-01  7.1426E+00  2.5585E-01  9.6925E-03
 -1.5071E+00 -1.5817E-01 -5.6909E-01  8.3044E-02  2.8346E-01
 -1.4020E+00 -6.5174E-02  2.0666E+00  1.1955E-01  9.5010E-02
  9.3537E-01  1.3927E-01  1.3468E+00  8.4333E-02  2.7065E-01
  1.9107E-01  2.9755E-02  3.0428E+00  1.3915E-01  6.0249E-02
  1.1585E+00  6.8349E-02 -1.2079E+00  8.5717E-02  2.5775E-01
 -1.8652E+00 -1.6788E-01  1.3493E+00  1.1235E-01  1.1448E-01
  1.0201E+00 -2.2878E-01  3.9721E+00  1.7311E-01  3.1290E-02
 -1.2468E+00  5.7387E-02  1.0649E+00  8.4093E-02  2.7297E-01
  7.0457E-01  6.4697E-02  1.9715E+00  1.0389E-01  1.4477E-01
  1.5979E-01 -2.2589E-01  4.4850E+00  1.8464E-01  2.5789E-02
 -1.8398E+00 -1.5658E-01  6.4310E+00  2.4439E-01  1.1121E-02
  1.7493E+00 -1.3556E-01 -7.3869E-01  9.5931E-02  1.8388E-01
  1.6314E+00  2.6941E-02 -7.0140E-01  9.0333E-02  2.2023E-01
 -1.5986E+00  2.2848E-02 -1.5940E-01  8.2466E-02  2.8946E-01
  1.8966E+00 -2.2448E-01  2.3420E+00  1.3823E-01  6.1465E-02
 -1.3931E+00  1.7847E-01 -8.7801E-01  8.4835E-02  2.6587E-01
 -7.3587E-01  1.2224E-01 -1.6070E+00  9.0142E-02  2.2162E-01
  4.5435E-02  1.2600E-01 -1.6759E+00  8.6004E-02  2.5518E-01
 -1.4651E+00 -3.4191E-01  9.6097E+00  3.1643E-01  5.1236E-03
  1.4520E+00  2.1655E-01  2.1066E+00  1.2212E-01  8.9130E-02
  1.2690E+00 -2.5730E-02  8.1309E+00  2.8207E-01  7.2335E-03
 -1.4453E+00  1.8840E-01  1.4928E+00  1.0356E-01  1.4617E-01
  9.1462E-01 -2.5272E-01  9.4204E+00  3.1063E-01  5.4159E-03
  1.5949E+00  1.3789E-02 -2.7161E-01  8.3009E-02  2.8381E-01
 -1.5063E+00 -5.9913E-03  5.6576E-01  8.2579E-02  2.8827E-01
  1.4441E+00  1.0455E-01  1.9266E+00  1.1624E-01  1.0335E-01
  1.1360E+00 -9.1616E-02 -1.1494E+00  8.3041E-02  2.8349E-01
  1.8599E+00 -2.4279E-01  8.7568E+00  2.9898E-01  6.0742E-03
 -7.9477E-01  4.9138E-02  1.9644E+00  1.0490E-01  1.4062E-01
  4.0874E-01 -1.4932E-01 -1.6736E+00  8.8217E-02  2.3646E-01
 -1.7456E+00 -1.1659E-02 -1.1671E+00  1.0410E-01  1.4388E-01
  1.4729E+00  1.3025E-01 -9.3163E-01  8.9056E-02  2.2984E-01
 -1.2571E+00 -1.8373E-01  2.5186E+00  1.3124E-01  7.1816E-02
 -1.5064E+00 -1.1022E-01  7.9555E-01  8.7206E-02  2.4478E-01
  1.5990E+00 -1.0802E-01  1.2074E+00  1.0027E-01  1.6101E-01
 -1.9127E-01  1.7455E-01  2.6271E+00  1.2476E-01  8.3596E-02
  1.9310E+00  1.5589E-01  4.8738E+00  2.0606E-01  1.8555E-02
 -1.6171E+00 -1.6820E-01 -6.3877E-01  8.9017E-02  2.3013E-01
  1.3257E+00 -8.1957E-03 -1.3909E+00  9.6691E-02  1.7957E-01
  1.0930E+00 -1.1115E-01  1.3841E+00  8.9934E-02  2.2317E-01
 -1.7982E-01 -5.6615E-02  2.1541E+00  1.0662E-01  1.3394E-01
  1.2082E-01 -1.0334E-01  1.8412E+00  9.3523E-02  1.9845E-01
 -4.2257E-01  2.3279E-01  4.5888E+00  1.8816E-01  2.4368E-02
 -8.4423E-01  1.7900E-01  9.6723E+00  3.1607E-01  5.1410E-03
 -1.7126E+00  1.0965E-01  7.4664E+00  2.6846E-01  8.3896E-03
  1.5000E+00  4.6589E-02  2.6547E+00  1.3917E-01  6.0224E-02
  1.5135E+00 -1.4686E-02  3.3749E+00  1.6046E-01  3.9290E-02
  1.5775E+00 -8.6516E-02  5.3831E+00  2.1607E-01  1.6093E-02
  1.5593E+00  5.1358E-02  2.9683E+00  1.4934E-01  4.8740E-02
 -1.7620E+00  6.9087E-02 -1.0124E+00  1.0138E-01  1.5579E-01
  2.6884E-01 -1.4556E-01  8.6728E+00  2.9258E-01  6.4814E-03
 -8.8694E-01 -4.1391E-02  1.6200E+00  9.3494E-02  1.9863E-01
 -6.4750E-01  1.1471E-01 -1.8510E+00  9.8507E-02  1.6983E-01
 -5.9523E-01 -2.6051E-01  6.5272E+00  2.4104E-01  1.1591E-02
 -1.6752E+00 -1.2172E-01  1.7018E+00  1.1552E-01  1.0529E-01
  1.5305E-01  4.7392E-02  2.8594E+00  1.3275E-01  6.9391E-02
 -7.8262E-01 -6.3499E-02  3.0029E+00  1.4102E-01  5.7888E-02
  1.7085E+00 -2.2654E-03  4.9207E+00  2.0506E-01  1.8826E-02
 -8.9182E-02 -6.4510E-02 -1.6630E+00  8.5322E-02  2.6135E-01
 -1.6350E+00 -1.7984E-01 -8.5756E-01  9.3826E-02  1.9653E-01
  5.4334E-01  2.1678E-01  3.4229E+00  1.5323E-01  4.5124E-02
 -6.9011E-01  1.1209E-01  1.9909E+00  1.0452E-01  1.4218E-01
  1.7467E+00  2.8731E-02  2.6068E+00  1.4217E-01  5.6487E-02
 -1.2250E+00 -3.6602E-02  3.0219E+00  1.4629E-01  5.1854E-02
 -1.6141E+00 -5.2374E-02  4.7632E+00  2.0004E-01  2.0278E-02
  1.1121E+00 -4.6216E-02  1.8093E+00  1.0509E-01  1.3986E-01
 -1.6155E+00  2.8629E-01  4.8639E+00  2.0295E-01  1.9419E-02
  1.6059E+00  8.8783E-02  3.7706E+00  1.7287E-01  3.1423E-02
  1.6674E+00 -1.4411E-01  3.4140E-01  8.7245E-02  2.4444E-01
  1.1818E+00  1.8504E-01 -1.6625E+00  1.0199E-01  1.5300E-01
  6.7481E-01 -1.1819E-01  4.1991E+00  1.7756E-01  2.9000E-02
 -1.2705E+00  1.3977E-01 -1.0932E+00  8.6035E-02  2.5490E-01
 -1.1051E+00  8.0504E-02  4.6666E+00  1.9342E-01  2.2434E-02
 -1.0776E+00  1.2277E-01  1.3867E+00  8.9635E-02  2.2541E-01
 -4.4585E-01 -5.7237E-02  2.1461E+00  1.0783E-01  1.2949E-01
  9.1212E-02  1.5541E-01  1.8126E+00  9.2358E-02  2.0606E-01
 -1.3884E+00  5.8021E-02 -9.9306E-01  8.7243E-02  2.4446E-01
  1.4932E+00 -1.8061E-01  9.7985E-01  9.1186E-02  2.1410E-01
 -6.1875E-01 -9.4131E-02 -1.5117E+00  8.3880E-02  2.7506E-01
 -5.7870E-01  3.9226E-02 -1.5177E+00  8.3335E-02  2.8050E-01
 -3.2184E-01  1.6688E-01  1.6145E+00  8.4757E-02  2.6661E-01
 -1.0007E+00 -1.8929E-02 -1.3427E+00  8.5696E-02  2.5794E-01
 -8.8893E-01 -1.5267E-01  2.0398E+00  1.0931E-01  1.2428E-01
 -3.3645E-01  1.0278E-01  9.1703E+00  3.0404E-01  5.7756E-03
 -1.7132E+00  1.7401E-02  3.4859E-02  8.7502E-02  2.4230E-01
 -1.5777E+00 -8.3219E-02  1.1027E+00  9.6909E-02  1.7837E-01
  9.4470E-02  6.9975E-02  2.5805E+00  1.2269E-01  8.7890E-02
 -1.4419E+00 -1.3837E-01  2.1805E+00  1.2396E-01  8.5227E-02
 -1.2178E-01 -1.3165E-01  2.7421E+00  1.2865E-01  7.6237E-02
 -4.7912E-01 -1.1291E-01  1.7103E+00  9.0501E-02  2.1900E-01
 -8.2543E-01 -1.1769E-02  2.9348E+00  1.3914E-01  6.0262E-02
 -1.8616E+00  1.9469E-01  4.4767E+00  1.9502E-01  2.1886E-02
 -1.3314E+00  4.4416E-02  1.2911E+00  9.3831E-02  1.9650E-01
 -1.3426E+00 -2.8649E-01  5.0969E+00  2.0699E-01  1.8303E-02
  9.5733E-01  9.4204E-02  2.8950E+00  1.3921E-01  6.0176E-02
  1.8846E+00  3.7716E-02 -7.6104E-01  1.0136E-01  1.5588E-01
  1.6651E+00  1.9221E-01  1.6406E+00  1.1378E-01  1.1020E-01
 -1.0467E-02  7.6226E-02  1.6950E+00  8.6724E-02  2.4888E-01
 -1.6533E+00 -1.5663E-02 -3.1869E-01  8.6125E-02  2.5410E-01
  1.5450E+00  5.4060E-02  1.4671E+00  1.0537E-01  1.3874E-01
  1.7386E+00  5.1659E-02 -1.2294E+00  1.0532E-01  1.3895E-01
 -1.5150E+00 -8.3155E-02 -1.3358E+00  1.0089E-01  1.5806E-01
 -1.3407E+00 -2.1176E-02  2.0943E+00  1.1913E-01  9.6024E-02
 -1.5173E+00 -1.9187E-01 -1.8376E+00  1.1551E-01  1.0532E-01
  8.3465E-01 -1.9661E-01  2.0300E+00  1.0826E-01  1.2793E-01
 -5.8797E-01  9.1622E-02 -1.5480E+00  8.4935E-02  2.6494E-01
 -8.3765E-01  7.1027E-04 -1.4720E+00  8.6580E-02  2.5012E-01
  1.1957E+00 -6.9416E-02 -1.1374E+00  8.4618E-02  2.6793E-01
 -1.8754E+00 -8.1756E-02 -1.8441E+00  1.2446E-01  8.4209E-02
  9.0742E-02 -1.1805E-01  3.5182E+00  1.5480E-01  4.3758E-02
  1.3828E+00 -5.2769E-02 -1.7903E+00  1.1058E-01  1.2004E-01
 -1.8125E+00  8.8999E-02  5.0902E+00  2.1045E-01  1.7416E-02
 -5.1881E-01  4.4612E-02 -1.6894E+00  8.9968E-02  2.2292E-01
  1.5394E-01  2.2576E-01  3.6906E+00  1.6053E-01  3.9244E-02
 -8.1432E-01  1.1393E-02  1.9957E+00  1.0635E-01  1.3497E-01
 -7.4716E-01  6.0363E-03  8.4044E+00  2.8697E-01  6.8693E-03
 -8.7420E-01 -7.4515E-02 -1.3334E+00  8.1958E-02  2.9487E-01
 -1.0935E+00  8.1680E-02 -1.1600E+00  8.1958E-02  2.9487E-01
 -7.1101E-01  1.7228E-01 -1.4187E+00  8.1958E-02  2.9487E-01
 -5.7917E-02  2.6417E-03  1.5951E+00  8.1958E-02  2.9487E-01
  1.5625E+00  1.3628E-02  2.8505E-01  8.1577E-02  2.9902E-01
  7.0035E-01 -9.8552E-03  1.4169E+00  8.1197E-02  3.0324E-01
 -2.9307E-02  6.4354E-02 -1.5790E+00  8.1197E-02  3.0324E-01
  1.2810E+00 -4.7977E-03  9.2582E-01  8.1197E-02  3.0324E-01
 -6.4010E-01 -1.2138E-01 -1.4316E+00  8.0816E-02  3.0755E-01
  5.8721E-01  8.4435E-02 -1.4483E+00  8.0435E-02  3.1193E-01
 -4.3526E-01  7.0217E-02  1.5017E+00  8.0435E-02  3.1193E-01
 -1.5519E+00  9.9240E-02  8.5600E-02  8.0055E-02  3.1640E-01
  1.0600E+00  6.5825E-02 -1.1392E+00  8.0055E-02  3.1640E-01
  9.9567E-01  1.0639E-01  1.1929E+00  8.0055E-02  3.1640E-01
  4.6676E-02 -7.2887E-04  1.5491E+00  7.9674E-02  3.2096E-01
 -4.0481E-01  1.5007E-01  1.4884E+00  7.9674E-02  3.2096E-01
  7.7576E-01 -2.2430E-02  1.3326E+00  7.9293E-02  3.2561E-01
 -2.3308E-01  4.0042E-02  1.5162E+00  7.8913E-02  3.3034E-01
 -1.4654E+00 -1.2258E-01 -4.3890E-01  7.8913E-02  3.3034E-01
 -1.2543E+00  1.7487E-01  8.6666E-01  7.8913E-02  3.3034E-01
 -1.0669E+00  5.1427E-02 -1.0808E+00  7.8152E-02  3.4009E-01
  1.4710E+00  1.5193E-01 -3.4922E-01  7.8152E-02  3.4009E-01
  2.4496E-01 -1.5971E-01 -1.4911E+00  7.8152E-02  3.4009E-01
 -1.3549E+00 -1.5973E-01  6.6900E-01  7.8152E-02  3.4009E-01
  1.2702E-01  3.9390E-02  1.5062E+00  7.7771E-02  3.4511E-01
  1.3905E+00 -9.3955E-02 -5.8640E-01  7.7771E-02  3.4511E-01
 -1.4355E+00  5.0239E-02  4.4806E-01  7.7390E-02  3.5022E-01
  1.5035E+00 -6.0678E-03  5.7972E-02  7.7390E-02  3.5022E-01
  1.3844E+00  1.0666E-01  5.7955E-01  7.7390E-02  3.5022E-01
  1.4428E+00  9.4766E-02 -3.8836E-01  7.7010E-02  3.5544E-01
  1.3288E+00  1.4213E-01  6.5849E-01  7.6629E-02  3.6076E-01
  1.1717E+00 -4.2477E-02  9.1923E-01  7.6629E-02  3.6076E-01
 -1.1525E+00 -1.2356E-01 -9.3594E-01  7.6629E-02  3.6076E-01
  2.8571E-01  8.1487E-02 -1.4524E+00  7.6248E-02  3.6619E-01
  1.1631E+00 -1.0921E-01  9.1266E-01  7.6248E-02  3.6619E-01
 -6.4691E-01  2.6313E-02 -1.3175E+00  7.5487E-02  3.7739E-01
  1.2084E+00 -1.3690E-01  8.2210E-01  7.5487E-02  3.7739E-01
  1.3680E+00  6.0223E-02 -5.0848E-01  7.5106E-02  3.8315E-01
  1.4176E+00 -1.4925E-01 -2.8440E-01  7.4726E-02  3.8904E-01
 -1.3564E+00  1.3626E-01 -5.0443E-01  7.4726E-02  3.8904E-01
 -1.4131E+00 -1.1367E-01  3.2100E-01  7.4726E-02  3.8904E-01
  1.4244E+00 -8.2994E-02 -2.3752E-01  7.4345E-02  3.9504E-01
  3.0993E-01  9.2410E-02  1.4098E+00  7.4345E-02  3.9504E-01
 -1.2419E+00  8.6354E-02 -7.3644E-01  7.4345E-02  3.9504E-01
  7.2628E-01  6.5165E-02 -1.2491E+00  7.4345E-02  3.9504E-01
  7.7400E-01  8.5925E-02 -1.2104E+00  7.3965E-02  4.0117E-01
  1.0288E+00 -1.8357E-01 -9.8971E-01  7.3965E-02  4.0117E-01
  1.1107E+00  1.0287E-01  8.9838E-01  7.3584E-02  4.0743E-01
 -1.3733E+00 -3.7636E-02  4.0503E-01  7.3584E-02  4.0743E-01
 -1.3414E+00 -1.2165E-01  4.6603E-01  7.3203E-02  4.1382E-01
 -8.1381E-01  4.9222E-02  1.1690E+00  7.3203E-02  4.1382E-01
 -1.4129E+00 -1.6392E-01  8.9319E-02  7.3203E-02  4.1382E-01
 -8.9850E-01 -1.7851E-01  1.0918E+00  7.3203E-02  4.1382E-01
  1.0777E+00 -1.0488E-01  9.2672E-01  7.3203E-02  4.1382E-01
  1.0630E+00 -1.1538E-01 -9.4228E-01  7.3203E-02  4.1382E-01
 -1.2753E+00  1.8298E-01 -6.0934E-01  7.3203E-02  4.1382E-01
 -1.2459E+00 -1.3862E-02 -6.7746E-01  7.2822E-02  4.2035E-01
 -1.0738E+00 -1.8239E-01  9.0838E-01  7.2822E-02  4.2035E-01
 -1.3034E+00  2.1042E-02 -5.4090E-01  7.2442E-02  4.2701E-01
 -2.9211E-01  1.3043E-01  1.3675E+00  7.2061E-02  4.3381E-01
  6.3691E-02  3.1138E-02  1.3957E+00  7.1680E-02  4.4076E-01
  2.1920E-02  1.6822E-01  1.3803E+00  7.1300E-02  4.4786E-01
  1.0637E+00  1.5059E-01  8.8313E-01  7.1300E-02  4.4786E-01
  1.0360E+00 -8.6162E-02 -9.2385E-01  7.1300E-02  4.4786E-01
  5.1177E-01  6.2956E-02  1.2916E+00  7.1300E-02  4.4786E-01
 -1.1728E+00  7.2581E-02  7.4392E-01  7.1300E-02  4.4786E-01
 -1.3880E+00 -2.9408E-02 -8.1550E-02  7.1300E-02  4.4786E-01
 -1.3775E+00 -7.2328E-02  1.7725E-01  7.1300E-02  4.4786E-01
  3.5735E-01 -9.0986E-02 -1.3339E+00  7.0919E-02  4.5511E-01
 -1.0262E+00  4.4569E-03  9.1850E-01  7.0538E-02  4.6253E-01
  6.8091E-01 -1.5486E-02 -1.1970E+00  7.0538E-02  4.6253E-01
  1.3621E+00 -1.4646E-01  4.1132E-02  7.0157E-02  4.7010E-01
  1.2744E+00 -1.2530E-01  4.6941E-01  6.9776E-02  4.7784E-01
 -1.3126E+00  1.6155E-01 -3.3346E-01  6.9776E-02  4.7784E-01
  1.3335E+00 -1.7685E-01  1.8116E-01  6.9395E-02  4.8575E-01
  7.4524E-01 -4.4815E-02  1.1257E+00  6.9014E-02  4.9384E-01
  1.1877E+00  9.9175E-02 -6.3562E-01  6.9014E-02  4.9384E-01
 -3.0797E-01 -1.8105E-01 -1.2959E+00  6.8633E-02  5.0211E-01
 -1.2278E+00 -1.3780E-01 -5.2964E-01  6.8633E-02  5.0211E-01
 -1.0182E+00 -1.0067E-01 -8.5185E-01  6.7871E-02  5.1923E-01
 -1.1145E+00  5.1994E-02  7.2637E-01  6.7871E-02  5.1923E-01
 -1.3079E+00  1.6403E-01  1.8708E-01  6.7871E-02  5.1923E-01
  1.0320E+00 -5.9602E-02 -8.2885E-01  6.7489E-02  5.2808E-01
  5.1731E-01 -1.0481E-01  1.2153E+00  6.7489E-02  5.2808E-01
  3.4590E-01 -1.0960E-01 -1.2678E+00  6.7108E-02  5.3713E-01
 -1.1987E+00 -1.1717E-01  5.3691E-01  6.7108E-02  5.3713E-01
  4.2591E-01 -1.7614E-01  1.2288E+00  6.6726E-02  5.4640E-01
  5.4410E-01  6.2510E-02  1.1926E+00  6.6726E-02  5.4640E-01
  1.3022E+00  1.2873E-01 -1.0026E-01  6.6726E-02  5.4640E-01
  9.5929E-01 -1.7582E-01  8.7818E-01  6.6726E-02  5.4640E-01
 -8.3728E-01 -1.1658E-01 -9.9569E-01  6.6345E-02  5.5588E-01
 -1.0340E+00 -5.3501E-02 -7.9629E-01  6.6345E-02  5.5588E-01
  2.7994E-01 -5.9503E-02  1.2744E+00  6.6345E-02  5.5588E-01
  1.2054E+00  2.8937E-03  4.8678E-01  6.5963E-02  5.6559E-01
  1.2701E+00  1.8554E-01 -2.0595E-01  6.5963E-02  5.6559E-01
  1.2909E+00 -6.1929E-02  1.4073E-01  6.5963E-02  5.6559E-01
  1.2867E+00 -9.6123E-02 -1.5880E-01  6.5963E-02  5.6559E-01
 -4.9379E-01  9.6175E-04 -1.2025E+00  6.5963E-02  5.6559E-01
 -5.9296E-01  6.0759E-02  1.1484E+00  6.5581E-02  5.7553E-01
  6.3669E-01 -3.2990E-02  1.1259E+00  6.5581E-02  5.7553E-01
  1.2298E+00 -2.9648E-02 -3.8086E-01  6.5199E-02  5.8571E-01
 -4.4234E-01  1.7445E-01 -1.1968E+00  6.5199E-02  5.8571E-01
  2.9934E-01  1.0989E-01  1.2477E+00  6.5199E-02  5.8571E-01
 -1.7522E-01  1.6392E-01  1.2652E+00  6.5199E-02  5.8571E-01
 -1.2630E+00  6.6613E-02  2.4218E-01  6.5199E-02  5.8571E-01
 -3.7596E-01  1.6518E-01 -1.2142E+00  6.4817E-02  5.9614E-01
  1.1164E+00  4.9642E-02  6.1542E-01  6.4434E-02  6.0681E-01
 -7.6785E-01  3.5490E-02  1.0182E+00  6.4434E-02  6.0681E-01
  7.9647E-02 -1.0913E-01  1.2686E+00  6.4434E-02  6.0681E-01
 -7.6341E-01 -1.1091E-01  1.0161E+00  6.4434E-02  6.0681E-01
 -7.4933E-01  1.2412E-01 -1.0176E+00  6.4051E-02  6.1776E-01
 -1.1677E+00  1.7997E-01 -4.6537E-01  6.4051E-02  6.1776E-01
 -9.5974E-01 -3.2643E-02 -8.2179E-01  6.3669E-02  6.2897E-01
  1.2533E+00  1.6087E-01  2.8451E-02  6.3669E-02  6.2897E-01
 -8.7215E-01  9.2255E-02  9.1014E-01  6.3669E-02  6.2897E-01
 -9.8301E-01  1.4783E-01 -7.7113E-01  6.3285E-02  6.4046E-01
  3.4877E-01  1.4344E-01 -1.2002E+00  6.3285E-02  6.4046E-01
 -4.8349E-01 -1.4096E-01  1.1466E+00  6.2902E-02  6.5224E-01
 -1.1751E+00  1.3813E-01 -4.1040E-01  6.2902E-02  6.5224E-01
 -1.0900E+00  3.0148E-02  6.1579E-01  6.2902E-02  6.5224E-01
 -9.1019E-01 -1.4279E-02 -8.5166E-01  6.2518E-02  6.6433E-01
  2.0388E-01 -7.4014E-02  1.2276E+00  6.2518E-02  6.6433E-01
  1.2429E+00 -9.6006E-02 -6.6386E-03  6.2518E-02  6.6433E-01
  1.1156E+00 -8.4456E-02  5.3681E-01  6.2134E-02  6.7672E-01
  3.9403E-01 -3.1837E-02 -1.1703E+00  6.1750E-02  6.8943E-01
  1.2245E+00  5.2951E-02 -1.0026E-01  6.1365E-02  7.0248E-01
  7.3337E-01 -1.5637E-01  9.7465E-01  6.1365E-02  7.0248E-01
  6.4957E-01  2.1336E-03 -1.0442E+00  6.1365E-02  7.0248E-01
  9.4629E-01  1.4270E-01 -7.6345E-01  6.0980E-02  7.1587E-01
  6.9067E-01 -1.8101E-01 -9.9443E-01  6.0980E-02  7.1587E-01
 -1.3798E-01  1.8489E-01 -1.2023E+00  6.0980E-02  7.1587E-01
 -4.2726E-01  1.7146E-01  1.1285E+00  6.0595E-02  7.2962E-01
 -8.4503E-02 -1.1265E-01  1.2052E+00  6.0209E-02  7.4374E-01
 -1.1960E+00 -1.6763E-01  2.7249E-02  5.9822E-02  7.5825E-01
 -9.8521E-01  1.2021E-01 -6.8861E-01  5.9822E-02  7.5825E-01
 -1.0421E+00  2.3369E-02  6.1061E-01  5.9822E-02  7.5825E-01
  1.1870E+00  1.4766E-01  1.6916E-01  5.9822E-02  7.5825E-01
 -1.1037E+00  1.2400E-01  4.7513E-01  5.9822E-02  7.5825E-01
  3.3462E-01  1.3222E-02 -1.1552E+00  5.9436E-02  7.7315E-01
  7.6484E-01  1.1352E-01  9.2122E-01  5.9436E-02  7.7315E-01
 -1.0387E-01  3.9437E-02 -1.1976E+00  5.9436E-02  7.7315E-01
  1.0341E+00 -1.7096E-01  5.8987E-01  5.9436E-02  7.7315E-01
 -6.1608E-01  5.7873E-02  1.0252E+00  5.9048E-02  7.8847E-01
  4.1498E-01  1.5701E-01  1.1122E+00  5.9048E-02  7.8847E-01
 -1.8199E-01 -8.1282E-02 -1.1808E+00  5.9048E-02  7.8847E-01
  6.8435E-01 -1.6552E-01 -9.6221E-01  5.8660E-02  8.0422E-01
  8.9820E-01  5.7268E-02  7.8201E-01  5.8660E-02  8.0422E-01
 -1.2434E-01 -7.9229E-02 -1.1832E+00  5.8660E-02  8.0422E-01
  7.6301E-01 -2.9060E-04 -9.1619E-01  5.8660E-02  8.0422E-01
 -1.1716E+00 -1.3322E-01 -1.3821E-01  5.8271E-02  8.2042E-01
 -2.0556E-01 -1.2584E-01  1.1625E+00  5.8271E-02  8.2042E-01
 -1.1415E+00  1.0016E-01  3.1035E-01  5.8271E-02  8.2042E-01
  1.1214E+00 -1.2545E-01  3.6904E-01  5.8271E-02  8.2042E-01
  1.1818E+00  4.3110E-03 -1.1319E-01  5.8271E-02  8.2042E-01
 -1.0767E+00  1.2988E-01  4.8290E-01  5.8271E-02  8.2042E-01
  1.5738E-01 -1.0945E-01  1.1665E+00  5.7882E-02  8.3709E-01
  4.5125E-01 -9.2504E-02 -1.0887E+00  5.7882E-02  8.3709E-01
  9.6284E-01  5.5547E-03  6.7715E-01  5.7492E-02  8.5424E-01
  2.8370E-01  5.9867E-02 -1.1409E+00  5.7492E-02  8.5424E-01
  1.1238E+00  1.2540E-01  3.0871E-01  5.7101E-02  8.7190E-01
  8.8305E-01  4.3254E-02  7.6219E-01  5.6710E-02  8.9009E-01
 -8.0781E-02 -1.0673E-01  1.1547E+00  5.6317E-02  9.0882E-01
  1.1425E+00 -1.5297E-01  1.5029E-01  5.6317E-02  9.0882E-01
 -4.0099E-01  4.2244E-02  1.0852E+00  5.5924E-02  9.2814E-01
  2.8763E-01 -1.4961E-01  1.1114E+00  5.5924E-02  9.2814E-01
 -9.3020E-01 -1.4008E-01 -6.6674E-01  5.5530E-02  9.4805E-01
  9.1844E-01 -1.0262E-01  6.8170E-01  5.5134E-02  9.6859E-01
 -6.5584E-01  1.1618E-01  9.3549E-01  5.5134E-02  9.6859E-01
  6.6374E-01  9.8408E-02 -9.3195E-01  5.5134E-02  9.6859E-01
  1.0792E+00 -1.0653E-01 -3.6369E-01  5.4738E-02  9.8980E-01
 -7.2402E-03 -9.8560E-02 -1.1395E+00  5.4738E-02  9.8980E-01
  8.8439E-01 -1.1160E-01 -7.0949E-01  5.4340E-02  1.0117E+00
 -1.1066E+00  1.8548E-01 -1.9743E-01  5.4340E-02  1.0117E+00
 -7.4784E-03  7.6581E-02  1.1367E+00  5.4340E-02  1.0117E+00
  2.4370E-01 -2.9684E-02 -1.1125E+00  5.4340E-02  1.0117E+00
  2.1119E-01  8.1906E-02 -1.1165E+00  5.4340E-02  1.0117E+00
  4.3613E-01  1.5548E-01  1.0361E+00  5.3941E-02  1.0343E+00
 -1.0896E+00 -8.1764E-03  3.1715E-01  5.3941E-02  1.0343E+00
  5.7120E-01 -1.2950E-01  9.7201E-01  5.3941E-02  1.0343E+00
  1.0058E+00  5.1693E-04 -5.2553E-01  5.3941E-02  1.0343E+00
 -8.7610E-01 -1.6677E-01  7.0178E-01  5.3941E-02  1.0343E+00
  6.8712E-01  3.7119E-02  9.0241E-01  5.3941E-02  1.0343E+00
  6.8018E-01  1.4043E-01  8.9194E-01  5.3541E-02  1.0577E+00
  1.1245E-01  2.9200E-02  1.1245E+00  5.3541E-02  1.0577E+00
  6.7664E-01  2.8255E-02 -9.0514E-01  5.3541E-02  1.0577E+00
  1.0328E+00 -2.3542E-02 -4.5896E-01  5.3541E-02  1.0577E+00
 -2.3458E-01 -2.6539E-02  1.1011E+00  5.3139E-02  1.0818E+00
 -8.5106E-01  6.0431E-02  7.2845E-01  5.2736E-02  1.1068E+00
  1.1087E+00  1.7093E-01  1.3133E-02  5.2736E-02  1.1068E+00
 -8.5611E-01  7.8292E-02 -7.1424E-01  5.2331E-02  1.1327E+00
 -8.3659E-01  3.2533E-02 -7.4045E-01  5.2331E-02  1.1327E+00
  3.2397E-01 -2.1633E-03 -1.0697E+00  5.2331E-02  1.1327E+00
 -6.6682E-01  1.5379E-01 -8.7847E-01  5.1925E-02  1.1595E+00
 -9.0394E-01 -2.2405E-02  6.4991E-01  5.1925E-02  1.1595E+00
  6.6970E-01  9.1134E-02 -8.7987E-01  5.1516E-02  1.1873E+00
 -7.3352E-01  2.3613E-02 -8.3209E-01  5.1516E-02  1.1873E+00
  8.9977E-01 -1.5331E-01 -6.3079E-01  5.1516E-02  1.1873E+00
 -1.4653E-01  5.5026E-02  1.0984E+00  5.1516E-02  1.1873E+00
 -1.0192E+00  7.4940E-02 -4.3196E-01  5.1516E-02  1.1873E+00
  9.2763E-01  1.0637E-01  5.9188E-01  5.1106E-02  1.2161E+00
 -5.7820E-01 -4.0797E-02  9.3674E-01  5.0694E-02  1.2461E+00
  8.5589E-01 -1.2937E-01 -6.8131E-01  5.0694E-02  1.2461E+00
  9.5090E-01  1.1231E-02  5.5599E-01  5.0694E-02  1.2461E+00
 -4.7277E-01 -1.5901E-01  9.8218E-01  5.0694E-02  1.2461E+00
  1.0873E+00 -8.3755E-02 -1.2505E-01  5.0279E-02  1.2771E+00
  1.0870E+00  9.3482E-02  1.2113E-01  5.0279E-02  1.2771E+00
  9.1834E-01 -1.4224E-01  5.8429E-01  5.0279E-02  1.2771E+00
 -3.5684E-01  6.8881E-02 -1.0358E+00  5.0279E-02  1.2771E+00
  7.9704E-01 -1.0346E-01  7.4209E-01  4.9863E-02  1.3094E+00
  4.7179E-01  9.5176E-02 -9.8236E-01  4.9863E-02  1.3094E+00
  5.6013E-01 -1.4075E-01  9.2466E-01  4.9444E-02  1.3430E+00
  1.9322E-01 -1.7730E-01  1.0582E+00  4.9444E-02  1.3430E+00
  1.0521E+00  1.6181E-01 -2.3549E-01  4.9444E-02  1.3430E+00
 -9.6089E-01  3.2188E-03  5.1500E-01  4.9444E-02  1.3430E+00
 -3.6310E-01 -1.0933E-01  1.0221E+00  4.9444E-02  1.3430E+00
  9.8912E-01 -1.5978E-01 -4.2971E-01  4.9444E-02  1.3430E+00
 -7.6656E-01 -3.6218E-02  7.6920E-01  4.9022E-02  1.3780E+00
  9.9369E-01  1.3742E-01  4.1748E-01  4.9022E-02  1.3780E+00
  3.7086E-01  1.5504E-01  1.0095E+00  4.9022E-02  1.3780E+00
 -2.3682E-01 -5.0997E-02 -1.0592E+00  4.9022E-02  1.3780E+00
  8.6586E-01 -6.9570E-02 -6.4674E-01  4.8597E-02  1.4144E+00
  4.0973E-01 -1.4905E-02 -1.0024E+00  4.8597E-02  1.4144E+00
 -1.0662E+00 -1.1138E-01 -1.5344E-01  4.8597E-02  1.4144E+00
 -9.8475E-01 -5.4306E-03  4.4211E-01  4.8170E-02  1.4524E+00
 -6.9503E-01  1.1604E-01 -8.1774E-01  4.8170E-02  1.4524E+00
  5.5670E-01  1.4778E-01  9.0888E-01  4.7739E-02  1.4920E+00
 -3.5003E-01 -1.1235E-01 -1.0113E+00  4.7739E-02  1.4920E+00
 -4.1439E-01  1.3652E-02 -9.9293E-01  4.7739E-02  1.4920E+00
  9.4327E-01  1.0126E-01  5.0056E-01  4.7306E-02  1.5334E+00
  8.3643E-01  3.4040E-02 -6.7067E-01  4.7306E-02  1.5334E+00
  3.5030E-02  1.5822E-02  1.0720E+00  4.7306E-02  1.5334E+00
  4.4726E-01 -1.1144E-01 -9.6490E-01  4.6868E-02  1.5768E+00
  2.6272E-01 -9.4560E-02 -1.0322E+00  4.6868E-02  1.5768E+00
  9.8419E-01 -1.3825E-01 -3.9464E-01  4.6868E-02  1.5768E+00
 -5.0121E-02 -3.1614E-02  1.0677E+00  4.6868E-02  1.5768E+00
  3.6904E-01 -1.8453E-01 -9.8653E-01  4.6868E-02  1.5768E+00
  1.0377E+00  1.7258E-01 -1.7329E-01  4.6427E-02  1.6222E+00
 -1.0624E+00  3.0206E-02  8.3128E-02  4.6427E-02  1.6222E+00
  9.8073E-01  1.7150E-01  3.8125E-01  4.6427E-02  1.6222E+00
 -7.9115E-01 -6.6421E-02  7.1152E-01  4.6427E-02  1.6222E+00
  9.5204E-01 -1.8010E-02  4.7241E-01  4.5982E-02  1.6697E+00
 -9.5615E-01 -6.2276E-02 -4.6020E-01  4.5982E-02  1.6697E+00
 -9.4299E-02  5.4734E-02 -1.0574E+00  4.5982E-02  1.6697E+00
  1.0093E+00 -1.3782E-01  2.9279E-01  4.5533E-02  1.7196E+00
  9.1085E-01 -1.0521E-03  5.4193E-01  4.5533E-02  1.7196E+00
  5.2216E-01 -5.2375E-02  9.2084E-01  4.5533E-02  1.7196E+00
  5.3070E-01 -4.4591E-02 -9.1287E-01  4.5079E-02  1.7721E+00
  6.9903E-01  1.2905E-01  7.7812E-01  4.4620E-02  1.8273E+00
  8.3660E-01  1.3426E-01  6.2678E-01  4.4620E-02  1.8273E+00
  1.6408E-01 -1.3859E-01 -1.0318E+00  4.4620E-02  1.8273E+00
 -6.3534E-01  1.5099E-01 -8.2724E-01  4.4620E-02  1.8273E+00
  1.0251E+00 -1.1996E-01  2.1326E-01  4.4620E-02  1.8273E+00
  1.0344E-01  4.7924E-02 -1.0477E+00  4.4620E-02  1.8273E+00
  3.1151E-01  3.6568E-02  1.0062E+00  4.4620E-02  1.8273E+00
 -1.0264E+00  1.2673E-01  1.8742E-01  4.4156E-02  1.8855E+00
  9.0522E-01 -1.1273E-01  5.2212E-01  4.4156E-02  1.8855E+00
 -3.9280E-01 -8.4631E-02 -9.6821E-01  4.3687E-02  1.9469E+00
 -2.7268E-01 -1.2430E-01 -1.0045E+00  4.3687E-02  1.9469E+00
  4.4747E-01 -1.1126E-01  9.4143E-01  4.3687E-02  1.9469E+00
 -6.2370E-01  4.8359E-02 -8.3777E-01  4.3212E-02  2.0119E+00
 -2.2768E-02 -4.3317E-02  1.0444E+00  4.3212E-02  2.0119E+00
  8.0689E-01 -1.1139E-02 -6.6484E-01  4.3212E-02  2.0119E+00
  8.2282E-01 -1.3855E-01 -6.3007E-01  4.3212E-02  2.0119E+00
  9.8780E-01  1.1372E-01  3.2331E-01  4.3212E-02  2.0119E+00
  1.0339E+00 -1.5512E-01 -1.5960E-02  4.3212E-02  2.0119E+00
 -3.4428E-01  3.9815E-02 -9.8366E-01  4.2730E-02  2.0806E+00
 -8.1372E-01 -1.1078E-01  6.4288E-01  4.2730E-02  2.0806E+00
  5.8094E-01 -2.2406E-02  8.6586E-01  4.2730E-02  2.0806E+00
  8.9363E-01  1.5795E-01 -5.1399E-01  4.2730E-02  2.0806E+00
  2.5538E-01 -3.8466E-02  1.0104E+00  4.2730E-02  2.0806E+00
  9.7049E-01 -4.2732E-03 -3.7482E-01  4.2242E-02  2.1536E+00
 -5.1660E-01  2.1936E-02  9.0278E-01  4.2242E-02  2.1536E+00
  7.6457E-01 -1.5614E-01 -6.8805E-01  4.2242E-02  2.1536E+00
  8.9625E-01 -1.5748E-01 -4.9913E-01  4.1747E-02  2.2312E+00
 -1.0196E+00  1.5626E-01  1.1504E-01  4.1747E-02  2.2312E+00
  7.8689E-01  1.5734E-01 -6.5821E-01  4.1747E-02  2.2312E+00
 -1.0317E+00  1.1184E-01 -1.3855E-02  4.1747E-02  2.2312E+00
  6.7388E-01  1.5726E-01 -7.7029E-01  4.1244E-02  2.3138E+00
  1.2145E-01  1.4974E-01 -1.0174E+00  4.1244E-02  2.3138E+00
 -4.6755E-01  5.1828E-02  9.2244E-01  4.1244E-02  2.3138E+00
  9.7949E-01  8.0900E-02 -3.2597E-01  4.1244E-02  2.3138E+00
 -6.2920E-01  1.3933E-01  8.1048E-01  4.1244E-02  2.3138E+00
  9.2413E-01 -1.6911E-01  4.2984E-01  4.0733E-02  2.4020E+00
  3.9979E-01  1.4820E-02 -9.5253E-01  4.0733E-02  2.4020E+00
 -7.7812E-01  1.7841E-01  6.5579E-01  4.0733E-02  2.4020E+00
  1.0233E+00  1.3156E-01  5.4563E-02  4.0733E-02  2.4020E+00
 -3.0157E-01  1.5748E-01  9.7312E-01  4.0213E-02  2.4964E+00
 -9.7930E-01  7.4255E-02 -3.1331E-01  4.0213E-02  2.4964E+00
 -4.9527E-01 -1.4356E-01 -8.9264E-01  4.0213E-02  2.4964E+00
 -1.0279E+00 -3.2733E-02 -2.5053E-02  3.9683E-02  2.5977E+00
  4.2543E-01 -6.0192E-02  9.3467E-01  3.9683E-02  2.5977E+00
 -8.1066E-01  1.8476E-01  6.0573E-01  3.9683E-02  2.5977E+00
  9.7119E-02 -6.7779E-02 -1.0197E+00  3.9143E-02  2.7067E+00
  9.3821E-01  2.6990E-02 -4.1586E-01  3.9143E-02  2.7067E+00
  8.5782E-01  2.4963E-02 -5.6340E-01  3.9143E-02  2.7067E+00
 -5.8498E-01  1.8268E-01 -8.2108E-01  3.8592E-02  2.8243E+00
 -8.9532E-01 -4.4840E-02  4.9210E-01  3.8029E-02  2.9517E+00
  4.7810E-01 -9.3736E-02 -8.9911E-01  3.8029E-02  2.9517E+00
  1.2808E-01  2.0911E-02 -1.0144E+00  3.8029E-02  2.9517E+00
 -8.2934E-01 -5.7806E-02 -5.9550E-01  3.8029E-02  2.9517E+00
  2.0615E-01 -3.7428E-03  9.9972E-01  3.7452E-02  3.0900E+00
  5.4668E-01  1.0298E-01 -8.5585E-01  3.7452E-02  3.0900E+00
  4.6042E-01 -5.0917E-02  9.0759E-01  3.6862E-02  3.2409E+00
 -7.1806E-01 -9.4245E-02 -7.1437E-01  3.6256E-02  3.4062E+00
 -2.0159E-01  1.3484E-01 -9.8793E-01  3.6256E-02  3.4062E+00
  1.8468E-01  4.7171E-03 -1.0003E+00  3.6256E-02  3.4062E+00
  9.3246E-01  2.9276E-02  4.0556E-01  3.6256E-02  3.4062E+00
  3.3353E-01 -1.6607E-02  9.6089E-01  3.6256E-02  3.4062E+00
 -8.6904E-01  1.2855E-01 -5.0966E-01  3.5633E-02  3.5880E+00
 -9.8991E-01  5.1287E-02 -2.2124E-01  3.5633E-02  3.5880E+00
 -3.7541E-01  7.0198E-02 -9.4109E-01  3.5633E-02  3.5880E+00
  6.1486E-01  7.6895E-02 -8.0470E-01  3.5633E-02  3.5880E+00
 -6.9007E-01 -7.7053E-02  7.3907E-01  3.4991E-02  3.7890E+00
  9.9922E-01  6.1294E-02 -1.6178E-01  3.4991E-02  3.7890E+00
  9.6500E-01 -1.7892E-02  3.1116E-01  3.4991E-02  3.7890E+00
 -1.0012E+00 -1.5119E-01 -5.5895E-02  3.4991E-02  3.7890E+00
 -9.1957E-01 -1.0257E-01 -4.1140E-01  3.4329E-02  4.0125E+00
  9.9385E-02  5.8859E-02  1.0060E+00  3.4329E-02  4.0125E+00
  7.7518E-01 -1.3508E-01  6.3736E-01  3.4329E-02  4.0125E+00
 -9.9759E-01 -1.6818E-01 -4.3669E-02  3.4329E-02  4.0125E+00
  9.4643E-01  1.2534E-01  3.3755E-01  3.4329E-02  4.0125E+00
 -7.8030E-01  2.0828E-02 -6.4286E-01  3.3644E-02  4.2626E+00
 -1.7062E-01  4.7946E-02 -9.9557E-01  3.3644E-02  4.2626E+00
 -8.7379E-01  1.1986E-01 -4.9467E-01  3.3644E-02  4.2626E+00
 -9.2910E-01 -6.8292E-02 -3.9328E-01  3.3644E-02  4.2626E+00
 -9.5013E-01  3.8894E-02  3.4009E-01  3.2934E-02  4.5444E+00
 -9.8283E-01 -1.6199E-01  1.6648E-01  3.2934E-02  4.5444E+00
  9.3131E-01 -1.4494E-01  3.6274E-01  3.2934E-02  4.5444E+00
 -8.4487E-01  3.2200E-02  5.5009E-01  3.2195E-02  4.8645E+00
  6.6644E-01 -1.6702E-01  7.3851E-01  3.2195E-02  4.8645E+00
 -7.4510E-01  1.4048E-01  6.6523E-01  3.2195E-02  4.8645E+00
  9.7201E-01 -1.4087E-01 -2.2976E-01  3.2195E-02  4.8645E+00
 -6.2602E-01 -3.7222E-02 -7.8856E-01  3.1425E-02  5.2312E+00
  9.9114E-01  6.4888E-03  1.8089E-01  3.1425E-02  5.2312E+00
  8.0725E-01  5.9390E-02  5.9816E-01  3.0618E-02  5.6557E+00
  1.0004E+00 -9.8156E-02 -5.0980E-02  3.0618E-02  5.6557E+00
 -2.8581E-01 -1.0010E-01  9.5982E-01  3.0618E-02  5.6557E+00
  1.9684E-01  1.7814E-01  9.7082E-01  3.0618E-02  5.6557E+00
  5.6430E-01 -5.6763E-03 -8.3218E-01  2.9770E-02  6.1530E+00
  2.6969E-01  1.6148E-01  9.5508E-01  2.9770E-02  6.1530E+00
  9.5789E-01  9.4133E-02  2.8478E-01  2.7921E-02  7.4574E+00
 -5.9566E-01 -3.8688E-02 -8.0697E-01  2.7921E-02  7.4574E+00
 -6.0528E-01 -1.7385E-01 -7.8067E-01  2.6903E-02  8.3369E+00
  9.9842E-01 -7.9622E-02  5.3301E-02  2.6903E-02  8.3369E+00
  5.3885E-01 -1.6941E-02 -8.4580E-01  2.6903E-02  8.3369E+00
 -9.9435E-01  1.8796E-02  1.3012E-01  2.6903E-02  8.3369E+00
  9.9508E-01  5.8182E-02 -1.1159E-01  2.6903E-02  8.3369E+00
  6.4838E-01  7.8181E-02 -7.6038E-01  2.5804E-02  9.4481E+00
  9.3947E-01 -4.4083E-02 -3.4664E-01  2.5804E-02  9.4481E+00
 -9.3129E-01  4.6312E-02 -3.6776E-01  2.5804E-02  9.4481E+00
 -4.0591E-01  4.4075E-02  9.1542E-01  2.5804E-02  9.4481E+00
  3.5271E-01  6.4417E-02  9.3540E-01  2.4606E-02  1.0897E+01
  1.1924E-01  1.8385E-01 -9.7750E-01  2.4606E-02  1.0897E+01
 -9.5633E-01  1.3875E-01 -2.6405E-01  2.4606E-02  1.0897E+01
 -9.7628E-01  5.8315E-02  2.1681E-01  2.4606E-02  1.0897E+01
  5.4917E-01 -4.5162E-02  8.3660E-01  2.4606E-02  1.0897E+01
 -5.4164E-01 -9.8668E-02 -8.3691E-01  2.4606E-02  1.0897E+01
 -8.9620E-01 -1.5720E-01  4.1791E-01  2.3280E-02  1.2866E+01
 -6.2615E-02  1.3084E-01 -9.9071E-01  2.3280E-02  1.2866E+01
  5.5209E-01 -1.2480E-02 -8.3522E-01  2.3280E-02  1.2866E+01
  4.0599E-01 -1.4476E-02  9.1515E-01  2.3280E-02  1.2866E+01
 -9.5503E-01  8.2256E-03 -3.0064E-01  2.3280E-02  1.2866E+01
  9.9287E-01 -9.8998E-02 -7.8145E-02  2.1787E-02  1.5696E+01
 -9.5560E-01  7.2895E-02 -2.8734E-01  2.0058E-02  2.0115E+01
  3.8148E-01  2.7847E-03 -9.2494E-01  2.0058E-02  2.0115E+01
 -8.3686E-01 -1.8076E-01 -5.1724E-01  1.7969E-02  2.7981E+01
  6.9929E-01 -1.2167E-01  7.0479E-01  1.7969E-02  2.7981E+01
