0.29326628571429D+02       637
(x,y,z) position of the X-ray source
 -0.1232E+01  0.6867E-01  0.1310E+01
x | y | z | R | rho
 -1.6189E+00  4.0647E-01  9.7308E+00  3.1968E-01  4.9687E-03
  4.0140E-01  1.8765E-01  9.8630E+00  3.1968E-01  4.9687E-03
  1.7196E-01  3.9032E-01  9.7543E+00  3.1725E-01  5.0839E-03
  1.4865E+00  3.9381E-02  9.4286E+00  3.1237E-01  5.3262E-03
  7.3102E-01  2.6445E-01  9.4526E+00  3.1100E-01  5.3965E-03
  2.2473E-02  2.9836E-02  8.8553E+00  2.9668E-01  6.2166E-03
  3.6012E-01  1.7745E-01  8.8342E+00  2.9640E-01  6.2341E-03
  1.0854E+00  9.6859E-02  8.7030E+00  2.9473E-01  6.3408E-03
  2.0383E+00 -2.3657E-01  8.4531E+00  2.9305E-01  6.4502E-03
 -1.3891E+00  1.2519E-02  8.3428E+00  2.8744E-01  6.8356E-03
  1.0656E-02 -1.8352E-01  7.9630E+00  2.7579E-01  7.7391E-03
 -6.1955E-02 -6.2020E-02  7.7372E+00  2.7032E-01  8.2183E-03
 -5.5361E-01  3.5603E-02  7.6938E+00  2.6974E-01  8.2712E-03
  2.9796E-01 -2.2310E-01  7.3582E+00  2.6130E-01  9.0986E-03
  1.9562E+00  1.6946E-01  7.0269E+00  2.5954E-01  9.2849E-03
 -1.3500E+00  9.6809E-02  6.9152E+00  2.5335E-01  9.9827E-03
 -4.3228E-01  2.7183E-01  6.7782E+00  2.4709E-01  1.0760E-02
  1.4184E-01 -1.9304E-01  6.7932E+00  2.4709E-01  1.0760E-02
  3.3052E-01  1.0654E-01  6.7056E+00  2.4500E-01  1.1039E-02
  1.4377E+00 -9.8522E-02  6.4250E+00  2.4169E-01  1.1499E-02
  1.1288E+00 -1.4113E-01  6.4257E+00  2.4018E-01  1.1717E-02
  1.9565E+00 -2.0095E-02  6.0276E+00  2.3532E-01  1.2458E-02
 -8.8361E-01 -1.5427E-01  5.5400E+00  2.1612E-01  1.6081E-02
  1.4926E-01  2.4197E-01  5.5817E+00  2.1549E-01  1.6222E-02
 -1.6638E+00  2.0001E-02  5.3355E+00  2.1549E-01  1.6222E-02
  5.4677E-01 -3.6495E-02  5.5153E+00  2.1423E-01  1.6510E-02
 -7.1584E-01  2.5648E-01  5.1979E+00  2.0629E-01  1.8490E-02
  5.4434E-01  2.4209E-01  5.0687E+00  2.0212E-01  1.9659E-02
  1.6724E+00 -2.1054E-01  4.6833E+00  1.9857E-01  2.0733E-02
 -1.8005E+00  2.0005E-01  4.5867E+00  1.9727E-01  2.1144E-02
  8.4462E-01 -7.6616E-02  4.8232E+00  1.9630E-01  2.1461E-02
  7.5392E-01 -2.2116E-01  4.7296E+00  1.9337E-01  2.2453E-02
 -8.5736E-01  6.8386E-02  4.5547E+00  1.8877E-01  2.4132E-02
 -2.8369E-01  1.3705E-01  4.5563E+00  1.8679E-01  2.4907E-02
 -1.4308E+00  1.3456E-01  4.3113E+00  1.8613E-01  2.5174E-02
 -1.2527E+00 -1.3931E-01  4.3073E+00  1.8447E-01  2.5858E-02
 -3.0372E-01  2.5835E-02  4.4323E+00  1.8315E-01  2.6425E-02
  1.0274E+00  2.7413E-01  4.2672E+00  1.8181E-01  2.7010E-02
 -1.0785E+00  7.2127E-02  4.2395E+00  1.8115E-01  2.7309E-02
  9.0508E-02  8.3448E-02  4.3172E+00  1.7948E-01  2.8079E-02
 -1.5951E+00 -2.4105E-01  3.9700E+00  1.7847E-01  2.8557E-02
  8.3128E-01 -3.7467E-02  4.1922E+00  1.7813E-01  2.8718E-02
  1.6330E+00 -8.1162E-02  3.8031E+00  1.7409E-01  3.0764E-02
  1.8939E-01  1.0787E-01  4.1116E+00  1.7342E-01  3.1126E-02
 -1.5174E+00 -2.2977E-01  3.5683E+00  1.6627E-01  3.5315E-02
 -1.3365E+00 -2.5095E-01  3.5442E+00  1.6352E-01  3.7125E-02
 -2.0242E-02  6.3311E-02  3.7626E+00  1.6249E-01  3.7837E-02
  1.5300E+00 -4.6467E-02  3.4257E+00  1.6215E-01  3.8079E-02
  2.2455E-01  1.2614E-01  3.6664E+00  1.5973E-01  3.9837E-02
 -1.3580E+00 -1.4500E-01  3.4123E+00  1.5973E-01  3.9837E-02
  1.5782E+00  1.6777E-01  3.2545E+00  1.5799E-01  4.1163E-02
  1.1873E-01 -2.3656E-01  3.5348E+00  1.5555E-01  4.3129E-02
 -1.5852E+00  1.6569E-01  3.1418E+00  1.5486E-01  4.3715E-02
 -1.0883E+00  6.7263E-02  3.3044E+00  1.5346E-01  4.4921E-02
 -1.3227E+00  1.2436E-01  3.0289E+00  1.4783E-01  5.0252E-02
  1.8119E+00  1.2262E-01  2.7129E+00  1.4641E-01  5.1724E-02
  1.9423E+00  3.4470E-02  2.6105E+00  1.4606E-01  5.2102E-02
 -1.4037E-01 -2.0609E-01  3.2230E+00  1.4535E-01  5.2868E-02
 -1.6221E+00 -3.3848E-02  2.7097E+00  1.4286E-01  5.5682E-02
  6.6535E-01  1.7096E-01  3.0610E+00  1.4214E-01  5.6525E-02
  1.7978E+00 -8.5536E-02  2.5436E+00  1.4143E-01  5.7386E-02
 -1.5755E+00 -1.0766E-01  2.6494E+00  1.4035E-01  5.8712E-02
  1.4432E+00  1.4325E-01  2.7221E+00  1.4035E-01  5.8712E-02
 -7.4471E-01 -5.6002E-02  2.9600E+00  1.3928E-01  6.0082E-02
 -1.5391E+00 -1.6480E-01  2.6190E+00  1.3892E-01  6.0548E-02
 -1.3228E+00 -1.4504E-01  2.6774E+00  1.3712E-01  6.2960E-02
 -1.7528E+00  1.2329E-01  2.4190E+00  1.3712E-01  6.2960E-02
 -1.4601E+00  1.1503E-01  2.4985E+00  1.3388E-01  6.7653E-02
  7.1220E-01  2.8467E-03  2.8072E+00  1.3388E-01  6.7653E-02
 -6.8889E-01  1.0823E-01  2.7682E+00  1.3243E-01  6.9898E-02
 -9.2195E-01 -1.3482E-02  2.6799E+00  1.3170E-01  7.1060E-02
 -1.1283E+00 -2.1751E-01  2.5794E+00  1.3134E-01  7.1651E-02
  4.2700E-01 -1.7763E-01  2.7752E+00  1.3098E-01  7.2249E-02
  1.9369E-01  7.9015E-02  2.7851E+00  1.3025E-01  7.3466E-02
 -1.2704E+00 -2.1867E-01  2.4313E+00  1.2879E-01  7.5987E-02
  5.9104E-01  1.8632E-01  2.6707E+00  1.2843E-01  7.6636E-02
 -1.5165E+00 -1.0999E-01  2.2815E+00  1.2843E-01  7.6636E-02
 -1.6224E-01  1.9307E-01  2.7096E+00  1.2770E-01  7.7958E-02
 -8.7549E-01 -3.0843E-02  2.5334E+00  1.2623E-01  8.0699E-02
  1.3190E+00 -1.4273E-01  2.3293E+00  1.2623E-01  8.0699E-02
  1.5388E+00  1.2235E-02  2.1949E+00  1.2623E-01  8.0699E-02
  1.7597E-01 -1.5207E-01  2.6096E+00  1.2403E-01  8.5069E-02
  1.1510E+00 -4.6700E-02  2.3306E+00  1.2330E-01  8.6599E-02
 -1.1446E+00  6.3602E-02  2.3110E+00  1.2256E-01  8.8168E-02
 -1.5994E+00  1.8790E-01  2.0153E+00  1.2256E-01  8.8168E-02
 -1.4308E+00 -5.0489E-02  2.1218E+00  1.2183E-01  8.9776E-02
  1.4065E+00  1.6593E-02  2.1026E+00  1.2072E-01  9.2266E-02
  1.1747E+00  3.9523E-02  2.2063E+00  1.1961E-01  9.4853E-02
  1.3163E+00 -7.9136E-02  2.0770E+00  1.1814E-01  9.8461E-02
 -1.5987E+00  1.7986E-01  1.8352E+00  1.1739E-01  1.0034E-01
 -1.7805E+00 -1.2129E-02 -1.6256E+00  1.1628E-01  1.0324E-01
  1.4649E+00  1.7244E-03 -1.9150E+00  1.1628E-01  1.0324E-01
 -6.7819E-01 -7.4728E-03  2.3035E+00  1.1591E-01  1.0424E-01
  1.9059E+00  1.4701E-01  1.4208E+00  1.1517E-01  1.0627E-01
 -7.2605E-01  1.5484E-01  2.2323E+00  1.1405E-01  1.0942E-01
  1.5644E+00 -6.9456E-02 -1.7555E+00  1.1405E-01  1.0942E-01
 -1.1993E+00 -4.3932E-02  2.0121E+00  1.1368E-01  1.1050E-01
  1.5564E+00  1.2706E-01  1.7334E+00  1.1331E-01  1.1159E-01
 -2.1831E-01  2.0539E-01  2.2845E+00  1.1219E-01  1.1496E-01
 -1.8669E+00  1.1322E-01  1.3291E+00  1.1182E-01  1.1612E-01
 -1.9113E+00  1.3415E-02 -1.2343E+00  1.1107E-01  1.1847E-01
 -8.6700E-01  1.1013E-01  2.0903E+00  1.1070E-01  1.1968E-01
  1.7087E+00 -2.8282E-02 -1.4729E+00  1.1032E-01  1.2090E-01
  3.6492E-01  1.8116E-01  2.2092E+00  1.0995E-01  1.2214E-01
  1.4746E+00  1.9925E-01 -1.6575E+00  1.0920E-01  1.2466E-01
 -8.5641E-01 -1.8711E-01  2.0373E+00  1.0882E-01  1.2596E-01
 -1.7849E+00 -1.8649E-01 -1.3033E+00  1.0882E-01  1.2596E-01
  5.9590E-01  1.7877E-01  2.1289E+00  1.0882E-01  1.2596E-01
  5.6178E-01  5.2756E-02  2.1351E+00  1.0845E-01  1.2727E-01
  1.7912E+00 -1.0363E-01 -1.2549E+00  1.0770E-01  1.2994E-01
  1.5637E+00 -8.6914E-02 -1.4894E+00  1.0658E-01  1.3410E-01
 -1.7765E+00  9.1883E-02  1.2274E+00  1.0658E-01  1.3410E-01
 -1.5585E+00  1.8077E-01  1.4728E+00  1.0620E-01  1.3553E-01
 -3.9796E-01 -9.8274E-02  2.0744E+00  1.0470E-01  1.4145E-01
  1.5185E+00 -1.1288E-01  1.4402E+00  1.0394E-01  1.4454E-01
  1.6090E+00 -1.2926E-02  1.3286E+00  1.0357E-01  1.4613E-01
 -5.3304E-01  6.5461E-02  2.0164E+00  1.0357E-01  1.4613E-01
  1.7230E+00 -6.1687E-02  1.1424E+00  1.0281E-01  1.4936E-01
  2.2602E-01 -1.8902E-01  2.0471E+00  1.0281E-01  1.4936E-01
 -1.0510E+00 -1.5198E-01 -1.7211E+00  1.0093E-01  1.5789E-01
 -1.8724E+00  1.0810E-01 -7.5657E-01  1.0093E-01  1.5789E-01
 -1.5411E+00 -7.9259E-02  1.2930E+00  1.0055E-01  1.5967E-01
 -1.8727E+00  1.6380E-01  6.9501E-01  1.0017E-01  1.6148E-01
 -9.3380E-01 -8.7522E-02 -1.7712E+00  1.0017E-01  1.6148E-01
 -1.6207E+00  1.5375E-01 -1.1534E+00  9.9797E-02  1.6332E-01
  9.8770E-01 -4.1881E-02 -1.7226E+00  9.9419E-02  1.6519E-01
  1.8527E+00 -3.8166E-03  7.1558E-01  9.9419E-02  1.6519E-01
 -8.4540E-01 -7.1134E-02 -1.7858E+00  9.9041E-02  1.6709E-01
  6.0947E-01  1.2730E-01  1.8765E+00  9.9041E-02  1.6709E-01
 -8.8583E-01  1.4350E-02  1.7373E+00  9.7907E-02  1.7297E-01
 -1.3093E+00  6.7174E-02  1.4316E+00  9.7529E-02  1.7499E-01
  1.1800E+00 -1.8251E-01  1.5306E+00  9.7529E-02  1.7499E-01
 -1.8483E+00  1.6050E-01  5.4011E-01  9.7150E-02  1.7704E-01
 -1.8540E+00 -1.1482E-01 -4.9885E-01  9.6772E-02  1.7912E-01
 -1.3421E+00  8.6568E-02 -1.3750E+00  9.6772E-02  1.7912E-01
  7.7960E-01 -3.0467E-02 -1.7290E+00  9.5636E-02  1.8558E-01
 -1.8734E+00 -2.5414E-02 -2.9615E-01  9.5636E-02  1.8558E-01
  1.1914E+00  7.7643E-02 -1.4740E+00  9.5636E-02  1.8558E-01
  6.9337E-01 -1.9990E-02  1.7655E+00  9.5636E-02  1.8558E-01
 -1.8168E+00  4.4305E-02  5.1184E-01  9.5257E-02  1.8781E-01
 -1.5325E+00  7.9856E-02  1.0847E+00  9.4878E-02  1.9007E-01
 -1.2276E+00 -9.6432E-02 -1.4197E+00  9.4878E-02  1.9007E-01
  1.6911E+00  9.1393E-02 -7.9402E-01  9.4499E-02  1.9236E-01
  1.8255E+00  1.7791E-01 -3.6684E-01  9.4499E-02  1.9236E-01
  6.7500E-01 -1.6758E-01 -1.7364E+00  9.4499E-02  1.9236E-01
 -1.7168E+00 -1.3752E-01  7.0710E-01  9.4120E-02  1.9470E-01
  8.3292E-01 -1.2875E-01  1.6601E+00  9.4120E-02  1.9470E-01
 -1.8451E+00  1.2724E-02 -2.4818E-01  9.4120E-02  1.9470E-01
 -1.6969E+00  1.5796E-01 -7.2752E-01  9.3741E-02  1.9707E-01
 -1.7562E+00  1.4034E-01 -5.4578E-01  9.3361E-02  1.9948E-01
 -1.8431E+00 -6.1795E-02 -2.7253E-02  9.3361E-02  1.9948E-01
  1.7782E+00 -6.0531E-02  4.5178E-01  9.2982E-02  2.0193E-01
 -1.1768E+00  2.3418E-02  1.4087E+00  9.2982E-02  2.0193E-01
  1.9831E-01 -9.5187E-02 -1.8225E+00  9.2982E-02  2.0193E-01
 -8.7866E-01 -1.4174E-02 -1.6117E+00  9.2982E-02  2.0193E-01
 -1.8093E+00 -1.5630E-01  2.0070E-01  9.2603E-02  2.0443E-01
 -1.2751E+00  1.1264E-01  1.3037E+00  9.2603E-02  2.0443E-01
 -5.9222E-01 -1.5339E-01 -1.7125E+00  9.2223E-02  2.0696E-01
  5.0863E-01 -2.2048E-02 -1.7458E+00  9.2223E-02  2.0696E-01
  2.5093E-01 -3.0829E-02  1.8008E+00  9.2223E-02  2.0696E-01
  1.1993E+00  7.0109E-02  1.3651E+00  9.2223E-02  2.0696E-01
 -5.2230E-01  9.9338E-02 -1.7390E+00  9.2223E-02  2.0696E-01
 -1.0249E+00  1.8388E-01 -1.4804E+00  9.1844E-02  2.0954E-01
 -1.1150E+00  8.1678E-02 -1.4124E+00  9.1464E-02  2.1216E-01
 -1.7916E+00 -1.7124E-01  7.6197E-02  9.1464E-02  2.1216E-01
 -9.8715E-01 -1.4051E-01  1.4899E+00  9.1084E-02  2.1482E-01
  1.7661E+00  1.7302E-01 -2.5493E-01  9.1084E-02  2.1482E-01
 -9.2532E-01 -3.4458E-02 -1.5352E+00  9.1084E-02  2.1482E-01
  7.3530E-01 -1.2046E-01 -1.6213E+00  9.0704E-02  2.1753E-01
  7.0153E-01  3.1570E-02  1.6403E+00  9.0704E-02  2.1753E-01
 -1.7633E+00  4.9811E-02 -2.0461E-01  9.0325E-02  2.2029E-01
 -1.7038E+00  1.0778E-01  4.5699E-01  8.9945E-02  2.2309E-01
  1.0146E+00  3.2269E-02 -1.4364E+00  8.9565E-02  2.2594E-01
  1.1748E+00  6.9955E-02 -1.2959E+00  8.9185E-02  2.2884E-01
  1.6473E+00  3.6952E-02 -5.9100E-01  8.9185E-02  2.2884E-01
 -1.6343E+00  1.2442E-01  6.1470E-01  8.9185E-02  2.2884E-01
  3.8257E-02  1.3566E-02  1.7500E+00  8.9185E-02  2.2884E-01
 -1.7302E+00 -1.7143E-01  1.0877E-01  8.8805E-02  2.3179E-01
 -1.6974E+00 -2.3212E-02  3.9166E-01  8.8805E-02  2.3179E-01
  1.6858E+00  9.5614E-03 -4.0479E-01  8.8425E-02  2.3479E-01
  1.5843E+00  1.7974E-01  6.8085E-01  8.8425E-02  2.3479E-01
  6.2717E-02 -1.8266E-01  1.6979E+00  8.7284E-02  2.4412E-01
  1.6120E+00 -1.3191E-01 -5.5173E-01  8.7284E-02  2.4412E-01
 -1.7070E+00 -6.9190E-02  4.1853E-02  8.7284E-02  2.4412E-01
  1.0247E+00 -3.7790E-02  1.3567E+00  8.6904E-02  2.4734E-01
  1.6739E+00  9.1758E-02  1.6194E-01  8.6143E-02  2.5395E-01
 -9.3212E-01  1.4894E-01  1.3850E+00  8.5763E-02  2.5734E-01
  1.8088E-01 -2.1508E-02 -1.6662E+00  8.5763E-02  2.5734E-01
  1.0962E-02  3.5290E-02  1.6675E+00  8.5382E-02  2.6079E-01
  3.7531E-01  1.5672E-02 -1.6251E+00  8.5382E-02  2.6079E-01
  1.6590E+00 -2.6719E-02  1.7096E-01  8.5382E-02  2.6079E-01
  2.7451E-01 -1.2285E-01  1.6406E+00  8.5382E-02  2.6079E-01
  2.1294E-01 -1.3746E-01 -1.6486E+00  8.5382E-02  2.6079E-01
  6.5314E-01  7.1064E-02  1.5155E+00  8.4622E-02  2.6789E-01
 -7.4018E-01  6.7560E-02 -1.4751E+00  8.4622E-02  2.6789E-01
 -1.4918E+00 -4.8109E-02  7.0752E-01  8.4622E-02  2.6789E-01
 -1.0939E+00  1.5087E-01  1.2284E+00  8.4622E-02  2.6789E-01
 -1.2181E+00 -1.1520E-01 -1.1097E+00  8.4622E-02  2.6789E-01
 -1.5830E+00 -1.8367E-01  4.0305E-01  8.4241E-02  2.7154E-01
  1.5814E+00 -8.8376E-02 -4.3975E-01  8.4241E-02  2.7154E-01
  1.1898E+00  1.4803E-02  1.1341E+00  8.4241E-02  2.7154E-01
  9.9078E-01  9.2493E-02  1.2983E+00  8.3861E-02  2.7525E-01
 -1.3489E+00  3.3473E-02  9.2461E-01  8.3861E-02  2.7525E-01
  7.1133E-01 -3.2713E-02  1.4726E+00  8.3861E-02  2.7525E-01
  1.0540E+00 -1.3829E-01 -1.2432E+00  8.3861E-02  2.7525E-01
 -3.4350E-02 -1.0232E-01 -1.6242E+00  8.3480E-02  2.7903E-01
 -1.3753E+00 -9.9188E-02 -8.4997E-01  8.3100E-02  2.8288E-01
 -1.5072E+00  2.0442E-02 -5.9322E-01  8.3100E-02  2.8288E-01
  1.0499E+00  7.7310E-02 -1.2311E+00  8.3100E-02  2.8288E-01
 -9.7215E-01 -8.8479E-02  1.2926E+00  8.3100E-02  2.8288E-01
 -4.7436E-01  1.1212E-01  1.5448E+00  8.3100E-02  2.8288E-01
 -1.5952E+00 -1.3224E-01 -1.8991E-01  8.2719E-02  2.8681E-01
  1.4823E+00 -1.5711E-01 -6.1353E-01  8.2719E-02  2.8681E-01
  1.6094E+00 -7.7797E-02  4.5121E-02  8.2719E-02  2.8681E-01
  1.3636E+00 -9.4803E-02  8.3933E-01  8.2338E-02  2.9080E-01
  1.1121E+00  4.5946E-02 -1.1550E+00  8.2338E-02  2.9080E-01
  1.2688E-01  1.1154E-01 -1.5951E+00  8.2338E-02  2.9080E-01
  1.5243E+00  1.8525E-01 -4.0623E-01  8.1577E-02  2.9902E-01
  1.4721E+00  1.2174E-01 -5.6254E-01  8.1197E-02  3.0324E-01
  7.7507E-01 -1.7015E-01  1.3670E+00  8.1197E-02  3.0324E-01
  3.1687E-01  1.2423E-01  1.5277E+00  8.0435E-02  3.1193E-01
  1.1898E+00 -9.2666E-02  1.0126E+00  8.0435E-02  3.1193E-01
  2.9113E-01 -1.0154E-01  1.5344E+00  8.0435E-02  3.1193E-01
 -7.0263E-01 -2.2804E-02  1.3897E+00  8.0055E-02  3.1640E-01
  1.4800E+00 -1.1515E-01 -4.4515E-01  7.9674E-02  3.2096E-01
 -1.2636E+00 -8.9072E-02 -8.9285E-01  7.9674E-02  3.2096E-01
 -9.0487E-01  7.2022E-02  1.2561E+00  7.9674E-02  3.2096E-01
 -1.5569E-01  1.7781E-01 -1.5316E+00  7.9674E-02  3.2096E-01
  1.0061E+00  6.7114E-02 -1.1769E+00  7.9674E-02  3.2096E-01
  1.5470E+00  6.1072E-03 -9.2933E-02  7.9674E-02  3.2096E-01
 -7.3368E-01 -1.5637E-01  1.3474E+00  7.9293E-02  3.2561E-01
 -1.1089E+00  1.8609E-01  1.0554E+00  7.9293E-02  3.2561E-01
  3.9881E-01  2.3100E-02 -1.4817E+00  7.8913E-02  3.3034E-01
  1.3656E+00 -1.5930E-01 -6.8158E-01  7.8913E-02  3.3034E-01
  1.4513E+00 -3.5401E-02 -4.9742E-01  7.8913E-02  3.3034E-01
  1.1748E+00 -1.8162E-01 -9.5851E-01  7.8532E-02  3.3517E-01
 -1.4125E+00 -1.6590E-01 -5.5602E-01  7.8532E-02  3.3517E-01
  1.1302E+00  1.6453E-01 -1.0136E+00  7.8532E-02  3.3517E-01
  1.3757E+00 -5.6393E-02  6.6028E-01  7.8532E-02  3.3517E-01
 -8.5765E-01 -1.5478E-01  1.2448E+00  7.8152E-02  3.4009E-01
 -1.7249E-01  1.8816E-02 -1.5096E+00  7.8152E-02  3.4009E-01
  1.9296E-01 -1.8366E-01 -1.4884E+00  7.7771E-02  3.4511E-01
 -1.0723E+00  1.3608E-01  1.0573E+00  7.7771E-02  3.4511E-01
  1.3021E+00  8.2628E-02 -7.6426E-01  7.7771E-02  3.4511E-01
 -1.5039E+00  4.6660E-02 -7.4959E-03  7.7390E-02  3.5022E-01
  1.4820E+00 -2.4900E-02 -2.5871E-01  7.7390E-02  3.5022E-01
  1.4641E+00 -1.2335E-01 -2.8756E-01  7.7010E-02  3.5544E-01
  1.3087E+00  3.9691E-02 -7.2619E-01  7.7010E-02  3.5544E-01
 -1.3696E+00  1.2452E-01 -5.9194E-01  7.7010E-02  3.5544E-01
  2.1661E-01 -7.5407E-02  1.4721E+00  7.6629E-02  3.6076E-01
  1.6041E-01 -2.4213E-02  1.4810E+00  7.6629E-02  3.6076E-01
  5.5854E-02 -5.1470E-02  1.4805E+00  7.6248E-02  3.6619E-01
 -1.4394E+00 -7.0551E-02  3.4775E-01  7.6248E-02  3.6619E-01
 -7.8705E-01  1.8245E-01  1.2430E+00  7.6248E-02  3.6619E-01
 -1.1644E+00 -9.8703E-02  9.1227E-01  7.6248E-02  3.6619E-01
 -8.1581E-01  7.8223E-02  1.2266E+00  7.5868E-02  3.7173E-01
  4.0203E-01 -1.4580E-01 -1.4043E+00  7.5487E-02  3.7739E-01
  1.4321E+00 -1.3194E-01  1.5459E-01  7.4345E-02  3.9504E-01
 -1.4058E+00 -9.3511E-02 -3.2734E-01  7.4345E-02  3.9504E-01
 -3.2151E-01 -7.0613E-02 -1.4085E+00  7.4345E-02  3.9504E-01
  1.4277E+00  1.1527E-01  2.0114E-01  7.4345E-02  3.9504E-01
 -1.3908E+00 -1.6300E-01 -3.6228E-01  7.4345E-02  3.9504E-01
 -5.4924E-01 -5.1781E-02  1.3217E+00  7.3584E-02  4.0743E-01
  1.3485E+00 -2.7222E-02  4.8191E-01  7.3584E-02  4.0743E-01
  1.0486E+00 -6.7519E-02 -9.7329E-01  7.3584E-02  4.0743E-01
  6.8136E-01  1.1791E-01 -1.2543E+00  7.3584E-02  4.0743E-01
 -2.8997E-02  2.3599E-02  1.4247E+00  7.3203E-02  4.1382E-01
 -9.9008E-01  1.6994E-01  1.0110E+00  7.3203E-02  4.1382E-01
 -1.1360E+00  7.3270E-02  8.4585E-01  7.2822E-02  4.2035E-01
  1.1909E+00 -1.3039E-01 -7.4596E-01  7.2442E-02  4.2701E-01
  5.4789E-01 -1.2882E-01 -1.2942E+00  7.2442E-02  4.2701E-01
 -9.1051E-01  4.9132E-02  1.0681E+00  7.2061E-02  4.3381E-01
 -1.2371E+00 -1.8468E-01  6.2335E-01  7.1680E-02  4.4076E-01
  1.3777E+00  1.5904E-01 -1.7265E-01  7.1680E-02  4.4076E-01
  1.3583E+00 -8.7747E-02 -3.1705E-01  7.1680E-02  4.4076E-01
  2.3032E-01  1.1154E-01  1.3739E+00  7.1680E-02  4.4076E-01
  4.0021E-01 -1.0640E-01 -1.3348E+00  7.1680E-02  4.4076E-01
 -1.3578E+00  1.1696E-01  3.0958E-01  7.1680E-02  4.4076E-01
  1.3757E+00  1.6905E-01  1.1394E-01  7.1300E-02  4.4786E-01
 -1.1659E+00 -1.7799E-01  7.2410E-01  7.0919E-02  4.5511E-01
 -7.0572E-01 -1.2033E-01  1.1844E+00  7.0919E-02  4.5511E-01
  1.2968E+00  1.4977E-01  4.3894E-01  7.0538E-02  4.6253E-01
  1.2616E+00  5.8704E-02  5.3225E-01  7.0157E-02  4.7010E-01
  1.2663E+00 -7.8529E-02  5.1843E-01  7.0157E-02  4.7010E-01
 -1.2813E+00 -9.1421E-03 -4.8631E-01  7.0157E-02  4.7010E-01
  4.5520E-01  1.1205E-01 -1.2879E+00  7.0157E-02  4.7010E-01
 -5.3472E-01  1.4605E-01 -1.2462E+00  6.9776E-02  4.7784E-01
 -1.3619E+00  3.9083E-02 -6.1905E-02  6.9776E-02  4.7784E-01
 -1.2966E+00  2.0837E-02  4.2252E-01  6.9776E-02  4.7784E-01
 -1.7779E-01 -7.0425E-02  1.3504E+00  6.9776E-02  4.7784E-01
 -6.0963E-01  1.0548E-01  1.2155E+00  6.9776E-02  4.7784E-01
  1.1855E+00  3.1596E-03  6.6091E-01  6.9395E-02  4.8575E-01
  8.6997E-01 -1.4389E-01  1.0319E+00  6.9395E-02  4.8575E-01
 -1.3511E+00  4.8356E-02 -1.2016E-01  6.9395E-02  4.8575E-01
 -7.2150E-01  1.0171E-01 -1.1374E+00  6.9014E-02  4.9384E-01
 -9.1909E-01  9.8750E-02  9.8491E-01  6.9014E-02  4.9384E-01
 -4.8862E-01  1.4522E-01 -1.2438E+00  6.8633E-02  5.0211E-01
 -3.6319E-01  1.6607E-01 -1.2768E+00  6.8252E-02  5.1057E-01
 -2.3620E-02  4.5757E-02  1.3368E+00  6.8252E-02  5.1057E-01
 -7.5685E-01  1.6714E-01  1.0904E+00  6.8252E-02  5.1057E-01
  5.3084E-01  4.7579E-02  1.2131E+00  6.7489E-02  5.2808E-01
  1.2981E+00 -1.2589E-01  2.3362E-01  6.7489E-02  5.2808E-01
 -1.2691E+00 -3.6034E-02 -3.7892E-01  6.7489E-02  5.2808E-01
  4.8982E-01 -1.1655E-01  1.2188E+00  6.7108E-02  5.3713E-01
  1.0658E+00  1.1837E-01 -7.6749E-01  6.7108E-02  5.3713E-01
  1.3000E+00 -7.1600E-03  2.2091E-01  6.7108E-02  5.3713E-01
  1.1818E+00  1.7498E-01 -5.5828E-01  6.7108E-02  5.3713E-01
  6.1144E-01 -5.8869E-02 -1.1669E+00  6.7108E-02  5.3713E-01
 -1.9641E-02 -7.6989E-02  1.3100E+00  6.6726E-02  5.4640E-01
 -1.2883E+00  1.2140E-01 -2.1907E-01  6.6726E-02  5.4640E-01
 -7.2248E-01  8.4761E-02 -1.0923E+00  6.6726E-02  5.4640E-01
 -9.1938E-01  5.6131E-02  9.3485E-01  6.6726E-02  5.4640E-01
  1.3045E+00  5.2766E-02  3.8303E-02  6.6345E-02  5.5588E-01
 -1.2823E+00 -3.9134E-02  2.4521E-01  6.6345E-02  5.5588E-01
  3.2978E-01  1.7303E-01 -1.2519E+00  6.6345E-02  5.5588E-01
 -1.3028E+00 -2.3689E-02 -9.0385E-02  6.6345E-02  5.5588E-01
  9.1697E-01 -7.6138E-02 -9.2704E-01  6.6345E-02  5.5588E-01
  5.4087E-01  6.3766E-02  1.1804E+00  6.5963E-02  5.6559E-01
 -1.0306E+00 -1.2699E-01  7.8207E-01  6.5963E-02  5.6559E-01
  6.4214E-01  9.6660E-02  1.1262E+00  6.5963E-02  5.6559E-01
  2.4750E-01 -3.7377E-02  1.2694E+00  6.5581E-02  5.7553E-01
  9.1372E-01  1.2764E-03  9.1604E-01  6.5581E-02  5.7553E-01
 -1.0478E+00 -2.9429E-02  7.5842E-01  6.5581E-02  5.7553E-01
  5.9648E-01 -1.0158E-01  1.1368E+00  6.5199E-02  5.8571E-01
 -8.4706E-01  2.3134E-02  9.6968E-01  6.5199E-02  5.8571E-01
  1.0603E+00 -1.5511E-01  7.1409E-01  6.5199E-02  5.8571E-01
  5.5037E-01 -1.0817E-01  1.1592E+00  6.5199E-02  5.8571E-01
  1.1883E+00 -1.0548E-01  4.8492E-01  6.5199E-02  5.8571E-01
 -7.5181E-01 -9.8452E-02 -1.0334E+00  6.4817E-02  5.9614E-01
 -7.7575E-01 -8.3200E-02  1.0169E+00  6.4817E-02  5.9614E-01
 -1.2679E+00  6.9966E-03  1.8757E-01  6.4817E-02  5.9614E-01
  1.1300E+00  1.3819E-01 -5.8893E-01  6.4817E-02  5.9614E-01
  1.1663E+00 -4.1427E-02  5.3003E-01  6.4817E-02  5.9614E-01
  1.1960E+00  1.2074E-01 -4.2711E-01  6.4434E-02  6.0681E-01
  6.9811E-01  1.2261E-02 -1.0677E+00  6.4434E-02  6.0681E-01
 -1.1072E+00 -1.4015E-01  6.1805E-01  6.4434E-02  6.0681E-01
  3.3048E-01 -6.7970E-03 -1.2322E+00  6.4434E-02  6.0681E-01
 -4.1317E-01  9.8882E-02 -1.1966E+00  6.4051E-02  6.1776E-01
 -8.3791E-01 -2.2875E-02 -9.5383E-01  6.4051E-02  6.1776E-01
  6.1791E-01  1.9864E-02  1.1091E+00  6.4051E-02  6.1776E-01
  1.1441E+00  7.4161E-02 -5.3206E-01  6.3669E-02  6.2897E-01
  4.4426E-01 -4.2862E-02 -1.1825E+00  6.3669E-02  6.2897E-01
  1.1009E+00 -1.0840E-01 -6.1144E-01  6.3669E-02  6.2897E-01
  3.0086E-01  1.6873E-01  1.2099E+00  6.3285E-02  6.4046E-01
  4.3627E-01  7.2928E-02  1.1778E+00  6.3285E-02  6.4046E-01
 -1.0740E+00  1.1421E-01  6.4518E-01  6.3285E-02  6.4046E-01
  2.4653E-02  1.3270E-01 -1.2508E+00  6.3285E-02  6.4046E-01
 -4.4423E-01 -4.1948E-02  1.1701E+00  6.2902E-02  6.5224E-01
  1.1643E+00  3.1807E-02  4.5999E-01  6.2902E-02  6.5224E-01
 -1.2351E+00  1.6375E-01  4.0769E-02  6.2518E-02  6.6433E-01
  1.2254E+00 -1.8021E-01 -7.5436E-02  6.2134E-02  6.7672E-01
  3.7951E-01  1.4885E-01 -1.1720E+00  6.2134E-02  6.7672E-01
 -1.2001E+00 -1.0531E-01 -2.9767E-01  6.2134E-02  6.7672E-01
  6.8970E-01 -1.0186E-01 -1.0197E+00  6.1750E-02  6.8943E-01
  6.1893E-01  1.4436E-01  1.0593E+00  6.1750E-02  6.8943E-01
 -7.7528E-01  1.6169E-01  9.4802E-01  6.1750E-02  6.8943E-01
 -8.8793E-01  1.4140E-01  8.4707E-01  6.1750E-02  6.8943E-01
 -7.7075E-01  9.1960E-03 -9.6530E-01  6.1750E-02  6.8943E-01
  1.2004E+00 -1.8505E-01 -1.9264E-01  6.1365E-02  7.0248E-01
 -1.1485E+00 -4.2331E-02 -4.3745E-01  6.1365E-02  7.0248E-01
  9.7495E-01  1.1215E-01  7.2268E-01  6.0595E-02  7.2962E-01
  1.0708E+00 -1.7376E-01 -5.5550E-01  6.0595E-02  7.2962E-01
  8.0001E-01 -1.4877E-01 -9.0731E-01  6.0595E-02  7.2962E-01
  1.1925E+00  1.4727E-01  2.0379E-01  6.0595E-02  7.2962E-01
 -1.1057E+00 -1.1940E-02 -5.1259E-01  6.0595E-02  7.2962E-01
 -8.9970E-01  8.6516E-04  8.2213E-01  6.0595E-02  7.2962E-01
  4.3816E-01  1.0907E-01  1.1262E+00  6.0209E-02  7.4374E-01
  8.4195E-01  5.1034E-02  8.7220E-01  6.0209E-02  7.4374E-01
 -6.5240E-01  5.0263E-02  1.0218E+00  6.0209E-02  7.4374E-01
 -1.1990E+00 -7.8852E-02  1.2477E-01  5.9822E-02  7.5825E-01
  1.1104E+00  2.1376E-02  4.6169E-01  5.9436E-02  7.7315E-01
 -1.1718E+00  1.1344E-01 -2.4622E-01  5.9436E-02  7.7315E-01
 -7.8842E-01  8.2487E-02 -9.0449E-01  5.9436E-02  7.7315E-01
 -1.0006E+00 -2.8145E-02 -6.6671E-01  5.9436E-02  7.7315E-01
  1.1147E+00  1.4306E-01  4.2849E-01  5.9436E-02  7.7315E-01
  4.8242E-02 -1.1364E-01 -1.1964E+00  5.9436E-02  7.7315E-01
  1.1191E+00 -1.5102E-01 -4.1385E-01  5.9436E-02  7.7315E-01
 -8.3427E-01 -1.7434E-01 -8.4860E-01  5.9436E-02  7.7315E-01
 -7.5705E-01  7.2050E-02  9.2501E-01  5.9048E-02  7.8847E-01
 -9.2027E-01 -4.9126E-02 -7.6462E-01  5.9048E-02  7.8847E-01
  3.1102E-01  2.4791E-04  1.1510E+00  5.8660E-02  8.0422E-01
 -3.1688E-01  1.3852E-01 -1.1410E+00  5.8660E-02  8.0422E-01
 -1.0589E+00  1.1348E-01  5.3608E-01  5.8660E-02  8.0422E-01
  1.9564E-01 -7.8317E-02  1.1683E+00  5.8271E-02  8.2042E-01
 -1.1211E+00 -1.8097E-01  3.4596E-01  5.8271E-02  8.2042E-01
 -6.9828E-01 -1.0890E-01 -9.5392E-01  5.8271E-02  8.2042E-01
 -1.0549E+00  1.1784E-01 -5.3175E-01  5.8271E-02  8.2042E-01
  1.0041E-01  1.3295E-01  1.1703E+00  5.7882E-02  8.3709E-01
  1.0009E+00  1.5634E-01 -6.0917E-01  5.7882E-02  8.3709E-01
  3.1192E-01 -1.4796E-01 -1.1254E+00  5.7492E-02  8.5424E-01
 -1.0834E+00 -1.4821E-01 -4.3589E-01  5.7492E-02  8.5424E-01
  5.6646E-01 -3.3460E-03 -1.0319E+00  5.7492E-02  8.5424E-01
 -1.0350E+00  1.1247E-01 -5.4932E-01  5.7492E-02  8.5424E-01
 -7.8645E-01 -5.0952E-02 -8.7437E-01  5.7492E-02  8.5424E-01
 -1.1871E-01  2.0439E-02 -1.1660E+00  5.7101E-02  8.7190E-01
  1.9361E-02 -2.4683E-02 -1.1718E+00  5.7101E-02  8.7190E-01
 -1.0001E+00  6.8079E-02 -6.0763E-01  5.7101E-02  8.7190E-01
  1.1577E+00  1.3890E-01 -5.4328E-02  5.6710E-02  8.9009E-01
 -2.5325E-01  3.5856E-02  1.1389E+00  5.6710E-02  8.9009E-01
  7.8783E-01  1.0788E-01 -8.5456E-01  5.6710E-02  8.9009E-01
  9.3746E-01  9.3805E-02  6.8917E-01  5.6710E-02  8.9009E-01
 -1.1571E+00  3.1920E-02  1.0743E-01  5.6317E-02  9.0882E-01
  9.2689E-01 -1.1713E-01 -6.9174E-01  5.6317E-02  9.0882E-01
 -2.2721E-01 -1.5027E-01  1.1301E+00  5.6317E-02  9.0882E-01
 -1.0809E+00  1.7422E-01  3.7631E-01  5.5924E-02  9.2814E-01
 -2.1897E-02 -1.2685E-01  1.1505E+00  5.5924E-02  9.2814E-01
 -1.1271E+00  8.6041E-02 -2.5015E-01  5.5924E-02  9.2814E-01
  1.0187E+00  1.7188E-01 -5.2254E-01  5.5924E-02  9.2814E-01
  1.1358E+00 -1.4419E-01  1.7190E-01  5.5924E-02  9.2814E-01
  1.6085E-02  1.2594E-01 -1.1460E+00  5.5530E-02  9.4805E-01
  8.9781E-01 -5.5701E-02  7.2130E-01  5.5530E-02  9.4805E-01
 -1.0580E+00  1.1637E-01  4.3121E-01  5.5134E-02  9.6859E-01
 -8.5539E-01  1.1018E-01 -7.5825E-01  5.5134E-02  9.6859E-01
  7.0622E-01  5.6321E-02 -9.0380E-01  5.5134E-02  9.6859E-01
 -5.7011E-01 -1.4522E-01 -9.8623E-01  5.5134E-02  9.6859E-01
 -1.1139E+00 -1.1105E-01  2.5619E-01  5.5134E-02  9.6859E-01
 -9.4487E-01 -8.3958E-02 -6.4726E-01  5.5134E-02  9.6859E-01
  9.8779E-01 -1.6363E-01  5.6237E-01  5.5134E-02  9.6859E-01
  1.0840E+00  6.0395E-02 -3.6003E-01  5.4738E-02  9.8980E-01
 -4.4428E-01  1.6628E-01  1.0408E+00  5.4738E-02  9.8980E-01
  5.5777E-03  1.2842E-01  1.1366E+00  5.4738E-02  9.8980E-01
 -5.0421E-01  5.2055E-02 -1.0253E+00  5.4738E-02  9.8980E-01
 -1.4739E-01 -1.8032E-01  1.1198E+00  5.4738E-02  9.8980E-01
  4.0638E-01 -3.6782E-02  1.0637E+00  5.4340E-02  1.0117E+00
  1.1260E+00 -1.4401E-01  9.6320E-02  5.4340E-02  1.0117E+00
  1.1037E+00 -4.3323E-02  2.7916E-01  5.4340E-02  1.0117E+00
 -4.3709E-01  1.2747E-01 -1.0395E+00  5.3941E-02  1.0343E+00
  9.8847E-01  9.6640E-02 -5.4904E-01  5.3941E-02  1.0343E+00
 -1.6553E-01 -1.6863E-01 -1.1100E+00  5.3941E-02  1.0343E+00
  1.0373E+00  8.5994E-02  4.5216E-01  5.3941E-02  1.0343E+00
 -1.1267E+00  7.7789E-02 -1.1143E-01  5.3941E-02  1.0343E+00
 -1.1283E+00 -1.7709E-02 -1.2068E-01  5.3941E-02  1.0343E+00
  7.2976E-01  1.2196E-01  8.5469E-01  5.3541E-02  1.0577E+00
 -1.0660E+00 -1.2211E-01 -3.5575E-01  5.3541E-02  1.0577E+00
  1.1229E+00  7.0966E-02 -4.6568E-02  5.3139E-02  1.0818E+00
 -5.9692E-02  4.5866E-02  1.1236E+00  5.3139E-02  1.0818E+00
 -6.6688E-01  1.0108E-01 -9.0179E-01  5.3139E-02  1.0818E+00
 -9.2786E-01 -1.6897E-01 -6.1538E-01  5.3139E-02  1.0818E+00
 -8.6894E-01 -1.8036E-01 -6.9324E-01  5.3139E-02  1.0818E+00
  9.6667E-01 -1.2592E-01 -5.6378E-01  5.3139E-02  1.0818E+00
  2.1831E-01  1.7144E-03 -1.1004E+00  5.2736E-02  1.1068E+00
  1.1075E+00  1.7801E-01 -1.5837E-02  5.2736E-02  1.1068E+00
 -1.6529E-01 -9.9480E-02 -1.1052E+00  5.2736E-02  1.1068E+00
 -7.0390E-01 -4.3408E-02 -8.7249E-01  5.2736E-02  1.1068E+00
 -1.8770E-01  1.2299E-01 -1.0992E+00  5.2736E-02  1.1068E+00
  1.0973E+00  4.0561E-02  2.3004E-01  5.2736E-02  1.1068E+00
 -7.0351E-02 -5.1071E-02  1.1185E+00  5.2736E-02  1.1068E+00
  9.8885E-01 -3.3179E-02  5.1989E-01  5.2331E-02  1.1327E+00
  9.3921E-01 -9.7500E-02  5.9799E-01  5.2331E-02  1.1327E+00
 -1.0317E+00  1.8498E-01  3.8794E-01  5.2331E-02  1.1327E+00
 -8.6543E-01 -1.0956E-01  6.9874E-01  5.2331E-02  1.1327E+00
 -3.8763E-01 -3.3670E-02  1.0478E+00  5.2331E-02  1.1327E+00
 -9.0877E-01 -8.2889E-02 -6.3817E-01  5.1925E-02  1.1595E+00
  1.0670E+00  1.7555E-01  2.6584E-01  5.1925E-02  1.1595E+00
  5.7482E-01 -1.0849E-01 -9.4275E-01  5.1516E-02  1.1873E+00
  6.7682E-01  8.3000E-02 -8.7521E-01  5.1516E-02  1.1873E+00
 -1.0797E+00 -1.2603E-01 -2.2193E-01  5.1516E-02  1.1873E+00
 -6.1286E-02 -4.5229E-02  1.1069E+00  5.1516E-02  1.1873E+00
 -1.0762E+00 -3.1525E-02 -2.5065E-01  5.1106E-02  1.2161E+00
  5.5568E-01  2.7463E-02  9.5530E-01  5.1106E-02  1.2161E+00
 -7.6283E-01 -1.6815E-02 -7.9996E-01  5.1106E-02  1.2161E+00
  3.3137E-01  1.8226E-01  1.0346E+00  5.0694E-02  1.2461E+00
 -6.2896E-01  3.1741E-02  9.0380E-01  5.0694E-02  1.2461E+00
 -2.2510E-01 -7.6737E-02 -1.0756E+00  5.0694E-02  1.2461E+00
 -1.0791E+00 -1.4685E-01 -1.3765E-01  5.0279E-02  1.2771E+00
  4.7601E-01  2.0191E-02 -9.8893E-01  5.0279E-02  1.2771E+00
  7.1501E-01  4.3602E-02  8.3177E-01  5.0279E-02  1.2771E+00
  2.6447E-02 -2.5380E-02 -1.0896E+00  4.9444E-02  1.3430E+00
  5.0761E-01  1.3612E-01  9.5517E-01  4.9444E-02  1.3430E+00
 -5.5845E-01  4.2135E-02 -9.3536E-01  4.9444E-02  1.3430E+00
  3.5942E-01 -3.3217E-02 -1.0287E+00  4.9444E-02  1.3430E+00
 -4.2844E-01  9.2386E-03 -1.0024E+00  4.9444E-02  1.3430E+00
 -1.0816E+00 -2.0558E-02 -1.3499E-01  4.9444E-02  1.3430E+00
 -9.1071E-01  3.1746E-02 -5.9177E-01  4.9022E-02  1.3780E+00
  1.0115E+00  2.3060E-02  3.9610E-01  4.9022E-02  1.3780E+00
 -8.4799E-01 -8.5968E-02 -6.6810E-01  4.8597E-02  1.4144E+00
 -3.8977E-01  7.1181E-02  1.0079E+00  4.8597E-02  1.4144E+00
 -2.4920E-01 -1.3013E-01 -1.0458E+00  4.8597E-02  1.4144E+00
 -1.0582E+00  9.4036E-02 -1.9137E-01  4.8170E-02  1.4524E+00
 -6.4919E-01  3.1377E-02  8.6186E-01  4.8170E-02  1.4524E+00
 -9.8373E-01  1.6890E-01 -4.1107E-01  4.8170E-02  1.4524E+00
 -2.7037E-01  1.3875E-01  1.0358E+00  4.8170E-02  1.4524E+00
  8.2346E-01  2.7202E-02  6.9742E-01  4.8170E-02  1.4524E+00
 -3.4505E-01 -2.4288E-02 -1.0225E+00  4.8170E-02  1.4524E+00
 -6.4813E-01 -2.4764E-02  8.5855E-01  4.7739E-02  1.4920E+00
 -1.0067E+00 -1.4235E-01 -3.5216E-01  4.7739E-02  1.4920E+00
 -1.0658E+00  7.4940E-02 -1.2721E-01  4.7739E-02  1.4920E+00
 -4.6205E-02  1.6470E-01 -1.0589E+00  4.7306E-02  1.5334E+00
  6.0007E-01 -9.8722E-02 -8.8359E-01  4.7306E-02  1.5334E+00
 -9.6901E-01  9.3246E-02  4.5043E-01  4.7306E-02  1.5334E+00
 -9.2074E-01  9.5379E-02  5.4194E-01  4.7306E-02  1.5334E+00
  8.8974E-01 -1.1725E-01  5.8752E-01  4.7306E-02  1.5334E+00
  6.5759E-01 -2.3926E-02  8.4291E-01  4.6868E-02  1.5768E+00
  1.0301E+00 -6.5356E-02 -2.7960E-01  4.6868E-02  1.5768E+00
 -2.9932E-01 -7.5999E-02 -1.0238E+00  4.6868E-02  1.5768E+00
 -9.3358E-01  1.3270E-01  5.0430E-01  4.6868E-02  1.5768E+00
 -3.4410E-02  5.9957E-02  1.0671E+00  4.6868E-02  1.5768E+00
  7.3055E-01 -6.5572E-02 -7.7813E-01  4.6868E-02  1.5768E+00
  5.6010E-01  1.7093E-01  8.9474E-01  4.6868E-02  1.5768E+00
  2.0321E-01  1.6675E-01 -1.0332E+00  4.6427E-02  1.6222E+00
 -3.2804E-02 -1.5986E-01 -1.0536E+00  4.6427E-02  1.6222E+00
 -1.0041E+00 -9.4430E-02 -3.4555E-01  4.6427E-02  1.6222E+00
  1.0212E+00  2.1071E-02  3.0540E-01  4.6427E-02  1.6222E+00
 -2.7072E-01 -1.4091E-01  1.0182E+00  4.5982E-02  1.6697E+00
 -9.2723E-01  1.8004E-01 -4.8755E-01  4.5982E-02  1.6697E+00
 -8.4862E-01  1.0242E-01 -6.3186E-01  4.5982E-02  1.6697E+00
 -2.6109E-01  5.8455E-02 -1.0287E+00  4.5982E-02  1.6697E+00
 -5.9485E-01  1.5787E-01  8.6288E-01  4.5533E-02  1.7196E+00
  2.3203E-01  7.6983E-02 -1.0313E+00  4.5533E-02  1.7196E+00
 -5.2143E-01  8.5742E-02  9.1527E-01  4.5079E-02  1.7721E+00
 -6.8132E-01  1.4329E-01  7.9514E-01  4.5079E-02  1.7721E+00
 -7.1781E-01  1.0315E-01  7.6882E-01  4.5079E-02  1.7721E+00
 -7.6484E-01 -4.9995E-02  7.2766E-01  4.5079E-02  1.7721E+00
  9.9387E-01 -1.4095E-01 -3.3065E-01  4.5079E-02  1.7721E+00
 -8.1856E-01 -1.4173E-01 -6.4856E-01  4.4620E-02  1.8273E+00
 -1.0345E+00  1.7323E-01  1.0277E-01  4.4620E-02  1.8273E+00
 -1.0301E+00  9.3437E-02  2.0246E-01  4.4620E-02  1.8273E+00
  1.0096E-01 -6.4774E-02  1.0471E+00  4.4620E-02  1.8273E+00
  7.4081E-01  8.5403E-02  7.4477E-01  4.4620E-02  1.8273E+00
  3.7207E-01  1.7997E-01 -9.6639E-01  4.4156E-02  1.8855E+00
  1.0427E+00  1.2253E-01 -5.1023E-02  4.4156E-02  1.8855E+00
 -5.7390E-01  3.0857E-02 -8.7669E-01  4.3687E-02  1.9469E+00
  2.6476E-01  1.2265E-01  1.0068E+00  4.3687E-02  1.9469E+00
 -4.3845E-01  5.7432E-02 -9.5045E-01  4.3687E-02  1.9469E+00
 -1.0228E+00  1.8550E-01  1.1230E-01  4.3212E-02  2.0119E+00
  5.6365E-01  1.7003E-01 -8.6406E-01  4.3212E-02  2.0119E+00
 -7.6918E-01 -1.9849E-02 -7.0794E-01  4.3212E-02  2.0119E+00
  4.8065E-01  1.4571E-01  9.1403E-01  4.2730E-02  2.0806E+00
 -8.9474E-01 -1.8583E-01 -5.0259E-01  4.2730E-02  2.0806E+00
  1.0260E+00 -4.2879E-03  1.8688E-01  4.2730E-02  2.0806E+00
  1.4158E-01 -9.1153E-02 -1.0292E+00  4.2730E-02  2.0806E+00
 -8.9841E-01 -4.6247E-02 -5.2766E-01  4.2730E-02  2.0806E+00
  8.3725E-01 -5.5697E-02 -6.1504E-01  4.2242E-02  2.1536E+00
 -9.8142E-01 -4.2823E-02 -3.3493E-01  4.1747E-02  2.2312E+00
  6.0246E-01  1.6465E-01  8.2893E-01  4.1747E-02  2.2312E+00
  9.7663E-01  6.2161E-02 -3.4571E-01  4.1747E-02  2.2312E+00
  5.3071E-01  1.6788E-02  8.9177E-01  4.1747E-02  2.2312E+00
  1.1019E-01  7.5716E-02  1.0292E+00  4.1747E-02  2.2312E+00
 -9.6803E-01 -2.3674E-02 -3.7357E-01  4.1747E-02  2.2312E+00
 -9.3839E-01 -6.5596E-02 -4.3280E-01  4.1244E-02  2.3138E+00
 -8.9174E-01  8.2404E-03  5.2624E-01  4.1244E-02  2.3138E+00
 -5.7041E-01  1.5365E-01  8.5042E-01  4.1244E-02  2.3138E+00
 -1.0109E+00 -1.8598E-01 -1.0426E-01  4.0733E-02  2.4020E+00
  1.0196E+00 -1.6044E-01 -4.4160E-02  4.0733E-02  2.4020E+00
 -9.5914E-01 -1.0237E-01  3.7006E-01  4.0733E-02  2.4020E+00
  1.0187E+00  6.8151E-02 -1.5783E-01  4.0733E-02  2.4020E+00
 -6.3371E-01  2.1505E-02  8.1281E-01  4.0213E-02  2.4964E+00
  3.7975E-01 -8.3204E-02 -9.5476E-01  4.0213E-02  2.4964E+00
 -1.9298E-02 -3.9118E-02  1.0300E+00  4.0213E-02  2.4964E+00
 -1.1244E-01  6.9466E-02 -1.0202E+00  3.9683E-02  2.5977E+00
  8.9397E-01  1.5967E-02  5.0871E-01  3.9683E-02  2.5977E+00
 -7.7437E-01 -1.6415E-01 -6.5698E-01  3.9683E-02  2.5977E+00
  7.3602E-01 -1.8476E-01 -6.9452E-01  3.9683E-02  2.5977E+00
  9.9953E-01  7.7369E-02 -2.3060E-01  3.9683E-02  2.5977E+00
  4.6655E-01 -2.1945E-02 -9.1419E-01  3.9143E-02  2.7067E+00
  7.4223E-01 -1.8583E-01  6.8445E-01  3.9143E-02  2.7067E+00
  7.5613E-01  4.3887E-02  6.9299E-01  3.9143E-02  2.7067E+00
 -8.8214E-01 -1.0128E-01 -5.1524E-01  3.9143E-02  2.7067E+00
 -9.4424E-03 -1.4055E-01 -1.0169E+00  3.9143E-02  2.7067E+00
  6.8714E-01  8.3417E-02 -7.5540E-01  3.8592E-02  2.8243E+00
 -6.4857E-01  6.5071E-02  7.9048E-01  3.8592E-02  2.8243E+00
 -8.0122E-01  9.5104E-02 -6.3147E-01  3.8592E-02  2.8243E+00
 -8.7764E-01 -1.0225E-01  5.1484E-01  3.8029E-02  2.9517E+00
 -9.5587E-01 -1.1867E-01  3.4350E-01  3.8029E-02  2.9517E+00
 -5.2812E-01  4.5230E-02  8.7235E-01  3.7452E-02  3.0900E+00
 -1.0160E+00 -4.1269E-02  8.9712E-02  3.7452E-02  3.0900E+00
  1.6828E-01  1.2751E-01 -9.9869E-01  3.7452E-02  3.0900E+00
  7.1107E-01  1.4769E-01 -7.1730E-01  3.7452E-02  3.0900E+00
 -5.8837E-01  1.7506E-02  8.3176E-01  3.6862E-02  3.2409E+00
 -9.4886E-01 -1.3796E-01  3.4486E-01  3.6862E-02  3.2409E+00
 -7.4887E-01  4.0577E-02 -6.8981E-01  3.6862E-02  3.2409E+00
 -7.3042E-01 -1.4670E-01 -6.9517E-01  3.6862E-02  3.2409E+00
 -7.2640E-01  4.4787E-02 -7.1319E-01  3.6862E-02  3.2409E+00
  2.3562E-01  7.4799E-03 -9.9133E-01  3.6862E-02  3.2409E+00
 -9.6338E-01  2.1937E-02 -3.3123E-01  3.6862E-02  3.2409E+00
  9.3475E-01 -1.7812E-02 -4.0092E-01  3.6256E-02  3.4062E+00
  5.9067E-01 -1.2133E-02  8.2812E-01  3.6256E-02  3.4062E+00
  9.9843E-01 -1.7815E-01 -7.8862E-02  3.6256E-02  3.4062E+00
  9.1861E-01  1.0895E-01 -4.2320E-01  3.6256E-02  3.4062E+00
  9.7270E-01  1.0115E-01  2.8007E-01  3.6256E-02  3.4062E+00
  9.5623E-01 -5.2648E-02 -3.3816E-01  3.5633E-02  3.5880E+00
 -6.0978E-01  5.7043E-02  8.1020E-01  3.5633E-02  3.5880E+00
  4.2450E-02  1.1693E-01 -1.0080E+00  3.5633E-02  3.5880E+00
 -7.3285E-01  4.2535E-02 -6.9963E-01  3.4991E-02  3.7890E+00
  9.8978E-01  1.3198E-01 -1.7687E-01  3.4991E-02  3.7890E+00
 -4.2065E-01  1.0293E-01 -9.1696E-01  3.4991E-02  3.7890E+00
  8.5014E-01  1.0262E-02 -5.4746E-01  3.3644E-02  4.2626E+00
  7.7397E-02  1.3012E-01 -9.9850E-01  3.2934E-02  4.5444E+00
 -9.9080E-01  9.0245E-02  1.7347E-01  3.2934E-02  4.5444E+00
 -3.3578E-01  2.9540E-02 -9.4947E-01  3.1425E-02  5.2312E+00
  9.1475E-01  1.2252E-01 -4.0416E-01  3.1425E-02  5.2312E+00
 -7.3763E-01  4.9831E-02 -6.8450E-01  3.1425E-02  5.2312E+00
 -9.5674E-01  1.3956E-01 -2.8337E-01  3.1425E-02  5.2312E+00
 -4.9569E-02  1.5409E-01 -9.9445E-01  3.1425E-02  5.2312E+00
 -9.8507E-01 -3.1249E-02  2.0405E-01  3.0618E-02  5.6557E+00
  1.0986E-01  1.7535E-01 -9.8496E-01  3.0618E-02  5.6557E+00
 -8.1705E-01 -1.4558E-01 -5.6940E-01  3.0618E-02  5.6557E+00
 -5.4293E-01 -4.4786E-02 -8.4628E-01  3.0618E-02  5.6557E+00
  7.2915E-01  5.9730E-02 -6.8975E-01  2.9770E-02  6.1530E+00
 -9.5495E-01  3.6982E-02  3.0964E-01  2.8874E-02  6.7438E+00
  9.0068E-01  6.4695E-02 -4.4019E-01  2.8874E-02  6.7438E+00
 -7.7773E-01  1.0174E-01 -6.2765E-01  2.8874E-02  6.7438E+00
  9.8312E-01  7.5473E-02  1.9223E-01  2.8874E-02  6.7438E+00
  8.0527E-01  4.6177E-02  5.9881E-01  2.8874E-02  6.7438E+00
 -3.5365E-01 -1.3555E-01  9.2955E-01  2.7921E-02  7.4574E+00
  1.0023E+00 -3.3644E-02 -4.1787E-02  2.7921E-02  7.4574E+00
 -5.9803E-01  4.4383E-03 -8.0521E-01  2.6903E-02  8.3369E+00
  5.0894E-01 -4.0957E-02  8.6332E-01  2.6903E-02  8.3369E+00
  9.7273E-01  8.0222E-02  2.3105E-01  2.6903E-02  8.3369E+00
 -1.2507E-01  4.8872E-03 -9.9517E-01  2.6903E-02  8.3369E+00
  8.3581E-01 -6.4850E-02  5.5067E-01  2.6903E-02  8.3369E+00
  8.7377E-02 -6.3270E-02  9.9719E-01  2.6903E-02  8.3369E+00
  2.6628E-01  2.8243E-03 -9.6632E-01  2.5804E-02  9.4481E+00
 -9.9234E-01  1.3944E-01  2.2616E-02  2.5804E-02  9.4481E+00
  8.1167E-01  2.4548E-02  5.8761E-01  2.5804E-02  9.4481E+00
 -7.7225E-01 -1.2472E-01 -6.2671E-01  2.5804E-02  9.4481E+00
 -5.4122E-01  5.4904E-02 -8.4188E-01  2.5804E-02  9.4481E+00
  4.3234E-01  9.0170E-02  8.9980E-01  2.5804E-02  9.4481E+00
 -5.4921E-01 -7.0495E-02  8.3552E-01  2.5804E-02  9.4481E+00
 -3.4117E-01  5.0075E-02 -9.4116E-01  2.5804E-02  9.4481E+00
  7.0030E-01  4.0469E-02 -7.1517E-01  2.4606E-02  1.0897E+01
 -5.8915E-01  2.7212E-03 -8.1020E-01  2.4606E-02  1.0897E+01
  4.7513E-01  6.7411E-04 -8.8136E-01  2.3280E-02  1.2866E+01
 -7.8737E-01 -3.4860E-02  6.1755E-01  2.3280E-02  1.2866E+01
  3.0129E-01 -1.7335E-01  9.3855E-01  2.1787E-02  1.5696E+01
  4.4458E-01  5.5675E-02  8.9496E-01  2.1787E-02  1.5696E+01
 -5.9963E-01 -6.2246E-02  7.9892E-01  2.1787E-02  1.5696E+01
  7.9915E-01 -1.4266E-01 -5.8542E-01  2.1787E-02  1.5696E+01
 -8.3354E-01 -1.4177E-01  5.3555E-01  2.1787E-02  1.5696E+01
 -9.1655E-01 -1.0705E-01  3.8669E-01  2.0058E-02  2.0115E+01
  9.6124E-01 -1.1497E-01  2.5268E-01  2.0058E-02  2.0115E+01
 -8.9866E-01  1.3024E-01  4.2011E-01  2.0058E-02  2.0115E+01
 -1.0843E-01 -1.8516E-02  9.9445E-01  2.0058E-02  2.0115E+01
  8.7467E-01  1.6176E-01 -4.5806E-01  2.0058E-02  2.0115E+01
 -3.2483E-01  1.6426E-01  9.3169E-01  1.7969E-02  2.7981E+01
  3.4463E-01  1.5193E-02  9.3890E-01  1.7969E-02  2.7981E+01
 -4.9953E-03 -1.7609E-01  9.8463E-01  1.7969E-02  2.7981E+01
