0.15329828571429D+02       605
(x,y,z) position of the X-ray source
  0.4476E+00 -0.9125E-01 -0.1741E+01
x | y | z | R | rho
 -1.3601E+00  6.5429E-02  9.7418E+00  3.1887E-01  5.0067E-03
 -2.8506E-01 -1.9111E-01  9.3813E+00  3.0882E-01  5.5119E-03
  1.8685E+00  1.5583E-01  9.0377E+00  3.0525E-01  5.7073E-03
 -7.7047E-01  4.3262E-02  9.1250E+00  3.0360E-01  5.8010E-03
 -1.9310E-01 -2.6494E-01  9.1396E+00  3.0332E-01  5.8168E-03
 -5.4804E-02 -3.8692E-01  9.0766E+00  3.0194E-01  5.8969E-03
 -8.1244E-02  1.2246E-01  8.8663E+00  2.9696E-01  6.1991E-03
  1.0292E+00 -3.4035E-01  8.7888E+00  2.9668E-01  6.2166E-03
  1.2606E+00  1.0589E-01  8.7158E+00  2.9556E-01  6.2871E-03
  1.9328E+00 -2.9665E-02  8.1225E+00  2.8490E-01  7.0201E-03
 -7.0251E-02  2.8225E-01  8.0318E+00  2.7750E-01  7.5963E-03
 -7.5351E-01 -6.5556E-02  7.3406E+00  2.6159E-01  9.0681E-03
 -6.8857E-02 -1.7496E-01  7.1865E+00  2.5690E-01  9.5750E-03
  5.7011E-02 -2.0661E-02  7.0699E+00  2.5394E-01  9.9130E-03
  1.0698E+00  2.6510E-01  6.9717E+00  2.5364E-01  9.9478E-03
 -8.2641E-01 -6.5205E-02  6.9138E+00  2.5127E-01  1.0232E-02
 -1.9727E+00 -2.2411E-01  6.4887E+00  2.4680E-01  1.0799E-02
  1.7779E+00  1.0283E-01  6.4864E+00  2.4530E-01  1.0998E-02
 -1.8472E+00  9.2915E-02  6.3688E+00  2.4289E-01  1.1328E-02
  1.4449E+00  5.3651E-02  6.4361E+00  2.4199E-01  1.1456E-02
  1.8189E+00  2.4531E-01  6.2622E+00  2.4018E-01  1.1717E-02
 -6.3627E-01  7.4301E-03  6.4472E+00  2.3896E-01  1.1896E-02
  6.7633E-01 -1.8889E-01  6.4048E+00  2.3805E-01  1.2033E-02
  1.9390E+00 -1.3654E-01  5.9452E+00  2.3318E-01  1.2804E-02
 -6.2350E-01  2.5676E-01  6.1948E+00  2.3257E-01  1.2905E-02
  1.0623E+00 -5.2182E-02  5.9138E+00  2.2672E-01  1.3929E-02
 -1.6899E+00  1.5557E-01  5.6055E+00  2.2269E-01  1.4699E-02
 -6.8082E-01  2.7577E-01  5.6460E+00  2.1832E-01  1.5600E-02
  2.7253E-01 -6.6397E-02  5.6284E+00  2.1675E-01  1.5941E-02
 -1.9570E+00  9.1797E-02  5.2839E+00  2.1675E-01  1.5941E-02
  7.3093E-01  1.2352E-02  5.5058E+00  2.1455E-01  1.6437E-02
  1.0717E+00  2.3347E-01  5.3974E+00  2.1329E-01  1.6731E-02
 -1.2145E+00 -1.4248E-01  5.0971E+00  2.0597E-01  1.8577E-02
  7.5099E-01 -2.3511E-01  5.1590E+00  2.0533E-01  1.8751E-02
  2.6095E-02  1.9359E-01  5.2150E+00  2.0533E-01  1.8751E-02
  5.8488E-01 -2.3786E-01  5.1107E+00  2.0341E-01  1.9288E-02
 -1.8397E+00 -7.3973E-02  4.7106E+00  2.0083E-01  2.0040E-02
 -7.8578E-01  7.2776E-02  4.8912E+00  1.9792E-01  2.0937E-02
  1.7675E+00  2.0239E-01  4.4767E+00  1.9402E-01  2.2227E-02
 -1.8366E+00  2.1367E-01  4.3988E+00  1.9271E-01  2.2682E-02
 -3.5706E-01  1.0837E-01  4.7342E+00  1.9206E-01  2.2915E-02
  2.9612E-01  5.8018E-03  4.6826E+00  1.9042E-01  2.3512E-02
 -9.8137E-03  1.3809E-01  4.6331E+00  1.8877E-01  2.4132E-02
 -1.2968E+00  2.9272E-02  4.4382E+00  1.8844E-01  2.4258E-02
  1.2484E+00  1.6152E-01  4.2960E+00  1.8414E-01  2.5998E-02
 -1.6784E+00 -7.3711E-02  4.1007E+00  1.8281E-01  2.6569E-02
  6.9262E-01  6.7046E-02  4.2511E+00  1.7914E-01  2.8237E-02
  1.0383E-01  9.4872E-02  4.2717E+00  1.7813E-01  2.8718E-02
  6.3015E-01  9.0859E-02  3.9440E+00  1.6969E-01  3.3225E-02
 -7.1354E-01  2.4723E-01  3.9004E+00  1.6900E-01  3.3629E-02
  7.9877E-01  1.1152E-01  3.8675E+00  1.6832E-01  3.4039E-02
  3.0302E-01 -8.4179E-02  3.9048E+00  1.6730E-01  3.4669E-02
  1.3837E+00 -1.7432E-01  3.6490E+00  1.6695E-01  3.4882E-02
  3.0075E-01  2.1748E-01  3.8554E+00  1.6593E-01  3.5534E-02
 -6.3286E-02  8.4453E-02  3.6630E+00  1.5938E-01  4.0097E-02
  1.1277E+00 -1.8720E-01  3.4127E+00  1.5730E-01  4.1712E-02
 -1.8191E+00 -2.1145E-01  3.0856E+00  1.5695E-01  4.1990E-02
 -9.6498E-01 -2.2012E-01  3.4037E+00  1.5555E-01  4.3129E-02
  4.2952E-01 -1.8121E-01  3.5139E+00  1.5555E-01  4.3129E-02
 -1.5144E+00 -2.3751E-01  3.1238E+00  1.5346E-01  4.4921E-02
 -5.6027E-01  2.3803E-01  3.4260E+00  1.5346E-01  4.4921E-02
  3.9696E-01 -8.6389E-02  3.4341E+00  1.5276E-01  4.5542E-02
 -4.2612E-01 -6.7435E-02  3.3875E+00  1.5135E-01  4.6822E-02
  1.6753E+00 -2.1978E-01  2.9179E+00  1.4994E-01  4.8153E-02
 -1.0194E+00  1.8878E-02  3.2139E+00  1.4994E-01  4.8153E-02
 -1.4629E+00  3.9793E-02  2.9899E+00  1.4853E-01  4.9538E-02
 -9.4046E-01 -2.9704E-02  3.0149E+00  1.4286E-01  5.5682E-02
 -1.3171E+00  3.2460E-02  2.8704E+00  1.4286E-01  5.5682E-02
  1.7561E+00 -9.5739E-02  2.5978E+00  1.4214E-01  5.6525E-02
  1.3033E+00 -2.9184E-02  2.8301E+00  1.4143E-01  5.7386E-02
 -1.7771E+00 -1.6616E-01  2.5154E+00  1.4035E-01  5.8712E-02
 -1.3506E+00 -1.9069E-01  2.7663E+00  1.4035E-01  5.8712E-02
  1.0356E+00 -9.6826E-02  2.8813E+00  1.3964E-01  5.9620E-02
 -3.1980E-01  4.9560E-02  2.9618E+00  1.3676E-01  6.3458E-02
 -1.5546E+00 -1.3739E-01  2.4889E+00  1.3532E-01  6.5509E-02
  1.4932E+00 -9.1587E-02  2.4919E+00  1.3424E-01  6.7108E-02
  1.7143E+00 -1.1027E-01  2.1630E+00  1.2916E-01  7.5345E-02
 -6.0370E-01 -7.2449E-02  2.6839E+00  1.2879E-01  7.5987E-02
 -7.3827E-01 -1.4987E-01  2.6256E+00  1.2806E-01  7.7293E-02
  1.5239E+00  7.9419E-02  2.2531E+00  1.2770E-01  7.7958E-02
 -1.2787E+00  1.5707E-01  2.3970E+00  1.2770E-01  7.7958E-02
  9.7662E-01 -3.2326E-02  2.5398E+00  1.2770E-01  7.7958E-02
  1.3543E+00 -2.0262E-01  2.3517E+00  1.2770E-01  7.7958E-02
 -7.0397E-01 -7.4768E-02  2.5854E+00  1.2623E-01  8.0699E-02
 -1.2232E+00 -6.3335E-02  2.3160E+00  1.2403E-01  8.5069E-02
  1.6123E+00 -1.6259E-01  2.0329E+00  1.2330E-01  8.6599E-02
  1.2534E+00  5.3798E-02  2.2656E+00  1.2293E-01  8.7378E-02
 -1.9203E+00  1.9422E-01 -1.6965E+00  1.2220E-01  8.8967E-02
 -1.7327E+00 -1.9904E-01 -1.8598E+00  1.2146E-01  9.0595E-02
  1.6531E+00 -2.0389E-01  1.9172E+00  1.2109E-01  9.1425E-02
 -1.1267E-01  1.9251E-01  2.5198E+00  1.2072E-01  9.2266E-02
 -1.7186E+00 -4.2588E-02  1.8422E+00  1.2035E-01  9.3117E-02
  1.6826E+00 -8.3464E-02 -1.8469E+00  1.1961E-01  9.4853E-02
  1.7495E+00  2.0193E-01  1.7742E+00  1.1961E-01  9.4853E-02
 -5.3999E-01 -1.7541E-01  2.3938E+00  1.1814E-01  9.8461E-02
 -1.8467E+00  1.5091E-01  1.6036E+00  1.1776E-01  9.9393E-02
  6.4159E-01 -1.1250E-01  2.3622E+00  1.1776E-01  9.9393E-02
 -9.1190E-01 -9.8298E-02  2.2723E+00  1.1776E-01  9.9393E-02
  7.0088E-01  1.5600E-01  2.3428E+00  1.1776E-01  9.9393E-02
  3.1694E-01 -7.1725E-02  2.3792E+00  1.1591E-01  1.0424E-01
  1.1056E+00  2.0651E-01  2.1105E+00  1.1554E-01  1.0525E-01
 -1.7216E+00 -1.4498E-01 -1.6535E+00  1.1554E-01  1.0525E-01
 -1.5671E+00  9.8028E-02 -1.7908E+00  1.1517E-01  1.0627E-01
  5.1939E-01  1.4695E-01  2.2698E+00  1.1331E-01  1.1159E-01
 -1.5195E+00  1.5557E-01 -1.6992E+00  1.1144E-01  1.1729E-01
  1.5331E+00 -1.3988E-01  1.6883E+00  1.1144E-01  1.1729E-01
  1.0720E+00  2.7854E-02  2.0175E+00  1.1144E-01  1.1729E-01
  6.3749E-03  7.6486E-02  2.2071E+00  1.0845E-01  1.2727E-01
  1.6478E+00  1.5579E-01 -1.4333E+00  1.0770E-01  1.2994E-01
 -1.6897E+00 -1.0813E-01  1.3883E+00  1.0770E-01  1.2994E-01
  5.8884E-01  8.3122E-02  2.1072E+00  1.0770E-01  1.2994E-01
 -1.0431E+00  4.6851E-02  1.9137E+00  1.0733E-01  1.3131E-01
 -1.4906E+00 -1.2670E-01 -1.5728E+00  1.0695E-01  1.3269E-01
 -1.7282E+00 -5.8634E-02 -1.2965E+00  1.0658E-01  1.3410E-01
 -1.7920E+00  5.4246E-02  1.1731E+00  1.0582E-01  1.3698E-01
 -3.0555E-01  1.1699E-01  2.0984E+00  1.0507E-01  1.3994E-01
  6.0685E-01  1.0463E-01  2.0131E+00  1.0432E-01  1.4299E-01
  1.5992E+00  5.9484E-02  1.3678E+00  1.0432E-01  1.4299E-01
 -6.6338E-01  8.5395E-03  1.9979E+00  1.0432E-01  1.4299E-01
  1.4279E+00  2.4206E-02  1.5467E+00  1.0432E-01  1.4299E-01
 -1.6956E+00 -1.3027E-01  1.2251E+00  1.0394E-01  1.4454E-01
 -2.1994E-01  2.0347E-02  2.0656E+00  1.0319E-01  1.4773E-01
 -1.8951E-01  1.2487E-01  2.0650E+00  1.0319E-01  1.4773E-01
  1.1769E+00  1.4713E-01  1.6943E+00  1.0281E-01  1.4936E-01
 -7.7807E-01  1.5320E-01  1.9002E+00  1.0244E-01  1.5102E-01
 -1.0353E+00  6.9073E-03  1.7691E+00  1.0206E-01  1.5269E-01
 -4.2534E-01  1.4840E-02  1.9958E+00  1.0168E-01  1.5440E-01
  7.5047E-01  1.0892E-01  1.8650E+00  1.0055E-01  1.5967E-01
  1.5157E+00 -1.3775E-01 -1.3040E+00  1.0017E-01  1.6148E-01
  1.7254E+00  1.3342E-02  1.0196E+00  1.0017E-01  1.6148E-01
  1.5760E+00 -2.7199E-02  1.2379E+00  1.0017E-01  1.6148E-01
 -1.5438E+00 -1.4884E-01 -1.2550E+00  9.9797E-02  1.6332E-01
 -1.8330E+00 -1.5480E-01  7.7245E-01  9.9797E-02  1.6332E-01
  1.8646E+00  5.7095E-02  7.0761E-01  9.9797E-02  1.6332E-01
  6.4123E-01 -8.7884E-02 -1.8872E+00  9.9797E-02  1.6332E-01
  1.1350E+00  6.0870E-02 -1.6397E+00  9.9797E-02  1.6332E-01
 -9.3110E-01  5.9435E-02  1.7533E+00  9.9419E-02  1.6519E-01
 -1.8490E+00  6.7871E-02 -6.9662E-01  9.9041E-02  1.6709E-01
 -1.2392E+00 -3.6159E-02 -1.5285E+00  9.8663E-02  1.6902E-01
  1.7562E+00 -1.3446E-01 -8.5765E-01  9.8285E-02  1.7098E-01
 -1.1119E+00 -1.5480E-02  1.6129E+00  9.8285E-02  1.7098E-01
 -3.4713E-01 -1.9134E-01  1.9094E+00  9.7907E-02  1.7297E-01
 -6.8683E-01 -1.6836E-02  1.8155E+00  9.7529E-02  1.7499E-01
 -5.8549E-01  1.1347E-01  1.8379E+00  9.7150E-02  1.7704E-01
  8.2560E-01 -6.6899E-02 -1.7457E+00  9.7150E-02  1.7704E-01
 -7.2863E-01  1.5855E-01 -1.7730E+00  9.6772E-02  1.7912E-01
 -1.9841E-01  1.8836E-01  1.9038E+00  9.6772E-02  1.7912E-01
  5.9653E-01  1.3691E-01 -1.8234E+00  9.6772E-02  1.7912E-01
 -1.0260E+00  1.1177E-01 -1.6020E+00  9.6015E-02  1.8340E-01
 -7.6088E-01 -1.1428E-01  1.7434E+00  9.6015E-02  1.8340E-01
  1.5849E+00  1.6951E-01  1.0283E+00  9.5636E-02  1.8558E-01
 -1.6689E+00 -1.1464E-01  8.9429E-01  9.5636E-02  1.8558E-01
 -8.4288E-01 -9.7538E-02 -1.6965E+00  9.5636E-02  1.8558E-01
 -1.6153E+00 -1.6174E-01  9.8110E-01  9.5636E-02  1.8558E-01
 -1.3644E+00  1.2030E-02 -1.3176E+00  9.5636E-02  1.8558E-01
  4.8512E-01  1.4605E-01  1.8279E+00  9.5636E-02  1.8558E-01
 -1.8875E+00 -2.5065E-02 -3.5627E-02  9.5257E-02  1.8781E-01
 -1.8323E+00 -5.9486E-02  4.1338E-01  9.4878E-02  1.9007E-01
  1.5785E+00 -9.3496E-02  1.0154E+00  9.4878E-02  1.9007E-01
  7.8363E-01 -8.9822E-03  1.6984E+00  9.4499E-02  1.9236E-01
  9.0613E-01  1.8545E-01 -1.6258E+00  9.4499E-02  1.9236E-01
 -1.0197E+00  1.7008E-02 -1.5576E+00  9.4120E-02  1.9470E-01
 -5.7040E-01  7.4206E-02 -1.7707E+00  9.4120E-02  1.9470E-01
 -1.5673E+00 -2.4284E-02 -1.0046E+00  9.4120E-02  1.9470E-01
 -1.6817E+00  1.6974E-01  7.5956E-01  9.3741E-02  1.9707E-01
 -1.7730E+00  3.8006E-02  5.3763E-01  9.3741E-02  1.9707E-01
 -1.5583E+00 -1.8598E-03  9.8669E-01  9.3361E-02  1.9948E-01
 -7.0453E-01  1.3171E-01 -1.6900E+00  9.2982E-02  2.0193E-01
 -1.4226E+00 -8.6322E-02  1.1570E+00  9.2982E-02  2.0193E-01
 -1.0737E+00 -2.7208E-02 -1.4887E+00  9.2982E-02  2.0193E-01
  5.2853E-01 -1.3850E-01  1.7525E+00  9.2982E-02  2.0193E-01
  1.8250E+00  1.7117E-01  1.0017E-01  9.2982E-02  2.0193E-01
  1.8195E+00 -1.1454E-01  1.2011E-01  9.2603E-02  2.0443E-01
  1.8031E+00 -1.1894E-01  2.6982E-01  9.2603E-02  2.0443E-01
 -8.5473E-01 -5.7590E-02  1.6040E+00  9.2223E-02  2.0696E-01
  1.8050E+00  1.0174E-01  8.6079E-02  9.1844E-02  2.0954E-01
 -1.4387E+00 -1.0045E-02  1.0981E+00  9.1844E-02  2.0954E-01
  6.6301E-01  1.8458E-02  1.6840E+00  9.1844E-02  2.0954E-01
 -1.0642E+00  9.7651E-02  1.4607E+00  9.1844E-02  2.0954E-01
  8.6785E-01 -1.9791E-02  1.5784E+00  9.1464E-02  2.1216E-01
  3.9744E-01  2.0273E-02  1.7568E+00  9.1464E-02  2.1216E-01
 -1.4825E+00 -5.9542E-02 -1.0064E+00  9.1084E-02  2.1482E-01
  1.1647E+00 -1.2653E-01  1.3570E+00  9.1084E-02  2.1482E-01
 -5.8728E-01  2.5252E-02 -1.6847E+00  9.0704E-02  2.1753E-01
  1.7628E+00  3.1849E-02 -2.7422E-01  9.0704E-02  2.1753E-01
 -1.7040E+00 -5.3180E-02  4.9712E-01  9.0325E-02  2.2029E-01
 -3.7800E-01 -4.4382E-02  1.7172E+00  8.9565E-02  2.2594E-01
  9.9746E-01  3.6067E-02 -1.4381E+00  8.9185E-02  2.2884E-01
 -3.6313E-01  6.0297E-02  1.7114E+00  8.9185E-02  2.2884E-01
 -4.1888E-01  1.5871E-01  1.6922E+00  8.9185E-02  2.2884E-01
  1.2847E+00 -1.8313E-02 -1.1889E+00  8.9185E-02  2.2884E-01
  1.0032E+00  5.1044E-02 -1.4336E+00  8.9185E-02  2.2884E-01
  1.2547E+00 -5.7387E-02 -1.2072E+00  8.8805E-02  2.3179E-01
  1.0101E+00  6.5308E-02 -1.4179E+00  8.8805E-02  2.3179E-01
 -1.7195E+00 -6.8476E-02 -2.7154E-01  8.8805E-02  2.3179E-01
  5.5809E-01  4.8691E-02 -1.6408E+00  8.8425E-02  2.3479E-01
 -1.7176E+00  8.6860E-02  2.2005E-01  8.8425E-02  2.3479E-01
 -1.0720E+00 -8.3426E-02 -1.3495E+00  8.8044E-02  2.3785E-01
 -3.1186E-01 -3.5774E-02  1.6966E+00  8.8044E-02  2.3785E-01
  7.5111E-01 -1.7362E-01 -1.5344E+00  8.7664E-02  2.4095E-01
  1.3608E+00 -5.9846E-02 -1.0456E+00  8.7664E-02  2.4095E-01
  6.7143E-01  3.3577E-03  1.5804E+00  8.7664E-02  2.4095E-01
  1.4590E+00  1.2740E-02 -8.7369E-01  8.6904E-02  2.4734E-01
  1.3045E+00 -6.8111E-02 -1.0889E+00  8.6904E-02  2.4734E-01
  1.0406E+00 -4.2451E-02  1.3444E+00  8.6904E-02  2.4734E-01
 -1.3188E+00 -1.4946E-01  1.0633E+00  8.6904E-02  2.4734E-01
  1.6349E+00 -3.9825E-03 -4.6810E-01  8.6904E-02  2.4734E-01
 -1.0123E+00 -7.3931E-02 -1.3645E+00  8.6904E-02  2.4734E-01
 -1.6056E+00  9.7046E-02  4.9942E-01  8.6143E-02  2.5395E-01
  3.9626E-01  1.5785E-01  1.6293E+00  8.6143E-02  2.5395E-01
  2.5465E-01 -2.0699E-03  1.6649E+00  8.6143E-02  2.5395E-01
  1.6618E+00  1.1299E-01 -2.4942E-01  8.6143E-02  2.5395E-01
  8.5520E-01  6.3074E-02  1.4496E+00  8.6143E-02  2.5395E-01
  1.6225E+00 -9.9484E-02 -4.4086E-01  8.6143E-02  2.5395E-01
 -1.3234E+00  1.4567E-01 -1.0181E+00  8.5763E-02  2.5734E-01
 -1.4483E+00  1.4567E-02 -8.4341E-01  8.5763E-02  2.5734E-01
  7.8427E-01 -1.6677E-01  1.4626E+00  8.5382E-02  2.6079E-01
  8.9828E-01 -1.8297E-01 -1.3934E+00  8.5382E-02  2.6079E-01
 -1.1000E+00  4.0627E-02  1.2532E+00  8.5382E-02  2.6079E-01
  1.2810E-01  1.5768E-01 -1.6555E+00  8.5382E-02  2.6079E-01
  1.3505E+00  8.6412E-02 -9.7513E-01  8.5382E-02  2.6079E-01
  1.2856E+00 -8.7126E-02 -1.0463E+00  8.5002E-02  2.6431E-01
 -3.3483E-02  1.4709E-01 -1.6530E+00  8.5002E-02  2.6431E-01
 -1.3621E+00  1.7569E-01  9.1778E-01  8.4622E-02  2.6789E-01
 -8.8464E-01 -1.1796E-01 -1.3804E+00  8.4241E-02  2.7154E-01
  1.3653E+00  1.8259E-01 -8.9704E-01  8.4241E-02  2.7154E-01
 -2.6779E-01  9.3196E-02  1.6110E+00  8.3861E-02  2.7525E-01
  5.5556E-01 -9.1107E-03 -1.5385E+00  8.3861E-02  2.7525E-01
 -3.8887E-01  1.8271E-01  1.5700E+00  8.3480E-02  2.7903E-01
  1.5680E+00  1.6164E-01 -4.0592E-01  8.3480E-02  2.7903E-01
  1.2274E+00 -1.6353E-01 -1.0443E+00  8.3100E-02  2.8288E-01
  1.0514E+00 -1.6092E-01 -1.2217E+00  8.3100E-02  2.8288E-01
  1.4370E+00 -8.5689E-02  7.4270E-01  8.3100E-02  2.8288E-01
 -1.1503E+00 -1.0494E-01  1.1356E+00  8.3100E-02  2.8288E-01
  1.8648E-01  1.5877E-02 -1.6090E+00  8.3100E-02  2.8288E-01
 -5.5181E-01 -4.8874E-02  1.5222E+00  8.3100E-02  2.8288E-01
 -1.5893E+00 -1.1548E-01  2.4274E-01  8.2719E-02  2.8681E-01
  6.0408E-01 -8.8458E-03 -1.4944E+00  8.2719E-02  2.8681E-01
 -1.4140E+00  1.7118E-01 -7.5466E-01  8.2719E-02  2.8681E-01
  1.5513E+00 -4.8427E-02 -4.0505E-01  8.2338E-02  2.9080E-01
  1.2967E+00 -6.0847E-02  9.4227E-01  8.2338E-02  2.9080E-01
 -7.1965E-01  1.7751E-01  1.4225E+00  8.2338E-02  2.9080E-01
 -4.4395E-01 -6.1759E-02 -1.5320E+00  8.1958E-02  2.9487E-01
 -7.3860E-01 -1.0453E-01 -1.4112E+00  8.1958E-02  2.9487E-01
  8.1318E-01 -1.5699E-01 -1.3554E+00  8.1577E-02  2.9902E-01
 -1.4505E+00 -1.7588E-01  6.2285E-01  8.1577E-02  2.9902E-01
  7.9332E-01  7.7570E-02 -1.3739E+00  8.1577E-02  2.9902E-01
  1.0177E+00  7.6254E-02  1.2171E+00  8.1577E-02  2.9902E-01
  4.4704E-01  1.1458E-01 -1.5117E+00  8.1197E-02  3.0324E-01
  2.1130E-01 -3.9414E-02  1.5659E+00  8.1197E-02  3.0324E-01
 -7.0062E-01  6.7707E-02 -1.4152E+00  8.1197E-02  3.0324E-01
  1.3747E+00  8.4491E-02  7.7546E-01  8.1197E-02  3.0324E-01
  1.4315E+00 -3.5675E-02 -6.5069E-01  8.0816E-02  3.0755E-01
  1.5141E+00 -1.6656E-03  3.9618E-01  8.0435E-02  3.1193E-01
 -1.5231E+00 -1.6051E-01  3.2247E-01  8.0435E-02  3.1193E-01
  1.5594E+00 -7.1851E-02 -1.1268E-01  8.0435E-02  3.1193E-01
 -1.0471E+00  1.0157E-01  1.1588E+00  8.0435E-02  3.1193E-01
  1.0555E+00  1.5031E-01 -1.1143E+00  7.9293E-02  3.2561E-01
  7.4405E-01  1.1093E-01  1.3462E+00  7.9293E-02  3.2561E-01
  8.9701E-01 -2.7500E-02  1.2448E+00  7.8913E-02  3.3034E-01
 -1.3255E+00  1.8449E-01 -7.3535E-01  7.8532E-02  3.3517E-01
  7.6713E-01  1.1066E-01 -1.3070E+00  7.8152E-02  3.4009E-01
 -3.9032E-01  8.0947E-02  1.4663E+00  7.8152E-02  3.4009E-01
 -3.7499E-01 -3.0094E-02  1.4722E+00  7.8152E-02  3.4009E-01
  4.6014E-01  7.5143E-04 -1.4482E+00  7.8152E-02  3.4009E-01
  1.3040E-02 -7.6603E-02  1.5100E+00  7.7771E-02  3.4511E-01
 -1.0467E+00  9.8122E-02 -1.0868E+00  7.7771E-02  3.4511E-01
 -2.4820E-02  2.8247E-02  1.5116E+00  7.7771E-02  3.4511E-01
 -9.4065E-01  4.5070E-02 -1.1734E+00  7.7390E-02  3.5022E-01
  3.5835E-01  1.7694E-01 -1.4506E+00  7.7390E-02  3.5022E-01
  8.3349E-01  2.3594E-02 -1.2524E+00  7.7390E-02  3.5022E-01
 -4.6849E-01  9.8118E-02  1.4264E+00  7.7390E-02  3.5022E-01
  1.4983E+00  1.1717E-01 -7.2708E-02  7.7390E-02  3.5022E-01
 -9.2460E-01  1.6612E-01  1.1753E+00  7.7390E-02  3.5022E-01
  1.4686E+00  1.6999E-01 -2.3648E-01  7.7010E-02  3.5544E-01
  2.3230E-01  3.6890E-02 -1.4786E+00  7.7010E-02  3.5544E-01
 -8.2629E-02  3.6832E-02  1.4871E+00  7.6629E-02  3.6076E-01
 -4.7857E-01  5.8228E-02 -1.4097E+00  7.6629E-02  3.6076E-01
  7.1062E-01  1.2837E-01  1.3031E+00  7.6629E-02  3.6076E-01
  9.5197E-01  3.6621E-02  1.1359E+00  7.6248E-02  3.6619E-01
 -6.6897E-01 -2.6729E-02 -1.3227E+00  7.6248E-02  3.6619E-01
  2.0542E-01 -1.4466E-02  1.4681E+00  7.6248E-02  3.6619E-01
  1.4570E+00 -1.0778E-01  2.0413E-01  7.5868E-02  3.7173E-01
  1.1134E+00 -8.7674E-02  9.6377E-01  7.5868E-02  3.7173E-01
  1.3290E+00  3.8441E-02 -6.0508E-01  7.5106E-02  3.8315E-01
 -1.4373E+00 -1.6042E-01  1.4603E-01  7.4726E-02  3.8904E-01
 -1.1277E+00 -4.9100E-02  9.1582E-01  7.4726E-02  3.8904E-01
 -7.9731E-01 -2.9352E-02 -1.2150E+00  7.4726E-02  3.8904E-01
  1.0294E+00  1.0146E-02  1.0161E+00  7.4345E-02  3.9504E-01
 -1.1719E+00 -9.1603E-02 -8.4290E-01  7.4345E-02  3.9504E-01
 -7.4840E-01  3.6110E-02  1.2206E+00  7.3584E-02  4.0743E-01
 -1.3788E+00 -3.4687E-02  3.8588E-01  7.3584E-02  4.0743E-01
 -1.3287E+00  1.6387E-01  5.0900E-01  7.3584E-02  4.0743E-01
 -1.0314E+00 -6.7615E-02  9.8129E-01  7.3203E-02  4.1382E-01
 -8.4483E-01 -1.5257E-01  1.1377E+00  7.3203E-02  4.1382E-01
  1.3028E+00  1.1293E-01 -5.4887E-01  7.2822E-02  4.2035E-01
 -1.2071E+00  7.5404E-02  7.4069E-01  7.2822E-02  4.2035E-01
  1.3937E+00 -1.5619E-01 -1.5801E-01  7.2442E-02  4.2701E-01
  1.2005E+00 -6.5972E-02 -7.3899E-01  7.2442E-02  4.2701E-01
  5.0292E-01 -1.1748E-01  1.3060E+00  7.2061E-02  4.3381E-01
  1.3003E+00  1.7275E-01 -5.0166E-01  7.2061E-02  4.3381E-01
 -6.9179E-01 -1.7435E-01  1.2017E+00  7.1680E-02  4.4076E-01
 -8.5422E-01 -9.1565E-03 -1.1061E+00  7.1680E-02  4.4076E-01
 -3.4949E-01  1.0904E-02  1.3461E+00  7.1300E-02  4.4786E-01
 -2.8461E-01  1.8001E-01 -1.3493E+00  7.1300E-02  4.4786E-01
 -1.3147E-01  4.5389E-02  1.3702E+00  7.0538E-02  4.6253E-01
  6.4178E-01 -1.4746E-01 -1.2096E+00  7.0538E-02  4.6253E-01
 -5.8840E-01 -1.8457E-01 -1.2240E+00  7.0157E-02  4.7010E-01
 -1.3566E+00  4.5217E-02 -1.8953E-01  7.0157E-02  4.7010E-01
 -9.7181E-01  1.8434E-02  9.6625E-01  7.0157E-02  4.7010E-01
  1.3244E+00  1.0574E-01  3.0817E-01  6.9776E-02  4.7784E-01
  2.6935E-01 -5.4958E-02 -1.3292E+00  6.9395E-02  4.8575E-01
 -1.2199E+00  9.1558E-02  5.8796E-01  6.9395E-02  4.8575E-01
  9.8610E-01  1.8196E-01 -9.1475E-01  6.9395E-02  4.8575E-01
 -1.3311E+00 -1.7903E-01 -1.9602E-01  6.9395E-02  4.8575E-01
 -4.1757E-01 -1.6136E-01 -1.2814E+00  6.9395E-02  4.8575E-01
 -1.3427E+00 -5.5067E-02  3.2011E-02  6.8633E-02  5.0211E-01
  1.1234E+00  1.0121E-01  7.3128E-01  6.8633E-02  5.0211E-01
 -8.1459E-01 -1.5479E-02 -1.0692E+00  6.8633E-02  5.0211E-01
 -9.5215E-01  9.3997E-02 -9.3500E-01  6.8252E-02  5.1057E-01
 -5.0459E-01  2.2701E-02  1.2388E+00  6.8252E-02  5.1057E-01
  1.2977E+00  1.3481E-03 -2.9735E-01  6.7871E-02  5.1923E-01
 -7.0881E-01  5.6538E-02 -1.1256E+00  6.7871E-02  5.1923E-01
  1.1339E+00  7.5609E-02 -6.9354E-01  6.7871E-02  5.1923E-01
  6.2859E-01 -7.0852E-02  1.1642E+00  6.7489E-02  5.2808E-01
  6.3458E-01 -1.3553E-01  1.1552E+00  6.7489E-02  5.2808E-01
  3.1628E-01 -8.3166E-02 -1.2840E+00  6.7489E-02  5.2808E-01
 -3.6364E-01 -1.1755E-01 -1.2687E+00  6.7489E-02  5.2808E-01
 -1.1502E+00  3.3770E-02 -6.5682E-01  6.7489E-02  5.2808E-01
 -5.7668E-01  5.5461E-02  1.1846E+00  6.7108E-02  5.3713E-01
  1.0497E+00 -1.0858E-02 -7.8760E-01  6.6726E-02  5.4640E-01
 -1.0240E+00 -3.7145E-02 -8.2001E-01  6.6726E-02  5.4640E-01
 -8.9145E-01  3.9707E-02 -9.6234E-01  6.6726E-02  5.4640E-01
  1.2349E+00  1.3021E-01 -4.0502E-01  6.6345E-02  5.5588E-01
 -4.2050E-01 -3.2529E-02  1.2297E+00  6.5963E-02  5.6559E-01
  1.0252E+00  4.2258E-02 -7.8814E-01  6.5581E-02  5.7553E-01
  5.4967E-01  8.9173E-02 -1.1679E+00  6.5581E-02  5.7553E-01
 -1.2836E+00 -8.8086E-03  1.0361E-01  6.5199E-02  5.8571E-01
  1.0986E+00  7.3700E-02 -6.6773E-01  6.5199E-02  5.8571E-01
  6.7941E-01 -3.9540E-02 -1.0861E+00  6.4817E-02  5.9614E-01
  5.5029E-01 -5.2994E-02 -1.1564E+00  6.4817E-02  5.9614E-01
 -6.9952E-01  1.4949E-01  1.0636E+00  6.4817E-02  5.9614E-01
 -1.0346E+00 -6.7350E-03 -7.5651E-01  6.4817E-02  5.9614E-01
 -1.2516E+00  1.0393E-01 -2.2388E-01  6.4434E-02  6.0681E-01
  7.5349E-01 -5.8632E-02 -1.0278E+00  6.4434E-02  6.0681E-01
 -6.8878E-01  1.0209E-01 -1.0690E+00  6.4434E-02  6.0681E-01
  1.1988E+00  1.8277E-01  3.7662E-01  6.4051E-02  6.1776E-01
  1.2359E+00 -7.4072E-02  2.8181E-01  6.4051E-02  6.1776E-01
 -6.8332E-01 -1.3016E-01  1.0553E+00  6.3669E-02  6.2897E-01
 -4.0274E-01 -1.0766E-01 -1.1932E+00  6.3669E-02  6.2897E-01
 -7.3840E-01 -4.9453E-02  1.0174E+00  6.3285E-02  6.4046E-01
 -1.0820E+00  3.0972E-02  6.4120E-01  6.3285E-02  6.4046E-01
  9.8400E-02 -7.5489E-02  1.2520E+00  6.3285E-02  6.4046E-01
 -1.1547E+00 -1.6480E-01  4.7139E-01  6.3285E-02  6.4046E-01
 -9.3779E-01  1.4847E-01  8.2541E-01  6.3285E-02  6.4046E-01
 -8.3937E-01  1.6487E-01 -9.1464E-01  6.2902E-02  6.5224E-01
  3.8400E-01  1.0698E-01  1.1872E+00  6.2902E-02  6.5224E-01
 -9.5249E-01 -1.4620E-02  8.1292E-01  6.2902E-02  6.5224E-01
  1.2345E+00  3.2945E-03 -2.1043E-01  6.2902E-02  6.5224E-01
 -8.3014E-03 -1.2028E-01 -1.2407E+00  6.2518E-02  6.6433E-01
 -7.8056E-01  1.1810E-01  9.5741E-01  6.2134E-02  6.7672E-01
 -7.1251E-02  1.2391E-01 -1.2327E+00  6.2134E-02  6.7672E-01
  1.2245E+00 -1.0688E-01 -1.2262E-01  6.1750E-02  6.8943E-01
 -1.1024E+00  9.5568E-02  5.4911E-01  6.1750E-02  6.8943E-01
 -7.0112E-01  9.1664E-02 -1.0129E+00  6.1750E-02  6.8943E-01
 -5.3421E-01  8.4316E-03  1.1138E+00  6.1750E-02  6.8943E-01
  1.2208E+00  1.1113E-01 -9.7761E-02  6.1365E-02  7.0248E-01
 -1.2296E+00  1.6058E-02  2.4227E-03  6.1365E-02  7.0248E-01
  8.6857E-01  9.4503E-02 -8.5753E-01  6.0980E-02  7.1587E-01
 -4.0039E-01 -8.3804E-02  1.1538E+00  6.0980E-02  7.1587E-01
  7.1367E-01  1.5053E-01 -9.8321E-01  6.0980E-02  7.1587E-01
  1.1281E+00  8.7912E-03  4.7537E-01  6.0980E-02  7.1587E-01
  3.1448E-01  1.6158E-01  1.1663E+00  6.0595E-02  7.2962E-01
  3.3990E-01  9.9864E-02  1.1661E+00  6.0595E-02  7.2962E-01
  1.0940E+00 -1.3177E-01 -5.2077E-01  6.0595E-02  7.2962E-01
 -5.5527E-01  1.4695E-01 -1.0749E+00  6.0595E-02  7.2962E-01
  4.6579E-01  1.0412E-01  1.1155E+00  6.0209E-02  7.4374E-01
 -3.1777E-01 -1.6981E-01  1.1586E+00  6.0209E-02  7.4374E-01
 -7.0768E-01  1.5583E-01 -9.5991E-01  5.9436E-02  7.7315E-01
 -5.8260E-01  5.4891E-02 -1.0508E+00  5.9436E-02  7.7315E-01
 -1.1865E+00  1.8276E-01 -7.2587E-02  5.9436E-02  7.7315E-01
 -4.5164E-01 -1.0595E-02 -1.1090E+00  5.9048E-02  7.8847E-01
  5.6135E-01 -1.4203E-01 -1.0482E+00  5.9048E-02  7.8847E-01
  4.9568E-01  1.0754E-01  1.0848E+00  5.9048E-02  7.8847E-01
  1.3594E-01  1.1771E-01 -1.1787E+00  5.8660E-02  8.0422E-01
 -9.0507E-01  2.4986E-03 -7.7616E-01  5.8660E-02  8.0422E-01
  3.9276E-01  9.5547E-02  1.1217E+00  5.8660E-02  8.0422E-01
 -1.9966E-01  1.0082E-01 -1.1711E+00  5.8660E-02  8.0422E-01
  1.0900E+00 -5.1298E-02 -4.6770E-01  5.8271E-02  8.2042E-01
 -8.8202E-01 -1.2997E-01  7.8394E-01  5.8271E-02  8.2042E-01
  9.5339E-01  1.6924E-01  6.7810E-01  5.7882E-02  8.3709E-01
  1.0188E+00  7.8453E-02 -5.8440E-01  5.7492E-02  8.5424E-01
  8.0136E-01  7.7006E-02  8.5878E-01  5.7492E-02  8.5424E-01
 -9.5757E-02  7.5516E-02 -1.1708E+00  5.7492E-02  8.5424E-01
  9.1505E-01 -1.4363E-01 -7.1838E-01  5.7101E-02  8.7190E-01
  5.1318E-01  1.6574E-01 -1.0353E+00  5.6710E-02  8.9009E-01
 -8.3740E-02  2.2627E-02  1.1641E+00  5.6710E-02  8.9009E-01
 -1.1558E+00  8.7274E-02 -1.3779E-01  5.6710E-02  8.9009E-01
 -1.1295E+00 -1.6741E-01  2.1793E-01  5.6317E-02  9.0882E-01
 -3.8874E-01  1.3163E-01  1.0876E+00  5.6317E-02  9.0882E-01
 -3.7959E-01  1.8109E-01 -1.0837E+00  5.6317E-02  9.0882E-01
 -1.1531E+00  9.2007E-02 -4.5899E-02  5.5924E-02  9.2814E-01
 -1.1074E+00 -9.4438E-02 -3.2427E-01  5.5924E-02  9.2814E-01
  1.1738E-01  1.2537E-01  1.1402E+00  5.5530E-02  9.4805E-01
  1.0955E+00  1.1370E-01  3.4126E-01  5.5530E-02  9.4805E-01
  7.0429E-01 -1.6243E-02 -9.1277E-01  5.5530E-02  9.4805E-01
  8.5603E-03  1.8072E-01 -1.1340E+00  5.5134E-02  9.6859E-01
  5.0670E-01 -9.1911E-02  1.0264E+00  5.5134E-02  9.6859E-01
 -9.5713E-01 -1.0294E-01 -6.2615E-01  5.5134E-02  9.6859E-01
 -9.1732E-01  5.4798E-03  6.8321E-01  5.4738E-02  9.8980E-01
  1.6662E-02 -5.3986E-02 -1.1424E+00  5.4738E-02  9.8980E-01
  6.6724E-01 -1.1022E-01  9.2245E-01  5.4738E-02  9.8980E-01
 -3.5504E-01  1.5185E-01  1.0718E+00  5.4340E-02  1.0117E+00
  1.0182E+00  3.0509E-02  5.1012E-01  5.4340E-02  1.0117E+00
 -7.0846E-01 -1.1203E-01 -8.8516E-01  5.4340E-02  1.0117E+00
  1.1340E+00  1.0930E-01  1.1752E-02  5.4340E-02  1.0117E+00
  7.3170E-01  1.3718E-01 -8.5653E-01  5.3941E-02  1.0343E+00
  6.7954E-01  1.8033E-01 -8.9082E-01  5.3941E-02  1.0343E+00
 -4.1535E-01  1.0303E-01 -1.0463E+00  5.3541E-02  1.0577E+00
  1.1157E+00 -7.6854E-02 -1.6478E-01  5.3541E-02  1.0577E+00
 -1.0877E+00  1.1845E-01 -2.8413E-01  5.3541E-02  1.0577E+00
  1.1141E+00 -1.4237E-01 -1.2831E-01  5.3541E-02  1.0577E+00
 -1.0631E+00 -1.5936E-01 -3.3545E-01  5.3139E-02  1.0818E+00
  9.4701E-01  1.8396E-01  5.7265E-01  5.2736E-02  1.1068E+00
  3.9802E-01  1.6192E-01  1.0318E+00  5.2331E-02  1.1327E+00
  6.0759E-01  2.0305E-03  9.3318E-01  5.1925E-02  1.1595E+00
 -6.6501E-02 -1.8589E-01  1.0959E+00  5.1925E-02  1.1595E+00
 -1.0384E+00  1.3713E-01 -3.6593E-01  5.1516E-02  1.1873E+00
  8.1695E-02  1.3696E-01 -1.0980E+00  5.1516E-02  1.1873E+00
 -6.6609E-01 -4.4572E-02  8.8618E-01  5.1516E-02  1.1873E+00
 -7.5380E-01  1.5902E-01 -7.9842E-01  5.1516E-02  1.1873E+00
  3.3085E-01 -3.7228E-02  1.0584E+00  5.1516E-02  1.1873E+00
 -1.0987E+00 -4.5749E-02  1.1346E-01  5.1106E-02  1.2161E+00
  6.5923E-01 -1.0134E-02 -8.8738E-01  5.1106E-02  1.2161E+00
 -9.2875E-01 -4.1155E-02  5.9093E-01  5.0694E-02  1.2461E+00
 -3.6222E-01 -7.9951E-02  1.0372E+00  5.0694E-02  1.2461E+00
  5.5360E-02 -1.5645E-01  1.0890E+00  5.0694E-02  1.2461E+00
 -1.0890E+00 -6.0346E-02  1.5426E-01  5.0694E-02  1.2461E+00
 -1.0922E+00  1.3931E-01  3.3131E-02  5.0694E-02  1.2461E+00
  1.0936E+00 -1.1398E-01 -6.7239E-02  5.0694E-02  1.2461E+00
 -1.0912E+00  1.1855E-01  1.7487E-02  5.0279E-02  1.2771E+00
 -1.0058E+00 -1.3379E-01  4.1887E-01  5.0279E-02  1.2771E+00
 -2.5186E-01 -9.9319E-02 -1.0638E+00  5.0279E-02  1.2771E+00
  4.1260E-02 -8.4105E-02  1.0937E+00  5.0279E-02  1.2771E+00
  1.2365E-01  2.4978E-03 -1.0869E+00  4.9863E-02  1.3094E+00
 -7.1178E-01  1.8383E-01  8.0506E-01  4.9444E-02  1.3430E+00
 -3.1981E-01 -4.1532E-02 -1.0414E+00  4.9444E-02  1.3430E+00
 -1.0383E+00  3.3391E-02  3.1845E-01  4.9022E-02  1.3780E+00
  1.0745E+00  1.5654E-01 -3.8210E-02  4.9022E-02  1.3780E+00
 -5.5206E-01  8.1087E-02 -9.3233E-01  4.9022E-02  1.3780E+00
 -8.8325E-01 -1.5920E-01  6.1247E-01  4.9022E-02  1.3780E+00
  1.2570E-01 -1.3241E-01  1.0711E+00  4.9022E-02  1.3780E+00
  6.0287E-01  7.2164E-02  8.9675E-01  4.8597E-02  1.4144E+00
 -3.3714E-01  2.9866E-02 -1.0287E+00  4.8597E-02  1.4144E+00
 -2.2252E-01 -1.6689E-01  1.0466E+00  4.8597E-02  1.4144E+00
  1.0053E+00 -8.0653E-03 -4.0256E-01  4.8597E-02  1.4144E+00
 -9.4517E-01  8.4493E-02  5.1454E-01  4.8170E-02  1.4524E+00
 -1.0529E+00 -1.6317E-01 -1.7310E-01  4.8170E-02  1.4524E+00
 -7.2309E-01  9.4843E-02 -7.9585E-01  4.8170E-02  1.4524E+00
 -1.0688E+00  1.3058E-01 -7.7030E-02  4.8170E-02  1.4524E+00
 -9.8168E-01  1.5485E-01  4.1248E-01  4.7739E-02  1.4920E+00
 -1.8758E-01  1.7977E-01  1.0442E+00  4.7739E-02  1.4920E+00
 -2.6317E-01  5.0703E-02  1.0421E+00  4.7739E-02  1.4920E+00
  9.8984E-01 -6.3466E-02  4.0835E-01  4.7306E-02  1.5334E+00
 -1.0391E+00  1.3966E-01 -2.2671E-01  4.7306E-02  1.5334E+00
 -7.6858E-01 -8.9694E-02  7.4284E-01  4.7306E-02  1.5334E+00
  2.6375E-01  7.1072E-02  1.0373E+00  4.7306E-02  1.5334E+00
 -1.0701E+00  5.3316E-02 -5.0708E-02  4.7306E-02  1.5334E+00
 -1.8545E-01 -5.9419E-03 -1.0565E+00  4.7306E-02  1.5334E+00
  1.0588E-01  1.0227E-02  1.0674E+00  4.7306E-02  1.5334E+00
  7.8739E-01 -1.2746E-01 -7.1222E-01  4.6868E-02  1.5768E+00
 -3.0119E-01 -9.7820E-02  1.0214E+00  4.6868E-02  1.5768E+00
  9.6972E-01 -1.7532E-01  4.1520E-01  4.6868E-02  1.5768E+00
  1.0119E+00  2.4274E-02  3.4502E-01  4.6868E-02  1.5768E+00
 -4.3953E-01 -3.3326E-02 -9.7073E-01  4.6427E-02  1.6222E+00
 -1.0516E+00 -5.4119E-02 -1.6681E-01  4.6427E-02  1.6222E+00
  6.2008E-01 -1.4405E-01 -8.5519E-01  4.6427E-02  1.6222E+00
 -7.8032E-01 -1.5658E-01  7.0936E-01  4.6427E-02  1.6222E+00
 -1.0290E+00  3.5461E-02 -2.7661E-01  4.6427E-02  1.6222E+00
  5.1824E-02  1.3260E-01  1.0534E+00  4.5982E-02  1.6697E+00
 -7.8316E-01 -1.5003E-02 -7.1399E-01  4.5533E-02  1.7196E+00
 -9.1603E-01 -1.5117E-01 -5.1124E-01  4.5533E-02  1.7196E+00
  7.5934E-01  4.1002E-02 -7.3828E-01  4.5533E-02  1.7196E+00
 -1.0448E+00 -1.5626E-01 -8.5647E-02  4.5533E-02  1.7196E+00
  8.1405E-01  2.0727E-03  6.7401E-01  4.5079E-02  1.7721E+00
 -3.9311E-02 -3.5775E-02  1.0555E+00  4.5079E-02  1.7721E+00
  1.9539E-02  9.8624E-03  1.0566E+00  4.5079E-02  1.7721E+00
  8.3810E-01 -4.6000E-02  6.4221E-01  4.5079E-02  1.7721E+00
 -6.8327E-01 -1.4252E-01  7.9360E-01  4.5079E-02  1.7721E+00
 -6.3782E-01  1.7579E-01  8.2040E-01  4.4620E-02  1.8273E+00
  9.9170E-01  1.7547E-01  3.1065E-01  4.4620E-02  1.8273E+00
  9.1303E-01 -1.2852E-01 -5.0458E-01  4.4156E-02  1.8855E+00
 -1.0263E+00  7.0704E-02 -2.1572E-01  4.4156E-02  1.8855E+00
  1.0122E+00  1.2383E-02  2.7242E-01  4.3687E-02  1.9469E+00
  1.0474E+00  4.1835E-02 -7.9606E-04  4.3687E-02  1.9469E+00
 -6.4165E-01  1.5379E-01 -8.1457E-01  4.3687E-02  1.9469E+00
  7.6691E-01  4.2060E-02 -7.1342E-01  4.3687E-02  1.9469E+00
 -3.0571E-01 -5.0672E-02 -1.0014E+00  4.3687E-02  1.9469E+00
 -4.4755E-01  1.7794E-02 -9.4777E-01  4.3687E-02  1.9469E+00
  7.7469E-01  5.1810E-03 -7.0217E-01  4.3212E-02  2.0119E+00
  1.0301E+00 -1.7653E-01  3.1062E-02  4.3212E-02  2.0119E+00
 -1.0177E+00 -6.2664E-02 -2.3139E-01  4.3212E-02  2.0119E+00
 -6.3324E-01  1.3484E-01 -8.1764E-01  4.2730E-02  2.0806E+00
  1.0239E+00 -1.6907E-01  1.0320E-01  4.2730E-02  2.0806E+00
 -8.6028E-01  2.3491E-02  5.8912E-01  4.2730E-02  2.0806E+00
  1.0248E+00 -1.8290E-01 -6.3084E-02  4.2730E-02  2.0806E+00
  1.0335E+00 -1.2835E-01  5.6371E-02  4.2730E-02  2.0806E+00
 -5.2397E-01 -8.3002E-02 -8.9792E-01  4.2730E-02  2.0806E+00
  1.0405E+00 -2.0202E-02 -6.8772E-02  4.2730E-02  2.0806E+00
 -2.1271E-01 -1.6996E-01 -1.0041E+00  4.2242E-02  2.1536E+00
  9.8079E-01  1.7655E-01  2.9874E-01  4.2242E-02  2.1536E+00
 -3.8189E-01  4.6026E-03  9.6773E-01  4.2242E-02  2.1536E+00
 -4.3686E-01 -7.3480E-02  9.4134E-01  4.2242E-02  2.1536E+00
  8.1599E-01  1.6124E-01  6.2076E-01  4.1747E-02  2.2312E+00
 -5.3193E-01 -1.1474E-01  8.8095E-01  4.1244E-02  2.3138E+00
  9.9616E-01 -1.5116E-01  2.3879E-01  4.1244E-02  2.3138E+00
  1.8053E-01  5.0003E-02 -1.0184E+00  4.1244E-02  2.3138E+00
  9.4486E-01 -8.8991E-02  4.0827E-01  4.0733E-02  2.4020E+00
 -9.0126E-01  9.5939E-02 -4.9587E-01  4.0733E-02  2.4020E+00
 -8.4910E-02  6.3421E-02  1.0254E+00  4.0213E-02  2.4964E+00
 -8.7808E-01  1.3721E-01 -5.2236E-01  4.0213E-02  2.4964E+00
  9.6691E-01  3.9644E-02  3.5527E-01  4.0213E-02  2.4964E+00
  1.0013E+00  1.4729E-01 -1.8425E-01  3.9683E-02  2.5977E+00
  8.3317E-01  1.2938E-01 -5.8933E-01  3.9683E-02  2.5977E+00
  7.4032E-01 -1.1449E-01 -7.0194E-01  3.9143E-02  2.7067E+00
 -5.1675E-01  1.5623E-01 -8.7319E-01  3.9143E-02  2.7067E+00
  7.6205E-01  1.6077E-01  6.6572E-01  3.8592E-02  2.8243E+00
  1.0108E+00 -1.6528E-01  2.5272E-02  3.8592E-02  2.8243E+00
 -9.6400E-01  6.9214E-02  3.4009E-01  3.8592E-02  2.8243E+00
 -2.0806E-01 -9.1335E-02  9.9906E-01  3.8592E-02  2.8243E+00
  1.0026E+00 -1.3480E-01  1.4956E-01  3.8029E-02  2.9517E+00
  4.7706E-02  4.8439E-02  1.0204E+00  3.8029E-02  2.9517E+00
 -9.8976E-01 -5.8943E-02 -2.4257E-01  3.7452E-02  3.0900E+00
  9.8497E-01  5.4540E-02 -2.6230E-01  3.7452E-02  3.0900E+00
  1.0079E+00  1.2608E-01 -1.0053E-01  3.7452E-02  3.0900E+00
 -9.8588E-01  1.5642E-01  2.1336E-01  3.7452E-02  3.0900E+00
 -4.7634E-01  4.5213E-02 -8.9964E-01  3.6862E-02  3.2409E+00
  1.0186E+00  2.2744E-02 -1.2356E-02  3.6862E-02  3.2409E+00
  1.7628E-01 -3.7801E-02 -1.0012E+00  3.6256E-02  3.4062E+00
  8.9565E-01  1.4712E-01  4.5933E-01  3.6256E-02  3.4062E+00
  6.4232E-01 -1.8342E-01 -7.6721E-01  3.6256E-02  3.4062E+00
  3.3481E-01  2.0947E-02  9.6036E-01  3.6256E-02  3.4062E+00
 -4.1447E-01 -1.5693E-01 -9.1383E-01  3.5633E-02  3.5880E+00
 -6.7392E-01 -7.7581E-02 -7.5586E-01  3.5633E-02  3.5880E+00
 -7.7107E-01  1.2115E-02  6.6092E-01  3.5633E-02  3.5880E+00
 -4.6914E-02 -1.0317E-01 -1.0093E+00  3.5633E-02  3.5880E+00
 -9.8191E-01  1.3350E-01  2.2258E-01  3.5633E-02  3.5880E+00
  9.8231E-01 -1.3883E-01 -2.1012E-01  3.4991E-02  3.7890E+00
  4.2073E-01 -3.3653E-02 -9.2207E-01  3.4991E-02  3.7890E+00
  1.2210E-01 -1.3615E-01 -9.9745E-01  3.4991E-02  3.7890E+00
 -3.8483E-01 -1.7604E-01 -9.1994E-01  3.4329E-02  4.0125E+00
 -9.9961E-01 -1.2796E-01 -9.8887E-02  3.4329E-02  4.0125E+00
 -6.1992E-01  9.1025E-04 -8.0067E-01  3.4329E-02  4.0125E+00
 -6.7019E-01  6.0138E-02  7.5485E-01  3.3644E-02  4.2626E+00
  1.1629E-02  1.3624E-01  1.0019E+00  3.3644E-02  4.2626E+00
  8.5314E-01 -7.6112E-02 -5.3752E-01  3.3644E-02  4.2626E+00
 -1.0030E+00  2.6273E-02  1.2618E-01  3.3644E-02  4.2626E+00
  3.1576E-02  5.1388E-03  1.0107E+00  3.3644E-02  4.2626E+00
  3.1171E-01  1.3828E-01 -9.5060E-01  3.2934E-02  4.5444E+00
  5.0391E-01 -1.1191E-01  8.6803E-01  3.2934E-02  4.5444E+00
  7.6070E-01  2.4452E-05 -6.6427E-01  3.2934E-02  4.5444E+00
  5.7481E-01  1.9343E-02  8.3014E-01  3.2934E-02  4.5444E+00
 -9.3239E-01 -1.1050E-01  3.6860E-01  3.2195E-02  4.8645E+00
 -6.3314E-01 -1.6128E-01  7.6848E-01  3.2195E-02  4.8645E+00
  5.0015E-01  9.1354E-02 -8.7117E-01  3.2195E-02  4.8645E+00
  4.0592E-02  3.6321E-02  1.0072E+00  3.2195E-02  4.8645E+00
 -3.2338E-01 -1.1586E-01 -9.4717E-01  3.1425E-02  5.2312E+00
 -5.0205E-01 -1.2069E-01 -8.6516E-01  3.1425E-02  5.2312E+00
 -9.3405E-01  1.3812E-01  3.5155E-01  3.1425E-02  5.2312E+00
 -8.1182E-01  1.3680E-01  5.8083E-01  3.1425E-02  5.2312E+00
 -5.7897E-01 -3.2159E-02 -8.2394E-01  3.1425E-02  5.2312E+00
 -4.5303E-01  1.0202E-01 -8.9293E-01  3.0618E-02  5.6557E+00
  8.1677E-01 -1.1740E-01 -5.7626E-01  3.0618E-02  5.6557E+00
  8.4139E-01  9.3419E-02 -5.4251E-01  2.9770E-02  6.1530E+00
  1.4122E-01  1.2763E-02 -9.9543E-01  2.9770E-02  6.1530E+00
 -7.8459E-01  1.2686E-01 -6.1588E-01  2.9770E-02  6.1530E+00
 -8.2718E-01 -1.7052E-01  5.4560E-01  2.9770E-02  6.1530E+00
 -1.0013E+00  5.3198E-02 -6.0789E-02  2.8874E-02  6.7438E+00
 -5.2691E-01 -1.6204E-01 -8.3980E-01  2.8874E-02  6.7438E+00
  8.1161E-01  3.7947E-02  5.9078E-01  2.8874E-02  6.7438E+00
  5.9535E-01  1.4865E-01 -7.9434E-01  2.7921E-02  7.4574E+00
  5.2135E-01  1.7685E-01  8.3930E-01  2.7921E-02  7.4574E+00
  4.3726E-01  1.6812E-01 -8.8772E-01  2.7921E-02  7.4574E+00
 -9.8485E-01  1.4305E-01 -1.3084E-01  2.7921E-02  7.4574E+00
  6.1531E-01 -8.7835E-02  7.8721E-01  2.6903E-02  8.3369E+00
  8.8343E-01 -9.2067E-02  4.6594E-01  2.6903E-02  8.3369E+00
 -6.6025E-02 -1.2667E-01 -9.9278E-01  2.6903E-02  8.3369E+00
 -2.2644E-01 -7.5671E-02 -9.7418E-01  2.6903E-02  8.3369E+00
  3.2937E-01  6.0736E-02 -9.4473E-01  2.5804E-02  9.4481E+00
 -1.7112E-01  1.0101E-01 -9.8245E-01  2.5804E-02  9.4481E+00
  7.3188E-01 -1.5856E-01 -6.6626E-01  2.5804E-02  9.4481E+00
  4.8916E-01 -9.8797E-03  8.7483E-01  2.5804E-02  9.4481E+00
 -8.1456E-01  3.1850E-02  5.8224E-01  2.4606E-02  1.0897E+01
 -5.8563E-01 -1.7192E-01  7.9437E-01  2.4606E-02  1.0897E+01
  9.5879E-01  1.7835E-01 -2.2899E-01  2.4606E-02  1.0897E+01
 -9.8566E-01  1.6273E-01 -6.7281E-02  2.3280E-02  1.2866E+01
  3.8119E-01 -1.4710E-01 -9.1366E-01  2.1787E-02  1.5696E+01
  9.9132E-01  1.2274E-02 -1.3727E-01  2.1787E-02  1.5696E+01
  4.9927E-01  4.8941E-03 -8.6742E-01  2.1787E-02  1.5696E+01
 -9.6284E-01 -1.8241E-01  2.0177E-01  2.0058E-02  2.0115E+01
  2.2898E-01 -2.5137E-02  9.7364E-01  2.0058E-02  2.0115E+01
 -9.6205E-01  3.0038E-02 -2.7311E-01  2.0058E-02  2.0115E+01
 -7.4906E-01 -4.5305E-02  6.6174E-01  2.0058E-02  2.0115E+01
  9.8911E-01 -5.4667E-02 -1.4042E-01  2.0058E-02  2.0115E+01
  6.8828E-01  1.6628E-01  7.0651E-01  1.7969E-02  2.7981E+01
