0.22994742857143D+02       633
(x,y,z) position of the X-ray source
 -0.1674E+01 -0.3468E-01 -0.6617E+00
x | y | z | R | rho
 -1.0663E+00  1.6524E-01  9.8749E+00  3.2103E-01  4.9065E-03
  1.2199E+00 -2.7607E-01  9.1572E+00  3.0553E-01  5.6919E-03
  2.5980E-02  3.1172E-01  8.9949E+00  3.0001E-01  6.0118E-03
 -9.3498E-01  8.6496E-02  8.7812E+00  2.9612E-01  6.2517E-03
 -1.8307E+00  6.3874E-02  8.5899E+00  2.9501E-01  6.3228E-03
  1.8661E+00  9.5186E-02  8.2486E+00  2.8744E-01  6.8356E-03
 -1.8047E+00 -2.1189E-01  8.1985E+00  2.8603E-01  6.9372E-03
 -1.7395E+00  2.8884E-01  8.1979E+00  2.8574E-01  6.9578E-03
 -1.5091E+00 -1.7311E-01  8.2100E+00  2.8490E-01  7.0201E-03
  1.2533E+00 -1.0187E-02  8.1939E+00  2.8348E-01  7.1258E-03
  1.0872E+00 -2.0281E-01  8.0575E+00  2.7979E-01  7.4119E-03
 -1.9834E+00 -1.5917E-01  7.7869E+00  2.7750E-01  7.5963E-03
 -1.3173E-01  1.4992E-01  8.0226E+00  2.7722E-01  7.6199E-03
 -4.4309E-01  1.9751E-01  7.9744E+00  2.7636E-01  7.6911E-03
  1.1053E+00 -7.7839E-02  7.8998E+00  2.7607E-01  7.7151E-03
 -1.9655E+00  6.1322E-02  7.5702E+00  2.7234E-01  8.0368E-03
 -7.4433E-01  2.5698E-01  7.7576E+00  2.7176E-01  8.0880E-03
 -5.2854E-01  1.4281E-01  7.3472E+00  2.6130E-01  9.0986E-03
 -1.7380E+00  3.3483E-01  6.8818E+00  2.5483E-01  9.8098E-03
  7.0023E-01  6.7639E-02  7.0589E+00  2.5453E-01  9.8440E-03
 -2.6165E-01 -2.3812E-01  7.0256E+00  2.5305E-01  1.0018E-02
  1.3005E-01  6.5644E-02  7.0330E+00  2.5305E-01  1.0018E-02
  3.2042E-01  3.2534E-01  6.8533E+00  2.4889E-01  1.0529E-02
  2.1188E-01  3.4483E-02  6.7822E+00  2.4680E-01  1.0799E-02
  2.7212E-01  2.4349E-01  6.7521E+00  2.4620E-01  1.0878E-02
  1.5178E+00 -1.6662E-01  6.4537E+00  2.4289E-01  1.1328E-02
 -6.7556E-01  4.0548E-02  6.5498E+00  2.4169E-01  1.1499E-02
  1.0436E-01  1.4904E-01  6.4524E+00  2.3836E-01  1.1987E-02
 -1.1811E+00 -2.0857E-01  6.1269E+00  2.3287E-01  1.2854E-02
  6.3054E-01 -1.6341E-01  6.1855E+00  2.3226E-01  1.2956E-02
  1.4920E+00 -4.5986E-02  5.7116E+00  2.2393E-01  1.4456E-02
 -4.8623E-01 -7.5773E-02  5.8477E+00  2.2300E-01  1.4638E-02
  1.3673E-01  2.4344E-01  5.7567E+00  2.2020E-01  1.5204E-02
 -9.7572E-01 -6.5738E-04  5.4795E+00  2.1486E-01  1.6365E-02
  5.6712E-02  8.2820E-02  5.5300E+00  2.1392E-01  1.6583E-02
  1.0076E+00  1.0831E-01  5.3665E+00  2.1202E-01  1.7032E-02
 -9.0180E-01 -6.6594E-02  5.3155E+00  2.1012E-01  1.7499E-02
 -1.4834E+00  2.8288E-01  5.1038E+00  2.0821E-01  1.7985E-02
  1.5089E+00 -1.3712E-01  5.0541E+00  2.0693E-01  1.8320E-02
 -1.7688E+00 -9.4079E-02  4.8844E+00  2.0469E-01  1.8928E-02
  6.4776E-01  1.4152E-01  4.9677E+00  1.9954E-01  2.0432E-02
 -1.6340E+00 -2.0260E-01  4.5393E+00  1.9435E-01  2.2115E-02
 -1.0155E+00  2.2070E-01  4.6104E+00  1.9140E-01  2.3151E-02
 -1.2793E+00  1.2078E-01  4.4417E+00  1.8844E-01  2.4258E-02
  1.7472E+00 -1.5574E-01  4.1555E+00  1.8514E-01  2.5581E-02
 -1.7022E+00 -1.0543E-01  4.0657E+00  1.8215E-01  2.6862E-02
  1.3210E+00  1.9792E-01  4.1899E+00  1.8181E-01  2.7010E-02
 -1.4461E+00  1.9204E-01  4.1367E+00  1.8148E-01  2.7159E-02
 -3.9073E-01  1.3812E-02  4.3012E+00  1.7948E-01  2.8079E-02
 -1.2297E+00  7.9051E-02  3.9988E+00  1.7544E-01  3.0060E-02
 -5.7201E-01  2.0523E-01  4.0723E+00  1.7342E-01  3.1126E-02
 -6.6418E-01  1.6676E-01  3.9923E+00  1.7139E-01  3.2247E-02
  1.6468E-01  7.6989E-02  4.0465E+00  1.7139E-01  3.2247E-02
 -1.6793E+00 -1.7913E-01  3.6083E+00  1.6934E-01  3.3426E-02
 -7.1579E-01 -1.8351E-01  3.8809E+00  1.6832E-01  3.4039E-02
  6.9582E-02  1.5793E-01  3.9469E+00  1.6832E-01  3.4039E-02
  1.3601E+00  1.7146E-01  3.6344E+00  1.6627E-01  3.5315E-02
  5.8435E-01  1.5481E-02  3.7063E+00  1.6215E-01  3.8079E-02
 -1.6643E+00  1.2904E-01  3.3604E+00  1.6215E-01  3.8079E-02
 -9.3656E-01  9.1477E-03  3.5881E+00  1.6076E-01  3.9070E-02
  2.8497E-01  1.0309E-01  3.6849E+00  1.6042E-01  3.9323E-02
 -1.0206E+00 -1.8954E-02  3.5422E+00  1.6007E-01  3.9579E-02
 -8.9468E-01 -1.2343E-01  3.5741E+00  1.6007E-01  3.9579E-02
 -7.8458E-01 -2.5173E-01  3.5707E+00  1.5938E-01  4.0097E-02
  1.6053E+00  7.3191E-02  3.2569E+00  1.5834E-01  4.0893E-02
  1.8070E+00 -5.5628E-03  3.0621E+00  1.5590E-01  4.2840E-02
  8.2106E-01  2.0367E-01  3.4199E+00  1.5486E-01  4.3715E-02
  1.3424E+00 -2.2487E-01  3.1084E+00  1.5065E-01  4.7481E-02
  1.5167E+00  2.3518E-01  2.9660E+00  1.4889E-01  4.9186E-02
  3.8167E-01  1.7424E-01  3.2915E+00  1.4818E-01  4.9893E-02
  1.4150E+00 -1.8322E-01  2.8295E+00  1.4321E-01  5.5267E-02
 -1.0214E+00  1.9323E-01  2.9935E+00  1.4321E-01  5.5267E-02
  7.9612E-03  1.0570E-02  3.1371E+00  1.4214E-01  5.6525E-02
 -1.3515E+00  1.7675E-01  2.8256E+00  1.4214E-01  5.6525E-02
  1.2732E-01  6.2737E-02  3.1233E+00  1.4178E-01  5.6953E-02
  9.1023E-01  1.7073E-01  2.9862E+00  1.4178E-01  5.6953E-02
 -1.1584E+00 -2.0546E-01  2.8854E+00  1.4143E-01  5.7386E-02
  6.3273E-01 -1.5343E-01  3.0148E+00  1.4035E-01  5.8712E-02
  3.7908E-01  3.3828E-02  3.0395E+00  1.3964E-01  5.9620E-02
  2.4238E-01 -2.3100E-01  3.0343E+00  1.3928E-01  6.0082E-02
 -1.6667E+00 -1.7156E-01  2.5141E+00  1.3820E-01  6.1497E-02
 -8.7191E-01 -8.7903E-02  2.8804E+00  1.3784E-01  6.1979E-02
  7.0306E-01 -8.1596E-02  2.9156E+00  1.3748E-01  6.2467E-02
  2.3456E-01 -1.7839E-01  2.9543E+00  1.3640E-01  6.3962E-02
 -8.4748E-01 -2.1696E-01  2.7717E+00  1.3424E-01  6.7108E-02
 -1.8048E+00 -2.1997E-02  2.2649E+00  1.3388E-01  6.7653E-02
 -4.5871E-01  4.1342E-03  2.7550E+00  1.3025E-01  7.3466E-02
 -9.6954E-01 -4.6340E-02  2.5969E+00  1.2952E-01  7.4711E-02
 -8.8065E-01 -1.0008E-01  2.6053E+00  1.2879E-01  7.5987E-02
 -1.0055E+00 -2.4007E-03  2.5617E+00  1.2879E-01  7.5987E-02
  1.7123E+00 -1.2658E-01  2.0850E+00  1.2697E-01  7.9312E-02
  1.7386E+00 -4.2379E-02  1.9998E+00  1.2514E-01  8.2844E-02
 -6.8912E-01 -8.5120E-02  2.5472E+00  1.2477E-01  8.3577E-02
  1.5724E+00 -8.8656E-03 -1.9178E+00  1.1888E-01  9.6634E-02
  1.1675E+00  1.6715E-01  2.1591E+00  1.1814E-01  9.8461E-02
 -1.8841E+00 -1.4411E-01  1.5755E+00  1.1814E-01  9.8461E-02
  1.6659E-01 -1.4850E-01  2.4204E+00  1.1702E-01  1.0129E-01
  7.7417E-01  1.3919E-01  2.2584E+00  1.1554E-01  1.0525E-01
  3.1863E-03 -5.4874E-02  2.3811E+00  1.1517E-01  1.0627E-01
  4.8865E-01  2.0219E-01  2.3022E+00  1.1442E-01  1.0836E-01
  4.3444E-02  2.0383E-01  2.3432E+00  1.1405E-01  1.0942E-01
 -1.4347E+00 -1.9533E-01 -1.8541E+00  1.1405E-01  1.0942E-01
  9.1956E-02 -1.4954E-01  2.3167E+00  1.1293E-01  1.1270E-01
 -1.6051E+00 -4.2336E-02 -1.6525E+00  1.1219E-01  1.1496E-01
  1.8703E+00  9.3111E-02  1.3257E+00  1.1182E-01  1.1612E-01
  1.7636E+00  1.2891E-01  1.4469E+00  1.1144E-01  1.1729E-01
  1.4533E+00  7.0113E-02  1.7492E+00  1.1107E-01  1.1847E-01
  1.1098E+00  3.2581E-02  1.9749E+00  1.1070E-01  1.1968E-01
  1.6573E-01  1.7535E-01  2.2527E+00  1.1070E-01  1.1968E-01
  1.6349E+00  1.8309E-01 -1.5578E+00  1.1070E-01  1.1968E-01
 -1.6979E+00 -7.7617E-02 -1.4836E+00  1.1032E-01  1.2090E-01
  1.7942E+00  9.9152E-02  1.3483E+00  1.0995E-01  1.2214E-01
 -1.7607E-02 -1.7625E-02  2.1988E+00  1.0808E-01  1.2859E-01
 -1.0735E+00  4.1191E-02 -1.9079E+00  1.0770E-01  1.2994E-01
 -1.5646E-01  1.0062E-02  2.1744E+00  1.0733E-01  1.3131E-01
  1.8576E+00  9.9105E-02 -1.1002E+00  1.0658E-01  1.3410E-01
  1.1447E+00  6.8414E-02 -1.8209E+00  1.0620E-01  1.3553E-01
  1.4576E+00  1.3936E-01 -1.5768E+00  1.0620E-01  1.3553E-01
  1.8018E+00 -6.1440E-02 -1.1576E+00  1.0582E-01  1.3698E-01
  1.5082E+00  1.4576E-01  1.5014E+00  1.0545E-01  1.3845E-01
 -1.5842E+00  1.2398E-01 -1.4091E+00  1.0507E-01  1.3994E-01
 -1.3779E+00 -6.8072E-03  1.5916E+00  1.0432E-01  1.4299E-01
 -7.3455E-01 -1.2525E-01  1.9590E+00  1.0394E-01  1.4454E-01
 -1.3063E+00  7.5673E-02  1.6373E+00  1.0394E-01  1.4454E-01
  1.2174E+00 -1.1658E-01  1.6907E+00  1.0357E-01  1.4613E-01
  1.3142E-01  1.0533E-01  2.0613E+00  1.0281E-01  1.4936E-01
  1.5388E+00 -1.4810E-01 -1.3738E+00  1.0281E-01  1.4936E-01
 -1.3524E+00  1.1500E-01 -1.5483E+00  1.0244E-01  1.5102E-01
 -8.4151E-01 -4.6247E-02  1.8786E+00  1.0244E-01  1.5102E-01
 -1.6008E+00  1.6376E-01  1.2698E+00  1.0206E-01  1.5269E-01
  1.0182E+00 -1.4189E-01  1.7734E+00  1.0206E-01  1.5269E-01
 -8.5041E-01  1.4147E-01 -1.8496E+00  1.0168E-01  1.5440E-01
 -8.7406E-01 -1.2956E-02  1.8338E+00  1.0131E-01  1.5613E-01
 -7.0500E-01 -5.9865E-03  1.9052E+00  1.0131E-01  1.5613E-01
  1.7927E+00 -1.8972E-01  9.1658E-01  1.0093E-01  1.5789E-01
 -8.5505E-01 -4.6471E-02 -1.8321E+00  1.0093E-01  1.5789E-01
  6.2954E-01 -1.3506E-01 -1.9075E+00  1.0055E-01  1.5967E-01
 -1.3149E+00 -1.0177E-01 -1.5091E+00  1.0017E-01  1.6148E-01
 -1.2768E+00  1.8690E-01 -1.5335E+00  1.0017E-01  1.6148E-01
  1.2698E+00 -9.7972E-02 -1.5357E+00  9.9797E-02  1.6332E-01
 -1.8448E+00  1.8867E-01 -7.1111E-01  9.9419E-02  1.6519E-01
 -5.6219E-01 -1.9340E-01  1.8950E+00  9.9419E-02  1.6519E-01
  1.2154E+00  1.6249E-01 -1.5394E+00  9.8663E-02  1.6902E-01
  7.3022E-01 -1.7185E-01  1.8195E+00  9.8663E-02  1.6902E-01
 -1.1809E+00 -4.0077E-02 -1.5739E+00  9.8663E-02  1.6902E-01
  1.5492E+00  1.3187E-01 -1.1771E+00  9.7907E-02  1.7297E-01
  4.1724E-01  1.1707E-01  1.8922E+00  9.7529E-02  1.7499E-01
 -8.2377E-01 -8.0339E-02 -1.7460E+00  9.7150E-02  1.7704E-01
  6.2018E-01 -9.9924E-03 -1.8206E+00  9.6772E-02  1.7912E-01
  1.6732E+00  7.7451E-02  9.2726E-01  9.6393E-02  1.8124E-01
  7.7428E-02 -5.7974E-02  1.9121E+00  9.6393E-02  1.8124E-01
  1.7758E+00  5.0445E-02 -6.8965E-01  9.6015E-02  1.8340E-01
  6.8021E-01 -1.0976E-01  1.7768E+00  9.6015E-02  1.8340E-01
  1.8858E+00  1.5087E-01  1.3812E-01  9.5636E-02  1.8558E-01
  1.8766E+00  9.1674E-02 -2.6103E-01  9.5636E-02  1.8558E-01
  1.2790E+00 -7.1922E-02  1.3870E+00  9.5257E-02  1.8781E-01
  7.6319E-01 -1.0068E-01  1.7240E+00  9.5257E-02  1.8781E-01
 -8.6009E-01 -1.6929E-01 -1.6722E+00  9.5257E-02  1.8781E-01
  1.7344E+00 -2.4031E-02 -7.2306E-01  9.4878E-02  1.9007E-01
  6.5563E-01  1.8917E-01  1.7510E+00  9.4878E-02  1.9007E-01
  5.9262E-02 -1.4652E-01 -1.8551E+00  9.4120E-02  1.9470E-01
  8.3053E-01  4.9802E-03  1.6663E+00  9.4120E-02  1.9470E-01
  4.9918E-01  4.3241E-02  1.7931E+00  9.4120E-02  1.9470E-01
  1.5388E+00 -7.6415E-02  1.0297E+00  9.3741E-02  1.9707E-01
 -1.2234E+00 -1.6256E-02  1.3802E+00  9.3361E-02  1.9948E-01
 -2.3130E-01 -1.0507E-01 -1.8181E+00  9.2982E-02  2.0193E-01
  1.2746E+00 -1.0122E-01 -1.3172E+00  9.2982E-02  2.0193E-01
  7.9149E-01 -8.5678E-02  1.6541E+00  9.2982E-02  2.0193E-01
  1.0356E+00 -1.0324E-01  1.5122E+00  9.2982E-02  2.0193E-01
 -1.1938E+00  9.5902E-02  1.3912E+00  9.2982E-02  2.0193E-01
  8.0968E-01  1.1936E-01  1.6335E+00  9.2603E-02  2.0443E-01
  1.4084E+00  1.3699E-01  1.1421E+00  9.2223E-02  2.0696E-01
  1.6019E+00 -8.5354E-02  8.5638E-01  9.2223E-02  2.0696E-01
  1.0391E+00 -1.6589E-01 -1.4831E+00  9.2223E-02  2.0696E-01
 -1.4572E+00 -1.2091E-01  1.0521E+00  9.1464E-02  2.1216E-01
 -1.3840E+00  6.8638E-02 -1.1510E+00  9.1464E-02  2.1216E-01
  1.0711E+00  5.2365E-02 -1.4367E+00  9.1084E-02  2.1482E-01
 -1.5648E+00 -3.8611E-02 -8.5648E-01  9.0704E-02  2.1753E-01
  1.5219E+00 -1.1641E-01 -9.0751E-01  9.0325E-02  2.2029E-01
  1.7534E+00  1.6364E-01 -2.2858E-01  9.0325E-02  2.2029E-01
  1.5964E+00  1.5769E-01  7.6163E-01  9.0325E-02  2.2029E-01
 -1.5895E+00  1.7652E-01  7.7186E-01  9.0325E-02  2.2029E-01
  7.0005E-01  4.8890E-02 -1.6220E+00  8.9945E-02  2.2309E-01
 -1.4106E+00  6.9745E-02 -1.0484E+00  8.9565E-02  2.2594E-01
 -1.5097E+00 -1.6172E-01 -8.7113E-01  8.9185E-02  2.2884E-01
 -1.6748E+00  1.0724E-01 -4.6753E-01  8.8805E-02  2.3179E-01
 -1.5705E+00  1.8462E-01 -7.1081E-01  8.8425E-02  2.3479E-01
  5.2521E-01 -5.1011E-02 -1.6515E+00  8.8425E-02  2.3479E-01
  1.6028E+00 -1.6890E-01  6.1621E-01  8.8044E-02  2.3785E-01
  8.8040E-01  2.2269E-02  1.4838E+00  8.8044E-02  2.3785E-01
 -1.0650E+00 -2.3916E-02 -1.3574E+00  8.8044E-02  2.3785E-01
 -1.4479E+00 -1.3606E-01 -9.2851E-01  8.8044E-02  2.3785E-01
 -1.6826E-01  8.2891E-02 -1.7069E+00  8.7664E-02  2.4095E-01
  6.4917E-01 -8.3463E-02  1.5696E+00  8.6904E-02  2.4734E-01
 -1.4295E+00  1.3134E-01  8.9635E-01  8.6524E-02  2.5061E-01
 -3.2268E-01  2.3139E-02  1.6529E+00  8.6143E-02  2.5395E-01
 -1.0984E+00 -4.3285E-02  1.2652E+00  8.5763E-02  2.5734E-01
  1.6717E+00  1.2048E-01  1.5195E-03  8.5763E-02  2.5734E-01
  1.2185E+00 -6.2379E-03  1.1389E+00  8.5382E-02  2.6079E-01
 -1.5614E+00  1.5225E-01 -5.6663E-01  8.5382E-02  2.6079E-01
 -8.1858E-01  1.1567E-01  1.4393E+00  8.5002E-02  2.6431E-01
  1.2670E+00 -3.5924E-02  1.0717E+00  8.5002E-02  2.6431E-01
 -1.5518E+00 -4.5083E-02  5.6406E-01  8.4622E-02  2.6789E-01
 -1.1842E+00 -2.4214E-02 -1.1513E+00  8.4622E-02  2.6789E-01
  9.4867E-01  1.5818E-01  1.3330E+00  8.4241E-02  2.7154E-01
 -5.2019E-01  6.0904E-02  1.5581E+00  8.4241E-02  2.7154E-01
 -1.4975E+00  1.2315E-01  6.6660E-01  8.4241E-02  2.7154E-01
 -4.2602E-02  1.8643E-01  1.6326E+00  8.4241E-02  2.7154E-01
 -7.0718E-01 -1.0508E-01 -1.4801E+00  8.4241E-02  2.7154E-01
  8.8876E-01  8.2118E-02 -1.3708E+00  8.3861E-02  2.7525E-01
  1.6119E+00  1.0279E-01 -2.5853E-01  8.3861E-02  2.7525E-01
 -8.0906E-01 -1.9985E-02  1.4215E+00  8.3861E-02  2.7525E-01
 -2.7722E-01  9.2920E-02  1.6013E+00  8.3480E-02  2.7903E-01
  4.2168E-01 -1.7764E-01 -1.5621E+00  8.3480E-02  2.7903E-01
 -1.4812E+00 -1.8334E-01  6.4968E-01  8.3480E-02  2.7903E-01
 -8.8671E-01  1.1166E-01  1.3605E+00  8.3480E-02  2.7903E-01
  1.7333E-01 -8.2271E-04 -1.6105E+00  8.3100E-02  2.8288E-01
  1.6190E+00 -5.9587E-03 -5.0417E-02  8.3100E-02  2.8288E-01
 -3.7470E-01 -5.8162E-02 -1.5667E+00  8.2719E-02  2.8681E-01
 -1.5884E+00 -9.1539E-02 -2.0373E-01  8.2338E-02  2.9080E-01
 -1.4075E+00 -9.1001E-02 -7.6386E-01  8.2338E-02  2.9080E-01
 -9.8150E-01 -1.0853E-02 -1.2587E+00  8.1958E-02  2.9487E-01
  9.8529E-01 -1.0853E-01  1.2511E+00  8.1958E-02  2.9487E-01
  1.0691E+00  1.7818E-01  1.1718E+00  8.1958E-02  2.9487E-01
  1.2926E+00 -5.3337E-02 -9.2151E-01  8.1577E-02  2.9902E-01
  1.5708E+00 -3.3501E-02 -2.3313E-01  8.1577E-02  2.9902E-01
 -1.5784E+00 -3.3698E-02  1.7432E-01  8.1577E-02  2.9902E-01
  7.5252E-01 -1.2536E-01  1.3843E+00  8.1197E-02  3.0324E-01
 -1.1690E+00  1.2769E-01  1.0562E+00  8.1197E-02  3.0324E-01
  2.0419E-01 -1.3461E-01  1.5537E+00  8.0816E-02  3.0755E-01
  1.3451E+00 -2.5769E-02  8.1474E-01  8.0816E-02  3.0755E-01
  1.4608E+00 -5.5742E-03  5.8295E-01  8.0816E-02  3.0755E-01
 -1.3546E+00  6.8312E-03 -7.8390E-01  8.0435E-02  3.1193E-01
 -1.3682E+00 -3.4220E-02 -7.4318E-01  8.0055E-02  3.1640E-01
 -8.9652E-01  1.1326E-01 -1.2685E+00  8.0055E-02  3.1640E-01
  1.6932E-01  1.0483E-01 -1.5446E+00  8.0055E-02  3.1640E-01
 -4.9643E-01  2.5945E-02 -1.4760E+00  8.0055E-02  3.1640E-01
 -1.0359E+00  1.1249E-01  1.1575E+00  8.0055E-02  3.1640E-01
  1.3818E-01 -1.1827E-01 -1.5391E+00  7.9674E-02  3.2096E-01
 -2.2344E-01  1.2120E-01 -1.5288E+00  7.9674E-02  3.2096E-01
  1.4772E+00 -1.4751E-01 -3.8872E-01  7.8913E-02  3.3034E-01
 -1.4992E+00 -1.3589E-01 -2.0683E-01  7.8152E-02  3.4009E-01
 -9.6634E-02  6.0765E-02  1.5152E+00  7.8152E-02  3.4009E-01
 -1.2142E+00  1.5712E-01  8.9998E-01  7.8152E-02  3.4009E-01
 -1.5089E+00  1.5348E-01 -9.2685E-02  7.8152E-02  3.4009E-01
  3.1707E-02 -4.3152E-02  1.5186E+00  7.8152E-02  3.4009E-01
 -1.1609E+00 -3.2503E-03 -9.6874E-01  7.7771E-02  3.4511E-01
 -1.0362E+00 -1.2726E-01  1.0937E+00  7.7771E-02  3.4511E-01
  9.7004E-01 -7.6749E-02 -1.1476E+00  7.7390E-02  3.5022E-01
  6.1898E-01 -3.9238E-02  1.3708E+00  7.7390E-02  3.5022E-01
 -1.4957E+00 -6.6320E-02  4.2627E-03  7.7010E-02  3.5544E-01
 -1.3585E+00 -4.6896E-02 -6.2756E-01  7.7010E-02  3.5544E-01
  1.4864E+00  9.4511E-02  3.5334E-02  7.6629E-02  3.6076E-01
  1.4221E+00 -1.3457E-01 -4.2331E-01  7.6629E-02  3.6076E-01
  8.3816E-01 -5.7633E-02 -1.2303E+00  7.6629E-02  3.6076E-01
 -5.7852E-02  8.5455E-02  1.4789E+00  7.6248E-02  3.6619E-01
  3.2335E-03 -8.9961E-03 -1.4825E+00  7.6248E-02  3.6619E-01
  1.4644E+00  1.3588E-01 -1.1549E-01  7.5868E-02  3.7173E-01
 -1.2648E+00 -1.0506E-01 -7.5194E-01  7.5868E-02  3.7173E-01
 -5.8139E-01 -7.9351E-02  1.3535E+00  7.5868E-02  3.7173E-01
  7.2258E-02  2.3291E-02  1.4660E+00  7.5487E-02  3.7739E-01
 -6.2991E-01  8.0552E-03 -1.3259E+00  7.5487E-02  3.7739E-01
  5.4647E-01 -1.6863E-01 -1.3520E+00  7.5487E-02  3.7739E-01
 -8.3808E-01 -1.3466E-02  1.1963E+00  7.5106E-02  3.8315E-01
  1.1455E+00 -5.8912E-02 -8.9283E-01  7.4726E-02  3.8904E-01
  3.0584E-01 -1.3556E-01  1.4145E+00  7.4726E-02  3.8904E-01
 -4.3767E-01 -2.1569E-02 -1.3859E+00  7.4726E-02  3.8904E-01
  2.5215E-01  1.1890E-01  1.4193E+00  7.4345E-02  3.9504E-01
 -1.3186E+00 -1.8428E-01 -5.2788E-01  7.3584E-02  4.0743E-01
 -9.0165E-01  1.5943E-01  1.1013E+00  7.3584E-02  4.0743E-01
  1.4241E+00  2.5386E-02  5.0090E-02  7.3203E-02  4.1382E-01
  1.3107E+00  2.2548E-02  5.5920E-01  7.3203E-02  4.1382E-01
 -1.2463E+00 -5.0598E-02  6.8947E-01  7.3203E-02  4.1382E-01
  3.1240E-02  1.0002E-01  1.4214E+00  7.3203E-02  4.1382E-01
  1.1502E+00  1.7806E-01 -8.2252E-01  7.3203E-02  4.1382E-01
 -1.4116E+00  1.3201E-01  3.7502E-02  7.2822E-02  4.2035E-01
  1.2007E+00  2.9384E-03 -7.5482E-01  7.2822E-02  4.2035E-01
 -1.3740E+00  8.1394E-03  3.5156E-01  7.2822E-02  4.2035E-01
 -1.1430E+00 -1.2241E-01  8.1870E-01  7.2442E-02  4.2701E-01
 -1.3376E+00 -4.8860E-02 -4.4756E-01  7.2442E-02  4.2701E-01
 -1.4676E-01  1.6548E-01  1.3869E+00  7.2061E-02  4.3381E-01
  6.5096E-01 -1.6611E-01 -1.2333E+00  7.2061E-02  4.3381E-01
 -1.3404E+00 -1.1460E-01 -3.7854E-01  7.1680E-02  4.4076E-01
  3.6120E-01 -1.7699E-01  1.3384E+00  7.1680E-02  4.4076E-01
  6.2029E-01 -1.5148E-01  1.2432E+00  7.1680E-02  4.4076E-01
  3.0366E-01 -2.0809E-02  1.3570E+00  7.1300E-02  4.4786E-01
 -1.3524E+00  5.4953E-03  3.2413E-01  7.1300E-02  4.4786E-01
 -1.3782E+00 -5.1045E-02 -1.7897E-01  7.1300E-02  4.4786E-01
 -7.0885E-01  4.5236E-02  1.1957E+00  7.1300E-02  4.4786E-01
  1.1265E-01  1.5011E-01  1.3712E+00  7.0919E-02  4.5511E-01
  4.7746E-01  1.2234E-03 -1.2918E+00  7.0538E-02  4.6253E-01
  1.3129E+00  1.6958E-02  4.1565E-01  7.0538E-02  4.6253E-01
  1.1910E+00 -1.1238E-01 -6.8231E-01  7.0538E-02  4.6253E-01
 -1.5589E-01 -4.3295E-02 -1.3677E+00  7.0538E-02  4.6253E-01
 -9.6295E-01  2.1336E-02 -9.8440E-01  7.0538E-02  4.6253E-01
  1.0867E+00  1.3156E-01  8.3575E-01  7.0538E-02  4.6253E-01
  9.9212E-01 -4.5349E-02  9.4447E-01  7.0157E-02  4.7010E-01
 -5.1785E-01  1.6405E-02 -1.2688E+00  7.0157E-02  4.7010E-01
 -1.3522E+00  1.1543E-01  1.3632E-01  6.9776E-02  4.7784E-01
 -2.7233E-01 -1.1013E-01 -1.3319E+00  6.9776E-02  4.7784E-01
 -1.1659E+00 -1.3247E-01  6.9523E-01  6.9776E-02  4.7784E-01
  3.6123E-01 -1.6695E-02 -1.3082E+00  6.9395E-02  4.8575E-01
 -1.1010E+00  1.4933E-01  7.7954E-01  6.9395E-02  4.8575E-01
  2.3479E-01 -2.9354E-02  1.3365E+00  6.9395E-02  4.8575E-01
 -5.4313E-02  1.6240E-03 -1.3562E+00  6.9395E-02  4.8575E-01
  4.6567E-01  9.9363E-02 -1.2710E+00  6.9395E-02  4.8575E-01
 -1.0844E+00  1.3211E-01 -8.0557E-01  6.9395E-02  4.8575E-01
  1.0087E+00 -7.5281E-02  9.0505E-01  6.9395E-02  4.8575E-01
 -1.1598E+00  3.8122E-03  6.9242E-01  6.9014E-02  4.9384E-01
 -3.8500E-01  1.1131E-01 -1.2899E+00  6.9014E-02  4.9384E-01
  6.4924E-01  1.2708E-01 -1.1777E+00  6.9014E-02  4.9384E-01
 -1.2425E+00  7.2751E-02  5.0780E-01  6.8633E-02  5.0211E-01
 -1.3295E+00 -1.5457E-01  1.2472E-01  6.8633E-02  5.0211E-01
  1.1110E+00  1.4353E-01 -7.4296E-01  6.8633E-02  5.0211E-01
  1.2312E+00  2.7413E-02  5.3891E-01  6.8633E-02  5.0211E-01
  1.3157E+00  5.3276E-02 -2.3605E-01  6.8252E-02  5.1057E-01
  7.3715E-01 -5.8874E-02  1.1148E+00  6.8252E-02  5.1057E-01
  1.1817E+00  1.1564E-01 -6.1630E-01  6.8252E-02  5.1057E-01
  1.3313E+00 -4.5087E-02  1.2327E-01  6.8252E-02  5.1057E-01
  1.2027E+00  1.8560E-01 -5.4003E-01  6.7871E-02  5.1923E-01
 -1.2669E+00  1.3760E-01 -3.8549E-01  6.7871E-02  5.1923E-01
  1.3283E+00  4.8788E-02  7.5391E-02  6.7871E-02  5.1923E-01
  1.0273E-01 -8.6454E-02  1.3246E+00  6.7871E-02  5.1923E-01
 -1.1177E+00  4.2115E-02  7.2220E-01  6.7871E-02  5.1923E-01
  1.2749E+00  1.0595E-01 -3.6865E-01  6.7871E-02  5.1923E-01
  4.9202E-01  1.8267E-01  1.2166E+00  6.7489E-02  5.2808E-01
  7.1545E-01  6.4165E-02 -1.1134E+00  6.7489E-02  5.2808E-01
 -4.5860E-01  6.5573E-02  1.2414E+00  6.7489E-02  5.2808E-01
  1.2615E+00 -7.7518E-03 -3.6188E-01  6.6726E-02  5.4640E-01
  1.2447E+00  1.1201E-01 -3.7987E-01  6.6345E-02  5.5588E-01
  1.0154E-01 -2.7424E-02 -1.3019E+00  6.6345E-02  5.5588E-01
  1.2279E+00 -1.0841E-01 -4.3181E-01  6.6345E-02  5.5588E-01
 -1.0041E+00 -7.8575E-02 -8.3167E-01  6.6345E-02  5.5588E-01
  1.2842E+00  4.8902E-02  2.3335E-01  6.6345E-02  5.5588E-01
 -1.2970E+00  1.2076E-01  9.5690E-02  6.6345E-02  5.5588E-01
 -4.0185E-01 -1.8506E-01 -1.2289E+00  6.6345E-02  5.5588E-01
  3.0437E-01 -2.4276E-03 -1.2638E+00  6.5963E-02  5.6559E-01
  5.0431E-01  3.0036E-02 -1.1978E+00  6.5963E-02  5.6559E-01
 -1.2087E+00 -9.0763E-02 -4.6986E-01  6.5963E-02  5.6559E-01
 -1.8100E-01 -1.6330E-01  1.2769E+00  6.5963E-02  5.6559E-01
 -3.4724E-01 -1.0707E-01 -1.2418E+00  6.5581E-02  5.7553E-01
  8.3502E-01 -6.3182E-02 -9.7830E-01  6.5199E-02  5.8571E-01
 -1.0351E+00  3.2082E-03 -7.6604E-01  6.5199E-02  5.8571E-01
  7.9515E-01  1.5911E-01 -1.0004E+00  6.5199E-02  5.8571E-01
  3.7020E-01  1.4466E-01 -1.2185E+00  6.4817E-02  5.9614E-01
 -1.2800E+00 -5.6886E-02 -3.3966E-02  6.4817E-02  5.9614E-01
  1.2632E+00  6.4722E-02 -2.0727E-01  6.4817E-02  5.9614E-01
  1.2668E+00  8.8953E-02 -1.7320E-01  6.4817E-02  5.9614E-01
 -8.1306E-01  2.9617E-02  9.8263E-01  6.4434E-02  6.0681E-01
 -8.3348E-01 -1.6267E-01  9.5203E-01  6.4434E-02  6.0681E-01
  1.2718E+00 -7.0848E-02 -7.0039E-02  6.4434E-02  6.0681E-01
  5.0410E-01 -1.1093E-01 -1.1667E+00  6.4434E-02  6.0681E-01
  1.2658E+00  1.5881E-01  7.0783E-03  6.4434E-02  6.0681E-01
 -1.1948E+00 -2.7615E-03 -4.2997E-01  6.4051E-02  6.1776E-01
 -1.1959E+00 -1.0112E-01  4.1481E-01  6.4051E-02  6.1776E-01
 -1.2131E+00  1.5891E-01  3.4007E-01  6.4051E-02  6.1776E-01
  1.1397E+00 -2.0014E-02 -5.4606E-01  6.3669E-02  6.2897E-01
  1.1125E+00  1.2050E-01  5.8767E-01  6.3669E-02  6.2897E-01
  1.2167E+00 -2.5279E-02  3.1893E-01  6.3285E-02  6.4046E-01
  1.2427E+00  1.6000E-01 -1.1398E-01  6.3285E-02  6.4046E-01
 -1.1575E+00  7.7957E-02  4.8673E-01  6.3285E-02  6.4046E-01
  3.8842E-01 -3.9895E-03  1.1966E+00  6.3285E-02  6.4046E-01
  1.0717E+00 -8.5038E-02 -6.4234E-01  6.2902E-02  6.5224E-01
 -1.2338E+00  5.2930E-02 -2.0762E-01  6.2902E-02  6.5224E-01
  6.2834E-01  1.7027E-01  1.0631E+00  6.2518E-02  6.6433E-01
  8.5810E-01 -9.6109E-02  8.9911E-01  6.2518E-02  6.6433E-01
 -9.6913E-01 -8.5360E-03  7.7496E-01  6.2134E-02  6.7672E-01
  3.7396E-01  1.4917E-01 -1.1738E+00  6.2134E-02  6.7672E-01
 -1.1136E+00  7.9364E-02  5.4168E-01  6.2134E-02  6.7672E-01
  4.0174E-01 -1.1538E-01 -1.1624E+00  6.1750E-02  6.8943E-01
  7.8558E-01  1.2374E-01 -9.4525E-01  6.1750E-02  6.8943E-01
 -1.2250E+00 -8.5363E-02  1.3400E-01  6.1750E-02  6.8943E-01
 -1.1877E+00  6.5843E-02  3.1176E-01  6.1365E-02  7.0248E-01
  8.7232E-01  7.1055E-02  8.5598E-01  6.0980E-02  7.1587E-01
  1.1236E+00  1.6633E-01  4.4190E-01  6.0595E-02  7.2962E-01
 -1.1063E+00  1.3920E-02 -4.9809E-01  6.0209E-02  7.4374E-01
 -2.5223E-01 -1.5874E-01  1.1762E+00  6.0209E-02  7.4374E-01
  9.7656E-01  1.6322E-01  7.0136E-01  6.0209E-02  7.4374E-01
  1.1975E+00  3.1270E-02  1.9268E-01  6.0209E-02  7.4374E-01
  1.0356E+00 -1.7984E-01  6.0619E-01  6.0209E-02  7.4374E-01
 -1.3542E-01  9.7043E-02 -1.1965E+00  5.9822E-02  7.5825E-01
 -7.0911E-01 -1.1042E-01 -9.7172E-01  5.9822E-02  7.5825E-01
  1.0426E-01 -9.1030E-02 -1.1947E+00  5.9436E-02  7.7315E-01
  3.9750E-01  1.1627E-01  1.1292E+00  5.9436E-02  7.7315E-01
  5.2472E-01 -1.2529E-02  1.0763E+00  5.9048E-02  7.8847E-01
 -6.2897E-01  5.5335E-02 -1.0175E+00  5.9048E-02  7.8847E-01
  1.1180E+00 -1.7433E-01  3.7583E-01  5.8660E-02  8.0422E-01
  2.8169E-01 -5.5801E-02 -1.1572E+00  5.8660E-02  8.0422E-01
  1.0443E+00 -1.2870E-01 -5.6069E-01  5.8660E-02  8.0422E-01
 -1.0960E+00 -1.7901E-01 -4.1980E-01  5.8271E-02  8.2042E-01
  5.1683E-01  4.5601E-02  1.0678E+00  5.8271E-02  8.2042E-01
  6.4666E-01 -7.1422E-02 -9.9304E-01  5.8271E-02  8.2042E-01
 -6.1721E-01 -1.8120E-01  9.9179E-01  5.7882E-02  8.3709E-01
 -9.0870E-01 -5.0950E-02  7.5438E-01  5.7882E-02  8.3709E-01
  5.4847E-01  6.4134E-02  1.0452E+00  5.7882E-02  8.3709E-01
 -9.8230E-01  1.6555E-01  6.3647E-01  5.7882E-02  8.3709E-01
  9.4942E-01  4.2372E-02  6.9456E-01  5.7492E-02  8.5424E-01
  3.2341E-01  9.3812E-02 -1.1279E+00  5.7492E-02  8.5424E-01
 -2.2197E-01  1.0637E-01 -1.1511E+00  5.7492E-02  8.5424E-01
  6.6295E-01 -6.8621E-02 -9.7026E-01  5.7492E-02  8.5424E-01
 -5.3126E-01  7.0708E-02 -1.0480E+00  5.7492E-02  8.5424E-01
  8.6158E-01 -2.2536E-02 -7.9447E-01  5.7101E-02  8.7190E-01
  3.7600E-01 -1.7758E-01  1.0959E+00  5.7101E-02  8.7190E-01
 -1.1488E+00 -8.8045E-02 -2.1582E-01  5.7101E-02  8.7190E-01
 -7.1572E-01  4.2529E-03 -9.2830E-01  5.7101E-02  8.7190E-01
 -9.3168E-01  9.1459E-02 -6.9728E-01  5.6710E-02  8.9009E-01
 -1.1240E+00 -1.7697E-01 -2.6067E-01  5.6710E-02  8.9009E-01
  5.7870E-01 -1.7202E-02 -1.0080E+00  5.6317E-02  9.0882E-01
  3.6781E-01 -1.1479E-01 -1.0968E+00  5.6317E-02  9.0882E-01
  1.1508E+00  4.0040E-02 -1.2022E-01  5.5924E-02  9.2814E-01
  9.9505E-01  1.8959E-02 -5.9146E-01  5.5924E-02  9.2814E-01
  9.2079E-01  1.8068E-01 -6.7809E-01  5.5924E-02  9.2814E-01
 -1.9758E-01 -1.4894E-01  1.1262E+00  5.5530E-02  9.4805E-01
  6.4603E-01 -2.4575E-02 -9.5472E-01  5.5530E-02  9.4805E-01
  1.1461E+00  4.2938E-02 -5.7277E-02  5.5134E-02  9.6859E-01
  8.1378E-01  1.6922E-01 -7.9240E-01  5.5134E-02  9.6859E-01
  1.1214E+00  1.1512E-01 -1.9342E-01  5.4738E-02  9.8980E-01
 -1.3658E-01  5.8495E-02 -1.1296E+00  5.4340E-02  1.0117E+00
 -2.9650E-01 -7.6661E-02  1.0974E+00  5.4340E-02  1.0117E+00
  1.9436E-01  1.5003E-01 -1.1125E+00  5.4340E-02  1.0117E+00
 -1.1043E+00  1.3659E-01  2.2286E-01  5.3941E-02  1.0343E+00
  9.8261E-01  1.6139E-01 -5.4432E-01  5.3941E-02  1.0343E+00
 -7.0393E-01  1.6715E-01  8.6860E-01  5.3541E-02  1.0577E+00
 -9.9484E-01 -3.6781E-02 -5.3559E-01  5.3541E-02  1.0577E+00
 -2.3257E-01  1.7189E-02 -1.1061E+00  5.3541E-02  1.0577E+00
 -4.3590E-01 -6.0252E-03 -1.0430E+00  5.3541E-02  1.0577E+00
 -1.0965E+00  1.4672E-01  2.3236E-01  5.3541E-02  1.0577E+00
 -1.0504E+00  1.4391E-01  3.9218E-01  5.3541E-02  1.0577E+00
  7.4373E-01 -4.9186E-02  8.4992E-01  5.3541E-02  1.0577E+00
 -5.3313E-04  8.0594E-02 -1.1276E+00  5.3541E-02  1.0577E+00
 -5.3358E-01  1.3481E-01 -9.8744E-01  5.3541E-02  1.0577E+00
  1.1071E+00  1.3622E-01  1.5480E-01  5.3139E-02  1.0818E+00
  1.0508E+00 -3.5010E-02 -4.0336E-01  5.3139E-02  1.0818E+00
  1.6696E-01 -8.1155E-02 -1.1107E+00  5.3139E-02  1.0818E+00
 -1.0356E+00 -1.1993E-01 -4.2583E-01  5.3139E-02  1.0818E+00
 -1.0366E+00 -5.9942E-02 -4.3594E-01  5.3139E-02  1.0818E+00
  1.0214E+00  1.2252E-01  4.5804E-01  5.3139E-02  1.0818E+00
 -6.8448E-01  5.6621E-02  8.9244E-01  5.3139E-02  1.0818E+00
 -2.5476E-01 -9.8776E-02  1.0881E+00  5.2736E-02  1.1068E+00
 -1.1039E+00  1.4534E-01 -1.3745E-01  5.2736E-02  1.1068E+00
  8.3063E-01 -1.7253E-02  7.5389E-01  5.2736E-02  1.1068E+00
  5.4869E-01  1.3860E-01  9.6867E-01  5.2736E-02  1.1068E+00
  1.9753E-01  1.4673E-02 -1.1000E+00  5.2331E-02  1.1327E+00
 -8.4542E-01 -6.1519E-02 -7.2849E-01  5.2331E-02  1.1327E+00
  1.0866E+00 -7.9997E-02 -2.4908E-01  5.2331E-02  1.1327E+00
 -5.5089E-01 -9.4133E-02 -9.6315E-01  5.1925E-02  1.1595E+00
 -3.9284E-01 -4.7210E-02  1.0409E+00  5.1925E-02  1.1595E+00
  1.0984E+00  1.7025E-01  6.6696E-02  5.1925E-02  1.1595E+00
 -4.8852E-01  1.8292E-01 -9.7922E-01  5.1516E-02  1.1873E+00
  2.4153E-01 -4.5927E-02 -1.0819E+00  5.1516E-02  1.1873E+00
 -8.8786E-01 -8.4790E-02  6.5991E-01  5.1516E-02  1.1873E+00
 -1.0731E+00 -1.8527E-01  1.9058E-01  5.1106E-02  1.2161E+00
  6.5286E-01  9.5379E-02 -8.8702E-01  5.1106E-02  1.2161E+00
 -9.7176E-02 -1.4801E-01 -1.0873E+00  5.0694E-02  1.2461E+00
  1.0426E+00 -4.6902E-02  3.5251E-01  5.0694E-02  1.2461E+00
  1.0322E+00  2.4690E-02  3.8394E-01  5.0694E-02  1.2461E+00
 -9.9777E-01 -1.4137E-01  4.4489E-01  5.0694E-02  1.2461E+00
 -1.3900E-01  4.0336E-02 -1.0881E+00  5.0279E-02  1.2771E+00
 -1.0407E+00  1.6698E-01  3.0658E-01  5.0279E-02  1.2771E+00
  9.7924E-01 -1.5839E-01  4.7009E-01  5.0279E-02  1.2771E+00
 -8.4003E-01  5.6710E-02  7.0435E-01  5.0279E-02  1.2771E+00
  1.9550E-01 -8.9784E-02  1.0726E+00  4.9863E-02  1.3094E+00
 -6.8703E-01  1.5198E-01  8.3273E-01  4.9444E-02  1.3430E+00
 -4.0417E-01 -9.3445E-02  1.0082E+00  4.9444E-02  1.3430E+00
  1.0256E+00 -1.1942E-01 -3.4980E-01  4.9444E-02  1.3430E+00
 -3.7482E-01  1.6175E-01 -1.0109E+00  4.9444E-02  1.3430E+00
  7.2372E-01 -2.5401E-02  8.1494E-01  4.9444E-02  1.3430E+00
  3.4518E-01  1.5899E-01 -1.0218E+00  4.9444E-02  1.3430E+00
  1.0808E+00  8.2732E-02  7.5353E-02  4.9022E-02  1.3780E+00
 -3.4014E-01 -9.5936E-02 -1.0275E+00  4.9022E-02  1.3780E+00
  9.9576E-01  1.0889E-01  4.2095E-01  4.9022E-02  1.3780E+00
  6.7842E-01 -9.5751E-02  8.4331E-01  4.9022E-02  1.3780E+00
  1.0616E+00  1.5338E-01 -1.7315E-01  4.9022E-02  1.3780E+00
  4.2396E-01 -8.2174E-04 -1.0004E+00  4.9022E-02  1.3780E+00
 -6.4507E-01  5.8828E-02 -8.7236E-01  4.9022E-02  1.3780E+00
 -9.4228E-01 -1.4952E-01 -5.1995E-01  4.9022E-02  1.3780E+00
  6.3640E-01  1.3289E-01 -8.6611E-01  4.8597E-02  1.4144E+00
 -2.6406E-01 -7.1796E-02  1.0478E+00  4.8597E-02  1.4144E+00
  6.4887E-01  6.4947E-03  8.6703E-01  4.8597E-02  1.4144E+00
  7.2957E-01 -1.8483E-01  7.7871E-01  4.8597E-02  1.4144E+00
  1.0630E+00  6.4620E-02 -1.7619E-01  4.8170E-02  1.4524E+00
 -1.6278E-01 -4.8960E-02 -1.0660E+00  4.8170E-02  1.4524E+00
 -8.4641E-01  1.4444E-02 -6.6422E-01  4.7739E-02  1.4920E+00
 -1.7114E-02 -1.6898E-01  1.0625E+00  4.7739E-02  1.4920E+00
 -1.0269E+00  1.2299E-01 -2.8457E-01  4.7306E-02  1.5334E+00
  1.0636E+00  1.0762E-01 -8.7476E-02  4.7306E-02  1.5334E+00
 -4.8712E-01 -2.8532E-03  9.5194E-01  4.6868E-02  1.5768E+00
  9.6724E-01 -4.7754E-02 -4.5350E-01  4.6868E-02  1.5768E+00
 -8.4767E-01  1.7905E-01  6.2681E-01  4.6868E-02  1.5768E+00
 -1.0461E+00  1.5469E-01  1.3579E-01  4.6427E-02  1.6222E+00
  9.4431E-01  1.1810E-01  4.8056E-01  4.6427E-02  1.6222E+00
  7.6218E-01  1.5089E-01  7.3001E-01  4.6427E-02  1.6222E+00
  9.5020E-01 -7.2548E-02  4.7798E-01  4.6427E-02  1.6222E+00
 -1.0057E+00 -7.6437E-02 -3.4544E-01  4.6427E-02  1.6222E+00
  1.0499E+00  2.7124E-03 -1.6593E-01  4.5982E-02  1.6697E+00
  6.0131E-01 -1.7377E-01  8.5913E-01  4.5982E-02  1.6697E+00
 -1.0448E+00  1.2702E-01 -1.4888E-01  4.5982E-02  1.6697E+00
 -4.5765E-01 -1.6757E-01  9.4465E-01  4.5982E-02  1.6697E+00
 -4.3126E-01  8.4772E-02  9.6445E-01  4.5533E-02  1.7196E+00
 -1.0436E+00 -1.4137E-01  1.1940E-01  4.5533E-02  1.7196E+00
 -1.0324E+00 -1.3288E-01 -1.8268E-01  4.5079E-02  1.7721E+00
  1.0533E+00 -6.3725E-02 -5.9343E-02  4.5079E-02  1.7721E+00
 -5.1099E-01 -7.0237E-03  9.2510E-01  4.5079E-02  1.7721E+00
 -4.8713E-01  5.5789E-02 -9.3293E-01  4.4620E-02  1.8273E+00
  9.0528E-01 -2.9999E-02 -5.3883E-01  4.4620E-02  1.8273E+00
  9.5973E-01 -1.8253E-01 -3.9544E-01  4.4620E-02  1.8273E+00
 -1.8819E-01 -1.2266E-01  1.0297E+00  4.4620E-02  1.8273E+00
 -7.2148E-01  8.3271E-02 -7.6374E-01  4.4620E-02  1.8273E+00
  4.8672E-01  6.1864E-02  9.2953E-01  4.4156E-02  1.8855E+00
  4.0109E-01  1.5726E-01 -9.5872E-01  4.4156E-02  1.8855E+00
 -5.4575E-01  2.8774E-02  8.9782E-01  4.4156E-02  1.8855E+00
  2.2787E-01  1.3807E-01  1.0167E+00  4.4156E-02  1.8855E+00
  3.6809E-01 -7.9890E-02  9.8126E-01  4.4156E-02  1.8855E+00
 -1.0497E+00 -4.1226E-02 -3.4217E-02  4.4156E-02  1.8855E+00
 -7.0494E-01 -1.7089E-01 -7.5680E-01  4.3687E-02  1.9469E+00
  9.7485E-01 -1.6121E-01 -3.5008E-01  4.3687E-02  1.9469E+00
 -1.0454E+00  7.3257E-02 -2.5927E-02  4.3687E-02  1.9469E+00
 -1.0319E+00 -1.8428E-01 -5.6810E-03  4.3687E-02  1.9469E+00
  1.2930E-01  7.9547E-02 -1.0372E+00  4.3687E-02  1.9469E+00
 -7.2597E-01 -4.2050E-02 -7.5127E-01  4.3212E-02  2.0119E+00
 -6.5235E-02 -1.8439E-01 -1.0271E+00  4.3212E-02  2.0119E+00
 -7.5032E-01  1.5602E-01 -7.1126E-01  4.3212E-02  2.0119E+00
 -1.0304E+00  9.0336E-02  1.5241E-01  4.3212E-02  2.0119E+00
 -4.1487E-03 -1.4322E-01  1.0357E+00  4.3212E-02  2.0119E+00
  3.5262E-01  4.4878E-02 -9.8329E-01  4.3212E-02  2.0119E+00
  4.5353E-01  1.0077E-01  9.3668E-01  4.3212E-02  2.0119E+00
  4.6101E-01 -3.5175E-02  9.3778E-01  4.3212E-02  2.0119E+00
  4.9160E-02  2.2933E-02 -1.0415E+00  4.2730E-02  2.0806E+00
  9.9440E-01 -8.0157E-02  3.0406E-01  4.2730E-02  2.0806E+00
 -1.0021E+00 -4.0980E-02 -2.8615E-01  4.2730E-02  2.0806E+00
  8.5275E-01 -1.3129E-02  6.0028E-01  4.2730E-02  2.0806E+00
 -1.4860E-01 -6.1990E-02 -1.0278E+00  4.2242E-02  2.1536E+00
  2.9387E-01  1.6323E-01 -9.8193E-01  4.1747E-02  2.2312E+00
 -4.7187E-01 -5.0320E-02 -9.2304E-01  4.1747E-02  2.2312E+00
  9.1543E-01 -6.1034E-02  4.8523E-01  4.1747E-02  2.2312E+00
  6.0645E-01  1.2847E-01  8.2940E-01  4.1244E-02  2.3138E+00
 -8.3898E-01 -3.0669E-02 -6.0212E-01  4.0733E-02  2.4020E+00
 -1.0032E+00 -8.8795E-02 -2.3057E-01  4.0733E-02  2.4020E+00
 -4.9467E-01  3.8329E-02 -9.0620E-01  4.0733E-02  2.4020E+00
  8.9772E-01  1.5693E-01  4.8666E-01  4.0733E-02  2.4020E+00
 -1.0027E+00 -1.8027E-01  1.5732E-01  4.0213E-02  2.4964E+00
  8.1114E-01  1.8524E-01  6.0865E-01  4.0213E-02  2.4964E+00
 -5.8979E-01  1.0074E-01  8.3947E-01  4.0213E-02  2.4964E+00
  6.2765E-01 -6.8586E-02  8.1490E-01  4.0213E-02  2.4964E+00
  2.6297E-01 -1.0416E-01  9.9131E-01  4.0213E-02  2.4964E+00
 -1.7493E-01 -9.5771E-02 -1.0114E+00  4.0213E-02  2.4964E+00
 -8.4667E-02 -1.5927E-01  1.0150E+00  4.0213E-02  2.4964E+00
  1.0269E+00  5.9967E-02 -5.4104E-03  3.9683E-02  2.5977E+00
  2.1219E-01 -1.8351E-01  9.8971E-01  3.9683E-02  2.5977E+00
  1.0180E+00 -9.3744E-02 -9.4106E-02  3.9143E-02  2.7067E+00
 -9.5795E-01  1.6767E-01 -3.2883E-01  3.9143E-02  2.7067E+00
  9.2256E-01  8.3769E-03 -4.5023E-01  3.9143E-02  2.7067E+00
  2.9024E-01 -1.1217E-01 -9.7618E-01  3.8592E-02  2.8243E+00
  6.4179E-01 -5.8940E-02 -7.9648E-01  3.8592E-02  2.8243E+00
  4.8030E-01  1.7594E-01 -8.8775E-01  3.8592E-02  2.8243E+00
  8.2221E-01 -5.8216E-02 -6.0854E-01  3.8592E-02  2.8243E+00
 -1.0237E+00  1.7020E-02 -3.8732E-02  3.8592E-02  2.8243E+00
 -1.0153E+00 -1.9211E-02  1.3610E-01  3.8592E-02  2.8243E+00
 -2.9498E-01 -2.5913E-02 -9.7882E-01  3.8029E-02  2.9517E+00
 -6.7531E-01 -5.8158E-02 -7.6573E-01  3.8029E-02  2.9517E+00
  2.4607E-01 -9.1698E-02  9.8833E-01  3.8029E-02  2.9517E+00
 -1.0138E+00 -1.1926E-01 -5.3188E-03  3.7452E-02  3.0900E+00
 -8.4365E-01  1.4441E-01  5.5619E-01  3.7452E-02  3.0900E+00
 -3.8315E-01  6.7977E-03 -9.4610E-01  3.7452E-02  3.0900E+00
 -3.3066E-01 -1.4854E-01  9.5423E-01  3.7452E-02  3.0900E+00
  1.0135E+00  1.0413E-01  6.2788E-02  3.7452E-02  3.0900E+00
  1.0057E+00 -5.1689E-02  1.5547E-01  3.6862E-02  3.2409E+00
 -9.6269E-01 -1.2455E-01  3.0421E-01  3.6256E-02  3.4062E+00
 -6.3895E-01 -1.0285E-01  7.8485E-01  3.6256E-02  3.4062E+00
 -9.3818E-01 -2.9561E-02 -3.9212E-01  3.6256E-02  3.4062E+00
 -1.6016E-01 -2.7963E-02  1.0042E+00  3.6256E-02  3.4062E+00
 -4.1615E-01  4.5919E-02 -9.2711E-01  3.6256E-02  3.4062E+00
  7.0965E-01 -1.2670E-01 -7.1543E-01  3.5633E-02  3.5880E+00
  6.5082E-01 -1.0378E-01 -7.7277E-01  3.5633E-02  3.5880E+00
  2.7082E-02  4.3904E-02  1.0128E+00  3.4991E-02  3.7890E+00
 -3.0189E-01  3.6290E-03  9.6810E-01  3.4991E-02  3.7890E+00
 -9.4439E-01  8.9575E-02  3.5841E-01  3.4991E-02  3.7890E+00
  1.9889E-01  9.3897E-03 -9.9434E-01  3.4991E-02  3.7890E+00
 -6.0425E-01 -4.8347E-02  8.1113E-01  3.4329E-02  4.0125E+00
 -7.2042E-01 -5.4913E-02  7.0749E-01  3.3644E-02  4.2626E+00
 -9.4067E-01 -9.4297E-02 -3.5892E-01  3.3644E-02  4.2626E+00
  2.9282E-01  3.0454E-02 -9.6742E-01  3.3644E-02  4.2626E+00
  8.7409E-01 -1.7541E-01  4.7446E-01  3.2934E-02  4.5444E+00
  3.5003E-01  1.2391E-01 -9.3917E-01  3.2934E-02  4.5444E+00
  9.0037E-01  1.1010E-01 -4.4400E-01  3.2934E-02  4.5444E+00
  4.8384E-01  1.6951E-01  8.7011E-01  3.2934E-02  4.5444E+00
 -9.5427E-01 -1.6964E-01  2.8373E-01  3.2934E-02  4.5444E+00
  8.8726E-02 -7.7556E-02 -1.0030E+00  3.2934E-02  4.5444E+00
 -8.9421E-01  1.5686E-01 -4.3957E-01  3.2195E-02  4.8645E+00
  8.1150E-01 -5.6216E-02  5.9644E-01  3.2195E-02  4.8645E+00
 -1.0061E+00  3.5261E-02 -6.3035E-02  3.2195E-02  4.8645E+00
  9.9507E-02 -6.6417E-03  1.0037E+00  3.2195E-02  4.8645E+00
 -3.7769E-01 -9.3206E-02 -9.2940E-01  3.1425E-02  5.2312E+00
 -9.4607E-01 -1.7238E-01  2.9699E-01  3.0618E-02  5.6557E+00
 -2.4735E-01  9.6346E-02  9.7083E-01  3.0618E-02  5.6557E+00
  9.0459E-01 -7.8279E-02 -4.3424E-01  3.0618E-02  5.6557E+00
  2.1779E-01 -6.3369E-02  9.7956E-01  2.9770E-02  6.1530E+00
 -9.9604E-01 -1.2383E-01 -5.9574E-02  2.9770E-02  6.1530E+00
 -5.5208E-01 -1.3847E-01  8.2887E-01  2.9770E-02  6.1530E+00
 -3.8110E-01 -7.4715E-02  9.2745E-01  2.9770E-02  6.1530E+00
  7.9262E-01 -6.1103E-02 -6.1415E-01  2.8874E-02  6.7438E+00
 -1.6883E-01 -1.7528E-01 -9.7465E-01  2.8874E-02  6.7438E+00
  4.5676E-01 -1.7796E-01 -8.7685E-01  2.8874E-02  6.7438E+00
 -4.1272E-02  1.5285E-01 -9.9202E-01  2.8874E-02  6.7438E+00
 -1.0004E+00  9.0906E-02 -6.9581E-03  2.8874E-02  6.7438E+00
  9.4324E-01 -1.5309E-01  3.0987E-01  2.8874E-02  6.7438E+00
  9.2074E-01  8.5721E-02  3.9038E-01  2.7921E-02  7.4574E+00
 -6.5778E-01 -8.8721E-02 -7.5297E-01  2.7921E-02  7.4574E+00
 -6.5323E-01 -1.0505E-01  7.5483E-01  2.7921E-02  7.4574E+00
  1.0009E+00  7.5272E-02  1.1392E-02  2.7921E-02  7.4574E+00
  9.6432E-01 -1.7017E-01 -2.2054E-01  2.7921E-02  7.4574E+00
 -4.0911E-01  4.7556E-02  9.1454E-01  2.6903E-02  8.3369E+00
  3.1000E-01  1.2432E-01 -9.4506E-01  2.5804E-02  9.4481E+00
  1.4860E-01 -2.6698E-02 -9.9091E-01  2.5804E-02  9.4481E+00
  2.9300E-01  9.7976E-02  9.5354E-01  2.5804E-02  9.4481E+00
 -9.7867E-01  1.1519E-02  2.1624E-01  2.5804E-02  9.4481E+00
  9.7098E-01  8.3451E-02  2.3190E-01  2.4606E-02  1.0897E+01
 -1.1247E-01 -1.8167E-01 -9.7871E-01  2.4606E-02  1.0897E+01
 -5.9210E-01  8.4326E-02  8.0364E-01  2.4606E-02  1.0897E+01
 -4.6640E-01 -1.6614E-01 -8.7086E-01  2.4606E-02  1.0897E+01
  3.9682E-01  7.5780E-02 -9.1669E-01  2.4606E-02  1.0897E+01
 -1.2851E-01  1.0384E-01 -9.8754E-01  2.3280E-02  1.2866E+01
  8.8438E-01  1.6954E-01 -4.3780E-01  2.3280E-02  1.2866E+01
 -9.9498E-01 -7.9322E-02 -7.9083E-02  2.3280E-02  1.2866E+01
  1.9881E-01 -1.5198E-01  9.6906E-01  2.1787E-02  1.5696E+01
  3.8584E-01 -6.1502E-02  9.2144E-01  2.1787E-02  1.5696E+01
  3.5900E-01  1.6475E-01  9.1925E-01  2.0058E-02  2.0115E+01
  4.5789E-01 -7.3343E-03  8.8956E-01  2.0058E-02  2.0115E+01
 -2.4843E-01  1.4491E-01 -9.5829E-01  2.0058E-02  2.0115E+01
  9.0283E-01  6.5568E-02  4.2620E-01  2.0058E-02  2.0115E+01
 -1.1087E-01 -1.8407E-01  9.7692E-01  1.7969E-02  2.7981E+01
 -6.6475E-01  8.5368E-03 -7.4737E-01  1.7969E-02  2.7981E+01
 -2.4075E-01 -1.7253E-01  9.5541E-01  1.7969E-02  2.7981E+01
