0.13330285714286D+01       630
(x,y,z) position of the X-ray source
  0.4476E+00  0.9125E-01  0.1741E+01
x | y | z | R | rho
 -2.8811E-01 -1.2862E-01  3.1818E+00  1.4417E-01  5.4176E-02
 -1.7393E+00  2.6188E-02  9.0682E-01  9.8396E-02  1.7040E-01
  1.4368E-01  1.5285E-01 -1.4808E+00  7.6925E-02  3.5661E-01
  1.6052E+00 -9.8569E-02  4.2453E+00  1.8599E-01  2.5230E-02
 -9.2003E-01  6.0702E-03 -1.7957E+00  1.0073E-01  1.5881E-01
  9.1932E-01 -1.4593E-01 -1.5176E+00  9.0528E-02  2.1880E-01
  7.8786E-01 -3.1841E-02  2.2836E+00  1.1647E-01  1.0276E-01
 -1.5013E+00 -1.3681E-02 -5.5983E-01  8.2258E-02  2.9165E-01
 -8.0279E-01  4.4837E-02  3.6632E+00  1.6209E-01  3.8118E-02
  1.1612E-01 -1.4524E-02  2.1260E+00  1.0529E-01  1.3907E-01
  1.8287E+00  1.4662E-01 -1.3601E+00  1.1140E-01  1.1742E-01
  1.6511E+00 -1.4246E-01  2.6399E+00  1.4146E-01  5.7344E-02
  1.5398E+00 -6.1208E-02  8.1038E-02  7.9343E-02  3.2499E-01
  9.0547E-02 -8.4602E-02  3.0135E+00  1.3802E-01  6.1736E-02
  1.2667E+00 -7.9902E-02 -1.4323E+00  9.6360E-02  1.8143E-01
 -1.5143E+00  4.2697E-02  2.3087E-02  7.7928E-02  3.4303E-01
  1.2479E+00 -9.5372E-02  9.7300E-01  8.1425E-02  3.0070E-01
 -1.6072E+00  1.3213E-01  4.5271E+00  1.9369E-01  2.2341E-02
 -2.4066E-01 -9.4964E-02  3.6967E+00  1.6068E-01  3.9128E-02
 -1.9171E+00 -2.4318E-01  2.9955E+00  1.5620E-01  4.2598E-02
 -2.4832E-01 -1.4584E-01  1.6748E+00  8.6845E-02  2.4783E-01
  1.2408E+00 -2.2961E-01  3.5705E+00  1.6323E-01  3.7322E-02
  1.4636E+00 -6.5484E-02  5.8728E+00  2.2788E-01  1.3717E-02
  1.5628E+00 -5.9716E-03  2.0017E+00  1.2108E-01  9.1441E-02
  1.0802E+00 -4.2976E-02  2.6143E+00  1.3152E-01  7.1348E-02
 -5.6396E-01  2.6307E-02 -1.5311E+00  8.3676E-02  2.7708E-01
  1.7268E+00 -9.5749E-02 -7.8680E-01  9.5771E-02  1.8480E-01
 -1.7339E+00  5.7422E-02  7.9225E-01  9.6079E-02  1.8303E-01
  9.7731E-02  1.4390E-01  1.5860E+00  8.1923E-02  2.9525E-01
  9.0383E-02  1.3522E-01 -1.8782E+00  9.5134E-02  1.8854E-01
  1.3998E+00  4.8696E-02 -8.4736E-01  8.3921E-02  2.7466E-01
 -1.5452E+00  1.3159E-01  1.1117E+00  9.6119E-02  1.8280E-01
  2.8811E-01  5.6595E-02  2.3023E+00  1.1284E-01  1.1298E-01
  1.0251E+00 -1.0954E-01  5.3908E+00  2.1276E-01  1.6854E-02
  1.0656E+00 -2.6946E-02  3.3347E+00  1.5414E-01  4.4323E-02
  1.2924E+00 -1.2523E-02  2.0417E+00  1.1648E-01  1.0271E-01
  2.0476E+00  2.3810E-01  8.3280E+00  2.9028E-01  6.6367E-03
  5.3765E-02  1.1185E-01  1.5018E+00  7.7511E-02  3.4859E-01
 -1.2140E+00 -1.2162E-01  3.1828E+00  1.5115E-01  4.7011E-02
 -1.8061E+00 -2.0032E-03  9.1165E+00  3.0669E-01  5.6272E-03
  3.3881E-01 -2.8169E-01  6.2964E+00  2.3466E-01  1.2563E-02
 -2.3243E-01  1.4596E-01  3.9225E+00  1.6775E-01  3.4390E-02
  6.0284E-01  1.5242E-01  1.3924E+00  7.8426E-02  3.3654E-01
 -1.8343E+00  1.6046E-01 -4.8204E-02  9.3254E-02  2.0017E-01
  9.1350E-01 -1.1932E-01  3.3763E+00  1.5410E-01  4.4357E-02
  1.5491E+00 -1.0285E-01  5.9607E-02  7.9866E-02  3.1866E-01
  3.9017E-02  1.1412E-01  6.0230E+00  2.2713E-01  1.3854E-02
  1.7627E+00 -1.0092E-01  9.3420E-01  9.9896E-02  1.6284E-01
 -1.5638E+00  1.8401E-02  5.1602E+00  2.1012E-01  1.7498E-02
  1.4519E-01 -1.3099E-01  2.5442E+00  1.2153E-01  9.0428E-02
 -2.6564E-01 -6.3567E-02  2.0137E+00  1.0133E-01  1.5600E-01
  6.3654E-01 -1.6305E-01 -1.3667E+00  7.7994E-02  3.4215E-01
  1.7911E+00 -3.6426E-02  9.0428E-01  1.0028E-01  1.6097E-01
  1.2428E+00  4.9097E-02  9.8649E-01  8.1534E-02  2.9949E-01
 -1.2159E+00 -1.0603E-01  8.3194E-01  7.5964E-02  3.7032E-01
 -9.6565E-01 -1.8559E-01  5.5092E+00  2.1569E-01  1.6177E-02
 -1.8362E+00  1.2543E-01  6.5725E+00  2.4780E-01  1.0669E-02
  9.7699E-01  6.4706E-02  1.1408E+00  7.7328E-02  3.5107E-01
  9.8942E-01 -9.7505E-03 -1.5569E+00  9.3377E-02  1.9938E-01
  1.5447E+00  1.8135E-01 -4.5825E-01  8.3177E-02  2.8209E-01
 -1.2486E+00  2.0313E-03  1.2092E+00  8.8625E-02  2.3321E-01
 -7.0601E-01 -4.6469E-02  1.3761E+00  7.9554E-02  3.2241E-01
  1.8731E+00  6.1161E-03  9.6535E-01  1.0441E-01  1.4264E-01
  6.9674E-01 -1.2845E-01  1.7608E+00  9.5684E-02  1.8531E-01
  1.3555E+00 -8.6733E-02  8.6037E-01  8.2520E-02  2.8888E-01
 -1.5217E+00  1.4350E-01 -1.5926E-01  7.9021E-02  3.2898E-01
  1.9112E+00 -1.8597E-01 -8.0031E-01  1.0331E-01  1.4722E-01
  2.1541E-01  3.4077E-02  4.2620E+00  1.7794E-01  2.8812E-02
 -1.0336E+00 -1.8702E-01  5.3153E+00  2.1084E-01  1.7320E-02
 -5.5334E-01  8.0404E-02  5.3857E+00  2.1074E-01  1.7344E-02
 -4.4915E-01 -1.0810E-02  1.7210E+00  9.0456E-02  2.1933E-01
 -1.1814E+00  5.2307E-02  1.9036E+00  1.0973E-01  1.2285E-01
  1.6558E+00  8.9427E-02  2.5757E+00  1.3964E-01  5.9616E-02
 -1.1424E-01 -2.4793E-01  8.5881E+00  2.9059E-01  6.6158E-03
  1.0165E+00 -2.3101E-02  1.0623E+00  7.5619E-02  3.7541E-01
 -4.9880E-01 -5.9914E-02  1.8005E+00  9.4445E-02  1.9269E-01
  3.4451E-01  3.3652E-02  1.3951E+00  7.3862E-02  4.0285E-01
 -1.6803E+00  1.1558E-01 -1.8547E+00  1.1982E-01  9.4370E-02
 -3.5127E-01 -5.6140E-02 -1.8163E+00  9.3641E-02  1.9770E-01
  1.1395E+00  1.0025E-01  8.2068E-01  7.2250E-02  4.3041E-01
 -1.1202E-01  7.4854E-02  2.3567E+00  1.1436E-01  1.0854E-01
 -1.7938E+00  1.4148E-01  1.0483E-02  9.1378E-02  2.1276E-01
  1.6292E+00 -1.0100E-01  2.5650E+00  1.3886E-01  6.0632E-02
 -1.2930E+00  2.8704E-01  6.4695E+00  2.4217E-01  1.1430E-02
 -5.6120E-01 -1.4566E-01  4.6193E+00  1.8936E-01  2.3907E-02
 -4.4845E-02 -1.3628E-03  2.0878E+00  1.0363E-01  1.4585E-01
 -6.4614E-01 -5.5389E-02 -1.3192E+00  7.5595E-02  3.7578E-01
  8.5368E-01 -1.6605E-02 -1.1465E+00  7.3434E-02  4.0993E-01
  5.7875E-01 -1.7504E-01  1.6944E+00  9.1361E-02  2.1287E-01
  7.7477E-01 -7.3376E-02 -1.3222E+00  7.8895E-02  3.3057E-01
 -1.7932E+00  1.9615E-01  9.2316E+00  3.0924E-01  5.4895E-03
  3.2584E-01 -1.0107E-01  1.8955E+00  9.6882E-02  1.7852E-01
  1.3359E+00  2.7241E-02 -1.8924E+00  1.1267E-01  1.1349E-01
  1.0379E+00 -3.2204E-01  9.6525E+00  3.1613E-01  5.1380E-03
  1.5778E+00 -1.8990E-01  1.4596E+00  1.0644E-01  1.3463E-01
 -3.3766E-01 -1.5115E-01  1.5665E+00  8.2606E-02  2.8799E-01
  1.5882E+00  9.0562E-02 -1.1794E+00  9.9175E-02  1.6642E-01
 -1.8820E+00 -1.6827E-01  2.6708E+00  1.4664E-01  5.1479E-02
 -8.0863E-01  2.2252E-03  5.7733E+00  2.2197E-01  1.4843E-02
 -1.4310E+00 -2.3809E-02  8.5983E-01  8.5460E-02  2.6009E-01
  3.6584E-01 -7.6596E-02  4.0654E+00  1.7236E-01  3.1703E-02
  6.5315E-01 -2.9178E-03 -1.8309E+00  9.7644E-02  1.7437E-01
  1.7568E+00  2.6683E-01  4.9602E+00  2.0673E-01  1.8374E-02
 -9.2266E-01  1.1330E-01  1.2886E+00  8.1605E-02  2.9871E-01
 -1.3903E+00 -1.3391E-01  7.4612E-01  8.1342E-02  3.0162E-01
  1.6820E+00  1.2674E-02 -1.7039E+00  1.1565E-01  1.0495E-01
  1.1093E+00  1.1320E-01  1.4854E+00  9.3927E-02  1.9590E-01
  7.0457E-01 -1.8515E-01  1.2719E+00  7.5371E-02  3.7913E-01
  6.9420E-02  1.5862E-01  3.7580E+00  1.6246E-01  3.7862E-02
 -1.2631E+00 -1.4078E-01 -9.7266E-01  8.2164E-02  2.9266E-01
  7.0564E-01 -3.0603E-02 -1.6433E+00  9.0899E-02  2.1613E-01
 -1.6525E+00 -1.8065E-01  9.5633E-01  9.6535E-02  1.8045E-01
 -1.8079E+00  1.8803E-01  2.1566E+00  1.3122E-01  7.1842E-02
  1.1765E+00 -9.3682E-02  3.1497E+00  1.4967E-01  4.8414E-02
  4.8660E-01 -6.6605E-02 -1.5188E+00  8.1960E-02  2.9485E-01
 -2.2927E-01 -5.2883E-02  2.9850E+00  1.3727E-01  6.2753E-02
 -1.4672E+00 -1.6986E-01  1.5049E+00  1.0446E-01  1.4241E-01
 -5.6057E-01  7.2219E-02 -1.4239E+00  7.8782E-02  3.3199E-01
  1.4742E+00  1.3607E-01 -4.5866E-01  7.9681E-02  3.2088E-01
  2.4546E-01  1.9407E-02 -1.4155E+00  7.3826E-02  4.0344E-01
 -1.2757E+00 -2.7151E-01  9.5641E+00  3.1477E-01  5.2049E-03
  1.8403E+00  7.0454E-02 -6.8483E-01  9.8527E-02  1.6972E-01
  4.2721E-01  5.7394E-02  1.9609E+00  1.0032E-01  1.6079E-01
  1.8959E+00  3.3015E-02  1.5932E+00  1.1875E-01  9.6942E-02
 -1.0177E+00 -1.4578E-01  1.1120E+00  7.7896E-02  3.4344E-01
 -7.5191E-01 -6.4681E-02  1.2477E+00  7.4972E-02  3.8523E-01
 -5.3758E-01 -9.4942E-02  1.5792E+00  8.5522E-02  2.5952E-01
 -6.0095E-01 -9.9840E-04  1.4180E+00  7.9189E-02  3.2690E-01
 -1.8154E+00  1.5586E-01  9.4860E-02  9.2492E-02  2.0516E-01
  1.9020E-01 -1.6366E-01  3.0209E+00  1.3855E-01  6.1039E-02
 -7.6534E-01 -1.6329E-01  2.7561E+00  1.3279E-01  6.9329E-02
 -1.5117E+00  8.0812E-03  6.0791E-01  8.3554E-02  2.7829E-01
 -1.3877E+00 -1.6475E-01 -1.3000E+00  9.6140E-02  1.8268E-01
  1.1276E+00 -3.5241E-02 -8.5786E-01  7.2767E-02  4.2131E-01
 -1.2568E+00 -6.5919E-02 -1.8451E+00  1.0944E-01  1.2386E-01
  7.0366E-01  1.2913E-02 -1.2267E+00  7.2602E-02  4.2419E-01
  1.8806E+00 -9.0089E-02  2.7519E+00  1.4871E-01  4.9358E-02
  1.4584E+00  4.2597E-02  2.7530E+00  1.4142E-01  5.7397E-02
  3.0285E-01  1.5872E-01  5.1690E+00  2.0427E-01  1.9047E-02
  4.2019E-01 -1.0256E-01  4.9550E+00  1.9847E-01  2.0764E-02
  1.2373E+00  4.0002E-02  1.3037E+00  9.1308E-02  2.1324E-01
  1.1887E+00 -2.5639E-02  1.8975E+00  1.0966E-01  1.2309E-01
  2.1112E-02  1.8208E-02 -1.4411E+00  7.4078E-02  3.9934E-01
  1.4002E+00  2.7187E-01  8.8952E+00  3.0020E-01  6.0002E-03
  1.6910E+00  2.1201E-01  2.5829E+00  1.4070E-01  5.8281E-02
 -3.9195E-01 -9.3251E-02  1.5829E+00  8.3748E-02  2.7636E-01
  1.3675E+00 -1.6551E-01  7.8502E-01  8.1434E-02  3.0059E-01
 -7.6692E-01 -2.0918E-01  2.6051E+00  1.2778E-01  7.7798E-02
  8.1300E-01 -2.8343E-02  1.9454E+00  1.0446E-01  1.4241E-01
  1.4195E+00  7.1270E-02  7.1776E-01  8.1765E-02  2.9697E-01
  5.6017E-01  8.1173E-02  1.7307E+00  9.2329E-02  2.0625E-01
  1.6484E+00  7.8686E-02 -4.5710E-01  8.7448E-02  2.4275E-01
  1.8723E+00  1.0396E-01 -5.4696E-01  9.8041E-02  1.7226E-01
  1.2577E+00 -2.5430E-01  6.6802E+00  2.4722E-01  1.0744E-02
  9.6561E-01  7.6421E-02 -1.4637E+00  8.9396E-02  2.2722E-01
  8.9718E-01 -1.2738E-02 -1.3688E+00  8.3905E-02  2.7482E-01
  1.5560E+00 -1.4294E-02 -4.5490E-01  8.3166E-02  2.8221E-01
  1.1547E+00 -1.9745E-01  2.0633E+00  1.1482E-01  1.0723E-01
  1.5618E+00  1.6759E-01  1.9285E-01  8.1292E-02  3.0217E-01
 -1.6172E+00 -8.5403E-02 -8.5479E-01  9.2782E-02  2.0324E-01
 -1.7035E+00  3.5681E-02  1.9780E+00  1.2370E-01  8.5763E-02
  1.9021E-01  1.7983E-01  4.1169E+00  1.7366E-01  3.0998E-02
  5.6675E-01  3.0739E-01  7.8325E+00  2.7324E-01  7.9574E-03
  2.8931E-01  1.2118E-01  3.8163E+00  1.6456E-01  3.6431E-02
  1.2421E+00  1.8647E-01  2.5738E+00  1.3275E-01  6.9390E-02
 -1.5399E+00  1.3637E-01  2.1536E+00  1.2517E-01  8.2784E-02
 -6.7194E-03  1.3872E-01  2.3096E+00  1.1257E-01  1.1381E-01
 -9.5711E-01  1.4709E-01 -1.2126E+00  7.9774E-02  3.1975E-01
 -1.3257E+00  2.0921E-01  8.3797E+00  2.8811E-01  6.7876E-03
  7.6013E-01  1.6976E-01  3.8164E+00  1.6660E-01  3.5104E-02
 -1.4619E+00 -3.7224E-02  1.7934E+00  1.1257E-01  1.1379E-01
 -9.3009E-01  1.2801E-01  1.5951E+00  9.3646E-02  1.9767E-01
  1.8825E-02  3.2555E-01  7.6915E+00  2.6937E-01  8.3053E-03
  1.9910E+00  1.8641E-01  8.8162E+00  3.0092E-01  5.9573E-03
  7.3772E-01 -1.3036E-01  3.0125E+00  1.4103E-01  5.7871E-02
 -1.4723E+00 -1.2665E-01 -2.5829E-01  7.7163E-02  3.5333E-01
 -7.0078E-01 -1.2497E-01  2.4348E+00  1.2098E-01  9.1669E-02
 -1.4769E+00  1.5112E-01 -1.2430E+00  9.7319E-02  1.7612E-01
 -1.8196E-01  1.3120E-01  1.4454E+00  7.5210E-02  3.8157E-01
 -1.3364E+00 -5.1591E-02 -6.6505E-01  7.6828E-02  3.5797E-01
 -1.2631E-02 -2.3782E-01  6.8343E+00  2.4813E-01  1.0626E-02
 -1.3260E+00 -1.3917E-01 -5.0072E-01  7.3147E-02  4.1477E-01
 -1.2598E+00 -5.8565E-02  1.8570E+00  1.0988E-01  1.2236E-01
  1.7836E+00  4.4426E-02  3.9911E-01  9.2653E-02  2.0409E-01
 -4.2836E-01 -1.7926E-01  1.3475E+00  7.3207E-02  4.1375E-01
  8.2308E-01  1.2255E-01  1.1852E+00  7.4437E-02  3.9359E-01
  1.7415E-01  2.7120E-02  2.7734E+00  1.2975E-01  7.4310E-02
  1.0197E+00  6.0157E-02 -1.0631E+00  7.5822E-02  3.7241E-01
 -1.6670E+00 -1.5004E-01  1.2059E+00  1.0260E-01  1.5031E-01
  9.4854E-01 -2.1273E-01  3.6935E+00  1.6425E-01  3.6637E-02
 -1.0971E+00  5.0496E-02  9.3702E-01  7.4197E-02  3.9741E-01
  6.2583E-01  5.7467E-02  1.7512E+00  9.4065E-02  1.9504E-01
  1.8582E+00  5.9207E-02 -1.6958E+00  1.2023E-01  9.3407E-02
  1.4940E-01 -2.1119E-01  4.1931E+00  1.7595E-01  2.9803E-02
 -1.7555E+00 -1.4940E-01  6.1362E+00  2.3653E-01  1.2267E-02
  1.5460E+00 -1.1980E-01 -6.5283E-01  8.6059E-02  2.5469E-01
  1.4378E+00  2.3745E-02 -6.1819E-01  8.0443E-02  3.1184E-01
 -1.4065E+00  2.0102E-02 -1.4024E-01  7.2569E-02  4.2476E-01
  1.7275E+00 -2.0447E-01  2.1332E+00  1.2882E-01  7.5943E-02
  1.7595E+00 -2.7718E-01  4.2026E+00  1.8671E-01  2.4939E-02
 -1.2259E+00  1.5706E-01 -7.7266E-01  7.4940E-02  3.8572E-01
 -1.4615E+00 -1.7484E-01 -2.2916E-02  7.5707E-02  3.7411E-01
 -6.4852E-01  1.0773E-01 -1.4163E+00  8.0253E-02  3.1407E-01
  3.9991E-02  1.1090E-01 -1.4751E+00  7.6109E-02  3.6821E-01
 -1.4176E+00 -3.3083E-01  9.2981E+00  3.0935E-01  5.4832E-03
  1.3073E+00  1.9497E-01  1.8966E+00  1.1249E-01  1.1405E-01
  1.2209E+00 -2.4755E-02  7.8227E+00  2.7464E-01  7.8360E-03
 -1.2835E+00  1.6731E-01  1.3257E+00  9.3730E-02  1.9714E-01
  7.0583E-01  1.6830E-01  1.3429E+00  7.8499E-02  3.3559E-01
  8.8420E-01 -2.4432E-01  9.1071E+00  3.0350E-01  5.8067E-03
  1.4033E+00  1.2132E-02 -2.3898E-01  7.3112E-02  4.1537E-01
 -1.7445E+00  2.3080E-01  2.5665E+00  1.4129E-01  5.7556E-02
 -1.3253E+00 -5.2714E-03  4.9778E-01  7.2682E-02  4.2278E-01
  1.2944E+00  9.3718E-02  1.7269E+00  1.0653E-01  1.3425E-01
  9.9950E-01 -8.0609E-02 -1.0113E+00  7.3144E-02  4.1482E-01
  1.7948E+00 -2.3428E-01  8.4500E+00  2.9173E-01  6.5382E-03
 -7.0646E-01  4.3678E-02  1.7461E+00  9.5086E-02  1.8882E-01
  3.5998E-01 -1.3150E-01 -1.4739E+00  7.8324E-02  3.3785E-01
 -1.5508E+00 -1.0358E-02 -1.0368E+00  9.4281E-02  1.9370E-01
  1.2975E+00  1.1474E-01 -8.2071E-01  7.9164E-02  3.2720E-01
 -1.1395E+00 -1.6653E-01  2.2829E+00  1.2173E-01  9.0002E-02
 -1.3263E+00 -9.7046E-02  7.0044E-01  7.7312E-02  3.5129E-01
  1.4169E+00 -9.5714E-02  1.0699E+00  9.0423E-02  2.1957E-01
 -1.7255E-01  1.5747E-01  2.3699E+00  1.1516E-01  1.0630E-01
  1.8210E+00  1.4701E-01  4.5961E+00  1.9768E-01  2.1014E-02
 -1.4245E+00 -1.4817E-01 -5.6271E-01  7.9126E-02  3.2768E-01
  1.1721E+00 -7.2461E-03 -1.2297E+00  8.6823E-02  2.4803E-01
 -1.8549E+00 -7.7193E-02  1.1063E+00  1.0657E-01  1.3411E-01
 -1.3821E+00 -1.7413E-01  5.5719E-01  7.7169E-02  3.5324E-01
  9.6320E-01 -9.7951E-02  1.2197E+00  8.0044E-02  3.1653E-01
 -1.6003E-01 -5.0386E-02  1.9171E+00  9.6815E-02  1.7889E-01
  1.7700E+00  1.8391E-01  4.0059E-01  9.2468E-02  2.0532E-01
  1.0664E-01 -9.1207E-02  1.6251E+00  8.3642E-02  2.7742E-01
 -3.6472E-01 -2.8454E-01  4.7722E+00  1.9337E-01  2.2452E-02
 -3.9568E-01  2.1797E-01  4.2968E+00  1.7952E-01  2.8057E-02
 -1.7162E+00 -3.8185E-02  4.1993E-01  8.9939E-02  2.2313E-01
 -3.7888E-01 -2.0835E-01  2.5041E+00  1.2114E-01  9.1304E-02
 -1.9253E+00  1.8003E-01  3.2217E+00  1.6231E-01  3.7963E-02
 -8.1682E-01  1.7319E-01  9.3582E+00  3.0899E-01  5.5024E-03
 -1.6433E+00  1.0521E-01  7.1640E+00  2.6089E-01  9.1418E-03
 -3.1042E-01  1.7818E-01 -1.7165E+00  8.9316E-02  2.2783E-01
  1.3672E+00  4.2464E-02  2.4196E+00  1.2977E-01  7.4276E-02
  1.3979E+00 -1.3565E-02  3.1171E+00  1.5140E-01  4.6780E-02
  1.4928E+00 -8.1871E-02  5.0941E+00  2.0783E-01  1.8082E-02
  1.4307E+00  4.7122E-02  2.7235E+00  1.4010E-01  5.9034E-02
 -1.5624E+00  6.1262E-02 -8.9772E-01  9.1537E-02  2.1165E-01
  2.5914E-01 -1.4031E-01  8.3600E+00  2.8527E-01  6.9927E-03
 -7.8283E-01 -3.6532E-02  1.4299E+00  8.3613E-02  2.7770E-01
 -5.7311E-01  1.0153E-01 -1.6383E+00  8.8647E-02  2.3303E-01
 -5.6745E-01 -2.4835E-01  6.2226E+00  2.3314E-01  1.2810E-02
 -1.5008E+00 -1.0905E-01  1.5246E+00  1.0581E-01  1.3704E-01
  1.3888E-01  4.3003E-02  2.5946E+00  1.2326E-01  8.6686E-02
 -7.1421E-01 -5.7948E-02  2.7404E+00  1.3165E-01  7.1146E-02
  1.6106E+00 -2.1356E-03  4.6387E+00  1.9667E-01  2.1339E-02
 -7.8487E-02 -5.6774E-02 -1.4636E+00  7.5427E-02  3.7829E-01
 -1.4434E+00 -1.5876E-01 -7.5702E-01  8.3946E-02  2.7441E-01
  4.9972E-01  1.9938E-01  3.1481E+00  1.4405E-01  5.4313E-02
 -6.1326E-01  9.9612E-02  1.7692E+00  9.4698E-02  1.9116E-01
  1.5953E+00  2.6240E-02  2.3808E+00  1.3282E-01  6.9277E-02
  1.8492E+00  1.3843E-02  1.8235E+00  1.2320E-01  8.6804E-02
 -1.1218E+00 -3.3518E-02  2.7673E+00  1.3700E-01  6.3131E-02
 -1.5187E+00 -4.9280E-02  4.4818E+00  1.9158E-01  2.3085E-02
  9.8870E-01 -4.1086E-02  1.6085E+00  9.5278E-02  1.8769E-01
 -1.5218E+00  2.6967E-01  4.5816E+00  1.9453E-01  2.2051E-02
  1.4930E+00  8.2545E-02  3.5057E+00  1.6400E-01  3.6803E-02
  1.9325E+00 -3.7209E-02  2.8637E+00  1.5266E-01  4.5632E-02
  1.4680E+00 -1.2688E-01  3.0059E-01  7.7352E-02  3.5075E-01
  1.0484E+00  1.6415E-01 -1.4748E+00  9.2154E-02  2.0743E-01
  6.2884E-01 -1.1014E-01  3.9130E+00  1.6876E-01  3.3777E-02
 -1.1183E+00  1.2302E-01 -9.6222E-01  7.6141E-02  3.6775E-01
 -1.0371E+00  7.5549E-02  4.3793E+00  1.8486E-01  2.5696E-02
 -9.4952E-01  1.0817E-01  1.2218E+00  7.9744E-02  3.2012E-01
 -3.9715E-01 -5.0984E-02  1.9116E+00  9.8033E-02  1.7230E-01
  8.0461E-02  1.3709E-01  1.5989E+00  8.2473E-02  2.8938E-01
 -1.2224E+00  5.1085E-02 -8.7435E-01  7.7349E-02  3.5078E-01
  1.3165E+00 -1.5923E-01  8.6390E-01  8.1298E-02  3.0211E-01
 -1.8518E+00 -9.0212E-02  2.0063E+00  1.2807E-01  7.7277E-02
 -5.4444E-01 -8.2826E-02 -1.3302E+00  7.3984E-02  4.0086E-01
 -5.0919E-01  3.4514E-02 -1.3354E+00  7.3438E-02  4.0986E-01
 -2.8322E-01  1.4686E-01  1.4207E+00  7.4861E-02  3.8693E-01
 -8.8074E-01 -1.6660E-02 -1.1817E+00  7.5801E-02  3.7272E-01
 -7.9268E-01 -1.3614E-01  1.8189E+00  9.9533E-02  1.6463E-01
 -3.2493E-01  9.9263E-02  8.8563E+00  2.9685E-01  6.2059E-03
 -1.5085E+00  1.5322E-02  3.0694E-02  7.7609E-02  3.4728E-01
 -1.3950E+00 -7.3587E-02  9.7505E-01  8.7041E-02  2.4617E-01
  8.5092E-02  6.3029E-02  2.3244E+00  1.1307E-01  1.1231E-01
 -1.3000E+00 -1.2476E-01  1.9659E+00  1.1435E-01  1.0858E-01
 -1.1018E-01 -1.1911E-01  2.4808E+00  1.1910E-01  9.6083E-02
 -4.2231E-01 -9.9525E-02  1.5075E+00  8.0612E-02  3.0988E-01
 -7.5232E-01 -1.0726E-02  2.6749E+00  1.2974E-01  7.4327E-02
 -1.7482E+00  1.8283E-01  4.2039E+00  1.8648E-01  2.5031E-02
 -1.1753E+00  3.9209E-02  1.1397E+00  8.3951E-02  2.7436E-01
 -1.2666E+00 -2.7026E-01  4.8082E+00  1.9863E-01  2.0713E-02
  8.7258E-01  8.5864E-02  2.6387E+00  1.2981E-01  7.4212E-02
  1.6711E+00  3.3444E-02 -6.7484E-01  9.1518E-02  2.1178E-01
  1.4898E+00  1.7197E-01  1.4678E+00  1.0405E-01  1.4411E-01
  1.9216E+00  2.3274E-02 -1.7279E+00  1.2273E-01  8.7802E-02
 -9.2147E-03  6.7105E-02  1.4922E+00  7.6830E-02  3.5795E-01
 -1.4553E+00 -1.3786E-02 -2.8051E-01  7.6231E-02  3.6645E-01
  1.3738E+00  4.8069E-02  1.3045E+00  9.5560E-02  1.8603E-01
  1.5459E+00  4.5933E-02 -1.0931E+00  9.5507E-02  1.8634E-01
 -1.3430E+00 -7.3713E-02 -1.1841E+00  9.1048E-02  2.1508E-01
 -1.2043E+00 -1.9023E-02  1.8814E+00  1.0945E-01  1.2380E-01
  1.7843E+00  1.2368E-01  2.3327E-01  9.1573E-02  2.1140E-01
 -1.3593E+00 -1.7189E-01 -1.6462E+00  1.0580E-01  1.3708E-01
  7.4370E-01 -1.7519E-01  1.8088E+00  9.8473E-02  1.7000E-01
 -5.1743E-01  8.0629E-02 -1.3623E+00  7.5039E-02  3.8418E-01
 -7.3739E-01  6.2525E-04 -1.2958E+00  7.6686E-02  3.5996E-01
 -1.7839E+00  1.4207E-03 -5.0706E-01  9.3805E-02  1.9666E-01
  1.0522E+00 -6.1085E-02 -1.0009E+00  7.4722E-02  3.8909E-01
 -1.6915E+00 -7.3737E-02 -1.6632E+00  1.1485E-01  1.0715E-01
  8.3536E-02 -1.0868E-01  3.2389E+00  1.4565E-01  5.2539E-02
  1.2342E+00 -4.7099E-02 -1.5980E+00  1.0082E-01  1.5842E-01
 -1.7120E+00  8.4061E-02  4.8078E+00  2.0214E-01  1.9654E-02
 -4.5719E-01  3.9314E-02 -1.4888E+00  8.0078E-02  3.1613E-01
  1.4219E-01  2.0852E-01  3.4089E+00  1.5146E-01  4.6721E-02
 -7.2458E-01  1.0138E-02  1.7758E+00  9.6540E-02  1.8042E-01
 -7.1949E-01  5.8127E-03  8.0931E+00  2.7959E-01  7.4271E-03
 -7.6916E-01 -6.5562E-02 -1.1732E+00  7.2061E-02  4.3381E-01
 -9.6208E-01  7.1866E-02 -1.0206E+00  7.2061E-02  4.3381E-01
 -6.2559E-01  1.5158E-01 -1.2482E+00  7.2061E-02  4.3381E-01
 -5.0959E-02  2.3243E-03  1.4035E+00  7.2061E-02  4.3381E-01
  1.3748E+00  1.1991E-02  2.5080E-01  7.1680E-02  4.4076E-01
  6.1623E-01 -8.6714E-03  1.2467E+00  7.1300E-02  4.4786E-01
 -2.5787E-02  5.6624E-02 -1.3893E+00  7.1300E-02  4.4786E-01
  1.1272E+00 -4.2215E-03  8.1462E-01  7.1300E-02  4.4786E-01
 -5.6323E-01 -1.0680E-01 -1.2596E+00  7.0919E-02  4.5511E-01
  5.1672E-01  7.4299E-02 -1.2745E+00  7.0538E-02  4.6253E-01
 -3.8301E-01  6.1788E-02  1.3215E+00  7.0538E-02  4.6253E-01
 -1.3312E+00 -1.6992E-01 -3.0963E-01  7.0538E-02  4.6253E-01
 -1.3657E+00  8.7332E-02  7.5329E-02  7.0157E-02  4.7010E-01
  9.3277E-01  5.7927E-02 -1.0025E+00  7.0157E-02  4.7010E-01
  8.7619E-01  9.3627E-02  1.0497E+00  7.0157E-02  4.7010E-01
  4.1078E-02 -6.4145E-04  1.3633E+00  6.9776E-02  4.7784E-01
 -3.5626E-01  1.3207E-01  1.3099E+00  6.9776E-02  4.7784E-01
  6.8277E-01 -1.9741E-02  1.1729E+00  6.9395E-02  4.8575E-01
 -2.0516E-01  3.5245E-02  1.3346E+00  6.9014E-02  4.9384E-01
 -1.2898E+00 -1.0789E-01 -3.8632E-01  6.9014E-02  4.9384E-01
 -1.1040E+00  1.5392E-01  7.6284E-01  6.9014E-02  4.9384E-01
 -9.3928E-01  4.5276E-02 -9.5150E-01  6.8252E-02  5.1057E-01
  1.2951E+00  1.3376E-01 -3.0745E-01  6.8252E-02  5.1057E-01
  2.1567E-01 -1.4061E-01 -1.3128E+00  6.8252E-02  5.1057E-01
 -1.1929E+00 -1.4062E-01  5.8898E-01  6.8252E-02  5.1057E-01
  1.1184E-01  3.4683E-02  1.3262E+00  6.7871E-02  5.1923E-01
  1.2244E+00 -8.2728E-02 -5.1633E-01  6.7871E-02  5.1923E-01
 -1.2641E+00  4.4242E-02  3.9457E-01  6.7489E-02  5.2808E-01
  1.3240E+00 -5.3435E-03  5.1051E-02  6.7489E-02  5.2808E-01
  1.2191E+00  9.3927E-02  5.1037E-01  6.7489E-02  5.2808E-01
  1.1385E+00  1.6494E-01  6.5738E-01  6.7489E-02  5.2808E-01
  6.3505E-02 -1.7830E-01  1.3050E+00  6.7108E-02  5.3713E-01
  1.2708E+00  8.3466E-02 -3.4205E-01  6.7108E-02  5.3713E-01
  1.1706E+00  1.2520E-01  5.8006E-01  6.6726E-02  5.4640E-01
  1.0321E+00 -3.7418E-02  8.0975E-01  6.6726E-02  5.4640E-01
 -1.0153E+00 -1.0884E-01 -8.2447E-01  6.6726E-02  5.4640E-01
  2.5173E-01  7.1795E-02 -1.2797E+00  6.6345E-02  5.5588E-01
  1.0248E+00 -9.6219E-02  8.0410E-01  6.6345E-02  5.5588E-01
 -5.7018E-01  2.3192E-02 -1.1612E+00  6.5581E-02  5.7553E-01
  1.0651E+00 -1.2066E-01  7.2460E-01  6.5581E-02  5.7553E-01
  1.2060E+00  5.3092E-02 -4.4827E-01  6.5199E-02  5.8571E-01
  1.2500E+00 -1.3161E-01 -2.5078E-01  6.4817E-02  5.9614E-01
 -1.1960E+00  1.2015E-01 -4.4480E-01  6.4817E-02  5.9614E-01
 -1.2461E+00 -1.0023E-01  2.8306E-01  6.4817E-02  5.9614E-01
 -6.8253E-01  1.7032E-01  1.0714E+00  6.4817E-02  5.9614E-01
  1.2563E+00 -7.3201E-02 -2.0950E-01  6.4434E-02  6.0681E-01
  2.7336E-01  8.1506E-02  1.2434E+00  6.4434E-02  6.0681E-01
 -1.0954E+00  7.6165E-02 -6.4954E-01  6.4434E-02  6.0681E-01
  6.4058E-01  5.7476E-02 -1.1018E+00  6.4434E-02  6.0681E-01
  6.8285E-01  7.5806E-02 -1.0679E+00  6.4051E-02  6.1776E-01
  9.0762E-01 -1.6195E-01 -8.7316E-01  6.4051E-02  6.1776E-01
  9.8017E-01  9.0780E-02  7.9280E-01  6.3669E-02  6.2897E-01
 -1.2119E+00 -3.3213E-02  3.5743E-01  6.3669E-02  6.2897E-01
 -1.1841E+00 -1.0739E-01  4.1138E-01  6.3285E-02  6.4046E-01
 -7.1838E-01  4.3450E-02  1.0319E+00  6.3285E-02  6.4046E-01
 -1.2473E+00 -1.4470E-01  7.8844E-02  6.3285E-02  6.4046E-01
 -7.9313E-01 -1.5758E-01  9.6380E-01  6.3285E-02  6.4046E-01
  9.5133E-01 -9.2577E-02  8.1805E-01  6.3285E-02  6.4046E-01
  9.3839E-01 -1.0185E-01 -8.3178E-01  6.3285E-02  6.4046E-01
 -1.1258E+00  1.6153E-01 -5.3788E-01  6.3285E-02  6.4046E-01
 -1.1001E+00 -1.2240E-02 -5.9820E-01  6.2902E-02  6.5224E-01
 -9.4815E-01 -1.6105E-01  8.0210E-01  6.2902E-02  6.5224E-01
 -1.1512E+00  1.8586E-02 -4.7777E-01  6.2518E-02  6.6433E-01
  6.3936E-02 -1.7735E-01 -1.2322E+00  6.2518E-02  6.6433E-01
 -2.5811E-01  1.1525E-01  1.2083E+00  6.2134E-02  6.7672E-01
  4.8303E-01  1.7891E-01 -1.1290E+00  6.2134E-02  6.7672E-01
  5.6297E-02  2.7523E-02  1.2337E+00  6.1750E-02  6.8943E-01
  1.9382E-02  1.4874E-01  1.2205E+00  6.1365E-02  7.0248E-01
  9.4058E-01  1.3316E-01  7.8089E-01  6.1365E-02  7.0248E-01
  9.1602E-01 -7.6187E-02 -8.1690E-01  6.1365E-02  7.0248E-01
  4.5252E-01  5.5667E-02  1.1421E+00  6.1365E-02  7.0248E-01
 -1.0370E+00  6.4178E-02  6.5779E-01  6.1365E-02  7.0248E-01
 -1.2273E+00 -2.6004E-02 -7.2108E-02  6.1365E-02  7.0248E-01
 -1.2180E+00 -6.3955E-02  1.5673E-01  6.1365E-02  7.0248E-01
  3.1610E-01 -8.0483E-02 -1.1800E+00  6.0980E-02  7.1587E-01
 -1.1998E+00 -1.6871E-01  1.7495E-01  6.0980E-02  7.1587E-01
 -9.0812E-01  3.9440E-03  8.1281E-01  6.0595E-02  7.2962E-01
  3.1739E-02  1.7991E-01  1.2050E+00  6.0595E-02  7.2962E-01
  6.0256E-01 -1.3704E-02 -1.0593E+00  6.0595E-02  7.2962E-01
  1.2059E+00 -1.2966E-01  3.6415E-02  6.0209E-02  7.4374E-01
  1.1288E+00 -1.1098E-01  4.1575E-01  5.9822E-02  7.5825E-01
 -1.1626E+00  1.4308E-01 -2.9535E-01  5.9822E-02  7.5825E-01
  1.1816E+00 -1.5671E-01  1.6053E-01  5.9436E-02  7.7315E-01
  6.6068E-01 -3.9730E-02  9.9794E-01  5.9048E-02  7.8847E-01
  1.0529E+00  8.7922E-02 -5.6350E-01  5.9048E-02  7.8847E-01
 -2.7316E-01 -1.6058E-01 -1.1494E+00  5.8660E-02  8.0422E-01
 -1.0890E+00 -1.2222E-01 -4.6978E-01  5.8660E-02  8.0422E-01
  9.0067E-01  1.8351E-01  7.5135E-01  5.8271E-02  8.2042E-01
 -9.0407E-01 -8.9389E-02 -7.5636E-01  5.7882E-02  8.3709E-01
 -9.8961E-01  4.6166E-02  6.4495E-01  5.7882E-02  8.3709E-01
 -1.1613E+00  1.4564E-01  1.6611E-01  5.7882E-02  8.3709E-01
  9.1684E-01 -5.2951E-02 -7.3635E-01  5.7492E-02  8.5424E-01
  4.5958E-01 -9.3117E-02  1.0797E+00  5.7492E-02  8.5424E-01
 -9.2184E-01  1.6595E-01  7.0476E-01  5.7101E-02  8.7190E-01
  3.0748E-01 -9.7421E-02 -1.1269E+00  5.7101E-02  8.7190E-01
 -1.0655E+00 -1.0416E-01  4.7727E-01  5.7101E-02  8.7190E-01
 -7.3172E-01  1.7087E-01  8.9330E-01  5.6710E-02  8.9009E-01
  3.7882E-01 -1.5667E-01  1.0929E+00  5.6710E-02  8.9009E-01
  4.8395E-01  5.5600E-02  1.0608E+00  5.6710E-02  8.9009E-01
  1.1582E+00  1.1450E-01 -8.9172E-02  5.6710E-02  8.9009E-01
  8.5324E-01 -1.5639E-01  7.8110E-01  5.6710E-02  8.9009E-01
 -7.4518E-01 -1.0376E-01 -8.8617E-01  5.6317E-02  9.0882E-01
 -9.2024E-01 -4.7615E-02 -7.0869E-01  5.6317E-02  9.0882E-01
  2.4915E-01 -5.2957E-02  1.1342E+00  5.6317E-02  9.0882E-01
  1.0735E+00  2.5771E-03  4.3351E-01  5.5924E-02  9.2814E-01
  1.1311E+00  1.6523E-01 -1.8341E-01  5.5924E-02  9.2814E-01
  8.2342E-01 -1.7296E-01 -7.9521E-01  5.5924E-02  9.2814E-01
  1.1496E+00 -5.5152E-02  1.2533E-01  5.5924E-02  9.2814E-01
  1.1459E+00 -8.5604E-02 -1.4142E-01  5.5924E-02  9.2814E-01
 -4.3975E-01  8.5650E-04 -1.0709E+00  5.5924E-02  9.2814E-01
 -5.2842E-01  5.4146E-02  1.0234E+00  5.5530E-02  9.4805E-01
  9.6141E-01  1.6645E-01  6.1435E-01  5.5530E-02  9.4805E-01
  5.6739E-01 -2.9399E-02  1.0033E+00  5.5530E-02  9.4805E-01
  1.0967E+00 -2.6439E-02 -3.3964E-01  5.5134E-02  9.6859E-01
 -3.9446E-01  1.5557E-01 -1.0672E+00  5.5134E-02  9.6859E-01
  2.6694E-01  9.7996E-02  1.1126E+00  5.5134E-02  9.6859E-01
 -1.5626E-01  1.4617E-01  1.1283E+00  5.5134E-02  9.6859E-01
 -1.1263E+00  5.9403E-02  2.1597E-01  5.5134E-02  9.6859E-01
 -3.3550E-01  1.4741E-01 -1.0835E+00  5.4738E-02  9.8980E-01
  9.9697E-01  4.4332E-02  5.4960E-01  5.4340E-02  1.0117E+00
 -4.5207E-01  1.8140E-01 -1.0299E+00  5.4340E-02  1.0117E+00
 -6.8572E-01  3.1694E-02  9.0926E-01  5.4340E-02  1.0117E+00
  7.1128E-02 -9.7462E-02  1.1329E+00  5.4340E-02  1.0117E+00
 -6.8175E-01 -9.9043E-02  9.0740E-01  5.4340E-02  1.0117E+00
  9.3174E-01 -1.7524E-01 -6.2370E-01  5.3941E-02  1.0343E+00
 -6.6968E-01  1.1093E-01 -9.0944E-01  5.3941E-02  1.0343E+00
 -1.0436E+00  1.6084E-01 -4.1591E-01  5.3941E-02  1.0343E+00
 -8.5839E-01 -2.9196E-02 -7.3501E-01  5.3541E-02  1.0577E+00
  1.1210E+00  1.4388E-01  2.5446E-02  5.3541E-02  1.0577E+00
 -7.8005E-01  8.2513E-02  8.1403E-01  5.3541E-02  1.0577E+00
 -8.7990E-01  1.3232E-01 -6.9024E-01  5.3139E-02  1.0818E+00
  3.1219E-01  1.2839E-01 -1.0743E+00  5.3139E-02  1.0818E+00
 -4.3313E-01 -1.2627E-01  1.0272E+00  5.2736E-02  1.1068E+00
  8.7912E-01  1.7032E-01 -6.7582E-01  5.2736E-02  1.1068E+00
 -1.0527E+00  1.2374E-01 -3.6765E-01  5.2736E-02  1.1068E+00
 -9.7650E-01  2.7008E-02  5.5165E-01  5.2736E-02  1.1068E+00
 -8.1607E-01 -1.2802E-02 -7.6359E-01  5.2331E-02  1.1327E+00
  1.8280E-01 -6.6360E-02  1.1006E+00  5.2331E-02  1.1327E+00
  1.1143E+00 -8.6078E-02 -5.9521E-03  5.2331E-02  1.1327E+00
  1.0011E+00 -7.5788E-02  4.8172E-01  5.1925E-02  1.1595E+00
  7.6900E-01 -1.7514E-01 -7.8034E-01  5.1516E-02  1.1873E+00
  3.5391E-01 -2.8594E-02 -1.0511E+00  5.1516E-02  1.1873E+00
  1.1008E+00  4.7602E-02 -9.0131E-02  5.1106E-02  1.2161E+00
  6.5928E-01 -1.4057E-01  8.7619E-01  5.1106E-02  1.2161E+00
  5.8395E-01  1.9181E-03 -9.3869E-01  5.1106E-02  1.2161E+00
  8.5150E-01  1.2840E-01 -6.8697E-01  5.0694E-02  1.2461E+00
  6.2149E-01 -1.6288E-01 -8.9481E-01  5.0694E-02  1.2461E+00
 -1.2416E-01  1.6637E-01 -1.0818E+00  5.0694E-02  1.2461E+00
 -3.8483E-01  1.5443E-01  1.0164E+00  5.0279E-02  1.2771E+00
 -7.6185E-02 -1.0156E-01  1.0865E+00  4.9863E-02  1.3094E+00
 -1.0794E+00 -1.5129E-01  2.4592E-02  4.9444E-02  1.3430E+00
 -8.8913E-01  1.0849E-01 -6.2146E-01  4.9444E-02  1.3430E+00
 -9.4044E-01  2.1090E-02  5.5107E-01  4.9444E-02  1.3430E+00
  1.0712E+00  1.3326E-01  1.5266E-01  4.9444E-02  1.3430E+00
 -9.9607E-01  1.1191E-01  4.2880E-01  4.9444E-02  1.3430E+00
  3.0230E-01  1.1945E-02 -1.0436E+00  4.9022E-02  1.3780E+00
  6.9097E-01  1.0255E-01  8.3225E-01  4.9022E-02  1.3780E+00
 -9.3842E-02  3.5628E-02 -1.0819E+00  4.9022E-02  1.3780E+00
  9.3422E-01 -1.5444E-01  5.3290E-01  4.9022E-02  1.3780E+00
 -5.5717E-01  5.2339E-02  9.2717E-01  4.8597E-02  1.4144E+00
  3.7530E-01  1.4199E-01  1.0059E+00  4.8597E-02  1.4144E+00
 -1.6459E-01 -7.3509E-02 -1.0679E+00  4.8597E-02  1.4144E+00
  6.1958E-01 -1.4986E-01 -8.7114E-01  4.8170E-02  1.4524E+00
  8.1319E-01  5.1847E-02  7.0800E-01  4.8170E-02  1.4524E+00
 -1.1257E-01 -7.1730E-02 -1.0712E+00  4.8170E-02  1.4524E+00
  6.9079E-01 -2.6309E-04 -8.2948E-01  4.8170E-02  1.4524E+00
 -1.0619E+00 -1.2074E-01 -1.2527E-01  4.7739E-02  1.4920E+00
 -1.8631E-01 -1.1405E-01  1.0536E+00  4.7739E-02  1.4920E+00
 -1.0346E+00  9.0779E-02  2.8129E-01  4.7739E-02  1.4920E+00
  1.0164E+00 -1.1370E-01  3.3448E-01  4.7739E-02  1.4920E+00
  1.0711E+00  3.9073E-03 -1.0259E-01  4.7739E-02  1.4920E+00
 -9.7590E-01  1.1772E-01  4.3768E-01  4.7739E-02  1.4920E+00
  1.4280E-01 -9.9315E-02  1.0584E+00  4.7306E-02  1.5334E+00
  4.0946E-01 -8.3937E-02 -9.8786E-01  4.7306E-02  1.5334E+00
  8.7468E-01  5.0461E-03  6.1514E-01  4.6868E-02  1.5768E+00
  2.5772E-01  5.4385E-02 -1.0364E+00  4.6868E-02  1.5768E+00
  2.1792E-01 -1.8367E-01  1.0307E+00  4.6868E-02  1.5768E+00
  1.0221E+00  1.1405E-01  2.8078E-01  4.6427E-02  1.6222E+00
  6.2976E-02 -1.8064E-01  1.0456E+00  4.5982E-02  1.6697E+00
  8.0412E-01  3.9388E-02  6.9406E-01  4.5982E-02  1.6697E+00
 -7.3651E-02 -9.7308E-02  1.0528E+00  4.5533E-02  1.7196E+00
  8.6277E-01  1.7194E-01 -5.9110E-01  4.5533E-02  1.7196E+00
  1.0417E+00 -1.3947E-01  1.3703E-01  4.5533E-02  1.7196E+00
 -3.6606E-01  3.8564E-02  9.9070E-01  4.5079E-02  1.7721E+00
  2.6257E-01 -1.3657E-01  1.0146E+00  4.5079E-02  1.7721E+00
  5.0611E-01 -1.7753E-01 -9.1066E-01  4.5079E-02  1.7721E+00
 -8.5027E-01 -1.2804E-01 -6.0944E-01  4.4620E-02  1.8273E+00
  8.4061E-01 -9.3924E-02  6.2393E-01  4.4156E-02  1.8855E+00
 -6.0027E-01  1.0633E-01  8.5622E-01  4.4156E-02  1.8855E+00
  6.0750E-01  9.0069E-02 -8.5298E-01  4.4156E-02  1.8855E+00
  9.8907E-01 -9.7635E-02 -3.3332E-01  4.3687E-02  1.9469E+00
 -6.6356E-03 -9.0329E-02 -1.0444E+00  4.3687E-02  1.9469E+00
 -9.1154E-01 -1.8223E-01 -4.7864E-01  4.3212E-02  2.0119E+00
  8.1164E-01 -1.0242E-01 -6.5113E-01  4.3212E-02  2.0119E+00
 -1.0156E+00  1.7022E-01 -1.8119E-01  4.3212E-02  2.0119E+00
 -6.8633E-03  7.0281E-02  1.0432E+00  4.3212E-02  2.0119E+00
  2.2365E-01 -2.7242E-02 -1.0210E+00  4.3212E-02  2.0119E+00
  1.9382E-01  7.5168E-02 -1.0247E+00  4.3212E-02  2.0119E+00
  4.0081E-01  1.4288E-01  9.5217E-01  4.2730E-02  2.0806E+00
 -1.0013E+00 -7.5142E-03  2.9146E-01  4.2730E-02  2.0806E+00
  5.2494E-01 -1.1901E-01  8.9329E-01  4.2730E-02  2.0806E+00
  9.2436E-01  4.7507E-04 -4.8297E-01  4.2730E-02  2.0806E+00
 -8.0514E-01 -1.5326E-01  6.4494E-01  4.2730E-02  2.0806E+00
  6.3147E-01  3.4113E-02  8.2932E-01  4.2730E-02  2.0806E+00
  6.2597E-01  1.2924E-01  8.2086E-01  4.2242E-02  2.1536E+00
  1.0349E-01  2.6873E-02  1.0349E+00  4.2242E-02  2.1536E+00
  6.2272E-01  2.6004E-02 -8.3301E-01  4.2242E-02  2.1536E+00
  9.5052E-01 -2.1666E-02 -4.2239E-01  4.2242E-02  2.1536E+00
 -2.1620E-01 -2.4459E-02  1.0148E+00  4.1747E-02  2.2312E+00
 -7.8551E-01  5.5777E-02  6.7235E-01  4.1244E-02  2.3138E+00
  1.0233E+00  1.5777E-01  1.2122E-02  4.1244E-02  2.3138E+00
 -7.9136E-01  7.2370E-02 -6.6022E-01  4.0733E-02  2.4020E+00
 -7.7331E-01  3.0072E-02 -6.8444E-01  4.0733E-02  2.4020E+00
  2.9946E-01 -1.9996E-03 -9.8878E-01  4.0733E-02  2.4020E+00
 -6.1731E-01  1.4237E-01 -8.1324E-01  4.0213E-02  2.4964E+00
 -8.3683E-01 -2.0742E-02  6.0166E-01  4.0213E-02  2.4964E+00
  6.2093E-01  8.4497E-02 -8.1580E-01  3.9683E-02  2.5977E+00
 -6.8010E-01  2.1894E-02 -7.7149E-01  3.9683E-02  2.5977E+00
  8.3424E-01 -1.4215E-01 -5.8485E-01  3.9683E-02  2.5977E+00
 -1.3586E-01  5.1019E-02  1.0184E+00  3.9683E-02  2.5977E+00
 -9.4498E-01  6.9482E-02 -4.0050E-01  3.9683E-02  2.5977E+00
  8.6142E-01  9.8782E-02  5.4964E-01  3.9143E-02  2.7067E+00
 -5.3778E-01 -3.7945E-02  8.7126E-01  3.8592E-02  2.8243E+00
  7.9606E-01 -1.2032E-01 -6.3369E-01  3.8592E-02  2.8243E+00
  8.8443E-01  1.0446E-02  5.1713E-01  3.8592E-02  2.8243E+00
 -4.3972E-01 -1.4789E-01  9.1352E-01  3.8592E-02  2.8243E+00
  1.0130E+00 -7.8026E-02 -1.1649E-01  3.8029E-02  2.9517E+00
  1.0126E+00  8.7088E-02  1.1285E-01  3.8029E-02  2.9517E+00
  8.5552E-01 -1.3251E-01  5.4432E-01  3.8029E-02  2.9517E+00
 -3.3243E-01  6.4169E-02 -9.6495E-01  3.8029E-02  2.9517E+00
  7.4373E-01 -9.6538E-02  6.9245E-01  3.7452E-02  3.0900E+00
  4.4023E-01  8.8810E-02 -9.1666E-01  3.7452E-02  3.0900E+00
  5.2353E-01 -1.3156E-01  8.6424E-01  3.6862E-02  3.2409E+00
  1.8060E-01 -1.6571E-01  9.8905E-01  3.6862E-02  3.2409E+00
  9.8335E-01  1.5124E-01 -2.2010E-01  3.6862E-02  3.2409E+00
 -8.9811E-01  3.0085E-03  4.8135E-01  3.6862E-02  3.2409E+00
 -3.3938E-01 -1.0219E-01  9.5534E-01  3.6862E-02  3.2409E+00
  9.2449E-01 -1.4934E-01 -4.0163E-01  3.6862E-02  3.2409E+00
 -7.1767E-01 -3.3909E-02  7.2015E-01  3.6256E-02  3.4062E+00
  9.3032E-01  1.2865E-01  3.9086E-01  3.6256E-02  3.4062E+00
 -4.4751E-01 -1.7905E-01 -8.9582E-01  3.6256E-02  3.4062E+00
  3.4721E-01  1.4516E-01  9.4509E-01  3.6256E-02  3.4062E+00
 -2.2171E-01 -4.7745E-02 -9.9166E-01  3.6256E-02  3.4062E+00
  8.1202E-01 -6.5244E-02 -6.0653E-01  3.5633E-02  3.5880E+00
  3.8425E-01 -1.3978E-02 -9.4003E-01  3.5633E-02  3.5880E+00
 -9.9994E-01 -1.0445E-01 -1.4390E-01  3.5633E-02  3.5880E+00
 -9.2511E-01 -5.1017E-03  4.1534E-01  3.4991E-02  3.7890E+00
 -6.5293E-01  1.0902E-01 -7.6822E-01  3.4991E-02  3.7890E+00
 -9.1429E-01 -1.7535E-01  3.9839E-01  3.4329E-02  4.0125E+00
  5.2389E-01  1.3907E-01  8.5532E-01  3.4329E-02  4.0125E+00
 -3.2940E-01 -1.0573E-01 -9.5168E-01  3.4329E-02  4.0125E+00
 -3.8997E-01  1.2847E-02 -9.3442E-01  3.4329E-02  4.0125E+00
  8.8925E-01  9.5459E-02  4.7190E-01  3.3644E-02  4.2626E+00
  7.8853E-01  3.2090E-02 -6.3226E-01  3.3644E-02  4.2626E+00
  3.3024E-02  1.4916E-02  1.0106E+00  3.3644E-02  4.2626E+00
  4.2240E-01 -1.0525E-01 -9.1127E-01  3.2934E-02  4.5444E+00
  2.4812E-01 -8.9304E-02 -9.7487E-01  3.2934E-02  4.5444E+00
  9.2949E-01 -1.3057E-01 -3.7271E-01  3.2934E-02  4.5444E+00
 -4.7335E-02 -2.9857E-02  1.0084E+00  3.2934E-02  4.5444E+00
  3.4853E-01 -1.7428E-01 -9.3170E-01  3.2934E-02  4.5444E+00
  9.8178E-01  1.6328E-01 -1.6396E-01  3.2195E-02  4.8645E+00
 -1.0052E+00  2.8579E-02  7.8650E-02  3.2195E-02  4.8645E+00
  9.2790E-01  1.6226E-01  3.6071E-01  3.2195E-02  4.8645E+00
 -7.4853E-01 -6.2843E-02  6.7319E-01  3.2195E-02  4.8645E+00
 -4.5280E-01  1.8139E-01  8.8289E-01  3.2195E-02  4.8645E+00
  9.0240E-01 -1.7071E-02  4.4778E-01  3.1425E-02  5.2312E+00
 -9.0629E-01 -5.9029E-02 -4.3620E-01  3.1425E-02  5.2312E+00
 -8.9382E-02  5.1879E-02 -1.0022E+00  3.1425E-02  5.2312E+00
  9.5840E-01 -1.3088E-01  2.7804E-01  3.0618E-02  5.6557E+00
  1.2699E-02 -1.8194E-01  9.8980E-01  3.0618E-02  5.6557E+00
  8.6495E-01 -9.9910E-04  5.1462E-01  3.0618E-02  5.6557E+00
  4.9584E-01 -4.9736E-02  8.7444E-01  3.0618E-02  5.6557E+00
  5.0489E-01 -4.2423E-02 -8.6849E-01  2.9770E-02  6.1530E+00
  6.6630E-01  1.2301E-01  7.4168E-01  2.8874E-02  6.7438E+00
  7.9742E-01  1.2798E-01  5.9742E-01  2.8874E-02  6.7438E+00
  1.5640E-01 -1.3210E-01 -9.8349E-01  2.8874E-02  6.7438E+00
 -6.0558E-01  1.4391E-01 -7.8850E-01  2.8874E-02  6.7438E+00
  9.7712E-01 -1.1434E-01  2.0327E-01  2.8874E-02  6.7438E+00
  9.8592E-02  4.5679E-02 -9.9868E-01  2.8874E-02  6.7438E+00
  2.9692E-01  3.4855E-02  9.5906E-01  2.8874E-02  6.7438E+00
 -9.8022E-01  1.2102E-01  1.7899E-01  2.7921E-02  7.4574E+00
  8.6447E-01 -1.0765E-01  4.9861E-01  2.7921E-02  7.4574E+00
 -3.7584E-01 -8.0976E-02 -9.2640E-01  2.6903E-02  8.3369E+00
 -2.6091E-01 -1.1893E-01 -9.6115E-01  2.6903E-02  8.3369E+00
  4.2814E-01 -1.0646E-01  9.0077E-01  2.6903E-02  8.3369E+00
 -5.9792E-01  4.6360E-02 -8.0314E-01  2.5804E-02  9.4481E+00
 -2.1827E-02 -4.1526E-02  1.0012E+00  2.5804E-02  9.4481E+00
  7.7354E-01 -1.0679E-02 -6.3735E-01  2.5804E-02  9.4481E+00
  7.8880E-01 -1.3282E-01 -6.0402E-01  2.5804E-02  9.4481E+00
  9.4697E-01  1.0901E-01  3.0995E-01  2.5804E-02  9.4481E+00
  9.9113E-01 -1.4871E-01 -1.5300E-02  2.5804E-02  9.4481E+00
 -3.3069E-01  3.8243E-02 -9.4484E-01  2.4606E-02  1.0897E+01
 -7.8160E-01 -1.0641E-01  6.1750E-01  2.4606E-02  1.0897E+01
  5.5801E-01 -2.1522E-02  8.3169E-01  2.4606E-02  1.0897E+01
  8.5836E-01  1.5172E-01 -4.9370E-01  2.4606E-02  1.0897E+01
  2.4530E-01 -3.6948E-02  9.7057E-01  2.4606E-02  1.0897E+01
  9.3402E-01 -4.1126E-03 -3.6073E-01  2.3280E-02  1.2866E+01
 -4.9718E-01  2.1111E-02  8.6885E-01  2.3280E-02  1.2866E+01
  7.3584E-01 -1.5027E-01 -6.6219E-01  2.3280E-02  1.2866E+01
  8.6428E-01 -1.5187E-01 -4.8132E-01  2.1787E-02  1.5696E+01
 -9.8321E-01  1.5069E-01  1.1093E-01  2.1787E-02  1.5696E+01
  7.5882E-01  1.5173E-01 -6.3473E-01  2.1787E-02  1.5696E+01
 -9.9494E-01  1.0785E-01 -1.3361E-02  2.1787E-02  1.5696E+01
  6.5114E-01  1.5195E-01 -7.4429E-01  2.0058E-02  2.0115E+01
  1.1735E-01  1.4468E-01 -9.8302E-01  2.0058E-02  2.0115E+01
 -4.5177E-01  5.0078E-02  8.9131E-01  2.0058E-02  2.0115E+01
  9.4643E-01  7.8170E-02 -3.1497E-01  2.0058E-02  2.0115E+01
 -6.0797E-01  1.3463E-01  7.8313E-01  2.0058E-02  2.0115E+01
  8.9473E-01 -1.6373E-01  4.1616E-01  1.7969E-02  2.7981E+01
  3.8707E-01  1.4349E-02 -9.2223E-01  1.7969E-02  2.7981E+01
 -7.5337E-01  1.7273E-01  6.3493E-01  1.7969E-02  2.7981E+01
  9.9072E-01  1.2737E-01  5.2828E-02  1.7969E-02  2.7981E+01
