0.21994971428572D+02       596
(x,y,z) position of the X-ray source
 -0.1520E+01 -0.5048E-01 -0.9632E+00
x | y | z | R | rho
 -1.6862E-01  2.2501E-01  9.7595E+00  3.1725E-01  5.0839E-03
  1.0943E+00 -2.3816E-01  9.4670E+00  3.1209E-01  5.3401E-03
 -1.1835E+00 -1.8730E-01  9.4085E+00  3.1100E-01  5.3965E-03
 -9.6478E-01  1.4951E-01  8.9351E+00  2.9973E-01  6.0285E-03
 -1.9135E+00 -2.2964E-01  8.5071E+00  2.9361E-01  6.4134E-03
  1.0957E+00 -2.4796E-01  8.2249E+00  2.8376E-01  7.1045E-03
  2.3269E-02  2.7918E-01  8.0562E+00  2.7807E-01  7.5496E-03
 -8.3567E-01  7.7309E-02  7.8485E+00  2.7406E-01  7.8859E-03
 -1.6352E+00  5.7055E-02  7.6728E+00  2.7291E-01  7.9860E-03
  1.6598E+00  8.4662E-02  7.3367E+00  2.6510E-01  8.7134E-03
 -1.6038E+00 -1.8831E-01  7.2861E+00  2.6364E-01  8.8587E-03
 -1.5457E+00  2.5665E-01  7.2844E+00  2.6335E-01  8.8882E-03
 -1.3402E+00 -1.5374E-01  7.2915E+00  2.6247E-01  8.9775E-03
  1.1122E+00 -9.0398E-03  7.2711E+00  2.6101E-01  9.1293E-03
  9.6263E-01 -1.7956E-01  7.1340E+00  2.5719E-01  9.5421E-03
 -1.7536E+00 -1.4073E-01  6.8846E+00  2.5483E-01  9.8098E-03
 -1.1644E-01  1.3252E-01  7.0917E+00  2.5453E-01  9.8440E-03
 -3.9147E-01  1.7450E-01  7.0452E+00  2.5364E-01  9.9478E-03
  9.7638E-01 -6.8757E-02  6.9781E+00  2.5335E-01  9.9827E-03
 -1.7320E+00  5.4037E-02  6.6708E+00  2.4948E-01  1.0454E-02
 -6.5565E-01  2.2636E-01  6.8334E+00  2.4889E-01  1.0529E-02
 -4.6222E-01  1.2489E-01  6.4253E+00  2.3805E-01  1.2033E-02
  1.8757E+00 -2.1106E-01  6.0003E+00  2.3410E-01  1.2654E-02
 -1.5126E+00  2.9142E-01  5.9895E+00  2.3134E-01  1.3111E-02
  6.0930E-01  5.8856E-02  6.1423E+00  2.3103E-01  1.3164E-02
 -2.2742E-01 -2.0696E-01  6.1063E+00  2.2950E-01  1.3430E-02
  1.1303E-01  5.7055E-02  6.1128E+00  2.2950E-01  1.3430E-02
  2.7758E-01  2.8184E-01  5.9370E+00  2.2518E-01  1.4218E-02
  1.9468E+00  1.2180E-01  5.5842E+00  2.2424E-01  1.4396E-02
  1.8324E-01  2.9822E-02  5.8655E+00  2.2300E-01  1.4638E-02
  2.3522E-01  2.1047E-01  5.8365E+00  2.2238E-01  1.4761E-02
  1.3084E+00 -1.4363E-01  5.5633E+00  2.1895E-01  1.5466E-02
 -5.8175E-01  3.4917E-02  5.6403E+00  2.1769E-01  1.5735E-02
 -2.6338E-01 -2.9084E-01  5.5635E+00  2.1518E-01  1.6293E-02
  8.9606E-02  1.2797E-01  5.5403E+00  2.1423E-01  1.6510E-02
 -1.0091E+00 -1.7820E-01  5.2347E+00  2.0853E-01  1.7903E-02
  5.3842E-01 -1.3953E-01  5.2818E+00  2.0789E-01  1.8068E-02
  1.2638E+00 -3.8950E-02  4.8378E+00  1.9922E-01  2.0531E-02
 -4.1145E-01 -6.4120E-02  4.9484E+00  1.9825E-01  2.0834E-02
  1.1537E-01  2.0541E-01  4.8572E+00  1.9532E-01  2.1784E-02
 -1.8754E+00  9.0024E-02  4.3619E+00  1.9206E-01  2.2915E-02
 -8.1857E-01 -5.5149E-04  4.5969E+00  1.8976E-01  2.3757E-02
  4.7528E-02  6.9408E-02  4.6344E+00  1.8877E-01  2.4132E-02
  8.4260E-01  9.0576E-02  4.4878E+00  1.8679E-01  2.4907E-02
 -7.5251E-01 -5.5569E-02  4.4355E+00  1.8481E-01  2.5719E-02
 -1.2351E+00  2.3552E-01  4.2494E+00  1.8281E-01  2.6569E-02
  1.2544E+00 -1.1400E-01  4.2017E+00  1.8148E-01  2.7159E-02
 -1.4665E+00 -7.8001E-02  4.0496E+00  1.7914E-01  2.8237E-02
 -1.7329E+00 -1.3183E-01  3.8802E+00  1.7746E-01  2.9045E-02
  5.3361E-01  1.1658E-01  4.0923E+00  1.7376E-01  3.0944E-02
 -1.3369E+00 -1.6576E-01  3.7139E+00  1.6832E-01  3.4039E-02
 -8.2752E-01  1.7984E-01  3.7569E+00  1.6524E-01  3.5979E-02
  1.5418E+00  2.3853E-01  3.4728E+00  1.6387E-01  3.6891E-02
 -1.0381E+00  9.8011E-02  3.6044E+00  1.6215E-01  3.8079E-02
  1.4110E+00 -1.2578E-01  3.3559E+00  1.5869E-01  4.0625E-02
 -1.3685E+00 -8.4765E-02  3.2687E+00  1.5555E-01  4.3129E-02
  1.0615E+00  1.5904E-01  3.3669E+00  1.5520E-01  4.3420E-02
 -1.1614E+00  1.5424E-01  3.3224E+00  1.5486E-01  4.3715E-02
 -3.1285E-01  1.1059E-02  3.4438E+00  1.5276E-01  4.5542E-02
 -9.7830E-01  6.2888E-02  3.1812E+00  1.4853E-01  4.9538E-02
 -4.5354E-01  1.6272E-01  3.2289E+00  1.4641E-01  5.1724E-02
 -5.2483E-01  1.3178E-01  3.1547E+00  1.4428E-01  5.4049E-02
  1.3013E-01  6.0836E-02  3.1975E+00  1.4428E-01  5.4049E-02
 -1.3223E+00 -1.4106E-01  2.8413E+00  1.4214E-01  5.6525E-02
 -5.6265E-01 -1.4425E-01  3.0506E+00  1.4107E-01  5.7823E-02
  5.4695E-02  1.2414E-01  3.1025E+00  1.4107E-01  5.7823E-02
  1.0652E+00  1.3429E-01  2.8465E+00  1.3892E-01  6.0548E-02
  4.5427E-01  1.2035E-02  2.8813E+00  1.3460E-01  6.6569E-02
 -1.2938E+00  1.0031E-01  2.6123E+00  1.3460E-01  6.6569E-02
 -7.2621E-01  7.0931E-03  2.7822E+00  1.3315E-01  6.8763E-02
  2.2082E-01  7.9885E-02  2.8554E+00  1.3279E-01  6.9327E-02
 -7.9036E-01 -1.4678E-02  2.7431E+00  1.3243E-01  6.9898E-02
 -1.8353E+00 -1.7463E-01  2.1796E+00  1.3243E-01  6.9898E-02
 -6.9283E-01 -9.5585E-02  2.7677E+00  1.3243E-01  6.9898E-02
 -6.0678E-01 -1.9469E-01  2.7615E+00  1.3170E-01  7.1060E-02
 -1.6524E+00  2.1565E-01  2.2669E+00  1.3098E-01  7.2249E-02
  1.2391E+00  5.6492E-02  2.5138E+00  1.3061E-01  7.2853E-02
 -1.7475E+00 -7.9034E-02  2.1112E+00  1.2843E-01  7.6636E-02
 -1.7949E+00 -4.9345E-02  2.0719E+00  1.2843E-01  7.6636E-02
  1.3882E+00 -4.2736E-03  2.3524E+00  1.2806E-01  7.7293E-02
  1.8590E+00 -2.1678E-01  1.9754E+00  1.2770E-01  7.7958E-02
  6.2947E-01  1.5615E-01  2.6219E+00  1.2697E-01  7.9312E-02
 -1.9205E+00 -1.3336E-02 -1.7968E+00  1.2440E-01  8.4318E-02
 -1.5856E+00  1.2187E-01  2.0820E+00  1.2403E-01  8.5069E-02
  1.7934E+00  1.0460E-01 -1.8932E+00  1.2367E-01  8.5829E-02
  1.0205E+00 -1.7095E-01  2.3631E+00  1.2256E-01  8.8168E-02
  1.1489E+00  1.7815E-01  2.2467E+00  1.2072E-01  9.2266E-02
  2.8869E-01  1.3179E-01  2.4896E+00  1.1998E-01  9.3979E-02
 -1.6307E+00 -2.0600E-01  1.8438E+00  1.1851E-01  9.7542E-02
  1.9063E+00 -8.1639E-02  1.5531E+00  1.1814E-01  9.8461E-02
 -1.5429E+00  3.4077E-02 -1.9033E+00  1.1776E-01  9.9393E-02
 -1.8511E+00 -1.7308E-02  1.4830E+00  1.1480E-01  1.0731E-01
  1.0591E+00 -1.3714E-01  2.1179E+00  1.1480E-01  1.0731E-01
 -7.6455E-01  1.4464E-01  2.2407E+00  1.1480E-01  1.0731E-01
 -1.7853E+00 -5.8692E-02  1.5308E+00  1.1405E-01  1.0942E-01
  1.8978E+00 -5.7407E-03 -1.3736E+00  1.1368E-01  1.1050E-01
  5.9453E-03  7.8932E-03  2.3427E+00  1.1368E-01  1.1050E-01
 -1.0093E+00  1.3200E-01  2.1101E+00  1.1368E-01  1.1050E-01
  9.5008E-02  4.6815E-02  2.3307E+00  1.1331E-01  1.1159E-01
  6.7923E-01  1.2740E-01  2.2284E+00  1.1331E-01  1.1159E-01
 -8.6371E-01 -1.5320E-01  2.1514E+00  1.1293E-01  1.1270E-01
 -1.6823E+00  1.2649E-01  1.5834E+00  1.1256E-01  1.1382E-01
 -1.7549E+00 -1.3639E-01  1.4867E+00  1.1219E-01  1.1496E-01
  4.7069E-01 -1.1414E-01  2.2427E+00  1.1182E-01  1.1612E-01
 -1.7548E+00  1.9484E-02 -1.4780E+00  1.1182E-01  1.1612E-01
  2.8156E-01  2.5126E-02  2.2576E+00  1.1107E-01  1.1847E-01
 -2.5761E-01  1.9329E-01  2.2426E+00  1.1070E-01  1.1968E-01
  1.7988E-01 -1.7144E-01  2.2520E+00  1.1070E-01  1.1968E-01
 -1.6916E+00  1.4402E-02 -1.5071E+00  1.1070E-01  1.1968E-01
 -1.7561E+00  6.5309E-02  1.3995E+00  1.0995E-01  1.2214E-01
 -1.2341E+00 -1.2702E-01  1.8614E+00  1.0957E-01  1.2339E-01
 -6.4506E-01 -6.5032E-02  2.1310E+00  1.0920E-01  1.2466E-01
  5.1973E-01 -6.0318E-02  2.1553E+00  1.0882E-01  1.2596E-01
 -1.1901E+00 -7.7008E-02 -1.8588E+00  1.0845E-01  1.2727E-01
  1.7662E+00 -2.9897E-03  1.3100E+00  1.0808E-01  1.2859E-01
  1.7663E+00  3.8495E-02  1.2934E+00  1.0770E-01  1.2994E-01
  1.7298E-01 -1.3156E-01  2.1787E+00  1.0770E-01  1.2994E-01
 -1.7805E+00  3.4044E-02  1.2411E+00  1.0695E-01  1.3269E-01
 -1.8631E+00 -5.8136E-02  1.1122E+00  1.0695E-01  1.3269E-01
 -1.1049E+00 -1.6881E-01 -1.8278E+00  1.0582E-01  1.3698E-01
 -6.2198E-01 -1.5923E-01  2.0342E+00  1.0545E-01  1.3845E-01
  1.3941E+00  3.6642E-02 -1.6141E+00  1.0545E-01  1.3845E-01
 -1.3235E+00 -1.6131E-02  1.6609E+00  1.0507E-01  1.3994E-01
 -1.7030E+00 -4.0658E-02 -1.2684E+00  1.0507E-01  1.3994E-01
  1.4690E+00 -3.3915E-02 -1.5205E+00  1.0470E-01  1.4145E-01
 -1.4559E+00  1.4850E-01 -1.5263E+00  1.0470E-01  1.4145E-01
  7.2969E-01 -1.7705E-01  1.9667E+00  1.0432E-01  1.4299E-01
  3.0428E-01 -1.7986E-01  2.0378E+00  1.0281E-01  1.4936E-01
 -1.6001E+00  1.5463E-01 -1.2718E+00  1.0206E-01  1.5269E-01
 -3.8738E-01  1.6445E-01  1.9968E+00  1.0168E-01  1.5440E-01
  1.1036E+00  1.3624E-01 -1.7111E+00  1.0168E-01  1.5440E-01
 -3.3366E-01  3.0071E-03  2.0039E+00  1.0131E-01  1.5613E-01
 -7.0407E-01 -3.3651E-02  1.8859E+00  1.0055E-01  1.5967E-01
 -8.3207E-01  1.7740E-01 -1.8147E+00  1.0017E-01  1.6148E-01
 -6.3847E-01 -7.2561E-02  1.8888E+00  9.9797E-02  1.6332E-01
 -7.2896E-01 -1.7405E-03  1.8572E+00  9.9797E-02  1.6332E-01
 -1.7179E+00  9.1960E-02  1.0105E+00  9.9797E-02  1.6332E-01
 -1.8038E+00 -8.2531E-02 -8.4855E-01  9.9797E-02  1.6332E-01
  1.5532E+00  7.6317E-02  1.2499E+00  9.9797E-02  1.6332E-01
  1.2254E+00  1.8627E-01 -1.5403E+00  9.9041E-02  1.6709E-01
 -1.9032E+00  1.8210E-01 -5.0333E-01  9.9041E-02  1.6709E-01
 -1.9066E+00 -1.6476E-01 -4.9633E-01  9.9041E-02  1.6709E-01
 -1.8376E+00  3.8655E-02  7.2840E-01  9.9041E-02  1.6709E-01
  7.8622E-01 -1.8915E-01  1.7943E+00  9.8663E-02  1.6902E-01
  1.0150E+00  5.5917E-02 -1.6852E+00  9.8663E-02  1.6902E-01
 -5.2931E-01  8.0680E-02 -1.8938E+00  9.8663E-02  1.6902E-01
 -1.3580E-01  1.6603E-01  1.9473E+00  9.8285E-02  1.7098E-01
  1.5373E+00 -1.6072E-01 -1.2037E+00  9.8285E-02  1.7098E-01
 -1.7235E+00  1.2200E-01  9.2344E-01  9.8285E-02  1.7098E-01
  1.2363E+00 -9.1392E-02  1.5054E+00  9.7907E-02  1.7297E-01
 -1.2250E+00  1.9008E-01  1.4938E+00  9.7529E-02  1.7499E-01
  1.6292E+00  1.0509E-01  1.0336E+00  9.7150E-02  1.7704E-01
 -1.8379E+00  1.8488E-01 -5.6720E-01  9.7150E-02  1.7704E-01
 -1.8596E+00  8.8122E-02  4.8309E-01  9.6772E-02  1.7912E-01
 -1.9005E+00  1.8176E-01 -1.4351E-01  9.6393E-02  1.8124E-01
  1.2502E+00 -3.0473E-02  1.4380E+00  9.6015E-02  1.8340E-01
 -1.4691E+00  1.5056E-01 -1.2045E+00  9.6015E-02  1.8340E-01
 -1.6456E+00  1.0931E-02 -9.4330E-01  9.5636E-02  1.8558E-01
 -4.9511E-01 -6.1157E-02  1.8301E+00  9.5636E-02  1.8558E-01
 -1.0705E+00 -5.3400E-02 -1.5543E+00  9.5257E-02  1.8781E-01
  1.8655E+00 -6.2155E-02  2.8427E-01  9.5257E-02  1.8781E-01
 -1.8036E+00  1.8500E-01 -5.2675E-01  9.5257E-02  1.8781E-01
 -1.7853E+00 -1.0777E-01  5.7693E-01  9.4878E-02  1.9007E-01
 -1.7778E+00  1.3856E-01 -5.6471E-01  9.4499E-02  1.9236E-01
 -1.4640E+00 -1.4586E-01  1.1266E+00  9.3741E-02  1.9707E-01
 -1.1781E+00  1.4858E-02 -1.4190E+00  9.3361E-02  1.9948E-01
  1.7392E+00 -1.2914E-01  5.7313E-01  9.2982E-02  2.0193E-01
 -1.6717E+00  9.0731E-02  7.5300E-01  9.2982E-02  2.0193E-01
 -1.7064E+00 -5.4807E-02  6.5068E-01  9.2603E-02  2.0443E-01
  1.8213E+00 -1.2923E-01  6.6235E-02  9.2603E-02  2.0443E-01
  1.6904E+00 -6.8410E-02  6.8999E-01  9.2603E-02  2.0443E-01
 -1.7758E+00 -1.2904E-01 -3.6996E-01  9.2223E-02  2.0696E-01
 -1.7889E+00 -9.8607E-02 -2.5653E-01  9.1844E-02  2.0954E-01
  1.5099E+00  1.1497E-02 -9.8226E-01  9.1464E-02  2.1216E-01
  3.8735E-02  1.0838E-01 -1.7976E+00  9.1464E-02  2.1216E-01
 -1.5014E+00 -1.0631E-01  9.7394E-01  9.1084E-02  2.1482E-01
 -1.7782E+00  1.7091E-01 -1.5152E-01  9.1084E-02  2.1482E-01
 -1.6966E+00  1.4628E-01  5.6044E-01  9.1084E-02  2.1482E-01
 -1.4680E+00 -4.4358E-02 -9.9819E-01  9.0325E-02  2.2029E-01
  8.0395E-01 -1.8760E-02 -1.5833E+00  9.0325E-02  2.2029E-01
 -1.4481E+00  1.1587E-01  1.0212E+00  9.0325E-02  2.2029E-01
 -1.5148E+00  6.1950E-02  9.0824E-01  8.9945E-02  2.2309E-01
 -6.7082E-01  1.5520E-02 -1.6350E+00  8.9945E-02  2.2309E-01
 -1.3978E+00  1.3597E-01 -1.0729E+00  8.9945E-02  2.2309E-01
 -1.7546E+00 -3.6990E-02  1.1798E-01  8.9565E-02  2.2594E-01
  1.1152E+00 -6.2877E-03 -1.3602E+00  8.9565E-02  2.2594E-01
  4.5500E-01  2.9612E-04 -1.6903E+00  8.9185E-02  2.2884E-01
  8.2670E-01  1.1836E-01  1.5289E+00  8.8805E-02  2.3179E-01
 -1.3341E+00 -1.0204E-01  1.1156E+00  8.8805E-02  2.3179E-01
 -7.1238E-01  1.8031E-01  1.5796E+00  8.8805E-02  2.3179E-01
 -1.7164E+00  1.6335E-02  2.9762E-01  8.8805E-02  2.3179E-01
 -2.4885E-01  1.6967E-01  1.7074E+00  8.8425E-02  2.3479E-01
 -1.7185E+00  7.5953E-02 -2.1703E-01  8.8425E-02  2.3479E-01
  1.6943E+00  1.4190E-01 -3.3934E-01  8.8425E-02  2.3479E-01
  1.4351E+00 -1.7150E-01 -9.4250E-01  8.8044E-02  2.3785E-01
  1.1769E-01 -1.0491E-01  1.7099E+00  8.7664E-02  2.4095E-01
 -1.5163E+00  1.1004E-01 -7.9841E-01  8.7664E-02  2.4095E-01
 -1.4301E+00  1.9775E-02  9.5034E-01  8.7664E-02  2.4095E-01
  1.6886E+00 -2.3835E-02  2.6125E-01  8.7284E-02  2.4412E-01
  5.4522E-01  9.8024E-02  1.5905E+00  8.6143E-02  2.5395E-01
 -1.5838E+00 -3.6999E-02 -5.7159E-01  8.6143E-02  2.5395E-01
  1.6721E+00  8.3318E-02  7.9051E-02  8.5763E-02  2.5734E-01
  2.2423E-03 -3.8617E-02  1.6756E+00  8.5763E-02  2.5734E-01
 -1.5856E+00 -5.8883E-02  5.1417E-01  8.5382E-02  2.6079E-01
  1.6271E+00 -1.6401E-02  3.6671E-01  8.5382E-02  2.6079E-01
  3.4336E-01  1.4208E-01  1.6177E+00  8.5002E-02  2.6431E-01
  6.7003E-01  4.3015E-02 -1.5092E+00  8.4622E-02  2.6789E-01
  3.0504E-02  1.4312E-01  1.6453E+00  8.4622E-02  2.6789E-01
 -1.0073E+00 -1.3715E-01 -1.3019E+00  8.4622E-02  2.6789E-01
  1.5817E+00 -1.6522E-01  4.4648E-01  8.4622E-02  2.6789E-01
  1.3928E+00  1.7618E-01 -8.5493E-01  8.4241E-02  2.7154E-01
  1.3925E+00 -1.6891E-01 -8.4152E-01  8.3861E-02  2.7525E-01
  7.2244E-01  6.2345E-02 -1.4662E+00  8.3861E-02  2.7525E-01
 -6.1468E-01 -1.8355E-01  1.5047E+00  8.3861E-02  2.7525E-01
 -8.9344E-01  1.6370E-01  1.3508E+00  8.3480E-02  2.7903E-01
  6.4425E-02 -1.0477E-01  1.6231E+00  8.3480E-02  2.7903E-01
 -1.1229E+00 -2.9618E-02 -1.1561E+00  8.2719E-02  2.8681E-01
 -7.7549E-01 -1.5699E-01  1.3953E+00  8.2338E-02  2.9080E-01
 -1.5793E+00 -5.4621E-02 -2.7496E-01  8.2338E-02  2.9080E-01
  1.3075E+00  6.5094E-02  9.2683E-01  8.2338E-02  2.9080E-01
  1.2321E+00  9.0060E-02  1.0108E+00  8.1958E-02  2.9487E-01
  1.0145E+00  4.8947E-02  1.2212E+00  8.1577E-02  2.9902E-01
  7.7424E-01  2.2730E-02  1.3778E+00  8.1197E-02  3.0324E-01
  1.1562E-01  1.2233E-01  1.5716E+00  8.1197E-02  3.0324E-01
  1.1406E+00  1.2773E-01 -1.0868E+00  8.1197E-02  3.0324E-01
  2.7352E-01  1.4819E-02 -1.5567E+00  8.1197E-02  3.0324E-01
 -1.4538E+00 -9.2988E-02 -5.9305E-01  8.0816E-02  3.0755E-01
  2.2221E-01  8.9914E-02 -1.5545E+00  8.0816E-02  3.0755E-01
  1.1017E+00 -1.6731E-01 -1.1099E+00  8.0816E-02  3.0755E-01
 -1.1837E+00 -5.4112E-02 -1.0343E+00  8.0816E-02  3.0755E-01
  8.9551E-01  1.4622E-01 -1.2752E+00  8.0435E-02  3.1193E-01
  1.2500E+00  6.9078E-02  9.3932E-01  8.0435E-02  3.1193E-01
 -1.5640E+00 -5.9396E-02 -4.0940E-03  8.0435E-02  3.1193E-01
 -1.5624E+00  8.8267E-02  2.8691E-02  8.0435E-02  3.1193E-01
  1.5473E+00 -8.2121E-02 -1.5679E-01  8.0055E-02  3.1640E-01
  3.7932E-01 -1.1183E-01 -1.4906E+00  7.9293E-02  3.2561E-01
 -8.3161E-02 -1.1805E-01 -1.5202E+00  7.8532E-02  3.3517E-01
  1.5223E+00 -1.1813E-01 -1.8822E-02  7.8532E-02  3.3517E-01
 -1.2227E-02 -1.2240E-02  1.5269E+00  7.8532E-02  3.3517E-01
 -7.4498E-01  2.8586E-02 -1.3241E+00  7.8152E-02  3.4009E-01
  8.2604E-01  1.4353E-01 -1.2583E+00  7.7771E-02  3.4511E-01
 -1.0852E-01  6.9788E-03  1.5081E+00  7.7771E-02  3.4511E-01
  1.3912E+00  2.5194E-02  5.5284E-01  7.7010E-02  3.5544E-01
 -1.4713E+00 -1.4501E-01  2.3643E-01  7.7010E-02  3.5544E-01
  1.2869E+00  6.8655E-02 -7.6214E-01  7.7010E-02  3.5544E-01
  7.9251E-01  4.7366E-02 -1.2607E+00  7.6629E-02  3.6076E-01
 -1.3301E+00  4.4813E-02  6.6970E-01  7.6629E-02  3.6076E-01
  1.0092E+00  9.6488E-02 -1.0917E+00  7.6629E-02  3.6076E-01
 -5.9465E-01 -1.1971E-01 -1.3527E+00  7.6248E-02  3.6619E-01
  1.2467E+00 -4.2513E-02 -8.0103E-01  7.6248E-02  3.6619E-01
 -1.3961E+00  3.0276E-02  4.9767E-01  7.6248E-02  3.6619E-01
  6.2603E-01  6.8118E-02 -1.3421E+00  7.6248E-02  3.6619E-01
  1.0430E+00  1.0080E-01  1.0383E+00  7.5868E-02  3.7173E-01
 -1.0950E+00  8.5693E-02 -9.7393E-01  7.5487E-02  3.7739E-01
 -1.0805E+00  1.3907E-01  9.7314E-01  7.5106E-02  3.8315E-01
 -1.4365E+00  4.8974E-02 -2.6026E-01  7.5106E-02  3.8315E-01
 -1.4236E+00  1.1291E-01 -2.7107E-01  7.4726E-02  3.8904E-01
 -9.5136E-01 -4.7001E-03  1.0990E+00  7.4726E-02  3.8904E-01
 -5.0692E-01 -8.6433E-02  1.3519E+00  7.4345E-02  3.9504E-01
 -9.0148E-01  5.2223E-02  1.1299E+00  7.4345E-02  3.9504E-01
  1.3634E+00 -5.6751E-02  4.7952E-01  7.4345E-02  3.9504E-01
  8.3970E-01 -8.0412E-02  1.1662E+00  7.3965E-02  4.0117E-01
  1.1677E+00  1.8544E-01  8.0841E-01  7.3584E-02  4.0743E-01
  1.0465E+00 -1.8042E-01  9.6100E-01  7.3584E-02  4.0743E-01
  9.0560E-02  7.2581E-02  1.4205E+00  7.3203E-02  4.1382E-01
  1.0604E+00 -1.0206E-01 -9.4674E-01  7.3203E-02  4.1382E-01
 -7.9953E-01 -1.5940E-01 -1.1690E+00  7.3203E-02  4.1382E-01
 -9.3156E-01  7.9210E-02 -1.0665E+00  7.2822E-02  4.2035E-01
 -5.7964E-01 -3.1855E-02  1.2940E+00  7.2822E-02  4.2035E-01
 -1.6838E-01  1.2708E-01 -1.4025E+00  7.2822E-02  4.2035E-01
 -1.1022E+00  1.1275E-01  8.7426E-01  7.2442E-02  4.2701E-01
  2.4938E-01  4.3973E-02 -1.3884E+00  7.2442E-02  4.2701E-01
  1.3084E-01  1.1922E-01 -1.4002E+00  7.2442E-02  4.2701E-01
  7.0106E-01 -9.7692E-02  1.2210E+00  7.2442E-02  4.2701E-01
 -5.8527E-01  9.7362E-02 -1.2729E+00  7.2061E-02  4.3381E-01
 -6.0130E-01 -8.9132E-03  1.2615E+00  7.1680E-02  4.4076E-01
 -4.8500E-01 -4.1183E-03  1.3107E+00  7.1680E-02  4.4076E-01
 -1.3737E+00  1.1686E-01  2.2920E-01  7.1680E-02  4.4076E-01
  2.0018E-01  1.7946E-01 -1.3645E+00  7.1300E-02  4.4786E-01
  1.2328E+00 -1.3047E-01  6.3030E-01  7.1300E-02  4.4786E-01
 -1.5457E-01  1.4729E-01 -1.3742E+00  7.1300E-02  4.4786E-01
 -5.8800E-01 -3.1957E-02 -1.2599E+00  7.1300E-02  4.4786E-01
  4.3276E-01 -9.2839E-02 -1.3113E+00  7.0919E-02  4.5511E-01
  1.2619E+00 -1.4412E-01  5.3248E-01  7.0538E-02  4.6253E-01
 -9.0358E-01 -6.9932E-02 -1.0370E+00  7.0538E-02  4.6253E-01
 -8.7736E-01  1.2843E-01 -1.0538E+00  7.0538E-02  4.6253E-01
 -1.3211E+00  1.3874E-01 -3.3739E-01  7.0157E-02  4.7010E-01
  8.7229E-01 -6.7302E-02 -1.0550E+00  7.0157E-02  4.7010E-01
 -1.1222E+00 -1.7345E-01  7.6749E-01  7.0157E-02  4.7010E-01
 -1.2669E+00  1.2957E-01 -4.8834E-01  6.9776E-02  4.7784E-01
 -3.8607E-01 -1.3281E-01  1.3014E+00  6.9776E-02  4.7784E-01
 -1.3427E+00 -9.7595E-02 -1.7272E-01  6.9395E-02  4.8575E-01
  8.3419E-01  1.1152E-01 -1.0565E+00  6.9014E-02  4.9384E-01
  5.0118E-01 -1.1795E-01  1.2488E+00  6.9014E-02  4.9384E-01
 -8.1050E-01 -2.7506E-02 -1.0802E+00  6.9014E-02  4.9384E-01
 -6.1535E-01 -1.6304E-01 -1.1840E+00  6.8633E-02  5.0211E-01
  8.3115E-02  8.8063E-02 -1.3388E+00  6.8633E-02  5.0211E-01
  1.3018E+00 -1.5887E-01  2.9503E-01  6.8633E-02  5.0211E-01
 -1.3377E+00 -1.3664E-02  8.3193E-03  6.8252E-02  5.1057E-01
 -1.3290E+00 -6.2990E-02 -1.3967E-01  6.8252E-02  5.1057E-01
 -1.5415E-01 -2.6400E-04 -1.3289E+00  6.8252E-02  5.1057E-01
  1.0627E+00  9.0459E-02 -8.0750E-01  6.8252E-02  5.1057E-01
  2.8616E-01  8.0294E-02  1.2978E+00  6.7871E-02  5.1923E-01
  9.8777E-01 -1.4350E-01  8.8105E-01  6.7871E-02  5.1923E-01
 -5.6487E-01 -5.5090E-02 -1.1973E+00  6.7489E-02  5.2808E-01
  9.1664E-02  4.3074E-03 -1.3155E+00  6.7108E-02  5.3713E-01
  4.2519E-01 -6.8507E-03 -1.2482E+00  6.7108E-02  5.3713E-01
  1.1470E+00  5.3092E-02  6.3563E-01  6.6726E-02  5.4640E-01
  5.3076E-02 -3.9741E-02  1.3107E+00  6.6726E-02  5.4640E-01
  1.2171E+00  3.4576E-02 -4.7269E-01  6.6345E-02  5.5588E-01
  7.1810E-01 -1.5879E-01 -1.0794E+00  6.6345E-02  5.5588E-01
  4.6622E-01 -7.5231E-02  1.2178E+00  6.6345E-02  5.5588E-01
  8.4638E-01 -1.4445E-01  9.7607E-01  6.5963E-02  5.6559E-01
  1.2924E+00  1.0339E-01  9.4661E-02  6.5963E-02  5.6559E-01
  1.2861E+00  6.2828E-02 -1.7889E-01  6.5963E-02  5.6559E-01
  8.7646E-01 -4.9287E-02  9.5048E-01  6.5581E-02  5.7553E-01
  5.2300E-01 -6.8996E-02  1.1814E+00  6.5581E-02  5.7553E-01
 -5.8941E-01 -1.1601E-01 -1.1459E+00  6.5581E-02  5.7553E-01
 -3.3422E-01 -1.6413E-01  1.2391E+00  6.5581E-02  5.7553E-01
  1.1885E+00 -1.6467E-02 -4.9547E-01  6.5199E-02  5.8571E-01
  4.4927E-01  1.2963E-01  1.1999E+00  6.5199E-02  5.8571E-01
  4.0608E-02 -1.0040E-01 -1.2711E+00  6.4434E-02  6.0681E-01
  5.6910E-01  3.4126E-03  1.1418E+00  6.4434E-02  6.0681E-01
  3.4205E-01  2.9630E-02  1.2287E+00  6.4434E-02  6.0681E-01
  1.0544E+00 -5.2363E-02  7.0557E-01  6.4051E-02  6.1776E-01
 -8.3835E-01 -1.1140E-02  9.4580E-01  6.3669E-02  6.2897E-01
 -1.5852E-01 -7.2009E-02 -1.2460E+00  6.3285E-02  6.4046E-01
 -2.7415E-02 -1.3869E-01  1.2501E+00  6.3285E-02  6.4046E-01
  8.7352E-01 -6.9370E-02 -9.0274E-01  6.3285E-02  6.4046E-01
  5.4244E-01 -5.8719E-02  1.1336E+00  6.3285E-02  6.4046E-01
  7.0975E-01 -7.0751E-02  1.0364E+00  6.3285E-02  6.4046E-01
 -8.1817E-01  6.5725E-02  9.5345E-01  6.3285E-02  6.4046E-01
 -1.2443E+00  1.4104E-01 -1.0382E-03  6.2902E-02  6.5224E-01
  1.2001E+00  1.3223E-01 -3.3263E-01  6.2902E-02  6.5224E-01
  5.5496E-01  8.1814E-02  1.1196E+00  6.2902E-02  6.5224E-01
  9.6547E-01  9.3910E-02  7.8296E-01  6.2518E-02  6.6433E-01
 -1.0292E+00  1.3481E-01 -6.9037E-01  6.2518E-02  6.6433E-01
  1.0981E+00 -5.8511E-02  5.8706E-01  6.2518E-02  6.6433E-01
  7.1229E-01 -1.1372E-01 -1.0167E+00  6.2518E-02  6.6433E-01
 -9.9927E-01 -8.2918E-02  7.2147E-01  6.1750E-02  6.8943E-01
 -1.0388E+00 -1.7292E-01  6.4570E-01  6.1750E-02  6.8943E-01
 -9.5335E-01 -1.7567E-01 -7.6564E-01  6.1750E-02  6.8943E-01
  7.7666E-02 -1.7453E-01 -1.2204E+00  6.1750E-02  6.8943E-01
  1.2244E+00 -1.2874E-01 -1.0068E-01  6.1750E-02  6.8943E-01
 -9.4907E-01  4.7070E-02 -7.8930E-01  6.1750E-02  6.8943E-01
  7.3472E-01  3.5919E-02 -9.8546E-01  6.1365E-02  7.0248E-01
 -1.0736E+00 -2.6491E-02 -5.8764E-01  6.0980E-02  7.1587E-01
  1.0445E+00 -7.9891E-02 -6.2284E-01  6.0595E-02  7.2962E-01
  1.2034E+00  1.1231E-01 -1.5688E-01  6.0595E-02  7.2962E-01
  1.0956E+00  1.0823E-01  5.2272E-01  6.0595E-02  7.2962E-01
 -1.0909E+00  1.2115E-01  5.2974E-01  6.0595E-02  7.2962E-01
 -9.6834E-02  1.6340E-01  1.1984E+00  6.0209E-02  7.4374E-01
  4.8061E-01  3.3565E-02 -1.1136E+00  6.0209E-02  7.4374E-01
 -9.6878E-01  4.7900E-02 -7.2004E-01  5.9822E-02  7.5825E-01
 -1.0373E+00 -1.1112E-01 -5.9853E-01  5.9436E-02  7.7315E-01
  3.8469E-01  1.5357E-01  1.1291E+00  5.9436E-02  7.7315E-01
 -1.1512E+00  7.3710E-02 -3.2136E-01  5.9048E-02  7.8847E-01
 -9.0101E-01 -1.4886E-01 -7.6656E-01  5.8660E-02  8.0422E-01
 -1.1485E+00 -1.2908E-01  2.9300E-01  5.8660E-02  8.0422E-01
 -1.0801E+00  1.2696E-01 -4.8882E-01  5.8660E-02  8.0422E-01
  3.6119E-01 -3.5080E-02 -1.1357E+00  5.8660E-02  8.0422E-01
  1.1028E+00 -1.1621E-01  4.2398E-01  5.8271E-02  8.2042E-01
  6.0575E-01  1.5322E-02  1.0209E+00  5.8271E-02  8.2042E-01
 -7.3275E-01 -1.6456E-02 -9.3392E-01  5.8271E-02  8.2042E-01
 -9.9624E-01 -9.3618E-02 -6.3886E-01  5.8271E-02  8.2042E-01
 -1.1584E-01  5.7064E-02 -1.1750E+00  5.7882E-02  8.3709E-01
  1.1572E+00 -1.8019E-01  1.1833E-01  5.7492E-02  8.5424E-01
 -8.3711E-01  1.7420E-01 -8.0902E-01  5.7492E-02  8.5424E-01
 -1.1062E+00  1.5373E-01 -3.7179E-01  5.7492E-02  8.5424E-01
  4.4745E-01 -5.7528E-02  1.0819E+00  5.7101E-02  8.7190E-01
  5.1213E-01 -1.3402E-01  1.0404E+00  5.6710E-02  8.9009E-01
 -9.8599E-01  9.0591E-02  6.1823E-01  5.6710E-02  8.9009E-01
 -2.2271E-01  1.5971E-02  1.1408E+00  5.6317E-02  9.0882E-01
 -7.5871E-01 -2.9898E-02  8.7394E-01  5.5924E-02  9.2814E-01
 -1.0855E+00 -1.7391E-01  3.6307E-01  5.5924E-02  9.2814E-01
  1.1547E+00  8.3221E-02  1.0496E-03  5.5924E-02  9.2814E-01
  8.4235E-01 -4.3121E-03  7.8732E-01  5.5530E-02  9.4805E-01
 -6.6722E-01 -1.7008E-01  9.2484E-01  5.5530E-02  9.4805E-01
 -1.0793E+00  1.0524E-01 -3.9169E-01  5.5530E-02  9.4805E-01
 -1.1098E+00 -1.3352E-01  2.8293E-01  5.5530E-02  9.4805E-01
 -5.6633E-01  8.0024E-02  9.9581E-01  5.5134E-02  9.6859E-01
 -1.0129E+00 -1.7258E-01  5.1277E-01  5.5134E-02  9.6859E-01
  8.7660E-01 -2.4854E-02  7.4143E-01  5.5134E-02  9.6859E-01
 -1.0746E+00 -3.1218E-02  3.9059E-01  5.4738E-02  9.8980E-01
 -8.2004E-01 -1.6767E-02 -7.9720E-01  5.4738E-02  9.8980E-01
  6.5752E-01  1.0963E-01  9.2392E-01  5.4340E-02  1.0117E+00
 -3.6054E-01  4.2212E-02  1.0799E+00  5.4340E-02  1.0117E+00
 -1.0379E+00  8.5357E-02  4.6202E-01  5.4340E-02  1.0117E+00
 -2.9527E-02  1.2922E-01  1.1315E+00  5.4340E-02  1.0117E+00
 -4.9015E-01 -7.2829E-02 -1.0259E+00  5.4340E-02  1.0117E+00
  6.1659E-01  5.6971E-02 -9.5101E-01  5.3941E-02  1.0343E+00
  1.1183E+00  7.1314E-02 -1.7936E-01  5.3941E-02  1.0343E+00
  1.1060E+00  1.7726E-01  1.8231E-01  5.3941E-02  1.0343E+00
 -5.6131E-01 -1.3865E-02  9.8620E-01  5.3941E-02  1.0343E+00
 -1.9252E-01  6.4531E-02  1.1121E+00  5.3541E-02  1.0577E+00
  2.9284E-01 -1.2337E-01 -1.0849E+00  5.3541E-02  1.0577E+00
 -1.0287E+00 -1.2733E-01  4.5119E-01  5.3541E-02  1.0577E+00
  7.3392E-01  1.6384E-01  8.4406E-01  5.3541E-02  1.0577E+00
 -6.1580E-01  7.7548E-02  9.4483E-01  5.3541E-02  1.0577E+00
  1.2050E-01 -5.7196E-04 -1.1197E+00  5.3139E-02  1.0818E+00
  1.1256E+00 -4.1426E-03 -3.5051E-02  5.3139E-02  1.0818E+00
  9.4907E-01 -1.5122E-01 -5.7879E-01  5.2736E-02  1.1068E+00
 -2.6079E-01 -4.0480E-02 -1.0904E+00  5.2736E-02  1.1068E+00
 -1.0464E+00  1.7148E-01 -3.6636E-01  5.2736E-02  1.1068E+00
  7.8477E-01 -1.5473E-01 -7.8663E-01  5.2736E-02  1.1068E+00
 -4.4604E-01 -1.8033E-01  1.0135E+00  5.2736E-02  1.1068E+00
 -1.1068E+00 -6.3784E-02 -1.4196E-01  5.2331E-02  1.1327E+00
 -9.8076E-01 -6.3408E-02 -5.3225E-01  5.2331E-02  1.1327E+00
 -6.8473E-01 -7.5717E-03 -8.7812E-01  5.1925E-02  1.1595E+00
  6.8737E-01 -7.5714E-02  8.7280E-01  5.1925E-02  1.1595E+00
  7.4586E-01  1.2430E-01  8.1746E-01  5.1925E-02  1.1595E+00
  9.0292E-01 -3.7256E-02 -6.4368E-01  5.1516E-02  1.1873E+00
  7.1471E-01  1.8108E-01  8.2908E-01  5.1516E-02  1.1873E+00
  1.0972E+00 -2.3401E-02 -1.6284E-01  5.1516E-02  1.1873E+00
 -1.1025E+00 -2.3539E-02  1.2176E-01  5.1516E-02  1.1873E+00
  5.2633E-01 -8.7679E-02  9.6820E-01  5.1106E-02  1.2161E+00
 -8.1760E-01  8.9307E-02  7.3870E-01  5.1106E-02  1.2161E+00
 -8.7366E-01  1.6514E-01  6.5032E-01  5.0694E-02  1.2461E+00
  1.4301E-01 -9.4280E-02  1.0882E+00  5.0694E-02  1.2461E+00
 -8.7460E-01 -1.7071E-01  6.4761E-01  5.0694E-02  1.2461E+00
  7.0489E-01  1.8500E-01 -8.2606E-01  5.0694E-02  1.2461E+00
  9.4209E-01 -1.8048E-02  5.7062E-01  5.0694E-02  1.2461E+00
  1.0231E+00 -3.9040E-03  4.0828E-01  5.0694E-02  1.2461E+00
 -9.5009E-01  4.7911E-03 -5.4980E-01  5.0279E-02  1.2771E+00
 -2.5791E-01 -1.8340E-01 -1.0511E+00  5.0279E-02  1.2771E+00
 -9.6104E-01 -2.4036E-02 -5.2201E-01  4.9863E-02  1.3094E+00
 -6.2971E-01  7.9551E-02 -8.9096E-01  4.9863E-02  1.3094E+00
  1.1893E-01  7.3631E-02 -1.0849E+00  4.9863E-02  1.3094E+00
  4.7240E-01  1.7231E-01 -9.7150E-01  4.9863E-02  1.3094E+00
 -3.4869E-01  1.8224E-02 -1.0367E+00  4.9863E-02  1.3094E+00
 -8.7505E-01  1.5253E-01 -6.3851E-01  4.9863E-02  1.3094E+00
 -7.2763E-01  7.9010E-02  8.1301E-01  4.9863E-02  1.3094E+00
  6.1153E-01 -1.6748E-01 -8.8687E-01  4.9444E-02  1.3430E+00
  9.7202E-02 -8.3201E-02 -1.0827E+00  4.9444E-02  1.3430E+00
  9.6560E-01 -1.7584E-01 -4.7460E-01  4.9444E-02  1.3430E+00
 -1.5718E-01  8.5256E-02 -1.0754E+00  4.9444E-02  1.3430E+00
  1.0425E+00 -1.0410E-01 -2.7433E-01  4.8597E-02  1.4144E+00
 -9.5932E-01  1.5056E-01  4.7145E-01  4.8170E-02  1.4524E+00
 -1.0616E+00 -9.6227E-02 -1.4647E-01  4.7739E-02  1.4920E+00
 -6.8429E-02  4.3030E-02  1.0730E+00  4.7739E-02  1.4920E+00
 -8.5981E-01  1.1126E-01  6.3730E-01  4.7739E-02  1.4920E+00
 -1.0685E+00  1.0868E-01 -6.5633E-02  4.7739E-02  1.4920E+00
  2.2453E-02 -3.0557E-02  1.0753E+00  4.7739E-02  1.4920E+00
 -8.2358E-01 -2.3058E-03 -6.8722E-01  4.7306E-02  1.5334E+00
 -7.3511E-01 -9.0278E-02  7.7590E-01  4.7306E-02  1.5334E+00
  6.8943E-01 -5.4547E-02 -8.1561E-01  4.6868E-02  1.5768E+00
  4.3992E-01 -2.7887E-02  9.7426E-01  4.6868E-02  1.5768E+00
 -9.8710E-01  1.3448E-01  3.8864E-01  4.6868E-02  1.5768E+00
 -1.0651E+00 -4.7224E-02  3.0354E-03  4.6427E-02  1.6222E+00
 -9.6736E-01 -3.3394E-02 -4.4687E-01  4.6427E-02  1.6222E+00
  1.0605E+00  6.7431E-02  2.5210E-02  4.5982E-02  1.6697E+00
  1.0402E+00 -1.6800E-01 -1.4033E-01  4.5982E-02  1.6697E+00
  1.0146E+00 -9.6012E-02 -3.0202E-01  4.5982E-02  1.6697E+00
 -3.8154E-01 -1.6448E-01 -9.7839E-01  4.5982E-02  1.6697E+00
  5.9801E-01 -4.1120E-02 -8.7782E-01  4.5982E-02  1.6697E+00
 -4.1360E-02  6.1094E-02  1.0573E+00  4.5533E-02  1.7196E+00
 -9.2806E-01  1.4559E-01 -4.9076E-01  4.5533E-02  1.7196E+00
  2.3117E-03 -6.4316E-03 -1.0599E+00  4.5533E-02  1.7196E+00
  1.0491E+00  9.7349E-02 -8.2737E-02  4.5079E-02  1.7721E+00
 -9.0615E-01 -7.5269E-02 -5.3870E-01  4.5079E-02  1.7721E+00
 -4.1652E-01 -5.6849E-02  9.6966E-01  4.5079E-02  1.7721E+00
  1.0432E+00  1.4814E-01 -2.4411E-02  4.4620E-02  1.8273E+00
  5.1879E-02  1.6722E-02  1.0525E+00  4.4620E-02  1.8273E+00
 -4.5225E-01  5.7833E-03 -9.5195E-01  4.4620E-02  1.8273E+00
  1.6737E-01  1.6007E-01 -1.0282E+00  4.4620E-02  1.8273E+00
  3.9235E-01 -1.2107E-01 -9.7066E-01  4.4620E-02  1.8273E+00
  6.9465E-01  1.6610E-01  7.7111E-01  4.4156E-02  1.8855E+00
 -1.0391E+00 -1.5715E-01 -1.5668E-02  4.4156E-02  1.8855E+00
 -6.0304E-01 -9.6896E-03  8.6081E-01  4.4156E-02  1.8855E+00
  8.2613E-01 -4.2487E-02 -6.4389E-01  4.3687E-02  1.9469E+00
  2.2056E-01 -9.7765E-02  1.0201E+00  4.3687E-02  1.9469E+00
 -3.1564E-01 -1.5555E-02 -9.9951E-01  4.3687E-02  1.9469E+00
 -5.3423E-02  1.8075E-01  1.0284E+00  4.3212E-02  2.0119E+00
  1.8227E-01  8.5951E-02  1.0260E+00  4.3212E-02  2.0119E+00
 -5.6917E-01 -1.8300E-01  8.5455E-01  4.2730E-02  2.0806E+00
 -9.5782E-01 -1.3386E-01 -3.8344E-01  4.2242E-02  2.1536E+00
 -6.5495E-01  1.1581E-01  8.0000E-01  4.2242E-02  2.1536E+00
  1.0371E+00  1.8486E-02  3.6476E-02  4.1747E-02  2.2312E+00
  9.5451E-01  1.6420E-02  4.0722E-01  4.1747E-02  2.2312E+00
 -9.0760E-01 -3.6847E-02  5.0209E-01  4.1747E-02  2.2312E+00
  2.2750E-02  7.2835E-02  1.0351E+00  4.1747E-02  2.2312E+00
  8.3762E-01  1.2967E-01 -5.9898E-01  4.1747E-02  2.2312E+00
 -1.0306E+00  9.6384E-02  2.7380E-02  4.1244E-02  2.3138E+00
  8.7663E-01  2.1454E-03 -5.5110E-01  4.1244E-02  2.3138E+00
 -1.0031E+00  5.9426E-03  2.5668E-01  4.1244E-02  2.3138E+00
 -8.3675E-01 -8.9609E-02  5.9933E-01  4.0733E-02  2.4020E+00
 -7.5575E-01 -1.7416E-01 -6.8256E-01  4.0733E-02  2.4020E+00
 -4.8249E-01  1.5509E-01 -9.0029E-01  4.0733E-02  2.4020E+00
 -9.7915E-01 -3.5768E-02 -3.2764E-01  4.0733E-02  2.4020E+00
 -3.4327E-03  1.4660E-01 -1.0227E+00  4.0733E-02  2.4020E+00
 -1.0773E-01  1.2147E-01  1.0180E+00  4.0213E-02  2.4964E+00
  8.8604E-01 -1.6013E-01  5.0199E-01  4.0213E-02  2.4964E+00
  4.7783E-01 -1.2193E-01 -9.0527E-01  4.0213E-02  2.4964E+00
 -9.8664E-01 -8.4351E-02 -2.7863E-01  3.9683E-02  2.5977E+00
  2.6587E-01 -1.3027E-01  9.8517E-01  3.9683E-02  2.5977E+00
  4.5658E-01 -1.1150E-01  9.1505E-01  3.9683E-02  2.5977E+00
  2.2415E-01 -1.5360E-02  1.0017E+00  3.9143E-02  2.7067E+00
 -9.9832E-01  4.0565E-03  2.3927E-01  3.9143E-02  2.7067E+00
 -1.0174E+00 -3.7680E-02 -1.3211E-01  3.9143E-02  2.7067E+00
 -5.2325E-01  3.3392E-02  8.8261E-01  3.9143E-02  2.7067E+00
 -8.2207E-01 -1.6615E-01  5.8850E-01  3.8592E-02  2.8243E+00
  8.3393E-02  1.1113E-01  1.0151E+00  3.8592E-02  2.8243E+00
  3.5453E-01  9.0839E-04 -9.5921E-01  3.8029E-02  2.9517E+00
  9.7486E-01  1.2592E-02  3.0863E-01  3.8029E-02  2.9517E+00
  8.8438E-01 -8.3446E-02 -5.0663E-01  3.8029E-02  2.9517E+00
 -1.1575E-01 -3.2147E-02 -1.0155E+00  3.8029E-02  2.9517E+00
 -7.1501E-01  1.5843E-02 -7.3094E-01  3.8029E-02  2.9517E+00
  8.0692E-01  9.7685E-02  6.2056E-01  3.8029E-02  2.9517E+00
  7.3892E-01 -3.3775E-02  7.0343E-01  3.7452E-02  3.0900E+00
 -3.8568E-01  1.2218E-02 -9.4501E-01  3.7452E-02  3.0900E+00
 -1.0102E+00  8.6238E-02  1.0185E-01  3.6862E-02  3.2409E+00
 -2.0346E-01 -8.2277E-02 -9.9506E-01  3.6862E-02  3.2409E+00
  3.1405E-01 -1.5073E-01  9.5758E-01  3.6862E-02  3.2409E+00
 -8.7105E-01 -9.8965E-02  5.1941E-01  3.6862E-02  3.2409E+00
  2.7073E-01 -1.2512E-02 -9.8049E-01  3.6256E-02  3.4062E+00
 -8.2520E-01  1.1192E-01  5.8424E-01  3.6256E-02  3.4062E+00
  1.7597E-01 -2.2000E-02  1.0017E+00  3.6256E-02  3.4062E+00
 -4.0706E-02  1.2171E-03 -1.0164E+00  3.6256E-02  3.4062E+00
  3.4901E-01  7.4470E-02 -9.5261E-01  3.6256E-02  3.4062E+00
 -8.1271E-01  9.9013E-02 -6.0375E-01  3.6256E-02  3.4062E+00
  7.5600E-01 -5.6421E-02  6.7831E-01  3.6256E-02  3.4062E+00
 -8.7203E-01  2.8664E-03  5.2063E-01  3.5633E-02  3.5880E+00
 -2.8949E-01  8.3692E-02 -9.6990E-01  3.5633E-02  3.5880E+00
 -7.2396E-02 -1.6125E-01  1.0001E+00  3.5633E-02  3.5880E+00
  4.8816E-01  9.5550E-02 -8.8548E-01  3.5633E-02  3.5880E+00
 -9.3733E-01  5.4883E-02  3.8308E-01  3.4991E-02  3.7890E+00
 -1.0030E+00 -1.1660E-01  9.4091E-02  3.4991E-02  3.7890E+00
  1.0018E+00  1.4260E-01 -6.7046E-02  3.4991E-02  3.7890E+00
  8.3815E-01  1.0828E-01 -5.6048E-01  3.4991E-02  3.7890E+00
  9.2879E-01  2.0680E-02  4.0655E-01  3.4991E-02  3.7890E+00
  9.9591E-01  4.0326E-02 -1.7868E-01  3.4329E-02  4.0125E+00
  4.1260E-02 -1.4886E-01 -1.0008E+00  3.4329E-02  4.0125E+00
  5.5797E-01 -4.4564E-02  8.4384E-01  3.4329E-02  4.0125E+00
  8.9448E-01  8.7533E-02 -4.6650E-01  3.4329E-02  4.0125E+00
  1.0077E+00 -3.4128E-02  9.3305E-02  3.4329E-02  4.0125E+00
  9.1348E-01  1.4097E-01 -4.1017E-01  3.3644E-02  4.2626E+00
 -9.6225E-01  1.0451E-01 -2.9279E-01  3.3644E-02  4.2626E+00
  1.0089E+00  3.7057E-02  5.7262E-02  3.3644E-02  4.2626E+00
  7.8029E-02 -6.5665E-02  1.0061E+00  3.3644E-02  4.2626E+00
 -8.4891E-01  3.1988E-02  5.4854E-01  3.3644E-02  4.2626E+00
  9.6834E-01  8.0472E-02 -2.8000E-01  3.3644E-02  4.2626E+00
  3.7502E-01  1.3923E-01  9.2730E-01  3.2934E-02  4.5444E+00
 -9.8037E-01 -1.7956E-01  1.6297E-01  3.2934E-02  4.5444E+00
  5.4532E-01  4.8907E-02 -8.4862E-01  3.2934E-02  4.5444E+00
 -3.4954E-01  4.9980E-02  9.4617E-01  3.2934E-02  4.5444E+00
  1.6500E-01  1.5943E-01 -9.8350E-01  3.2934E-02  4.5444E+00
  1.2551E-01  1.4433E-01 -9.9038E-01  3.2195E-02  4.8645E+00
  9.6845E-01 -5.9511E-03 -2.7782E-01  3.1425E-02  5.2312E+00
 -4.9833E-02 -1.8366E-01  9.8940E-01  3.1425E-02  5.2312E+00
  9.5908E-01  8.6306E-02 -2.9271E-01  3.0618E-02  5.6557E+00
  9.6091E-01 -1.4489E-01 -2.6198E-01  3.0618E-02  5.6557E+00
  7.8240E-02 -2.1131E-02 -1.0032E+00  3.0618E-02  5.6557E+00
  5.6328E-01  1.7347E-01  8.1584E-01  3.0618E-02  5.6557E+00
  9.4619E-01 -8.3533E-02 -3.3273E-01  3.0618E-02  5.6557E+00
 -7.7371E-01 -6.0546E-02 -6.4085E-01  3.0618E-02  5.6557E+00
  9.8956E-01  3.7682E-02  1.7981E-01  3.0618E-02  5.6557E+00
 -9.9944E-01  9.3050E-02  7.3734E-02  3.0618E-02  5.6557E+00
 -3.0965E-01 -1.4260E-01 -9.4697E-01  3.0618E-02  5.6557E+00
  2.3542E-01 -1.8776E-03 -9.7753E-01  2.9770E-02  6.1530E+00
  3.9007E-01  2.3232E-02 -9.2644E-01  2.9770E-02  6.1530E+00
 -9.3487E-01 -7.0201E-02 -3.6342E-01  2.9770E-02  6.1530E+00
 -1.4000E-01 -1.2631E-01  9.8764E-01  2.9770E-02  6.1530E+00
  1.5161E-01  1.6648E-01  9.7901E-01  2.8874E-02  6.7438E+00
 -2.6960E-01 -8.3130E-02 -9.6414E-01  2.8874E-02  6.7438E+00
 -6.1626E-01  1.6265E-01  7.7649E-01  2.8874E-02  6.7438E+00
 -9.3759E-01  1.6018E-01  3.2060E-01  2.7921E-02  7.4574E+00
  6.5086E-01 -4.9247E-02 -7.6254E-01  2.7921E-02  7.4574E+00
 -8.0683E-01  2.5006E-03 -5.9710E-01  2.7921E-02  7.4574E+00
  6.1978E-01  1.2402E-01 -7.7975E-01  2.7921E-02  7.4574E+00
  2.8970E-01  1.1321E-01 -9.5356E-01  2.6903E-02  8.3369E+00
 -1.0017E+00 -4.4515E-02 -2.6580E-02  2.6903E-02  8.3369E+00
  9.8851E-01  5.0648E-02 -1.6220E-01  2.6903E-02  8.3369E+00
  9.9136E-01  6.9610E-02 -1.3554E-01  2.6903E-02  8.3369E+00
 -6.3882E-01  2.3270E-02  7.7205E-01  2.5804E-02  9.4481E+00
 -6.5487E-01 -1.2781E-01  7.4801E-01  2.5804E-02  9.4481E+00
  9.9928E-01 -5.5665E-02 -5.5029E-02  2.5804E-02  9.4481E+00
  3.9607E-01 -8.7160E-02 -9.1664E-01  2.5804E-02  9.4481E+00
  9.9453E-01  1.2478E-01  5.5614E-03  2.5804E-02  9.4481E+00
  5.2436E-01  1.8516E-01 -8.3394E-01  2.5804E-02  9.4481E+00
 -9.4259E-01 -2.1786E-03 -3.3921E-01  2.4606E-02  1.0897E+01
 -9.4344E-01 -7.9775E-02  3.2725E-01  2.4606E-02  1.0897E+01
 -9.5700E-01  1.2537E-01  2.6828E-01  2.4606E-02  1.0897E+01
 -3.0812E-01 -1.7010E-01  9.3790E-01  2.4606E-02  1.0897E+01
 -9.6099E-01 -1.5503E-01  2.3664E-01  2.4606E-02  1.0897E+01
  9.0286E-01 -1.5855E-02 -4.3259E-01  2.3280E-02  1.2866E+01
  8.8130E-01  9.5460E-02  4.6555E-01  2.3280E-02  1.2866E+01
  9.6795E-01 -2.0110E-02  2.5372E-01  2.1787E-02  1.5696E+01
  9.8858E-01  1.2729E-01 -9.0678E-02  2.1787E-02  1.5696E+01
 -9.2083E-01  6.2017E-02  3.8721E-01  2.1787E-02  1.5696E+01
  3.0900E-01 -3.1737E-03  9.5195E-01  2.1787E-02  1.5696E+01
  8.5619E-01 -6.7940E-02 -5.1319E-01  2.0058E-02  2.0115E+01
 -9.8577E-01  4.2288E-02 -1.6588E-01  2.0058E-02  2.0115E+01
  5.0419E-01  1.3662E-01  8.5303E-01  1.7969E-02  2.7981E+01
  6.8855E-01 -7.7119E-02  7.2145E-01  1.7969E-02  2.7981E+01
  2.5482E-01 -1.5820E-01 -9.5424E-01  1.7969E-02  2.7981E+01
  6.4155E-01  1.6698E-01 -7.4905E-01  1.7969E-02  2.7981E+01
