0.27327085714286D+02       567
(x,y,z) position of the X-ray source
 -0.1629E+01  0.4011E-01  0.7654E+00
x | y | z | R | rho
 -8.2105E-01 -1.2795E-01  9.8745E+00  3.2049E-01  4.9312E-03
 -1.6819E+00 -1.1331E-03  9.4451E+00  3.1345E-01  5.2709E-03
  9.7998E-02  1.4311E-01  9.5557E+00  3.1264E-01  5.3123E-03
  1.7498E+00  1.8810E-01  9.3198E+00  3.1100E-01  5.3965E-03
 -1.5741E+00 -1.1624E-01  9.2785E+00  3.0936E-01  5.4827E-03
  1.1648E+00  2.5448E-01  8.9332E+00  3.0029E-01  5.9952E-03
 -7.4884E-01  2.6471E-02  8.2432E+00  2.8320E-01  7.1473E-03
 -1.3100E+00  3.2892E-01  7.8741E+00  2.7636E-01  7.6911E-03
  3.2481E-01  1.5185E-01  7.9811E+00  2.7636E-01  7.6911E-03
 -1.4280E+00 -3.6609E-01  7.7422E+00  2.7378E-01  7.9108E-03
  1.3881E-01  3.1507E-01  7.8738E+00  2.7378E-01  7.9108E-03
  1.1939E+00  3.1628E-02  7.5723E+00  2.6858E-01  8.3786E-03
 -1.9240E+00  1.8792E-02  7.3711E+00  2.6742E-01  8.4881E-03
  5.8625E-01  2.1208E-01  7.5806E+00  2.6713E-01  8.5158E-03
 -1.8431E+00 -2.5428E-01  7.3628E+00  2.6684E-01  8.5436E-03
  1.7731E-02  2.3541E-02  6.9870E+00  2.5186E-01  1.0160E-02
  2.8404E-01  1.3996E-01  6.9680E+00  2.5157E-01  1.0196E-02
  1.4212E+00 -3.4463E-01  6.7716E+00  2.5038E-01  1.0342E-02
  8.5438E-01  7.6243E-02  6.8505E+00  2.4978E-01  1.0416E-02
 -1.9822E+00 -1.9984E-01  6.5484E+00  2.4829E-01  1.0605E-02
  1.6012E+00 -1.8583E-01  6.6401E+00  2.4799E-01  1.0644E-02
 -1.0834E+00  9.7643E-03  6.5069E+00  2.4199E-01  1.1456E-02
 -1.6756E+00 -2.0698E-01  6.1936E+00  2.3745E-01  1.2126E-02
  8.1796E-03 -1.4087E-01  6.1124E+00  2.2950E-01  1.3430E-02
 -4.7175E-02 -4.7224E-02  5.8914E+00  2.2362E-01  1.4516E-02
 -4.2117E-01  2.7086E-02  5.8532E+00  2.2300E-01  1.4638E-02
  3.6399E-01  2.9173E-01  5.7095E+00  2.1926E-01  1.5400E-02
 -1.9718E+00 -1.6744E-02  5.3288E+00  2.1801E-01  1.5667E-02
  2.2368E-01 -1.6748E-01  5.5238E+00  2.1392E-01  1.6583E-02
  1.4643E+00  1.2684E-01  5.2598E+00  2.1202E-01  1.7032E-02
  2.0009E+00 -2.5725E-01  4.8380E+00  2.0597E-01  1.8577E-02
 -9.9983E-01  7.1698E-02  5.1215E+00  2.0533E-01  1.8751E-02
 -1.6333E+00  1.9123E-01  4.8921E+00  2.0373E-01  1.9197E-02
 -8.7504E-01  2.9330E-01  5.0545E+00  2.0309E-01  1.9380E-02
 -3.1653E-01  1.9904E-01  4.9633E+00  1.9857E-01  2.0733E-02
  1.0386E-01 -1.4135E-01  4.9743E+00  1.9857E-01  2.0733E-02
 -1.9200E-01  2.8361E-01  4.9082E+00  1.9695E-01  2.1249E-02
 -1.9345E+00 -2.6404E-01  4.5036E+00  1.9662E-01  2.1355E-02
  2.4106E-01  7.7701E-02  4.8907E+00  1.9630E-01  2.1461E-02
  1.0419E+00 -7.1395E-02  4.6560E+00  1.9271E-01  2.2682E-02
  8.1556E-01 -1.0196E-01  4.6425E+00  1.9107E-01  2.3270E-02
 -1.6122E+00  2.3051E-01  4.3639E+00  1.8943E-01  2.3881E-02
  1.3996E+00 -1.4375E-02  4.3117E+00  1.8580E-01  2.5308E-02
  1.9320E+00 -4.6130E-02  3.9629E+00  1.8215E-01  2.6862E-02
  1.9096E+00  1.6848E-01  3.9453E+00  1.8148E-01  2.7159E-02
 -1.4841E+00 -1.7835E-01  3.9323E+00  1.7612E-01  2.9716E-02
 -1.8553E+00 -1.0867E-02  3.6257E+00  1.7206E-01  3.1867E-02
 -1.9477E+00 -2.6772E-02  3.5261E+00  1.7071E-01  3.2633E-02
  1.8551E+00  2.3579E-01  3.5429E+00  1.7003E-01  3.3026E-02
  1.7566E+00 -1.3403E-01  3.5732E+00  1.6934E-01  3.3426E-02
 -6.0462E-01 -1.0556E-01  3.7908E+00  1.6490E-01  3.6204E-02
  1.0197E-01  1.6531E-01  3.8132E+00  1.6421E-01  3.6660E-02
 -1.1366E+00  1.3664E-02  3.6450E+00  1.6421E-01  3.6660E-02
  3.7232E-01 -2.4851E-02  3.7556E+00  1.6283E-01  3.7598E-02
  8.1034E-01 -2.3578E-01  3.6448E+00  1.6180E-01  3.8324E-02
 -1.5126E+00  1.7582E-01  3.3812E+00  1.6076E-01  3.9070E-02
  1.4127E+00 -2.2519E-01  3.3738E+00  1.5938E-01  4.0097E-02
  1.6721E+00 -2.6783E-02  3.2484E+00  1.5903E-01  4.0360E-02
  1.5495E+00 -7.9797E-02  3.2233E+00  1.5660E-01  4.2270E-02
 -1.4931E+00 -2.3361E-01  3.2184E+00  1.5590E-01  4.2840E-02
 -4.7711E-01  1.7095E-01  3.4644E+00  1.5416E-01  4.4312E-02
  2.6810E-01 -2.2610E-01  3.3751E+00  1.5065E-01  4.7481E-02
  1.3442E+00 -9.0537E-02  3.1026E+00  1.5030E-01  4.7815E-02
  3.5848E-01  1.5943E-01  3.3381E+00  1.4959E-01  4.8494E-02
  1.3965E+00  9.4051E-02  2.9967E+00  1.4783E-01  5.0252E-02
 -1.8177E+00  1.4315E-01  2.7209E+00  1.4676E-01  5.1350E-02
  1.0897E+00 -1.3719E-01  3.0517E+00  1.4570E-01  5.2483E-02
 -1.1686E+00  1.2984E-01  2.9770E+00  1.4428E-01  5.4049E-02
  5.4653E-01 -4.9577E-02  3.1210E+00  1.4321E-01  5.5267E-02
  4.8335E-01 -1.4179E-01  3.0322E+00  1.4000E-01  5.9164E-02
  1.6191E+00 -1.0040E-01  2.5612E+00  1.3856E-01  6.1020E-02
 -1.7058E+00  2.3044E-02  2.5063E+00  1.3856E-01  6.1020E-02
 -1.2053E+00  2.0516E-01  2.7514E+00  1.3784E-01  6.1979E-02
 -5.4145E-01  4.3188E-02  2.8764E+00  1.3496E-01  6.6036E-02
 -1.7797E-01  8.5974E-02  2.8582E+00  1.3279E-01  6.9327E-02
 -8.9552E-01  8.4221E-02  2.6984E+00  1.3207E-01  7.0476E-02
 -1.4742E-01  1.8732E-01  2.8344E+00  1.3207E-01  7.0476E-02
 -7.7956E-01 -8.6696E-02  2.6805E+00  1.3025E-01  7.3466E-02
 -1.8813E-01  1.6003E-02  2.7454E+00  1.2879E-01  7.5987E-02
  1.7544E+00 -1.1695E-01  2.0769E+00  1.2770E-01  7.7958E-02
  1.5530E-01 -2.2117E-01  2.7078E+00  1.2770E-01  7.7958E-02
  6.3339E-01  1.6900E-01  2.6306E+00  1.2733E-01  7.8631E-02
 -6.6332E-01  4.4359E-02  2.6073E+00  1.2660E-01  8.0001E-02
  5.5327E-02  5.1011E-02  2.6390E+00  1.2477E-01  8.3577E-02
 -9.7149E-01 -1.4681E-01  2.4178E+00  1.2367E-01  8.5829E-02
 -1.9073E+00 -3.1754E-02  1.7663E+00  1.2330E-01  8.6599E-02
  5.0565E-01 -2.2791E-02  2.5500E+00  1.2330E-01  8.6599E-02
  1.6847E+00 -1.1156E-01  1.9504E+00  1.2256E-01  8.8168E-02
  1.3403E+00 -1.0155E-01  2.1666E+00  1.2146E-01  9.0595E-02
  9.7832E-01 -4.8622E-02  2.2784E+00  1.1888E-01  9.6634E-02
  1.6046E+00 -2.6943E-02 -1.8908E+00  1.1888E-01  9.6634E-02
  1.1316E-01  6.4456E-02  2.4568E+00  1.1814E-01  9.8461E-02
  9.7280E-01 -1.6628E-01  2.2536E+00  1.1814E-01  9.8461E-02
 -1.7544E+00 -1.4128E-01 -1.6334E+00  1.1591E-01  1.0424E-01
 -1.8768E+00 -1.8618E-01 -1.4223E+00  1.1442E-01  1.0836E-01
  1.7382E+00 -4.4120E-02  1.5990E+00  1.1442E-01  1.0836E-01
  1.2886E+00  1.7563E-01  1.9370E+00  1.1331E-01  1.1159E-01
 -1.2349E+00 -1.4886E-01  1.9509E+00  1.1256E-01  1.1382E-01
 -1.6796E+00 -4.9252E-02 -1.5764E+00  1.1219E-01  1.1496E-01
 -1.1713E+00 -1.5883E-01  1.9778E+00  1.1219E-01  1.1496E-01
  1.5292E+00  5.6118E-02 -1.7225E+00  1.1219E-01  1.1496E-01
  1.5284E+00  1.2480E-02  1.7112E+00  1.1182E-01  1.1612E-01
 -1.8026E+00  1.5013E-01 -1.3801E+00  1.1107E-01  1.1847E-01
  1.6139E+00 -2.9411E-02  1.5761E+00  1.1032E-01  1.2090E-01
 -8.8130E-01 -1.3345E-01  2.0725E+00  1.1032E-01  1.2090E-01
  1.8186E+00 -4.3574E-02 -1.3182E+00  1.0995E-01  1.2214E-01
  1.5354E+00  9.2766E-02  1.6372E+00  1.0995E-01  1.2214E-01
 -1.5055E+00  1.6661E-01 -1.6461E+00  1.0957E-01  1.2339E-01
  1.6329E+00 -1.9618E-01 -1.4597E+00  1.0808E-01  1.2859E-01
  1.4393E+00 -9.0734E-02 -1.6475E+00  1.0770E-01  1.2994E-01
 -7.6753E-01 -1.4412E-01  2.0354E+00  1.0733E-01  1.3131E-01
 -1.5758E+00 -3.7930E-02  1.4786E+00  1.0658E-01  1.3410E-01
 -1.3149E+00  1.7862E-01  1.6940E+00  1.0620E-01  1.3553E-01
 -1.1575E-02  3.6203E-02  2.1515E+00  1.0620E-01  1.3553E-01
  8.7364E-01 -2.6532E-02  1.9561E+00  1.0582E-01  1.3698E-01
  1.5119E+00 -1.9327E-01 -1.5057E+00  1.0582E-01  1.3698E-01
  9.5949E-01 -7.1492E-02 -1.9038E+00  1.0545E-01  1.3845E-01
 -1.6752E+00  1.1233E-01 -1.2853E+00  1.0470E-01  1.4145E-01
  9.7735E-01 -5.2901E-02 -1.8533E+00  1.0394E-01  1.4454E-01
  1.9031E+00  1.3486E-01  8.6774E-01  1.0394E-01  1.4454E-01
  1.0311E+00 -1.8465E-02 -1.8140E+00  1.0357E-01  1.4613E-01
  9.7949E-01 -1.8278E-01 -1.8334E+00  1.0357E-01  1.4613E-01
  1.2692E-01  7.1295E-02  2.0723E+00  1.0319E-01  1.4773E-01
 -7.6758E-01 -8.1953E-02  1.9287E+00  1.0319E-01  1.4773E-01
 -1.6453E+00 -5.1235E-02 -1.2521E+00  1.0281E-01  1.4936E-01
  1.5606E+00 -8.4848E-02 -1.3404E+00  1.0244E-01  1.5102E-01
 -1.0516E+00 -6.0885E-02 -1.7584E+00  1.0206E-01  1.5269E-01
  1.7141E+00  3.9473E-05 -1.1241E+00  1.0206E-01  1.5269E-01
  8.8545E-01  9.4127E-02  1.8260E+00  1.0131E-01  1.5613E-01
 -2.7916E-01 -1.8174E-01  1.9948E+00  1.0093E-01  1.5789E-01
 -1.1858E+00  1.6559E-01  1.6185E+00  1.0055E-01  1.5967E-01
 -1.8553E+00  9.5649E-02  7.5208E-01  1.0017E-01  1.6148E-01
 -7.4419E-01  1.8941E-01  1.8316E+00  9.9419E-02  1.6519E-01
  6.7496E-01 -1.5493E-01  1.8518E+00  9.9041E-02  1.6709E-01
  6.5923E-02 -1.3134E-01  1.9626E+00  9.8663E-02  1.6902E-01
 -5.7875E-01  5.2749E-02 -1.8803E+00  9.8663E-02  1.6902E-01
 -1.7810E+00  7.8958E-02  8.1225E-01  9.8285E-02  1.7098E-01
 -8.7749E-01  9.1716E-02  1.7391E+00  9.7907E-02  1.7297E-01
 -1.2883E+00 -1.6821E-01 -1.4543E+00  9.7907E-02  1.7297E-01
 -1.6193E+00  1.0279E-01  1.0817E+00  9.7907E-02  1.7297E-01
 -1.6691E+00  4.8937E-02 -9.8995E-01  9.7529E-02  1.7499E-01
  1.5550E+00 -1.0012E-02 -1.1471E+00  9.7150E-02  1.7704E-01
 -1.1450E+00 -1.4471E-01  1.5386E+00  9.6772E-02  1.7912E-01
 -2.3924E-01 -1.4571E-01 -1.9029E+00  9.6772E-02  1.7912E-01
 -1.4165E+00  1.2352E-01 -1.2952E+00  9.6772E-02  1.7912E-01
 -1.5736E+00  1.0027E-01  1.0859E+00  9.6393E-02  1.8124E-01
 -5.9881E-01  3.7008E-02  1.8181E+00  9.6393E-02  1.8124E-01
 -1.3961E+00 -4.6125E-02  1.2963E+00  9.6015E-02  1.8340E-01
  1.8092E+00  3.6114E-02  5.6882E-01  9.5636E-02  1.8558E-01
  3.0237E-01  2.7670E-04 -1.8726E+00  9.5636E-02  1.8558E-01
  1.8857E+00  1.4959E-02 -2.0519E-01  9.5636E-02  1.8558E-01
 -1.8842E+00 -1.0216E-01  1.9325E-01  9.5636E-02  1.8558E-01
  7.4360E-01  7.1768E-02 -1.7435E+00  9.5636E-02  1.8558E-01
 -1.7697E+00  1.9369E-02 -6.5758E-01  9.5257E-02  1.8781E-01
 -1.8805E+00 -2.2627E-02 -1.6682E-01  9.5257E-02  1.8781E-01
 -1.6520E+00  8.7307E-02 -8.9159E-01  9.4878E-02  1.9007E-01
  1.3876E+00 -1.1703E-01  1.2358E+00  9.4120E-02  1.9470E-01
 -3.0154E-01  1.2931E-01 -1.8326E+00  9.4120E-02  1.9470E-01
  1.8061E+00  1.3417E-01 -4.3168E-01  9.4120E-02  1.9470E-01
 -1.8188E+00  3.3609E-02  3.5325E-01  9.3741E-02  1.9707E-01
 -1.8367E+00 -5.2972E-02  2.3964E-01  9.3741E-02  1.9707E-01
  1.8363E+00 -1.2605E-01 -1.1846E-01  9.3361E-02  1.9948E-01
  1.7758E+00 -1.6452E-02  4.6494E-01  9.2982E-02  2.0193E-01
 -1.7118E+00  1.0459E-01  6.5472E-01  9.2982E-02  2.0193E-01
  1.6941E+00 -8.6748E-02 -6.7875E-01  9.2603E-02  2.0443E-01
  2.3020E-01 -4.2006E-02 -1.8034E+00  9.2223E-02  2.0696E-01
 -1.9926E-01 -1.5928E-01  1.8005E+00  9.2223E-02  2.0696E-01
 -1.8073E+00 -1.3625E-01  1.4815E-01  9.2223E-02  2.0696E-01
 -1.7833E+00 -1.5072E-01  2.6974E-01  9.1844E-02  2.0954E-01
 -1.7134E+00 -1.6416E-01  5.3126E-01  9.1464E-02  2.1216E-01
  1.2074E+00  1.9636E-02 -1.3366E+00  9.1464E-02  2.1216E-01
  1.7574E+00  9.0413E-02  3.8484E-01  9.1464E-02  2.1216E-01
  1.7936E+00 -7.6659E-03 -1.6691E-01  9.1464E-02  2.1216E-01
 -1.7652E+00  1.6817E-01 -2.6462E-01  9.1084E-02  2.1482E-01
 -7.1017E-01  6.6768E-02  1.6262E+00  9.0325E-02  2.2029E-01
 -6.3730E-01 -1.3116E-01  1.6341E+00  8.9565E-02  2.2594E-01
 -1.2712E+00  1.4619E-01 -1.2069E+00  8.9565E-02  2.2594E-01
  3.5079E-01 -5.4858E-02 -1.7056E+00  8.8805E-02  2.3179E-01
  9.6691E-01  6.5432E-02  1.4477E+00  8.8805E-02  2.3179E-01
  1.0349E+00  1.8366E-02  1.3909E+00  8.8425E-02  2.3479E-01
  1.4932E-01 -3.5078E-02 -1.7270E+00  8.8425E-02  2.3479E-01
  1.2983E-01 -1.7791E-01 -1.7197E+00  8.8425E-02  2.3479E-01
  1.6513E+00  6.5307E-02 -4.9610E-01  8.8044E-02  2.3785E-01
 -1.4640E+00  7.4986E-04 -9.1317E-01  8.8044E-02  2.3785E-01
  9.5443E-01  1.6775E-01  1.4276E+00  8.8044E-02  2.3785E-01
  1.7115E+00 -5.8668E-02  1.2579E-01  8.7664E-02  2.4095E-01
 -8.0766E-01  8.9782E-02 -1.5127E+00  8.7664E-02  2.4095E-01
 -7.4563E-02 -1.0947E-01  1.7120E+00  8.7664E-02  2.4095E-01
  9.0759E-01 -8.3937E-03 -1.4479E+00  8.7284E-02  2.4412E-01
 -1.6495E+00 -1.4042E-01  4.2401E-01  8.7284E-02  2.4412E-01
  1.5852E+00 -2.6244E-02  6.3781E-01  8.7284E-02  2.4412E-01
  2.4589E-01 -1.7619E-01  1.6735E+00  8.6904E-02  2.4734E-01
  1.5921E+00 -9.1473E-02  5.9063E-01  8.6904E-02  2.4734E-01
  1.0568E+00  1.5738E-01 -1.3231E+00  8.6904E-02  2.4734E-01
 -1.6752E+00 -9.0284E-02 -2.2298E-01  8.6524E-02  2.5061E-01
  1.5918E+00 -1.4467E-01  5.5644E-01  8.6524E-02  2.5061E-01
  6.9781E-01  1.3342E-01  1.5181E+00  8.5763E-02  2.5734E-01
  1.6255E+00  5.9857E-02  4.0408E-01  8.5763E-02  2.5734E-01
  1.6027E+00  8.5268E-02 -4.5404E-01  8.5382E-02  2.6079E-01
  1.3641E+00  1.2197E-01  9.5206E-01  8.5382E-02  2.6079E-01
  1.5263E+00 -7.4345E-02 -6.6857E-01  8.5382E-02  2.6079E-01
  1.6200E+00  4.2034E-02  3.9481E-01  8.5382E-02  2.6079E-01
 -8.5249E-01 -1.7789E-02  1.4241E+00  8.5002E-02  2.6431E-01
 -1.6482E+00  7.0778E-02 -8.3034E-02  8.4622E-02  2.6789E-01
  1.6466E+00 -1.3123E-01 -2.8105E-03  8.4622E-02  2.6789E-01
  3.4862E-01  8.9576E-02  1.6039E+00  8.4241E-02  2.7154E-01
 -3.0926E-01  7.8410E-02 -1.6125E+00  8.4241E-02  2.7154E-01
  1.4629E+00 -8.1766E-02  7.2727E-01  8.3861E-02  2.7525E-01
  8.4963E-01  3.7053E-06 -1.3978E+00  8.3861E-02  2.7525E-01
  9.3917E-01 -4.4684E-02  1.3288E+00  8.3480E-02  2.7903E-01
 -1.8212E-01  1.2256E-01 -1.6129E+00  8.3480E-02  2.7903E-01
  1.5902E+00  1.6157E-01  2.6240E-01  8.3100E-02  2.8288E-01
 -8.9852E-01  5.0406E-03 -1.3478E+00  8.3100E-02  2.8288E-01
 -1.5769E+00 -8.2595E-02  3.6130E-01  8.3100E-02  2.8288E-01
  1.3299E+00  1.2010E-01  9.1693E-01  8.3100E-02  2.8288E-01
  8.3757E-01 -1.5922E-01 -1.3680E+00  8.2719E-02  2.8681E-01
 -8.1933E-01 -5.5992E-02  1.3779E+00  8.2338E-02  2.9080E-01
  7.5056E-01  7.4496E-02  1.4156E+00  8.2338E-02  2.9080E-01
 -9.5634E-01  1.0352E-02 -1.2877E+00  8.2338E-02  2.9080E-01
  1.3877E+00  1.3714E-01  7.7670E-01  8.1958E-02  2.9487E-01
 -3.8558E-01 -2.8996E-02  1.5326E+00  8.1197E-02  3.0324E-01
 -7.9572E-01 -8.5201E-02  1.3540E+00  8.0816E-02  3.0755E-01
  1.5336E+00  1.5254E-01 -2.7282E-01  8.0435E-02  3.1193E-01
  1.1101E+00 -1.9089E-03  1.1033E+00  8.0435E-02  3.1193E-01
 -9.4191E-02  6.5089E-02 -1.5609E+00  8.0435E-02  3.1193E-01
 -5.7271E-02 -1.4687E-02 -1.5640E+00  8.0435E-02  3.1193E-01
 -1.4025E+00  9.0206E-02  6.7124E-01  8.0055E-02  3.1640E-01
 -9.7832E-01 -1.6975E-01  1.1899E+00  7.9674E-02  3.2096E-01
  1.1215E+00 -8.0810E-02  1.0666E+00  7.9674E-02  3.2096E-01
 -6.8715E-01 -8.7098E-02 -1.3779E+00  7.9293E-02  3.2561E-01
  1.3177E+00 -4.4421E-02 -7.9993E-01  7.9293E-02  3.2561E-01
 -6.7896E-01 -7.4442E-02  1.3742E+00  7.8913E-02  3.3034E-01
 -8.9966E-01  6.3278E-02  1.2416E+00  7.8913E-02  3.3034E-01
  1.1255E-01 -8.8376E-02 -1.5279E+00  7.8913E-02  3.3034E-01
  3.7861E-01  8.7990E-02 -1.4767E+00  7.8532E-02  3.3517E-01
  3.5062E-01 -1.6999E-01  1.4765E+00  7.8532E-02  3.3517E-01
  1.2701E+00 -4.3643E-02  8.3293E-01  7.8152E-02  3.4009E-01
  8.4323E-01 -1.2374E-01 -1.2580E+00  7.8152E-02  3.4009E-01
 -5.5365E-01 -1.3641E-01  1.4085E+00  7.8152E-02  3.4009E-01
  8.4048E-01  1.0724E-01 -1.2433E+00  7.7390E-02  3.5022E-01
 -7.5619E-01 -8.3857E-02 -1.2981E+00  7.7390E-02  3.5022E-01
  1.1694E+00 -1.6183E-01  9.3286E-01  7.7390E-02  3.5022E-01
 -1.4390E+00 -1.6376E-01 -4.0773E-01  7.7390E-02  3.5022E-01
  9.6931E-01  1.2252E-01 -1.1345E+00  7.7010E-02  3.5544E-01
 -1.0496E+00  1.3095E-01  1.0596E+00  7.7010E-02  3.5544E-01
  1.0154E+00  2.7614E-02 -1.0898E+00  7.6629E-02  3.6076E-01
 -1.1080E+00  1.0795E-01  9.9006E-01  7.6629E-02  3.6076E-01
  1.4882E+00 -6.3484E-02 -2.9592E-02  7.6629E-02  3.6076E-01
  4.7202E-01  2.8429E-02 -1.4051E+00  7.6248E-02  3.6619E-01
 -1.0784E+00 -5.1257E-02  1.0160E+00  7.6248E-02  3.6619E-01
 -7.4009E-01  5.8305E-02  1.2664E+00  7.5487E-02  3.7739E-01
  3.6099E-01  1.4429E-03  1.4229E+00  7.5487E-02  3.7739E-01
  1.1656E+00  2.3537E-02 -8.9202E-01  7.5487E-02  3.7739E-01
  2.6758E-01 -1.1907E-01  1.4311E+00  7.5106E-02  3.8315E-01
 -5.9824E-01  7.6000E-03 -1.3326E+00  7.5106E-02  3.8315E-01
 -1.3439E+00 -1.1968E-01 -5.4070E-01  7.4726E-02  3.8904E-01
  1.3393E+00 -1.6624E-01  5.2041E-01  7.4345E-02  3.9504E-01
 -1.3424E+00 -5.1065E-02  5.3624E-01  7.4345E-02  3.9504E-01
  7.0742E-01 -1.8204E-01  1.2484E+00  7.4345E-02  3.9504E-01
  1.3889E+00  1.1153E-01  3.6069E-01  7.3965E-02  4.0117E-01
  1.4344E+00  1.1807E-01 -1.3857E-02  7.3965E-02  4.0117E-01
 -3.4733E-01  5.4569E-02  1.3957E+00  7.3965E-02  4.0117E-01
 -1.3115E+00  1.0303E-01  5.8397E-01  7.3965E-02  4.0117E-01
 -1.3203E+00  3.5291E-02 -5.5393E-01  7.3584E-02  4.0743E-01
  5.1625E-01 -1.3478E-01  1.3292E+00  7.3584E-02  4.0743E-01
  2.3295E-01  2.3769E-02 -1.4130E+00  7.3584E-02  4.0743E-01
  1.3917E+00  7.1515E-02 -2.9874E-01  7.3203E-02  4.1382E-01
 -1.4231E+00 -7.3528E-02  2.5690E-02  7.3203E-02  4.1382E-01
 -4.6364E-01 -6.7798E-03  1.3477E+00  7.3203E-02  4.1382E-01
 -5.6671E-01 -1.0925E-01  1.2955E+00  7.2822E-02  4.2035E-01
 -1.3946E+00  8.7476E-02  2.4277E-01  7.2822E-02  4.2035E-01
  1.3900E+00  1.6921E-01 -2.2534E-01  7.2822E-02  4.2035E-01
 -9.1062E-01 -1.2111E-01  1.0805E+00  7.2822E-02  4.2035E-01
 -4.9695E-01 -1.6957E-01  1.3100E+00  7.2442E-02  4.2701E-01
  2.1419E-01 -8.9102E-02  1.3921E+00  7.2442E-02  4.2701E-01
  3.4241E-01  1.5138E-01 -1.3536E+00  7.2061E-02  4.3381E-01
 -1.0452E+00 -5.1144E-02 -9.3668E-01  7.2061E-02  4.3381E-01
  7.3533E-01 -7.4602E-02 -1.1861E+00  7.1680E-02  4.4076E-01
  1.2046E+00  1.4286E-02  7.0836E-01  7.1680E-02  4.4076E-01
 -1.1415E+00 -1.5133E-01  7.9191E-01  7.1680E-02  4.4076E-01
  9.6922E-02  3.9539E-02  1.3936E+00  7.1680E-02  4.4076E-01
 -1.3759E+00 -1.2763E-01 -1.5749E-01  7.1300E-02  4.4786E-01
 -1.8951E-02 -1.7584E-01  1.3726E+00  7.0919E-02  4.5511E-01
 -6.3272E-01 -1.0890E-01  1.2109E+00  7.0157E-02  4.7010E-01
  2.9402E-01  9.2690E-02  1.3286E+00  6.9776E-02  4.7784E-01
 -7.5440E-01 -5.4716E-02  1.1350E+00  6.9776E-02  4.7784E-01
  2.9579E-01  1.1223E-01 -1.3199E+00  6.9395E-02  4.8575E-01
  6.0417E-01  1.7812E-01 -1.1949E+00  6.9014E-02  4.9384E-01
 -1.2925E+00 -1.5044E-01 -3.6229E-01  6.9014E-02  4.9384E-01
 -8.0529E-02  9.5832E-02  1.3449E+00  6.9014E-02  4.9384E-01
  1.5123E-01  1.7212E-01  1.3312E+00  6.9014E-02  4.9384E-01
 -4.7561E-02  1.6863E-01  1.3328E+00  6.8633E-02  5.0211E-01
 -1.3256E+00  6.5441E-02 -1.6749E-01  6.8252E-02  5.1057E-01
  1.1718E+00 -1.0811E-01  6.3622E-01  6.8252E-02  5.1057E-01
  1.1660E+00  4.3500E-02  6.5436E-01  6.8252E-02  5.1057E-01
 -9.8158E-01 -1.7416E-01 -8.7279E-01  6.7489E-02  5.2808E-01
 -4.3274E-01 -1.5245E-02  1.2522E+00  6.7489E-02  5.2808E-01
 -1.2451E+00 -3.6495E-02 -4.5156E-01  6.7489E-02  5.2808E-01
  6.5196E-01 -7.0552E-02  1.1513E+00  6.7489E-02  5.2808E-01
 -1.2493E+00  9.5093E-02  4.3098E-01  6.7489E-02  5.2808E-01
  7.6061E-01  6.0474E-03  1.0849E+00  6.7489E-02  5.2808E-01
  8.0421E-01  1.2115E-01 -1.0460E+00  6.7489E-02  5.2808E-01
  1.1469E+00 -1.8169E-01  6.2492E-01  6.7108E-02  5.3713E-01
 -9.9478E-01 -4.3670E-02  8.6450E-01  6.7108E-02  5.3713E-01
 -9.5948E-01 -5.9956E-02  9.0259E-01  6.7108E-02  5.3713E-01
 -1.1930E+00  1.6059E-01 -5.2275E-01  6.6726E-02  5.4640E-01
  3.3582E-01  2.2243E-02 -1.2621E+00  6.6345E-02  5.5588E-01
 -1.1964E+00 -1.2148E-01  5.0972E-01  6.6345E-02  5.5588E-01
 -1.0801E+00  8.1279E-02  7.0771E-01  6.5581E-02  5.7553E-01
 -1.2666E+00 -1.8180E-02  2.6327E-01  6.5581E-02  5.7553E-01
  8.6493E-02 -7.4744E-02  1.2827E+00  6.5199E-02  5.8571E-01
 -1.9752E-01 -1.7987E-01  1.2597E+00  6.5199E-02  5.8571E-01
 -2.4907E-01 -1.8162E-01 -1.2441E+00  6.4817E-02  5.9614E-01
 -1.3699E-02 -1.5716E-01  1.2720E+00  6.4817E-02  5.9614E-01
  6.4399E-01 -1.4837E-01  1.0982E+00  6.4817E-02  5.9614E-01
 -3.9726E-02  6.6813E-02 -1.2794E+00  6.4817E-02  5.9614E-01
 -4.6972E-01 -1.2223E-01 -1.1863E+00  6.4817E-02  5.9614E-01
  5.6483E-01 -2.2916E-02  1.1437E+00  6.4434E-02  6.0681E-01
  8.9726E-02 -2.3915E-02 -1.2724E+00  6.4434E-02  6.0681E-01
 -7.9219E-01  9.3590E-02 -9.9558E-01  6.4434E-02  6.0681E-01
  2.1780E-01 -1.5780E-02 -1.2509E+00  6.4051E-02  6.1776E-01
  6.1522E-01 -7.2512E-02 -1.1084E+00  6.4051E-02  6.1776E-01
  7.6130E-02 -1.4261E-01  1.2535E+00  6.3669E-02  6.2897E-01
  1.1674E-01  1.2406E-01 -1.2524E+00  6.3669E-02  6.2897E-01
  1.0794E+00 -4.0631E-02 -6.5633E-01  6.3669E-02  6.2897E-01
 -5.6078E-01  3.1162E-02  1.1323E+00  6.3669E-02  6.2897E-01
 -7.8363E-01  9.2063E-02  9.8739E-01  6.3669E-02  6.2897E-01
 -1.2554E+00  1.2884E-01 -7.0212E-02  6.3669E-02  6.2897E-01
  1.4150E-01  1.7000E-01  1.2444E+00  6.3669E-02  6.2897E-01
 -1.2395E+00  7.9489E-02  1.6020E-01  6.2902E-02  6.5224E-01
  7.7776E-02 -1.8169E-01  1.2366E+00  6.2902E-02  6.5224E-01
 -7.0000E-01 -2.4702E-02  1.0381E+00  6.2902E-02  6.5224E-01
  4.9985E-01 -4.7929E-02 -1.1410E+00  6.2518E-02  6.6433E-01
 -8.3008E-01  1.4672E-01  9.1837E-01  6.2518E-02  6.6433E-01
 -8.4404E-01  1.7068E-01  8.9349E-01  6.2134E-02  6.7672E-01
  1.2067E+00  8.9402E-02 -2.7520E-01  6.2134E-02  6.7672E-01
 -3.9298E-01 -4.3695E-02 -1.1762E+00  6.2134E-02  6.7672E-01
 -1.2202E+00 -1.3230E-01  1.3963E-01  6.1750E-02  6.8943E-01
 -9.9912E-02 -6.9836E-02 -1.2293E+00  6.1750E-02  6.8943E-01
  6.8682E-01  8.1028E-03  1.0267E+00  6.1750E-02  6.8943E-01
 -1.1669E+00  1.1789E-01 -3.6981E-01  6.1365E-02  7.0248E-01
  1.1675E+00  4.5729E-03  3.6819E-01  6.0980E-02  7.1587E-01
  2.5295E-01  1.2456E-01  1.1913E+00  6.0980E-02  7.1587E-01
  1.4820E-01 -2.7539E-02 -1.2149E+00  6.0980E-02  7.1587E-01
  5.7268E-01  1.9269E-02  1.0756E+00  6.0595E-02  7.2962E-01
 -3.8316E-02 -1.7544E-01  1.2055E+00  6.0595E-02  7.2962E-01
 -7.6111E-01  5.7281E-02 -9.5015E-01  6.0595E-02  7.2962E-01
 -4.1183E-01 -2.6858E-02 -1.1467E+00  6.0595E-02  7.2962E-01
  6.2398E-01  3.6684E-03 -1.0406E+00  6.0209E-02  7.4374E-01
  1.0164E+00  1.1039E-01  6.5343E-01  6.0209E-02  7.4374E-01
 -6.9346E-01 -2.5933E-02 -9.9532E-01  6.0209E-02  7.4374E-01
 -3.9561E-02  5.4385E-02 -1.2115E+00  6.0209E-02  7.4374E-01
  2.5466E-01 -5.1862E-02 -1.1797E+00  5.9822E-02  7.5825E-01
  1.1958E+00 -4.9431E-02 -1.6379E-01  5.9822E-02  7.5825E-01
  7.6192E-01 -1.2381E-01  9.2920E-01  5.9822E-02  7.5825E-01
 -1.1786E+00 -1.3340E-01 -1.9888E-01  5.9436E-02  7.7315E-01
 -4.9739E-01 -1.2329E-01 -1.0881E+00  5.9436E-02  7.7315E-01
 -7.9461E-01 -1.8388E-01  8.7677E-01  5.9048E-02  7.8847E-01
  9.8643E-02  1.4423E-01 -1.1847E+00  5.9048E-02  7.8847E-01
 -1.1410E-01 -1.0771E-01 -1.1872E+00  5.9048E-02  7.8847E-01
 -1.1889E+00  1.3396E-01 -5.1317E-02  5.9048E-02  7.8847E-01
  6.4069E-01 -3.8518E-02  1.0109E+00  5.9048E-02  7.8847E-01
 -9.5317E-01 -6.9989E-03  7.1624E-01  5.8660E-02  8.0422E-01
  2.8697E-01 -1.1928E-01 -1.1511E+00  5.8660E-02  8.0422E-01
  1.1815E+00 -9.4944E-02 -1.2936E-01  5.8660E-02  8.0422E-01
  1.0736E+00  1.3000E-01 -5.0199E-01  5.8660E-02  8.0422E-01
  1.0619E+00 -1.4136E-03  5.3077E-01  5.8271E-02  8.2042E-01
  1.1622E+00  6.8825E-02 -2.3234E-01  5.8271E-02  8.2042E-01
  7.1078E-01 -1.8038E-01 -9.3363E-01  5.8271E-02  8.2042E-01
 -7.7769E-01  8.7494E-02  8.9272E-01  5.8271E-02  8.2042E-01
 -1.0268E+00 -1.6993E-01  5.6064E-01  5.7882E-02  8.3709E-01
 -8.6565E-01 -5.8967E-03 -7.9033E-01  5.7101E-02  8.7190E-01
  7.1220E-01  8.3836E-04 -9.3101E-01  5.7101E-02  8.7190E-01
  9.9691E-01  9.1874E-02 -6.0026E-01  5.6710E-02  8.9009E-01
 -3.2968E-01 -3.6327E-03  1.1198E+00  5.6710E-02  8.9009E-01
 -1.1500E+00 -4.1443E-02  1.9570E-01  5.6710E-02  8.9009E-01
  6.2997E-01 -1.6889E-01 -9.6809E-01  5.6710E-02  8.9009E-01
  1.0751E+00 -8.5664E-02 -4.3385E-01  5.6317E-02  9.0882E-01
  9.2642E-01  7.1461E-02  6.9062E-01  5.5924E-02  9.2814E-01
  1.0699E+00 -1.0755E-01 -4.2911E-01  5.5924E-02  9.2814E-01
 -1.0369E+00  1.4370E-01 -4.9442E-01  5.5924E-02  9.2814E-01
 -3.2077E-01  2.7617E-02 -1.1072E+00  5.5530E-02  9.4805E-01
 -4.0022E-01 -4.5799E-02 -1.0804E+00  5.5530E-02  9.4805E-01
 -1.1110E+00 -1.1427E-01 -2.6731E-01  5.5134E-02  9.6859E-01
 -1.1345E+00 -1.6544E-01 -6.5518E-02  5.5134E-02  9.6859E-01
  1.1148E+00 -1.6094E-01  2.2375E-01  5.5134E-02  9.6859E-01
 -3.5301E-01  7.5285E-02  1.0854E+00  5.4738E-02  9.8980E-01
  7.6064E-01 -3.3770E-02 -8.5356E-01  5.4738E-02  9.8980E-01
  3.2057E-01 -1.1408E-01 -1.0920E+00  5.4738E-02  9.8980E-01
  5.0127E-01 -1.3945E-01  1.0135E+00  5.4340E-02  1.0117E+00
 -5.8321E-01 -2.1364E-02  9.7846E-01  5.4340E-02  1.0117E+00
  7.5704E-01  6.1804E-02  8.4316E-01  5.3941E-02  1.0343E+00
  4.0074E-01  3.4733E-02 -1.0612E+00  5.3941E-02  1.0343E+00
  2.9271E-01 -1.5556E-01 -1.0853E+00  5.3941E-02  1.0343E+00
  3.2347E-01 -2.8270E-02 -1.0828E+00  5.3541E-02  1.0577E+00
 -5.7735E-01  1.2902E-02 -9.7181E-01  5.3541E-02  1.0577E+00
  7.9900E-01 -1.5730E-01 -7.8408E-01  5.3541E-02  1.0577E+00
  1.1133E+00 -1.3641E-01  1.0066E-01  5.3139E-02  1.0818E+00
 -1.0630E-01  1.0001E-01  1.1123E+00  5.2736E-02  1.1068E+00
 -9.0940E-01  5.5155E-02  6.4743E-01  5.2331E-02  1.1327E+00
  7.7012E-01  1.1442E-01  8.0189E-01  5.2331E-02  1.1327E+00
  6.7428E-01 -1.5728E-01  8.7739E-01  5.2331E-02  1.1327E+00
  2.4771E-01 -1.2824E-01  1.0781E+00  5.1925E-02  1.1595E+00
  9.5631E-01  1.6028E-01  5.4752E-01  5.1925E-02  1.1595E+00
 -1.1108E+00  4.6774E-03 -7.8491E-02  5.1925E-02  1.1595E+00
  1.0570E+00 -3.3326E-02  3.4889E-01  5.1925E-02  1.1595E+00
 -9.3202E-01  6.5419E-03 -6.0189E-01  5.1516E-02  1.1873E+00
 -2.9577E-01 -6.1201E-02 -1.0676E+00  5.1516E-02  1.1873E+00
 -8.9691E-01  1.7943E-01  6.2796E-01  5.1516E-02  1.1873E+00
  9.3817E-01 -1.7140E-02  5.9205E-01  5.1516E-02  1.1873E+00
 -7.3536E-01 -1.8350E-01  8.0480E-01  5.1106E-02  1.2161E+00
 -4.2305E-01  5.3739E-02  1.0199E+00  5.1106E-02  1.2161E+00
  4.7160E-01 -1.2560E-01 -9.8756E-01  5.0694E-02  1.2461E+00
  8.3431E-01 -1.3809E-02 -7.1917E-01  5.0694E-02  1.2461E+00
  1.7831E-01  8.8521E-02  1.0795E+00  5.0279E-02  1.2771E+00
  1.0459E+00  4.8171E-02 -3.1710E-01  4.9863E-02  1.3094E+00
 -1.1997E-01  1.1281E-01  1.0815E+00  4.9863E-02  1.3094E+00
  1.0004E+00  9.8668E-02 -4.3143E-01  4.9863E-02  1.3094E+00
 -4.5018E-01  1.5402E-01  9.8503E-01  4.9863E-02  1.3094E+00
 -1.0051E+00 -6.4696E-02  4.2687E-01  4.9863E-02  1.3094E+00
  2.1317E-01  1.1863E-01 -1.0664E+00  4.9863E-02  1.3094E+00
  1.0784E+00 -9.6469E-02 -1.2806E-01  4.9444E-02  1.3430E+00
  7.2173E-01  9.7521E-02 -8.1125E-01  4.9444E-02  1.3430E+00
 -4.1955E-01 -9.1664E-02  9.9808E-01  4.9022E-02  1.3780E+00
 -2.6568E-01 -1.0675E-01 -1.0481E+00  4.9022E-02  1.3780E+00
 -8.7441E-01 -9.1361E-02 -6.3847E-01  4.9022E-02  1.3780E+00
  2.9193E-01  8.7581E-02  1.0429E+00  4.9022E-02  1.3780E+00
 -1.0125E+00 -1.0156E-01 -3.7053E-01  4.8597E-02  1.4144E+00
 -5.5224E-01  1.1738E-01  9.2416E-01  4.8597E-02  1.4144E+00
  2.7549E-01  2.5870E-02  1.0470E+00  4.8597E-02  1.4144E+00
 -8.4277E-01  1.7450E-01 -6.5155E-01  4.8170E-02  1.4524E+00
  2.0269E-01 -1.1931E-01 -1.0535E+00  4.8170E-02  1.4524E+00
  1.0786E+00  3.1224E-02 -2.9921E-02  4.8170E-02  1.4524E+00
  1.0600E+00 -8.1614E-02 -1.8724E-01  4.8170E-02  1.4524E+00
 -9.8133E-01 -1.7991E-01 -4.0303E-01  4.7739E-02  1.4920E+00
  8.8028E-01 -5.0927E-02 -6.1670E-01  4.7739E-02  1.4920E+00
  7.2062E-01  1.6303E-01  7.8226E-01  4.7739E-02  1.4920E+00
  6.8154E-01 -1.3825E-01  8.1667E-01  4.7306E-02  1.5334E+00
  1.0657E+00 -7.9296E-02  3.7644E-02  4.6868E-02  1.5768E+00
 -3.4116E-01  1.6018E-01 -1.0007E+00  4.6868E-02  1.5768E+00
  1.0414E+00  1.7620E-01 -1.4541E-01  4.6427E-02  1.6222E+00
  7.7136E-01 -4.2874E-02 -7.3469E-01  4.6427E-02  1.6222E+00
 -4.7177E-01 -7.0565E-02 -9.5345E-01  4.6427E-02  1.6222E+00
 -8.7634E-01  4.5325E-02  6.0545E-01  4.6427E-02  1.6222E+00
 -3.0157E-01 -1.8127E-01  1.0030E+00  4.5982E-02  1.6697E+00
 -5.6262E-01  1.4989E-01  8.8931E-01  4.5982E-02  1.6697E+00
 -7.6984E-01  8.9297E-02  7.2750E-01  4.5982E-02  1.6697E+00
  1.0421E+00 -2.6464E-02 -1.9154E-01  4.5533E-02  1.7196E+00
  9.3132E-01 -1.7714E-01 -4.6714E-01  4.5079E-02  1.7721E+00
 -1.0503E+00  3.5366E-02 -1.1173E-01  4.5079E-02  1.7721E+00
  1.0435E+00  2.6030E-02 -1.6581E-01  4.5079E-02  1.7721E+00
 -5.0188E-01  1.3283E-01 -9.2057E-01  4.5079E-02  1.7721E+00
 -9.6731E-02 -1.8237E-01  1.0335E+00  4.4620E-02  1.8273E+00
  1.0928E-02  9.3605E-02 -1.0497E+00  4.4620E-02  1.8273E+00
  5.1231E-01 -1.3826E-01 -9.1060E-01  4.4620E-02  1.8273E+00
 -5.9431E-01 -1.2420E-01  8.6147E-01  4.4620E-02  1.8273E+00
 -1.9782E-01 -4.8850E-02  1.0311E+00  4.4156E-02  1.8855E+00
  1.0466E+00  3.1464E-02  9.1270E-02  4.4156E-02  1.8855E+00
 -9.9439E-01  7.6451E-02 -3.3180E-01  4.4156E-02  1.8855E+00
  1.4365E-01 -6.1493E-03 -1.0384E+00  4.3687E-02  1.9469E+00
 -1.0378E+00  1.2216E-01  8.3779E-02  4.3687E-02  1.9469E+00
  4.1757E-01 -2.5034E-02 -9.5824E-01  4.3212E-02  2.0119E+00
  7.5751E-01 -5.6311E-02  7.1848E-01  4.3212E-02  2.0119E+00
 -4.7149E-01  1.4726E-01  9.1854E-01  4.2730E-02  2.0806E+00
  8.0419E-01 -6.4603E-03  6.6403E-01  4.2730E-02  2.0806E+00
 -2.6642E-01  3.2718E-02  1.0078E+00  4.2730E-02  2.0806E+00
 -1.2843E-01 -8.4014E-03 -1.0324E+00  4.2242E-02  2.1536E+00
 -3.1764E-01 -1.0944E-01 -9.8462E-01  4.2242E-02  2.1536E+00
  3.6872E-01 -1.6466E-01 -9.5880E-01  4.2242E-02  2.1536E+00
 -1.0112E+00 -1.6068E-02 -2.3331E-01  4.1747E-02  2.2312E+00
  8.6463E-01 -3.0956E-02  5.7327E-01  4.1747E-02  2.2312E+00
  1.1342E-01 -9.4856E-02  1.0273E+00  4.1747E-02  2.2312E+00
  2.9942E-01  5.5135E-02 -9.8970E-01  4.1244E-02  2.3138E+00
 -1.0044E+00  7.1097E-02 -2.4166E-01  4.1244E-02  2.3138E+00
  1.0151E+00  5.0259E-02  1.8537E-01  4.0733E-02  2.4020E+00
  5.4378E-01 -1.1558E-01 -8.7081E-01  4.0733E-02  2.4020E+00
  5.7064E-01 -1.2986E-01  8.5139E-01  4.0733E-02  2.4020E+00
  6.1205E-01 -1.3942E-01 -8.1772E-01  4.0213E-02  2.4964E+00
 -1.0173E+00 -1.3848E-01  6.4930E-02  3.9683E-02  2.5977E+00
 -1.4264E-01 -1.4948E-01  1.0077E+00  3.9683E-02  2.5977E+00
 -5.3350E-01 -7.7147E-02 -8.7369E-01  3.9143E-02  2.7067E+00
 -9.5047E-01  5.4873E-02 -3.8405E-01  3.9143E-02  2.7067E+00
 -9.8632E-01 -3.3440E-02  2.8277E-01  3.9143E-02  2.7067E+00
 -1.0065E+00 -4.8011E-02 -1.8546E-01  3.8592E-02  2.8243E+00
 -1.0094E+00  1.3579E-01  1.1149E-01  3.8592E-02  2.8243E+00
 -7.8429E-01 -4.0336E-02  6.5803E-01  3.8592E-02  2.8243E+00
  7.6896E-01 -1.3787E-01  6.5989E-01  3.8029E-02  2.9517E+00
 -9.5552E-01  8.3577E-02  3.5462E-01  3.8029E-02  2.9517E+00
 -4.7646E-01 -4.4657E-02 -9.0374E-01  3.8029E-02  2.9517E+00
 -4.3523E-01  1.8184E-01  9.0524E-01  3.7452E-02  3.0900E+00
 -8.2918E-01  7.8660E-02 -5.9010E-01  3.7452E-02  3.0900E+00
  5.0674E-01 -2.1487E-02 -8.8377E-01  3.6862E-02  3.2409E+00
  9.5053E-01 -1.9581E-03  3.6713E-01  3.6862E-02  3.2409E+00
 -4.3498E-01 -3.6600E-02 -9.1884E-01  3.6256E-02  3.4062E+00
  3.1359E-01  6.5499E-02  9.6550E-01  3.6256E-02  3.4062E+00
  7.1788E-01 -1.4556E-01  7.0354E-01  3.5633E-02  3.5880E+00
  6.8404E-01 -1.1064E-01 -7.4253E-01  3.5633E-02  3.5880E+00
 -6.6271E-01 -1.0278E-01  7.6273E-01  3.5633E-02  3.5880E+00
 -9.9675E-01  9.4633E-02 -1.6091E-01  3.4991E-02  3.7890E+00
 -4.6394E-01  1.4682E-01  8.8970E-01  3.4991E-02  3.7890E+00
 -4.5997E-01  7.4514E-03  9.0208E-01  3.4329E-02  4.0125E+00
 -9.3810E-01  1.7809E-01 -3.3710E-01  3.4329E-02  4.0125E+00
 -6.8204E-01  3.4993E-02  7.4576E-01  3.3644E-02  4.2626E+00
  6.1468E-01 -9.5075E-02  7.9731E-01  3.3644E-02  4.2626E+00
 -9.8906E-01  1.5750E-01 -1.3969E-01  3.3644E-02  4.2626E+00
  9.7194E-01 -1.6428E-01  2.2564E-01  3.3644E-02  4.2626E+00
  5.9635E-01  1.8093E-01  7.9470E-01  3.2934E-02  4.5444E+00
 -9.0975E-01 -1.4987E-01 -4.1209E-01  3.2934E-02  4.5444E+00
 -9.6575E-01 -1.3963E-01 -2.6027E-01  3.2934E-02  4.5444E+00
 -9.6602E-01  8.3887E-02  2.8229E-01  3.2934E-02  4.5444E+00
 -9.7230E-01 -6.0214E-02 -2.6161E-01  3.2195E-02  4.8645E+00
 -1.9932E-01 -1.6014E-01  9.7574E-01  3.2195E-02  4.8645E+00
 -7.0383E-01  4.5399E-02 -7.2111E-01  3.2195E-02  4.8645E+00
 -8.0815E-01 -1.2455E-01 -5.9061E-01  3.2195E-02  4.8645E+00
 -6.7229E-01 -1.0956E-01 -7.4239E-01  3.1425E-02  5.2312E+00
 -5.4114E-02 -1.6030E-01  9.9323E-01  3.1425E-02  5.2312E+00
 -5.6450E-01 -1.2249E-01 -8.2550E-01  3.1425E-02  5.2312E+00
 -9.9095E-01 -1.7922E-01  3.1959E-02  3.1425E-02  5.2312E+00
  4.1325E-01 -1.6150E-02 -9.1649E-01  2.9770E-02  6.1530E+00
 -5.5795E-02  1.5235E-01  9.9230E-01  2.9770E-02  6.1530E+00
  1.9993E-01  1.0706E-01 -9.7957E-01  2.9770E-02  6.1530E+00
 -9.9306E-01 -1.3472E-02 -1.5698E-01  2.9770E-02  6.1530E+00
  6.3151E-01  4.1157E-02 -7.8134E-01  2.9770E-02  6.1530E+00
  3.6754E-01 -1.0596E-02  9.3584E-01  2.9770E-02  6.1530E+00
 -3.3721E-01  1.0626E-01  9.4030E-01  2.8874E-02  6.7438E+00
  7.9001E-01  1.3249E-01 -6.0621E-01  2.8874E-02  6.7438E+00
  1.9439E-01  1.3414E-01 -9.7641E-01  2.8874E-02  6.7438E+00
 -6.7899E-01  1.0222E-01 -7.3328E-01  2.8874E-02  6.7438E+00
 -9.3025E-01  1.8444E-01 -3.3135E-01  2.8874E-02  6.7438E+00
  9.7361E-01  1.6063E-01  1.8827E-01  2.8874E-02  6.7438E+00
 -9.6667E-01  2.3573E-02  2.7233E-01  2.8874E-02  6.7438E+00
 -9.4943E-01 -1.2340E-01 -3.0416E-01  2.8874E-02  6.7438E+00
 -8.1854E-01  4.2653E-02  5.7938E-01  2.7921E-02  7.4574E+00
  6.0019E-01 -1.5386E-01 -7.8969E-01  2.7921E-02  7.4574E+00
 -6.5566E-01 -5.1506E-02 -7.5827E-01  2.7921E-02  7.4574E+00
  9.0683E-01  4.9007E-02 -4.2577E-01  2.6903E-02  8.3369E+00
  9.7889E-01  9.5397E-02 -1.9671E-01  2.6903E-02  8.3369E+00
  3.6195E-01 -8.9860E-02 -9.3110E-01  2.6903E-02  8.3369E+00
 -9.8140E-01  1.1546E-01  1.7188E-01  2.6903E-02  8.3369E+00
 -9.2428E-01 -7.4040E-02  3.8069E-01  2.5804E-02  9.4481E+00
 -4.6002E-01 -1.4228E-01  8.7911E-01  2.5804E-02  9.4481E+00
  4.4843E-01 -6.9317E-02  8.9376E-01  2.5804E-02  9.4481E+00
 -9.9338E-01  6.8505E-03 -1.3362E-01  2.5804E-02  9.4481E+00
 -7.4290E-01 -1.1615E-01 -6.6280E-01  2.5804E-02  9.4481E+00
 -9.8714E-02 -1.7442E-01  9.8151E-01  2.4606E-02  1.0897E+01
  4.5926E-01 -1.3347E-01 -8.8023E-01  2.4606E-02  1.0897E+01
  9.2858E-01 -1.2019E-01 -3.5613E-01  2.4606E-02  1.0897E+01
 -9.1737E-01  8.5394E-02 -3.9329E-01  2.4606E-02  1.0897E+01
  9.7101E-01  1.2612E-01 -2.1157E-01  2.4606E-02  1.0897E+01
 -9.5339E-01  7.6186E-02 -2.9629E-01  2.3280E-02  1.2866E+01
  8.0452E-01 -1.1573E-01 -5.8471E-01  2.3280E-02  1.2866E+01
 -1.0006E+00 -3.3547E-02 -1.4795E-02  2.3280E-02  1.2866E+01
 -2.5478E-01  1.2743E-01 -9.5989E-01  2.3280E-02  1.2866E+01
  4.2632E-01 -1.3560E-01  8.9577E-01  2.3280E-02  1.2866E+01
  9.6951E-01 -3.3002E-02  2.4632E-01  2.1787E-02  1.5696E+01
 -6.4160E-01  1.2768E-02  7.6805E-01  2.1787E-02  1.5696E+01
  1.0812E-01 -5.1897E-02 -9.9364E-01  2.1787E-02  1.5696E+01
 -4.7905E-01 -7.7277E-03 -8.7873E-01  2.1787E-02  1.5696E+01
 -9.9078E-01 -8.5589E-02  1.0991E-01  2.0058E-02  2.0115E+01
  8.9889E-01  1.1390E-01 -4.2433E-01  2.0058E-02  2.0115E+01
 -6.9827E-01  6.1680E-02  7.1390E-01  2.0058E-02  2.0115E+01
 -3.2575E-01 -8.4376E-02 -9.4197E-01  1.7969E-02  2.7981E+01
  2.7978E-01 -1.2128E-02 -9.6027E-01  1.7969E-02  2.7981E+01
  1.3803E-01 -1.6958E-02  9.9055E-01  1.7969E-02  2.7981E+01
  6.5971E-01  3.8564E-02  7.5089E-01  1.7969E-02  2.7981E+01
 -2.8729E-01  5.4642E-02 -9.5656E-01  1.7969E-02  2.7981E+01
 -7.4933E-01  1.6022E-01  6.4294E-01  1.7969E-02  2.7981E+01
