0.33325714285715D+02       623
(x,y,z) position of the X-ray source
  0.1978E-12  0.9420E-01  0.1798E+01
x | y | z | R | rho
 -1.4685E+00 -2.5639E-01  9.2071E+00  3.0745E-01  5.5859E-03
  9.1294E-01 -6.0936E-02  9.2090E+00  3.0580E-01  5.6766E-03
  1.4794E+00 -1.3420E-01  8.4484E+00  2.9025E-01  6.6388E-03
 -1.5355E+00  1.2247E-01  8.1571E+00  2.8376E-01  7.1045E-03
 -5.1116E-01  2.4694E-01  8.2096E+00  2.8206E-01  7.2339E-03
 -5.5354E-01  4.7085E-02  8.0780E+00  2.7893E-01  7.4803E-03
 -1.9783E+00  1.3230E-01  7.7763E+00  2.7722E-01  7.6199E-03
  1.6692E-01  1.5390E-01  7.9619E+00  2.7579E-01  7.7391E-03
  1.5399E+00 -6.9405E-02  7.7657E+00  2.7464E-01  7.8365E-03
  3.5646E-01  2.0303E-01  7.7388E+00  2.7061E-01  8.1920E-03
 -3.9630E-02  1.2395E-01  7.3664E+00  2.6130E-01  9.0986E-03
  4.4430E-01  2.4958E-01  7.2544E+00  2.5896E-01  9.3482E-03
 -1.6063E+00 -1.2079E-01  6.3846E+00  2.4169E-01  1.1499E-02
  1.5758E+00  6.2986E-03  6.2110E+00  2.3714E-01  1.2172E-02
 -1.5349E+00  2.4116E-01  6.1680E+00  2.3593E-01  1.2362E-02
  4.3623E-01  1.7796E-01  6.2725E+00  2.3410E-01  1.2654E-02
 -2.0122E+00 -7.0889E-02  5.8227E+00  2.3073E-01  1.3216E-02
 -1.6475E+00 -1.8154E-02  5.5959E+00  2.2207E-01  1.4823E-02
  1.4247E+00  1.3379E-01  5.4147E+00  2.1581E-01  1.6151E-02
 -1.0322E+00 -2.5490E-01  5.3805E+00  2.1265E-01  1.6881E-02
 -1.3922E+00  1.7097E-01  5.2662E+00  2.1170E-01  1.7109E-02
  1.9034E+00 -5.4875E-02  4.8465E+00  2.0501E-01  1.8839E-02
  7.0424E-01 -8.6522E-02  5.0540E+00  2.0212E-01  1.9659E-02
  1.9885E+00  8.9488E-02  4.6495E+00  2.0083E-01  2.0040E-02
  1.0953E-01  3.8840E-02  5.0104E+00  1.9954E-01  2.0432E-02
  3.2185E-02  1.0361E-01  4.8960E+00  1.9630E-01  2.1461E-02
  1.9274E+00  2.0971E-01  4.4722E+00  1.9565E-01  2.1676E-02
  6.7393E-01 -2.3461E-01  4.5799E+00  1.8877E-01  2.4132E-02
  4.9908E-01 -7.5330E-02  4.6076E+00  1.8877E-01  2.4132E-02
  1.7421E-01 -1.6053E-01  4.6178E+00  1.8844E-01  2.4258E-02
 -1.7427E+00 -1.6430E-01  4.1938E+00  1.8613E-01  2.5174E-02
 -9.2231E-02  7.5061E-02  4.5316E+00  1.8580E-01  2.5308E-02
 -5.7767E-01 -2.2882E-01  4.3877E+00  1.8281E-01  2.6569E-02
 -7.7447E-02  1.5003E-01  4.3832E+00  1.8148E-01  2.7159E-02
  1.7484E+00  1.5670E-01  3.9953E+00  1.8081E-01  2.7461E-02
 -6.4974E-02 -2.5468E-01  4.3334E+00  1.8014E-01  2.7768E-02
  1.7969E+00  2.1185E-01  3.9216E+00  1.7948E-01  2.8079E-02
  8.2402E-01 -1.2444E-01  4.2263E+00  1.7914E-01  2.8237E-02
  1.4704E+00  2.4580E-01  3.9697E+00  1.7713E-01  2.9211E-02
 -1.5002E+00 -1.4166E-01  3.9516E+00  1.7679E-01  2.9378E-02
  1.0711E+00  8.5380E-04  3.9641E+00  1.7308E-01  3.1308E-02
 -8.7877E-01  1.2442E-01  3.9521E+00  1.7139E-01  3.2247E-02
  1.4210E+00 -1.2862E-01  3.7196E+00  1.6934E-01  3.3426E-02
 -2.0941E-01  1.6090E-01  3.9418E+00  1.6832E-01  3.4039E-02
 -2.4705E-01 -1.7934E-01  3.9277E+00  1.6798E-01  3.4247E-02
 -1.3625E+00 -1.1835E-01  3.6828E+00  1.6764E-01  3.4457E-02
 -2.1578E-01 -1.5925E-01  3.8972E+00  1.6695E-01  3.4882E-02
  1.9580E+00  9.6771E-02  3.3661E+00  1.6661E-01  3.5098E-02
 -1.3781E+00  2.5168E-01  3.5637E+00  1.6456E-01  3.6431E-02
 -1.2180E-01  2.1223E-01  3.7772E+00  1.6318E-01  3.7360E-02
  3.5732E-01 -2.2926E-01  3.7060E+00  1.6146E-01  3.8570E-02
  1.8738E+00  5.9275E-02  3.1487E+00  1.5938E-01  4.0097E-02
 -6.7985E-02 -1.3781E-01  3.6285E+00  1.5834E-01  4.0893E-02
 -1.8508E+00  1.5851E-01  3.0572E+00  1.5660E-01  4.2270E-02
  1.7382E+00 -1.3988E-01  2.9485E+00  1.5170E-01  4.6497E-02
  2.9842E-01 -2.1609E-01  3.4058E+00  1.5170E-01  4.6497E-02
 -1.8711E+00 -2.4017E-01  2.8465E+00  1.5135E-01  4.6822E-02
  1.5025E+00  1.8816E-01  3.0247E+00  1.5030E-01  4.7815E-02
 -3.6542E-01 -6.2400E-02  3.3513E+00  1.4994E-01  4.8153E-02
  1.1580E+00  5.1050E-02  3.1548E+00  1.4959E-01  4.8494E-02
 -1.7973E+00  1.5656E-01  2.8103E+00  1.4889E-01  4.9186E-02
  1.3216E+00  6.6666E-02  3.0662E+00  1.4889E-01  4.9186E-02
 -2.5771E-01 -1.2904E-01  3.2734E+00  1.4712E-01  5.0980E-02
 -1.4519E+00  1.2613E-01  2.9452E+00  1.4712E-01  5.0980E-02
 -8.7089E-01  9.2575E-02  3.0455E+00  1.4321E-01  5.5267E-02
 -1.4192E+00  9.8563E-02  2.8316E+00  1.4321E-01  5.5267E-02
 -5.3701E-01  1.0518E-01  3.1105E+00  1.4286E-01  5.5682E-02
  8.7286E-01 -1.7015E-01  2.8655E+00  1.3748E-01  6.2467E-02
  1.9173E+00 -1.4416E-02  2.2941E+00  1.3712E-01  6.2960E-02
 -7.6935E-01  1.5729E-01  2.7661E+00  1.3315E-01  6.8763E-02
 -1.1383E+00 -1.9048E-01  2.5771E+00  1.3134E-01  7.1651E-02
  1.4619E+00  1.8038E-01  2.3487E+00  1.2952E-01  7.4711E-02
  1.3193E+00 -6.9881E-02  2.4024E+00  1.2843E-01  7.6636E-02
  7.4866E-01 -9.2588E-02  2.5723E+00  1.2623E-01  8.0699E-02
 -9.6900E-01 -3.0048E-02  2.4883E+00  1.2587E-01  8.1405E-02
  9.2035E-02 -5.3088E-02  2.6077E+00  1.2367E-01  8.5829E-02
 -1.9209E+00 -3.5371E-02  1.7216E+00  1.2256E-01  8.8168E-02
 -1.8647E+00  1.6345E-01 -1.7605E+00  1.2220E-01  8.8967E-02
  1.8739E+00 -2.0557E-01  1.6869E+00  1.2072E-01  9.2266E-02
  3.0711E-01 -1.2674E-01  2.5078E+00  1.2072E-01  9.2266E-02
 -1.5095E+00 -6.7514E-03  2.0051E+00  1.1998E-01  9.3979E-02
  6.5156E-01  6.4183E-02  2.3818E+00  1.1851E-01  9.7542E-02
  1.3510E+00 -1.1719E-01  2.0291E+00  1.1739E-01  1.0034E-01
  1.9074E+00  8.1381E-02 -1.4886E+00  1.1665E-01  1.0226E-01
 -7.3039E-01  1.1348E-02  2.3080E+00  1.1665E-01  1.0226E-01
  6.0655E-01 -5.2977E-02  2.3228E+00  1.1591E-01  1.0424E-01
 -1.8636E+00  1.0640E-01  1.4635E+00  1.1480E-01  1.0731E-01
  4.6962E-01 -1.5442E-01  2.3199E+00  1.1480E-01  1.0731E-01
  1.1952E+00 -1.1337E-01  2.0344E+00  1.1442E-01  1.0836E-01
 -1.5686E+00  1.8651E-01  1.7432E+00  1.1405E-01  1.0942E-01
 -1.0779E+00  8.5977E-02  2.0892E+00  1.1405E-01  1.0942E-01
  1.4312E+00  1.2379E-01 -1.8629E+00  1.1405E-01  1.0942E-01
 -1.3831E-02 -1.7936E-01  2.3358E+00  1.1368E-01  1.1050E-01
  1.8365E+00  2.5455E-02  1.4544E+00  1.1368E-01  1.1050E-01
 -1.2645E+00 -9.1152E-02  1.9354E+00  1.1256E-01  1.1382E-01
  1.8612E+00  1.5965E-01 -1.3652E+00  1.1256E-01  1.1382E-01
 -1.6086E+00 -1.1869E-01 -1.6318E+00  1.1182E-01  1.1612E-01
  7.8625E-01 -1.4591E-01  2.1506E+00  1.1182E-01  1.1612E-01
 -7.0602E-02 -1.1107E-01  2.2810E+00  1.1144E-01  1.1729E-01
  1.8457E+00  4.9920E-02  1.3458E+00  1.1144E-01  1.1729E-01
  1.4455E+00 -4.8255E-02 -1.7564E+00  1.1107E-01  1.1847E-01
  1.5569E-01  1.7810E-01  2.2532E+00  1.1070E-01  1.1968E-01
  1.6557E+00  1.0642E-02 -1.5324E+00  1.1032E-01  1.2090E-01
  1.4024E+00 -8.0331E-02 -1.7654E+00  1.1032E-01  1.2090E-01
 -1.4110E+00  1.9477E-01  1.7372E+00  1.0995E-01  1.2214E-01
 -1.3989E+00 -5.7373E-02  1.7569E+00  1.0995E-01  1.2214E-01
 -1.1996E+00  4.5662E-02 -1.8988E+00  1.0995E-01  1.2214E-01
  1.4630E+00  1.6471E-01  1.6842E+00  1.0957E-01  1.2339E-01
 -1.1305E+00 -6.6004E-02  1.9070E+00  1.0882E-01  1.2596E-01
  1.8987E+00  1.9015E-01  1.1118E+00  1.0845E-01  1.2727E-01
 -1.8082E+00 -1.8980E-01 -1.2536E+00  1.0845E-01  1.2727E-01
  8.9251E-01  1.9276E-01  2.0108E+00  1.0845E-01  1.2727E-01
 -1.5205E+00 -1.2885E-02  1.5885E+00  1.0808E-01  1.2859E-01
 -1.8583E+00 -1.0624E-01  1.1709E+00  1.0808E-01  1.2859E-01
  7.7488E-01  1.7887E-01  2.0400E+00  1.0770E-01  1.2994E-01
 -2.0098E-01  1.0062E-01  2.1779E+00  1.0770E-01  1.2994E-01
  1.6594E+00 -7.6967E-02 -1.4264E+00  1.0770E-01  1.2994E-01
 -6.6868E-01 -7.8768E-02  2.0735E+00  1.0733E-01  1.3131E-01
  1.8070E+00  2.1723E-02 -1.2194E+00  1.0733E-01  1.3131E-01
  1.7124E+00 -8.9182E-03  1.3339E+00  1.0695E-01  1.3269E-01
 -1.5430E+00  6.0967E-02 -1.4986E+00  1.0620E-01  1.3553E-01
  1.7259E+00 -1.8621E-01 -1.2716E+00  1.0620E-01  1.3553E-01
  1.8499E+00  1.2776E-01  1.0733E+00  1.0582E-01  1.3698E-01
 -1.1865E-01 -4.4803E-02  2.1387E+00  1.0582E-01  1.3698E-01
  4.8421E-01 -1.6142E-01  2.0712E+00  1.0545E-01  1.3845E-01
  1.4310E+00 -1.6332E-02 -1.5818E+00  1.0545E-01  1.3845E-01
  1.4527E+00  2.9261E-02  1.5490E+00  1.0507E-01  1.3994E-01
  1.3432E+00  5.4037E-02 -1.6442E+00  1.0507E-01  1.3994E-01
 -1.1157E+00 -1.5574E-02  1.7961E+00  1.0470E-01  1.4145E-01
  1.4715E+00 -3.9023E-03 -1.4925E+00  1.0394E-01  1.4454E-01
  1.8897E+00 -9.9312E-03  8.8495E-01  1.0357E-01  1.4613E-01
 -1.6936E+00 -9.1148E-02 -1.1996E+00  1.0319E-01  1.4773E-01
  1.8512E+00  9.0939E-02 -8.9679E-01  1.0244E-01  1.5102E-01
 -1.5769E+00 -1.6242E-01  1.2995E+00  1.0206E-01  1.5269E-01
 -1.8295E+00 -9.2065E-02 -8.3532E-01  1.0055E-01  1.5967E-01
 -1.9006E+00 -8.1867E-03  6.6398E-01  1.0055E-01  1.5967E-01
 -1.9059E+00  5.7448E-02  6.4603E-01  1.0055E-01  1.5967E-01
 -5.3183E-01  1.1250E-01  1.9291E+00  1.0017E-01  1.6148E-01
 -1.2447E+00  1.5991E-01  1.5627E+00  1.0017E-01  1.6148E-01
 -1.6728E-01 -1.3044E-01  1.9747E+00  9.9419E-02  1.6519E-01
 -3.8249E-01 -1.5384E-01  1.9428E+00  9.9419E-02  1.6519E-01
  8.8387E-01 -1.5464E-01  1.7617E+00  9.9041E-02  1.6709E-01
 -8.4026E-01 -6.0905E-02 -1.7886E+00  9.9041E-02  1.6709E-01
  1.3373E+00 -2.1433E-02 -1.4437E+00  9.8663E-02  1.6902E-01
  5.5131E-01  1.5635E-01 -1.8828E+00  9.8663E-02  1.6902E-01
 -1.8631E+00 -2.4835E-02  6.0535E-01  9.8285E-02  1.7098E-01
  9.2840E-01  1.3340E-01  1.7200E+00  9.8285E-02  1.7098E-01
  5.2932E-01 -7.0545E-02  1.8756E+00  9.7907E-02  1.7297E-01
  1.1038E+00  1.0450E-02 -1.5968E+00  9.7529E-02  1.7499E-01
 -2.3701E-01  1.8908E-01  1.9083E+00  9.7150E-02  1.7704E-01
 -5.0727E-01 -8.0334E-02  1.8628E+00  9.7150E-02  1.7704E-01
 -1.4636E+00  1.3852E-01 -1.2403E+00  9.6772E-02  1.7912E-01
  5.0504E-01  2.1556E-02 -1.8558E+00  9.6772E-02  1.7912E-01
 -1.8324E+00 -5.6670E-02  5.5186E-01  9.6393E-02  1.8124E-01
 -1.8090E+00 -3.1360E-02  6.2603E-01  9.6393E-02  1.8124E-01
 -1.5320E+00 -6.2614E-02  1.1465E+00  9.6393E-02  1.8124E-01
 -1.8962E+00 -1.8513E-01 -4.0223E-02  9.6015E-02  1.8340E-01
  1.6732E+00  2.4968E-02  9.1173E-01  9.6015E-02  1.8340E-01
  2.5730E-01  2.0415E-02  1.8792E+00  9.5636E-02  1.8558E-01
 -1.5107E+00  3.4021E-02  1.1320E+00  9.5257E-02  1.8781E-01
  1.0497E+00 -1.0602E-01  1.5658E+00  9.5257E-02  1.8781E-01
  1.8787E+00  7.6854E-02 -1.7071E-01  9.5257E-02  1.8781E-01
 -9.3334E-01  2.0757E-02 -1.6411E+00  9.5257E-02  1.8781E-01
  1.5521E+00  3.3903E-02 -1.0590E+00  9.4878E-02  1.9007E-01
  9.1542E-01 -6.7562E-03  1.6412E+00  9.4878E-02  1.9007E-01
  6.4944E-01  1.4756E-01 -1.7573E+00  9.4878E-02  1.9007E-01
 -1.2381E+00  1.4273E-01  1.3948E+00  9.4499E-02  1.9236E-01
 -1.3649E+00 -8.3044E-02  1.2634E+00  9.4120E-02  1.9470E-01
  1.0293E+00 -1.6651E-01 -1.5319E+00  9.3741E-02  1.9707E-01
  1.5131E+00 -7.3563E-02 -1.0673E+00  9.3741E-02  1.9707E-01
  1.8198E+00  6.7701E-02  3.4272E-01  9.3741E-02  1.9707E-01
  2.0408E-01  9.6541E-02  1.8305E+00  9.3361E-02  1.9948E-01
  1.2095E+00  2.8533E-02  1.3922E+00  9.3361E-02  1.9948E-01
  1.8200E+00  1.1533E-01  2.0992E-01  9.2982E-02  2.0193E-01
  1.8345E+00 -6.4081E-02  1.7048E-02  9.2982E-02  2.0193E-01
  1.4207E+00 -7.3021E-02 -1.1602E+00  9.2982E-02  2.0193E-01
  1.6917E+00  1.4174E-01 -6.9848E-01  9.2982E-02  2.0193E-01
  1.5471E+00 -7.2408E-02  9.6924E-01  9.2603E-02  2.0443E-01
  6.9142E-01  8.6095E-03 -1.6912E+00  9.2603E-02  2.0443E-01
 -2.3359E-01 -2.0657E-02 -1.8033E+00  9.2223E-02  2.0696E-01
 -1.4581E+00 -1.2013E-01 -1.0800E+00  9.2223E-02  2.0696E-01
 -7.9777E-01  9.8102E-02  1.6312E+00  9.2223E-02  2.0696E-01
  3.9098E-01  1.7954E-01  1.7668E+00  9.2223E-02  2.0696E-01
  1.0151E+00 -1.8381E-01  1.4871E+00  9.1844E-02  2.0954E-01
 -2.1755E-01  9.2896E-02 -1.7944E+00  9.1844E-02  2.0954E-01
 -1.6998E+00 -1.8150E-01 -5.9462E-01  9.1844E-02  2.0954E-01
 -1.0390E-01  1.3014E-01  1.8022E+00  9.1844E-02  2.0954E-01
 -1.1258E+00 -5.3492E-02 -1.4051E+00  9.1464E-02  2.1216E-01
 -1.2722E+00  1.0411E-02 -1.2753E+00  9.1464E-02  2.1216E-01
  4.1097E-02  2.9553E-02 -1.7921E+00  9.1084E-02  2.1482E-01
  1.2594E+00 -2.4441E-02 -1.2757E+00  9.1084E-02  2.1482E-01
  1.7426E+00 -3.2287E-02  4.2009E-01  9.1084E-02  2.1482E-01
 -1.5704E+00  1.8361E-01  8.4504E-01  9.1084E-02  2.1482E-01
  1.3109E+00 -1.0471E-01  1.2059E+00  9.0704E-02  2.1753E-01
 -8.0743E-01 -8.1598E-02 -1.5795E+00  9.0325E-02  2.2029E-01
  1.3744E+00  1.6732E-01  1.1119E+00  9.0325E-02  2.2029E-01
 -1.7490E+00  8.1920E-02  2.9605E-01  9.0325E-02  2.2029E-01
 -1.7543E+00  2.1240E-02  2.1310E-01  8.9945E-02  2.2309E-01
 -1.3278E-02 -8.9517E-02 -1.7650E+00  8.9945E-02  2.2309E-01
 -1.7526E+00 -8.4569E-02  1.2229E-01  8.9565E-02  2.2594E-01
  9.6687E-01 -7.1745E-03 -1.4592E+00  8.9185E-02  2.2884E-01
 -5.0806E-01  1.4416E-01  1.6601E+00  8.8805E-02  2.3179E-01
  1.6420E+00  1.2257E-01  5.6911E-01  8.8805E-02  2.3179E-01
  2.6241E-01 -4.1701E-02 -1.7133E+00  8.8425E-02  2.3479E-01
 -6.5257E-01 -1.4312E-01  1.5999E+00  8.8425E-02  2.3479E-01
  1.3503E-02  4.6258E-03  1.7337E+00  8.8425E-02  2.3479E-01
 -1.4698E+00 -7.4035E-02 -9.1660E-01  8.8425E-02  2.3479E-01
 -1.2317E+00 -3.1776E-02  1.2079E+00  8.8044E-02  2.3785E-01
  1.1727E+00 -1.6133E-02 -1.2656E+00  8.8044E-02  2.3785E-01
  1.3391E-01 -1.4293E-01  1.7059E+00  8.7664E-02  2.4095E-01
 -1.2591E+00 -3.5905E-02  1.1670E+00  8.7664E-02  2.4095E-01
  1.5312E+00  1.6360E-01  7.4083E-01  8.7284E-02  2.4412E-01
 -1.0252E-01  2.6250E-02 -1.7056E+00  8.7284E-02  2.4412E-01
  1.3675E+00  2.8286E-02  1.0244E+00  8.7284E-02  2.4412E-01
  7.9636E-01 -1.4806E-03 -1.5027E+00  8.6904E-02  2.4734E-01
 -1.5771E+00  7.3953E-02  6.3191E-01  8.6904E-02  2.4734E-01
 -9.1629E-01  3.7137E-02 -1.4322E+00  8.6904E-02  2.4734E-01
 -2.2147E-01 -4.7284E-02 -1.6855E+00  8.6904E-02  2.4734E-01
 -8.4219E-01  1.5137E-01 -1.4697E+00  8.6904E-02  2.4734E-01
  8.1287E-01 -3.8365E-02  1.4933E+00  8.6904E-02  2.4734E-01
  1.2084E+00 -1.3055E-01 -1.1777E+00  8.6524E-02  2.5061E-01
  1.6804E+00 -1.2341E-01 -1.5873E-01  8.6524E-02  2.5061E-01
  5.1227E-02  4.1980E-02  1.6829E+00  8.6143E-02  2.5395E-01
 -1.6438E+00 -1.5080E-03  3.6663E-01  8.6143E-02  2.5395E-01
 -1.3799E+00  3.1789E-02  9.3642E-01  8.5382E-02  2.6079E-01
  1.4447E+00 -1.1581E-01  8.2558E-01  8.5382E-02  2.6079E-01
  1.2949E+00 -1.7245E-01  1.0240E+00  8.5002E-02  2.6431E-01
  1.4725E+00 -6.4101E-02  7.6334E-01  8.5002E-02  2.6431E-01
 -1.6262E+00 -1.7707E-01  2.2924E-01  8.4622E-02  2.6789E-01
  1.1204E-01 -2.6192E-03 -1.6480E+00  8.4622E-02  2.6789E-01
 -3.5481E-01  1.1584E-01  1.6091E+00  8.4622E-02  2.6789E-01
 -1.5871E+00 -8.3005E-02 -4.5004E-01  8.4622E-02  2.6789E-01
  1.6053E+00 -1.8308E-01 -3.0226E-01  8.4241E-02  2.7154E-01
  1.5130E+00  9.7387E-02 -6.1400E-01  8.3861E-02  2.7525E-01
 -7.7848E-01  1.3810E-02  1.4295E+00  8.3480E-02  2.7903E-01
 -1.0189E+00  1.0225E-01 -1.2653E+00  8.3480E-02  2.7903E-01
  8.9502E-01  1.7058E-01  1.3393E+00  8.3100E-02  2.8288E-01
 -2.2255E-01 -8.7164E-02 -1.5861E+00  8.2338E-02  2.9080E-01
  7.5825E-02  9.6737E-02 -1.5993E+00  8.2338E-02  2.9080E-01
  8.0042E-01 -8.7394E-02  1.3782E+00  8.1958E-02  2.9487E-01
  1.1064E+00  3.8210E-02  1.1498E+00  8.1958E-02  2.9487E-01
  1.5223E+00 -5.9037E-02 -4.7648E-01  8.1958E-02  2.9487E-01
 -1.3816E+00 -1.4374E-01 -7.3774E-01  8.0816E-02  3.0755E-01
 -3.0446E-01 -5.6841E-02 -1.5342E+00  8.0435E-02  3.1193E-01
  1.4209E+00 -1.9296E-02  6.3745E-01  8.0055E-02  3.1640E-01
  1.5210E+00  3.9800E-02  3.3242E-01  8.0055E-02  3.1640E-01
  1.4021E+00  5.4638E-02  6.7575E-01  8.0055E-02  3.1640E-01
  1.3371E+00  1.7675E-01  7.6337E-01  7.9674E-02  3.2096E-01
  4.1384E-02  8.0636E-02  1.5395E+00  7.9293E-02  3.2561E-01
 -1.5322E+00  3.4691E-02  7.7865E-02  7.8913E-02  3.3034E-01
 -5.8093E-01  1.2678E-01  1.4147E+00  7.8913E-02  3.3034E-01
 -1.2690E+00 -2.9677E-02  8.4889E-01  7.8532E-02  3.3517E-01
 -5.1498E-01  7.4545E-02  1.4356E+00  7.8532E-02  3.3517E-01
 -1.4956E+00  1.3769E-01 -2.7549E-01  7.8532E-02  3.3517E-01
 -8.6287E-01 -1.2114E-01  1.2449E+00  7.8152E-02  3.4009E-01
 -1.5065E+00  4.0887E-02 -1.9387E-01  7.8152E-02  3.4009E-01
 -1.0337E+00  1.0713E-01 -1.1086E+00  7.8152E-02  3.4009E-01
 -1.1320E+00 -3.0155E-02  9.9074E-01  7.7390E-02  3.5022E-01
  1.4720E+00 -2.0671E-02  2.7254E-01  7.7010E-02  3.5544E-01
  9.6350E-01 -1.0472E-01  1.1412E+00  7.7010E-02  3.5544E-01
 -1.3126E+00 -1.6042E-01 -7.0202E-01  7.7010E-02  3.5544E-01
 -1.1117E+00 -1.8120E-01  9.8630E-01  7.7010E-02  3.5544E-01
 -1.4483E+00 -1.5978E-01  3.1055E-01  7.6629E-02  3.6076E-01
  4.0905E-01  1.4232E-01  1.4255E+00  7.6629E-02  3.6076E-01
 -1.1921E+00  1.8599E-01 -8.6145E-01  7.6248E-02  3.6619E-01
  1.4736E+00  4.0627E-02  1.5655E-01  7.6248E-02  3.6619E-01
 -1.0534E+00 -6.5063E-02 -1.0306E+00  7.5868E-02  3.7173E-01
  8.3778E-01 -1.1047E-01 -1.2003E+00  7.5487E-02  3.7739E-01
 -1.2817E+00  7.6634E-02 -6.9641E-01  7.5106E-02  3.8315E-01
  1.4150E+00 -3.8208E-02  3.3053E-01  7.4726E-02  3.8904E-01
 -1.3738E+00  7.7454E-02  4.4576E-01  7.4345E-02  3.9504E-01
  5.1470E-01 -1.0836E-01 -1.3474E+00  7.4345E-02  3.9504E-01
 -6.5691E-02 -1.7922E-01 -1.4266E+00  7.3965E-02  4.0117E-01
  1.4245E-01  1.3225E-01 -1.4119E+00  7.3203E-02  4.1382E-01
  7.9170E-01 -1.1860E-01  1.1792E+00  7.3203E-02  4.1382E-01
 -1.1756E+00  9.1389E-02  8.0060E-01  7.3203E-02  4.1382E-01
 -4.3354E-01  9.7890E-02  1.3468E+00  7.2822E-02  4.2035E-01
  1.2863E+00  1.6497E-01 -5.5667E-01  7.2442E-02  4.2701E-01
 -1.3488E+00 -8.0333E-02  4.0735E-01  7.2442E-02  4.2701E-01
 -1.2888E+00 -1.0466E-01  5.6550E-01  7.2442E-02  4.2701E-01
  1.2019E+00 -1.4163E-01  7.2613E-01  7.2442E-02  4.2701E-01
 -2.7919E-01 -8.7930E-02  1.3736E+00  7.2061E-02  4.3381E-01
  2.0256E-01  8.7472E-02 -1.3870E+00  7.2061E-02  4.3381E-01
  1.0676E+00  1.0565E-02  9.1243E-01  7.2061E-02  4.3381E-01
 -1.3955E+00  1.2818E-02  1.5715E-01  7.2061E-02  4.3381E-01
 -1.9079E-01 -2.7319E-02 -1.3842E+00  7.1680E-02  4.4076E-01
 -1.0607E+00 -1.4130E-01 -8.9896E-01  7.1680E-02  4.4076E-01
  2.7941E-01  1.4111E-01  1.3550E+00  7.1300E-02  4.4786E-01
  1.1314E+00  6.0639E-02  8.0644E-01  7.1300E-02  4.4786E-01
  1.3779E+00  1.7500E-01 -7.0070E-02  7.1300E-02  4.4786E-01
 -1.2434E+00  1.0128E-02 -6.2287E-01  7.1300E-02  4.4786E-01
 -1.3626E+00 -9.0848E-02 -2.6307E-01  7.1300E-02  4.4786E-01
  1.3686E+00 -4.4886E-02 -2.0055E-01  7.0919E-02  4.5511E-01
 -9.7415E-01 -1.3806E-01 -9.7330E-01  7.0919E-02  4.5511E-01
  1.0876E+00 -1.3172E-01 -8.4561E-01  7.0919E-02  4.5511E-01
 -1.2233E+00  1.2793E-01  6.3436E-01  7.0919E-02  4.5511E-01
  4.5917E-01 -1.4433E-01 -1.2976E+00  7.0919E-02  4.5511E-01
 -1.0743E+00 -1.4443E-01  8.6049E-01  7.0919E-02  4.5511E-01
  9.9106E-01 -4.0246E-02  9.5549E-01  7.0538E-02  4.6253E-01
 -6.5421E-01  1.6381E-01 -1.2008E+00  7.0538E-02  4.6253E-01
  1.2824E+00 -9.5043E-02  4.9309E-01  7.0538E-02  4.6253E-01
 -1.1604E+00  1.3608E-01  7.2927E-01  7.0538E-02  4.6253E-01
 -4.4397E-02  2.1795E-02 -1.3697E+00  7.0157E-02  4.7010E-01
 -7.3704E-01  1.5504E-01 -1.1450E+00  7.0157E-02  4.7010E-01
  5.1405E-01  1.7371E-01  1.2586E+00  7.0157E-02  4.7010E-01
  9.3457E-01 -1.3397E-02 -1.0024E+00  7.0157E-02  4.7010E-01
 -1.2768E+00  1.8710E-02  4.9781E-01  7.0157E-02  4.7010E-01
 -1.2760E+00  4.1084E-02 -4.7992E-01  6.9776E-02  4.7784E-01
 -1.3297E+00 -1.4242E-01  2.6810E-01  6.9776E-02  4.7784E-01
 -4.9747E-01 -1.2246E-01 -1.2640E+00  6.9776E-02  4.7784E-01
 -4.1609E-01  1.6844E-01  1.2809E+00  6.9395E-02  4.8575E-01
  4.6352E-01  8.4157E-02  1.2729E+00  6.9395E-02  4.8575E-01
  1.3547E+00 -7.0221E-02 -4.6378E-02  6.9395E-02  4.8575E-01
 -6.4138E-02 -1.2138E-02 -1.3492E+00  6.9014E-02  4.9384E-01
  6.2439E-01 -1.7708E-02 -1.1976E+00  6.9014E-02  4.9384E-01
 -9.6476E-01  1.5863E-01  9.2253E-01  6.8633E-02  5.0211E-01
 -1.0802E+00  1.0968E-01  7.9256E-01  6.8633E-02  5.0211E-01
 -8.4654E-01 -8.4882E-02 -1.0407E+00  6.8633E-02  5.0211E-01
 -6.1413E-01 -1.8715E-03  1.1958E+00  6.8633E-02  5.0211E-01
 -1.0177E+00  5.1056E-02 -8.7674E-01  6.8633E-02  5.0211E-01
  9.8352E-01  1.0725E-01 -9.1003E-01  6.8633E-02  5.0211E-01
  2.7119E-02 -1.1154E-01 -1.3328E+00  6.8252E-02  5.1057E-01
 -1.2787E+00  1.2186E-01  3.5014E-01  6.7871E-02  5.1923E-01
  1.1172E+00 -1.7305E-01 -7.0315E-01  6.7871E-02  5.1923E-01
  1.3222E+00  5.5818E-02 -1.4512E-01  6.7871E-02  5.1923E-01
 -1.3080E+00 -1.0439E-01  2.2525E-01  6.7871E-02  5.1923E-01
  1.1050E+00  1.3109E-01 -7.1932E-01  6.7489E-02  5.2808E-01
  4.8144E-02 -1.5363E-01 -1.3152E+00  6.7489E-02  5.2808E-01
 -1.5232E-01 -6.1778E-02 -1.3148E+00  6.7489E-02  5.2808E-01
  1.2179E+00  1.1900E-01  5.0818E-01  6.7489E-02  5.2808E-01
 -4.5525E-01  5.4744E-02 -1.2431E+00  6.7489E-02  5.2808E-01
  5.4649E-01  1.3345E-01  1.1926E+00  6.7108E-02  5.3713E-01
  1.2689E+00 -1.1828E-01 -3.3867E-01  6.7108E-02  5.3713E-01
  1.2402E+00 -3.2157E-05  4.2932E-01  6.6726E-02  5.4640E-01
 -5.6415E-02 -1.0882E-01 -1.3066E+00  6.6726E-02  5.4640E-01
 -9.6799E-01 -9.5980E-02  8.7168E-01  6.6345E-02  5.5588E-01
  2.8979E-01 -1.1119E-01 -1.2687E+00  6.6345E-02  5.5588E-01
 -1.6281E-01  2.2581E-02 -1.2958E+00  6.6345E-02  5.5588E-01
 -5.8682E-01  6.7152E-02  1.1650E+00  6.6345E-02  5.5588E-01
  1.1636E+00 -4.3972E-02  5.7795E-01  6.5963E-02  5.6559E-01
  4.5269E-01  3.9288E-02  1.2180E+00  6.5963E-02  5.6559E-01
  9.6531E-01  2.9772E-02 -8.7019E-01  6.5963E-02  5.6559E-01
  1.2581E+00 -1.2381E-01  3.0310E-01  6.5963E-02  5.6559E-01
 -1.0977E+00 -1.6576E-01  6.5268E-01  6.5199E-02  5.8571E-01
 -8.8736E-01 -2.6519E-02  9.3285E-01  6.5199E-02  5.8571E-01
 -8.4365E-01 -1.8735E-02  9.6474E-01  6.4817E-02  5.9614E-01
 -1.2737E+00  7.9708E-02 -1.1886E-01  6.4817E-02  5.9614E-01
  1.2674E+00  1.2604E-01 -1.4330E-01  6.4817E-02  5.9614E-01
 -1.2734E+00 -9.2470E-02  1.1268E-01  6.4817E-02  5.9614E-01
 -1.2731E+00 -2.4987E-02  7.8273E-02  6.4434E-02  6.0681E-01
 -7.9138E-01  9.5921E-02  9.9600E-01  6.4434E-02  6.0681E-01
  7.7628E-01  1.1835E-01  9.9789E-01  6.4051E-02  6.1776E-01
  1.1108E+00  4.7448E-02 -6.0108E-01  6.3669E-02  6.2897E-01
  1.2027E+00 -1.4349E-01 -3.4015E-01  6.3285E-02  6.4046E-01
 -4.4063E-01 -1.6112E-01  1.1673E+00  6.3285E-02  6.4046E-01
  9.5830E-01 -7.4231E-02 -8.1175E-01  6.3285E-02  6.4046E-01
 -1.0093E+00  7.1861E-02  7.4758E-01  6.3285E-02  6.4046E-01
 -4.9455E-02  1.7635E-01 -1.2388E+00  6.2902E-02  6.5224E-01
 -6.1575E-01 -1.1347E-01  1.0846E+00  6.2902E-02  6.5224E-01
 -1.1286E+00 -8.5724E-02  5.2240E-01  6.2518E-02  6.6433E-01
  5.8516E-01  4.4691E-02 -1.0998E+00  6.2518E-02  6.6433E-01
 -7.0059E-01 -1.8515E-01  1.0143E+00  6.2518E-02  6.6433E-01
  1.2294E+00  7.0514E-02  1.9384E-01  6.2518E-02  6.6433E-01
  1.2106E+00  6.7842E-02  2.6388E-01  6.2134E-02  6.7672E-01
 -4.5447E-01  1.4201E-01  1.1459E+00  6.2134E-02  6.7672E-01
 -1.2381E+00 -6.4797E-02 -5.3673E-02  6.2134E-02  6.7672E-01
 -2.1109E-01  7.0974E-02 -1.2208E+00  6.2134E-02  6.7672E-01
 -1.1927E+00  2.0951E-02 -3.4185E-01  6.2134E-02  6.7672E-01
  6.6104E-01 -1.0540E-01 -1.0382E+00  6.1750E-02  6.8943E-01
  6.5345E-01 -9.3607E-02 -1.0375E+00  6.1365E-02  7.0248E-01
 -7.1751E-01  7.0904E-02  9.9618E-01  6.1365E-02  7.0248E-01
  1.5983E-01  1.6158E-01 -1.2085E+00  6.1365E-02  7.0248E-01
  1.4026E-01 -6.5931E-02  1.2199E+00  6.1365E-02  7.0248E-01
 -1.6783E-01  1.0966E-01 -1.2077E+00  6.0980E-02  7.1587E-01
  1.2135E+00 -1.1101E-01  1.1758E-01  6.0980E-02  7.1587E-01
  6.5646E-01 -7.7344E-02  1.0304E+00  6.0980E-02  7.1587E-01
 -6.9173E-01 -1.4586E-01 -9.9277E-01  6.0595E-02  7.2962E-01
 -4.3684E-01  8.8095E-03  1.1377E+00  6.0595E-02  7.2962E-01
  1.2026E+00 -2.2365E-02 -1.5930E-01  6.0209E-02  7.4374E-01
 -4.8328E-01  7.9183E-02 -1.1101E+00  6.0209E-02  7.4374E-01
  1.1103E+00  5.6270E-03 -4.8921E-01  6.0209E-02  7.4374E-01
 -5.5782E-01  1.0492E-01 -1.0724E+00  6.0209E-02  7.4374E-01
  3.3120E-01  3.8150E-02  1.1666E+00  6.0209E-02  7.4374E-01
 -1.0358E+00 -1.5260E-01  6.0262E-01  5.9822E-02  7.5825E-01
  3.1816E-01  1.4833E-02 -1.1653E+00  5.9822E-02  7.5825E-01
  2.8931E-01  9.9693E-02  1.1686E+00  5.9822E-02  7.5825E-01
  2.7349E-01 -1.0959E-01 -1.1661E+00  5.9436E-02  7.7315E-01
  1.0130E+00 -7.6863E-02  6.4379E-01  5.9436E-02  7.7315E-01
  1.5180E-01  1.8581E-01 -1.1732E+00  5.9048E-02  7.8847E-01
  9.8648E-01 -1.6392E-01 -6.5874E-01  5.9048E-02  7.8847E-01
  1.0623E+00  8.9926E-02  5.4531E-01  5.9048E-02  7.8847E-01
  9.7640E-01  1.7575E-01  6.7060E-01  5.9048E-02  7.8847E-01
  1.0566E+00 -1.0341E-01 -5.4272E-01  5.8660E-02  8.0422E-01
 -1.0846E+00  5.9959E-02  4.7901E-01  5.8271E-02  8.2042E-01
 -2.1001E-01  9.0322E-02  1.1650E+00  5.8271E-02  8.2042E-01
  2.3905E-01  4.1448E-02  1.1621E+00  5.8271E-02  8.2042E-01
 -1.0031E+00 -1.7470E-01  6.1054E-01  5.8271E-02  8.2042E-01
  5.8456E-01 -5.4984E-03  1.0333E+00  5.8271E-02  8.2042E-01
 -9.0984E-01  1.3812E-01 -7.4198E-01  5.7882E-02  8.3709E-01
  9.3159E-01  5.9826E-02 -7.2524E-01  5.7882E-02  8.3709E-01
  4.7072E-01  1.0536E-01  1.0792E+00  5.7882E-02  8.3709E-01
 -9.8052E-01  1.0680E-01 -6.5160E-01  5.7882E-02  8.3709E-01
 -2.4419E-01 -9.9798E-02  1.1523E+00  5.7882E-02  8.3709E-01
  2.4223E-01 -1.3375E-01  1.1493E+00  5.7882E-02  8.3709E-01
  8.5216E-01  1.4706E-03  8.1206E-01  5.7492E-02  8.5424E-01
  8.5608E-01  1.3743E-02 -8.0781E-01  5.7492E-02  8.5424E-01
 -1.0883E+00  1.6117E-01 -4.1856E-01  5.7492E-02  8.5424E-01
 -1.1395E+00  1.3467E-01  2.3944E-01  5.7101E-02  8.7190E-01
  3.6295E-01  1.6762E-01  1.1019E+00  5.7101E-02  8.7190E-01
  1.1508E+00  5.8169E-02  2.1504E-01  5.7101E-02  8.7190E-01
  7.1356E-01  8.4961E-03 -9.2993E-01  5.7101E-02  8.7190E-01
 -4.2552E-01 -1.5029E-01  1.0765E+00  5.6710E-02  8.9009E-01
 -1.1550E+00  1.6309E-01 -4.3475E-02  5.6710E-02  8.9009E-01
  7.8868E-01  1.6511E-01 -8.4457E-01  5.6710E-02  8.9009E-01
 -4.4458E-01  7.2945E-02 -1.0769E+00  5.6710E-02  8.9009E-01
  6.6132E-01 -1.0803E-01  9.5581E-01  5.6710E-02  8.9009E-01
 -2.2442E-01 -1.0448E-01 -1.1407E+00  5.6710E-02  8.9009E-01
  8.3444E-01  1.2764E-01 -7.9923E-01  5.6317E-02  9.0882E-01
 -9.2833E-01 -1.7362E-01 -6.7780E-01  5.6317E-02  9.0882E-01
 -1.1542E+00 -2.7084E-02  1.3554E-01  5.6317E-02  9.0882E-01
  1.0811E+00  5.3901E-02 -4.2396E-01  5.6317E-02  9.0882E-01
 -1.0766E+00  2.6553E-03 -4.1263E-01  5.5530E-02  9.4805E-01
 -6.4914E-01 -8.1622E-03  9.5289E-01  5.5530E-02  9.4805E-01
  1.0999E+00 -3.4236E-02  3.4421E-01  5.5530E-02  9.4805E-01
  1.1481E+00 -3.1045E-02 -1.0182E-01  5.5530E-02  9.4805E-01
  1.1203E+00  1.8077E-01 -2.0412E-01  5.5530E-02  9.4805E-01
 -9.2621E-01  5.5959E-02  6.8443E-01  5.5530E-02  9.4805E-01
  9.4374E-01  3.3276E-02 -6.6158E-01  5.5530E-02  9.4805E-01
 -8.3094E-01 -5.3184E-02  7.9759E-01  5.5530E-02  9.4805E-01
  4.8710E-01  1.1545E-01  1.0335E+00  5.5134E-02  9.6859E-01
 -2.8995E-01  1.0384E-01 -1.1063E+00  5.5134E-02  9.6859E-01
 -8.7479E-01 -1.0605E-01 -7.2923E-01  5.4738E-02  9.8980E-01
  9.3553E-01 -1.2490E-01  6.4611E-01  5.4738E-02  9.8980E-01
 -1.0778E+00  1.6454E-01  3.4563E-01  5.4738E-02  9.8980E-01
  6.1800E-01 -3.1932E-02  9.5657E-01  5.4340E-02  1.0117E+00
 -1.0980E+00 -6.2809E-02 -2.9748E-01  5.4340E-02  1.0117E+00
 -9.5526E-01  1.3464E-01 -6.0607E-01  5.4340E-02  1.0117E+00
 -8.3115E-01 -7.2137E-02 -7.7586E-01  5.4340E-02  1.0117E+00
  4.0295E-01 -1.6480E-01 -1.0480E+00  5.3941E-02  1.0343E+00
  1.1139E+00  1.4568E-01  1.6112E-01  5.3941E-02  1.0343E+00
  5.0760E-02  9.5703E-02  1.1297E+00  5.3941E-02  1.0343E+00
  1.0614E+00  1.2981E-01  3.7992E-01  5.3941E-02  1.0343E+00
 -5.8506E-01 -3.9841E-02 -9.6646E-01  5.3541E-02  1.0577E+00
  7.0940E-01 -2.7153E-02  8.7974E-01  5.3541E-02  1.0577E+00
  9.6665E-01 -7.3878E-02  5.7297E-01  5.3139E-02  1.0818E+00
 -3.4169E-01 -1.5069E-01  1.0579E+00  5.2736E-02  1.1068E+00
 -9.7437E-01 -6.6589E-02 -5.5205E-01  5.2736E-02  1.1068E+00
 -1.1081E+00  1.3292E-01 -6.0535E-02  5.2331E-02  1.1327E+00
  9.8544E-01 -3.3495E-03 -5.2736E-01  5.2331E-02  1.1327E+00
 -6.3515E-01 -8.4118E-02 -9.1077E-01  5.1925E-02  1.1595E+00
  1.2580E-01  3.1226E-02 -1.1060E+00  5.1925E-02  1.1595E+00
  4.0531E-01 -1.6236E-01 -1.0244E+00  5.1925E-02  1.1595E+00
 -6.8658E-01  5.7206E-02  8.6966E-01  5.1516E-02  1.1873E+00
  1.0031E+00  1.4470E-01  4.5139E-01  5.1516E-02  1.1873E+00
 -8.4351E-01  1.3304E-01  7.0835E-01  5.1516E-02  1.1873E+00
  7.8951E-01  1.0905E-01  7.6611E-01  5.1106E-02  1.2161E+00
 -3.6401E-01 -2.7341E-02  1.0393E+00  5.0694E-02  1.2461E+00
 -1.0406E+00 -1.7106E-01  3.1832E-01  5.0694E-02  1.2461E+00
 -6.4199E-01 -4.2202E-02  8.9417E-01  5.0694E-02  1.2461E+00
 -1.0317E+00 -1.4387E-01 -3.5841E-01  5.0694E-02  1.2461E+00
  5.0775E-01  5.7234E-02 -9.7154E-01  5.0279E-02  1.2771E+00
 -5.2208E-01 -4.9348E-02 -9.6435E-01  5.0279E-02  1.2771E+00
  1.0216E+00 -1.2314E-01 -3.8230E-01  5.0279E-02  1.2771E+00
  9.1336E-01 -1.6307E-01 -5.7953E-01  4.9863E-02  1.3094E+00
 -2.0024E-01  8.3964E-02  1.0722E+00  4.9863E-02  1.3094E+00
 -7.6669E-01 -7.8466E-04 -7.8029E-01  4.9863E-02  1.3094E+00
 -4.3174E-01 -4.8638E-02  9.9989E-01  4.9444E-02  1.3430E+00
  1.0728E+00  1.8195E-01  6.6940E-02  4.9444E-02  1.3430E+00
  9.8815E-01  5.5308E-03 -4.6052E-01  4.9444E-02  1.3430E+00
 -2.6945E-01  1.2426E-01 -1.0490E+00  4.9444E-02  1.3430E+00
 -1.0019E+00  1.3176E-01  3.9924E-01  4.9022E-02  1.3780E+00
  1.0298E+00 -4.8354E-03  3.4665E-01  4.9022E-02  1.3780E+00
 -8.7488E-01 -1.1266E-01  6.3442E-01  4.9022E-02  1.3780E+00
 -9.5632E-01 -1.7362E-01 -4.7763E-01  4.8597E-02  1.4144E+00
 -8.0667E-01 -6.7881E-02  7.1937E-01  4.8597E-02  1.4144E+00
 -5.7061E-01  1.4015E-01  9.0553E-01  4.8170E-02  1.4524E+00
  2.0929E-01  1.3874E-01  1.0498E+00  4.8170E-02  1.4524E+00
 -3.8557E-01  1.4462E-01 -9.9782E-01  4.8170E-02  1.4524E+00
  4.3097E-02  1.5656E-01 -1.0637E+00  4.7739E-02  1.4920E+00
  1.0138E+00  1.2836E-01  3.2592E-01  4.7306E-02  1.5334E+00
 -5.2087E-01  1.0813E-01 -9.3143E-01  4.7306E-02  1.5334E+00
  1.0536E+00  1.6833E-01  1.1003E-01  4.7306E-02  1.5334E+00
 -1.1302E-01  1.9418E-02  1.0665E+00  4.7306E-02  1.5334E+00
  7.4474E-01  1.2625E-02  7.6726E-01  4.6868E-02  1.5768E+00
 -7.2836E-01 -1.0052E-01 -7.7645E-01  4.6868E-02  1.5768E+00
  4.8120E-01 -9.4606E-02  9.4662E-01  4.6427E-02  1.6222E+00
 -1.0152E+00 -1.1993E-01 -3.0259E-01  4.6427E-02  1.6222E+00
 -7.4625E-01 -7.8036E-03  7.5692E-01  4.5982E-02  1.6697E+00
  9.3314E-01  1.0699E-01 -4.9768E-01  4.5982E-02  1.6697E+00
 -9.6608E-01  1.4183E-01 -4.1221E-01  4.5533E-02  1.7196E+00
 -5.4289E-01 -7.2716E-02  9.0737E-01  4.5533E-02  1.7196E+00
 -6.9829E-01 -1.3560E-01  7.8571E-01  4.5533E-02  1.7196E+00
  1.0005E+00 -1.5588E-01 -3.0286E-01  4.5079E-02  1.7721E+00
  3.9051E-01  3.1184E-02  9.8158E-01  4.5079E-02  1.7721E+00
 -4.0370E-01  3.1014E-02  9.7623E-01  4.5079E-02  1.7721E+00
 -1.0390E+00  1.6096E-01  7.3489E-02  4.4620E-02  1.8273E+00
  8.7616E-01 -1.5643E-01 -5.6448E-01  4.4620E-02  1.8273E+00
  9.5761E-01  6.1682E-02 -4.3584E-01  4.4620E-02  1.8273E+00
 -6.0357E-01 -5.9994E-02 -8.5840E-01  4.4156E-02  1.8855E+00
 -5.5766E-01 -3.6870E-02 -8.9017E-01  4.4156E-02  1.8855E+00
 -9.4267E-01 -1.6904E-01 -4.2625E-01  4.3687E-02  1.9469E+00
 -1.5401E-01  1.6387E-01 -1.0239E+00  4.3687E-02  1.9469E+00
  2.4165E-01  8.3489E-02 -1.0166E+00  4.3687E-02  1.9469E+00
 -9.0999E-01  6.3251E-02 -5.1100E-01  4.3212E-02  2.0119E+00
  6.6416E-01  1.6287E-01  7.8744E-01  4.2730E-02  2.0806E+00
 -1.1288E-01  8.1016E-02 -1.0336E+00  4.2730E-02  2.0806E+00
 -7.0396E-01  1.2888E-02  7.6940E-01  4.2730E-02  2.0806E+00
 -1.4595E-01 -6.8372E-03 -1.0301E+00  4.2242E-02  2.1536E+00
 -3.7103E-01  1.6951E-01 -9.5706E-01  4.2242E-02  2.1536E+00
 -1.6821E-02  6.7390E-02  1.0380E+00  4.2242E-02  2.1536E+00
 -6.2204E-01 -6.8752E-02 -8.3109E-01  4.2242E-02  2.1536E+00
 -2.4519E-01  1.2665E-01  1.0031E+00  4.2242E-02  2.1536E+00
  1.0298E+00  1.2142E-01 -4.4200E-02  4.1747E-02  2.2312E+00
 -1.0184E+00  1.1081E-01 -1.6639E-01  4.1747E-02  2.2312E+00
 -9.7118E-01 -8.4364E-02 -3.5622E-01  4.1747E-02  2.2312E+00
 -9.9328E-01 -1.2916E-01  2.7187E-01  4.1747E-02  2.2312E+00
 -5.2239E-01  1.8025E-03 -8.9404E-01  4.1244E-02  2.3138E+00
 -5.2189E-01 -1.7591E-01  8.7686E-01  4.1244E-02  2.3138E+00
 -9.3524E-01 -5.2629E-03  4.4441E-01  4.1244E-02  2.3138E+00
 -6.6285E-02  1.3138E-01  1.0226E+00  4.0733E-02  2.4020E+00
 -9.6176E-01  1.0841E-01 -3.6142E-01  4.0733E-02  2.4020E+00
 -5.0733E-01 -1.2712E-01 -8.9097E-01  4.0733E-02  2.4020E+00
 -9.4085E-01  1.6494E-01  3.8770E-01  4.0213E-02  2.4964E+00
 -5.3523E-01 -1.8235E-01 -8.6196E-01  4.0213E-02  2.4964E+00
  9.6976E-01  1.2772E-02  3.4945E-01  4.0213E-02  2.4964E+00
 -9.8618E-01 -3.1400E-02  2.9862E-01  4.0213E-02  2.4964E+00
  1.0181E+00 -2.1483E-02 -1.4578E-01  3.9683E-02  2.5977E+00
  8.5338E-01 -7.8139E-03  5.7059E-01  3.9143E-02  2.7067E+00
 -6.4178E-01 -4.4196E-03 -8.0124E-01  3.9143E-02  2.7067E+00
  7.6306E-02 -1.5514E-01  1.0099E+00  3.8592E-02  2.8243E+00
  5.2768E-01  1.2103E-01  8.6986E-01  3.8592E-02  2.8243E+00
  1.7976E-01  5.0337E-03  1.0087E+00  3.8592E-02  2.8243E+00
  4.5143E-01 -4.1912E-02 -9.1880E-01  3.8592E-02  2.8243E+00
  1.0115E+00 -1.4928E-02 -1.6218E-01  3.8592E-02  2.8243E+00
 -6.2496E-01  1.2117E-01  8.0280E-01  3.8592E-02  2.8243E+00
 -9.8069E-01  1.7872E-01  2.3676E-01  3.8592E-02  2.8243E+00
  6.5917E-01 -1.8052E-01  7.6071E-01  3.8029E-02  2.9517E+00
 -9.5382E-01  3.1051E-02  3.6745E-01  3.8029E-02  2.9517E+00
 -8.0527E-01 -7.1446E-02 -6.2625E-01  3.8029E-02  2.9517E+00
 -1.0124E+00  1.2046E-01 -5.0207E-02  3.7452E-02  3.0900E+00
 -9.6572E-01  1.6106E-01 -2.8879E-01  3.7452E-02  3.0900E+00
  9.3503E-01  1.1453E-01  3.8847E-01  3.6862E-02  3.2409E+00
  1.0089E+00 -8.0778E-02 -1.1751E-01  3.6862E-02  3.2409E+00
 -8.5580E-01 -1.7018E-01  5.2626E-01  3.6862E-02  3.2409E+00
 -2.3491E-01 -8.6670E-02  9.8596E-01  3.6256E-02  3.4062E+00
  7.1615E-01 -5.8065E-02 -7.2013E-01  3.6256E-02  3.4062E+00
  8.3421E-01 -1.8177E-01  5.5306E-01  3.6256E-02  3.4062E+00
  7.2200E-01 -1.3754E-01 -7.0093E-01  3.5633E-02  3.5880E+00
  7.0378E-01 -7.6699E-02 -7.2823E-01  3.5633E-02  3.5880E+00
  9.4598E-01  1.5603E-01 -3.3508E-01  3.5633E-02  3.5880E+00
 -9.7035E-01 -1.2424E-03  2.9988E-01  3.5633E-02  3.5880E+00
  4.5975E-01  4.2023E-02 -9.0290E-01  3.4991E-02  3.7890E+00
  4.1871E-01  1.1761E-01 -9.1608E-01  3.4991E-02  3.7890E+00
 -1.0028E+00  1.3764E-01  6.1715E-02  3.4991E-02  3.7890E+00
  4.1071E-01 -2.0357E-02 -9.2696E-01  3.4991E-02  3.7890E+00
 -9.4740E-01  1.4048E-01  3.3324E-01  3.4991E-02  3.7890E+00
 -1.0021E+00 -9.8668E-02  1.2005E-01  3.4991E-02  3.7890E+00
  7.5835E-01 -1.4671E-02 -6.7087E-01  3.4329E-02  4.0125E+00
  9.0538E-01  1.1355E-02 -4.5337E-01  3.4329E-02  4.0125E+00
 -4.3801E-01 -1.7182E-01  8.9509E-01  3.3644E-02  4.2626E+00
 -8.2925E-01 -6.3851E-03  5.7869E-01  3.3644E-02  4.2626E+00
 -8.9187E-01  1.9385E-03 -4.7658E-01  3.3644E-02  4.2626E+00
  8.0442E-01  8.8013E-02  6.0641E-01  3.3644E-02  4.2626E+00
  8.1183E-01  1.3307E-01  5.8805E-01  3.3644E-02  4.2626E+00
 -1.6827E-01 -1.3230E-01 -9.8831E-01  3.3644E-02  4.2626E+00
 -7.7394E-01  1.7987E-01 -6.2336E-01  3.2934E-02  4.5444E+00
  4.6502E-01 -1.1583E-01 -8.8896E-01  3.2934E-02  4.5444E+00
  6.8371E-01 -1.7050E-01 -7.2346E-01  3.2934E-02  4.5444E+00
  7.8608E-01  1.7582E-02 -6.3379E-01  3.2934E-02  4.5444E+00
  2.7731E-01 -1.7815E-01 -9.5461E-01  3.2934E-02  4.5444E+00
  9.9227E-01  1.7912E-01 -2.7453E-02  3.2195E-02  4.8645E+00
  2.9146E-01  7.9533E-02  9.6238E-01  3.2195E-02  4.8645E+00
  7.0830E-01 -1.0391E-01  7.0897E-01  3.1425E-02  5.2312E+00
 -8.1085E-01  1.0982E-01 -5.8786E-01  3.1425E-02  5.2312E+00
  5.8756E-01 -1.0398E-01  8.1184E-01  3.1425E-02  5.2312E+00
  9.2864E-01  1.5021E-01  3.6082E-01  3.1425E-02  5.2312E+00
 -9.6679E-01  1.1936E-01  2.5728E-01  3.1425E-02  5.2312E+00
 -6.5775E-01  4.3199E-03  7.6319E-01  3.1425E-02  5.2312E+00
  9.8851E-01 -1.8350E-01 -4.6216E-02  3.0618E-02  5.6557E+00
  2.8451E-01  2.6749E-02  9.6504E-01  3.0618E-02  5.6557E+00
 -6.0538E-02 -7.8964E-02 -1.0015E+00  3.0618E-02  5.6557E+00
 -1.0019E+00  8.5125E-02  4.3402E-02  3.0618E-02  5.6557E+00
 -8.7754E-01  1.6130E-01 -4.6571E-01  3.0618E-02  5.6557E+00
 -5.3568E-01 -1.0315E-01  8.4580E-01  3.0618E-02  5.6557E+00
  9.6220E-01  1.8200E-02  2.9463E-01  3.0618E-02  5.6557E+00
  3.0373E-01  8.3166E-02 -9.5489E-01  2.9770E-02  6.1530E+00
  1.4342E-01 -6.8010E-03 -9.9517E-01  2.9770E-02  6.1530E+00
 -9.4179E-01  5.9304E-02  3.4714E-01  2.9770E-02  6.1530E+00
 -2.9735E-01 -1.4439E-03  9.5956E-01  2.8874E-02  6.7438E+00
  1.0027E+00  9.1028E-03 -6.0669E-02  2.8874E-02  6.7438E+00
 -9.6835E-01  3.9558E-02  2.6437E-01  2.8874E-02  6.7438E+00
 -9.0268E-02  7.6629E-02  9.9757E-01  2.8874E-02  6.7438E+00
 -5.9193E-01  1.7157E-01  7.9331E-01  2.8874E-02  6.7438E+00
 -5.6476E-01 -5.8207E-02 -8.2775E-01  2.7921E-02  7.4574E+00
 -9.1288E-01 -1.2368E-01  3.9858E-01  2.7921E-02  7.4574E+00
  9.8547E-01 -9.3307E-02  1.6630E-01  2.7921E-02  7.4574E+00
 -8.9116E-01  7.6788E-02 -4.5547E-01  2.7921E-02  7.4574E+00
  5.7882E-01  1.7327E-01  8.0154E-01  2.7921E-02  7.4574E+00
 -4.0774E-01  1.1567E-01  9.0906E-01  2.6903E-02  8.3369E+00
  9.6484E-01  1.7198E-01 -2.1336E-01  2.6903E-02  8.3369E+00
 -3.4583E-01 -1.6577E-01  9.2679E-01  2.6903E-02  8.3369E+00
 -1.4055E-01 -1.5304E-03  9.9244E-01  2.5804E-02  9.4481E+00
 -5.8626E-01  1.0992E-01 -8.0483E-01  2.4606E-02  1.0897E+01
  7.8935E-01  7.6650E-02 -6.1203E-01  2.4606E-02  1.0897E+01
 -8.1890E-02  5.8958E-02 -9.9667E-01  2.4606E-02  1.0897E+01
 -1.5746E-01  7.1272E-02 -9.8624E-01  2.3280E-02  1.2866E+01
  3.4737E-01 -1.0467E-01  9.3323E-01  2.3280E-02  1.2866E+01
 -2.4496E-01 -7.1769E-03 -9.7039E-01  2.1787E-02  1.5696E+01
  9.6984E-01  1.8084E-01 -1.6858E-01  2.1787E-02  1.5696E+01
 -6.6284E-01 -1.2259E-02  7.4980E-01  2.1787E-02  1.5696E+01
 -8.8111E-01  1.1814E-01 -4.5977E-01  2.1787E-02  1.5696E+01
  8.4220E-01  1.5250E-01 -5.1879E-01  2.1787E-02  1.5696E+01
  8.5808E-01 -1.8385E-01  4.8125E-01  2.1787E-02  1.5696E+01
 -9.9999E-01  3.1334E-02  2.7215E-02  2.1787E-02  1.5696E+01
  9.8857E-01 -1.5387E-01 -9.6673E-03  2.0058E-02  2.0115E+01
 -3.0620E-01 -9.5039E-02  9.4776E-01  2.0058E-02  2.0115E+01
  2.5615E-01  1.1320E-01 -9.6053E-01  2.0058E-02  2.0115E+01
 -6.5149E-02 -9.8038E-02 -9.9357E-01  2.0058E-02  2.0115E+01
 -9.8663E-01 -1.2615E-01  1.0813E-01  2.0058E-02  2.0115E+01
  7.9418E-01 -9.2883E-03  6.0805E-01  1.7969E-02  2.7981E+01
 -8.4513E-01  1.2455E-01  5.2036E-01  1.7969E-02  2.7981E+01
  9.9240E-01  1.1168E-01 -5.6625E-02  1.7969E-02  2.7981E+01
  1.6059E-01 -1.0755E-02 -9.8723E-01  1.7969E-02  2.7981E+01
