0.25660800000000D+02       609
(x,y,z) position of the X-ray source
 -0.1786E+01  0.1181E-01  0.2253E+00
x | y | z | R | rho
 -7.0827E-01  1.9137E-01  9.8456E+00  3.1968E-01  4.9687E-03
  9.4698E-01  9.1474E-02  9.5464E+00  3.1345E-01  5.2709E-03
 -3.5459E-01 -3.2269E-01  9.5210E+00  3.1209E-01  5.3401E-03
  1.7624E-01  8.8960E-02  9.5310E+00  3.1209E-01  5.3401E-03
  2.8973E-01  4.7152E-02  9.2739E+00  3.0635E-01  5.6461E-03
  3.7242E-01  3.3324E-01  9.2409E+00  3.0580E-01  5.6766E-03
  2.0875E+00 -2.2916E-01  8.8762E+00  3.0277E-01  5.8486E-03
 -9.3084E-01  5.5870E-02  9.0248E+00  3.0167E-01  5.9131E-03
  1.4453E-01  2.0642E-01  8.9364E+00  2.9862E-01  6.0959E-03
 -1.6502E+00 -2.9141E-01  8.5602E+00  2.9361E-01  6.4134E-03
  8.8185E-01 -2.2853E-01  8.6507E+00  2.9305E-01  6.4502E-03
 -6.9079E-01 -1.0765E-01  8.3080E+00  2.8461E-01  7.0411E-03
  1.9523E-01  3.4760E-01  8.2195E+00  2.8206E-01  7.2339E-03
 -1.4069E+00 -9.4786E-04  7.9008E+00  2.7722E-01  7.6199E-03
  8.1919E-02  1.1963E-01  7.9878E+00  2.7636E-01  7.6911E-03
  1.4607E+00  1.5702E-01  7.7797E+00  2.7464E-01  7.8365E-03
 -1.3122E+00 -9.6896E-02  7.7342E+00  2.7291E-01  7.9860E-03
  9.6303E-01  2.1039E-01  7.3855E+00  2.6335E-01  8.8882E-03
 -1.5371E+00  3.3404E-01  6.9782E+00  2.5601E-01  9.6746E-03
 -1.9495E+00  1.8406E-01  6.7688E+00  2.5335E-01  9.9827E-03
  2.0455E+00  3.0646E-01  6.4875E+00  2.4739E-01  1.0721E-02
 -6.0854E-01  2.1512E-02  6.6988E+00  2.4530E-01  1.0998E-02
 -1.9351E+00  1.2440E-01  6.2927E+00  2.4169E-01  1.1499E-02
 -9.0494E-01  3.2467E-01  6.4425E+00  2.3987E-01  1.1761E-02
 -1.0565E+00  2.6527E-01  6.3504E+00  2.3805E-01  1.2033E-02
  2.6196E-01  1.2246E-01  6.4367E+00  2.3805E-01  1.2033E-02
 -1.1482E+00 -2.9436E-01  6.2254E+00  2.3532E-01  1.2458E-02
  1.1161E-01  2.5334E-01  6.3311E+00  2.3532E-01  1.2458E-02
  9.5402E-01  2.5274E-02  6.0510E+00  2.2981E-01  1.3376E-02
 -1.5353E+00  1.4996E-02  5.8818E+00  2.2857E-01  1.3593E-02
  4.6763E-01  1.6917E-01  6.0468E+00  2.2827E-01  1.3648E-02
 -1.6765E+00 -3.1134E-02  5.8187E+00  2.2796E-01  1.3704E-02
 -1.4697E+00 -2.0276E-01  5.8709E+00  2.2796E-01  1.3704E-02
  6.5090E-01  2.9714E-01  5.6132E+00  2.1738E-01  1.5803E-02
  1.3859E-02  1.8400E-02  5.4613E+00  2.1202E-01  1.7032E-02
  2.2193E-01  1.0935E-01  5.4441E+00  2.1170E-01  1.7109E-02
  1.5866E+00  2.9758E-01  5.2052E+00  2.1170E-01  1.7109E-02
  1.1085E+00 -2.6880E-01  5.2817E+00  2.1044E-01  1.7420E-02
  6.6582E-01  5.9416E-02  5.3386E+00  2.0980E-01  1.7579E-02
 -1.5414E+00 -1.5540E-01  5.0921E+00  2.0821E-01  1.7985E-02
  1.2445E+00 -1.4444E-01  5.1611E+00  2.0789E-01  1.8068E-02
 -8.3444E-01  7.5205E-03  5.0116E+00  2.0148E-01  1.9848E-02
 -1.7687E+00 -8.4537E-02  4.7375E+00  2.0083E-01  2.0040E-02
 -1.6112E+00 -1.8311E-01  4.7664E+00  2.0019E-01  2.0234E-02
 -1.8395E+00 -4.3922E-03  4.6866E+00  2.0019E-01  2.0234E-02
 -1.2813E+00 -1.5826E-01  4.7358E+00  1.9662E-01  2.1355E-02
  1.4968E+00  2.6911E-01  4.3666E+00  1.8844E-01  2.4258E-02
  6.1707E-03 -1.0627E-01  4.6113E+00  1.8811E-01  2.4386E-02
 -3.5212E-02 -3.5249E-02  4.3974E+00  1.8181E-01  2.7010E-02
 -3.1400E-01  2.0193E-02  4.3638E+00  1.8115E-01  2.7309E-02
 -1.4979E+00 -2.5540E-01  3.9948E+00  1.7813E-01  2.8718E-02
  2.6944E-01  2.1595E-01  4.2263E+00  1.7713E-01  2.9211E-02
 -1.7285E+00 -9.4991E-02  3.8587E+00  1.7679E-01  2.9378E-02
 -1.8052E+00 -2.6758E-02  3.7873E+00  1.7578E-01  2.9887E-02
 -1.4560E+00 -1.2364E-02  3.9348E+00  1.7578E-01  2.9887E-02
  8.7780E-01  2.4630E-01  3.9809E+00  1.7240E-01  3.1679E-02
  1.6381E-01 -1.2266E-01  4.0454E+00  1.7139E-01  3.2247E-02
  1.4418E+00 -2.3266E-01  3.7662E+00  1.7105E-01  3.2439E-02
  1.6239E+00 -2.1422E-01  3.6681E+00  1.7037E-01  3.2829E-02
  1.7772E+00  1.0657E-02  3.5655E+00  1.6934E-01  3.3426E-02
  1.0682E+00  9.2530E-02  3.8369E+00  1.6934E-01  3.3426E-02
  1.7034E+00 -1.8439E-01  3.5598E+00  1.6832E-01  3.4039E-02
  1.7458E+00  2.5738E-01  3.5222E+00  1.6798E-01  3.4247E-02
  1.9426E+00  4.9135E-02  3.2739E+00  1.6387E-01  3.6891E-02
  1.4407E+00 -1.8523E-01  3.4834E+00  1.6283E-01  3.7598E-02
 -7.1886E-01  5.1550E-02  3.6823E+00  1.6215E-01  3.8079E-02
 -1.1701E+00  1.3699E-01  3.5046E+00  1.6042E-01  3.9323E-02
 -1.8233E+00 -4.5039E-02  3.2036E+00  1.6007E-01  3.9579E-02
 -6.2595E-01  2.0981E-01  3.6157E+00  1.5973E-01  3.9837E-02
 -2.2404E-01  1.4088E-01  3.5130E+00  1.5486E-01  4.3715E-02
  7.3513E-02 -1.0005E-01  3.5208E+00  1.5486E-01  4.3715E-02
  1.4404E+00 -9.1310E-02  3.1900E+00  1.5416E-01  4.4312E-02
 -1.3536E-01  1.9995E-01  3.4604E+00  1.5311E-01  4.5230E-02
 -1.3628E+00 -1.8601E-01  3.1727E+00  1.5276E-01  4.5542E-02
  1.6969E-01  5.4694E-02  3.4426E+00  1.5240E-01  4.5858E-02
  7.4144E-02  2.3737E-01  3.3734E+00  1.5030E-01  4.7815E-02
  7.2684E-01 -4.9807E-02  3.2481E+00  1.4853E-01  4.9538E-02
 -1.6967E+00  1.0828E-01  2.8619E+00  1.4853E-01  4.9538E-02
  5.6657E-01 -7.0835E-02  3.2252E+00  1.4676E-01  5.1350E-02
  1.7872E+00 -1.4273E-01  2.7027E+00  1.4570E-01  5.2483E-02
  2.4944E-01 -2.0992E-01  3.2162E+00  1.4535E-01  5.2868E-02
 -1.1152E+00  1.5945E-01  3.0187E+00  1.4499E-01  5.3258E-02
  9.5877E-01 -9.8474E-03  2.9537E+00  1.4107E-01  5.7823E-02
  1.3101E+00 -3.1282E-02  2.6873E+00  1.3712E-01  6.2960E-02
  1.2925E+00  1.1404E-01  2.6704E+00  1.3640E-01  6.3962E-02
  1.3727E+00  1.6051E-01  2.6159E+00  1.3604E-01  6.4472E-02
 -7.4564E-01 -1.9279E-01  2.7596E+00  1.3279E-01  6.9327E-02
  1.8713E+00 -1.2376E-01  2.1385E+00  1.3207E-01  7.0476E-02
 -1.7226E+00  1.4249E-01  2.2460E+00  1.3170E-01  7.1060E-02
 -9.8890E-01 -1.1884E-01  2.6203E+00  1.3061E-01  7.2853E-02
  1.8200E+00 -6.3881E-02  2.0495E+00  1.2843E-01  7.6636E-02
 -6.6353E-01 -1.8041E-01  2.6330E+00  1.2770E-01  7.7958E-02
  1.6305E+00  1.6320E-02  2.1787E+00  1.2770E-01  7.7958E-02
 -1.2211E+00 -7.1524E-03  2.3863E+00  1.2623E-01  8.0699E-02
 -1.0783E+00  2.1197E-01  2.4116E+00  1.2514E-01  8.2844E-02
 -1.2765E+00 -1.7546E-02  2.3109E+00  1.2477E-01  8.3577E-02
 -1.8004E+00  2.0780E-01 -1.9058E+00  1.2440E-01  8.4318E-02
  1.2132E+00  1.5420E-01  2.3170E+00  1.2403E-01  8.5069E-02
 -1.3603E+00  7.1722E-02  2.2379E+00  1.2403E-01  8.5069E-02
  9.1751E-01 -1.9914E-01  2.4459E+00  1.2403E-01  8.5069E-02
 -1.8051E+00 -1.0456E-01 -1.8680E+00  1.2330E-01  8.6599E-02
  1.1463E+00 -8.7463E-02  2.3318E+00  1.2330E-01  8.6599E-02
  1.5463E+00 -1.6897E-01  2.0076E+00  1.2109E-01  9.1425E-02
 -1.6508E+00 -1.4217E-01 -1.8719E+00  1.1961E-01  9.4853E-02
 -3.8891E-01 -6.7901E-02  2.4384E+00  1.1851E-01  9.7542E-02
  6.5440E-02  1.0609E-01  2.4472E+00  1.1776E-01  9.9393E-02
 -7.2947E-01  8.7690E-03  2.3393E+00  1.1776E-01  9.9393E-02
 -1.4563E+00 -1.1652E-01  1.9549E+00  1.1739E-01  1.0034E-01
 -1.7317E+00 -1.3200E-01  1.7006E+00  1.1702E-01  1.0129E-01
  2.3785E-01 -1.5876E-02  2.3992E+00  1.1628E-01  1.0324E-01
  5.1588E-01 -1.5010E-01  2.3203E+00  1.1517E-01  1.0627E-01
 -9.0272E-01 -1.7698E-01  2.1969E+00  1.1517E-01  1.0627E-01
  1.8715E+00 -1.4427E-01 -1.4501E+00  1.1480E-01  1.0731E-01
 -1.5480E+00 -2.0879E-01 -1.7720E+00  1.1442E-01  1.0836E-01
 -9.5954E-01  1.1154E-01  2.1450E+00  1.1405E-01  1.0942E-01
 -1.3790E+00  1.9639E-01  1.8716E+00  1.1331E-01  1.1159E-01
  8.9197E-01 -1.4218E-01  2.1301E+00  1.1256E-01  1.1382E-01
  1.0545E+00 -1.6890E-02  2.0486E+00  1.1219E-01  1.1496E-01
 -1.5248E+00  1.9582E-02 -1.7143E+00  1.1182E-01  1.1612E-01
 -1.8646E+00  1.3577E-01  1.2456E+00  1.0995E-01  1.2214E-01
  9.6896E-01 -4.9899E-02  2.0156E+00  1.0957E-01  1.2339E-01
 -1.9038E+00  1.5902E-01  1.1452E+00  1.0920E-01  1.2466E-01
 -9.3139E-01 -1.4572E-01  2.0076E+00  1.0882E-01  1.2596E-01
 -1.2081E+00 -1.9236E-01 -1.8159E+00  1.0770E-01  1.2994E-01
  1.7239E+00  1.5345E-01 -1.3100E+00  1.0695E-01  1.3269E-01
 -1.1182E+00 -1.6044E-01 -1.8535E+00  1.0695E-01  1.3269E-01
 -2.9579E-01  1.0598E-01  2.1478E+00  1.0695E-01  1.3269E-01
 -1.6073E+00 -6.3362E-02  1.4294E+00  1.0620E-01  1.3553E-01
 -1.8794E+00 -3.2037E-02  1.0476E+00  1.0620E-01  1.3553E-01
  1.8244E+00  1.1509E-01 -1.1174E+00  1.0582E-01  1.3698E-01
  1.3786E+00  9.5998E-02 -1.6004E+00  1.0470E-01  1.4145E-01
  1.7159E+00 -1.1401E-01  1.1818E+00  1.0357E-01  1.4613E-01
  1.6413E-01 -1.3842E-01  2.0663E+00  1.0319E-01  1.4773E-01
  8.2191E-01 -5.5357E-02  1.8971E+00  1.0281E-01  1.4936E-01
 -1.7489E+00  1.3262E-01  1.0785E+00  1.0244E-01  1.5102E-01
  9.3421E-01 -1.8249E-01  1.8154E+00  1.0206E-01  1.5269E-01
  2.1863E-01  9.7233E-02  2.0358E+00  1.0206E-01  1.5269E-01
 -9.7358E-01  1.9041E-01  1.7833E+00  1.0168E-01  1.5440E-01
  1.2801E+00  3.1844E-02 -1.5536E+00  1.0055E-01  1.5967E-01
  8.4621E-01  5.6992E-02  1.8159E+00  1.0017E-01  1.6148E-01
  1.4132E+00  1.4829E-01  1.4134E+00  1.0017E-01  1.6148E-01
  1.4015E+00  7.3382E-03  1.4072E+00  9.9419E-02  1.6519E-01
 -1.0972E+00  8.6406E-02  1.6424E+00  9.9041E-02  1.6709E-01
  1.4253E+00 -7.9886E-02 -1.3679E+00  9.9041E-02  1.6709E-01
  1.8891E+00 -1.3114E-01 -5.6828E-01  9.9041E-02  1.6709E-01
 -1.7514E+00 -7.7141E-02  8.9431E-01  9.8663E-02  1.6902E-01
 -1.6771E+00 -1.8616E-01 -9.9531E-01  9.8285E-02  1.7098E-01
  6.5524E-01 -8.2489E-02  1.8349E+00  9.7907E-02  1.7297E-01
 -8.7250E-01  3.0872E-02 -1.7338E+00  9.7529E-02  1.7499E-01
  1.8151E+00 -1.1288E-01 -6.7900E-01  9.7529E-02  1.7499E-01
  1.8322E+00 -6.4005E-03 -6.1371E-01  9.7150E-02  1.7704E-01
  3.4159E-01  1.5405E-01 -1.8865E+00  9.6772E-02  1.7912E-01
 -1.8892E+00 -8.1027E-02  3.5165E-01  9.6772E-02  1.7912E-01
 -3.1075E-01  9.5321E-02 -1.8957E+00  9.6772E-02  1.7912E-01
  1.8537E+00  6.7464E-02 -5.0858E-01  9.6772E-02  1.7912E-01
 -1.6739E+00  4.4030E-03 -9.2924E-01  9.6393E-02  1.8124E-01
 -3.9692E-01 -1.5228E-01  1.8667E+00  9.6393E-02  1.8124E-01
  6.1912E-01  1.5750E-02 -1.8116E+00  9.6393E-02  1.8124E-01
 -6.9900E-01  7.7665E-02  1.7807E+00  9.6393E-02  1.8124E-01
  3.2563E-01 -2.9538E-02  1.8595E+00  9.5257E-02  1.8781E-01
 -1.8864E+00 -7.0461E-02  3.3450E-02  9.5257E-02  1.8781E-01
  1.4182E+00  1.8700E-02  1.2462E+00  9.5257E-02  1.8781E-01
  1.7147E+00  1.8134E-01  7.4729E-01  9.4878E-02  1.9007E-01
 -1.8633E+00  1.2684E-01 -2.0854E-01  9.4878E-02  1.9007E-01
  1.8398E+00  1.6975E-01  3.4349E-01  9.4878E-02  1.9007E-01
 -1.5155E+00  3.3076E-02  1.0809E+00  9.4120E-02  1.9470E-01
  1.7545E+00  1.7144E-01 -5.7103E-01  9.3741E-02  1.9707E-01
  1.4803E+00  1.5595E-01 -1.1037E+00  9.3741E-02  1.9707E-01
 -1.0536E+00 -1.5522E-01 -1.5059E+00  9.3361E-02  1.9948E-01
  1.4707E+00  6.4109E-02 -1.0822E+00  9.2603E-02  2.0443E-01
 -1.3821E+00 -1.1331E-01  1.1896E+00  9.2603E-02  2.0443E-01
 -6.0096E-01  1.5517E-01 -1.7184E+00  9.2603E-02  2.0443E-01
  2.6072E-01 -1.5898E-01 -1.8014E+00  9.2603E-02  2.0443E-01
 -1.1013E+00 -1.6455E-02 -1.4470E+00  9.2223E-02  2.0696E-01
 -1.7665E+00  1.0332E-01  4.1901E-01  9.2223E-02  2.0696E-01
  1.8067E+00  1.0525E-01  1.8364E-02  9.1844E-02  2.0954E-01
  2.8460E-01 -8.3488E-02  1.7854E+00  9.1844E-02  2.0954E-01
  1.8060E+00 -1.1064E-01  4.0718E-02  9.1844E-02  2.0954E-01
 -1.5938E+00 -1.4583E-01 -8.0786E-01  9.1084E-02  2.1482E-01
 -1.7714E+00 -8.7515E-02 -1.9530E-01  9.0704E-02  2.1753E-01
  9.4839E-01 -5.8807E-02  1.5002E+00  9.0325E-02  2.2029E-01
 -9.9912E-01  1.3498E-02  1.4680E+00  9.0325E-02  2.2029E-01
  1.7111E+00 -1.0403E-01 -4.6353E-01  9.0325E-02  2.2029E-01
 -1.3925E+00 -2.1974E-02 -1.1018E+00  9.0325E-02  2.2029E-01
 -1.6012E+00  6.4959E-02  7.6503E-01  9.0325E-02  2.2029E-01
  1.1585E+00  1.7062E-01 -1.3237E+00  8.9945E-02  2.2309E-01
 -1.7251E+00 -5.3427E-02  3.3885E-01  8.9565E-02  2.2594E-01
 -7.0411E-01  1.1985E-01  1.6074E+00  8.9565E-02  2.2594E-01
  1.2230E+00  2.0237E-02  1.2523E+00  8.9185E-02  2.2884E-01
  1.7254E+00 -1.7322E-01 -2.3896E-01  8.9185E-02  2.2884E-01
 -1.1366E+00  1.3887E-01 -1.3129E+00  8.8805E-02  2.3179E-01
 -3.3496E-01 -1.4241E-01 -1.7037E+00  8.8805E-02  2.3179E-01
 -3.6345E-01 -1.6015E-01  1.6877E+00  8.8425E-02  2.3479E-01
  1.2417E+00  1.4635E-01  1.1890E+00  8.8044E-02  2.3785E-01
 -1.4956E+00  1.0793E-01  8.5360E-01  8.8044E-02  2.3785E-01
  7.5006E-02 -1.0515E-02 -1.7155E+00  8.7664E-02  2.4095E-01
  1.4765E+00  1.1323E-01 -8.6932E-01  8.7664E-02  2.4095E-01
  1.2495E+00  5.6539E-02 -1.1644E+00  8.7284E-02  2.4412E-01
 -1.1788E+00 -2.3777E-02 -1.2370E+00  8.7284E-02  2.4412E-01
 -1.1384E+00 -1.8245E-01 -1.2502E+00  8.6904E-02  2.4734E-01
  5.4728E-01  1.7027E-01 -1.6011E+00  8.6904E-02  2.4734E-01
  1.4530E-01  1.7555E-01 -1.6770E+00  8.6524E-02  2.5061E-01
 -1.3130E+00  1.1139E-01  1.0621E+00  8.6524E-02  2.5061E-01
 -1.6571E+00  1.8451E-01 -2.9023E-01  8.6524E-02  2.5061E-01
 -3.1304E-01  2.4969E-02  1.6630E+00  8.6524E-02  2.5061E-01
 -8.4073E-01  1.7978E-01 -1.4483E+00  8.6143E-02  2.5395E-01
 -1.5946E+00  1.1810E-01  4.4540E-01  8.5002E-02  2.6431E-01
 -1.5368E+00  1.8270E-01 -5.7742E-01  8.4622E-02  2.6789E-01
 -3.4961E-01  2.1134E-02 -1.6142E+00  8.4622E-02  2.6789E-01
 -2.4590E-01 -6.7695E-02 -1.6238E+00  8.4241E-02  2.7154E-01
 -1.4281E+00 -6.5044E-02  8.1133E-01  8.4241E-02  2.7154E-01
 -1.0210E-01  4.9325E-02  1.6398E+00  8.4241E-02  2.7154E-01
  2.2869E-01  1.0843E-01 -1.6242E+00  8.4241E-02  2.7154E-01
  1.4378E+00  1.3552E-01  7.6817E-01  8.3861E-02  2.7525E-01
 -1.4137E+00  1.1026E-01  8.1553E-01  8.3861E-02  2.7525E-01
  9.2626E-02  1.6813E-02 -1.6330E+00  8.3861E-02  2.7525E-01
 -5.1249E-01  4.8198E-02  1.5442E+00  8.3480E-02  2.7903E-01
 -1.2458E+00  1.7409E-01 -1.0331E+00  8.3480E-02  2.7903E-01
 -2.2493E-01  1.6524E-01  1.6037E+00  8.3480E-02  2.7903E-01
 -1.5047E+00 -1.3790E-01  6.0551E-01  8.3480E-02  2.7903E-01
 -8.4368E-02  1.0720E-01  1.6220E+00  8.3480E-02  2.7903E-01
  9.5519E-01 -3.5468E-02 -1.2979E+00  8.2719E-02  2.8681E-01
 -1.1511E+00 -1.6119E-01 -1.1054E+00  8.2338E-02  2.9080E-01
 -8.4856E-01  8.0510E-02 -1.3495E+00  8.1958E-02  2.9487E-01
 -4.4335E-01 -4.9305E-02  1.5244E+00  8.1577E-02  2.9902E-01
 -1.2104E+00  1.0056E-01  9.9932E-01  8.0816E-02  3.0755E-01
  1.4929E+00 -6.6935E-02  4.9054E-01  8.0816E-02  3.0755E-01
 -8.8076E-01 -1.3803E-01  1.2864E+00  8.0435E-02  3.1193E-01
  1.1861E+00 -2.5765E-02  1.0209E+00  8.0435E-02  3.1193E-01
  1.3145E+00  1.7365E-01  8.1702E-01  8.0055E-02  3.1640E-01
 -1.2117E+00  1.0931E-01  9.7236E-01  8.0055E-02  3.1640E-01
 -1.0647E-01  9.0566E-03  1.5538E+00  8.0055E-02  3.1640E-01
  1.5317E+00  1.0945E-01 -2.0895E-01  7.9674E-02  3.2096E-01
  6.3629E-01 -1.2848E-01  1.4073E+00  7.9674E-02  3.2096E-01
 -9.7670E-01  1.4011E-01 -1.1852E+00  7.9293E-02  3.2561E-01
 -1.4886E+00  1.6520E-01  3.6743E-01  7.9293E-02  3.2561E-01
  1.1899E+00 -1.8132E-01 -9.6412E-01  7.9293E-02  3.2561E-01
  1.3937E+00  1.2127E-01  6.4900E-01  7.9293E-02  3.2561E-01
  3.7089E-01 -1.7254E-01 -1.4791E+00  7.8913E-02  3.3034E-01
  1.3245E+00 -7.4065E-02 -7.7151E-01  7.8913E-02  3.3034E-01
 -1.4444E+00  3.4553E-02  5.1722E-01  7.8913E-02  3.3034E-01
  9.8935E-01 -6.5947E-02  1.1712E+00  7.8913E-02  3.3034E-01
  8.7574E-02 -1.2472E-01  1.5270E+00  7.8913E-02  3.3034E-01
  1.5048E+00 -5.6822E-02 -2.9536E-01  7.8913E-02  3.3034E-01
  3.5676E-01  9.5188E-02  1.4817E+00  7.8532E-02  3.3517E-01
 -1.0006E-01 -1.5262E-02 -1.5237E+00  7.8532E-02  3.3517E-01
 -1.2925E+00  7.1183E-02 -8.1002E-01  7.8532E-02  3.3517E-01
 -1.2825E+00  1.7971E-01 -7.9496E-01  7.8152E-02  3.4009E-01
 -1.5097E+00 -6.5680E-02  1.5926E-01  7.8152E-02  3.4009E-01
 -3.6671E-01 -1.3850E-01 -1.4681E+00  7.8152E-02  3.4009E-01
 -3.7274E-01  2.4927E-02  1.4652E+00  7.7771E-02  3.4511E-01
  1.4378E+00 -6.5840E-02 -4.6339E-01  7.7771E-02  3.4511E-01
 -5.3025E-01 -1.5585E-01  1.3915E+00  7.7010E-02  3.5544E-01
  9.0487E-02 -1.0316E-01 -1.4909E+00  7.7010E-02  3.5544E-01
  1.4253E+00 -3.7750E-06 -4.5843E-01  7.7010E-02  3.5544E-01
  1.1141E+00  1.0277E-01  9.9485E-01  7.7010E-02  3.5544E-01
 -1.0471E+00  1.5645E-01 -1.0482E+00  7.6629E-02  3.6076E-01
  1.2357E+00 -1.1598E-01  8.2418E-01  7.6629E-02  3.6076E-01
  7.0338E-01 -1.4011E-01 -1.3058E+00  7.6629E-02  3.6076E-01
 -6.0215E-02 -5.1122E-02 -1.4877E+00  7.6629E-02  3.6076E-01
 -1.5198E-01  1.2319E-01 -1.4695E+00  7.6248E-02  3.6619E-01
 -1.4736E+00  1.3488E-01 -8.9652E-02  7.6248E-02  3.6619E-01
 -5.6521E-01 -1.0856E-01 -1.3662E+00  7.6248E-02  3.6619E-01
  3.0915E-02  2.8503E-02  1.4746E+00  7.5868E-02  3.7173E-01
  8.5429E-01  1.1878E-01 -1.1968E+00  7.5868E-02  3.7173E-01
 -1.4665E+00 -9.1373E-02  1.3133E-01  7.5868E-02  3.7173E-01
  3.8944E-01 -1.7368E-01 -1.4122E+00  7.5868E-02  3.7173E-01
 -1.3938E+00  7.5032E-02  4.7729E-01  7.5868E-02  3.7173E-01
 -6.6396E-01 -1.3489E-01  1.3022E+00  7.5487E-02  3.7739E-01
 -1.2983E+00  1.1721E-01 -6.5902E-01  7.5106E-02  3.8315E-01
 -5.4107E-01 -8.1766E-02  1.3466E+00  7.4726E-02  3.8904E-01
  1.1496E+00 -5.5753E-02 -8.8776E-01  7.4726E-02  3.8904E-01
  1.3814E-01 -1.7099E-01  1.4368E+00  7.4726E-02  3.8904E-01
 -1.0612E+00 -1.7667E-02  9.8272E-01  7.4345E-02  3.9504E-01
  2.8132E-01 -1.2680E-02  1.4187E+00  7.4345E-02  3.9504E-01
  1.4214E+00  6.2227E-02  2.6047E-01  7.4345E-02  3.9504E-01
 -9.8465E-01  1.2687E-01 -1.0519E+00  7.4345E-02  3.9504E-01
  9.3537E-01 -6.1939E-02  1.0829E+00  7.3584E-02  4.0743E-01
 -1.4029E+00 -1.5745E-01 -2.4188E-01  7.3584E-02  4.0743E-01
  1.0219E+00  1.4974E-01 -9.9227E-01  7.3584E-02  4.0743E-01
  1.1068E+00 -3.1724E-02 -8.9740E-01  7.3203E-02  4.1382E-01
 -1.4419E-01 -1.3679E-01  1.4042E+00  7.2822E-02  4.2035E-01
 -1.2786E+00 -1.0077E-01  5.8896E-01  7.2442E-02  4.2701E-01
  6.8247E-02 -1.7364E-02 -1.4095E+00  7.2442E-02  4.2701E-01
  7.4190E-01 -5.6209E-02  1.1993E+00  7.2442E-02  4.2701E-01
  1.0872E+00 -5.3562E-02 -8.8737E-01  7.2061E-02  4.3381E-01
 -1.3636E+00 -9.2303E-03  3.3603E-01  7.2061E-02  4.3381E-01
  1.3807E+00 -1.1359E-01  2.3026E-01  7.2061E-02  4.3381E-01
 -3.3860E-01 -1.7702E-01  1.3443E+00  7.1680E-02  4.4076E-01
 -4.7387E-01 -1.8431E-01  1.3018E+00  7.1680E-02  4.4076E-01
  1.3016E+00 -8.7291E-02 -4.8202E-01  7.1300E-02  4.4786E-01
 -1.3715E+00 -1.6828E-01  1.5787E-01  7.1300E-02  4.4786E-01
 -1.3661E+00 -1.6635E-01  2.0036E-01  7.1300E-02  4.4786E-01
  1.3863E+00 -4.9946E-02 -9.8971E-02  7.1300E-02  4.4786E-01
  1.0744E+00 -1.3493E-01  8.6183E-01  7.0919E-02  4.5511E-01
  8.2973E-01 -6.3591E-02 -1.0974E+00  7.0538E-02  4.6253E-01
  1.3008E+00 -1.7967E-01  4.1525E-01  7.0538E-02  4.6253E-01
 -1.3177E+00 -1.6614E-01 -3.6448E-01  7.0538E-02  4.6253E-01
  4.6586E-02  9.1583E-02 -1.3667E+00  7.0157E-02  4.7010E-01
 -1.3608E+00 -8.8205E-02 -2.7598E-02  6.9776E-02  4.7784E-01
  5.3803E-01 -2.6740E-02  1.2530E+00  6.9776E-02  4.7784E-01
  8.8248E-01 -1.4818E-02 -1.0398E+00  6.9776E-02  4.7784E-01
  1.0785E+00  3.6802E-02 -8.3415E-01  6.9776E-02  4.7784E-01
  1.2035E+00 -5.6674E-02 -6.3929E-01  6.9776E-02  4.7784E-01
 -1.2492E+00 -9.4069E-02 -5.3925E-01  6.9776E-02  4.7784E-01
 -1.2253E+00  1.5215E-02 -5.8375E-01  6.9395E-02  4.8575E-01
  1.0971E+00  9.6028E-03 -7.8785E-01  6.9014E-02  4.9384E-01
  6.2131E-02  3.5388E-02  1.3489E+00  6.9014E-02  4.9384E-01
 -1.2425E+00 -1.3150E-02  5.2960E-01  6.9014E-02  4.9384E-01
  5.3410E-01 -9.1292E-02  1.2373E+00  6.9014E-02  4.9384E-01
  1.1308E+00 -2.8352E-02 -7.3822E-01  6.9014E-02  4.9384E-01
  9.4370E-01 -1.2422E-01 -9.4920E-01  6.8633E-02  5.0211E-01
 -1.3066E+00  1.4040E-01 -2.8315E-01  6.8633E-02  5.0211E-01
  1.3242E+00  1.7454E-01 -7.6006E-02  6.8252E-02  5.1057E-01
 -1.3304E+00  1.4033E-01 -8.0535E-03  6.8252E-02  5.1057E-01
 -7.3012E-01 -5.9105E-02 -1.1117E+00  6.7871E-02  5.1923E-01
 -1.2786E+00 -1.8065E-01 -3.2430E-01  6.7871E-02  5.1923E-01
 -7.1496E-01 -1.5811E-01  1.1043E+00  6.7489E-02  5.2808E-01
 -2.9556E-01  1.7316E-01 -1.2734E+00  6.7108E-02  5.3713E-01
 -9.5886E-01 -7.7213E-02 -8.9274E-01  6.6726E-02  5.4640E-01
 -9.8611E-01 -1.5799E-01 -8.4183E-01  6.6345E-02  5.5588E-01
  1.2184E+00 -5.4269E-02  4.6768E-01  6.6345E-02  5.5588E-01
  8.8544E-01 -1.2582E-01  9.5195E-01  6.6345E-02  5.5588E-01
  1.9872E-01  1.3759E-01 -1.2773E+00  6.5963E-02  5.6559E-01
  1.8245E-02 -3.2696E-02 -1.2994E+00  6.5963E-02  5.6559E-01
 -1.2408E+00  1.3753E-01 -3.4003E-01  6.5581E-02  5.7553E-01
 -1.2157E+00 -1.1478E-01 -4.2776E-01  6.5581E-02  5.7553E-01
  3.6083E-01  1.4071E-01  1.2345E+00  6.5581E-02  5.7553E-01
  9.6809E-01  1.1607E-01 -8.4122E-01  6.5199E-02  5.8571E-01
 -1.0231E+00 -1.0150E-01 -7.7538E-01  6.5199E-02  5.8571E-01
  9.4758E-01 -2.4052E-02  8.7169E-01  6.5199E-02  5.8571E-01
 -5.8138E-01  1.3728E-01 -1.1340E+00  6.4817E-02  5.9614E-01
 -8.9517E-01 -1.3220E-01  9.0775E-01  6.4817E-02  5.9614E-01
 -1.1666E+00 -7.5833E-02  5.1077E-01  6.4434E-02  6.0681E-01
 -1.2580E+00  1.3312E-01 -1.0965E-01  6.4051E-02  6.1776E-01
  1.1579E+00 -1.5711E-01 -4.9707E-01  6.4051E-02  6.1776E-01
  7.0134E-01  9.5591E-02  1.0542E+00  6.4051E-02  6.1776E-01
 -1.7206E-01 -1.2012E-01  1.2464E+00  6.3669E-02  6.2897E-01
 -1.1684E+00 -1.2278E-01  4.6622E-01  6.3669E-02  6.2897E-01
 -6.7148E-01 -8.0943E-02  1.0608E+00  6.3285E-02  6.4046E-01
 -6.3779E-01 -3.4795E-02 -1.0839E+00  6.3285E-02  6.4046E-01
 -9.0744E-01  1.7459E-01  8.5374E-01  6.3285E-02  6.4046E-01
 -9.1292E-01 -2.6770E-02 -8.5682E-01  6.2902E-02  6.5224E-01
 -6.3661E-01 -8.6326E-02  1.0750E+00  6.2902E-02  6.5224E-01
  8.3118E-01  3.0502E-02 -9.3622E-01  6.2902E-02  6.5224E-01
  8.3041E-01  6.7805E-03  9.2970E-01  6.2518E-02  6.6433E-01
  1.1632E+00  9.6710E-02 -4.3772E-01  6.2518E-02  6.6433E-01
  9.3220E-01  1.6809E-01 -8.0163E-01  6.2134E-02  6.7672E-01
 -4.5734E-01 -1.4837E-01 -1.1440E+00  6.2134E-02  6.7672E-01
  1.2101E+00  9.3235E-02 -2.5862E-01  6.2134E-02  6.7672E-01
  4.0823E-01  7.3553E-03 -1.1718E+00  6.2134E-02  6.7672E-01
  1.0195E-02  3.5441E-02 -1.2404E+00  6.2134E-02  6.7672E-01
 -3.2506E-01  1.8583E-01  1.1831E+00  6.2134E-02  6.7672E-01
  8.3823E-01  1.8374E-01 -8.8857E-01  6.1750E-02  6.8943E-01
  1.2228E+00 -8.6503E-02 -1.5252E-01  6.1750E-02  6.8943E-01
 -9.7868E-01  8.1511E-02 -7.4932E-01  6.1750E-02  6.8943E-01
  1.8935E-01 -7.6404E-02 -1.2127E+00  6.1365E-02  7.0248E-01
 -8.8332E-01 -1.1743E-01  8.4745E-01  6.1365E-02  7.0248E-01
 -1.2149E+00 -1.4437E-01  1.2360E-01  6.1365E-02  7.0248E-01
 -1.0999E+00 -4.4121E-02 -5.4811E-01  6.1365E-02  7.0248E-01
  1.2161E+00 -1.8236E-01  3.6287E-03  6.1365E-02  7.0248E-01
 -1.1571E+00 -7.9940E-02  4.0848E-01  6.1365E-02  7.0248E-01
 -1.0596E+00  4.1444E-02 -6.2277E-01  6.1365E-02  7.0248E-01
  8.7576E-01 -1.5959E-02  8.5527E-01  6.0980E-02  7.1587E-01
 -4.7823E-01 -7.2415E-02  1.1246E+00  6.0980E-02  7.1587E-01
  3.4996E-01 -1.1518E-01 -1.1675E+00  6.0980E-02  7.1587E-01
  9.8661E-01 -2.3639E-02 -7.1512E-01  6.0595E-02  7.2962E-01
  8.3300E-01  5.0327E-02  8.8822E-01  6.0595E-02  7.2962E-01
 -7.0390E-01 -1.7569E-01  9.7929E-01  6.0595E-02  7.2962E-01
  1.1979E+00 -1.5097E-01 -1.2021E-01  6.0209E-02  7.4374E-01
 -8.1659E-01  9.0372E-02 -8.9288E-01  6.0209E-02  7.4374E-01
 -1.0257E+00  1.4719E-01 -6.2088E-01  5.9822E-02  7.5825E-01
  6.6882E-01  1.5014E-01 -9.9469E-01  5.9822E-02  7.5825E-01
  1.1582E+00 -6.3883E-02  3.3743E-01  5.9822E-02  7.5825E-01
 -4.4900E-02  8.0748E-03 -1.2018E+00  5.9436E-02  7.7315E-01
  4.9454E-01 -1.7358E-02 -1.0905E+00  5.9048E-02  7.8847E-01
 -1.0148E+00 -1.4435E-01  6.1917E-01  5.9048E-02  7.8847E-01
  4.0166E-01  1.5006E-01  1.1181E+00  5.9048E-02  7.8847E-01
 -1.1669E+00  1.1416E-01 -2.4322E-01  5.9048E-02  7.8847E-01
 -6.1752E-01 -1.6373E-01 -1.0128E+00  5.9048E-02  7.8847E-01
 -8.9570E-01  1.8206E-01  7.6562E-01  5.8660E-02  8.0422E-01
  1.1320E+00 -1.1267E-01  3.5706E-01  5.8660E-02  8.0422E-01
  8.8536E-01 -1.0637E-01 -7.9146E-01  5.8660E-02  8.0422E-01
  1.1679E+00  9.4638E-02  2.2071E-01  5.8660E-02  8.0422E-01
  2.9118E-01 -1.5977E-01 -1.1451E+00  5.8660E-02  8.0422E-01
 -8.0884E-01 -1.5007E-01  8.6304E-01  5.8660E-02  8.0422E-01
  7.8042E-01 -4.9197E-02 -8.9327E-01  5.8271E-02  8.2042E-01
 -1.1254E+00 -1.3053E-01 -3.3740E-01  5.7882E-02  8.3709E-01
 -1.1686E+00  3.1499E-02  1.7521E-01  5.7882E-02  8.3709E-01
 -4.1619E-01 -7.8146E-02  1.1037E+00  5.7882E-02  8.3709E-01
  7.0427E-01  1.3920E-01 -9.3287E-01  5.7492E-02  8.5424E-01
 -1.0316E+00 -1.3094E-01 -5.5169E-01  5.7492E-02  8.5424E-01
  4.3629E-01  1.5704E-01  1.0766E+00  5.7101E-02  8.7190E-01
 -8.5465E-01 -2.0572E-02  8.0197E-01  5.7101E-02  8.7190E-01
  5.7253E-01 -1.6811E-01  1.0089E+00  5.7101E-02  8.7190E-01
  7.3310E-01 -1.6118E-01  9.0033E-01  5.7101E-02  8.7190E-01
 -7.1328E-01  9.6893E-02  9.1892E-01  5.6710E-02  8.9009E-01
 -6.2789E-03  1.9639E-02  1.1671E+00  5.6710E-02  8.9009E-01
  4.7402E-01 -1.4396E-02  1.0613E+00  5.6317E-02  9.0882E-01
  8.2032E-01 -1.0486E-01 -8.1696E-01  5.6317E-02  9.0882E-01
 -1.0475E+00 -5.2075E-02  5.0143E-01  5.6317E-02  9.0882E-01
  1.1199E+00 -1.4768E-01  2.5369E-01  5.5924E-02  9.2814E-01
  5.2074E-01 -3.8801E-02 -1.0333E+00  5.5924E-02  9.2814E-01
  9.1769E-01  1.8025E-01  6.8239E-01  5.5924E-02  9.2814E-01
 -7.0396E-01  1.8136E-01  8.9498E-01  5.5530E-02  9.4805E-01
  6.4196E-01 -1.6787E-01  9.4294E-01  5.5530E-02  9.4805E-01
 -1.0650E+00  5.1609E-02  4.3889E-01  5.5530E-02  9.4805E-01
 -6.1244E-01  1.3979E-01 -9.6686E-01  5.5530E-02  9.4805E-01
 -9.0982E-01  6.1004E-02 -6.9805E-01  5.5134E-02  9.6859E-01
 -5.8329E-03  1.2608E-01  1.1368E+00  5.4738E-02  9.8980E-01
  1.1296E+00  1.1700E-01 -1.3656E-01  5.4738E-02  9.8980E-01
 -1.1026E+00 -1.5715E-01  2.4001E-01  5.4340E-02  1.0117E+00
  1.0417E-01 -1.8131E-01  1.1199E+00  5.4340E-02  1.0117E+00
 -4.7023E-01 -1.8097E-01 -1.0218E+00  5.4340E-02  1.0117E+00
  5.3126E-01 -2.8756E-02 -1.0074E+00  5.4340E-02  1.0117E+00
  2.2236E-01  2.9411E-02 -1.1170E+00  5.4340E-02  1.0117E+00
  1.0345E+00  7.3305E-02  4.7168E-01  5.4340E-02  1.0117E+00
  2.4881E-01  8.7708E-03 -1.1117E+00  5.4340E-02  1.0117E+00
 -1.1255E+00 -9.3874E-02  1.1059E-01  5.3941E-02  1.0343E+00
 -1.1336E+00 -1.6771E-02 -4.9435E-02  5.3941E-02  1.0343E+00
  5.6076E-01 -1.0042E-02 -9.8656E-01  5.3941E-02  1.0343E+00
  9.0108E-01 -1.5337E-01 -6.7260E-01  5.3941E-02  1.0343E+00
  5.3270E-01 -9.9405E-02 -9.9710E-01  5.3941E-02  1.0343E+00
 -1.0509E+00  1.2479E-01  4.0981E-01  5.3941E-02  1.0343E+00
  6.3301E-01 -1.0864E-01 -9.3028E-01  5.3541E-02  1.0577E+00
  1.0869E+00  6.5600E-02  3.0372E-01  5.3541E-02  1.0577E+00
 -5.7952E-01  1.6692E-01 -9.5614E-01  5.3541E-02  1.0577E+00
  6.9064E-02  3.8796E-02  1.1277E+00  5.3541E-02  1.0577E+00
  1.0622E+00 -7.1464E-02 -3.8030E-01  5.3541E-02  1.0577E+00
 -4.1769E-01 -4.4596E-02  1.0495E+00  5.3541E-02  1.0577E+00
  8.6049E-01  1.5326E-01 -7.1010E-01  5.3139E-02  1.0818E+00
  1.7604E-01 -1.8372E-01 -1.0970E+00  5.3139E-02  1.0818E+00
 -8.9589E-01 -2.7897E-02 -6.8174E-01  5.3139E-02  1.0818E+00
 -4.9333E-01 -1.5234E-01 -1.0008E+00  5.3139E-02  1.0818E+00
 -1.0928E+00 -1.4764E-01  2.2819E-01  5.3139E-02  1.0818E+00
  7.1149E-01  1.4548E-01  8.6069E-01  5.3139E-02  1.0818E+00
  8.5034E-01 -4.6230E-02 -7.3033E-01  5.2736E-02  1.1068E+00
  1.0747E-01  1.1776E-01  1.1105E+00  5.2736E-02  1.1068E+00
 -1.0997E+00 -1.6721E-01  1.4626E-01  5.2736E-02  1.1068E+00
  4.0313E-01  3.8753E-02 -1.0462E+00  5.2736E-02  1.1068E+00
  1.0899E+00  7.5625E-02  2.5495E-01  5.2736E-02  1.1068E+00
  6.0670E-01 -1.5149E-01  9.2638E-01  5.2331E-02  1.1327E+00
  1.0552E+00 -1.4494E-01 -3.3880E-01  5.2331E-02  1.1327E+00
 -1.0713E+00 -4.1047E-02  3.1609E-01  5.2331E-02  1.1327E+00
 -5.7341E-01 -3.3198E-02 -9.5880E-01  5.2331E-02  1.1327E+00
  9.3464E-01  2.1523E-05 -6.1291E-01  5.2331E-02  1.1327E+00
 -9.2753E-01  1.3108E-01  6.0209E-01  5.1925E-02  1.1595E+00
 -6.7391E-01 -1.3951E-01  8.7543E-01  5.1925E-02  1.1595E+00
  9.9258E-01  1.2063E-01  4.9013E-01  5.1925E-02  1.1595E+00
 -1.1047E+00  9.5347E-02  3.9572E-02  5.1516E-02  1.1873E+00
  4.0860E-01  1.2516E-01 -1.0239E+00  5.1516E-02  1.1873E+00
  4.8358E-01  5.1407E-02  9.9724E-01  5.1516E-02  1.1873E+00
 -1.5260E-01 -9.9346E-02  1.0904E+00  5.1106E-02  1.2161E+00
 -1.1040E+00  5.7114E-02 -4.2627E-03  5.1106E-02  1.2161E+00
 -6.0211E-01 -1.7308E-01 -9.1084E-01  5.1106E-02  1.2161E+00
 -6.4883E-01  9.0603E-02  8.8559E-01  5.0694E-02  1.2461E+00
  1.0503E+00  1.6466E-01 -2.8858E-01  5.0694E-02  1.2461E+00
 -1.0161E+00  5.2388E-02  4.1192E-01  5.0279E-02  1.2771E+00
  6.8815E-01 -1.3617E-01  8.4432E-01  5.0279E-02  1.2771E+00
 -1.0816E+00 -1.7558E-01  6.4788E-02  5.0279E-02  1.2771E+00
  6.1226E-02 -1.2681E-01 -1.0886E+00  5.0279E-02  1.2771E+00
  2.3168E-01 -1.3643E-01 -1.0604E+00  4.9863E-02  1.3094E+00
 -2.9263E-01  7.0717E-02 -1.0517E+00  4.9863E-02  1.3094E+00
  7.7383E-01 -1.6487E-01 -7.5004E-01  4.9444E-02  1.3430E+00
 -7.7235E-01  1.1269E-01  7.6114E-01  4.9444E-02  1.3430E+00
 -4.0135E-01 -1.2083E-01  1.0064E+00  4.9444E-02  1.3430E+00
 -9.3669E-01 -1.2542E-01 -5.4353E-01  4.9444E-02  1.3430E+00
 -4.0850E-01  1.0397E-01  1.0054E+00  4.9444E-02  1.3430E+00
  3.7094E-01 -8.5146E-02  1.0177E+00  4.9022E-02  1.3780E+00
 -7.6999E-01 -1.7436E-01 -7.4653E-01  4.9022E-02  1.3780E+00
  3.6275E-02 -7.2273E-02  1.0799E+00  4.8597E-02  1.4144E+00
  7.6154E-01  1.5670E-01  7.5387E-01  4.8597E-02  1.4144E+00
 -3.1847E-01  2.9026E-02 -1.0347E+00  4.8597E-02  1.4144E+00
 -9.8134E-01  4.3506E-02  4.4755E-01  4.8170E-02  1.4524E+00
 -1.0638E+00  8.7727E-02  1.3603E-01  4.7739E-02  1.4920E+00
 -4.8417E-01  5.0606E-02  9.5960E-01  4.7739E-02  1.4920E+00
 -8.5400E-01 -1.3533E-01 -6.4045E-01  4.7739E-02  1.4920E+00
 -7.1082E-01 -9.2811E-02 -8.0245E-01  4.7739E-02  1.4920E+00
  6.8980E-01 -1.4043E-01  8.1380E-01  4.7739E-02  1.4920E+00
 -8.9350E-01  5.6716E-02  5.9687E-01  4.7739E-02  1.4920E+00
 -1.0143E+00  1.4320E-01 -3.1815E-01  4.7306E-02  1.5334E+00
 -9.2228E-01  2.7041E-02 -5.4701E-01  4.7306E-02  1.5334E+00
 -7.8694E-01 -1.2575E-01  7.1796E-01  4.7306E-02  1.5334E+00
  8.6053E-01 -5.5406E-03 -6.3479E-01  4.6868E-02  1.5768E+00
  2.0897E-01 -1.5949E-01 -1.0365E+00  4.6868E-02  1.5768E+00
 -5.4181E-01 -1.8392E-01 -9.0339E-01  4.6868E-02  1.5768E+00
 -6.3468E-01 -8.0212E-02  8.5285E-01  4.6427E-02  1.6222E+00
  1.0573E+00  1.0956E-01 -8.1423E-02  4.6427E-02  1.6222E+00
 -1.3261E-01 -8.0767E-02 -1.0547E+00  4.6427E-02  1.6222E+00
 -7.8516E-01  6.8468E-02 -7.1794E-01  4.6427E-02  1.6222E+00
 -8.7368E-01  5.5670E-02  6.0289E-01  4.5982E-02  1.6697E+00
 -3.3246E-01  2.0547E-02  1.0094E+00  4.5982E-02  1.6697E+00
 -6.5437E-01  1.6266E-01  8.1773E-01  4.5533E-02  1.7196E+00
  5.5736E-01 -1.5863E-01  8.8743E-01  4.5533E-02  1.7196E+00
  5.7093E-01  1.7393E-01  8.7586E-01  4.5533E-02  1.7196E+00
 -9.9937E-01  1.6879E-01  3.1002E-01  4.5533E-02  1.7196E+00
 -7.7646E-01 -2.5653E-02  7.2097E-01  4.5533E-02  1.7196E+00
  1.0080E+00  2.0122E-02  3.1693E-01  4.5079E-02  1.7721E+00
  1.6847E-01  1.5417E-04 -1.0434E+00  4.5079E-02  1.7721E+00
  1.0506E+00  8.3346E-03 -1.1432E-01  4.5079E-02  1.7721E+00
 -1.0498E+00 -5.6923E-02  1.0767E-01  4.5079E-02  1.7721E+00
  4.1431E-01  3.9987E-02 -9.7145E-01  4.5079E-02  1.7721E+00
 -8.2126E-01  1.0793E-01 -6.5165E-01  4.4620E-02  1.8273E+00
  1.0333E+00  1.6524E-01 -1.2521E-01  4.4620E-02  1.8273E+00
 -9.8788E-01  1.0812E-02 -3.6707E-01  4.4620E-02  1.8273E+00
 -1.0497E+00 -1.2631E-02 -9.3120E-02  4.4620E-02  1.8273E+00
 -9.2395E-01  4.8831E-02 -4.9867E-01  4.4156E-02  1.8855E+00
  9.7791E-02 -1.0639E-01  1.0383E+00  4.3687E-02  1.9469E+00
  1.0243E+00 -1.6766E-01  1.4676E-01  4.3687E-02  1.9469E+00
  7.7927E-01 -6.5726E-02  6.9400E-01  4.3212E-02  2.0119E+00
 -1.6934E-01  7.2621E-02 -1.0292E+00  4.3212E-02  2.0119E+00
  2.6543E-01  1.1906E-01  1.0043E+00  4.3212E-02  2.0119E+00
  1.0143E+00  7.5351E-02 -2.4243E-01  4.3212E-02  2.0119E+00
 -1.0236E+00  1.8915E-02  1.9881E-01  4.2730E-02  2.0806E+00
  6.1786E-01 -1.4239E-01 -8.2805E-01  4.2730E-02  2.0806E+00
 -1.0337E+00 -2.9814E-02  1.3487E-01  4.2730E-02  2.0806E+00
  1.0358E+00 -7.1102E-02 -6.6819E-02  4.2242E-02  2.1536E+00
  9.2142E-01  1.2604E-01  4.6633E-01  4.2242E-02  2.1536E+00
  1.0040E+00 -9.3015E-03  2.6287E-01  4.1747E-02  2.2312E+00
 -9.6782E-01  5.9134E-02  3.7017E-01  4.1747E-02  2.2312E+00
  9.0338E-01  1.0642E-01  4.9977E-01  4.1747E-02  2.2312E+00
 -7.1540E-01  1.1241E-01  7.4011E-01  4.1244E-02  2.3138E+00
  9.6011E-01 -4.9163E-02 -3.8467E-01  4.1244E-02  2.3138E+00
 -8.6849E-01  1.5761E-01  5.3689E-01  4.0733E-02  2.4020E+00
  1.3078E-01 -2.3865E-02 -1.0245E+00  4.0733E-02  2.4020E+00
  7.1611E-01 -1.4160E-01  7.3110E-01  4.0733E-02  2.4020E+00
 -1.1320E-01 -9.0495E-02  1.0229E+00  4.0733E-02  2.4020E+00
  1.4811E-02 -1.6010E-01 -1.0205E+00  4.0733E-02  2.4020E+00
 -1.0268E+00 -7.7405E-02  8.4170E-02  4.0733E-02  2.4020E+00
  2.9996E-02 -1.0891E-01  1.0247E+00  4.0213E-02  2.4964E+00
 -1.0157E+00 -8.5847E-02  1.5364E-01  4.0213E-02  2.4964E+00
  7.8398E-01 -1.8571E-01 -6.4312E-01  4.0213E-02  2.4964E+00
  8.5594E-01 -1.5074E-01  5.5440E-01  4.0213E-02  2.4964E+00
 -1.0125E+00  1.8423E-01  6.0401E-02  4.0213E-02  2.4964E+00
 -9.7846E-01 -9.3748E-02  3.0339E-01  3.9683E-02  2.5977E+00
  6.8952E-01  1.1214E-02 -7.6332E-01  3.9683E-02  2.5977E+00
  1.0036E+00  5.1633E-02  2.1977E-01  3.9683E-02  2.5977E+00
  1.0243E+00 -4.3779E-03 -9.5318E-02  3.9683E-02  2.5977E+00
 -1.0108E+00  9.6301E-02 -1.5153E-01  3.9143E-02  2.7067E+00
 -7.7962E-02  1.1458E-01 -1.0132E+00  3.8029E-02  2.9517E+00
 -4.0897E-01  3.8450E-02  9.3650E-01  3.8029E-02  2.9517E+00
  8.4887E-01  1.2279E-01 -5.5688E-01  3.8029E-02  2.9517E+00
 -7.1293E-01 -1.0858E-01 -7.2242E-01  3.7452E-02  3.0900E+00
  1.0016E+00  1.7539E-01  6.6179E-02  3.6862E-02  3.2409E+00
 -3.6920E-01 -7.5986E-02  9.4669E-01  3.6862E-02  3.2409E+00
 -7.7595E-01  1.2459E-01 -6.4859E-01  3.6862E-02  3.2409E+00
 -7.3642E-01  8.4689E-02 -6.9916E-01  3.6862E-02  3.2409E+00
 -8.8439E-01 -1.6113E-01 -4.7614E-01  3.6256E-02  3.4062E+00
  4.6183E-01 -1.6268E-01  8.9167E-01  3.6256E-02  3.4062E+00
  2.0451E-01 -3.1981E-02 -9.9431E-01  3.5633E-02  3.5880E+00
  4.0681E-01  1.6823E-01 -9.1526E-01  3.5633E-02  3.5880E+00
  5.6369E-01  3.8146E-02  8.4398E-01  3.5633E-02  3.5880E+00
  6.0529E-01  1.0742E-02  8.1355E-01  3.4991E-02  3.7890E+00
  8.7336E-02 -2.0517E-02 -1.0101E+00  3.4991E-02  3.7890E+00
  7.5935E-02 -1.0406E-01 -1.0059E+00  3.4991E-02  3.7890E+00
  9.6910E-01  3.8327E-02 -2.9114E-01  3.4329E-02  4.0125E+00
 -8.5917E-01  4.4007E-04 -5.3591E-01  3.4329E-02  4.0125E+00
 -1.4264E-01  1.5256E-01  9.9084E-01  3.4329E-02  4.0125E+00
  5.6013E-01  9.8450E-02  8.3782E-01  3.4329E-02  4.0125E+00
 -9.9455E-01  1.6215E-01 -8.4544E-02  3.3644E-02  4.2626E+00
  1.0079E+00 -3.4549E-02  7.4077E-02  3.3644E-02  4.2626E+00
 -4.7563E-01  5.2872E-02 -8.9081E-01  3.3644E-02  4.2626E+00
 -4.3910E-02 -6.4466E-02  1.0082E+00  3.3644E-02  4.2626E+00
  5.3637E-01 -4.9605E-03 -8.5569E-01  3.2934E-02  4.5444E+00
 -9.7480E-01 -8.2987E-02  2.5058E-01  3.2934E-02  4.5444E+00
 -6.4597E-01 -1.2106E-01 -7.6681E-01  3.2934E-02  4.5444E+00
  9.3680E-01 -1.5510E-02  3.7693E-01  3.2934E-02  4.5444E+00
 -9.0230E-01 -1.3543E-01 -4.3005E-01  3.2195E-02  4.8645E+00
  1.4584E-01 -1.0450E-01  9.9260E-01  3.2195E-02  4.8645E+00
  9.4434E-01 -5.4255E-02  3.5032E-01  3.2195E-02  4.8645E+00
  6.2684E-01  9.3345E-02 -7.8473E-01  3.2195E-02  4.8645E+00
 -9.9730E-01 -5.3748E-02 -1.3274E-01  3.1425E-02  5.2312E+00
  8.8555E-02  1.3675E-01  9.9427E-01  3.1425E-02  5.2312E+00
 -5.6479E-01 -1.5606E-01  8.1962E-01  3.1425E-02  5.2312E+00
  9.4761E-01 -8.6127E-02  3.3126E-01  3.1425E-02  5.2312E+00
  9.6457E-01 -1.4122E-01  2.5027E-01  3.0618E-02  5.6557E+00
  4.1862E-01  8.0035E-02  9.1068E-01  2.9770E-02  6.1530E+00
  9.7516E-01  3.5908E-02  2.4241E-01  2.9770E-02  6.1530E+00
  9.6527E-01  5.1355E-02 -2.7346E-01  2.8874E-02  6.7438E+00
 -2.4843E-01  1.6849E-01 -9.5868E-01  2.8874E-02  6.7438E+00
  8.2157E-01  7.3462E-02  5.7341E-01  2.8874E-02  6.7438E+00
  9.1925E-01 -4.4776E-02 -4.0267E-01  2.8874E-02  6.7438E+00
  9.7570E-01  2.5316E-02  2.3778E-01  2.8874E-02  6.7438E+00
 -5.1552E-01 -1.0757E-02  8.6118E-01  2.7921E-02  7.4574E+00
 -1.0008E+00  4.2978E-02 -5.0420E-02  2.6903E-02  8.3369E+00
 -2.2760E-01 -1.5417E-01 -9.6460E-01  2.6903E-02  8.3369E+00
 -5.0090E-01 -1.7094E-01  8.5200E-01  2.6903E-02  8.3369E+00
  9.9983E-01 -7.9687E-02 -1.7066E-03  2.6903E-02  8.3369E+00
  2.1259E-01  5.4622E-02  9.7802E-01  2.5804E-02  9.4481E+00
 -7.7383E-01 -1.6698E-01  6.1482E-01  2.5804E-02  9.4481E+00
 -1.8858E-01  4.7814E-02 -9.8328E-01  2.5804E-02  9.4481E+00
  8.9591E-01 -5.0075E-02  4.4539E-01  2.4606E-02  1.0897E+01
 -1.4000E-01 -1.1464E-01  9.8529E-01  2.4606E-02  1.0897E+01
  5.2033E-01  2.2692E-06 -8.5603E-01  2.4606E-02  1.0897E+01
 -4.4035E-01 -1.4862E-01 -8.8743E-01  2.4606E-02  1.0897E+01
  5.7770E-01 -2.7486E-02  8.1734E-01  2.3280E-02  1.2866E+01
 -1.1202E-01  7.5386E-02 -9.9212E-01  2.3280E-02  1.2866E+01
  9.8258E-01  9.9828E-02  1.6213E-01  2.1787E-02  1.5696E+01
  5.9913E-01 -1.4104E-01 -7.8921E-01  2.1787E-02  1.5696E+01
 -5.5517E-01  3.1145E-03 -8.3275E-01  2.1787E-02  1.5696E+01
  5.1051E-01  1.5517E-01  8.4676E-01  2.1787E-02  1.5696E+01
 -9.7430E-01 -5.1034E-02  2.2324E-01  2.1787E-02  1.5696E+01
  8.2172E-01  7.4207E-02  5.6655E-01  2.1787E-02  1.5696E+01
 -1.0422E-01  1.3840E-01 -9.8541E-01  2.0058E-02  2.0115E+01
  5.1988E-01 -9.8828E-02 -8.4911E-01  2.0058E-02  2.0115E+01
 -5.1093E-01 -3.4916E-02  8.5923E-01  1.7969E-02  2.7981E+01
  4.6805E-01  4.6456E-02  8.8279E-01  1.7969E-02  2.7981E+01
 -5.8078E-01  1.7200E-01 -7.9602E-01  1.7969E-02  2.7981E+01
 -5.9637E-01  6.4552E-03 -8.0302E-01  1.7969E-02  2.7981E+01
