0.29993142857143D+02       629
(x,y,z) position of the X-ray source
 -0.1058E+01  0.7621E-01  0.1454E+01
x | y | z | R | rho
  2.4069E-02  3.1955E-02  9.4844E+00  3.1100E-01  5.3965E-03
  3.8574E-01  1.9007E-01  9.4626E+00  3.1073E-01  5.4107E-03
  1.1632E+00  1.0380E-01  9.3269E+00  3.0909E-01  5.4973E-03
 -1.4921E+00  1.3448E-02  8.9616E+00  3.0194E-01  5.8969E-03
  1.1492E-02 -1.9791E-01  8.5878E+00  2.9053E-01  6.6195E-03
 -6.6949E-02 -6.7019E-02  8.3608E+00  2.8518E-01  6.9993E-03
 -5.9836E-01  3.8481E-02  8.3157E+00  2.8461E-01  7.0411E-03
  3.2310E-01 -2.4192E-01  7.9789E+00  2.7636E-01  7.6911E-03
 -1.4687E+00  1.0532E-01  7.5232E+00  2.6858E-01  8.3786E-03
 -4.7157E-01  2.9654E-01  7.3943E+00  2.6247E-01  8.9775E-03
  1.5473E-01 -2.1058E-01  7.4106E+00  2.6247E-01  8.9775E-03
  3.6090E-01  1.1633E-01  7.3220E+00  2.6042E-01  9.1911E-03
  1.5723E+00 -1.0774E-01  7.0263E+00  2.5719E-01  9.5421E-03
  1.2353E+00 -1.5445E-01  7.0321E+00  2.5571E-01  9.7081E-03
 -9.7926E-01 -1.7097E-01  6.1397E+00  2.3226E-01  1.2956E-02
  1.6548E-01  2.6826E-01  6.1882E+00  2.3165E-01  1.3059E-02
 -1.8446E+00  2.2174E-02  5.9152E+00  2.3165E-01  1.3059E-02
  6.0663E-01 -4.0490E-02  6.1191E+00  2.3042E-01  1.3269E-02
 -7.9808E-01  2.8595E-01  5.7950E+00  2.2269E-01  1.4699E-02
  6.0851E-01  2.7063E-01  5.6662E+00  2.1863E-01  1.5533E-02
  1.8740E+00 -2.3592E-01  5.2478E+00  2.1518E-01  1.6293E-02
  9.4790E-01 -8.5985E-02  5.4131E+00  2.1297E-01  1.6805E-02
  8.4787E-01 -2.4872E-01  5.3190E+00  2.1012E-01  1.7499E-02
 -9.6742E-01  7.7165E-02  5.1394E+00  2.0565E-01  1.8663E-02
 -3.2059E-01  1.5487E-01  5.1488E+00  2.0373E-01  1.9197E-02
 -1.6177E+00  1.5214E-01  4.8744E+00  2.0309E-01  1.9380E-02
 -1.4181E+00 -1.5771E-01  4.8761E+00  2.0148E-01  1.9848E-02
 -3.4419E-01  2.9277E-02  5.0228E+00  2.0019E-01  2.0234E-02
 -1.2242E+00  8.1865E-02  4.8119E+00  1.9825E-01  2.0834E-02
  1.0287E-01  9.4843E-02  4.9067E+00  1.9662E-01  2.1355E-02
 -1.8144E+00 -2.7420E-01  4.5158E+00  1.9565E-01  2.1676E-02
  9.4582E-01 -4.2630E-02  4.7699E+00  1.9532E-01  2.1784E-02
  1.8644E+00 -9.2658E-02  4.3418E+00  1.9140E-01  2.3151E-02
  2.1634E-01  1.2322E-01  4.6968E+00  1.9075E-01  2.3391E-02
 -1.7443E+00 -2.6414E-01  4.1021E+00  1.8381E-01  2.6139E-02
 -2.3352E-02  7.3040E-02  4.3407E+00  1.8014E-01  2.7768E-02
  1.7657E+00 -5.3624E-02  3.9534E+00  1.7981E-01  2.7923E-02
  2.5975E-01  1.4591E-01  4.2411E+00  1.7746E-01  2.9045E-02
 -1.5709E+00 -1.6772E-01  3.9472E+00  1.7746E-01  2.9045E-02
  1.8287E+00  1.9440E-01  3.7711E+00  1.7578E-01  2.9887E-02
 -1.8426E+00  1.9260E-01  3.6520E+00  1.7274E-01  3.1493E-02
 -1.2669E+00  7.8299E-02  3.8466E+00  1.7139E-01  3.2247E-02
 -1.5490E+00  1.4563E-01  3.5471E+00  1.6593E-01  3.5534E-02
 -1.6484E-01 -2.4201E-01  3.7848E+00  1.6352E-01  3.7125E-02
 -1.9102E+00 -3.9860E-02  3.1910E+00  1.6111E-01  3.8819E-02
  7.8417E-01  2.0149E-01  3.6076E+00  1.6042E-01  3.9323E-02
 -1.8607E+00 -1.2716E-01  3.1290E+00  1.5869E-01  4.0625E-02
  1.7045E+00  1.6918E-01  3.2148E+00  1.5869E-01  4.0625E-02
 -8.8063E-01 -6.6224E-02  3.5003E+00  1.5764E-01  4.1436E-02
 -1.8208E+00 -1.9496E-01  3.0984E+00  1.5730E-01  4.1712E-02
 -1.5683E+00 -1.7195E-01  3.1742E+00  1.5555E-01  4.3129E-02
 -1.7380E+00  1.3692E-01  2.9739E+00  1.5240E-01  4.5858E-02
  8.4773E-01  3.3884E-03  3.3413E+00  1.5240E-01  4.5858E-02
 -8.2146E-01  1.2906E-01  3.3009E+00  1.5100E-01  4.7150E-02
 -1.1004E+00 -1.6091E-02  3.1985E+00  1.5030E-01  4.7815E-02
  5.1010E-01 -2.1220E-01  3.3153E+00  1.4959E-01  4.8494E-02
  2.3160E-01  9.4481E-02  3.3302E+00  1.4889E-01  4.9186E-02
  7.0838E-01  2.2332E-01  3.2010E+00  1.4712E-01  5.0980E-02
 -1.8176E+00 -1.3183E-01  2.7344E+00  1.4712E-01  5.0980E-02
 -1.9463E-01  2.3162E-01  3.2506E+00  1.4641E-01  5.1724E-02
 -1.0523E+00 -3.7073E-02  3.0451E+00  1.4499E-01  5.3258E-02
  1.5854E+00 -1.7156E-01  2.7997E+00  1.4499E-01  5.3258E-02
  1.8496E+00  1.4706E-02  2.6382E+00  1.4499E-01  5.3258E-02
  2.1213E-01 -1.8331E-01  3.1458E+00  1.4286E-01  5.5682E-02
  1.3889E+00 -5.6353E-02  2.8123E+00  1.4214E-01  5.6525E-02
 -1.3825E+00  7.6823E-02  2.7914E+00  1.4143E-01  5.7386E-02
 -1.9319E+00  2.2697E-01  2.4342E+00  1.4143E-01  5.7386E-02
 -1.7299E+00 -6.1046E-02  2.5655E+00  1.4071E-01  5.8265E-02
  1.7032E+00  2.0093E-02  2.5461E+00  1.3964E-01  5.9620E-02
  1.4246E+00  4.7932E-02  2.6758E+00  1.3856E-01  6.1020E-02
  1.5997E+00 -9.6170E-02  2.5241E+00  1.3712E-01  6.2960E-02
 -8.2676E-01 -9.1098E-03  2.8081E+00  1.3496E-01  6.6036E-02
 -8.8744E-01  1.8926E-01  2.7285E+00  1.3315E-01  6.8763E-02
 -1.4666E+00 -5.3726E-02  2.4606E+00  1.3279E-01  6.9327E-02
  1.9044E+00  1.5547E-01  2.1210E+00  1.3243E-01  6.9898E-02
 -1.0649E+00  1.3527E-01  2.5673E+00  1.2988E-01  7.4085E-02
  4.4868E-01  2.2274E-01  2.7163E+00  1.2916E-01  7.5345E-02
  7.3387E-01  2.2017E-01  2.6218E+00  1.2806E-01  7.7293E-02
  6.9224E-01  6.5007E-02  2.6310E+00  1.2770E-01  7.7958E-02
  1.9321E+00 -1.0739E-01 -1.8403E+00  1.2587E-01  8.1405E-02
 -4.9308E-01 -1.2176E-01  2.5702E+00  1.2403E-01  8.5069E-02
  1.8835E+00 -1.4002E-01  1.7865E+00  1.2330E-01  8.6599E-02
 -6.6156E-01  8.1244E-02  2.5025E+00  1.2293E-01  8.7378E-02
 -1.9212E+00 -9.8806E-02  1.6119E+00  1.1998E-01  9.3979E-02
  7.6147E-01  1.5905E-01  2.3444E+00  1.1851E-01  9.7542E-02
 -1.1086E+00  1.7959E-02  2.1741E+00  1.1739E-01  1.0034E-01
 -1.6394E+00  8.4113E-02  1.7926E+00  1.1702E-01  1.0129E-01
 -1.6824E+00  1.0852E-01 -1.7237E+00  1.1628E-01  1.0324E-01
  1.4959E+00  9.7489E-02 -1.8508E+00  1.1517E-01  1.0627E-01
  8.7060E-01 -2.5099E-02  2.2167E+00  1.1517E-01  1.0627E-01
 -1.5430E+00 -1.2121E-01 -1.7845E+00  1.1442E-01  1.0836E-01
  1.0481E+00 -1.6201E-01  2.0890E+00  1.1368E-01  1.1050E-01
 -1.4832E+00  2.9515E-02  1.7755E+00  1.1256E-01  1.1382E-01
 -1.6080E+00  1.4204E-01  1.6440E+00  1.1219E-01  1.1496E-01
  3.1661E-01 -3.8898E-02  2.2722E+00  1.1182E-01  1.1612E-01
  1.5132E+00  8.8460E-02  1.7224E+00  1.1182E-01  1.1612E-01
 -1.4083E+00  1.0317E-01 -1.7840E+00  1.1107E-01  1.1847E-01
 -1.2475E+00 -1.7757E-01  1.8829E+00  1.1070E-01  1.1968E-01
  8.8702E-01  3.9918E-02  2.0740E+00  1.1032E-01  1.2090E-01
  1.2849E+00  4.0865E-02 -1.8190E+00  1.0920E-01  1.2466E-01
  1.4885E+00  8.8634E-02 -1.6419E+00  1.0882E-01  1.2596E-01
  4.8472E-02  1.7189E-02  2.2173E+00  1.0882E-01  1.2596E-01
  1.3023E+00 -4.8025E-02  1.7242E+00  1.0658E-01  1.3410E-01
 -1.1863E+00  1.8956E-01  1.7627E+00  1.0545E-01  1.3845E-01
  1.3958E-02  4.4934E-02  2.1233E+00  1.0507E-01  1.3994E-01
  3.4953E-01 -1.5643E-01  2.0890E+00  1.0507E-01  1.3994E-01
  8.3242E-01  9.0571E-02  1.9315E+00  1.0432E-01  1.4299E-01
 -9.4335E-01  8.6104E-02 -1.8800E+00  1.0432E-01  1.4299E-01
 -1.9013E+00 -6.1314E-02  9.0173E-01  1.0432E-01  1.4299E-01
 -1.3942E+00  1.9228E-01  1.5656E+00  1.0432E-01  1.4299E-01
 -1.5524E+00 -1.4682E-01 -1.4143E+00  1.0432E-01  1.4299E-01
  1.5171E+00  1.8875E-02  1.4460E+00  1.0394E-01  1.4454E-01
  1.2639E+00  1.1799E-01  1.6561E+00  1.0357E-01  1.4613E-01
 -1.7208E+00  4.2700E-02  1.1795E+00  1.0357E-01  1.4613E-01
  9.0741E-01 -4.1731E-02  1.8786E+00  1.0357E-01  1.4613E-01
  1.3446E+00 -1.7642E-01 -1.5859E+00  1.0357E-01  1.4613E-01
 -1.7560E+00 -1.2664E-01 -1.0852E+00  1.0281E-01  1.4936E-01
  1.3405E+00  9.8709E-02 -1.5718E+00  1.0281E-01  1.4936E-01
 -1.2412E+00 -1.1297E-01  1.6504E+00  1.0281E-01  1.4936E-01
 -6.0566E-01  1.4315E-01  1.9723E+00  1.0281E-01  1.4936E-01
  1.7426E+00 -1.2115E-01  1.0726E+00  1.0206E-01  1.5269E-01
  1.4212E+00  5.8715E-02 -1.4760E+00  1.0206E-01  1.5269E-01
  1.8835E+00  1.5576E-01 -7.1978E-01  1.0093E-01  1.5789E-01
  4.0577E-01  1.5908E-01  1.9562E+00  1.0017E-01  1.6148E-01
  1.5236E+00 -1.1866E-01  1.2967E+00  1.0017E-01  1.6148E-01
  3.7280E-01 -1.3002E-01  1.9649E+00  1.0017E-01  1.6148E-01
 -9.0010E-01 -2.9213E-02  1.7803E+00  9.9797E-02  1.6332E-01
  1.8967E+00 -1.4757E-01 -5.7047E-01  9.9419E-02  1.6519E-01
 -1.6194E+00 -1.1415E-01 -1.1442E+00  9.9419E-02  1.6519E-01
 -1.1596E+00  9.2298E-02  1.6098E+00  9.9419E-02  1.6519E-01
  1.2893E+00  8.6008E-02 -1.5083E+00  9.9419E-02  1.6519E-01
  5.1146E-01  2.9625E-02 -1.9002E+00  9.8663E-02  1.6902E-01
  1.8613E+00 -4.5401E-02 -6.3793E-01  9.8663E-02  1.6902E-01
  1.7650E+00 -7.2349E-02  8.4710E-01  9.8285E-02  1.7098E-01
 -1.3767E+00  1.7470E-01  1.3574E+00  9.7529E-02  1.7499E-01
  1.6716E+00  1.0608E-01 -9.8118E-01  9.7529E-02  1.7499E-01
  1.9032E+00 -3.1977E-02 -3.3225E-01  9.7150E-02  1.7704E-01
  1.8809E+00 -1.5847E-01 -3.6941E-01  9.6772E-02  1.7912E-01
  1.6812E+00  5.0990E-02 -9.3291E-01  9.6772E-02  1.7912E-01
 -1.7594E+00  1.5996E-01 -7.6045E-01  9.6772E-02  1.7912E-01
  2.7836E-01 -9.6903E-02  1.8917E+00  9.6393E-02  1.8124E-01
  2.0614E-01 -3.1115E-02  1.9031E+00  9.6393E-02  1.8124E-01
  7.1798E-02 -6.6162E-02  1.9032E+00  9.6015E-02  1.8340E-01
 -1.8503E+00 -9.0689E-02  4.4701E-01  9.6015E-02  1.8340E-01
 -1.4968E+00 -1.2688E-01  1.1727E+00  9.6015E-02  1.8340E-01
 -1.0490E+00  1.0058E-01  1.5772E+00  9.5636E-02  1.8558E-01
  5.1708E-01 -1.8752E-01 -1.8061E+00  9.5257E-02  1.8781E-01
  1.8433E+00 -1.6983E-01  1.9899E-01  9.4120E-02  1.9470E-01
 -1.8095E+00 -1.2037E-01 -4.2135E-01  9.4120E-02  1.9470E-01
 -4.1384E-01 -9.0892E-02 -1.8129E+00  9.4120E-02  1.9470E-01
  1.8377E+00  1.4837E-01  2.5890E-01  9.4120E-02  1.9470E-01
 -7.0729E-01 -6.6681E-02  1.7021E+00  9.3361E-02  1.9948E-01
  1.7365E+00 -3.5055E-02  6.2058E-01  9.3361E-02  1.9948E-01
  1.3503E+00 -8.6948E-02 -1.2534E+00  9.3361E-02  1.9948E-01
  8.7742E-01  1.5184E-01 -1.6152E+00  9.3361E-02  1.9948E-01
 -3.7349E-02  3.0396E-02  1.8351E+00  9.2982E-02  2.0193E-01
 -1.4635E+00  9.4391E-02  1.0897E+00  9.2603E-02  2.0443E-01
  1.5345E+00 -1.6801E-01 -9.6117E-01  9.2223E-02  2.0696E-01
  7.0596E-01 -1.6599E-01 -1.6676E+00  9.2223E-02  2.0696E-01
 -1.1734E+00  6.3318E-02  1.3765E+00  9.1844E-02  2.0954E-01
  1.7507E+00 -1.1310E-01 -4.0865E-01  9.1464E-02  2.1216E-01
  2.9686E-01  1.4376E-01  1.7709E+00  9.1464E-02  2.1216E-01
  5.1584E-01 -1.3713E-01 -1.7204E+00  9.1464E-02  2.1216E-01
 -1.7501E+00  1.5076E-01  3.9903E-01  9.1464E-02  2.1216E-01
 -9.0986E-01 -1.5514E-01  1.5270E+00  9.0704E-02  2.1753E-01
  1.6269E+00  7.5699E-02  6.8635E-01  8.9945E-02  2.2309E-01
  1.6329E+00 -1.0126E-01  6.6852E-01  8.9945E-02  2.2309E-01
 -1.6523E+00 -1.1789E-02 -6.2710E-01  8.9945E-02  2.2309E-01
  5.8699E-01  1.4448E-01 -1.6607E+00  8.9945E-02  2.2309E-01
 -1.7564E+00  5.0402E-02 -7.9834E-02  8.9565E-02  2.2594E-01
 -1.6722E+00  2.6872E-02  5.4488E-01  8.9565E-02  2.2594E-01
 -2.2928E-01 -9.0821E-02  1.7415E+00  8.9565E-02  2.2594E-01
 -7.8619E-01  1.3602E-01  1.5675E+00  8.9565E-02  2.2594E-01
  1.5290E+00  4.0749E-03  8.5236E-01  8.9185E-02  2.2884E-01
  1.1220E+00 -1.8557E-01  1.3308E+00  8.9185E-02  2.2884E-01
 -1.7425E+00  6.2365E-02 -1.5497E-01  8.9185E-02  2.2884E-01
 -9.3055E-01  1.3117E-01 -1.4669E+00  8.8805E-02  2.3179E-01
 -1.1854E+00  1.2736E-01  1.2703E+00  8.8805E-02  2.3179E-01
 -3.0465E-02  5.9016E-02  1.7242E+00  8.8044E-02  2.3785E-01
  6.8464E-01  6.1364E-02  1.5645E+00  8.7284E-02  2.4412E-01
  1.6742E+00 -1.6237E-01  3.0131E-01  8.7284E-02  2.4412E-01
 -1.6368E+00 -4.6474E-02 -4.8870E-01  8.7284E-02  2.4412E-01
  6.3171E-01 -1.5031E-01  1.5718E+00  8.6904E-02  2.4734E-01
  1.3745E+00  1.5265E-01 -9.8980E-01  8.6904E-02  2.4734E-01
  1.6766E+00 -9.2340E-03  2.8490E-01  8.6904E-02  2.4734E-01
  7.8855E-01 -7.5921E-02 -1.5049E+00  8.6904E-02  2.4734E-01
 -2.5329E-02 -9.9283E-02  1.6893E+00  8.6524E-02  2.5061E-01
 -1.6613E+00  1.5656E-01 -2.8250E-01  8.6524E-02  2.5061E-01
 -9.3169E-01  1.0931E-01 -1.4086E+00  8.6524E-02  2.5061E-01
 -1.1856E+00  7.2385E-02  1.2056E+00  8.6524E-02  2.5061E-01
  1.6821E+00  6.8040E-02  4.9390E-02  8.6143E-02  2.5395E-01
 -1.6535E+00 -5.0462E-02  3.1619E-01  8.6143E-02  2.5395E-01
 -1.6799E+00 -3.0547E-02 -1.1655E-01  8.6143E-02  2.5395E-01
  1.1824E+00 -9.8176E-02 -1.1954E+00  8.6143E-02  2.5395E-01
  6.9736E-01  8.2215E-02  1.5219E+00  8.5763E-02  2.5734E-01
 -1.3288E+00 -1.6373E-01  1.0083E+00  8.5763E-02  2.5734E-01
  8.2793E-01  1.2463E-01  1.4520E+00  8.5763E-02  2.5734E-01
  3.1906E-01 -4.8185E-02  1.6364E+00  8.5382E-02  2.6079E-01
  1.1779E+00  1.6455E-03  1.1809E+00  8.5382E-02  2.6079E-01
 -1.3508E+00 -3.7938E-02  9.7771E-01  8.5382E-02  2.6079E-01
  7.6884E-01 -1.3094E-01  1.4652E+00  8.5002E-02  2.6431E-01
 -1.0918E+00  2.9819E-02  1.2499E+00  8.5002E-02  2.6431E-01
  7.0940E-01 -1.3943E-01  1.4941E+00  8.5002E-02  2.6431E-01
  1.5317E+00 -1.3596E-01  6.2503E-01  8.5002E-02  2.6431E-01
 -9.6888E-01 -1.2688E-01 -1.3318E+00  8.4622E-02  2.6789E-01
 -9.9973E-01 -1.0722E-01  1.3105E+00  8.4622E-02  2.6789E-01
 -1.6340E+00  9.0168E-03  2.4172E-01  8.4622E-02  2.6789E-01
  1.4563E+00  1.7809E-01 -7.5897E-01  8.4622E-02  2.6789E-01
  1.5030E+00 -5.3389E-02  6.8306E-01  8.4622E-02  2.6789E-01
  1.5411E+00  1.5558E-01 -5.5032E-01  8.4241E-02  2.7154E-01
  8.9949E-01  1.5799E-02 -1.3757E+00  8.4241E-02  2.7154E-01
 -1.4266E+00 -1.8058E-01  7.9634E-01  8.4241E-02  2.7154E-01
  4.2582E-01 -8.7578E-03 -1.5876E+00  8.4241E-02  2.7154E-01
 -5.3224E-01  1.2738E-01 -1.5415E+00  8.3861E-02  2.7525E-01
 -1.0794E+00 -2.9468E-02 -1.2287E+00  8.3861E-02  2.7525E-01
  7.9598E-01  2.5589E-02  1.4288E+00  8.3861E-02  2.7525E-01
  1.4734E+00  9.5510E-02 -6.8522E-01  8.3480E-02  2.7903E-01
  5.7215E-01 -5.5201E-02 -1.5229E+00  8.3480E-02  2.7903E-01
  1.4178E+00 -1.3960E-01 -7.8746E-01  8.3480E-02  2.7903E-01
  5.6171E-01  9.3897E-02  1.5164E+00  8.3100E-02  2.8288E-01
 -1.3828E+00  1.4705E-01  8.3069E-01  8.3100E-02  2.8288E-01
  3.1741E-02  1.7086E-01 -1.6105E+00  8.3100E-02  2.8288E-01
 -5.7179E-01 -5.3993E-02  1.5061E+00  8.2719E-02  2.8681E-01
  1.4987E+00  4.0940E-02  5.9208E-01  8.2719E-02  2.8681E-01
 -1.5436E+00 -1.3546E-01 -3.8290E-01  8.1958E-02  2.9487E-01
  8.8683E-01 -1.3097E-01 -1.3112E+00  8.1577E-02  2.9902E-01
  7.9584E-01  1.8562E-01  1.3620E+00  8.1577E-02  2.9902E-01
 -1.1417E+00  1.8181E-01  1.0892E+00  8.1577E-02  2.9902E-01
 -9.9105E-01  1.1825E-02 -1.2412E+00  8.1577E-02  2.9902E-01
 -1.4762E+00 -5.4409E-02 -5.6226E-01  8.1197E-02  3.0324E-01
  1.2520E+00  1.4402E-01  9.2805E-01  8.0435E-02  3.1193E-01
 -1.4199E+00 -1.5333E-02 -6.5827E-01  8.0435E-02  3.1193E-01
 -1.1554E+00  1.1110E-03  1.0558E+00  8.0435E-02  3.1193E-01
  5.6241E-01  1.4000E-01  1.4456E+00  8.0055E-02  3.1640E-01
  1.0807E+00  6.5505E-02  1.1195E+00  8.0055E-02  3.1640E-01
 -8.3740E-01  6.4516E-02  1.3116E+00  8.0055E-02  3.1640E-01
 -1.5382E+00 -1.0116E-01  1.6007E-01  7.9674E-02  3.2096E-01
  1.4237E+00  2.7409E-02  5.9199E-01  7.9293E-02  3.2561E-01
 -1.5025E+00  1.4546E-01 -3.1572E-01  7.9293E-02  3.2561E-01
 -1.0109E+00  1.0577E-01 -1.1598E+00  7.9293E-02  3.2561E-01
 -1.2830E+00 -3.6088E-02 -8.5488E-01  7.9293E-02  3.2561E-01
  1.4292E+00  1.8344E-01  5.4943E-01  7.9293E-02  3.2561E-01
  6.1858E-02 -1.4571E-01 -1.5340E+00  7.9293E-02  3.2561E-01
 -9.7016E-01  9.2333E-02  1.1854E+00  7.8913E-02  3.3034E-01
 -1.1793E+00 -6.2955E-02 -9.7986E-01  7.8913E-02  3.3034E-01
  3.9834E-01  3.1751E-04  1.4742E+00  7.8532E-02  3.3517E-01
 -4.0585E-01  1.7741E-01 -1.4614E+00  7.8532E-02  3.3517E-01
 -1.3562E+00  1.4533E-01  6.8658E-01  7.8532E-02  3.3517E-01
  2.5041E-01 -1.0024E-01  1.4954E+00  7.8152E-02  3.4009E-01
 -8.9375E-01 -1.3939E-01 -1.2209E+00  7.8152E-02  3.4009E-01
 -1.3502E+00  1.5083E-01 -6.8060E-01  7.8152E-02  3.4009E-01
  1.2844E-01  1.7005E-01  1.4969E+00  7.7771E-02  3.4511E-01
  7.2405E-01 -4.2768E-03 -1.3189E+00  7.7390E-02  3.5022E-01
 -1.3229E+00  1.4376E-01 -7.0215E-01  7.7390E-02  3.5022E-01
 -1.0052E+00 -6.5127E-02 -1.1176E+00  7.7390E-02  3.5022E-01
 -1.5162E-01  2.6106E-02 -1.4893E+00  7.7010E-02  3.5544E-01
  2.4729E-02 -3.1527E-02 -1.4967E+00  7.7010E-02  3.5544E-01
 -1.2774E+00  8.6955E-02 -7.7611E-01  7.7010E-02  3.5544E-01
  1.4776E+00  1.7728E-01 -6.9339E-02  7.6629E-02  3.6076E-01
 -3.2322E-01  4.5763E-02  1.4536E+00  7.6629E-02  3.6076E-01
  1.0055E+00  1.3769E-01 -1.0907E+00  7.6629E-02  3.6076E-01
  1.1965E+00  1.1972E-01  8.7959E-01  7.6629E-02  3.6076E-01
 -1.4756E+00  4.0707E-02  1.3700E-01  7.6248E-02  3.6619E-01
  1.1821E+00 -1.4937E-01 -8.8216E-01  7.6248E-02  3.6619E-01
 -2.7902E-02 -1.6163E-01  1.4661E+00  7.5868E-02  3.7173E-01
 -1.4362E+00  1.0964E-01 -3.1875E-01  7.5868E-02  3.7173E-01
  1.4472E+00 -1.8373E-01  2.1905E-01  7.5868E-02  3.7173E-01
  2.0478E-02  1.6034E-01 -1.4590E+00  7.5487E-02  3.7739E-01
  1.1430E+00 -7.0915E-02  9.1831E-01  7.5487E-02  3.7739E-01
 -1.3457E+00  1.4802E-01  5.4850E-01  7.5106E-02  3.8315E-01
 -1.0880E+00  1.4015E-01 -9.6449E-01  7.5106E-02  3.8315E-01
  8.9831E-01  7.1640E-02 -1.1496E+00  7.5106E-02  3.8315E-01
 -7.2517E-01 -1.8472E-01 -1.2545E+00  7.5106E-02  3.8315E-01
 -1.4169E+00 -1.4126E-01  3.2587E-01  7.5106E-02  3.8315E-01
 -1.2019E+00 -1.0679E-01 -8.2331E-01  7.5106E-02  3.8315E-01
  1.3775E+00  7.6750E-02 -4.5752E-01  7.4726E-02  3.8904E-01
  7.0882E-03  1.6320E-01  1.4443E+00  7.4726E-02  3.8904E-01
 -6.4075E-01  6.6152E-02 -1.3030E+00  7.4726E-02  3.8904E-01
  5.1593E-01 -4.6697E-02  1.3505E+00  7.4345E-02  3.9504E-01
  1.4296E+00 -1.8283E-01  1.2229E-01  7.4345E-02  3.9504E-01
  1.4012E+00 -5.5002E-02  3.5442E-01  7.4345E-02  3.9504E-01
 -5.5436E-01  1.6167E-01 -1.3184E+00  7.3965E-02  4.0117E-01
  1.2537E+00  1.2257E-01 -6.9634E-01  7.3965E-02  4.0117E-01
  1.3156E+00  1.0907E-01  5.7347E-01  7.3965E-02  4.0117E-01
 -1.4290E+00  9.8659E-02 -1.4133E-01  7.3965E-02  4.0117E-01
 -1.4310E+00 -2.2460E-02 -1.5306E-01  7.3965E-02  4.0117E-01
  9.2458E-01  1.5452E-01  1.0829E+00  7.3584E-02  4.0743E-01
 -1.3506E+00 -1.5471E-01 -4.5072E-01  7.3584E-02  4.0743E-01
  1.4212E+00  8.9814E-02 -5.8937E-02  7.3203E-02  4.1382E-01
 -7.5546E-02  5.8047E-02  1.4220E+00  7.3203E-02  4.1382E-01
 -8.4400E-01  1.2793E-01 -1.1413E+00  7.3203E-02  4.1382E-01
  1.2234E+00 -1.5937E-01 -7.1352E-01  7.3203E-02  4.1382E-01
  2.7598E-01  2.1673E-03 -1.3911E+00  7.2822E-02  4.2035E-01
 -2.0895E-01 -1.2576E-01 -1.3971E+00  7.2822E-02  4.2035E-01
 -8.8985E-01 -5.4875E-02 -1.1030E+00  7.2822E-02  4.2035E-01
 -2.3728E-01  1.5548E-01 -1.3896E+00  7.2822E-02  4.2035E-01
  1.3872E+00  5.1276E-02  2.9082E-01  7.2822E-02  4.2035E-01
 -8.8936E-02 -6.4562E-02  1.4140E+00  7.2822E-02  4.2035E-01
  1.2486E+00 -4.1896E-02  6.5647E-01  7.2442E-02  4.2701E-01
  1.1859E+00 -1.2311E-01  7.5508E-01  7.2442E-02  4.2701E-01
 -1.0928E+00 -1.3835E-01  8.8231E-01  7.2442E-02  4.2701E-01
 -4.8947E-01 -4.2515E-02  1.3230E+00  7.2442E-02  4.2701E-01
 -1.1461E+00 -1.0454E-01 -8.0486E-01  7.2061E-02  4.3381E-01
  7.2406E-01 -1.3666E-01 -1.1875E+00  7.1680E-02  4.4076E-01
  8.5255E-01  1.0455E-01 -1.1024E+00  7.1680E-02  4.4076E-01
 -1.3601E+00 -1.5875E-01 -2.7955E-01  7.1680E-02  4.4076E-01
 -7.7197E-02 -5.6971E-02  1.3943E+00  7.1680E-02  4.4076E-01
 -1.3539E+00 -3.9659E-02 -3.1532E-01  7.1300E-02  4.4786E-01
  6.9905E-01  3.4549E-02  1.2018E+00  7.1300E-02  4.4786E-01
 -9.5965E-01 -2.1154E-02 -1.0064E+00  7.1300E-02  4.4786E-01
 -7.9020E-01  3.9878E-02  1.1355E+00  7.0919E-02  4.5511E-01
 -2.8280E-01 -9.6408E-02 -1.3513E+00  7.0919E-02  4.5511E-01
 -1.3539E+00 -1.8424E-01 -1.7270E-01  7.0538E-02  4.6253E-01
  5.9721E-01  2.5332E-02 -1.2407E+00  7.0538E-02  4.6253E-01
  8.9708E-01  5.4704E-02  1.0436E+00  7.0538E-02  4.6253E-01
  3.3087E-02 -3.1752E-02 -1.3631E+00  6.9776E-02  4.7784E-01
  6.3504E-01  1.7030E-01  1.1950E+00  6.9776E-02  4.7784E-01
 -6.9865E-01  5.2713E-02 -1.1702E+00  6.9776E-02  4.7784E-01
  4.4965E-01 -4.1556E-02 -1.2870E+00  6.9776E-02  4.7784E-01
 -5.3600E-01  1.1558E-02 -1.2541E+00  6.9776E-02  4.7784E-01
 -1.3532E+00 -2.5719E-02 -1.6888E-01  6.9776E-02  4.7784E-01
 -1.1376E+00  3.9656E-02 -7.3923E-01  6.9395E-02  4.8575E-01
  1.2636E+00  2.8806E-02  4.9480E-01  6.9395E-02  4.8575E-01
 -1.0577E+00 -1.0722E-01 -8.3329E-01  6.9014E-02  4.9384E-01
 -4.8615E-01  8.8782E-02  1.2571E+00  6.9014E-02  4.9384E-01
 -3.1082E-01 -1.6231E-01 -1.3044E+00  6.9014E-02  4.9384E-01
 -1.3178E+00  1.1710E-01 -2.3832E-01  6.8633E-02  5.0211E-01
 -8.0843E-01  3.9073E-02  1.0733E+00  6.8633E-02  5.0211E-01
 -3.3669E-01  1.7279E-01  1.2899E+00  6.8633E-02  5.0211E-01
  1.0255E+00  3.3874E-02  8.6849E-01  6.8633E-02  5.0211E-01
 -4.2969E-01 -3.0245E-02 -1.2734E+00  6.8633E-02  5.0211E-01
 -8.0581E-01 -3.0788E-02  1.0674E+00  6.8252E-02  5.1057E-01
 -1.2517E+00 -1.7698E-01 -4.3783E-01  6.8252E-02  5.1057E-01
 -1.3251E+00  9.3170E-02 -1.5815E-01  6.8252E-02  5.1057E-01
  7.4481E-01 -1.2253E-01 -1.0967E+00  6.7871E-02  5.1923E-01
 -1.2027E+00  1.1574E-01  5.5907E-01  6.7871E-02  5.1923E-01
 -1.1428E+00  1.1838E-01  6.7265E-01  6.7871E-02  5.1923E-01
  1.1043E+00 -1.4553E-01  7.2922E-01  6.7871E-02  5.1923E-01
  8.1480E-01 -2.9646E-02  1.0444E+00  6.7489E-02  5.2808E-01
  1.2763E+00 -8.0980E-02 -3.4645E-01  6.7489E-02  5.2808E-01
 -3.7088E-01 -9.4168E-02 -1.2685E+00  6.7489E-02  5.2808E-01
 -1.1568E+00  1.6442E-01  6.2486E-01  6.7489E-02  5.2808E-01
 -4.2636E-02  7.4291E-02  1.3222E+00  6.7489E-02  5.2808E-01
  9.0521E-01 -8.1248E-02 -9.6415E-01  6.7489E-02  5.2808E-01
 -1.2420E+00 -1.1680E-01 -4.2741E-01  6.7108E-02  5.3713E-01
  1.2631E+00  2.6063E-02  3.7775E-01  6.7108E-02  5.3713E-01
 -3.3425E-01 -1.7398E-01  1.2571E+00  6.6726E-02  5.4640E-01
 -1.0477E+00  1.2646E-01 -7.8012E-01  6.6726E-02  5.4640E-01
 -3.2236E-01  7.2171E-02 -1.2701E+00  6.6726E-02  5.4640E-01
  2.8594E-01  9.4871E-02 -1.2709E+00  6.6345E-02  5.5588E-01
 -6.4137E-01  1.0547E-01  1.1258E+00  6.5963E-02  5.6559E-01
 -8.3804E-01  1.7625E-01  9.7804E-01  6.5963E-02  5.6559E-01
 -8.8292E-01  1.2688E-01  9.4567E-01  6.5963E-02  5.6559E-01
 -9.4078E-01 -6.1496E-02  8.9504E-01  6.5963E-02  5.6559E-01
  1.2225E+00 -1.7337E-01 -4.0671E-01  6.5963E-02  5.6559E-01
 -1.0049E+00 -1.7399E-01 -7.9620E-01  6.5581E-02  5.7553E-01
 -1.2646E+00  1.1471E-01  2.4855E-01  6.5581E-02  5.7553E-01
  1.2394E-01 -7.9519E-02  1.2854E+00  6.5581E-02  5.7553E-01
  9.0944E-01  1.0484E-01  9.1431E-01  6.5581E-02  5.7553E-01
  1.2774E+00  1.5012E-01 -6.2513E-02  6.5199E-02  5.8571E-01
 -7.0170E-01  3.7728E-02 -1.0719E+00  6.4817E-02  5.9614E-01
  3.2373E-01  1.4997E-01  1.2311E+00  6.4817E-02  5.9614E-01
 -5.3609E-01  7.0222E-02 -1.1621E+00  6.4817E-02  5.9614E-01
 -9.3850E-01 -2.4218E-02 -8.6379E-01  6.4434E-02  6.0681E-01
  5.8521E-01  1.7741E-01  1.1129E+00  6.4051E-02  6.1776E-01
  1.2492E+00 -5.2207E-03  2.2754E-01  6.4051E-02  6.1776E-01
  1.7238E-01 -1.1098E-01 -1.2531E+00  6.4051E-02  6.1776E-01
 -1.0938E+00 -5.6308E-02 -6.4244E-01  6.4051E-02  6.1776E-01
  1.0172E+00 -6.7665E-02 -7.4720E-01  6.3669E-02  6.2897E-01
 -1.1897E+00 -5.1909E-02 -4.0599E-01  6.3285E-02  6.4046E-01
  1.1839E+00  7.5350E-02 -4.1907E-01  6.3285E-02  6.4046E-01
  6.4332E-01  2.0350E-02  1.0810E+00  6.3285E-02  6.4046E-01
  1.3357E-01  9.1781E-02  1.2476E+00  6.3285E-02  6.4046E-01
 -1.1734E+00 -2.8697E-02 -4.5283E-01  6.3285E-02  6.4046E-01
 -1.1349E+00 -7.9333E-02 -5.2343E-01  6.2902E-02  6.5224E-01
 -1.0785E+00  9.9661E-03  6.3644E-01  6.2902E-02  6.5224E-01
 -6.8987E-01  1.8583E-01  1.0285E+00  6.2902E-02  6.5224E-01
 -1.1573E+00 -1.2353E-01  4.4652E-01  6.2518E-02  6.6433E-01
  1.2292E+00  8.2232E-02 -1.9044E-01  6.2518E-02  6.6433E-01
 -7.6283E-01  2.5886E-02  9.7841E-01  6.2134E-02  6.7672E-01
  4.5713E-01 -1.0016E-01 -1.1493E+00  6.2134E-02  6.7672E-01
 -2.3229E-02 -4.7088E-02  1.2398E+00  6.2134E-02  6.7672E-01
 -1.3502E-01  8.3417E-02 -1.2251E+00  6.1750E-02  6.8943E-01
  1.0735E+00  1.9174E-02  6.1087E-01  6.1750E-02  6.8943E-01
  1.2003E+00  9.2907E-02 -2.7691E-01  6.1750E-02  6.8943E-01
  5.5887E-01 -2.6287E-02 -1.0951E+00  6.1365E-02  7.0248E-01
  9.0574E-01  5.2571E-02  8.3011E-01  6.1365E-02  7.0248E-01
 -1.0567E+00 -1.2132E-01 -6.1719E-01  6.1365E-02  7.0248E-01
 -1.1311E-02 -1.6836E-01 -1.2181E+00  6.1365E-02  7.0248E-01
  8.2103E-01  9.9671E-02 -9.0259E-01  6.0980E-02  7.1587E-01
 -7.7495E-01  7.7750E-02  9.4451E-01  6.0980E-02  7.1587E-01
 -9.5733E-01  1.1364E-01 -7.5451E-01  6.0980E-02  7.1587E-01
 -1.0460E+00 -1.2186E-01  6.1358E-01  6.0595E-02  7.2962E-01
 -1.1392E+00 -1.4144E-01  4.0937E-01  6.0595E-02  7.2962E-01
 -6.2776E-01  5.3763E-02  1.0369E+00  6.0209E-02  7.4374E-01
 -1.2077E+00 -4.9056E-02  1.0664E-01  6.0209E-02  7.4374E-01
  2.0003E-01  1.5156E-01 -1.1871E+00  6.0209E-02  7.4374E-01
  8.4523E-01  1.7555E-01 -8.5263E-01  6.0209E-02  7.4374E-01
 -6.9752E-01  2.0753E-02  9.8606E-01  5.9822E-02  7.5825E-01
 -1.1249E+00 -1.6355E-01  4.0883E-01  5.9822E-02  7.5825E-01
 -8.8780E-01  4.8105E-02 -8.1778E-01  5.9822E-02  7.5825E-01
 -8.6592E-01 -1.7391E-01 -8.2414E-01  5.9822E-02  7.5825E-01
 -8.6116E-01  5.3096E-02 -8.4549E-01  5.9822E-02  7.5825E-01
  2.7932E-01  8.8675E-03 -1.1752E+00  5.9822E-02  7.5825E-01
 -1.1421E+00  2.6007E-02 -3.9268E-01  5.9822E-02  7.5825E-01
  1.1052E+00 -2.1059E-02 -4.7401E-01  5.9436E-02  7.7315E-01
  6.9835E-01 -1.4344E-02  9.7909E-01  5.9436E-02  7.7315E-01
  1.0861E+00  1.2882E-01 -5.0035E-01  5.9436E-02  7.7315E-01
  1.1500E+00  1.1959E-01  3.3113E-01  5.9436E-02  7.7315E-01
  1.1274E+00 -6.2075E-02 -3.9870E-01  5.9048E-02  7.8847E-01
 -7.1896E-01  6.7256E-02  9.5527E-01  5.9048E-02  7.8847E-01
  5.0051E-02  1.3787E-01 -1.1885E+00  5.9048E-02  7.8847E-01
 -8.6165E-01  5.0010E-02 -8.2259E-01  5.8660E-02  8.0422E-01
  1.1637E+00  1.5518E-01 -2.0796E-01  5.8660E-02  8.0422E-01
 -4.9457E-01  1.2102E-01 -1.0781E+00  5.8660E-02  8.0422E-01
  9.9382E-01  1.1997E-02 -6.3999E-01  5.7882E-02  8.3709E-01
  9.0212E-02  1.5167E-01 -1.1638E+00  5.7492E-02  8.5424E-01
 -1.1548E+00  1.0519E-01  2.0219E-01  5.7492E-02  8.5424E-01
 -3.8903E-01  3.4224E-02 -1.1000E+00  5.6710E-02  8.9009E-01
  1.0598E+00  1.4195E-01 -4.6825E-01  5.6710E-02  8.9009E-01
 -8.5459E-01  5.7732E-02 -7.9305E-01  5.6710E-02  8.9009E-01
 -1.1084E+00  1.6169E-01 -3.2831E-01  5.6710E-02  8.9009E-01
 -5.7430E-02  1.7852E-01 -1.1521E+00  5.6710E-02  8.9009E-01
 -1.1378E+00 -3.6093E-02  2.3568E-01  5.6317E-02  9.0882E-01
 -9.4370E-01 -1.6814E-01 -6.5766E-01  5.6317E-02  9.0882E-01
 -6.2709E-01 -5.1729E-02 -9.7746E-01  5.6317E-02  9.0882E-01
  8.3955E-01  6.8774E-02 -7.9418E-01  5.5924E-02  9.2814E-01
 -1.0961E+00  4.2447E-02  3.5539E-01  5.5530E-02  9.4805E-01
  1.0338E+00  7.4255E-02 -5.0523E-01  5.5530E-02  9.4805E-01
 -8.9265E-01  1.1677E-01 -7.2040E-01  5.5530E-02  9.4805E-01
  1.1284E+00  8.6625E-02  2.2064E-01  5.5530E-02  9.4805E-01
  9.2426E-01  5.3000E-02  6.8729E-01  5.5530E-02  9.4805E-01
 -4.0460E-01 -1.5508E-01  1.0635E+00  5.5134E-02  9.6859E-01
  1.1467E+00 -3.8491E-02 -4.7808E-02  5.5134E-02  9.6859E-01
 -6.8198E-01  5.0613E-03 -9.1823E-01  5.4738E-02  9.8980E-01
  5.8038E-01 -4.6706E-02  9.8451E-01  5.4738E-02  9.8980E-01
  1.1093E+00  9.1483E-02  2.6349E-01  5.4738E-02  9.8980E-01
 -1.4263E-01  5.5732E-03 -1.1349E+00  5.4738E-02  9.8980E-01
  9.5313E-01 -7.3953E-02  6.2797E-01  5.4738E-02  9.8980E-01
  9.9642E-02 -7.2151E-02  1.1372E+00  5.4738E-02  9.8980E-01
  3.0266E-01  3.2101E-03 -1.0983E+00  5.4340E-02  1.0117E+00
 -1.1279E+00  1.5849E-01  2.5706E-02  5.4340E-02  1.0117E+00
  9.2256E-01  2.7901E-02  6.6788E-01  5.4340E-02  1.0117E+00
 -8.7776E-01 -1.4176E-01 -7.1233E-01  5.4340E-02  1.0117E+00
 -6.1516E-01  6.2405E-02 -9.5690E-01  5.4340E-02  1.0117E+00
  4.9141E-01  1.0249E-01  1.0227E+00  5.4340E-02  1.0117E+00
 -6.2424E-01 -8.0126E-02  9.4967E-01  5.4340E-02  1.0117E+00
 -3.8778E-01  5.6916E-02 -1.0697E+00  5.4340E-02  1.0117E+00
  7.9333E-01  4.5844E-02 -8.1017E-01  5.3941E-02  1.0343E+00
 -6.6741E-01  3.0827E-03 -9.1783E-01  5.3941E-02  1.0343E+00
  5.3643E-01  7.6108E-04 -9.9507E-01  5.3541E-02  1.0577E+00
 -8.8896E-01 -3.9358E-02  6.9723E-01  5.3541E-02  1.0577E+00
  5.0023E-01  6.2643E-02  1.0070E+00  5.3139E-02  1.0818E+00
 -6.7468E-01 -7.0037E-02  8.9892E-01  5.3139E-02  1.0818E+00
  8.9918E-01 -1.6051E-01 -6.5870E-01  5.3139E-02  1.0818E+00
 -9.3788E-01 -1.5952E-01  6.0258E-01  5.3139E-02  1.0818E+00
 -1.0277E+00 -1.2003E-01  4.3359E-01  5.2736E-02  1.1068E+00
  1.0778E+00 -1.2891E-01  2.8333E-01  5.2736E-02  1.1068E+00
 -1.0077E+00  1.4603E-01  4.7107E-01  5.2736E-02  1.1068E+00
 -1.2158E-01 -2.0762E-02  1.1151E+00  5.2736E-02  1.1068E+00
  9.8076E-01  1.8138E-01 -5.1362E-01  5.2736E-02  1.1068E+00
 -3.6296E-01  1.8354E-01  1.0410E+00  5.2331E-02  1.1327E+00
  3.8508E-01  1.6976E-02  1.0491E+00  5.2331E-02  1.1327E+00
  6.7536E-01  8.3370E-02  8.8144E-01  5.1925E-02  1.1595E+00
 -9.6046E-01 -9.4440E-02  5.5551E-01  5.1925E-02  1.1595E+00
  2.9306E-01  1.5947E-01  1.0624E+00  5.1925E-02  1.1595E+00
 -5.9712E-01  5.2013E-02  9.3366E-01  5.1516E-02  1.1873E+00
  4.3908E-01  2.2148E-02  1.0187E+00  5.1516E-02  1.1873E+00
 -9.0770E-01 -1.1987E-01 -6.2665E-01  5.1516E-02  1.1873E+00
 -1.0906E+00  1.3182E-01  8.1898E-02  5.0694E-02  1.2461E+00
 -9.8487E-01 -1.2374E-01 -4.6873E-01  5.0279E-02  1.2771E+00
  1.0853E+00 -1.2965E-01 -1.0163E-01  5.0279E-02  1.2771E+00
  1.7947E-01  1.0787E-01  1.0776E+00  5.0279E-02  1.2771E+00
 -2.0561E-01  1.4579E-01 -1.0645E+00  4.9863E-02  1.3094E+00
 -7.0996E-01 -3.6260E-02  8.3145E-01  4.9863E-02  1.3094E+00
 -7.1063E-01  5.4374E-02  8.2498E-01  4.9444E-02  1.3430E+00
  7.9224E-01 -3.7067E-02 -7.4802E-01  4.9444E-02  1.3430E+00
 -1.0385E+00 -1.7929E-01 -2.7905E-01  4.9444E-02  1.3430E+00
 -8.5499E-02 -4.2810E-02  1.0860E+00  4.9444E-02  1.3430E+00
 -4.8169E-01  4.1846E-02  9.7712E-01  4.9444E-02  1.3430E+00
 -9.1622E-01  2.8364E-02  5.9015E-01  4.9444E-02  1.3430E+00
 -1.0883E+00  1.5456E-02 -6.3327E-02  4.9444E-02  1.3430E+00
  7.6157E-01  1.5102E-01 -7.6013E-01  4.9022E-02  1.3780E+00
 -9.0870E-01  1.6371E-01  5.7276E-01  4.9022E-02  1.3780E+00
 -8.6796E-01  1.7189E-01  6.3063E-01  4.9022E-02  1.3780E+00
  3.2905E-01  5.5019E-02 -1.0341E+00  4.9022E-02  1.3780E+00
 -9.3349E-02  1.0097E-01  1.0778E+00  4.9022E-02  1.3780E+00
  8.3161E-01  2.9512E-02  6.9309E-01  4.8597E-02  1.4144E+00
 -1.3558E-01 -1.2223E-01 -1.0675E+00  4.8597E-02  1.4144E+00
  5.0755E-01  6.4545E-02 -9.5050E-01  4.8170E-02  1.4524E+00
 -6.9584E-02 -1.1594E-01 -1.0710E+00  4.8170E-02  1.4524E+00
  5.3873E-01  9.3132E-02 -9.3076E-01  4.8170E-02  1.4524E+00
 -2.0537E-01  1.4816E-01 -1.0458E+00  4.7739E-02  1.4920E+00
 -7.6726E-01 -9.0904E-02 -7.4891E-01  4.7739E-02  1.4920E+00
  9.1321E-01 -1.1278E-02  5.6258E-01  4.7306E-02  1.5334E+00
  9.8241E-01  1.6944E-01  3.9588E-01  4.7306E-02  1.5334E+00
  7.7032E-01  2.0926E-02  7.4139E-01  4.6868E-02  1.5768E+00
  2.7376E-01  1.4366E-01 -1.0237E+00  4.6868E-02  1.5768E+00
 -1.4448E-01  8.0726E-02  1.0565E+00  4.6868E-02  1.5768E+00
  7.1861E-01  1.5337E-02 -7.8738E-01  4.6427E-02  1.6222E+00
  1.0384E-01 -1.6393E-01  1.0483E+00  4.6427E-02  1.6222E+00
 -1.9950E-01  1.8553E-01  1.0307E+00  4.6427E-02  1.6222E+00
  2.5756E-01 -1.5148E-01  1.0234E+00  4.6427E-02  1.6222E+00
  9.8061E-01  6.4554E-02 -4.0513E-01  4.5982E-02  1.6697E+00
 -1.0608E+00 -6.7758E-02 -4.2545E-03  4.5982E-02  1.6697E+00
 -9.0421E-01 -6.9110E-02  5.5454E-01  4.5982E-02  1.6697E+00
 -9.7356E-01 -1.5863E-01  3.9609E-01  4.5982E-02  1.6697E+00
 -3.2078E-01  1.2153E-01  1.0028E+00  4.5533E-02  1.7196E+00
  4.6092E-01 -1.6735E-01  9.3962E-01  4.5533E-02  1.7196E+00
  2.1016E-01 -1.0457E-01  1.0336E+00  4.5533E-02  1.7196E+00
  9.7945E-01  1.4442E-01  3.6984E-01  4.5079E-02  1.7721E+00
  1.0245E+00  6.9467E-02  2.4999E-01  4.5079E-02  1.7721E+00
 -9.7843E-01  5.7856E-02 -3.9534E-01  4.5079E-02  1.7721E+00
 -8.9034E-01  7.0252E-02  5.6509E-01  4.5079E-02  1.7721E+00
 -2.8965E-01  3.0789E-02  1.0129E+00  4.4620E-02  1.8273E+00
  1.0309E+00  3.1165E-03 -2.1887E-01  4.4620E-02  1.8273E+00
 -4.7200E-01  3.2781E-02  9.4176E-01  4.4620E-02  1.8273E+00
 -2.8696E-01  1.0855E-01  1.0083E+00  4.4620E-02  1.8273E+00
  9.2531E-01 -1.7481E-01 -4.6689E-01  4.4156E-02  1.8855E+00
 -9.0404E-01  1.7086E-01 -5.0819E-01  4.4156E-02  1.8855E+00
 -1.7871E-01  3.5002E-02  1.0352E+00  4.4156E-02  1.8855E+00
  8.2051E-01  8.4631E-02 -6.5142E-01  4.4156E-02  1.8855E+00
 -1.0412E+00 -4.7688E-02  1.1156E-01  4.3687E-02  1.9469E+00
 -8.9815E-02 -1.8213E-01 -1.0284E+00  4.3687E-02  1.9469E+00
 -1.0117E+00 -1.4251E-01 -2.3478E-01  4.3687E-02  1.9469E+00
  8.9464E-01  1.5714E-01 -5.1782E-01  4.3212E-02  2.0119E+00
 -5.6053E-01  1.3458E-01 -8.7230E-01  4.3212E-02  2.0119E+00
  7.6461E-01  7.0577E-02 -7.0575E-01  4.2730E-02  2.0806E+00
  6.6697E-01  4.6364E-02 -8.0044E-01  4.2730E-02  2.0806E+00
 -8.5171E-01  3.0050E-02 -5.9236E-01  4.1747E-02  2.2312E+00
  7.0044E-01 -6.9752E-02 -7.6270E-01  4.1747E-02  2.2312E+00
  9.9053E-01 -1.4378E-01  2.7452E-01  4.1747E-02  2.2312E+00
  1.0208E+00  1.1949E-01  1.4418E-01  4.1747E-02  2.2312E+00
  4.8412E-01  1.1570E-02 -9.1525E-01  4.1244E-02  2.3138E+00
  7.8695E-01  1.3209E-01 -6.5989E-01  4.1244E-02  2.3138E+00
  9.9975E-01  9.7577E-02  2.5134E-01  4.1244E-02  2.3138E+00
 -1.6796E-01 -1.7150E-01  1.0073E+00  4.1244E-02  2.3138E+00
 -1.0001E+00  1.6862E-01  1.9674E-01  4.0733E-02  2.4020E+00
  8.1431E-01 -1.3538E-01 -6.2124E-01  4.0733E-02  2.4020E+00
 -8.5911E-01 -7.1399E-02 -5.6938E-01  4.0733E-02  2.4020E+00
 -6.6475E-01 -1.2247E-01  7.8133E-01  4.0733E-02  2.4020E+00
 -2.1260E-01 -1.6924E-01 -9.9442E-01  4.0213E-02  2.4964E+00
 -9.2818E-01  1.0859E-01 -4.3521E-01  4.0213E-02  2.4964E+00
  1.0258E+00  1.8663E-03 -1.0223E-01  4.0213E-02  2.4964E+00
 -9.2909E-01  9.5088E-02 -4.3124E-01  3.9683E-02  2.5977E+00
  3.8454E-01  1.5970E-01  9.4066E-01  3.9683E-02  2.5977E+00
 -4.2364E-01  3.6462E-02 -9.3440E-01  3.9143E-02  2.7067E+00
  1.0176E+00  9.7785E-02 -9.3709E-02  3.9143E-02  2.7067E+00
 -7.1076E-01  1.3923E-01 -7.2755E-01  3.9143E-02  2.7067E+00
 -6.0374E-01  9.6250E-02 -8.2218E-01  3.8592E-02  2.8243E+00
 -2.1484E-01  1.2397E-01  9.9409E-01  3.8592E-02  2.8243E+00
  6.8093E-01 -5.4182E-03  7.6294E-01  3.8029E-02  2.9517E+00
 -5.2364E-01 -7.8071E-02 -8.7491E-01  3.8029E-02  2.9517E+00
  5.1221E-01  9.1369E-02 -8.8037E-01  3.8029E-02  2.9517E+00
 -9.5357E-01  1.3427E-01  3.4415E-01  3.8029E-02  2.9517E+00
  1.8320E-01  1.0082E-01 -1.0010E+00  3.8029E-02  2.9517E+00
 -1.0002E+00 -8.2088E-03  2.0371E-01  3.7452E-02  3.0900E+00
 -9.7861E-01 -9.1256E-03 -2.9014E-01  3.7452E-02  3.0900E+00
 -5.5435E-02 -4.4971E-03 -1.0192E+00  3.7452E-02  3.0900E+00
  1.0084E+00 -1.5312E-01  3.9398E-02  3.7452E-02  3.0900E+00
  6.4982E-01  1.2701E-01 -7.7688E-01  3.7452E-02  3.0900E+00
  8.5463E-01 -1.0063E-01 -5.4903E-01  3.7452E-02  3.0900E+00
  1.0050E+00  1.4861E-01  7.8387E-02  3.6862E-02  3.2409E+00
  8.2231E-01 -5.3674E-02 -5.9645E-01  3.6256E-02  3.4062E+00
  2.0887E-01 -1.6902E-04 -9.9559E-01  3.6256E-02  3.4062E+00
  2.9594E-01 -5.7691E-02  9.7155E-01  3.6256E-02  3.4062E+00
  9.9496E-01  9.3140E-02  1.8136E-01  3.5633E-02  3.5880E+00
 -6.9494E-01 -1.0181E-01 -7.3362E-01  3.5633E-02  3.5880E+00
  8.6434E-01  5.4243E-04 -5.3331E-01  3.5633E-02  3.5880E+00
  6.5128E-01 -4.8971E-03  7.7930E-01  3.5633E-02  3.5880E+00
 -8.6667E-01 -4.2114E-02  5.2784E-01  3.5633E-02  3.5880E+00
 -3.2981E-01  1.7937E-01 -9.4203E-01  3.4991E-02  3.7890E+00
  5.8845E-01 -1.2969E-01 -8.1564E-01  3.4991E-02  3.7890E+00
 -7.7460E-01  1.0973E-02  6.5440E-01  3.4991E-02  3.7890E+00
  5.9626E-01  1.8194E-01 -7.9983E-01  3.4991E-02  3.7890E+00
  6.5869E-01 -1.0133E-01 -7.6434E-01  3.4991E-02  3.7890E+00
 -4.0152E-01 -1.9186E-02 -9.3101E-01  3.4991E-02  3.7890E+00
 -5.5824E-01 -1.4192E-01  8.3283E-01  3.4329E-02  4.0125E+00
 -1.1186E-01 -3.4625E-02 -1.0044E+00  3.3644E-02  4.2626E+00
  1.9707E-02 -1.4208E-01  1.0010E+00  3.3644E-02  4.2626E+00
  9.0672E-01  1.6467E-02 -4.4739E-01  3.3644E-02  4.2626E+00
 -2.2504E-01 -1.5362E-01 -9.7382E-01  3.3644E-02  4.2626E+00
  1.1099E-01 -1.5010E-01  9.9251E-01  3.2934E-02  4.5444E+00
 -7.4786E-01 -1.8996E-03  6.7870E-01  3.2934E-02  4.5444E+00
 -2.4776E-02  4.3049E-02 -1.0087E+00  3.2934E-02  4.5444E+00
 -4.5428E-01  9.2690E-02  8.9581E-01  3.2195E-02  4.8645E+00
 -4.2590E-01 -1.8347E-01  8.9576E-01  3.2195E-02  4.8645E+00
  6.4096E-01  5.4859E-02 -7.7692E-01  3.2195E-02  4.8645E+00
  4.4202E-01 -1.0614E-01 -8.9915E-01  3.1425E-02  5.2312E+00
 -9.2274E-01 -1.6574E-01 -3.6905E-01  3.1425E-02  5.2312E+00
  3.6188E-01 -9.6754E-02  9.3531E-01  3.1425E-02  5.2312E+00
  7.5268E-01  1.5871E-01 -6.5069E-01  3.1425E-02  5.2312E+00
  1.0016E+00 -2.3743E-02  9.5758E-02  3.0618E-02  5.6557E+00
  3.8311E-01  1.4554E-01  9.1925E-01  3.0618E-02  5.6557E+00
  8.1449E-01  1.2413E-01  5.7807E-01  3.0618E-02  5.6557E+00
  4.9642E-01  9.0640E-02  8.7082E-01  3.0618E-02  5.6557E+00
 -7.6420E-01  1.5960E-01  6.3365E-01  2.9770E-02  6.1530E+00
 -5.2346E-01 -1.0677E-01 -8.5181E-01  2.9770E-02  6.1530E+00
 -9.8284E-01  8.6982E-02  1.9352E-01  2.9770E-02  6.1530E+00
 -8.3893E-01 -4.9584E-02  5.5037E-01  2.8874E-02  6.7438E+00
 -9.3968E-01  1.2593E-01 -3.3212E-01  2.8874E-02  6.7438E+00
  8.6152E-01  1.0261E-02  5.1656E-01  2.8874E-02  6.7438E+00
  3.6731E-01 -1.1893E-01 -9.2742E-01  2.8874E-02  6.7438E+00
 -6.1224E-01 -1.8112E-01 -7.7451E-01  2.7921E-02  7.4574E+00
 -3.1619E-01 -1.6753E-01 -9.3780E-01  2.7921E-02  7.4574E+00
  9.0684E-01  1.7372E-01 -3.9366E-01  2.7921E-02  7.4574E+00
 -4.4300E-01 -1.6600E-01  8.8527E-01  2.7921E-02  7.4574E+00
 -1.4907E-01  1.7891E-01  9.7560E-01  2.6903E-02  8.3369E+00
 -2.6837E-01  5.4867E-02  9.6488E-01  2.6903E-02  8.3369E+00
 -4.6260E-01  1.1802E-01  8.8209E-01  2.6903E-02  8.3369E+00
 -9.6766E-01 -1.1769E-01  2.3623E-01  2.6903E-02  8.3369E+00
  8.0465E-01  4.1206E-02  5.9738E-01  2.6903E-02  8.3369E+00
 -2.8800E-01  3.2492E-02 -9.5953E-01  2.5804E-02  9.4481E+00
 -9.4343E-01 -1.2458E-01  3.1296E-01  2.4606E-02  1.0897E+01
 -9.9980E-01  6.1434E-02  1.2593E-02  2.4606E-02  1.0897E+01
 -9.7528E-01 -8.0376E-02 -2.1424E-01  2.4606E-02  1.0897E+01
 -9.7339E-01 -1.5793E-01  1.7355E-01  2.3280E-02  1.2866E+01
  9.3858E-01  1.6805E-01  3.0555E-01  2.3280E-02  1.2866E+01
 -6.2786E-01  9.2083E-02  7.7353E-01  2.0058E-02  2.0115E+01
 -1.1956E-01  1.4670E-01 -9.8246E-01  2.0058E-02  2.0115E+01
  6.2863E-01  1.5098E-01 -7.6359E-01  2.0058E-02  2.0115E+01
 -4.0334E-01 -6.7490E-02  9.1313E-01  2.0058E-02  2.0115E+01
 -8.9163E-01  4.8123E-02  4.5135E-01  2.0058E-02  2.0115E+01
 -8.8527E-01 -8.4597E-02  4.5846E-01  2.0058E-02  2.0115E+01
  8.7046E-01  8.2777E-02 -4.8630E-01  2.0058E-02  2.0115E+01
  6.9214E-01 -2.5894E-02  7.2167E-01  1.7969E-02  2.7981E+01
  9.8249E-01  4.8497E-02  1.8140E-01  1.7969E-02  2.7981E+01
  8.1825E-01 -5.6013E-02 -5.7259E-01  1.7969E-02  2.7981E+01
 -6.7310E-01  4.6854E-02 -7.3843E-01  1.7969E-02  2.7981E+01
