0.25327542857143D+02       623
(x,y,z) position of the X-ray source
 -0.1796E+01  0.5915E-02  0.1129E+00
x | y | z | R | rho
 -9.5406E-01  3.2938E-01  9.9434E+00  3.2237E-01  4.8453E-03
 -6.8562E-01  1.8526E-01  9.5309E+00  3.1264E-01  5.3123E-03
  9.1588E-01  8.8470E-02  9.2328E+00  3.0635E-01  5.6461E-03
 -3.4287E-01 -3.1203E-01  9.2064E+00  3.0498E-01  5.7228E-03
  1.7042E-01  8.6021E-02  9.2161E+00  3.0498E-01  5.7228E-03
  2.7991E-01  4.5554E-02  8.9596E+00  2.9918E-01  6.0620E-03
  3.5977E-01  3.2192E-01  8.9269E+00  2.9862E-01  6.0959E-03
  2.0156E+00 -2.2127E-01  8.5705E+00  2.9556E-01  6.2871E-03
 -8.9863E-01  5.3936E-02  8.7125E+00  2.9445E-01  6.3588E-03
  1.3946E-01  1.9917E-01  8.6228E+00  2.9137E-01  6.5624E-03
 -1.5910E+00 -2.8094E-01  8.2528E+00  2.8631E-01  6.9167E-03
  8.5011E-01 -2.2030E-01  8.3393E+00  2.8574E-01  6.9578E-03
  2.0373E+00 -6.2793E-02  7.7991E+00  2.7807E-01  7.5496E-03
 -6.6492E-01 -1.0362E-01  7.9968E+00  2.7722E-01  7.6199E-03
  1.8783E-01  3.3442E-01  7.9079E+00  2.7464E-01  7.8365E-03
 -1.3523E+00 -9.1109E-04  7.5943E+00  2.6974E-01  8.2712E-03
  7.8727E-02  1.1497E-01  7.6766E+00  2.6887E-01  8.3516E-03
  1.4033E+00  1.5085E-01  7.4741E+00  2.6713E-01  8.5158E-03
 -1.2602E+00 -9.3057E-02  7.4278E+00  2.6539E-01  8.6847E-03
  9.2302E-01  2.0165E-01  7.0787E+00  2.5571E-01  9.7081E-03
 -1.4708E+00  3.1963E-01  6.6773E+00  2.4829E-01  1.0605E-02
 -1.8643E+00  1.7601E-01  6.4728E+00  2.4560E-01  1.0958E-02
  1.9532E+00  2.9263E-01  6.1949E+00  2.3957E-01  1.1806E-02
 -5.8078E-01  2.0530E-02  6.3932E+00  2.3745E-01  1.2126E-02
 -1.8451E+00  1.1861E-01  6.0000E+00  2.3379E-01  1.2703E-02
 -8.6244E-01  3.0942E-01  6.1399E+00  2.3195E-01  1.3008E-02
 -1.0064E+00  2.5269E-01  6.0492E+00  2.3011E-01  1.3322E-02
  2.4953E-01  1.1666E-01  6.1313E+00  2.3011E-01  1.3322E-02
 -1.0929E+00 -2.8019E-01  5.9256E+00  2.2734E-01  1.3816E-02
  1.0624E-01  2.4114E-01  6.0263E+00  2.2734E-01  1.3816E-02
  9.0666E-01  2.4019E-02  5.7506E+00  2.2176E-01  1.4886E-02
 -1.4585E+00  1.4246E-02  5.5878E+00  2.2051E-01  1.5140E-02
  4.4422E-01  1.6070E-01  5.7440E+00  2.2020E-01  1.5204E-02
 -1.5924E+00 -2.9573E-02  5.5269E+00  2.1988E-01  1.5269E-02
 -1.3959E+00 -1.9259E-01  5.5765E+00  2.1988E-01  1.5269E-02
  6.1622E-01  2.8131E-01  5.3142E+00  2.0916E-01  1.7740E-02
  1.3097E-02  1.7389E-02  5.1610E+00  2.0373E-01  1.9197E-02
  2.0970E-01  1.0333E-01  5.1443E+00  2.0341E-01  1.9288E-02
  1.4992E+00  2.8119E-01  4.9185E+00  2.0341E-01  1.9288E-02
  1.0470E+00 -2.5389E-01  4.9886E+00  2.0212E-01  1.9659E-02
  6.2873E-01  5.6106E-02  5.0412E+00  2.0148E-01  1.9848E-02
 -1.4547E+00 -1.4666E-01  4.8057E+00  1.9987E-01  2.0333E-02
  1.1744E+00 -1.3630E-01  4.8703E+00  1.9954E-01  2.0432E-02
 -7.8557E-01  7.0801E-03  4.7181E+00  1.9304E-01  2.2567E-02
 -1.6647E+00 -7.9567E-02  4.4590E+00  1.9238E-01  2.2798E-02
 -1.5161E+00 -1.7230E-01  4.4850E+00  1.9173E-01  2.3032E-02
 -1.7309E+00 -4.1329E-03  4.4099E+00  1.9173E-01  2.3032E-02
 -1.2039E+00 -1.4871E-01  4.4501E+00  1.8811E-01  2.4386E-02
  2.9986E-01 -2.6730E-01  4.3567E+00  1.8115E-01  2.7309E-02
  1.4018E+00  2.5202E-01  4.0892E+00  1.7981E-01  2.7923E-02
  5.7780E-03 -9.9507E-02  4.3178E+00  1.7948E-01  2.8079E-02
 -3.2878E-02 -3.2913E-02  4.1060E+00  1.7308E-01  3.1308E-02
 -2.9310E-01  1.8850E-02  4.0734E+00  1.7240E-01  3.1679E-02
 -1.3962E+00 -2.3807E-01  3.7236E+00  1.6934E-01  3.3426E-02
  2.5103E-01  2.0119E-01  3.9375E+00  1.6832E-01  3.4039E-02
 -1.6101E+00 -8.8486E-02  3.5945E+00  1.6798E-01  3.4247E-02
 -1.6807E+00 -2.4914E-02  3.5262E+00  1.6695E-01  3.4882E-02
 -1.3557E+00 -1.1511E-02  3.6636E+00  1.6695E-01  3.4882E-02
  8.1593E-01  2.2894E-01  3.7003E+00  1.6352E-01  3.7125E-02
  1.5219E-01 -1.1395E-01  3.7583E+00  1.6249E-01  3.7837E-02
  1.3393E+00 -2.1611E-01  3.4983E+00  1.6215E-01  3.8079E-02
  1.5078E+00 -1.9892E-01  3.4061E+00  1.6146E-01  3.8570E-02
  1.6494E+00  9.8904E-03  3.3091E+00  1.6042E-01  3.9323E-02
  9.9134E-01  8.5874E-02  3.5609E+00  1.6042E-01  3.9323E-02
  1.5800E+00 -1.7103E-01  3.3020E+00  1.5938E-01  4.0097E-02
  1.6191E+00  2.3869E-01  3.2666E+00  1.5903E-01  4.0360E-02
  1.7976E+00  4.5467E-02  3.0295E+00  1.5486E-01  4.3715E-02
  1.3324E+00 -1.7130E-01  3.2216E+00  1.5381E-01  4.4615E-02
 -6.6458E-01  4.7657E-02  3.4042E+00  1.5311E-01  4.5230E-02
 -1.6947E+00  2.3946E-01  2.9799E+00  1.5205E-01  4.6176E-02
 -1.0807E+00  1.2653E-01  3.2369E+00  1.5135E-01  4.6822E-02
 -1.6837E+00 -4.1590E-02  2.9582E+00  1.5100E-01  4.7150E-02
 -5.7790E-01  1.9370E-01  3.3381E+00  1.5065E-01  4.7481E-02
 -1.8485E+00  2.3278E-01  2.8361E+00  1.5065E-01  4.7481E-02
 -2.0626E-01  1.2970E-01  3.2342E+00  1.4570E-01  5.2483E-02
  6.7677E-02 -9.2105E-02  3.2413E+00  1.4570E-01  5.2483E-02
  1.3255E+00 -8.4026E-02  2.9355E+00  1.4499E-01  5.3258E-02
 -1.2449E-01  1.8389E-01  3.1824E+00  1.4392E-01  5.4451E-02
 -1.2531E+00 -1.7103E-01  2.9172E+00  1.4357E-01  5.4857E-02
  1.5599E-01  5.0279E-02  3.1647E+00  1.4321E-01  5.5267E-02
 -1.8120E+00 -2.9116E-02  2.5866E+00  1.4286E-01  5.5682E-02
  6.8069E-02  2.1793E-01  3.0970E+00  1.4107E-01  5.7823E-02
  6.6656E-01 -4.5676E-02  2.9787E+00  1.3928E-01  6.0082E-02
 -1.5560E+00  9.9297E-02  2.6246E+00  1.3928E-01  6.0082E-02
  5.1900E-01 -6.4887E-02  2.9544E+00  1.3748E-01  6.2467E-02
  1.6360E+00 -1.3066E-01  2.4741E+00  1.3640E-01  6.3962E-02
  2.2829E-01 -1.9212E-01  2.9434E+00  1.3604E-01  6.4472E-02
 -1.0204E+00  1.4590E-01  2.7620E+00  1.3568E-01  6.4988E-02
 -1.8260E+00  6.6513E-02  2.2068E+00  1.3279E-01  6.9327E-02
  8.7499E-01 -8.9870E-03  2.6956E+00  1.3170E-01  7.1060E-02
  1.9367E+00 -2.1691E-01  2.0292E+00  1.3098E-01  7.2249E-02
  1.1924E+00 -2.8472E-02  2.4459E+00  1.2770E-01  7.7958E-02
  1.1758E+00  1.0374E-01  2.4293E+00  1.2697E-01  7.9312E-02
  1.2484E+00  1.4598E-01  2.3791E+00  1.2660E-01  8.0001E-02
 -6.7660E-01 -1.7494E-01  2.5041E+00  1.2330E-01  8.6599E-02
  1.6972E+00 -1.1224E-01  1.9395E+00  1.2256E-01  8.8168E-02
 -1.5619E+00  1.2920E-01  2.0364E+00  1.2220E-01  8.8967E-02
  1.8952E+00 -3.9365E-02  1.7201E+00  1.2183E-01  8.9776E-02
 -1.9286E+00 -1.4034E-01 -1.6618E+00  1.2146E-01  9.0595E-02
 -8.9594E-01 -1.0767E-01  2.3740E+00  1.2109E-01  9.1425E-02
 -1.9130E+00  1.2915E-01  1.6040E+00  1.1961E-01  9.4853E-02
  4.4498E-01 -2.0436E-01  2.4413E+00  1.1925E-01  9.5738E-02
 -9.1942E-01 -2.1257E-01  2.2935E+00  1.1888E-01  9.6634E-02
  1.6463E+00 -5.7784E-02  1.8539E+00  1.1888E-01  9.6634E-02
 -5.9988E-01 -1.6310E-01  2.3804E+00  1.1814E-01  9.8461E-02
  1.4741E+00  1.4754E-02  1.9697E+00  1.1814E-01  9.8461E-02
 -1.9198E+00  3.2760E-02 -1.5065E+00  1.1739E-01  1.0034E-01
 -1.1028E+00 -6.4593E-03  2.1551E+00  1.1665E-01  1.0226E-01
 -9.7307E-01  1.9128E-01  2.1762E+00  1.1554E-01  1.0525E-01
 -1.1515E+00 -1.5828E-02  2.0848E+00  1.1517E-01  1.0627E-01
 -1.6237E+00  1.8741E-01 -1.7188E+00  1.1480E-01  1.0731E-01
  1.0939E+00  1.3903E-01  2.0890E+00  1.1442E-01  1.0836E-01
 -1.2265E+00  6.4667E-02  2.0178E+00  1.1442E-01  1.0836E-01
  8.2726E-01 -1.7955E-01  2.2053E+00  1.1442E-01  1.0836E-01
 -1.6267E+00 -9.4221E-02 -1.6833E+00  1.1368E-01  1.1050E-01
  1.0330E+00 -7.8816E-02  2.1013E+00  1.1368E-01  1.1050E-01
  1.9076E+00 -2.9370E-02  1.3429E+00  1.1331E-01  1.1159E-01
 -1.8632E+00 -6.8110E-02 -1.3372E+00  1.1182E-01  1.1612E-01
  1.3911E+00 -1.5201E-01  1.8061E+00  1.1144E-01  1.1729E-01
  1.4132E+00 -1.2978E-01 -1.7538E+00  1.1032E-01  1.2090E-01
  1.8105E+00 -1.2819E-01 -1.3400E+00  1.1032E-01  1.2090E-01
 -1.4835E+00 -1.2776E-01 -1.6822E+00  1.0995E-01  1.2214E-01
  5.4057E-01 -2.0144E-01  2.1712E+00  1.0995E-01  1.2214E-01
 -3.4920E-01 -6.0968E-02  2.1894E+00  1.0882E-01  1.2596E-01
  5.8726E-02  9.5204E-02  2.1961E+00  1.0808E-01  1.2859E-01
 -6.5462E-01  7.8692E-03  2.0992E+00  1.0808E-01  1.2859E-01
 -1.3065E+00 -1.0454E-01  1.7538E+00  1.0770E-01  1.2994E-01
 -1.5531E+00 -1.1839E-01  1.5253E+00  1.0733E-01  1.3131E-01
  1.7388E+00 -1.2045E-01  1.2780E+00  1.0658E-01  1.3410E-01
  2.1321E-01 -1.4231E-02  2.1507E+00  1.0658E-01  1.3410E-01
  4.6204E-01 -1.3444E-01  2.0782E+00  1.0545E-01  1.3845E-01
 -8.0851E-01 -1.5851E-01  1.9676E+00  1.0545E-01  1.3845E-01
  1.6757E+00 -1.2918E-01 -1.2984E+00  1.0507E-01  1.3994E-01
 -1.3857E+00 -1.8690E-01 -1.5862E+00  1.0470E-01  1.4145E-01
 -8.5867E-01  9.9814E-02  1.9195E+00  1.0432E-01  1.4299E-01
 -1.2333E+00  1.7565E-01  1.6740E+00  1.0357E-01  1.4613E-01
  8.2656E-01  1.5785E-01 -1.9095E+00  1.0357E-01  1.4613E-01
  7.9732E-01 -1.2709E-01  1.9041E+00  1.0281E-01  1.4936E-01
  9.4230E-01 -1.5093E-02  1.8307E+00  1.0244E-01  1.5102E-01
  1.8579E+00  1.3493E-01  8.7708E-01  1.0244E-01  1.5102E-01
 -1.3623E+00  1.7494E-02 -1.5316E+00  1.0206E-01  1.5269E-01
  5.0655E-01  1.9596E-01  1.9670E+00  1.0168E-01  1.5440E-01
 -1.9009E+00 -1.2719E-01  6.2229E-01  1.0017E-01  1.6148E-01
 -1.6635E+00  1.2112E-01  1.1112E+00  1.0017E-01  1.6148E-01
  8.6421E-01 -4.4504E-02  1.7977E+00  9.9797E-02  1.6332E-01
 -1.6976E+00  1.4179E-01  1.0211E+00  9.9419E-02  1.6519E-01
 -8.3025E-01 -1.2990E-01  1.7896E+00  9.9041E-02  1.6709E-01
 -1.0761E+00 -1.7133E-01 -1.6173E+00  9.7907E-02  1.7297E-01
 -8.4549E-01 -4.2394E-02 -1.7469E+00  9.7529E-02  1.7499E-01
  5.3941E-01  1.8837E-01  1.8552E+00  9.7529E-02  1.7499E-01
 -3.4536E-01  1.8480E-01 -1.8922E+00  9.7150E-02  1.7704E-01
  1.5346E+00  1.3660E-01 -1.1662E+00  9.7150E-02  1.7704E-01
 -9.9543E-01 -1.4282E-01 -1.6500E+00  9.7150E-02  1.7704E-01
 -2.6331E-01  9.4341E-02  1.9119E+00  9.7150E-02  1.7704E-01
 -1.4300E+00 -5.6374E-02  1.2718E+00  9.6393E-02  1.8124E-01
 -1.6721E+00 -2.8503E-02  9.3206E-01  9.6393E-02  1.8124E-01
  1.8812E+00  9.4844E-02 -3.4267E-01  9.6393E-02  1.8124E-01
  3.3532E-01 -7.1399E-02 -1.8836E+00  9.6393E-02  1.8124E-01
  1.8617E+00  1.2089E-01 -4.2972E-01  9.6393E-02  1.8124E-01
  1.6227E+00  1.0237E-01 -9.9391E-01  9.6015E-02  1.8340E-01
  1.8948E+00  2.0118E-02 -2.0217E-01  9.6015E-02  1.8340E-01
  1.8452E+00 -1.0281E-01  4.6516E-01  9.6015E-02  1.8340E-01
  1.8422E+00 -1.4602E-01  3.8709E-01  9.5257E-02  1.8781E-01
 -1.8231E+00 -2.6989E-02  4.5520E-01  9.4878E-02  1.9007E-01
 -1.7354E+00 -1.0604E-01 -7.1324E-01  9.4878E-02  1.9007E-01
  1.2253E+00  8.5319E-02 -1.4224E+00  9.4878E-02  1.9007E-01
 -3.1657E-01 -6.1356E-03 -1.8258E+00  9.3741E-02  1.9707E-01
  1.5238E+00 -1.0124E-01  1.0495E+00  9.3741E-02  1.9707E-01
  1.8245E+00  1.8402E-01  1.9789E-01  9.3361E-02  1.9948E-01
  1.4572E-01 -1.2289E-01  1.8345E+00  9.3361E-02  1.9948E-01
 -1.8270E+00 -6.2547E-02 -1.6724E-01  9.2982E-02  2.0193E-01
  7.2953E-01 -4.9135E-02  1.6838E+00  9.2982E-02  2.0193E-01
 -1.5520E+00  1.1769E-01  9.5699E-01  9.2603E-02  2.0443E-01
  8.2878E-01 -1.6190E-01  1.6105E+00  9.2223E-02  2.0696E-01
  1.9396E-01  8.6260E-02  1.8060E+00  9.2223E-02  2.0696E-01
  2.6755E-02 -6.1094E-02 -1.8087E+00  9.1844E-02  2.0954E-01
 -8.6348E-01  1.6888E-01  1.5816E+00  9.1844E-02  2.0954E-01
  2.0887E-01  7.6903E-02 -1.7789E+00  9.1084E-02  2.1482E-01
 -1.7192E+00 -1.2189E-01 -4.9366E-01  9.1084E-02  2.1482E-01
 -1.7595E+00 -1.7367E-02 -3.4353E-01  9.1084E-02  2.1482E-01
  1.1345E+00  2.8222E-02 -1.3769E+00  9.0704E-02  2.1753E-01
 -1.7476E+00  1.3136E-01 -3.3522E-01  9.0704E-02  2.1753E-01
 -1.7701E+00  8.8540E-02  1.1093E-01  9.0325E-02  2.2029E-01
  7.4978E-01  5.0497E-02  1.6090E+00  9.0325E-02  2.2029E-01
  1.2522E+00  1.3139E-01  1.2523E+00  9.0325E-02  2.2029E-01
 -1.7635E+00 -7.8495E-02 -8.5301E-02  8.9945E-02  2.2309E-01
  1.2412E+00  6.4988E-03  1.2462E+00  8.9565E-02  2.2594E-01
 -1.3204E+00 -1.7194E-01 -1.1363E+00  8.9185E-02  2.2884E-01
 -9.7148E-01  7.6504E-02  1.4542E+00  8.9185E-02  2.2884E-01
  1.2619E+00 -7.0731E-02 -1.2111E+00  8.9185E-02  2.2884E-01
  1.6726E+00 -1.1611E-01 -5.0316E-01  8.9185E-02  2.2884E-01
 -1.5504E+00 -6.8285E-02  7.9163E-01  8.8805E-02  2.3179E-01
 -1.4842E+00 -1.6475E-01 -8.8084E-01  8.8425E-02  2.3479E-01
  5.7974E-01 -7.2985E-02  1.6235E+00  8.8044E-02  2.3785E-01
 -7.7180E-01  2.7309E-02 -1.5337E+00  8.7664E-02  2.4095E-01
  1.6056E+00 -9.9848E-02 -6.0063E-01  8.7664E-02  2.4095E-01
  1.6998E+00 -1.7450E-01 -1.6959E-01  8.7664E-02  2.4095E-01
  1.6204E+00 -5.6605E-03 -5.4276E-01  8.7284E-02  2.4412E-01
  3.0203E-01  1.3621E-01 -1.6680E+00  8.6904E-02  2.4734E-01
 -1.6704E+00 -7.1643E-02  3.1093E-01  8.6904E-02  2.4734E-01
 -2.7476E-01  8.4282E-02 -1.6762E+00  8.6904E-02  2.4734E-01
  1.6390E+00  5.9651E-02 -4.4968E-01  8.6904E-02  2.4734E-01
  6.8066E-01  1.7155E-01 -1.5490E+00  8.6904E-02  2.4734E-01
 -1.4797E+00  3.8922E-03 -8.2144E-01  8.6524E-02  2.5061E-01
 -3.5087E-01 -1.3462E-01  1.6502E+00  8.6524E-02  2.5061E-01
  5.4730E-01  1.3923E-02 -1.6014E+00  8.6524E-02  2.5061E-01
 -6.1791E-01  6.8655E-02  1.5741E+00  8.6524E-02  2.5061E-01
 -1.3737E+00 -1.8539E-01 -9.5668E-01  8.6143E-02  2.5395E-01
 -1.1918E+00  1.8141E-01 -1.1527E+00  8.5382E-02  2.6079E-01
  2.8767E-01 -2.6095E-02  1.6428E+00  8.5382E-02  2.6079E-01
 -1.6665E+00 -6.2247E-02  2.9551E-02  8.5382E-02  2.6079E-01
  1.2529E+00  1.6521E-02  1.1009E+00  8.5382E-02  2.6079E-01
 -1.2681E-01 -1.7182E-01  1.6461E+00  8.5002E-02  2.6431E-01
  1.5145E+00  1.6017E-01  6.6005E-01  8.5002E-02  2.6431E-01
 -1.6458E+00  1.1203E-01 -1.8419E-01  8.5002E-02  2.6431E-01
  1.6250E+00  1.4994E-01  3.0339E-01  8.5002E-02  2.6431E-01
 -1.3381E+00  2.9202E-02  9.5428E-01  8.4241E-02  2.7154E-01
  1.5488E+00  1.5134E-01 -5.0406E-01  8.3861E-02  2.7525E-01
 -4.9186E-01 -1.7899E-01  1.5497E+00  8.3861E-02  2.7525E-01
  1.3067E+00  1.3766E-01 -9.7429E-01  8.3861E-02  2.7525E-01
 -9.2986E-01 -1.3699E-01 -1.3290E+00  8.3480E-02  2.7903E-01
  1.2975E+00  5.6559E-02 -9.5479E-01  8.2719E-02  2.8681E-01
 -1.2194E+00 -9.9966E-02  1.0495E+00  8.2719E-02  2.8681E-01
 -5.3018E-01  1.3690E-01 -1.5161E+00  8.2719E-02  2.8681E-01
  2.3002E-01 -1.4026E-01 -1.5892E+00  8.2719E-02  2.8681E-01
 -9.7143E-01 -1.4514E-02 -1.2763E+00  8.2338E-02  2.9080E-01
  1.1957E+00  1.6674E-01 -1.0562E+00  8.2338E-02  2.9080E-01
 -1.5582E+00  9.1133E-02  3.6960E-01  8.2338E-02  2.9080E-01
  1.5934E+00  9.2820E-02  1.6196E-02  8.1958E-02  2.9487E-01
  2.5100E-01 -7.3630E-02  1.5746E+00  8.1958E-02  2.9487E-01
  1.5928E+00 -9.7575E-02  3.5910E-02  8.1958E-02  2.9487E-01
 -1.5426E+00 -1.7011E-01  3.3807E-01  8.1577E-02  2.9902E-01
 -1.4051E+00 -1.2857E-01 -7.1223E-01  8.1197E-02  3.0324E-01
 -1.5615E+00 -7.7144E-02 -1.7216E-01  8.0816E-02  3.0755E-01
  8.3587E-01 -5.1831E-02  1.3222E+00  8.0435E-02  3.1193E-01
 -8.8058E-01  1.1896E-02  1.2938E+00  8.0435E-02  3.1193E-01
  1.5081E+00 -9.1692E-02 -4.0853E-01  8.0435E-02  3.1193E-01
 -1.2273E+00 -1.9367E-02 -9.7109E-01  8.0435E-02  3.1193E-01
 -1.4113E+00  5.7253E-02  6.7426E-01  8.0435E-02  3.1193E-01
  1.0209E+00  1.5036E-01 -1.1665E+00  8.0055E-02  3.1640E-01
  7.0744E-01 -1.8331E-01 -1.3753E+00  8.0055E-02  3.1640E-01
 -6.1670E-01  1.8137E-01  1.4186E+00  8.0055E-02  3.1640E-01
 -1.5200E+00 -4.7074E-02  2.9856E-01  7.9674E-02  3.2096E-01
 -6.2040E-01  1.0560E-01  1.4162E+00  7.9674E-02  3.2096E-01
  1.0774E+00  1.7829E-02  1.1032E+00  7.9293E-02  3.2561E-01
  1.5201E+00 -1.5260E-01 -2.1052E-01  7.9293E-02  3.2561E-01
 -1.4314E+00 -1.7523E-01  5.4656E-01  7.9293E-02  3.2561E-01
 -1.0012E+00  1.2233E-01 -1.1565E+00  7.8913E-02  3.3034E-01
 -2.9506E-01 -1.2544E-01 -1.5007E+00  7.8913E-02  3.3034E-01
 -3.2011E-01 -1.4105E-01  1.4864E+00  7.8532E-02  3.3517E-01
  1.0935E+00  1.2889E-01  1.0471E+00  7.8152E-02  3.4009E-01
 -1.3171E+00  9.5052E-02  7.5173E-01  7.8152E-02  3.4009E-01
  6.6047E-02 -9.2594E-03 -1.5106E+00  7.7771E-02  3.4511E-01
  1.3001E+00  9.9709E-02 -7.6549E-01  7.7771E-02  3.4511E-01
  1.1001E+00  4.9780E-02 -1.0252E+00  7.7390E-02  3.5022E-01
 -1.0379E+00 -2.0935E-02 -1.0891E+00  7.7390E-02  3.5022E-01
 -1.0022E+00 -1.6062E-01 -1.1006E+00  7.7010E-02  3.5544E-01
  4.8181E-01  1.4990E-01 -1.4096E+00  7.7010E-02  3.5544E-01
  1.2791E-01  1.5453E-01 -1.4763E+00  7.6629E-02  3.6076E-01
 -1.1558E+00  9.8054E-02  9.3494E-01  7.6629E-02  3.6076E-01
  1.3189E+00 -1.8490E-01 -6.6768E-01  7.6629E-02  3.6076E-01
 -1.4587E+00  1.6242E-01 -2.5549E-01  7.6629E-02  3.6076E-01
 -2.7557E-01  2.1980E-02  1.4640E+00  7.6629E-02  3.6076E-01
 -7.4003E-01  1.5825E-01 -1.2748E+00  7.6248E-02  3.6619E-01
 -1.4033E+00  1.0393E-01  3.9197E-01  7.5106E-02  3.8315E-01
 -1.3523E+00  1.6077E-01 -5.0812E-01  7.4726E-02  3.8904E-01
 -3.0765E-01  1.8597E-02 -1.4205E+00  7.4726E-02  3.8904E-01
 -2.1638E-01 -5.9567E-02 -1.4289E+00  7.4345E-02  3.9504E-01
 -1.2566E+00 -5.7235E-02  7.1392E-01  7.4345E-02  3.9504E-01
 -8.9845E-02  4.3404E-02  1.4430E+00  7.4345E-02  3.9504E-01
  2.0123E-01  9.5413E-02 -1.4292E+00  7.4345E-02  3.9504E-01
  1.2651E+00  1.1924E-01  6.7592E-01  7.3965E-02  4.0117E-01
 -1.2439E+00  9.7019E-02  7.1759E-01  7.3965E-02  4.0117E-01
  8.1502E-02  1.4794E-02 -1.4369E+00  7.3965E-02  4.0117E-01
 -4.5093E-01  4.2408E-02  1.3587E+00  7.3584E-02  4.0743E-01
 -1.0961E+00  1.5317E-01 -9.0904E-01  7.3584E-02  4.0743E-01
 -1.9791E-01  1.4539E-01  1.4110E+00  7.3584E-02  4.0743E-01
 -1.3239E+00 -1.2134E-01  5.3278E-01  7.3584E-02  4.0743E-01
 -7.4233E-02  9.4324E-02  1.4272E+00  7.3584E-02  4.0743E-01
  1.3873E+00  1.8338E-01 -2.7046E-01  7.3203E-02  4.1382E-01
  8.4042E-01 -3.1207E-02 -1.1420E+00  7.2822E-02  4.2035E-01
  1.3567E+00  1.8286E-01  3.7074E-01  7.2822E-02  4.2035E-01
 -1.0128E+00 -1.4182E-01 -9.7261E-01  7.2442E-02  4.2701E-01
 -7.4661E-01  7.0837E-02 -1.1874E+00  7.2061E-02  4.3381E-01
 -3.9008E-01 -4.3382E-02  1.3413E+00  7.1680E-02  4.4076E-01
 -1.0650E+00  8.8489E-02  8.7932E-01  7.0919E-02  4.5511E-01
  1.3136E+00 -5.8897E-02  4.3163E-01  7.0919E-02  4.5511E-01
 -7.7503E-01 -1.2146E-01  1.1320E+00  7.0538E-02  4.6253E-01
  1.0437E+00 -2.2672E-02  8.9833E-01  7.0538E-02  4.6253E-01
  1.3640E+00 -1.7311E-01  7.8837E-02  7.0538E-02  4.6253E-01
  1.1568E+00  1.5282E-01  7.1898E-01  7.0157E-02  4.7010E-01
 -1.0663E+00  9.6191E-02  8.5569E-01  7.0157E-02  4.7010E-01
 -9.3695E-02  7.9698E-03  1.3673E+00  7.0157E-02  4.7010E-01
  1.3480E+00  9.6319E-02 -1.8389E-01  6.9776E-02  4.7784E-01
  1.3436E+00  1.8156E-01  1.4828E-01  6.9776E-02  4.7784E-01
  5.5998E-01 -1.1307E-01  1.2385E+00  6.9776E-02  4.7784E-01
 -8.5962E-01  1.2332E-01 -1.0431E+00  6.9395E-02  4.8575E-01
 -1.3102E+00  1.4540E-01  3.2339E-01  6.9395E-02  4.8575E-01
  1.0473E+00 -1.5958E-01 -8.4856E-01  6.9395E-02  4.8575E-01
  1.2266E+00  1.0673E-01  5.7120E-01  6.9395E-02  4.8575E-01
  3.2646E-01 -1.5187E-01 -1.3019E+00  6.9014E-02  4.9384E-01
  1.1658E+00 -6.5193E-02 -6.7909E-01  6.9014E-02  4.9384E-01
 -1.2714E+00  3.0414E-02  4.5526E-01  6.9014E-02  4.9384E-01
  8.7083E-01 -5.8048E-02  1.0309E+00  6.9014E-02  4.9384E-01
  7.7083E-02 -1.0978E-01  1.3441E+00  6.9014E-02  4.9384E-01
  1.3245E+00 -5.0015E-02 -2.5998E-01  6.9014E-02  4.9384E-01
  3.1405E-01  8.3794E-02  1.3044E+00  6.8633E-02  5.0211E-01
 -1.0685E+00 -1.7541E-01  7.9651E-01  6.8633E-02  5.0211E-01
 -8.8086E-02 -1.3435E-02 -1.3413E+00  6.8633E-02  5.0211E-01
 -1.1378E+00  6.2662E-02 -7.1306E-01  6.8633E-02  5.0211E-01
 -1.1291E+00  1.5821E-01 -6.9988E-01  6.8252E-02  5.1057E-01
 -1.3292E+00 -5.7825E-02  1.4021E-01  6.8252E-02  5.1057E-01
 -3.2285E-01 -1.2193E-01 -1.2925E+00  6.8252E-02  5.1057E-01
 -1.0098E+00 -1.7919E-01  8.4895E-01  6.7871E-02  5.1923E-01
 -3.2820E-01  2.1948E-02  1.2901E+00  6.7871E-02  5.1923E-01
  1.2660E+00 -5.7973E-02 -4.0802E-01  6.7871E-02  5.1923E-01
 -4.6702E-01 -1.3727E-01  1.2255E+00  6.7108E-02  5.3713E-01
  7.9697E-02 -9.0855E-02 -1.3131E+00  6.7108E-02  5.3713E-01
  1.2553E+00 -3.3248E-06 -4.0376E-01  6.7108E-02  5.3713E-01
  9.8128E-01  9.0512E-02  8.7622E-01  6.7108E-02  5.3713E-01
 -9.2237E-01  1.3782E-01 -9.2336E-01  6.6726E-02  5.4640E-01
  1.0885E+00 -1.0217E-01  7.2602E-01  6.6726E-02  5.4640E-01
  6.1960E-01 -1.2342E-01 -1.1503E+00  6.6726E-02  5.4640E-01
 -5.3043E-02 -4.5033E-02 -1.3105E+00  6.6726E-02  5.4640E-01
 -1.3390E-01  1.0854E-01 -1.2947E+00  6.6345E-02  5.5588E-01
 -1.2983E+00  1.1883E-01 -7.8988E-02  6.6345E-02  5.5588E-01
 -4.9798E-01 -9.5645E-02 -1.2037E+00  6.6345E-02  5.5588E-01
  2.7243E-02  2.5118E-02  1.2994E+00  6.5963E-02  5.6559E-01
  7.5282E-01  1.0467E-01 -1.0546E+00  6.5963E-02  5.6559E-01
 -1.2923E+00 -8.0520E-02  1.1573E-01  6.5963E-02  5.6559E-01
  3.4318E-01 -1.5305E-01 -1.2445E+00  6.5963E-02  5.6559E-01
 -1.2283E+00  6.6120E-02  4.2060E-01  6.5963E-02  5.6559E-01
 -5.8522E-01 -1.1889E-01  1.1478E+00  6.5581E-02  5.7553E-01
 -1.1446E+00  1.0333E-01 -5.8099E-01  6.5199E-02  5.8571E-01
 -4.7711E-01 -7.2100E-02  1.1874E+00  6.4817E-02  5.9614E-01
  1.0137E+00 -4.9162E-02 -7.8281E-01  6.4817E-02  5.9614E-01
  1.2181E-01 -1.5078E-01  1.2670E+00  6.4817E-02  5.9614E-01
 -9.3594E-01 -1.5582E-02  8.6676E-01  6.4434E-02  6.0681E-01
  9.2933E-01  1.8310E-01  8.5460E-01  6.4434E-02  6.0681E-01
  2.4813E-01 -1.1184E-02  1.2513E+00  6.4434E-02  6.0681E-01
  1.2537E+00  5.4884E-02  2.2974E-01  6.4434E-02  6.0681E-01
 -8.6847E-01  1.1190E-01 -9.2777E-01  6.4434E-02  6.0681E-01
  3.7671E-01 -1.8260E-01 -1.1988E+00  6.4051E-02  6.1776E-01
 -1.1362E+00  1.8496E-01 -5.3598E-01  6.4051E-02  6.1776E-01
  8.2544E-01 -5.4660E-02  9.5559E-01  6.3669E-02  6.2897E-01
 -1.2380E+00 -1.3894E-01 -2.1345E-01  6.3669E-02  6.2897E-01
  9.0181E-01  1.3214E-01 -8.7565E-01  6.3669E-02  6.2897E-01
  9.7698E-01 -2.8004E-02 -7.9217E-01  6.3285E-02  6.4046E-01
 -1.2732E-01 -1.2079E-01  1.2400E+00  6.2902E-02  6.5224E-01
 -1.7268E-01  1.6482E-01  1.2294E+00  6.2902E-02  6.5224E-01
 -1.1293E+00 -8.9005E-02  5.2022E-01  6.2518E-02  6.6433E-01
  6.0282E-02 -1.5337E-02 -1.2450E+00  6.2518E-02  6.6433E-01
 -4.7266E-01 -1.7760E-01 -1.1397E+00  6.2518E-02  6.6433E-01
  6.5531E-01 -4.9648E-02  1.0593E+00  6.2518E-02  6.6433E-01
  9.6065E-01 -4.7326E-02 -7.8407E-01  6.2134E-02  6.7672E-01
 -1.2048E+00 -8.1558E-03  2.9691E-01  6.2134E-02  6.7672E-01
  1.2200E+00 -1.0037E-01  2.0346E-01  6.2134E-02  6.7672E-01
 -2.9929E-01 -1.5647E-01  1.1882E+00  6.1750E-02  6.8943E-01
 -4.1885E-01 -1.6291E-01  1.1506E+00  6.1750E-02  6.8943E-01
  1.2219E+00 -1.7437E-01 -4.8874E-02  6.1750E-02  6.8943E-01
  1.1509E+00 -7.7185E-02 -4.2622E-01  6.1365E-02  7.0248E-01
 -1.2127E+00 -1.4879E-01  1.3959E-01  6.1365E-02  7.0248E-01
 -1.2080E+00 -1.4709E-01  1.7716E-01  6.1365E-02  7.0248E-01
  1.2258E+00 -4.4163E-02 -8.7513E-02  6.1365E-02  7.0248E-01
  9.5040E-01 -1.1936E-01  7.6235E-01  6.0980E-02  7.1587E-01
  7.3425E-01 -5.6273E-02 -9.7111E-01  6.0595E-02  7.2962E-01
  1.1511E+00 -1.5899E-01  3.6747E-01  6.0595E-02  7.2962E-01
 -1.1661E+00 -1.4702E-01 -3.2254E-01  6.0595E-02  7.2962E-01
  4.1243E-02  8.1079E-02 -1.2099E+00  6.0209E-02  7.4374E-01
 -1.2052E+00 -7.8123E-02 -2.4443E-02  5.9822E-02  7.5825E-01
  4.7653E-01 -2.3684E-02  1.1098E+00  5.9822E-02  7.5825E-01
  7.8161E-01 -1.3124E-02 -9.2097E-01  5.9822E-02  7.5825E-01
  9.5518E-01  3.2595E-02 -7.3881E-01  5.9822E-02  7.5825E-01
  1.0659E+00 -5.0196E-02 -5.6621E-01  5.9822E-02  7.5825E-01
 -9.0422E-01  1.7389E-01 -7.8194E-01  5.9822E-02  7.5825E-01
 -1.1064E+00 -8.3317E-02 -4.7761E-01  5.9822E-02  7.5825E-01
  7.8431E-01  1.6716E-01  8.9635E-01  5.9436E-02  7.7315E-01
 -1.0857E+00  1.3482E-02 -5.1726E-01  5.9436E-02  7.7315E-01
  9.7265E-01  8.5132E-03 -6.9845E-01  5.9048E-02  7.8847E-01
  5.5081E-02  3.1373E-02  1.1958E+00  5.9048E-02  7.8847E-01
 -1.1015E+00 -1.1658E-02  4.6951E-01  5.9048E-02  7.8847E-01
  4.7349E-01 -8.0933E-02  1.0969E+00  5.9048E-02  7.8847E-01
  1.0025E+00 -2.5135E-02 -6.5445E-01  5.9048E-02  7.8847E-01
  8.3703E-01 -1.1018E-01 -8.4192E-01  5.8660E-02  8.0422E-01
 -1.1589E+00  1.2453E-01 -2.5114E-01  5.8660E-02  8.0422E-01
  1.1751E+00  1.5489E-01 -6.7450E-02  5.8271E-02  8.2042E-01
 -5.8690E-01  1.7527E-01 -1.0170E+00  5.8271E-02  8.2042E-01
 -1.1806E+00  1.2454E-01 -7.1469E-03  5.8271E-02  8.2042E-01
 -6.4828E-01 -5.2479E-02 -9.8712E-01  5.7882E-02  8.3709E-01
 -1.1352E+00 -1.6040E-01 -2.8795E-01  5.7882E-02  8.3709E-01
 -6.3517E-01 -1.4046E-01  9.8104E-01  5.7492E-02  8.5424E-01
  5.7356E-01  1.8353E-01 -1.0057E+00  5.7101E-02  8.7190E-01
 -2.6273E-01  1.5392E-01 -1.1319E+00  5.7101E-02  8.7190E-01
 -8.5286E-01 -6.8677E-02 -7.9404E-01  5.6710E-02  8.9009E-01
 -8.7763E-01 -1.4061E-01 -7.4923E-01  5.6317E-02  9.0882E-01
  1.0843E+00 -4.8299E-02  4.1623E-01  5.6317E-02  9.0882E-01
  7.8804E-01 -1.1198E-01  8.4723E-01  5.6317E-02  9.0882E-01
  1.7698E-01  1.2253E-01 -1.1375E+00  5.5924E-02  9.2814E-01
  1.6249E-02 -2.9118E-02 -1.1572E+00  5.5924E-02  9.2814E-01
 -1.1057E+00  1.2256E-01 -3.0302E-01  5.5530E-02  9.4805E-01
 -6.7356E-01  1.7885E-01  9.1857E-01  5.5530E-02  9.4805E-01
 -1.0834E+00 -1.0228E-01 -3.8120E-01  5.5530E-02  9.4805E-01
  3.2156E-01  1.2540E-01  1.1001E+00  5.5530E-02  9.4805E-01
  8.6331E-01  1.0351E-01 -7.5017E-01  5.5134E-02  9.6859E-01
 -9.1239E-01 -9.0511E-02 -6.9146E-01  5.5134E-02  9.6859E-01
  8.4501E-01 -2.1449E-02  7.7734E-01  5.5134E-02  9.6859E-01
 -5.1882E-01  1.2250E-01 -1.0120E+00  5.4738E-02  9.8980E-01
 -7.9884E-01 -1.1797E-01  8.1007E-01  5.4738E-02  9.8980E-01
 -1.0418E+00 -6.7722E-02  4.5614E-01  5.4340E-02  1.0117E+00
 -1.1243E+00  1.1897E-01 -9.7999E-02  5.3941E-02  1.0343E+00
  1.0348E+00 -1.4041E-01 -4.4423E-01  5.3941E-02  1.0343E+00
  6.2679E-01  8.5431E-02  9.4217E-01  5.3941E-02  1.0343E+00
 -1.5389E-01 -1.0743E-01  1.1148E+00  5.3541E-02  1.0577E+00
 -2.3854E-01 -1.7034E-01 -1.0918E+00  5.3541E-02  1.0577E+00
 -1.0995E+00 -1.8282E-01  1.8871E-01  5.3541E-02  1.0577E+00
 -1.0450E+00 -1.0981E-01  4.1699E-01  5.3541E-02  1.0577E+00
 -6.0105E-01 -7.2453E-02  9.4956E-01  5.3139E-02  1.0818E+00
 -5.7089E-01 -3.1145E-02 -9.7020E-01  5.3139E-02  1.0818E+00
 -9.8025E-01  1.6862E-01  5.2805E-01  5.3139E-02  1.0818E+00
 -8.1226E-01  1.5628E-01  7.6419E-01  5.3139E-02  1.0818E+00
 -8.1783E-01 -2.3981E-02 -7.6757E-01  5.2736E-02  1.1068E+00
 -5.7030E-01 -7.7334E-02  9.6300E-01  5.2736E-02  1.1068E+00
  7.4460E-01  2.7325E-02 -8.3870E-01  5.2736E-02  1.1068E+00
  7.4454E-01  6.0794E-03  8.3357E-01  5.2331E-02  1.1327E+00
  1.0429E+00  8.6709E-02 -3.9246E-01  5.2331E-02  1.1327E+00
  8.3653E-01  1.5084E-01 -7.1935E-01  5.1925E-02  1.1595E+00
 -4.1040E-01 -1.3314E-01 -1.0266E+00  5.1925E-02  1.1595E+00
  1.0859E+00  8.3666E-02 -2.3208E-01  5.1925E-02  1.1595E+00
  3.6633E-01  6.6004E-03 -1.0515E+00  5.1925E-02  1.1595E+00
  9.1486E-03  3.1804E-02 -1.1131E+00  5.1925E-02  1.1595E+00
  1.0990E+00  1.7818E-01  2.3542E-02  5.1925E-02  1.1595E+00
 -2.9169E-01  1.6676E-01  1.0617E+00  5.1925E-02  1.1595E+00
  7.5286E-01  1.6503E-01 -7.9808E-01  5.1516E-02  1.1873E+00
  1.0983E+00 -7.7694E-02 -1.3698E-01  5.1516E-02  1.1873E+00
 -8.7902E-01  7.3210E-02 -6.7301E-01  5.1516E-02  1.1873E+00
  1.7022E-01 -6.8686E-02 -1.0902E+00  5.1106E-02  1.2161E+00
 -7.9409E-01 -1.0557E-01  7.6184E-01  5.1106E-02  1.2161E+00
 -1.0922E+00 -1.2979E-01  1.1111E-01  5.1106E-02  1.2161E+00
 -9.8882E-01 -3.9664E-02 -4.9274E-01  5.1106E-02  1.2161E+00
  1.0933E+00 -1.6394E-01  3.2621E-03  5.1106E-02  1.2161E+00
 -1.0402E+00 -7.1864E-02  3.6721E-01  5.1106E-02  1.2161E+00
 -9.5252E-01  3.7258E-02 -5.5986E-01  5.1106E-02  1.2161E+00
  7.8803E-01 -1.4361E-02  7.6959E-01  5.0694E-02  1.2461E+00
 -4.3032E-01 -6.5161E-02  1.0120E+00  5.0694E-02  1.2461E+00
  3.1490E-01 -1.0364E-01 -1.0505E+00  5.0694E-02  1.2461E+00
  8.8863E-01 -2.1292E-02 -6.4410E-01  5.0279E-02  1.2771E+00
  7.5027E-01  4.5328E-02  8.0001E-01  5.0279E-02  1.2771E+00
 -6.3399E-01 -1.5824E-01  8.8204E-01  5.0279E-02  1.2771E+00
  9.0661E-02  1.8213E-01  1.0748E+00  4.9863E-02  1.3094E+00
  1.0800E+00 -1.3611E-01 -1.0838E-01  4.9863E-02  1.3094E+00
 -7.3621E-01  8.1477E-02 -8.0500E-01  4.9863E-02  1.3094E+00
 -9.2570E-01  1.3283E-01 -5.6033E-01  4.9444E-02  1.3430E+00
  6.0360E-01  1.3550E-01 -8.9769E-01  4.9444E-02  1.3430E+00
  1.0452E+00 -5.7653E-02  3.0453E-01  4.9444E-02  1.3430E+00
 -4.0564E-02  7.2949E-03 -1.0858E+00  4.9022E-02  1.3780E+00
  4.4725E-01 -1.5698E-02 -9.8618E-01  4.8597E-02  1.4144E+00
 -9.1772E-01 -1.3055E-01  5.5997E-01  4.8597E-02  1.4144E+00
  3.6325E-01  1.3571E-01  1.0112E+00  4.8597E-02  1.4144E+00
 -1.0554E+00  1.0325E-01 -2.1996E-01  4.8597E-02  1.4144E+00
 -5.5847E-01 -1.4807E-01 -9.1598E-01  4.8597E-02  1.4144E+00
 -8.1092E-01  1.6482E-01  6.9316E-01  4.8170E-02  1.4524E+00
  1.0249E+00 -1.0200E-01  3.2326E-01  4.8170E-02  1.4524E+00
  8.0156E-01 -9.6304E-02 -7.1655E-01  4.8170E-02  1.4524E+00
  1.0573E+00  8.5681E-02  1.9982E-01  4.8170E-02  1.4524E+00
  2.6362E-01 -1.4465E-01 -1.0367E+00  4.8170E-02  1.4524E+00
 -7.3229E-01 -1.3587E-01  7.8136E-01  4.8170E-02  1.4524E+00
  7.0734E-01 -4.4590E-02 -8.0963E-01  4.7739E-02  1.4920E+00
 -1.0212E+00 -1.1844E-01 -3.0616E-01  4.7306E-02  1.5334E+00
 -1.0604E+00  2.8581E-02  1.5898E-01  4.7306E-02  1.5334E+00
 -3.7764E-01 -7.0909E-02  1.0015E+00  4.7306E-02  1.5334E+00
  6.3978E-01  1.2645E-01 -8.4746E-01  4.6868E-02  1.5768E+00
 -9.3710E-01 -1.1895E-01 -5.0118E-01  4.6868E-02  1.5768E+00
  3.9681E-01  1.4283E-01  9.7915E-01  4.6427E-02  1.6222E+00
 -7.7732E-01 -1.8710E-02  7.2940E-01  4.6427E-02  1.6222E+00
  5.2072E-01 -1.5290E-01  9.1765E-01  4.6427E-02  1.6222E+00
  6.6676E-01 -1.4659E-01  8.1886E-01  4.6427E-02  1.6222E+00
 -1.0474E+00  1.8090E-01  4.9410E-03  4.5982E-02  1.6697E+00
  1.0138E+00 -1.7132E-01  2.6956E-01  4.5982E-02  1.6697E+00
 -6.4953E-01  8.8232E-02  8.3679E-01  4.5982E-02  1.6697E+00
 -5.7177E-03  1.7883E-02  1.0628E+00  4.5982E-02  1.6697E+00
  4.3218E-01 -1.3125E-02  9.6767E-01  4.5533E-02  1.7196E+00
  7.4792E-01 -9.5607E-02 -7.4486E-01  4.5533E-02  1.7196E+00
 -9.5502E-01 -4.7479E-02  4.5718E-01  4.5533E-02  1.7196E+00
  1.0223E+00 -1.3481E-01  2.3159E-01  4.5079E-02  1.7721E+00
  4.7538E-01 -3.5421E-02 -9.4325E-01  4.5079E-02  1.7721E+00
  8.3776E-01  1.6454E-01  6.2294E-01  4.5079E-02  1.7721E+00
  1.8527E-01 -1.7332E-01 -1.0229E+00  4.4620E-02  1.8273E+00
 -6.4346E-01  1.6577E-01  8.1807E-01  4.4620E-02  1.8273E+00
  5.8680E-01 -1.5344E-01  8.6191E-01  4.4620E-02  1.8273E+00
 -9.7345E-01  4.7174E-02  4.0118E-01  4.4620E-02  1.8273E+00
 -5.5981E-01  1.2778E-01 -8.8377E-01  4.4620E-02  1.8273E+00
 -8.3272E-01  5.5835E-02 -6.3890E-01  4.4156E-02  1.8855E+00
 -4.3683E-01 -1.7699E-01  9.3947E-01  4.4156E-02  1.8855E+00
  7.7459E-01 -1.8472E-01  6.8175E-01  4.3687E-02  1.9469E+00
 -5.3458E-03  1.1555E-01  1.0419E+00  4.3687E-02  1.9469E+00
  1.0352E+00  1.0723E-01 -1.2515E-01  4.3687E-02  1.9469E+00
 -1.0119E+00 -1.4423E-01  2.2026E-01  4.3212E-02  2.0119E+00
  9.5598E-02 -1.6639E-01  1.0278E+00  4.3212E-02  2.0119E+00
 -4.3155E-01 -1.6608E-01 -9.3776E-01  4.3212E-02  2.0119E+00
  4.8756E-01 -2.6390E-02 -9.2455E-01  4.3212E-02  2.0119E+00
  2.0407E-01  2.6991E-02 -1.0251E+00  4.3212E-02  2.0119E+00
  9.4937E-01  6.7275E-02  4.3288E-01  4.3212E-02  2.0119E+00
  2.2835E-01  8.0493E-03 -1.0203E+00  4.3212E-02  2.0119E+00
 -1.0344E+00 -8.6272E-02  1.0163E-01  4.2730E-02  2.0806E+00
 -1.0418E+00 -1.5413E-02 -4.5431E-02  4.2730E-02  2.0806E+00
  5.1535E-01 -9.2292E-03 -9.0666E-01  4.2730E-02  2.0806E+00
  8.2810E-01 -1.4095E-01 -6.1812E-01  4.2730E-02  2.0806E+00
  4.8956E-01 -9.1354E-02 -9.1634E-01  4.2730E-02  2.0806E+00
 -9.6577E-01  1.1468E-01  3.7662E-01  4.2730E-02  2.0806E+00
 -5.2763E-01 -1.7732E-01 -8.8197E-01  4.2730E-02  2.0806E+00
  5.8257E-01 -9.9987E-02 -8.5614E-01  4.2242E-02  2.1536E+00
  1.0003E+00  6.0372E-02  2.7952E-01  4.2242E-02  2.1536E+00
 -5.3334E-01  1.5362E-01 -8.7995E-01  4.2242E-02  2.1536E+00
  6.3561E-02  3.5704E-02  1.0378E+00  4.2242E-02  2.1536E+00
  4.9171E-01 -1.8063E-01  8.9886E-01  4.2242E-02  2.1536E+00
  9.7752E-01 -6.5769E-02 -3.4999E-01  4.2242E-02  2.1536E+00
 -3.8440E-01 -4.1042E-02  9.6587E-01  4.2242E-02  2.1536E+00
  7.9306E-01  1.4125E-01 -6.5445E-01  4.1747E-02  2.2312E+00
  1.6224E-01 -1.6932E-01 -1.0110E+00  4.1747E-02  2.2312E+00
 -8.2568E-01 -2.5711E-02 -6.2832E-01  4.1747E-02  2.2312E+00
 -4.5467E-01 -1.4040E-01 -9.2236E-01  4.1747E-02  2.2312E+00
 -1.0072E+00 -1.3607E-01  2.1030E-01  4.1747E-02  2.2312E+00
  6.5573E-01  1.3408E-01  7.9324E-01  4.1747E-02  2.2312E+00
  7.8485E-01 -4.2670E-02 -6.7408E-01  4.1244E-02  2.3138E+00
  9.9195E-02  1.0869E-01  1.0250E+00  4.1244E-02  2.3138E+00
 -1.0150E+00 -1.5433E-01  1.3500E-01  4.1244E-02  2.3138E+00
  3.7208E-01  3.5768E-02 -9.6565E-01  4.1244E-02  2.3138E+00
  1.0060E+00  6.9800E-02  2.3532E-01  4.1244E-02  2.3138E+00
  5.6081E-01 -1.4003E-01  8.5630E-01  4.0733E-02  2.4020E+00
  9.7537E-01 -1.3398E-01 -3.1317E-01  4.0733E-02  2.4020E+00
 -9.9023E-01 -3.7942E-02  2.9218E-01  4.0733E-02  2.4020E+00
 -5.3004E-01 -3.0687E-02 -8.8628E-01  4.0733E-02  2.4020E+00
  8.6394E-01  1.9895E-05 -5.6655E-01  4.0733E-02  2.4020E+00
 -8.5866E-01  1.2135E-01  5.5739E-01  4.0213E-02  2.4964E+00
 -6.2387E-01 -1.2915E-01  8.1044E-01  4.0213E-02  2.4964E+00
  9.1889E-01  1.1168E-01  4.5374E-01  4.0213E-02  2.4964E+00
 -1.0242E+00  8.8404E-02  3.6690E-02  3.9683E-02  2.5977E+00
  3.7885E-01  1.1605E-01 -9.4933E-01  3.9683E-02  2.5977E+00
  4.4837E-01  4.7664E-02  9.2462E-01  3.9683E-02  2.5977E+00
 -1.4171E-01 -9.2256E-02  1.0126E+00  3.9143E-02  2.7067E+00
 -1.0252E+00  5.3038E-02 -3.9584E-03  3.9143E-02  2.7067E+00
 -5.5913E-01 -1.6073E-01 -8.4583E-01  3.9143E-02  2.7067E+00
 -6.0348E-01  8.4270E-02  8.2369E-01  3.8592E-02  2.8243E+00
  9.7686E-01  1.5315E-01 -2.6841E-01  3.8592E-02  2.8243E+00
 -8.6685E-01 -1.8230E-01  5.1486E-01  3.8592E-02  2.8243E+00
 -9.4664E-01  4.8804E-02  3.8374E-01  3.8029E-02  2.9517E+00
  6.4108E-01 -1.2686E-01  7.8657E-01  3.8029E-02  2.9517E+00
 -1.0077E+00 -1.6357E-01  6.0357E-02  3.8029E-02  2.9517E+00
  5.7038E-02 -1.1814E-01 -1.0142E+00  3.8029E-02  2.9517E+00
  2.1619E-01 -1.2731E-01 -9.8945E-01  3.7452E-02  3.0900E+00
 -2.7306E-01  6.5987E-02 -9.8134E-01  3.7452E-02  3.0900E+00
  7.2327E-01 -1.5410E-01 -7.0103E-01  3.6862E-02  3.2409E+00
 -7.2188E-01  1.0533E-01  7.1140E-01  3.6862E-02  3.2409E+00
 -3.7513E-01 -1.1294E-01  9.4065E-01  3.6862E-02  3.2409E+00
 -8.7549E-01 -1.1722E-01 -5.0802E-01  3.6862E-02  3.2409E+00
 -3.8181E-01  9.7176E-02  9.3972E-01  3.6862E-02  3.2409E+00
  3.4729E-01 -7.9716E-02  9.5282E-01  3.6256E-02  3.4062E+00
  5.6663E-01  1.7758E-01 -8.2597E-01  3.6256E-02  3.4062E+00
 -9.2397E-01  1.7754E-01  3.8675E-01  3.6256E-02  3.4062E+00
 -7.2089E-01 -1.6325E-01 -6.9892E-01  3.6256E-02  3.4062E+00
  3.4020E-02 -6.7779E-02  1.0128E+00  3.5633E-02  3.5880E+00
  7.1419E-01  1.4696E-01  7.0700E-01  3.5633E-02  3.5880E+00
 -2.9867E-01  2.7221E-02 -9.7034E-01  3.5633E-02  3.5880E+00
 -9.2191E-01  4.0871E-02  4.2044E-01  3.4991E-02  3.7890E+00
 -1.0011E+00  8.2557E-02  1.2801E-01  3.4329E-02  4.0125E+00
  3.8125E-01  1.8340E-01  9.2000E-01  3.4329E-02  4.0125E+00
 -4.5564E-01  4.7624E-02  9.0305E-01  3.4329E-02  4.0125E+00
 -8.0368E-01 -1.2735E-01 -6.0271E-01  3.4329E-02  4.0125E+00
 -6.6893E-01 -8.7342E-02 -7.5517E-01  3.4329E-02  4.0125E+00
  6.4915E-01 -1.3216E-01  7.6584E-01  3.4329E-02  4.0125E+00
 -8.4085E-01  5.3374E-02  5.6170E-01  3.4329E-02  4.0125E+00
 -9.5623E-01  1.3500E-01 -2.9993E-01  3.3644E-02  4.2626E+00
 -8.6947E-01  2.5493E-02 -5.1569E-01  3.3644E-02  4.2626E+00
 -7.4188E-01 -1.1855E-01  6.7685E-01  3.3644E-02  4.2626E+00
  8.1270E-01 -5.2327E-03 -5.9951E-01  3.2934E-02  4.5444E+00
  1.9736E-01 -1.5062E-01 -9.7892E-01  3.2934E-02  4.5444E+00
 -5.1170E-01 -1.7370E-01 -8.5318E-01  3.2934E-02  4.5444E+00
 -6.0049E-01 -7.5891E-02  8.0690E-01  3.2195E-02  4.8645E+00
  1.0004E+00  1.0366E-01 -7.7037E-02  3.2195E-02  4.8645E+00
 -1.2547E-01 -7.6415E-02 -9.9793E-01  3.2195E-02  4.8645E+00
 -9.5807E-01  1.8499E-01 -2.5559E-01  3.2195E-02  4.8645E+00
 -7.4286E-01  6.4780E-02 -6.7926E-01  3.2195E-02  4.8645E+00
 -8.2812E-01  5.2767E-02  5.7145E-01  3.1425E-02  5.2312E+00
 -3.1513E-01  1.9476E-02  9.5678E-01  3.1425E-02  5.2312E+00
 -6.2140E-01  1.5446E-01  7.7652E-01  3.0618E-02  5.6557E+00
  5.2927E-01 -1.5064E-01  8.4270E-01  3.0618E-02  5.6557E+00
  5.4216E-01  1.6516E-01  8.3172E-01  3.0618E-02  5.6557E+00
 -8.3266E-01  1.7854E-01  5.3645E-01  3.0618E-02  5.6557E+00
 -9.4901E-01  1.6029E-01  2.9440E-01  3.0618E-02  5.6557E+00
 -7.3733E-01 -2.4361E-02  6.8464E-01  3.0618E-02  5.6557E+00
  9.5901E-01  1.9143E-02  3.0152E-01  2.9770E-02  6.1530E+00
  1.6028E-01  1.4667E-04 -9.9262E-01  2.9770E-02  6.1530E+00
  9.9955E-01  7.9294E-03 -1.0876E-01  2.9770E-02  6.1530E+00
 -9.9878E-01 -5.4155E-02  1.0244E-01  2.9770E-02  6.1530E+00
  3.9417E-01  3.8043E-02 -9.2421E-01  2.9770E-02  6.1530E+00
 -7.8280E-01  1.0288E-01 -6.2114E-01  2.8874E-02  6.7438E+00
  9.8495E-01  1.5750E-01 -1.1934E-01  2.8874E-02  6.7438E+00
 -9.4162E-01  1.0306E-02 -3.4988E-01  2.8874E-02  6.7438E+00
 -1.0006E+00 -1.2039E-02 -8.8759E-02  2.8874E-02  6.7438E+00
 -8.8236E-01  4.6632E-02 -4.7622E-01  2.7921E-02  7.4574E+00
  9.3568E-02 -1.0179E-01  9.9343E-01  2.6903E-02  8.3369E+00
  9.8009E-01 -1.6042E-01  1.4042E-01  2.6903E-02  8.3369E+00
  7.4706E-01 -6.3009E-02  6.6531E-01  2.5804E-02  9.4481E+00
 -1.6234E-01  6.9619E-02 -9.8666E-01  2.5804E-02  9.4481E+00
  2.5446E-01  1.1414E-01  9.6277E-01  2.5804E-02  9.4481E+00
  9.7235E-01  7.2236E-02 -2.3241E-01  2.5804E-02  9.4481E+00
 -9.8323E-01  1.8169E-02  1.9096E-01  2.4606E-02  1.0897E+01
  5.9347E-01 -1.3677E-01 -7.9537E-01  2.4606E-02  1.0897E+01
  1.6683E-01  1.8372E-01  9.7054E-01  2.4606E-02  1.0897E+01
 -9.9294E-01 -2.8637E-02  1.2955E-01  2.4606E-02  1.0897E+01
  9.9686E-01 -6.8430E-02 -6.4308E-02  2.3280E-02  1.2866E+01
  8.8679E-01  1.2131E-01  4.4881E-01  2.3280E-02  1.2866E+01
  9.6818E-01 -8.9696E-03  2.5349E-01  2.1787E-02  1.5696E+01
 -9.3329E-01  5.7025E-02  3.5696E-01  2.1787E-02  1.5696E+01
  8.7115E-01  1.0263E-01  4.8194E-01  2.1787E-02  1.5696E+01
 -6.9125E-01  1.0861E-01  7.1513E-01  2.0058E-02  2.0115E+01
  9.2770E-01 -4.7504E-02 -3.7169E-01  2.0058E-02  2.0115E+01
 -8.4086E-01  1.5260E-01  5.1981E-01  1.7969E-02  2.7981E+01
  1.2662E-01 -2.3106E-02 -9.9195E-01  1.7969E-02  2.7981E+01
  6.9333E-01 -1.3709E-01  7.0784E-01  1.7969E-02  2.7981E+01
 -1.0960E-01 -8.7616E-02  9.9038E-01  1.7969E-02  2.7981E+01
  1.4340E-02 -1.5501E-01 -9.8808E-01  1.7969E-02  2.7981E+01
 -9.9412E-01 -7.4943E-02  8.1493E-02  1.7969E-02  2.7981E+01
