0.96644571428572D+01       610
(x,y,z) position of the X-ray source
  0.1743E+01 -0.2343E-01 -0.4470E+00
x | y | z | R | rho
  5.1962E-01 -6.4991E-02  9.5135E+00  3.1198E-01  5.3460E-03
  1.2131E+00  2.3830E-01  9.6941E+00  3.1745E-01  5.0742E-03
 -1.2288E+00 -2.9405E-01  9.3153E+00  3.0911E-01  5.4962E-03
  2.0436E+00  1.9962E-01  8.2757E+00  2.8905E-01  6.7218E-03
 -4.6612E-01  3.1147E-01  9.8062E+00  3.1856E-01  5.0216E-03
 -2.0346E-01 -6.1829E-03  9.4723E+00  3.1078E-01  5.4083E-03
  1.9934E+00  2.6781E-01  9.1495E+00  3.0837E-01  5.5357E-03
 -7.6971E-01 -2.4234E-01  9.2205E+00  3.0583E-01  5.6748E-03
 -1.8900E+00 -2.4263E-01  9.0973E+00  3.0672E-01  5.6259E-03
  3.5766E-01  2.6492E-01  9.7699E+00  3.1762E-01  5.0663E-03
 -3.0732E-01  1.4017E-02  8.4641E+00  2.8772E-01  6.8155E-03
  2.5292E-01 -3.9494E-03  8.3937E+00  2.8603E-01  6.9372E-03
 -1.2718E+00  2.1849E-01  8.2734E+00  2.8546E-01  6.9785E-03
  7.0036E-01  2.1720E-01  8.3050E+00  2.8461E-01  7.0411E-03
  3.7120E-01  1.8148E-01  8.1346E+00  2.8007E-01  7.3893E-03
  1.7097E+00 -3.6340E-01  7.7833E+00  2.7607E-01  7.7151E-03
  7.5421E-01  1.9585E-01  7.5421E+00  2.6655E-01  8.5716E-03
 -1.5770E+00 -1.7841E-01  7.4021E+00  2.6626E-01  8.5997E-03
  2.4178E-01  1.0920E-01  7.3986E+00  2.6218E-01  9.0076E-03
 -3.4644E-01 -2.1852E-01  7.3800E+00  2.6189E-01  9.0378E-03
 -1.5888E-01 -3.0227E-01  7.2881E+00  2.5954E-01  9.2849E-03
  1.7837E+00 -2.6866E-01  7.0573E+00  2.5925E-01  9.3165E-03
  1.4471E+00 -2.6273E-02  7.0175E+00  2.5631E-01  9.6412E-03
 -5.3484E-01  1.3239E-01  6.8107E+00  2.4799E-01  1.0644E-02
  1.1506E+00  2.0691E-01  6.5160E+00  2.4259E-01  1.1371E-02
 -5.3526E-01  1.2080E-01  6.4316E+00  2.3836E-01  1.1987E-02
 -1.8639E-01 -1.6294E-02  6.4169E+00  2.3745E-01  1.2126E-02
  1.8644E+00 -1.9851E-01  5.9796E+00  2.3348E-01  1.2753E-02
 -1.1916E+00  2.3314E-01  6.1359E+00  2.3318E-01  1.2804E-02
  7.6625E-01 -2.1973E-01  6.1684E+00  2.3226E-01  1.2956E-02
  3.4050E-01 -9.2636E-02  6.2097E+00  2.3226E-01  1.2956E-02
  1.8603E+00  8.5413E-02  5.5897E+00  2.2362E-01  1.4516E-02
 -7.1419E-01  1.7574E-01  5.8221E+00  2.2300E-01  1.4638E-02
 -7.8686E-01 -1.7575E-01  5.7892E+00  2.2238E-01  1.4761E-02
  1.3290E-01  1.7093E-01  5.8294E+00  2.2207E-01  1.4823E-02
 -1.6276E+00  1.4227E-01  5.5270E+00  2.2020E-01  1.5204E-02
  1.9350E+00  1.3692E-01  5.2910E+00  2.1675E-01  1.5941E-02
 -9.7646E-01  2.9568E-01  5.5186E+00  2.1612E-01  1.6081E-02
 -1.0526E+00 -1.3747E-01  5.4044E+00  2.1329E-01  1.6731E-02
 -8.7899E-01  2.2744E-01  5.3501E+00  2.1107E-01  1.7263E-02
  3.2602E-01 -1.2718E-01  5.3805E+00  2.1012E-01  1.7499E-02
  1.3741E+00 -2.7660E-01  5.0987E+00  2.0725E-01  1.8235E-02
  1.5925E+00 -7.7462E-02  4.9571E+00  2.0501E-01  1.8839E-02
  6.5219E-01 -1.3456E-01  4.9210E+00  1.9825E-01  2.0834E-02
 -1.8827E-01 -2.0647E-02  4.8478E+00  1.9500E-01  2.1894E-02
 -1.0387E+00 -4.4296E-02  4.5054E+00  1.8844E-01  2.4258E-02
  1.0391E+00 -2.5108E-01  4.4752E+00  1.8778E-01  2.4515E-02
 -6.3621E-01  3.0605E-02  4.5568E+00  1.8778E-01  2.4515E-02
 -1.4295E+00  8.1649E-02  4.3369E+00  1.8679E-01  2.4907E-02
 -1.3458E+00  1.1588E-01  4.1851E+00  1.8181E-01  2.7010E-02
  1.1873E+00 -1.0990E-01  4.1744E+00  1.8014E-01  2.7768E-02
  1.4368E+00 -2.4157E-02  3.9775E+00  1.7679E-01  2.9378E-02
 -1.2706E-01 -8.5187E-02  4.1816E+00  1.7544E-01  3.0060E-02
  8.1772E-01  6.8196E-02  3.9552E+00  1.7105E-01  3.2439E-02
 -3.3426E-01  1.8768E-02  3.9587E+00  1.6900E-01  3.3629E-02
 -8.3652E-02 -1.1477E-01  3.9592E+00  1.6866E-01  3.3833E-02
  1.2295E+00 -1.2581E-01  3.7057E+00  1.6695E-01  3.4882E-02
 -2.3565E-02 -1.6637E-01  3.9028E+00  1.6695E-01  3.4882E-02
 -1.4427E+00 -2.2225E-01  3.5281E+00  1.6421E-01  3.6660E-02
  1.3771E+00 -1.6060E-01  3.5221E+00  1.6318E-01  3.7360E-02
 -7.9661E-01  1.6626E-01  3.6404E+00  1.6146E-01  3.8570E-02
 -3.3976E-02  5.1212E-02  3.7078E+00  1.6076E-01  3.9070E-02
  4.2970E-01 -1.4210E-01  3.6695E+00  1.6042E-01  3.9323E-02
  5.2295E-01  4.3928E-02  3.6157E+00  1.5903E-01  4.0360E-02
 -1.4933E+00  1.1905E-01  3.3204E+00  1.5869E-01  4.0625E-02
  1.5904E+00  5.7668E-02  3.2159E+00  1.5695E-01  4.1990E-02
 -1.3037E+00 -2.3556E-02  3.2845E+00  1.5520E-01  4.3420E-02
 -1.1399E+00  2.4137E-01  3.2902E+00  1.5381E-01  4.4615E-02
 -1.8902E+00 -1.8721E-01  2.9155E+00  1.5346E-01  4.4921E-02
  2.4686E-02  1.8005E-01  3.4424E+00  1.5240E-01  4.5858E-02
  1.1832E+00 -1.1144E-01  3.2129E+00  1.5170E-01  4.6497E-02
  3.0341E-01  1.7400E-01  3.3752E+00  1.5065E-01  4.7481E-02
  1.7511E+00 -1.6502E-01  2.8262E+00  1.4853E-01  4.9538E-02
 -1.2822E+00  1.6075E-01  3.0678E+00  1.4853E-01  4.9538E-02
  6.3918E-01  2.1008E-01  3.2601E+00  1.4853E-01  4.9538E-02
 -1.7797E+00  1.9148E-01  2.8066E+00  1.4853E-01  4.9538E-02
 -1.6940E+00  5.5828E-02  2.8401E+00  1.4783E-01  5.0252E-02
  7.5081E-01 -1.1523E-02  3.1552E+00  1.4570E-01  5.2483E-02
  1.4072E+00  1.1676E-01  2.9198E+00  1.4570E-01  5.2483E-02
 -7.2970E-01 -1.7820E-01  3.0459E+00  1.4214E-01  5.6525E-02
 -1.7533E+00  1.8369E-01  2.5821E+00  1.4178E-01  5.6953E-02
  1.1523E+00  1.4343E-01  2.8915E+00  1.4143E-01  5.7386E-02
  1.4749E+00  3.0059E-02  2.6126E+00  1.3748E-01  6.2467E-02
  1.7591E+00  1.9552E-01  2.4097E+00  1.3712E-01  6.2960E-02
 -2.5951E-02  1.0427E-01  2.9670E+00  1.3640E-01  6.3962E-02
  1.0668E+00 -1.4620E-01  2.7109E+00  1.3460E-01  6.6569E-02
 -6.2609E-01 -1.9273E-01  2.8424E+00  1.3460E-01  6.6569E-02
  5.2185E-01 -2.1949E-01  2.8191E+00  1.3315E-01  6.8763E-02
  8.9447E-01 -2.1718E-01  2.7132E+00  1.3279E-01  6.9327E-02
  9.4587E-01  1.3383E-01  2.6463E+00  1.3098E-01  7.2249E-02
 -1.8737E+00 -1.3255E-01  2.0808E+00  1.3061E-01  7.2853E-02
 -1.7040E+00 -7.6788E-02  2.1203E+00  1.2770E-01  7.7958E-02
 -1.7676E+00 -8.7804E-02 -1.8769E+00  1.2256E-01  8.8168E-02
 -1.3134E+00 -7.4859E-03  2.2203E+00  1.2256E-01  8.8168E-02
 -1.2657E+00  1.7525E-01  2.2295E+00  1.2220E-01  8.8967E-02
  1.7691E+00 -2.0843E-01  1.8241E+00  1.2146E-01  9.0595E-02
  1.3444E+00  9.9184E-02  2.1170E+00  1.1998E-01  9.3979E-02
  1.3122E+00  1.4424E-01  2.1112E+00  1.1925E-01  9.5738E-02
 -1.6750E+00 -1.2099E-01  1.8383E+00  1.1925E-01  9.5738E-02
  1.8295E+00 -1.1170E-01 -1.6706E+00  1.1888E-01  9.6634E-02
  1.7680E+00 -1.0924E-01 -1.7357E+00  1.1888E-01  9.6634E-02
  8.9986E-01  1.5429E-01  2.3059E+00  1.1888E-01  9.6634E-02
 -5.1534E-01 -1.1797E-01  2.3927E+00  1.1776E-01  9.9393E-02
  1.0358E+00  1.4617E-01  2.2050E+00  1.1739E-01  1.0034E-01
 -3.5522E-01 -1.9412E-01  2.4067E+00  1.1739E-01  1.0034E-01
  1.6389E+00 -1.7459E-01 -1.7732E+00  1.1665E-01  1.0226E-01
 -4.8996E-01  1.9847E-01  2.3524E+00  1.1628E-01  1.0324E-01
 -2.4619E-01 -2.1419E-02  2.3984E+00  1.1628E-01  1.0324E-01
  1.8035E+00  9.7475E-02 -1.5526E+00  1.1517E-01  1.0627E-01
 -7.4213E-01 -9.5372E-02  2.2611E+00  1.1517E-01  1.0627E-01
 -1.9156E+00  1.6279E-01 -1.3893E+00  1.1480E-01  1.0731E-01
 -1.3791E+00  8.7724E-02 -1.9158E+00  1.1442E-01  1.0836E-01
 -1.6499E+00  4.5134E-02 -1.6626E+00  1.1368E-01  1.1050E-01
 -1.5796E+00 -7.4664E-02 -1.7285E+00  1.1368E-01  1.1050E-01
  6.7992E-01  7.5145E-02  2.2407E+00  1.1368E-01  1.1050E-01
  8.3845E-01  1.8389E-02  2.1771E+00  1.1331E-01  1.1159E-01
 -1.7421E+00  1.6913E-01  1.4835E+00  1.1182E-01  1.1612E-01
  1.5633E+00 -1.9608E-01  1.6547E+00  1.1144E-01  1.1729E-01
 -1.7186E+00 -8.3151E-02  1.5033E+00  1.1144E-01  1.1729E-01
 -2.1609E-02 -5.4906E-02  2.2553E+00  1.1032E-01  1.2090E-01
  1.8373E+00 -7.1624E-02 -1.2572E+00  1.0920E-01  1.2466E-01
 -3.7022E-01  1.4684E-01  2.1915E+00  1.0920E-01  1.2466E-01
  1.0942E-01 -1.7363E-01  2.2084E+00  1.0882E-01  1.2596E-01
  1.0089E+00  7.4752E-02  1.9631E+00  1.0845E-01  1.2727E-01
  1.1658E+00 -1.1082E-01 -1.8612E+00  1.0808E-01  1.2859E-01
  1.4601E+00  1.2316E-01  1.6396E+00  1.0808E-01  1.2859E-01
  1.4564E+00  1.5982E-01  1.6270E+00  1.0770E-01  1.2994E-01
  1.8655E+00 -1.3195E-01  1.1020E+00  1.0695E-01  1.3269E-01
  1.7427E-02 -6.3158E-03  2.1612E+00  1.0658E-01  1.3410E-01
  3.2616E-01  8.0820E-02  2.1255E+00  1.0620E-01  1.3553E-01
  1.1034E+00  9.5986E-02 -1.8450E+00  1.0620E-01  1.3553E-01
  1.2934E+00  9.3600E-02  1.7055E+00  1.0582E-01  1.3698E-01
 -1.7202E+00 -1.2387E-01 -1.2553E+00  1.0545E-01  1.3845E-01
  1.0109E+00  1.2356E-01  1.8743E+00  1.0545E-01  1.3845E-01
 -1.0341E+00 -1.5412E-01 -1.8379E+00  1.0470E-01  1.4145E-01
  4.1535E-02  1.0705E-01  2.0928E+00  1.0394E-01  1.4454E-01
  9.2304E-01  1.7297E-01  1.8634E+00  1.0357E-01  1.4613E-01
  8.8579E-01 -9.1604E-02  1.8769E+00  1.0319E-01  1.4773E-01
  5.5506E-01  1.7188E-01  1.9945E+00  1.0319E-01  1.4773E-01
  8.9437E-01 -5.7791E-02 -1.8741E+00  1.0319E-01  1.4773E-01
 -2.4655E-01 -1.9453E-02  2.0626E+00  1.0319E-01  1.4773E-01
  1.7414E+00 -1.3501E-01  1.1246E+00  1.0319E-01  1.4773E-01
  1.8751E+00  3.6583E-02 -8.9351E-01  1.0319E-01  1.4773E-01
  1.3858E+00 -6.4689E-03  1.5352E+00  1.0281E-01  1.4936E-01
 -1.2303E+00  8.5973E-02  1.6373E+00  1.0206E-01  1.5269E-01
  1.7413E+00  3.9708E-02  1.0632E+00  1.0168E-01  1.5440E-01
  1.1401E+00  1.4512E-01 -1.6862E+00  1.0168E-01  1.5440E-01
  1.0345E+00 -1.0396E-01  1.7347E+00  1.0093E-01  1.5789E-01
  1.8431E+00  1.6523E-01 -7.9305E-01  1.0055E-01  1.5967E-01
 -1.8524E+00  6.1528E-02  7.6272E-01  1.0017E-01  1.6148E-01
 -7.4779E-01  2.5077E-03  1.8497E+00  9.9797E-02  1.6332E-01
 -1.0963E+00 -1.4386E-01  1.6390E+00  9.9041E-02  1.6709E-01
  1.5481E+00 -1.0613E-01 -1.2106E+00  9.8663E-02  1.6902E-01
  1.0674E+00 -8.6592E-02  1.6512E+00  9.8663E-02  1.6902E-01
  1.7770E+00  1.5757E-01  8.3113E-01  9.8663E-02  1.6902E-01
  1.7898E+00 -1.2093E-01  7.8734E-01  9.8285E-02  1.7098E-01
 -1.5108E+00  1.4161E-01  1.2391E+00  9.8285E-02  1.7098E-01
  1.5476E+00 -4.1379E-02 -1.2006E+00  9.8285E-02  1.7098E-01
  1.8787E+00 -1.6359E-01 -4.9687E-01  9.7907E-02  1.7297E-01
 -5.6433E-01 -6.4114E-02  1.8562E+00  9.7529E-02  1.7499E-01
 -1.3036E+00  1.0661E-01 -1.4224E+00  9.7150E-02  1.7704E-01
  1.2191E+00 -9.8762E-02  1.4959E+00  9.7150E-02  1.7704E-01
  1.7741E+00 -7.8653E-02  7.3867E-01  9.6772E-02  1.7912E-01
  1.7211E+00 -1.3751E-01  8.4758E-01  9.6772E-02  1.7912E-01
  2.5992E-01  8.6061E-02 -1.9038E+00  9.6772E-02  1.7912E-01
 -1.7215E+00  8.3803E-02  7.9205E-01  9.5636E-02  1.8558E-01
 -8.7182E-01 -1.1507E-01 -1.6807E+00  9.5636E-02  1.8558E-01
 -9.3913E-01  9.9931E-02  1.6450E+00  9.5636E-02  1.8558E-01
 -1.1024E+00 -8.8809E-02 -1.5410E+00  9.5636E-02  1.8558E-01
  5.0136E-01  2.8999E-02  1.8292E+00  9.5636E-02  1.8558E-01
  1.7352E+00 -1.8419E-01 -7.4385E-01  9.5636E-02  1.8558E-01
 -1.7091E+00  4.7342E-02 -8.0092E-01  9.5257E-02  1.8781E-01
  1.8642E+00 -1.8918E-01 -2.3174E-01  9.5257E-02  1.8781E-01
  8.1938E-01 -5.4922E-02  1.6806E+00  9.4499E-02  1.9236E-01
  1.5375E+00  1.8232E-01  1.0496E+00  9.4499E-02  1.9236E-01
 -8.0705E-01 -1.1906E-01  1.6832E+00  9.4499E-02  1.9236E-01
  1.4809E+00 -9.3794E-02 -1.1244E+00  9.4120E-02  1.9470E-01
 -5.2408E-01 -1.0771E-02 -1.7865E+00  9.4120E-02  1.9470E-01
  1.7457E+00 -1.0819E-01 -6.3809E-01  9.4120E-02  1.9470E-01
  1.6235E+00 -1.7891E-01 -8.9362E-01  9.4120E-02  1.9470E-01
 -1.6144E+00 -8.0902E-02  9.0602E-01  9.3741E-02  1.9707E-01
 -8.1218E-01 -1.0724E-01 -1.6428E+00  9.2982E-02  2.0193E-01
  1.0161E+00  1.3408E-01 -1.5230E+00  9.2982E-02  2.0193E-01
 -5.0889E-01  2.5598E-02  1.7546E+00  9.2603E-02  2.0443E-01
  4.6487E-01  1.2979E-01 -1.7622E+00  9.2603E-02  2.0443E-01
 -1.4018E+00 -4.3465E-02 -1.1710E+00  9.2603E-02  2.0443E-01
  1.3250E+00  8.5474E-02 -1.2425E+00  9.2223E-02  2.0696E-01
  1.3667E+00 -1.6226E-02 -1.1995E+00  9.2223E-02  2.0696E-01
 -5.6572E-01  9.4746E-02 -1.7256E+00  9.2223E-02  2.0696E-01
 -1.7395E+00 -1.7000E-01  4.7003E-01  9.1844E-02  2.0954E-01
  5.5659E-01  9.7501E-02  1.7194E+00  9.1844E-02  2.0954E-01
 -5.1983E-03 -5.4774E-02 -1.8091E+00  9.1844E-02  2.0954E-01
 -1.6322E+00 -2.9103E-02 -7.6147E-01  9.1464E-02  2.1216E-01
  3.9455E-01  1.4651E-02  1.7575E+00  9.1464E-02  2.1216E-01
 -6.0233E-02 -4.8787E-02 -1.7997E+00  9.1464E-02  2.1216E-01
  3.1555E-02  1.8255E-01 -1.7918E+00  9.1464E-02  2.1216E-01
  1.7455E+00 -1.4549E-01  3.8216E-01  9.1084E-02  2.1482E-01
  8.7787E-01 -1.6384E-01  1.5545E+00  9.1084E-02  2.1482E-01
  1.2589E+00  8.9827E-02  1.2732E+00  9.1084E-02  2.1482E-01
  6.2682E-01  1.6885E-01 -1.6620E+00  9.0704E-02  2.1753E-01
  1.6564E+00  3.4436E-02  6.6233E-01  9.0704E-02  2.1753E-01
 -1.0841E-01 -1.3238E-01 -1.7675E+00  9.0325E-02  2.2029E-01
 -1.2269E+00  1.1442E-01  1.2787E+00  9.0325E-02  2.2029E-01
 -9.7469E-01 -1.8239E-01  1.4629E+00  8.9945E-02  2.2309E-01
 -1.7248E+00 -1.7744E-01 -3.4235E-01  8.9945E-02  2.2309E-01
 -4.0539E-02 -1.2662E-01 -1.7539E+00  8.9565E-02  2.2594E-01
 -1.2034E+00  8.5982E-02 -1.2799E+00  8.9565E-02  2.2594E-01
  1.7407E+00  6.1062E-02 -2.4459E-01  8.9565E-02  2.2594E-01
 -8.3969E-02 -1.6647E-01 -1.7405E+00  8.9185E-02  2.2884E-01
  4.8792E-01  6.5803E-02  1.6798E+00  8.9185E-02  2.2884E-01
 -3.2225E-01  7.2861E-02 -1.7190E+00  8.9185E-02  2.2884E-01
 -1.1822E+00 -5.2284E-02 -1.2785E+00  8.8805E-02  2.3179E-01
  1.7377E+00  2.2821E-02 -1.2198E-01  8.8805E-02  2.3179E-01
  5.9799E-01 -1.4696E-03  1.6363E+00  8.8805E-02  2.3179E-01
 -1.5307E+00 -1.1974E-01 -8.0535E-01  8.8425E-02  2.3479E-01
  1.7238E+00 -7.1233E-02 -2.0996E-02  8.8044E-02  2.3785E-01
 -8.2696E-01  1.0219E-01  1.5109E+00  8.8044E-02  2.3785E-01
 -1.6865E-01  1.9694E-03  1.7088E+00  8.7664E-02  2.4095E-01
 -4.7048E-01  1.2952E-01 -1.6463E+00  8.7664E-02  2.4095E-01
 -1.3826E+00 -4.3219E-02 -1.0034E+00  8.7284E-02  2.4412E-01
  1.5481E+00  1.6461E-01 -7.0465E-01  8.7284E-02  2.4412E-01
  3.3856E-01  1.2032E-01  1.6622E+00  8.6904E-02  2.4734E-01
  1.7765E-01 -4.9615E-02  1.6823E+00  8.6524E-02  2.5061E-01
  5.7339E-01 -9.4360E-02  1.5895E+00  8.6524E-02  2.5061E-01
  1.5245E+00 -1.8499E-01 -6.9154E-01  8.6143E-02  2.5395E-01
 -1.2771E+00 -8.9473E-02  1.0944E+00  8.6143E-02  2.5395E-01
 -1.1566E+00  1.1320E-01 -1.2077E+00  8.5763E-02  2.5734E-01
  9.7226E-01 -1.2462E-01 -1.3596E+00  8.5763E-02  2.5734E-01
 -1.4766E+00  6.6866E-02  7.9013E-01  8.5763E-02  2.5734E-01
 -4.9336E-01  1.2901E-01  1.5881E+00  8.5382E-02  2.6079E-01
 -3.3891E-01 -1.6533E-01 -1.6165E+00  8.5002E-02  2.6431E-01
 -5.0919E-01  6.3745E-02 -1.5785E+00  8.5002E-02  2.6431E-01
 -1.1043E+00  1.8815E-02 -1.2282E+00  8.4622E-02  2.6789E-01
 -6.7070E-01  1.8556E-01 -1.4892E+00  8.4241E-02  2.7154E-01
  1.6283E+00 -1.1796E-01 -1.0154E-01  8.3861E-02  2.7525E-01
  8.9659E-01  8.5620E-02 -1.3559E+00  8.3480E-02  2.7903E-01
  1.6176E+00  1.9014E-02  8.1930E-02  8.3100E-02  2.8288E-01
  1.0785E+00 -1.5564E-01  1.1985E+00  8.3100E-02  2.8288E-01
 -4.6259E-01 -1.1289E-01 -1.5483E+00  8.3100E-02  2.8288E-01
  8.9948E-01  4.2900E-02  1.3369E+00  8.2719E-02  2.8681E-01
 -9.5992E-01 -3.3368E-02  1.2945E+00  8.2719E-02  2.8681E-01
  1.1137E+00 -3.5211E-02 -1.1538E+00  8.2338E-02  2.9080E-01
  1.5957E+00 -3.9203E-02  2.4658E-03  8.1958E-02  2.9487E-01
 -3.2028E-01 -1.4356E-01  1.5491E+00  8.1577E-02  2.9902E-01
 -1.4601E+00  1.4552E-01 -6.0814E-01  8.1577E-02  2.9902E-01
 -8.4426E-01 -9.0793E-04 -1.3454E+00  8.1577E-02  2.9902E-01
  1.1262E+00  1.7368E-01 -1.0954E+00  8.1197E-02  3.0324E-01
  1.3320E+00 -6.6574E-02 -8.4832E-01  8.1197E-02  3.0324E-01
  4.8836E-01 -1.1476E-01 -1.4907E+00  8.0816E-02  3.0755E-01
 -1.4695E+00  1.6052E-01 -5.1429E-01  8.0435E-02  3.1193E-01
  1.1472E+00  1.2214E-02 -1.0646E+00  8.0435E-02  3.1193E-01
  4.8518E-01 -3.4164E-02  1.4876E+00  8.0435E-02  3.1193E-01
 -5.7110E-01  2.3875E-03 -1.4572E+00  8.0435E-02  3.1193E-01
 -6.8267E-01 -1.6391E-01 -1.3988E+00  8.0435E-02  3.1193E-01
 -5.2288E-01  3.3633E-02 -1.4748E+00  8.0435E-02  3.1193E-01
 -1.5734E-01 -1.2880E-01 -1.5441E+00  8.0055E-02  3.1640E-01
  1.6845E-01 -1.3316E-01  1.5426E+00  8.0055E-02  3.1640E-01
 -1.5352E+00  1.6504E-01  1.3308E-01  7.9674E-02  3.2096E-01
 -1.4556E+00 -2.5064E-02  5.3135E-01  7.9674E-02  3.2096E-01
 -3.8994E-01 -1.3962E-01 -1.4934E+00  7.9674E-02  3.2096E-01
 -1.5507E-01  6.3856E-02  1.5407E+00  7.9674E-02  3.2096E-01
  1.2716E+00 -1.0699E-01 -8.7936E-01  7.9674E-02  3.2096E-01
  6.5523E-01  1.6808E-01 -1.3859E+00  7.9293E-02  3.2561E-01
 -1.3660E+00 -7.2574E-04  7.1574E-01  7.9293E-02  3.2561E-01
 -1.4693E+00  5.9771E-02  4.3885E-01  7.8913E-02  3.3034E-01
  1.4563E+00  3.8073E-02  4.8228E-01  7.8913E-02  3.3034E-01
 -5.5601E-01  1.6746E-01  1.4042E+00  7.8152E-02  3.4009E-01
  8.6401E-01  5.8352E-02  1.2486E+00  7.8152E-02  3.4009E-01
 -3.9718E-01 -1.7197E-01 -1.4488E+00  7.7771E-02  3.4511E-01
  1.4739E+00  1.0074E-02  3.3715E-01  7.7771E-02  3.4511E-01
 -2.5746E-01  1.6942E-01 -1.4803E+00  7.7771E-02  3.4511E-01
  1.3077E+00 -1.7241E-01  7.2386E-01  7.7390E-02  3.5022E-01
  1.5021E+00 -4.7620E-02 -7.2657E-02  7.7390E-02  3.5022E-01
 -1.5018E+00  8.3748E-02  3.8330E-02  7.7390E-02  3.5022E-01
 -1.0828E+00 -2.4109E-02  1.0444E+00  7.7390E-02  3.5022E-01
 -8.6875E-01 -3.5244E-02 -1.2189E+00  7.7010E-02  3.5544E-01
 -1.4670E+00  7.8087E-02 -2.8879E-01  7.7010E-02  3.5544E-01
 -1.0617E+00 -3.1777E-02  1.0447E+00  7.6629E-02  3.6076E-01
  4.5932E-01  1.0573E-01 -1.4133E+00  7.6629E-02  3.6076E-01
  1.2387E+00 -4.9866E-02  8.2632E-01  7.6629E-02  3.6076E-01
 -6.5249E-01  1.2381E-01  1.3254E+00  7.6248E-02  3.6619E-01
  1.2999E+00 -1.2670E-01 -7.0141E-01  7.6248E-02  3.6619E-01
  1.3481E+00  1.2627E-01 -6.0371E-01  7.6248E-02  3.6619E-01
  1.4727E+00  1.3770E-01  1.0059E-01  7.6248E-02  3.6619E-01
  9.4796E-01  6.3211E-02 -1.1190E+00  7.5487E-02  3.7739E-01
 -1.2805E+00  3.3670E-02  7.1704E-01  7.5487E-02  3.7739E-01
  1.1771E+00  1.4225E-01 -8.5316E-01  7.5106E-02  3.8315E-01
 -9.3783E-01 -7.4914E-02  1.1174E+00  7.5106E-02  3.8315E-01
  1.0625E+00  8.5671E-02  9.8825E-01  7.4726E-02  3.8904E-01
 -8.6447E-01  1.3026E-01 -1.1613E+00  7.4726E-02  3.8904E-01
  1.4362E+00 -1.3982E-01 -1.0008E-01  7.4345E-02  3.9504E-01
  1.0345E+00 -1.7662E-01  9.9537E-01  7.4345E-02  3.9504E-01
 -1.0113E-01  1.3816E-01  1.4291E+00  7.3965E-02  4.0117E-01
 -1.0736E+00  2.8812E-02 -9.4762E-01  7.3584E-02  4.0743E-01
  1.4073E+00 -1.2699E-01  1.8605E-01  7.3203E-02  4.1382E-01
  1.2201E+00 -3.3533E-02  7.3582E-01  7.3203E-02  4.1382E-01
  3.6121E-01  1.0345E-01  1.3748E+00  7.3203E-02  4.1382E-01
  4.9793E-01  1.0359E-01  1.3239E+00  7.2822E-02  4.2035E-01
  9.7981E-01 -7.5857E-02  1.0129E+00  7.2442E-02  4.2701E-01
  2.4951E-01 -1.2256E-02  1.3890E+00  7.2442E-02  4.2701E-01
 -3.4138E-01 -2.0744E-03 -1.3623E+00  7.2061E-02  4.3381E-01
  1.4032E+00  3.6424E-02  4.6080E-02  7.2061E-02  4.3381E-01
  8.1836E-01  9.6957E-02  1.1372E+00  7.2061E-02  4.3381E-01
 -9.7299E-01  7.2175E-02 -1.0006E+00  7.1680E-02  4.4076E-01
 -1.2920E+00  1.4581E-01  4.9354E-01  7.1300E-02  4.4786E-01
  1.3564E+00 -1.6981E-01  1.6743E-01  7.0538E-02  4.6253E-01
 -6.9205E-01 -2.4816E-02  1.1905E+00  7.0538E-02  4.6253E-01
 -1.3252E+00  3.8786E-02  3.7294E-01  7.0538E-02  4.6253E-01
  7.7059E-01 -4.9580E-02 -1.1404E+00  7.0538E-02  4.6253E-01
  1.0136E+00 -1.1352E-01 -9.2544E-01  7.0538E-02  4.6253E-01
 -1.3279E+00  6.1759E-03  3.3899E-01  7.0157E-02  4.7010E-01
 -3.6248E-01  1.6132E-01  1.3119E+00  7.0157E-02  4.7010E-01
  1.0762E+00 -7.2987E-02  8.4553E-01  7.0157E-02  4.7010E-01
  1.2505E+00 -2.0419E-02 -5.4413E-01  6.9776E-02  4.7784E-01
  1.1998E+00  6.7104E-02  6.4523E-01  6.9776E-02  4.7784E-01
 -1.3306E+00  1.4184E-01  2.2741E-01  6.9395E-02  4.8575E-01
  3.3134E-01 -1.4525E-01  1.3082E+00  6.9395E-02  4.8575E-01
  1.0480E+00 -1.3883E-01 -8.5134E-01  6.9395E-02  4.8575E-01
 -4.6785E-01  1.1467E-01 -1.2619E+00  6.9014E-02  4.9384E-01
  1.1928E+00 -4.9355E-03 -6.3378E-01  6.9014E-02  4.9384E-01
  1.0254E+00  9.8716E-02  8.7374E-01  6.9014E-02  4.9384E-01
  3.3204E-02  1.6050E-01  1.3408E+00  6.9014E-02  4.9384E-01
 -3.7125E-01 -7.5455E-02 -1.2898E+00  6.8633E-02  5.0211E-01
 -8.3386E-01 -9.1957E-02  1.0503E+00  6.8633E-02  5.0211E-01
  4.3534E-03  1.6326E-01 -1.3343E+00  6.8633E-02  5.0211E-01
  4.8684E-02 -1.7511E-01 -1.3254E+00  6.8252E-02  5.1057E-01
  2.3656E-01  1.6680E-01 -1.3061E+00  6.8252E-02  5.1057E-01
  1.2784E+00  1.4267E-01  3.4343E-01  6.7871E-02  5.1923E-01
 -7.5208E-01  1.8609E-01  1.0827E+00  6.7871E-02  5.1923E-01
  8.8162E-01 -1.6298E-01 -9.7559E-01  6.7489E-02  5.2808E-01
 -3.8231E-01  3.5196E-02  1.2681E+00  6.7489E-02  5.2808E-01
 -9.0892E-02 -6.6512E-02 -1.3138E+00  6.7108E-02  5.3713E-01
  7.4981E-01 -1.1249E-01 -1.0789E+00  6.7108E-02  5.3713E-01
 -1.2437E+00 -1.3907E-01 -3.9540E-01  6.6726E-02  5.4640E-01
  4.9492E-01 -5.5222E-02 -1.2142E+00  6.6726E-02  5.4640E-01
 -1.2493E+00  6.4191E-02  3.7577E-01  6.6345E-02  5.5588E-01
  8.8037E-01  1.4583E-01 -9.4531E-01  6.5963E-02  5.6559E-01
  9.2574E-01 -4.0175E-02  9.1177E-01  6.5963E-02  5.6559E-01
  5.9993E-01  5.9064E-02 -1.1448E+00  6.5581E-02  5.7553E-01
  8.2711E-01 -1.3911E-01  9.8517E-01  6.5581E-02  5.7553E-01
  1.0620E+00 -4.6646E-02  7.3759E-01  6.5581E-02  5.7553E-01
 -6.2482E-01  1.7003E-01 -1.1201E+00  6.5581E-02  5.7553E-01
  8.9763E-01  2.8269E-02  9.2292E-01  6.5199E-02  5.8571E-01
 -1.1024E+00 -1.7945E-01 -6.4093E-01  6.5199E-02  5.8571E-01
 -1.2741E+00 -1.3573E-01 -3.2663E-02  6.4817E-02  5.9614E-01
  8.7977E-01 -7.6726E-02  9.2894E-01  6.4817E-02  5.9614E-01
  5.0874E-01 -8.6318E-02 -1.1733E+00  6.4817E-02  5.9614E-01
 -1.2218E+00  8.8177E-02 -3.5625E-01  6.4434E-02  6.0681E-01
  4.5094E-01 -1.5656E-01 -1.1831E+00  6.4434E-02  6.0681E-01
  1.0961E+00 -1.3318E-01 -6.2704E-01  6.4051E-02  6.1776E-01
  1.2403E+00 -1.6022E-01 -2.1991E-01  6.4051E-02  6.1776E-01
  9.3412E-01  1.5872E-02  8.5999E-01  6.4051E-02  6.1776E-01
  1.2289E+00  4.0519E-02 -2.6648E-01  6.3285E-02  6.4046E-01
  1.2312E+00  1.4051E-01 -2.1729E-01  6.3285E-02  6.4046E-01
  7.9610E-01  8.1895E-02 -9.7073E-01  6.3285E-02  6.4046E-01
  7.6119E-01  1.4410E-01 -9.9127E-01  6.3285E-02  6.4046E-01
 -6.1880E-01  8.0408E-02 -1.0924E+00  6.3285E-02  6.4046E-01
 -7.7117E-01  5.5898E-02 -9.8512E-01  6.2902E-02  6.5224E-01
 -1.2399E+00 -1.7228E-01  3.6902E-02  6.2902E-02  6.5224E-01
  1.2089E+00  1.2280E-01  3.0288E-01  6.2902E-02  6.5224E-01
 -1.1396E+00  1.3216E-01 -4.8755E-01  6.2518E-02  6.6433E-01
 -2.6387E-01 -8.3598E-02  1.2155E+00  6.2518E-02  6.6433E-01
 -1.4838E-01  6.0104E-02  1.2305E+00  6.2134E-02  6.7672E-01
 -1.2221E+00  1.6863E-01  1.3400E-01  6.2134E-02  6.7672E-01
  8.0806E-01  1.4297E-01 -9.3084E-01  6.2134E-02  6.7672E-01
  4.8501E-01  6.1592E-02  1.1405E+00  6.2134E-02  6.7672E-01
  1.0272E+00  4.2142E-02  6.8484E-01  6.1750E-02  6.8943E-01
 -1.1646E+00  4.2797E-02 -4.0972E-01  6.1750E-02  6.8943E-01
  9.2167E-01  1.4553E-01  8.0950E-01  6.1750E-02  6.8943E-01
  1.2139E+00 -5.9199E-02 -1.8772E-01  6.1365E-02  7.0248E-01
 -1.2202E+00  5.3677E-02 -1.4329E-01  6.1365E-02  7.0248E-01
  7.2659E-01  1.7452E-02  9.9196E-01  6.1365E-02  7.0248E-01
  2.9203E-01  4.0473E-02 -1.1939E+00  6.1365E-02  7.0248E-01
  1.2293E+00 -2.9388E-02 -1.2083E-02  6.1365E-02  7.0248E-01
 -5.4558E-01 -1.3411E-01  1.0877E+00  6.0980E-02  7.1587E-01
 -2.5854E-01  1.0884E-01 -1.1916E+00  6.0980E-02  7.1587E-01
 -1.1867E+00  1.8611E-01 -2.3601E-01  6.0980E-02  7.1587E-01
  1.2050E+00 -6.3865E-02  1.7070E-01  6.0595E-02  7.2962E-01
 -1.2147E+00 -6.6547E-02 -7.3510E-02  6.0595E-02  7.2962E-01
  1.1659E+00  1.2515E-01  3.3213E-01  6.0595E-02  7.2962E-01
  5.8678E-02 -1.4296E-02  1.2118E+00  6.0209E-02  7.4374E-01
 -1.2133E+00  1.3239E-03  1.4948E-02  6.0209E-02  7.4374E-01
 -1.1503E+00 -5.3073E-02 -3.8230E-01  6.0209E-02  7.4374E-01
 -4.2136E-01  1.9765E-02  1.1377E+00  6.0209E-02  7.4374E-01
  1.1821E+00 -7.0486E-02 -2.3883E-01  5.9822E-02  7.5825E-01
  8.0577E-01  1.4816E-02 -8.9988E-01  5.9822E-02  7.5825E-01
  1.1782E+00 -1.3164E-01 -2.3170E-01  5.9822E-02  7.5825E-01
  8.5497E-01 -5.8488E-02  8.4388E-01  5.9436E-02  7.7315E-01
 -9.3158E-01  1.5520E-01  7.4471E-01  5.9436E-02  7.7315E-01
  6.7281E-01  1.3449E-01 -9.8142E-01  5.9048E-02  7.8847E-01
 -8.5598E-01  2.1013E-02  8.3715E-01  5.9048E-02  7.8847E-01
 -1.0286E+00  5.6202E-02 -6.1058E-01  5.9048E-02  7.8847E-01
  1.1947E+00  7.2673E-02  3.7531E-02  5.9048E-02  7.8847E-01
  1.0122E+00  1.1629E-01 -6.2919E-01  5.9048E-02  7.8847E-01
  5.3917E-01  2.2604E-02  1.0632E+00  5.8660E-02  8.0422E-01
 -1.1820E+00 -1.1038E-01  4.0021E-04  5.8271E-02  8.2042E-01
 -8.4487E-01 -1.3855E-02  8.3391E-01  5.8271E-02  8.2042E-01
 -4.6125E-01 -4.6600E-02  1.0929E+00  5.8271E-02  8.2042E-01
  1.0340E+00  1.3967E-01  5.5558E-01  5.7882E-02  8.3709E-01
  9.6844E-01  1.3259E-01 -6.6481E-01  5.7882E-02  8.3709E-01
  9.5873E-01 -1.3077E-01  6.7909E-01  5.7882E-02  8.3709E-01
  7.2266E-01 -9.7513E-02 -9.2405E-01  5.7492E-02  8.5424E-01
  1.0031E+00  1.2247E-02  6.1589E-01  5.7492E-02  8.5424E-01
  8.3289E-01  3.4300E-02 -8.3111E-01  5.7492E-02  8.5424E-01
 -3.8238E-01  1.3156E-01  1.1055E+00  5.7492E-02  8.5424E-01
 -1.1010E+00 -8.9247E-02  4.0680E-01  5.7492E-02  8.5424E-01
  1.5491E-01  2.6179E-03  1.1669E+00  5.7492E-02  8.5424E-01
  9.9695E-01  1.4627E-01  6.0854E-01  5.7492E-02  8.5424E-01
 -1.0752E-01  1.6304E-01 -1.1558E+00  5.7101E-02  8.7190E-01
 -8.6831E-01  7.2333E-02 -7.8410E-01  5.7101E-02  8.7190E-01
  9.6900E-01 -7.5094E-03  6.5082E-01  5.6710E-02  8.9009E-01
  1.1622E+00  1.1305E-02 -1.0872E-01  5.6710E-02  8.9009E-01
 -9.7746E-01 -1.7382E-01  6.0474E-01  5.6317E-02  9.0882E-01
  9.3403E-01  5.4448E-02  6.8991E-01  5.6317E-02  9.0882E-01
  2.2527E-01  4.9075E-02  1.1345E+00  5.5924E-02  9.2814E-01
  1.0879E+00  1.8595E-01  3.4942E-01  5.5924E-02  9.2814E-01
 -1.0759E+00  1.8187E-01 -3.7244E-01  5.5530E-02  9.4805E-01
  1.1029E+00  3.1309E-02 -3.3486E-01  5.5530E-02  9.4805E-01
 -8.9842E-01 -1.7814E-01  7.0039E-01  5.5530E-02  9.4805E-01
  5.4749E-01 -1.2327E-01  1.0072E+00  5.5530E-02  9.4805E-01
 -1.1243E+00 -1.2536E-01 -2.2309E-01  5.5530E-02  9.4805E-01
  1.1527E+00 -3.4846E-03  2.5367E-02  5.5530E-02  9.4805E-01
  6.5289E-01 -3.2169E-02 -9.4417E-01  5.5134E-02  9.6859E-01
  3.6142E-01  1.4490E-01 -1.0803E+00  5.5134E-02  9.6859E-01
  6.5786E-01 -1.3296E-01  9.3183E-01  5.5134E-02  9.6859E-01
  6.1488E-01  8.3342E-02 -9.6086E-01  5.4738E-02  9.8980E-01
  9.7959E-01  6.2884E-02 -5.8714E-01  5.4738E-02  9.8980E-01
 -4.2736E-03  8.0330E-02  1.1410E+00  5.4738E-02  9.8980E-01
 -7.9184E-01  4.2348E-02  8.1803E-01  5.4340E-02  1.0117E+00
  4.7934E-01  9.9224E-03 -1.0335E+00  5.4340E-02  1.0117E+00
  3.7220E-01  1.4697E-01 -1.0619E+00  5.3941E-02  1.0343E+00
 -2.6967E-01 -1.0290E-01  1.0975E+00  5.3941E-02  1.0343E+00
 -8.2059E-01 -7.0703E-02 -7.7431E-01  5.3541E-02  1.0577E+00
 -1.0771E+00  2.0241E-02 -3.4273E-01  5.3541E-02  1.0577E+00
  4.1268E-01  1.5805E-01  1.0358E+00  5.3139E-02  1.0818E+00
 -2.5398E-03 -1.3003E-01 -1.1186E+00  5.3139E-02  1.0818E+00
  2.8581E-01 -1.0257E-01 -1.0844E+00  5.3139E-02  1.0818E+00
 -4.0693E-01  6.7197E-02 -1.0479E+00  5.3139E-02  1.0818E+00
 -8.3476E-01  8.4486E-02  7.4474E-01  5.2736E-02  1.1068E+00
 -8.0365E-01 -6.3058E-02 -7.7419E-01  5.2331E-02  1.1327E+00
 -1.0493E+00  8.3185E-02 -3.7596E-01  5.2331E-02  1.1327E+00
 -1.0996E+00 -1.2826E-01 -1.2005E-01  5.1925E-02  1.1595E+00
 -2.3321E-01  1.2302E-02 -1.0888E+00  5.1925E-02  1.1595E+00
  1.0416E+00  1.5623E-02 -3.8175E-01  5.1516E-02  1.1873E+00
 -3.3301E-01  1.5644E-01 -1.0467E+00  5.1516E-02  1.1873E+00
 -1.0364E+00  1.1359E-01  3.7937E-01  5.1516E-02  1.1873E+00
 -1.0693E+00  1.6738E-01  2.2541E-01  5.1106E-02  1.2161E+00
  1.0188E+00 -7.7628E-02 -4.2205E-01  5.1106E-02  1.2161E+00
 -3.9902E-01 -8.8005E-02 -1.0230E+00  5.0694E-02  1.2461E+00
 -1.0072E+00 -8.1643E-02  4.3868E-01  5.0694E-02  1.2461E+00
  1.0929E+00 -9.7619E-02 -3.1508E-02  5.0279E-02  1.2771E+00
  6.9448E-01  7.0671E-02 -8.4225E-01  4.9863E-02  1.3094E+00
  8.7441E-01  1.5678E-02 -6.5715E-01  4.9863E-02  1.3094E+00
 -9.2336E-01 -8.0500E-02  5.8104E-01  4.9863E-02  1.3094E+00
 -8.8098E-01 -1.2577E-01  6.2343E-01  4.9022E-02  1.3780E+00
 -8.0531E-01  9.7962E-02  7.2282E-01  4.9022E-02  1.3780E+00
 -1.0636E+00 -6.4963E-02 -2.1231E-01  4.9022E-02  1.3780E+00
 -4.8278E-01  1.3546E-01 -9.6394E-01  4.9022E-02  1.3780E+00
 -9.3079E-01 -7.2898E-02 -5.5579E-01  4.9022E-02  1.3780E+00
  5.6188E-01 -2.2448E-02  9.2553E-01  4.8597E-02  1.4144E+00
  8.7202E-01  1.2442E-01 -6.2397E-01  4.8170E-02  1.4524E+00
  1.0782E-01 -1.6946E-01 -1.0606E+00  4.8170E-02  1.4524E+00
  9.4008E-01  1.3556E-01  5.1294E-01  4.8170E-02  1.4524E+00
 -5.4793E-01  1.0246E-01 -9.2439E-01  4.8170E-02  1.4524E+00
 -9.9746E-01 -7.9857E-02  3.9561E-01  4.7739E-02  1.4920E+00
  8.8431E-01 -1.3539E-01  5.9789E-01  4.7739E-02  1.4920E+00
 -1.0708E+00 -2.1534E-02  1.0365E-01  4.7739E-02  1.4920E+00
 -4.7657E-01 -1.7867E-01 -9.4803E-01  4.7739E-02  1.4920E+00
  1.0626E+00 -1.7085E-02  1.4556E-01  4.7306E-02  1.5334E+00
 -1.0714E+00  7.8478E-03 -5.1282E-02  4.7306E-02  1.5334E+00
  9.2174E-01  1.5731E-01  5.2555E-01  4.7306E-02  1.5334E+00
 -4.9579E-01 -1.7457E-01  9.3503E-01  4.7306E-02  1.5334E+00
  6.4159E-01  2.7896E-02 -8.5503E-01  4.6868E-02  1.5768E+00
 -8.3740E-01  1.0175E-01 -6.5719E-01  4.6868E-02  1.5768E+00
  8.2398E-01  8.7787E-02  6.7590E-01  4.6868E-02  1.5768E+00
  1.0564E+00 -3.4800E-03 -1.6581E-01  4.6868E-02  1.5768E+00
  8.0292E-01 -9.7692E-02  6.9948E-01  4.6868E-02  1.5768E+00
 -2.4702E-01 -2.8980E-02  1.0367E+00  4.6427E-02  1.6222E+00
  1.0383E+00 -5.6777E-03  2.4185E-01  4.6427E-02  1.6222E+00
 -9.4816E-02  4.9235E-02 -1.0607E+00  4.6427E-02  1.6222E+00
 -9.8810E-01 -1.3130E-01 -3.7817E-01  4.6427E-02  1.6222E+00
  5.1578E-01 -1.6477E-01 -9.1472E-01  4.5982E-02  1.6697E+00
 -8.8623E-01 -9.2294E-02  5.7963E-01  4.5982E-02  1.6697E+00
 -4.8438E-01 -8.9277E-02 -9.4196E-01  4.5982E-02  1.6697E+00
  1.5252E-01 -4.7750E-02  1.0478E+00  4.5533E-02  1.7196E+00
  5.2997E-03  3.9316E-02  1.0591E+00  4.5533E-02  1.7196E+00
  1.0599E+00 -2.8504E-03  5.1492E-03  4.5533E-02  1.7196E+00
  4.7808E-01 -1.1307E-01 -9.3914E-01  4.5533E-02  1.7196E+00
 -8.5074E-01 -3.3526E-02  6.2617E-01  4.5079E-02  1.7721E+00
  1.0557E+00  1.7570E-02 -4.6977E-02  4.5079E-02  1.7721E+00
 -5.1501E-01  1.4739E-01 -9.1105E-01  4.5079E-02  1.7721E+00
  8.9007E-01  4.2783E-02  5.6826E-01  4.5079E-02  1.7721E+00
  1.0442E+00  7.6619E-02 -1.2092E-01  4.4620E-02  1.8273E+00
 -1.0271E+00 -1.1803E-01 -2.0461E-01  4.4620E-02  1.8273E+00
 -3.4852E-01 -1.5566E-01  9.8238E-01  4.4620E-02  1.8273E+00
  1.0475E+00 -8.2574E-02 -8.2099E-02  4.4620E-02  1.8273E+00
 -1.0233E+00  5.5975E-02  2.3354E-01  4.4156E-02  1.8855E+00
 -1.0224E+00  1.2728E-02 -2.4367E-01  4.4156E-02  1.8855E+00
  1.8569E-01 -9.6837E-02  1.0300E+00  4.4156E-02  1.8855E+00
  1.0188E-01 -5.2947E-02 -1.0448E+00  4.4156E-02  1.8855E+00
  5.7251E-01  1.9689E-02 -8.7791E-01  4.3687E-02  1.9469E+00
 -9.4040E-01 -1.7102E-01  4.3044E-01  4.3687E-02  1.9469E+00
  3.0535E-01  2.2705E-03 -1.0028E+00  4.3687E-02  1.9469E+00
 -4.5919E-01 -4.9540E-02 -9.3803E-01  4.3212E-02  2.0119E+00
 -9.9504E-01 -1.1105E-01 -3.0128E-01  4.3212E-02  2.0119E+00
 -1.0026E+00 -2.9035E-02  2.9532E-01  4.3212E-02  2.0119E+00
 -1.4272E-01 -6.1587E-02  1.0313E+00  4.2730E-02  2.0806E+00
 -3.8340E-01 -1.5808E-01  9.5693E-01  4.2730E-02  2.0806E+00
  1.1845E-01 -4.8173E-02  1.0351E+00  4.2730E-02  2.0806E+00
  3.7905E-01  1.6322E-01  9.5780E-01  4.2730E-02  2.0806E+00
  7.6685E-01  1.0653E-02 -7.0677E-01  4.2730E-02  2.0806E+00
  4.3571E-01  3.2030E-02  9.4419E-01  4.2242E-02  2.1536E+00
 -7.3686E-01  6.0023E-02  7.3198E-01  4.2242E-02  2.1536E+00
 -3.0470E-01  1.4461E-01 -9.8418E-01  4.2242E-02  2.1536E+00
 -5.1856E-02 -1.8026E-01  1.0233E+00  4.2242E-02  2.1536E+00
 -1.0137E+00  1.1085E-01  2.0631E-01  4.2242E-02  2.1536E+00
 -2.0852E-01  1.6754E-01 -1.0054E+00  4.2242E-02  2.1536E+00
 -8.3316E-01 -3.3038E-02 -6.2219E-01  4.2242E-02  2.1536E+00
  9.7562E-01 -1.5302E-01  3.1930E-01  4.1747E-02  2.2312E+00
  2.4215E-01 -1.0809E-01  1.0034E+00  4.1747E-02  2.2312E+00
 -9.6933E-01 -1.6575E-01  3.3185E-01  4.1747E-02  2.2312E+00
 -1.0309E+00 -4.8855E-02  1.0978E-01  4.1747E-02  2.2312E+00
 -8.7206E-01 -1.0051E-01 -5.5372E-01  4.1747E-02  2.2312E+00
 -2.4970E-01 -1.6409E-01  9.9142E-01  4.1244E-02  2.3138E+00
  6.0944E-02 -1.0708E-02 -1.0336E+00  4.1244E-02  2.3138E+00
 -5.6055E-01 -1.4333E-01 -8.5874E-01  4.1244E-02  2.3138E+00
  7.4612E-01  8.8775E-02  7.0908E-01  4.0733E-02  2.4020E+00
 -9.3449E-01 -2.1710E-02 -4.4002E-01  4.0733E-02  2.4020E+00
  8.3615E-01  5.5337E-03  6.0679E-01  4.0733E-02  2.4020E+00
 -8.6989E-01  1.3889E-01 -5.3979E-01  4.0733E-02  2.4020E+00
  1.1579E-01  6.4881E-02 -1.0223E+00  4.0213E-02  2.4964E+00
  9.5762E-01 -1.7028E-02 -3.7536E-01  3.9683E-02  2.5977E+00
  1.0262E+00  5.8141E-02 -4.1990E-02  3.9683E-02  2.5977E+00
 -8.1058E-01  1.7184E-01 -6.0964E-01  3.9683E-02  2.5977E+00
 -8.8882E-01  1.7005E-01 -4.8475E-01  3.9143E-02  2.7067E+00
  7.9896E-01 -3.1123E-03  6.4464E-01  3.9143E-02  2.7067E+00
  1.0229E+00 -5.1414E-02 -6.9540E-02  3.9143E-02  2.7067E+00
  6.8464E-01  1.5402E-01 -7.4652E-01  3.8592E-02  2.8243E+00
 -3.7269E-01 -1.4985E-02  9.5427E-01  3.8592E-02  2.8243E+00
  9.3914E-01 -3.6703E-02  4.0794E-01  3.8592E-02  2.8243E+00
 -7.0129E-01  4.8123E-02 -7.4540E-01  3.8592E-02  2.8243E+00
 -8.9391E-01 -1.5447E-01  4.7205E-01  3.8029E-02  2.9517E+00
  9.6208E-01  5.4728E-02 -3.4231E-01  3.8029E-02  2.9517E+00
 -3.0974E-01 -9.5772E-02  9.6790E-01  3.7452E-02  3.0900E+00
 -9.3238E-01 -1.0786E-01 -3.9665E-01  3.6862E-02  3.2409E+00
  6.1710E-01  1.2652E-01 -7.9875E-01  3.6256E-02  3.4062E+00
 -6.0116E-01  1.4189E-01  8.0621E-01  3.5633E-02  3.5880E+00
 -3.6735E-01 -1.0848E-01  9.4063E-01  3.5633E-02  3.5880E+00
 -7.4607E-01  9.9468E-02 -6.8190E-01  3.5633E-02  3.5880E+00
  9.2053E-01 -5.0592E-03  4.2539E-01  3.4991E-02  3.7890E+00
 -1.0084E+00 -5.8547E-02 -9.0106E-02  3.4991E-02  3.7890E+00
 -3.5578E-01 -1.5400E-02 -9.4950E-01  3.4991E-02  3.7890E+00
 -8.8130E-01  3.3070E-02 -4.9760E-01  3.4329E-02  4.0125E+00
 -9.8054E-01  9.9533E-02 -2.3240E-01  3.4329E-02  4.0125E+00
 -9.0094E-01 -1.1246E-01  4.4522E-01  3.3644E-02  4.2626E+00
  9.9980E-01 -1.4766E-01  3.4182E-02  3.3644E-02  4.2626E+00
 -7.5270E-01  8.2690E-02  6.7020E-01  3.3644E-02  4.2626E+00
  1.0039E+00  1.2109E-01  2.9086E-03  3.3644E-02  4.2626E+00
  6.5645E-01 -1.6989E-01  7.4842E-01  3.2934E-02  4.5444E+00
 -1.6017E-01  1.4835E-02  9.9702E-01  3.2934E-02  4.5444E+00
  9.0776E-01  4.8925E-02  4.3705E-01  3.2195E-02  4.8645E+00
  4.9594E-01  2.4904E-02 -8.7798E-01  3.2195E-02  4.8645E+00
  2.1567E-01 -1.1667E-01 -9.7842E-01  3.2195E-02  4.8645E+00
  5.3063E-01  9.7226E-02 -8.5094E-01  3.1425E-02  5.2312E+00
 -7.6612E-01  1.7203E-01 -6.3133E-01  3.1425E-02  5.2312E+00
 -5.6521E-01 -9.6300E-02 -8.2848E-01  3.1425E-02  5.2312E+00
  9.1747E-01 -5.4442E-02  4.1281E-01  3.1425E-02  5.2312E+00
 -8.9892E-01  1.2834E-01  4.3410E-01  3.0618E-02  5.6557E+00
  1.0048E+00 -5.7396E-02  8.2504E-03  3.0618E-02  5.6557E+00
  8.9822E-01  1.3677E-02 -4.5385E-01  3.0618E-02  5.6557E+00
  9.8650E-01  5.4175E-02  1.9196E-01  3.0618E-02  5.6557E+00
 -9.9669E-01 -3.8155E-02  1.3460E-01  3.0618E-02  5.6557E+00
 -8.1477E-01 -1.9639E-02 -5.9053E-01  3.0618E-02  5.6557E+00
  9.8193E-01  8.9665E-02 -2.0185E-01  3.0618E-02  5.6557E+00
 -7.7239E-01  1.2674E-01  6.3114E-01  2.9770E-02  6.1530E+00
 -5.7388E-01  1.1492E-02 -8.2554E-01  2.9770E-02  6.1530E+00
  1.2935E-01  8.4406E-02  9.9263E-01  2.8874E-02  6.7438E+00
  1.1265E-01  1.4100E-01 -9.8823E-01  2.8874E-02  6.7438E+00
  6.0695E-01  6.6331E-02  7.9670E-01  2.7921E-02  7.4574E+00
 -7.3679E-01  9.0736E-02  6.7559E-01  2.7921E-02  7.4574E+00
 -1.8967E-01  3.5942E-02 -9.8501E-01  2.7921E-02  7.4574E+00
 -9.8809E-01  1.4364E-01  1.0273E-01  2.7921E-02  7.4574E+00
  7.1008E-02 -8.2484E-02 -9.9783E-01  2.7921E-02  7.4574E+00
  8.3024E-01 -9.9809E-02 -5.5521E-01  2.7921E-02  7.4574E+00
 -1.0026E+00  2.4033E-02  1.4101E-02  2.6903E-02  8.3369E+00
  8.7761E-01 -1.4722E-01  4.6276E-01  2.6903E-02  8.3369E+00
 -9.8721E-01  1.3268E-01 -1.1764E-01  2.6903E-02  8.3369E+00
 -9.9613E-01 -7.3834E-02 -9.1112E-02  2.6903E-02  8.3369E+00
  9.8596E-01 -1.8017E-01  1.1246E-02  2.5804E-02  9.4481E+00
 -9.9319E-01 -1.3000E-01  3.6868E-02  2.5804E-02  9.4481E+00
  2.7826E-01  1.3413E-01 -9.5356E-01  2.5804E-02  9.4481E+00
  1.0343E-02  1.4841E-01 -9.9124E-01  2.5804E-02  9.4481E+00
 -8.2913E-01 -1.4928E-01  5.4309E-01  2.5804E-02  9.4481E+00
 -9.5157E-01  6.6262E-02 -3.0605E-01  2.4606E-02  1.0897E+01
  4.5273E-01  1.6399E-02 -8.9348E-01  2.4606E-02  1.0897E+01
  4.2050E-01 -2.3640E-02 -9.0893E-01  2.4606E-02  1.0897E+01
  5.6398E-01 -2.0129E-02 -8.2768E-01  2.4606E-02  1.0897E+01
 -9.8171E-01  7.7667E-02  1.8100E-01  2.3280E-02  1.2866E+01
 -4.0793E-01 -1.1450E-01 -9.0721E-01  2.3280E-02  1.2866E+01
 -9.6504E-01 -8.4969E-02  2.5136E-01  2.1787E-02  1.5696E+01
  4.1069E-01 -1.5718E-01 -8.9908E-01  2.1787E-02  1.5696E+01
  1.7344E-02 -1.3847E-01  9.9108E-01  2.1787E-02  1.5696E+01
  1.0487E-01  6.6229E-03 -9.9532E-01  2.1787E-02  1.5696E+01
 -2.9776E-01  1.3295E-01  9.4624E-01  2.1787E-02  1.5696E+01
  4.3355E-01 -1.3953E-01  8.9122E-01  2.1787E-02  1.5696E+01
  7.2534E-01 -1.1064E-01  6.8070E-01  2.1787E-02  1.5696E+01
  3.6709E-01  4.2036E-02  9.2979E-01  2.0058E-02  2.0115E+01
 -9.9581E-01 -8.8490E-02 -3.9543E-02  2.0058E-02  2.0115E+01
 -4.1949E-01  3.8695E-03  9.0805E-01  1.7969E-02  2.7981E+01
 -1.5513E-02 -8.0776E-02 -9.9688E-01  1.7969E-02  2.7981E+01
