0.30326400000001D+02       624
(x,y,z) position of the X-ray source
 -0.9645E+00  0.7954E-01  0.1518E+01
x | y | z | R | rho
  2.4870E-02  3.3018E-02  9.7999E+00  3.1806E-01  5.0451E-03
  3.9858E-01  1.9640E-01  9.7778E+00  3.1779E-01  5.0579E-03
  1.2022E+00  1.0729E-01  9.6398E+00  3.1617E-01  5.1363E-03
 -1.5438E+00  1.3914E-02  9.2720E+00  3.0909E-01  5.4973E-03
  1.1912E-02 -2.0514E-01  8.9013E+00  2.9779E-01  6.1472E-03
 -6.9456E-02 -6.9529E-02  8.6739E+00  2.9249E-01  6.4873E-03
 -6.2083E-01  3.9926E-02  8.6280E+00  2.9193E-01  6.5247E-03
  3.3572E-01 -2.5137E-01  8.2907E+00  2.8376E-01  7.1045E-03
 -1.5283E+00  1.0960E-01  7.8286E+00  2.7607E-01  7.7151E-03
 -4.9132E-01  3.0895E-01  7.7039E+00  2.7003E-01  8.2447E-03
  1.6121E-01 -2.1940E-01  7.7209E+00  2.7003E-01  8.2447E-03
  3.7617E-01  1.2125E-01  7.6318E+00  2.6800E-01  8.4331E-03
  1.6399E+00 -1.1238E-01  7.3286E+00  2.6481E-01  8.7422E-03
  1.2889E+00 -1.6114E-01  7.3369E+00  2.6335E-01  8.8882E-03
 -1.0274E+00 -1.7938E-01  6.4418E+00  2.4018E-01  1.1717E-02
  1.7364E-01  2.8151E-01  6.4937E+00  2.3957E-01  1.1806E-02
 -1.9356E+00  2.3268E-02  6.2072E+00  2.3957E-01  1.1806E-02
  6.3678E-01 -4.2503E-02  6.4233E+00  2.3836E-01  1.1987E-02
 -8.3954E-01  3.0080E-01  6.0961E+00  2.3073E-01  1.3216E-02
  6.4087E-01  2.8502E-01  5.9676E+00  2.2672E-01  1.3929E-02
  1.9757E+00 -2.4872E-01  5.5326E+00  2.2331E-01  1.4577E-02
  1.0000E+00 -9.0715E-02  5.7108E+00  2.2113E-01  1.5012E-02
  8.9531E-01 -2.6264E-01  5.6166E+00  2.1832E-01  1.5600E-02
 -1.0230E+00  8.1601E-02  5.4348E+00  2.1392E-01  1.6583E-02
 -3.3923E-01  1.6388E-01  5.4483E+00  2.1202E-01  1.7032E-02
 -1.7121E+00  1.6102E-01  5.1591E+00  2.1139E-01  1.7186E-02
 -1.5017E+00 -1.6701E-01  5.1638E+00  2.0980E-01  1.7579E-02
 -3.6465E-01  3.1018E-02  5.3215E+00  2.0853E-01  1.7903E-02
 -1.2979E+00  8.6793E-02  5.1016E+00  2.0661E-01  1.8405E-02
  1.0912E-01  1.0061E-01  5.2050E+00  2.0501E-01  1.8839E-02
 -1.9254E+00 -2.9097E-01  4.7921E+00  2.0405E-01  1.9107E-02
  1.0038E+00 -4.5244E-02  5.0623E+00  2.0373E-01  1.9197E-02
  1.9816E+00 -9.8483E-02  4.6148E+00  1.9987E-01  2.0333E-02
  2.3000E-01  1.3100E-01  4.9933E+00  1.9922E-01  2.0531E-02
 -1.8596E+00 -2.8158E-01  4.3730E+00  1.9238E-01  2.2798E-02
 -2.4933E-02  7.7982E-02  4.6345E+00  1.8877E-01  2.4132E-02
  1.8854E+00 -5.7261E-02  4.2216E+00  1.8844E-01  2.4258E-02
  2.7764E-01  1.5596E-01  4.5333E+00  1.8613E-01  2.5174E-02
 -1.6791E+00 -1.7928E-01  4.2191E+00  1.8613E-01  2.5174E-02
  1.9561E+00  2.0794E-01  4.0339E+00  1.8447E-01  2.5858E-02
 -1.9737E+00  2.0630E-01  3.9118E+00  1.8148E-01  2.7159E-02
 -1.3579E+00  8.3921E-02  4.1227E+00  1.8014E-01  2.7768E-02
 -1.6645E+00  1.5649E-01  3.8115E+00  1.7477E-01  3.0409E-02
 -1.7734E-01 -2.6036E-01  4.0718E+00  1.7240E-01  3.1679E-02
  8.4495E-01  2.1710E-01  3.8872E+00  1.6934E-01  3.3426E-02
  1.8382E+00  1.8245E-01  3.4671E+00  1.6764E-01  3.4457E-02
 -9.5025E-01 -7.1460E-02  3.7770E+00  1.6661E-01  3.5098E-02
 -1.9651E+00 -2.1042E-01  3.3439E+00  1.6627E-01  3.5315E-02
 -1.6942E+00 -1.8575E-01  3.4289E+00  1.6456E-01  3.6431E-02
 -1.8806E+00  1.4816E-01  3.2180E+00  1.6146E-01  3.8570E-02
  9.1732E-01  3.6666E-03  3.6157E+00  1.6146E-01  3.8570E-02
 -8.8959E-01  1.3976E-01  3.5747E+00  1.6007E-01  3.9579E-02
 -1.1921E+00 -1.7432E-02  3.4652E+00  1.5938E-01  4.0097E-02
  5.5285E-01 -2.2998E-01  3.5931E+00  1.5869E-01  4.0625E-02
  2.5111E-01  1.0244E-01  3.6107E+00  1.5799E-01  4.1163E-02
  7.6883E-01  2.4237E-01  3.4741E+00  1.5625E-01  4.2554E-02
 -1.1435E+00 -4.0286E-02  3.3090E+00  1.5416E-01  4.4312E-02
  1.7228E+00 -1.8643E-01  3.0424E+00  1.5416E-01  4.4312E-02
  2.3081E-01 -1.9946E-01  3.4228E+00  1.5205E-01  4.6176E-02
  1.5119E+00 -6.1342E-02  3.0613E+00  1.5135E-01  4.6822E-02
 -1.5055E+00  8.3661E-02  3.0399E+00  1.5065E-01  4.7481E-02
 -1.8847E+00 -6.6508E-02  2.7951E+00  1.4994E-01  4.8153E-02
  1.8568E+00  2.1906E-02  2.7757E+00  1.4889E-01  4.9186E-02
  1.5541E+00  5.2291E-02  2.9191E+00  1.4783E-01  5.0252E-02
  1.7467E+00 -1.0501E-01  2.7561E+00  1.4641E-01  5.1724E-02
 -9.0400E-01 -9.9608E-03  3.0704E+00  1.4428E-01  5.4049E-02
 -9.7148E-01  2.0718E-01  2.9869E+00  1.4250E-01  5.6101E-02
 -1.6059E+00 -5.8827E-02  2.6943E+00  1.4214E-01  5.6525E-02
 -1.1682E+00  1.4840E-01  2.8165E+00  1.3928E-01  6.0082E-02
  7.6056E-01  7.1423E-02  2.8906E+00  1.3712E-01  6.2960E-02
 -5.4312E-01 -1.3412E-01  2.8310E+00  1.3351E-01  6.8205E-02
 -7.2925E-01  8.9556E-02  2.7585E+00  1.3243E-01  6.9898E-02
  8.4204E-01  1.7587E-01  2.5925E+00  1.2806E-01  7.7293E-02
 -1.2269E+00  1.9875E-02  2.4061E+00  1.2697E-01  7.9312E-02
 -1.8149E+00  9.3112E-02  1.9844E+00  1.2660E-01  8.0001E-02
 -1.8634E+00  1.2019E-01 -1.9091E+00  1.2587E-01  8.1405E-02
  9.6506E-01 -2.7822E-02  2.4572E+00  1.2477E-01  8.3577E-02
  1.1631E+00 -1.7979E-01  2.3181E+00  1.2330E-01  8.6599E-02
 -1.6473E+00  3.2781E-02  1.9720E+00  1.2220E-01  8.8967E-02
 -1.7864E+00  1.5780E-01  1.8264E+00  1.2183E-01  8.9776E-02
  3.5183E-01 -4.3225E-02  2.5249E+00  1.2146E-01  9.0595E-02
  1.6816E+00  9.8300E-02  1.9140E+00  1.2146E-01  9.0595E-02
 -1.3874E+00 -1.9748E-01  2.0941E+00  1.2035E-01  9.3117E-02
  9.8678E-01  4.4407E-02  2.3072E+00  1.1998E-01  9.3979E-02
  1.6577E+00  9.8713E-02 -1.8286E+00  1.1851E-01  9.7542E-02
  5.3984E-02  1.9143E-02  2.4695E+00  1.1851E-01  9.7542E-02
  1.4528E+00 -5.3576E-02  1.9235E+00  1.1628E-01  1.0324E-01
  1.5589E-02  5.0184E-02  2.3714E+00  1.1480E-01  1.0731E-01
  3.9036E-01 -1.7470E-01  2.3331E+00  1.1480E-01  1.0731E-01
  9.3020E-01  1.0121E-01  2.1584E+00  1.1405E-01  1.0942E-01
 -1.7348E+00 -1.6406E-01 -1.5804E+00  1.1405E-01  1.0942E-01
  1.6958E+00  2.1098E-02  1.6163E+00  1.1368E-01  1.1050E-01
  1.4131E+00  1.3192E-01  1.8517E+00  1.1331E-01  1.1159E-01
  1.0146E+00 -4.6659E-02  2.1004E+00  1.1331E-01  1.1159E-01
  1.5033E+00 -1.9725E-01 -1.7732E+00  1.1331E-01  1.1159E-01
  1.4997E+00  1.1043E-01 -1.7584E+00  1.1256E-01  1.1382E-01
 -1.3886E+00 -1.2638E-01  1.8464E+00  1.1256E-01  1.1382E-01
 -6.7757E-01  1.6015E-01  2.2065E+00  1.1256E-01  1.1382E-01
  1.5908E+00  6.5722E-02 -1.6521E+00  1.1182E-01  1.1612E-01
  4.5483E-01  1.7832E-01  2.1927E+00  1.0995E-01  1.2214E-01
  1.7078E+00 -1.3301E-01  1.4535E+00  1.0995E-01  1.2214E-01
  4.1787E-01 -1.4574E-01  2.2025E+00  1.0995E-01  1.2214E-01
 -1.0092E+00 -3.2753E-02  1.9961E+00  1.0957E-01  1.2339E-01
 -1.8161E+00 -1.2802E-01 -1.2833E+00  1.0920E-01  1.2466E-01
 -1.3005E+00  1.0351E-01  1.8054E+00  1.0920E-01  1.2466E-01
  1.4460E+00  9.6460E-02 -1.6916E+00  1.0920E-01  1.2466E-01
 -1.5461E+00  1.9620E-01  1.5244E+00  1.0733E-01  1.3131E-01
  1.8773E+00  1.1913E-01 -1.1019E+00  1.0733E-01  1.3131E-01
  1.8891E+00  5.7295E-02 -1.0483E+00  1.0658E-01  1.3410E-01
  3.1287E-01 -1.0892E-01  2.1262E+00  1.0620E-01  1.3553E-01
  2.3169E-01 -3.4972E-02  2.1391E+00  1.0620E-01  1.3553E-01
  8.0720E-02 -7.4383E-02  2.1397E+00  1.0582E-01  1.3698E-01
 -1.6828E+00 -1.4264E-01  1.3184E+00  1.0582E-01  1.3698E-01
 -1.1797E+00  1.1311E-01  1.7737E+00  1.0545E-01  1.3845E-01
 -7.9665E-01 -7.5106E-02  1.9171E+00  1.0319E-01  1.4773E-01
  1.5209E+00 -9.7933E-02 -1.4117E+00  1.0319E-01  1.4773E-01
  9.8828E-01  1.7103E-01 -1.8193E+00  1.0319E-01  1.4773E-01
 -4.2079E-02  3.4245E-02  2.0675E+00  1.0281E-01  1.4936E-01
 -1.6493E+00  1.0637E-01  1.2280E+00  1.0244E-01  1.5102E-01
  1.7297E+00 -1.8938E-01 -1.0834E+00  1.0206E-01  1.5269E-01
  7.9576E-01 -1.8710E-01 -1.8798E+00  1.0206E-01  1.5269E-01
 -1.3230E+00  7.1391E-02  1.5520E+00  1.0168E-01  1.5440E-01
  3.3480E-01  1.6213E-01  1.9972E+00  1.0131E-01  1.5613E-01
 -1.0266E+00 -1.7505E-01  1.7230E+00  1.0055E-01  1.5967E-01
  1.8365E+00  8.5456E-02  7.7481E-01  9.9797E-02  1.6332E-01
  1.8433E+00 -1.1432E-01  7.5469E-01  9.9797E-02  1.6332E-01
 -1.8653E+00 -1.3308E-02 -7.0793E-01  9.9797E-02  1.6332E-01
  6.6265E-01  1.6311E-01 -1.8748E+00  9.9797E-02  1.6332E-01
 -1.8881E+00  3.0343E-02  6.1526E-01  9.9419E-02  1.6519E-01
 -2.5890E-01 -1.0255E-01  1.9665E+00  9.9419E-02  1.6519E-01
 -8.8774E-01  1.5359E-01  1.7700E+00  9.9419E-02  1.6519E-01
  1.7268E+00  4.6023E-03  9.6269E-01  9.9041E-02  1.6709E-01
 -1.0512E+00  1.4819E-01 -1.6572E+00  9.8663E-02  1.6902E-01
 -1.3391E+00  1.4388E-01  1.4350E+00  9.8663E-02  1.6902E-01
 -3.4432E-02  6.6702E-02  1.9487E+00  9.7907E-02  1.7297E-01
  7.7415E-01  6.9386E-02  1.7691E+00  9.7150E-02  1.7704E-01
  1.8931E+00 -1.8360E-01  3.4070E-01  9.7150E-02  1.7704E-01
 -1.8508E+00 -5.2549E-02 -5.5259E-01  9.7150E-02  1.7704E-01
  7.1445E-01 -1.7000E-01  1.7777E+00  9.6772E-02  1.7912E-01
  1.5545E+00  1.7265E-01 -1.1194E+00  9.6772E-02  1.7912E-01
  1.8962E+00 -1.0443E-02  3.2222E-01  9.6772E-02  1.7912E-01
  8.9184E-01 -8.5865E-02 -1.7020E+00  9.6772E-02  1.7912E-01
 -2.8653E-02 -1.1231E-01  1.9110E+00  9.6393E-02  1.8124E-01
 -1.8793E+00  1.7710E-01 -3.1958E-01  9.6393E-02  1.8124E-01
 -1.0540E+00  1.2365E-01 -1.5935E+00  9.6393E-02  1.8124E-01
 -1.3412E+00  8.1884E-02  1.3638E+00  9.6393E-02  1.8124E-01
  1.9033E+00  7.6986E-02  5.5884E-02  9.6015E-02  1.8340E-01
 -1.8709E+00 -5.7096E-02  3.5776E-01  9.6015E-02  1.8340E-01
 -1.9008E+00 -3.4563E-02 -1.3187E-01  9.6015E-02  1.8340E-01
  1.3379E+00 -1.1108E-01 -1.3525E+00  9.6015E-02  1.8340E-01
  7.8921E-01  9.3044E-02  1.7224E+00  9.5636E-02  1.8558E-01
 -1.5038E+00 -1.8529E-01  1.1412E+00  9.5636E-02  1.8558E-01
  9.3698E-01  1.4104E-01  1.6432E+00  9.5636E-02  1.8558E-01
  3.6116E-01 -5.4543E-02  1.8524E+00  9.5257E-02  1.8781E-01
  1.3334E+00  1.8626E-03  1.3367E+00  9.5257E-02  1.8781E-01
 -1.5291E+00 -4.2944E-02  1.1067E+00  9.5257E-02  1.8781E-01
  8.7047E-01 -1.4824E-01  1.6589E+00  9.4878E-02  1.9007E-01
 -1.2361E+00  3.3760E-02  1.4151E+00  9.4878E-02  1.9007E-01
  8.0317E-01 -1.5786E-01  1.6916E+00  9.4878E-02  1.9007E-01
  1.7341E+00 -1.5393E-01  7.0765E-01  9.4878E-02  1.9007E-01
 -1.0972E+00 -1.4368E-01 -1.5081E+00  9.4499E-02  1.9236E-01
 -1.1321E+00 -1.2142E-01  1.4840E+00  9.4499E-02  1.9236E-01
 -1.8503E+00  1.0211E-02  2.7373E-01  9.4499E-02  1.9236E-01
  1.7020E+00 -6.0458E-02  7.7351E-01  9.4499E-02  1.9236E-01
  1.7455E+00  1.7621E-01 -6.2332E-01  9.4120E-02  1.9470E-01
  1.0188E+00  1.7894E-02 -1.5582E+00  9.4120E-02  1.9470E-01
  4.8230E-01 -9.9194E-03 -1.7982E+00  9.4120E-02  1.9470E-01
 -6.0295E-01  1.4430E-01 -1.7463E+00  9.3741E-02  1.9707E-01
 -1.2228E+00 -3.3383E-02 -1.3920E+00  9.3741E-02  1.9707E-01
  9.0173E-01  2.8989E-02  1.6186E+00  9.3741E-02  1.9707E-01
  1.6695E+00  1.0822E-01 -7.7641E-01  9.3361E-02  1.9948E-01
  6.4829E-01 -6.2546E-02 -1.7256E+00  9.3361E-02  1.9948E-01
  1.6064E+00 -1.5818E-01 -8.9225E-01  9.3361E-02  1.9948E-01
  6.3657E-01  1.0641E-01  1.7185E+00  9.2982E-02  2.0193E-01
 -1.5671E+00  1.6665E-01  9.4141E-01  9.2982E-02  2.0193E-01
 -6.4812E-01 -6.1201E-02  1.7072E+00  9.2603E-02  2.0443E-01
  1.6987E+00  4.6405E-02  6.7111E-01  9.2603E-02  2.0443E-01
 -1.7503E+00 -1.5360E-01 -4.3416E-01  9.1844E-02  2.0954E-01
  1.0057E+00 -1.4853E-01 -1.4870E+00  9.1464E-02  2.1216E-01
 -1.1239E+00  1.3410E-02 -1.4076E+00  9.1464E-02  2.1216E-01
 -1.6744E+00 -6.1714E-02 -6.3775E-01  9.1084E-02  2.1482E-01
  1.4206E+00  1.6340E-01  1.0530E+00  9.0325E-02  2.2029E-01
 -1.6110E+00 -1.7397E-02 -7.4688E-01  9.0325E-02  2.2029E-01
 -1.3109E+00  1.2606E-03  1.1979E+00  9.0325E-02  2.2029E-01
  6.3821E-01  1.5887E-01  1.6404E+00  8.9945E-02  2.2309E-01
  1.2264E+00  7.4334E-02  1.2704E+00  8.9945E-02  2.2309E-01
 -9.5027E-01  7.3211E-02  1.4883E+00  8.9945E-02  2.2309E-01
 -1.7457E+00 -1.1481E-01  1.8167E-01  8.9565E-02  2.2594E-01
  1.6161E+00  3.1112E-02  6.7196E-01  8.9185E-02  2.2884E-01
 -1.7054E+00  1.6511E-01 -3.5837E-01  8.9185E-02  2.2884E-01
 -1.1475E+00  1.2006E-01 -1.3165E+00  8.9185E-02  2.2884E-01
 -1.4563E+00 -4.0963E-02 -9.7037E-01  8.9185E-02  2.2884E-01
  7.0215E-02 -1.6540E-01 -1.7413E+00  8.9185E-02  2.2884E-01
 -1.1014E+00  1.0482E-01  1.3457E+00  8.8805E-02  2.3179E-01
 -1.3388E+00 -7.1470E-02 -1.1124E+00  8.8805E-02  2.3179E-01
  4.5226E-01  3.6050E-04  1.6737E+00  8.8425E-02  2.3479E-01
 -1.5398E+00  1.6501E-01  7.7953E-01  8.8425E-02  2.3479E-01
  2.8434E-01 -1.1383E-01  1.6980E+00  8.8044E-02  2.3785E-01
 -1.0149E+00 -1.5828E-01 -1.3864E+00  8.8044E-02  2.3785E-01
 -1.5331E+00  1.7127E-01 -7.7284E-01  8.8044E-02  2.3785E-01
  8.2236E-01 -4.8575E-03 -1.4980E+00  8.7284E-02  2.4412E-01
 -1.5025E+00  1.6328E-01 -7.9748E-01  8.7284E-02  2.4412E-01
 -1.1417E+00 -7.3969E-02 -1.2694E+00  8.7284E-02  2.4412E-01
 -1.7223E-01  2.9653E-02 -1.6916E+00  8.6904E-02  2.4734E-01
  2.8089E-02 -3.5811E-02 -1.7000E+00  8.6904E-02  2.4734E-01
 -1.4509E+00  9.8771E-02 -8.8157E-01  8.6904E-02  2.4734E-01
 -3.6717E-01  5.1987E-02  1.6513E+00  8.6524E-02  2.5061E-01
  1.1422E+00  1.5641E-01 -1.2390E+00  8.6524E-02  2.5061E-01
  1.3592E+00  1.3600E-01  9.9920E-01  8.6524E-02  2.5061E-01
 -1.6764E+00  4.6246E-02  1.5565E-01  8.6143E-02  2.5395E-01
  1.3429E+00 -1.6970E-01 -1.0022E+00  8.6143E-02  2.5395E-01
 -3.1702E-02 -1.8364E-01  1.6657E+00  8.5763E-02  2.5734E-01
 -1.6317E+00  1.2457E-01 -3.6216E-01  8.5763E-02  2.5734E-01
  2.3268E-02  1.8219E-01 -1.6578E+00  8.5382E-02  2.6079E-01
  1.2988E+00 -8.0577E-02  1.0434E+00  8.5382E-02  2.6079E-01
 -1.5292E+00  1.6820E-01  6.2327E-01  8.5002E-02  2.6431E-01
 -1.2364E+00  1.5925E-01 -1.0960E+00  8.5002E-02  2.6431E-01
  1.0208E+00  8.1406E-02 -1.3063E+00  8.5002E-02  2.6431E-01
 -1.6100E+00 -1.6052E-01  3.7029E-01  8.5002E-02  2.6431E-01
 -1.3657E+00 -1.2135E-01 -9.3554E-01  8.5002E-02  2.6431E-01
  1.5654E+00  8.7218E-02 -5.1992E-01  8.4622E-02  2.6789E-01
  8.0550E-03  1.8546E-01  1.6413E+00  8.4622E-02  2.6789E-01
 -7.2814E-01  7.5174E-02 -1.4807E+00  8.4622E-02  2.6789E-01
  5.8632E-01 -5.3068E-02  1.5347E+00  8.4241E-02  2.7154E-01
  1.5924E+00 -6.2506E-02  4.0277E-01  8.4241E-02  2.7154E-01
 -6.3002E-01  1.8374E-01 -1.4983E+00  8.3861E-02  2.7525E-01
  1.4248E+00  1.3930E-01 -7.9138E-01  8.3861E-02  2.7525E-01
  1.4952E+00  1.2395E-01  6.5174E-01  8.3861E-02  2.7525E-01
 -1.6240E+00  1.1212E-01 -1.6061E-01  8.3861E-02  2.7525E-01
 -1.6263E+00 -2.5526E-02 -1.7395E-01  8.3861E-02  2.7525E-01
  1.0508E+00  1.7561E-01  1.2307E+00  8.3480E-02  2.7903E-01
 -1.5350E+00 -1.7583E-01 -5.1226E-01  8.3480E-02  2.7903E-01
  1.6152E+00  1.0208E-01 -6.6984E-02  8.3100E-02  2.8288E-01
 -8.5862E-02  6.5973E-02  1.6162E+00  8.3100E-02  2.8288E-01
 -9.5924E-01  1.4540E-01 -1.2971E+00  8.3100E-02  2.8288E-01
  1.3905E+00 -1.8113E-01 -8.1095E-01  8.3100E-02  2.8288E-01
  3.1366E-01  2.4632E-03 -1.5811E+00  8.2719E-02  2.8681E-01
 -2.3749E-01 -1.4293E-01 -1.5879E+00  8.2719E-02  2.8681E-01
 -1.0114E+00 -6.2369E-02 -1.2536E+00  8.2719E-02  2.8681E-01
 -2.6968E-01  1.7672E-01 -1.5793E+00  8.2719E-02  2.8681E-01
  1.5766E+00  5.8278E-02  3.3053E-01  8.2719E-02  2.8681E-01
 -1.0108E-01 -7.3379E-02  1.6071E+00  8.2719E-02  2.8681E-01
  1.4191E+00 -4.7617E-02  7.4612E-01  8.2338E-02  2.9080E-01
  1.3479E+00 -1.3993E-01  8.5820E-01  8.2338E-02  2.9080E-01
 -1.2420E+00 -1.5724E-01  1.0028E+00  8.2338E-02  2.9080E-01
 -5.5631E-01 -4.8321E-02  1.5037E+00  8.2338E-02  2.9080E-01
 -1.3026E+00 -1.1881E-01 -9.1477E-01  8.1958E-02  2.9487E-01
  8.2293E-01 -1.5532E-01 -1.3497E+00  8.1577E-02  2.9902E-01
  9.6895E-01  1.1882E-01 -1.2530E+00  8.1577E-02  2.9902E-01
 -1.5458E+00 -1.8042E-01 -3.1772E-01  8.1577E-02  2.9902E-01
 -8.7738E-02 -6.4750E-02  1.5846E+00  8.1577E-02  2.9902E-01
 -1.5388E+00 -4.5073E-02 -3.5836E-01  8.1197E-02  3.0324E-01
  7.9448E-01  3.9266E-02  1.3658E+00  8.1197E-02  3.0324E-01
 -1.0906E+00 -2.4042E-02 -1.1437E+00  8.1197E-02  3.0324E-01
 -8.9804E-01  4.5321E-02  1.2905E+00  8.0816E-02  3.0755E-01
 -3.2139E-01 -1.0957E-01 -1.5357E+00  8.0816E-02  3.0755E-01
  6.7868E-01  2.8788E-02 -1.4100E+00  8.0435E-02  3.1193E-01
  1.0195E+00  6.2167E-02  1.1859E+00  8.0435E-02  3.1193E-01
  3.7596E-02 -3.6079E-02 -1.5489E+00  7.9674E-02  3.2096E-01
 -7.9386E-01  5.9897E-02 -1.3297E+00  7.9674E-02  3.2096E-01
  5.1093E-01 -4.7219E-02 -1.4624E+00  7.9674E-02  3.2096E-01
 -6.0905E-01  1.3133E-02 -1.4250E+00  7.9674E-02  3.2096E-01
 -1.5376E+00 -2.9224E-02 -1.9190E-01  7.9674E-02  3.2096E-01
 -1.2926E+00  4.5057E-02 -8.3991E-01  7.9293E-02  3.2561E-01
  1.4357E+00  3.2729E-02  5.6219E-01  7.9293E-02  3.2561E-01
 -1.2016E+00 -1.2182E-01 -9.4670E-01  7.8913E-02  3.3034E-01
 -5.5231E-01  1.0086E-01  1.4282E+00  7.8913E-02  3.3034E-01
 -3.5312E-01 -1.8440E-01 -1.4820E+00  7.8913E-02  3.3034E-01
 -1.4969E+00  1.3303E-01 -2.7072E-01  7.8532E-02  3.3517E-01
 -9.1836E-01  4.4387E-02  1.2192E+00  7.8532E-02  3.3517E-01
  1.1649E+00  3.8480E-02  9.8659E-01  7.8532E-02  3.3517E-01
 -4.8812E-01 -3.4358E-02 -1.4465E+00  7.8532E-02  3.3517E-01
 -9.1528E-01 -3.4970E-02  1.2124E+00  7.8152E-02  3.4009E-01
 -1.5051E+00  1.0583E-01 -1.7964E-01  7.8152E-02  3.4009E-01
  8.4589E-01 -1.3916E-01 -1.2455E+00  7.7771E-02  3.4511E-01
 -1.3660E+00  1.3144E-01  6.3494E-01  7.7771E-02  3.4511E-01
 -1.2979E+00  1.3445E-01  7.6394E-01  7.7771E-02  3.4511E-01
  1.2542E+00 -1.6528E-01  8.2819E-01  7.7771E-02  3.4511E-01
  9.2526E-01 -3.3665E-02  1.1860E+00  7.7390E-02  3.5022E-01
  1.4493E+00 -9.1958E-02 -3.9341E-01  7.7390E-02  3.5022E-01
 -4.2116E-01 -1.0693E-01 -1.4405E+00  7.7390E-02  3.5022E-01
 -4.8415E-02  8.4361E-02  1.5015E+00  7.7390E-02  3.5022E-01
  1.0279E+00 -9.2262E-02 -1.0949E+00  7.7390E-02  3.5022E-01
 -1.4101E+00 -1.3261E-01 -4.8527E-01  7.7010E-02  3.5544E-01
  1.4341E+00  2.9591E-02  4.2889E-01  7.7010E-02  3.5544E-01
 -1.1894E+00  1.4355E-01 -8.8560E-01  7.6629E-02  3.6076E-01
 -3.6594E-01  8.1929E-02 -1.4419E+00  7.6629E-02  3.6076E-01
  3.2455E-01  1.0768E-01 -1.4425E+00  7.6248E-02  3.6619E-01
 -7.2782E-01  1.1968E-01  1.2776E+00  7.5868E-02  3.7173E-01
 -1.0019E+00  1.4398E-01  1.0731E+00  7.5868E-02  3.7173E-01
 -1.0676E+00 -6.9785E-02  1.0157E+00  7.5868E-02  3.7173E-01
 -1.4347E+00  1.3014E-01  2.8199E-01  7.5487E-02  3.7739E-01
  1.4062E-01 -9.0219E-02  1.4584E+00  7.5487E-02  3.7739E-01
  1.0318E+00  1.1895E-01  1.0373E+00  7.5487E-02  3.7739E-01
  1.4490E+00  1.7028E-01 -7.0910E-02  7.5106E-02  3.8315E-01
 -7.9577E-01  4.2786E-02 -1.2156E+00  7.4726E-02  3.8904E-01
  3.6712E-01  1.7007E-01  1.3961E+00  7.4726E-02  3.8904E-01
 -6.0796E-01  7.9635E-02 -1.3179E+00  7.4726E-02  3.8904E-01
 -1.0641E+00 -2.7458E-02 -9.7935E-01  7.4345E-02  3.9504E-01
  1.4160E+00 -5.9176E-03  2.5791E-01  7.3965E-02  4.0117E-01
  1.9539E-01 -1.2580E-01 -1.4204E+00  7.3965E-02  4.0117E-01
 -1.2399E+00 -6.3824E-02 -7.2820E-01  7.3965E-02  4.0117E-01
  1.1526E+00 -7.6676E-02 -8.4671E-01  7.3584E-02  4.0743E-01
 -1.3477E+00 -5.8805E-02 -4.5993E-01  7.3203E-02  4.1382E-01
  1.3411E+00  8.5360E-02 -4.7474E-01  7.3203E-02  4.1382E-01
  7.2878E-01  2.3053E-02  1.2246E+00  7.3203E-02  4.1382E-01
  1.5131E-01  1.0397E-01  1.4134E+00  7.3203E-02  4.1382E-01
 -1.3293E+00 -3.2509E-02 -5.1299E-01  7.3203E-02  4.1382E-01
 -1.2853E+00 -8.9844E-02 -5.9279E-01  7.2822E-02  4.2035E-01
 -1.2214E+00  1.1287E-02  7.2077E-01  7.2822E-02  4.2035E-01
 -1.3102E+00 -1.3985E-01  5.0552E-01  7.2442E-02  4.2701E-01
  1.3916E+00  9.3098E-02 -2.1560E-01  7.2442E-02  4.2701E-01
 -8.6333E-01  2.9297E-02  1.1073E+00  7.2061E-02  4.3381E-01
  5.1735E-01 -1.1335E-01 -1.3007E+00  7.2061E-02  4.3381E-01
 -2.6290E-02 -5.3292E-02  1.4031E+00  7.2061E-02  4.3381E-01
 -1.5275E-01  9.4374E-02 -1.3860E+00  7.1680E-02  4.4076E-01
  1.2145E+00  2.1693E-02  6.9111E-01  7.1680E-02  4.4076E-01
  1.3579E+00  1.0511E-01 -3.1328E-01  7.1680E-02  4.4076E-01
  6.3204E-01 -2.9729E-02 -1.2385E+00  7.1300E-02  4.4786E-01
  1.0243E+00  5.9454E-02  9.3880E-01  7.1300E-02  4.4786E-01
 -1.1950E+00 -1.3721E-01 -6.9800E-01  7.1300E-02  4.4786E-01
  9.2817E-01  1.1268E-01 -1.0204E+00  7.0919E-02  4.5511E-01
 -8.7607E-01  8.7896E-02  1.0678E+00  7.0919E-02  4.5511E-01
 -1.0823E+00  1.2846E-01 -8.5297E-01  7.0919E-02  4.5511E-01
 -1.1820E+00 -1.3770E-01  6.9337E-01  7.0538E-02  4.6253E-01
 -1.2873E+00 -1.5983E-01  4.6261E-01  7.0538E-02  4.6253E-01
 -7.0909E-01  6.0729E-02  1.1713E+00  7.0157E-02  4.7010E-01
 -1.3641E+00 -5.5411E-02  1.2045E-01  7.0157E-02  4.7010E-01
  2.2595E-01  1.7120E-01 -1.3409E+00  7.0157E-02  4.7010E-01
 -7.8753E-01  2.3431E-02  1.1133E+00  6.9776E-02  4.7784E-01
 -1.2701E+00 -1.8466E-01  4.6159E-01  6.9776E-02  4.7784E-01
 -1.0024E+00  5.4313E-02 -9.2332E-01  6.9776E-02  4.7784E-01
 -9.7230E-01  5.9948E-02 -9.5461E-01  6.9776E-02  4.7784E-01
  3.1537E-01  1.0012E-02 -1.3269E+00  6.9776E-02  4.7784E-01
 -1.2895E+00  2.9363E-02 -4.4335E-01  6.9776E-02  4.7784E-01
  1.2472E+00 -2.3766E-02 -5.3494E-01  6.9395E-02  4.8575E-01
  7.8812E-01 -1.6188E-02  1.1049E+00  6.9395E-02  4.8575E-01
  1.2257E+00  1.4537E-01 -5.6467E-01  6.9395E-02  4.8575E-01
  1.2978E+00  1.3496E-01  3.7369E-01  6.9395E-02  4.8575E-01
  1.2718E+00 -7.0020E-02 -4.4973E-01  6.9014E-02  4.9384E-01
 -8.1098E-01  7.5865E-02  1.0775E+00  6.9014E-02  4.9384E-01
  5.6457E-02  1.5551E-01 -1.3406E+00  6.9014E-02  4.9384E-01
 -9.7145E-01  5.6383E-02 -9.2741E-01  6.8633E-02  5.0211E-01
  1.3120E+00  1.7495E-01 -2.3446E-01  6.8633E-02  5.0211E-01
 -5.5760E-01  1.3644E-01 -1.2155E+00  6.8633E-02  5.0211E-01
  1.1193E+00  1.3511E-02 -7.2078E-01  6.7871E-02  5.1923E-01
  1.0154E-01  1.7072E-01 -1.3100E+00  6.7489E-02  5.2808E-01
 -1.2999E+00  1.1840E-01  2.2759E-01  6.7489E-02  5.2808E-01
 -4.3738E-01  3.8477E-02 -1.2368E+00  6.6726E-02  5.4640E-01
  1.1915E+00  1.5960E-01 -5.2645E-01  6.6726E-02  5.4640E-01
 -9.6081E-01  6.4908E-02 -8.9162E-01  6.6726E-02  5.4640E-01
 -1.2462E+00  1.8179E-01 -3.6912E-01  6.6726E-02  5.4640E-01
 -1.2784E+00 -4.0554E-02  2.6481E-01  6.6345E-02  5.5588E-01
 -7.0460E-01 -5.8122E-02 -1.0983E+00  6.6345E-02  5.5588E-01
  9.4272E-01  7.7225E-02 -8.9177E-01  6.5963E-02  5.6559E-01
 -1.2299E+00  4.7632E-02  3.9880E-01  6.5581E-02  5.7553E-01
  1.1600E+00  8.3325E-02 -5.6694E-01  6.5581E-02  5.7553E-01
 -1.0017E+00  1.3103E-01 -8.0839E-01  6.5581E-02  5.7553E-01
  1.2662E+00  9.7206E-02  2.4759E-01  6.5581E-02  5.7553E-01
  1.0372E+00  5.9473E-02  7.7124E-01  6.5581E-02  5.7553E-01
 -4.5371E-01 -1.7391E-01  1.1926E+00  6.5199E-02  5.8571E-01
  1.2859E+00 -4.3163E-02 -5.3611E-02  6.5199E-02  5.8571E-01
 -7.6422E-01  5.6716E-03 -1.0290E+00  6.4817E-02  5.9614E-01
  6.5037E-01 -5.2338E-02  1.1032E+00  6.4817E-02  5.9614E-01
  1.2430E+00  1.0251E-01  2.9526E-01  6.4817E-02  5.9614E-01
 -1.5983E-01  6.2452E-03 -1.2717E+00  6.4817E-02  5.9614E-01
  1.0681E+00 -8.2871E-02  7.0369E-01  6.4817E-02  5.9614E-01
  1.1166E-01 -8.0852E-02  1.2743E+00  6.4817E-02  5.9614E-01
  3.3892E-01  3.5946E-03 -1.2299E+00  6.4434E-02  6.0681E-01
 -1.2630E+00  1.7747E-01  2.8785E-02  6.4434E-02  6.0681E-01
  1.0331E+00  3.1243E-02  7.4788E-01  6.4434E-02  6.0681E-01
 -9.8289E-01 -1.5874E-01 -7.9765E-01  6.4434E-02  6.0681E-01
 -6.8884E-01  6.9879E-02 -1.0715E+00  6.4434E-02  6.0681E-01
  5.5027E-01  1.1476E-01  1.1452E+00  6.4434E-02  6.0681E-01
 -6.9901E-01 -8.9723E-02  1.0634E+00  6.4434E-02  6.0681E-01
 -4.3423E-01  6.3733E-02 -1.1979E+00  6.4434E-02  6.0681E-01
  8.8768E-01  5.1297E-02 -9.0653E-01  6.4051E-02  6.1776E-01
 -7.4679E-01  3.4493E-03 -1.0270E+00  6.4051E-02  6.1776E-01
  5.9976E-01  8.5094E-04 -1.1126E+00  6.3669E-02  6.2897E-01
 -9.9392E-01 -4.4005E-02  7.7955E-01  6.3669E-02  6.2897E-01
  5.5885E-01  6.9984E-02  1.1250E+00  6.3285E-02  6.4046E-01
 -7.5374E-01 -7.8244E-02  1.0043E+00  6.3285E-02  6.4046E-01
  1.0045E+00 -1.7932E-01 -7.3589E-01  6.3285E-02  6.4046E-01
 -1.0478E+00 -1.7821E-01  6.7320E-01  6.3285E-02  6.4046E-01
 -1.1472E+00 -1.3399E-01  4.8400E-01  6.2902E-02  6.5224E-01
  1.2031E+00 -1.4390E-01  3.1627E-01  6.2902E-02  6.5224E-01
 -1.1248E+00  1.6301E-01  5.2584E-01  6.2902E-02  6.5224E-01
 -1.3572E-01 -2.3176E-02  1.2447E+00  6.2902E-02  6.5224E-01
  4.2949E-01  1.8934E-02  1.1701E+00  6.2518E-02  6.6433E-01
  7.5260E-01  9.2905E-02  9.8226E-01  6.2134E-02  6.7672E-01
 -1.0703E+00 -1.0524E-01  6.1904E-01  6.2134E-02  6.7672E-01
  3.2658E-01  1.7771E-01  1.1839E+00  6.2134E-02  6.7672E-01
 -6.6482E-01  5.7911E-02  1.0395E+00  6.1750E-02  6.8943E-01
  4.8887E-01  2.4659E-02  1.1342E+00  6.1750E-02  6.8943E-01
 -1.0106E+00 -1.3346E-01 -6.9770E-01  6.1750E-02  6.8943E-01
 -1.2120E+00  1.4649E-01  9.1015E-02  6.0980E-02  7.1587E-01
 -1.0935E+00 -1.3738E-01 -5.2041E-01  6.0595E-02  7.2962E-01
  1.2050E+00 -1.4394E-01 -1.1283E-01  6.0595E-02  7.2962E-01
  1.9926E-01  1.1976E-01  1.1964E+00  6.0595E-02  7.2962E-01
 -2.2806E-01  1.6170E-01 -1.1807E+00  6.0209E-02  7.4374E-01
 -7.8747E-01 -4.0219E-02  9.2222E-01  6.0209E-02  7.4374E-01
 -7.8741E-01  6.0249E-02  9.1413E-01  5.9822E-02  7.5825E-01
  8.7784E-01 -4.1072E-02 -8.2884E-01  5.9822E-02  7.5825E-01
 -9.4737E-02 -4.7436E-02  1.2033E+00  5.9822E-02  7.5825E-01
 -5.3374E-01  4.6367E-02  1.0827E+00  5.9822E-02  7.5825E-01
 -1.0152E+00  3.1429E-02  6.5392E-01  5.9822E-02  7.5825E-01
 -1.2058E+00  1.7126E-02 -7.0169E-02  5.9822E-02  7.5825E-01
  8.4299E-01  1.6716E-01 -8.4139E-01  5.9436E-02  7.7315E-01
 -1.0058E+00  1.8121E-01  6.3399E-01  5.9436E-02  7.7315E-01
  3.6423E-01  6.0902E-02 -1.1446E+00  5.9436E-02  7.7315E-01
 -1.0333E-01  1.1177E-01  1.1930E+00  5.9436E-02  7.7315E-01
  9.1954E-01  3.2632E-02  7.6638E-01  5.9048E-02  7.8847E-01
 -1.4992E-01 -1.3515E-01 -1.1803E+00  5.9048E-02  7.8847E-01
  5.6061E-01  7.1293E-02 -1.0499E+00  5.8660E-02  8.0422E-01
 -7.6858E-02 -1.2806E-01 -1.1829E+00  5.8660E-02  8.0422E-01
  5.9505E-01  1.0287E-01 -1.0281E+00  5.8660E-02  8.0422E-01
 -2.2659E-01  1.6347E-01 -1.1538E+00  5.8271E-02  8.2042E-01
 -8.4653E-01 -1.0030E-01 -8.2628E-01  5.8271E-02  8.2042E-01
  1.0064E+00 -1.2429E-02  6.2000E-01  5.7882E-02  8.3709E-01
  8.4796E-01  2.3036E-02  8.1612E-01  5.7492E-02  8.5424E-01
  3.0135E-01  1.5814E-01 -1.1269E+00  5.7492E-02  8.5424E-01
 -1.5904E-01  8.8863E-02  1.1629E+00  5.7492E-02  8.5424E-01
  7.9011E-01  1.6863E-02 -8.6571E-01  5.7101E-02  8.7190E-01
  1.1417E-01 -1.8024E-01  1.1526E+00  5.7101E-02  8.7190E-01
  2.8318E-01 -1.6655E-01  1.1252E+00  5.7101E-02  8.7190E-01
  1.0769E+00  7.0891E-02 -4.4489E-01  5.6710E-02  8.9009E-01
 -1.1649E+00 -7.4409E-02 -4.6721E-03  5.6710E-02  8.9009E-01
 -9.9296E-01 -7.5894E-02  6.0897E-01  5.6710E-02  8.9009E-01
 -1.0691E+00 -1.7420E-01  4.3497E-01  5.6710E-02  8.9009E-01
 -3.5183E-01  1.3329E-01  1.0999E+00  5.6317E-02  9.0882E-01
  5.0554E-01 -1.8355E-01  1.0306E+00  5.6317E-02  9.0882E-01
  2.3050E-01 -1.1469E-01  1.1336E+00  5.6317E-02  9.0882E-01
  1.0729E+00  1.5820E-01  4.0513E-01  5.5924E-02  9.2814E-01
  1.1223E+00  7.6095E-02  2.7385E-01  5.5924E-02  9.2814E-01
 -1.0718E+00  6.3377E-02 -4.3306E-01  5.5924E-02  9.2814E-01
 -9.7530E-01  7.6956E-02  6.1901E-01  5.5924E-02  9.2814E-01
 -3.1688E-01  3.3684E-02  1.1081E+00  5.5530E-02  9.4805E-01
  1.1279E+00  3.4095E-03 -2.3945E-01  5.5530E-02  9.4805E-01
 -5.1637E-01  3.5862E-02  1.0303E+00  5.5530E-02  9.4805E-01
 -3.1394E-01  1.1876E-01  1.1031E+00  5.5530E-02  9.4805E-01
 -1.9526E-01  3.8243E-02  1.1310E+00  5.5134E-02  9.6859E-01
  8.9647E-01  9.2466E-02 -7.1173E-01  5.5134E-02  9.6859E-01
 -1.1361E+00 -5.2034E-02  1.2173E-01  5.4738E-02  9.8980E-01
 -1.1038E+00 -1.5549E-01 -2.5617E-01  5.4738E-02  9.8980E-01
  9.7483E-01  1.7123E-01 -5.6424E-01  5.4340E-02  1.0117E+00
 -6.1077E-01  1.4664E-01 -9.5049E-01  5.4340E-02  1.0117E+00
  8.3199E-01  7.6797E-02 -7.6795E-01  5.3941E-02  1.0343E+00
  7.2575E-01  5.0449E-02 -8.7098E-01  5.3941E-02  1.0343E+00
 -9.2412E-01  3.2605E-02 -6.4273E-01  5.3139E-02  1.0818E+00
  7.6000E-01 -7.5683E-02 -8.2755E-01  5.3139E-02  1.0818E+00
  1.0748E+00 -1.5601E-01  2.9787E-01  5.3139E-02  1.0818E+00
  1.1076E+00  1.2965E-01  1.5644E-01  5.3139E-02  1.0818E+00
  5.2452E-01  1.2536E-02 -9.9163E-01  5.2736E-02  1.1068E+00
  8.5261E-01  1.4311E-01 -7.1496E-01  5.2736E-02  1.1068E+00
  1.0832E+00  1.0572E-01  2.7231E-01  5.2736E-02  1.1068E+00
 -1.8198E-01 -1.8581E-01  1.0913E+00  5.2736E-02  1.1068E+00
 -1.0820E+00  1.8242E-01  2.1284E-01  5.2331E-02  1.1327E+00
  8.8095E-01 -1.4646E-01 -6.7208E-01  5.2331E-02  1.1327E+00
 -9.2942E-01 -7.7242E-02 -6.1598E-01  5.2331E-02  1.1327E+00
 -7.1915E-01 -1.3249E-01  8.4527E-01  5.2331E-02  1.1327E+00
 -2.2965E-01 -1.8281E-01 -1.0742E+00  5.1925E-02  1.1595E+00
 -1.0026E+00  1.1730E-01 -4.7011E-01  5.1925E-02  1.1595E+00
  1.1081E+00  2.0160E-03 -1.1043E-01  5.1925E-02  1.1595E+00
 -1.0021E+00  1.0256E-01 -4.6511E-01  5.1516E-02  1.1873E+00
  4.1474E-01  1.7224E-01  1.0145E+00  5.1516E-02  1.1873E+00
 -4.5620E-01  3.9264E-02 -1.0062E+00  5.1106E-02  1.2161E+00
  1.0958E+00  1.0530E-01 -1.0091E-01  5.1106E-02  1.2161E+00
 -7.6539E-01  1.4993E-01 -7.8347E-01  5.1106E-02  1.2161E+00
 -6.4911E-01  1.0348E-01 -8.8397E-01  5.0694E-02  1.2461E+00
 -2.3099E-01  1.3329E-01  1.0688E+00  5.0694E-02  1.2461E+00
  7.3093E-01 -5.8160E-03  8.1896E-01  5.0279E-02  1.2771E+00
 -5.6209E-01 -8.3803E-02 -9.3915E-01  5.0279E-02  1.2771E+00
  5.4982E-01  9.8078E-02 -9.4502E-01  5.0279E-02  1.2771E+00
 -1.0236E+00  1.4413E-01  3.6943E-01  5.0279E-02  1.2771E+00
  1.9665E-01  1.0823E-01 -1.0745E+00  5.0279E-02  1.2771E+00
 -1.0719E+00 -8.7972E-03  2.1831E-01  4.9863E-02  1.3094E+00
 -1.0488E+00 -9.7797E-03 -3.1093E-01  4.9863E-02  1.3094E+00
 -5.9408E-02 -4.8195E-03 -1.0923E+00  4.9863E-02  1.3094E+00
  1.0807E+00 -1.6409E-01  4.2222E-02  4.9863E-02  1.3094E+00
  6.9640E-01  1.3611E-01 -8.3257E-01  4.9863E-02  1.3094E+00
  9.1589E-01 -1.0784E-01 -5.8838E-01  4.9863E-02  1.3094E+00
  1.0753E+00  1.5900E-01  8.3866E-02  4.9444E-02  1.3430E+00
  8.7832E-01 -5.7330E-02 -6.3707E-01  4.9022E-02  1.3780E+00
  2.2309E-01 -1.8053E-04 -1.0634E+00  4.9022E-02  1.3780E+00
  3.1610E-01 -6.1620E-02  1.0377E+00  4.9022E-02  1.3780E+00
  1.0609E+00  9.9315E-02  1.9339E-01  4.8597E-02  1.4144E+00
 -7.4101E-01 -1.0856E-01 -7.8226E-01  4.8597E-02  1.4144E+00
  9.2165E-01  5.7839E-04 -5.6867E-01  4.8597E-02  1.4144E+00
  6.9446E-01 -5.2218E-03  8.3097E-01  4.8597E-02  1.4144E+00
 -9.2413E-01 -4.4906E-02  5.6284E-01  4.8597E-02  1.4144E+00
  6.2639E-01 -1.3805E-01 -8.6822E-01  4.8170E-02  1.4524E+00
 -8.2453E-01  1.1680E-02  6.9659E-01  4.8170E-02  1.4524E+00
  7.0116E-01 -1.0786E-01 -8.1362E-01  4.8170E-02  1.4524E+00
 -4.2740E-01 -2.0423E-02 -9.9103E-01  4.8170E-02  1.4524E+00
 -5.9319E-01 -1.5080E-01  8.8498E-01  4.7739E-02  1.4920E+00
 -1.1866E-01 -3.6728E-02 -1.0654E+00  4.7306E-02  1.5334E+00
  2.0904E-02 -1.5071E-01  1.0618E+00  4.7306E-02  1.5334E+00
  9.6179E-01  1.7467E-02 -4.7457E-01  4.7306E-02  1.5334E+00
 -2.3871E-01 -1.6295E-01 -1.0330E+00  4.7306E-02  1.5334E+00
  1.1752E-01 -1.5894E-01  1.0509E+00  4.6868E-02  1.5768E+00
 -7.9187E-01 -2.0114E-03  7.1864E-01  4.6868E-02  1.5768E+00
 -2.6235E-02  4.5582E-02 -1.0680E+00  4.6868E-02  1.5768E+00
 -4.8015E-01  9.7968E-02  9.4682E-01  4.6427E-02  1.6222E+00
  6.7745E-01  5.7982E-02 -8.2116E-01  4.6427E-02  1.6222E+00
  4.6634E-01 -1.1198E-01 -9.4861E-01  4.5982E-02  1.6697E+00
 -9.7351E-01 -1.7486E-01 -3.8935E-01  4.5982E-02  1.6697E+00
  3.8179E-01 -1.0208E-01  9.8676E-01  4.5982E-02  1.6697E+00
  7.9409E-01  1.6744E-01 -6.8649E-01  4.5982E-02  1.6697E+00
  1.0548E+00 -2.5003E-02  1.0084E-01  4.5533E-02  1.7196E+00
  4.0344E-01  1.5326E-01  9.6803E-01  4.5533E-02  1.7196E+00
  8.5772E-01  1.3072E-01  6.0875E-01  4.5533E-02  1.7196E+00
  5.2276E-01  9.5450E-02  9.1703E-01  4.5533E-02  1.7196E+00
 -8.0326E-01  1.6776E-01  6.6603E-01  4.5079E-02  1.7721E+00
 -5.5022E-01 -1.1223E-01 -8.9534E-01  4.5079E-02  1.7721E+00
 -1.0331E+00  9.1428E-02  2.0341E-01  4.5079E-02  1.7721E+00
 -8.8014E-01 -5.2021E-02  5.7741E-01  4.4620E-02  1.8273E+00
 -9.8585E-01  1.3212E-01 -3.4844E-01  4.4620E-02  1.8273E+00
  9.0385E-01  1.0766E-02  5.4194E-01  4.4620E-02  1.8273E+00
  3.8535E-01 -1.2478E-01 -9.7299E-01  4.4620E-02  1.8273E+00
 -3.3110E-01 -1.7543E-01 -9.8201E-01  4.4156E-02  1.8855E+00
  9.4959E-01  1.8191E-01 -4.1222E-01  4.4156E-02  1.8855E+00
 -4.6388E-01 -1.7383E-01  9.2701E-01  4.4156E-02  1.8855E+00
 -2.8048E-01  5.7344E-02  1.0084E+00  4.3687E-02  1.9469E+00
 -4.8348E-01  1.2335E-01  9.2191E-01  4.3687E-02  1.9469E+00
 -1.0113E+00 -1.2300E-01  2.4690E-01  4.3687E-02  1.9469E+00
  8.4097E-01  4.3066E-02  6.2435E-01  4.3687E-02  1.9469E+00
 -3.0042E-01  3.3894E-02 -1.0009E+00  4.3212E-02  2.0119E+00
 -9.8220E-01 -1.2970E-01  3.2582E-01  4.2730E-02  2.0806E+00
 -1.0409E+00  6.3959E-02  1.3110E-02  4.2730E-02  2.0806E+00
 -1.0154E+00 -8.3678E-02 -2.2305E-01  4.2730E-02  2.0806E+00
 -1.0114E+00 -1.6409E-01  1.8033E-01  4.2242E-02  2.1536E+00
  9.7523E-01  1.7461E-01  3.1748E-01  4.2242E-02  2.1536E+00
 -6.4980E-01  9.5300E-02  8.0055E-01  4.1244E-02  2.3138E+00
 -1.2373E-01  1.5183E-01 -1.0168E+00  4.1244E-02  2.3138E+00
  6.5059E-01  1.5626E-01 -7.9026E-01  4.1244E-02  2.3138E+00
 -4.1742E-01 -6.9847E-02  9.4503E-01  4.1244E-02  2.3138E+00
 -9.2278E-01  4.9804E-02  4.6711E-01  4.1244E-02  2.3138E+00
 -9.1619E-01 -8.7552E-02  4.7447E-01  4.1244E-02  2.3138E+00
  9.0086E-01  8.5668E-02 -5.0329E-01  4.1244E-02  2.3138E+00
  7.1488E-01 -2.6744E-02  7.4539E-01  4.0733E-02  2.4020E+00
  1.0148E+00  5.0091E-02  1.8736E-01  4.0733E-02  2.4020E+00
  8.4514E-01 -5.7854E-02 -5.9141E-01  4.0733E-02  2.4020E+00
 -6.9521E-01  4.8394E-02 -7.6270E-01  4.0733E-02  2.4020E+00
 -3.8480E-01 -1.7608E-01 -9.4002E-01  4.0213E-02  2.4964E+00
  9.8231E-01 -7.1633E-02  3.0438E-01  4.0213E-02  2.4964E+00
  2.2165E-01 -1.5306E-01  9.9506E-01  4.0213E-02  2.4964E+00
  9.5947E-01  5.4744E-02  3.7300E-01  4.0213E-02  2.4964E+00
  1.0277E+00  7.6542E-02  2.6293E-02  4.0213E-02  2.4964E+00
 -3.9636E-01  6.1924E-02 -9.4962E-01  4.0213E-02  2.4964E+00
 -5.3722E-01  1.3988E-01  8.6605E-01  3.9683E-02  2.5977E+00
 -7.2648E-01 -5.7899E-02 -7.2602E-01  3.9683E-02  2.5977E+00
  1.1727E-01  2.1014E-03 -1.0220E+00  3.9683E-02  2.5977E+00
  1.0132E+00 -1.5204E-01  1.1128E-02  3.8592E-02  2.8243E+00
  9.4362E-01  6.8219E-02  3.9330E-01  3.8592E-02  2.8243E+00
  5.4024E-01  6.6662E-02  8.6801E-01  3.8592E-02  2.8243E+00
 -3.2095E-01  1.6515E-01  9.5681E-01  3.8029E-02  2.9517E+00
  9.6547E-01  3.7101E-02 -3.3503E-01  3.8029E-02  2.9517E+00
  9.2926E-01  7.7942E-02  4.1515E-01  3.7452E-02  3.0900E+00
  2.4337E-01 -1.1240E-01  9.8493E-01  3.7452E-02  3.0900E+00
 -1.8256E-01 -7.8879E-02 -1.0012E+00  3.7452E-02  3.0900E+00
  9.2738E-01  7.0126E-02 -4.1636E-01  3.6862E-02  3.2409E+00
 -7.3518E-01  1.7757E-01  6.8285E-01  3.6862E-02  3.2409E+00
  4.9031E-01 -2.5972E-02  8.9287E-01  3.6862E-02  3.2409E+00
 -1.9493E-01  1.6186E-01  9.8697E-01  3.6862E-02  3.2409E+00
 -9.0961E-01 -1.5327E-01  4.2887E-01  3.6256E-02  3.4062E+00
  9.6093E-01 -3.6069E-02 -3.3187E-01  3.6256E-02  3.4062E+00
 -9.8788E-01  1.1774E-01 -2.0429E-01  3.5633E-02  3.5880E+00
 -9.9274E-01 -5.4086E-02 -2.0748E-01  3.5633E-02  3.5880E+00
 -8.0345E-01  1.3032E-01 -6.0745E-01  3.5633E-02  3.5880E+00
 -9.7613E-01 -7.6753E-02 -2.6978E-01  3.5633E-02  3.5880E+00
  9.9684E-01 -1.6553E-01 -8.5304E-02  3.4991E-02  3.7890E+00
 -1.1661E-01 -1.1274E-01  9.9813E-01  3.3644E-02  4.2626E+00
  9.5484E-01 -1.3267E-01 -3.0536E-01  3.3644E-02  4.2626E+00
  1.0050E+00 -1.0725E-01 -3.2464E-02  3.3644E-02  4.2626E+00
 -1.0027E+00 -1.2973E-01 -1.7206E-02  3.3644E-02  4.2626E+00
  1.3199E-01  4.1480E-02 -1.0017E+00  3.3644E-02  4.2626E+00
  2.8206E-01 -3.4882E-02  9.6910E-01  3.2934E-02  4.5444E+00
 -7.4088E-01 -7.4130E-02 -6.8047E-01  3.2195E-02  4.8645E+00
 -4.7013E-01  1.8020E-01  8.7404E-01  3.2195E-02  4.8645E+00
 -3.6601E-01 -1.1350E-02  9.3986E-01  3.2195E-02  4.8645E+00
 -8.6039E-02  2.0275E-02 -1.0036E+00  3.1425E-02  5.2312E+00
  7.5039E-01 -1.7345E-01 -6.4957E-01  3.1425E-02  5.2312E+00
  5.7487E-01 -1.2259E-01  8.1830E-01  3.1425E-02  5.2312E+00
 -6.0718E-01  2.2944E-02 -8.0235E-01  3.0618E-02  5.6557E+00
  1.0011E+00  1.0401E-01  2.5749E-03  3.0618E-02  5.6557E+00
  5.0209E-01 -9.6844E-03 -8.7223E-01  3.0618E-02  5.6557E+00
 -5.7124E-01  1.8373E-02 -8.2844E-01  3.0618E-02  5.6557E+00
 -9.5022E-01  1.7594E-01  2.8125E-01  3.0618E-02  5.6557E+00
  5.2321E-01 -9.3319E-02  8.5354E-01  2.9770E-02  6.1530E+00
  9.3464E-03 -8.5309E-02 -1.0018E+00  2.9770E-02  6.1530E+00
 -9.5260E-01 -1.4931E-01 -2.8182E-01  2.8874E-02  6.7438E+00
  4.9840E-01 -1.6580E-01  8.5632E-01  2.8874E-02  6.7438E+00
  6.0880E-01 -1.2474E-01  7.8929E-01  2.8874E-02  6.7438E+00
  2.9422E-01 -8.6162E-02 -9.5665E-01  2.8874E-02  6.7438E+00
  5.9223E-01  1.5456E-02 -8.1129E-01  2.8874E-02  6.7438E+00
 -6.1771E-01  1.1294E-01  7.8306E-01  2.7921E-02  7.4574E+00
  5.4481E-01  1.0573E-01  8.3548E-01  2.6903E-02  8.3369E+00
  8.2674E-01  4.8687E-02 -5.6581E-01  2.6903E-02  8.3369E+00
  3.5370E-02 -2.0403E-02  1.0022E+00  2.6903E-02  8.3369E+00
  9.2309E-01 -1.4720E-01  3.6183E-01  2.5804E-02  9.4481E+00
 -3.3612E-01  2.2216E-02 -9.4405E-01  2.5804E-02  9.4481E+00
  9.0983E-01  6.5851E-02  4.1541E-01  2.5804E-02  9.4481E+00
  2.2849E-01 -1.7268E-01  9.6056E-01  2.5804E-02  9.4481E+00
  9.9576E-02 -1.3115E-01 -9.8873E-01  2.5804E-02  9.4481E+00
  9.9554E-01  8.3956E-02  7.3449E-02  2.4606E-02  1.0897E+01
 -2.4682E-01 -1.5296E-01 -9.5876E-01  2.4606E-02  1.0897E+01
 -3.2776E-01  1.6241E-01  9.3206E-01  2.3280E-02  1.2866E+01
  8.9963E-01 -1.2987E-01 -4.1993E-01  2.3280E-02  1.2866E+01
 -3.8534E-01  1.2067E-01 -9.1624E-01  2.3280E-02  1.2866E+01
 -7.4556E-01 -1.3729E-02  6.6820E-01  2.3280E-02  1.2866E+01
 -8.8750E-01  6.2017E-02 -4.5940E-01  2.3280E-02  1.2866E+01
  5.2588E-01 -1.1411E-01  8.4388E-01  2.1787E-02  1.5696E+01
 -3.6617E-01 -1.1032E-01 -9.2491E-01  2.1787E-02  1.5696E+01
  5.0021E-01 -3.6693E-02 -8.6611E-01  2.1787E-02  1.5696E+01
 -7.2628E-01  6.3662E-02 -6.8569E-01  2.1787E-02  1.5696E+01
 -7.7941E-01  5.8295E-02  6.2516E-01  2.1787E-02  1.5696E+01
 -9.8570E-01 -4.0605E-02 -1.6671E-01  2.0058E-02  2.0115E+01
  9.8955E-01  1.3344E-01 -6.3508E-02  2.0058E-02  2.0115E+01
  5.2835E-01 -1.1483E-01 -8.4184E-01  2.0058E-02  2.0115E+01
  9.2415E-01  1.7292E-01  3.4143E-01  1.7969E-02  2.7981E+01
  9.8173E-01 -1.1752E-02 -1.9132E-01  1.7969E-02  2.7981E+01
 -6.4157E-01  1.2302E-01 -7.5749E-01  1.7969E-02  2.7981E+01
  5.0553E-01  1.5193E-02 -8.6299E-01  1.7969E-02  2.7981E+01
 -9.8894E-01  1.4736E-01  2.8511E-02  1.7969E-02  2.7981E+01
