0.32992457142858D+02       617
(x,y,z) position of the X-ray source
 -0.1130E+00  0.9402E-01  0.1794E+01
x | y | z | R | rho
  1.7225E+00 -2.1536E-01  9.8055E+00  3.2157E-01  4.8819E-03
 -1.4190E+00 -2.4774E-01  8.8966E+00  3.0029E-01  5.9952E-03
  2.4004E-01  3.8915E-01  8.9766E+00  2.9973E-01  6.0285E-03
  8.8193E-01 -5.8865E-02  8.8962E+00  2.9862E-01  6.0959E-03
  1.4255E+00 -1.2931E-01  8.1403E+00  2.8291E-01  7.1688E-03
 -1.4777E+00  1.1787E-01  7.8504E+00  2.7636E-01  7.6911E-03
 -4.9178E-01  2.3758E-01  7.8984E+00  2.7464E-01  7.8365E-03
 -5.3224E-01  4.5274E-02  7.7672E+00  2.7147E-01  8.1138E-03
 -1.9016E+00  1.2717E-01  7.4746E+00  2.6974E-01  8.2712E-03
  1.6040E-01  1.4789E-01  7.6509E+00  2.6829E-01  8.4058E-03
  1.4794E+00 -6.6678E-02  7.4606E+00  2.6713E-01  8.5158E-03
  3.4218E-01  1.9490E-01  7.4287E+00  2.6306E-01  8.9178E-03
 -3.7966E-02  1.1875E-01  7.0572E+00  2.5364E-01  9.9478E-03
  4.2542E-01  2.3897E-01  6.9462E+00  2.5127E-01  1.0232E-02
 -1.5316E+00 -1.1518E-01  6.0876E+00  2.3379E-01  1.2703E-02
  1.5007E+00  5.9983E-03  5.9150E+00  2.2919E-01  1.3484E-02
 -1.4613E+00  2.2958E-01  5.8720E+00  2.2796E-01  1.3704E-02
 -1.9623E+00 -2.8694E-02  5.7039E+00  2.2734E-01  1.3816E-02
  4.1509E-01  1.6933E-01  5.9685E+00  2.2610E-01  1.4044E-02
 -1.9128E+00 -6.7388E-02  5.5351E+00  2.2269E-01  1.4699E-02
 -1.5621E+00 -1.7212E-02  5.3057E+00  2.1392E-01  1.6583E-02
  1.3481E+00  1.2659E-01  5.1235E+00  2.0757E-01  1.8151E-02
 -9.7568E-01 -2.4094E-01  5.0858E+00  2.0437E-01  1.9017E-02
 -1.3155E+00  1.6155E-01  4.9761E+00  2.0341E-01  1.9288E-02
  1.7943E+00 -5.1729E-02  4.5687E+00  1.9662E-01  2.1355E-02
  6.6316E-01 -8.1475E-02  4.7592E+00  1.9369E-01  2.2339E-02
  1.8716E+00  8.4226E-02  4.3761E+00  1.9238E-01  2.2798E-02
  1.0304E-01  3.6539E-02  4.7135E+00  1.9107E-01  2.3270E-02
  3.0239E-02  9.7348E-02  4.6000E+00  1.8778E-01  2.4515E-02
  1.8104E+00  1.9698E-01  4.2007E+00  1.8712E-01  2.4775E-02
  1.9812E+00 -9.1111E-02  4.1015E+00  1.8646E-01  2.5040E-02
  6.3122E-01 -2.1974E-01  4.2896E+00  1.8014E-01  2.7768E-02
  4.6745E-01 -7.0556E-02  4.3156E+00  1.8014E-01  2.7768E-02
  1.6314E-01 -1.5034E-01  4.3245E+00  1.7981E-01  2.7923E-02
 -1.6304E+00 -1.5371E-01  3.9235E+00  1.7746E-01  2.9045E-02
 -8.6273E-02  7.0213E-02  4.2389E+00  1.7713E-01  2.9211E-02
 -5.3964E-01 -2.1375E-01  4.0988E+00  1.7409E-01  3.0764E-02
 -7.2304E-02  1.4007E-01  4.0921E+00  1.7274E-01  3.1493E-02
  1.6317E+00  1.4625E-01  3.7288E+00  1.7206E-01  3.1867E-02
 -6.0622E-02 -2.3762E-01  4.0431E+00  1.7139E-01  3.2247E-02
  1.6760E+00  1.9760E-01  3.6578E+00  1.7071E-01  3.2633E-02
  7.6845E-01 -1.1605E-01  3.9413E+00  1.7037E-01  3.2829E-02
  1.9332E+00  6.2150E-02  3.4702E+00  1.6900E-01  3.3629E-02
  1.3700E+00  2.2901E-01  3.6984E+00  1.6832E-01  3.4039E-02
 -1.3975E+00 -1.3196E-01  3.6810E+00  1.6798E-01  3.4247E-02
  9.9598E-01  7.9390E-04  3.6859E+00  1.6421E-01  3.6660E-02
  6.2739E-01 -2.5115E-01  3.7467E+00  1.6387E-01  3.6891E-02
 -8.1642E-01  1.1559E-01  3.6717E+00  1.6249E-01  3.7837E-02
  1.3188E+00 -1.1937E-01  3.4521E+00  1.6042E-01  3.9323E-02
 -1.9424E-01  1.4925E-01  3.6563E+00  1.5938E-01  4.0097E-02
 -2.2911E-01 -1.6632E-01  3.6426E+00  1.5903E-01  4.0360E-02
 -1.2634E+00 -1.0974E-01  3.4148E+00  1.5869E-01  4.0625E-02
 -2.0001E-01 -1.4761E-01  3.6123E+00  1.5799E-01  4.1163E-02
  1.8145E+00  8.9681E-02  3.1195E+00  1.5764E-01  4.1436E-02
 -1.2758E+00  2.3299E-01  3.2989E+00  1.5555E-01  4.3129E-02
 -1.1267E-01  1.9631E-01  3.4940E+00  1.5416E-01  4.4312E-02
  3.3021E-01 -2.1186E-01  3.4248E+00  1.5240E-01  4.5858E-02
  1.7296E+00  5.4713E-02  2.9064E+00  1.5030E-01  4.7815E-02
 -6.2716E-02 -1.2713E-01  3.3473E+00  1.4924E-01  4.8838E-02
 -1.7057E+00  1.4608E-01  2.8174E+00  1.4747E-01  5.0614E-02
 -1.8974E+00  5.6453E-02  2.6823E+00  1.4712E-01  5.0980E-02
  1.9018E+00 -3.9064E-02  2.6663E+00  1.4676E-01  5.1350E-02
  1.5972E+00 -1.2853E-01  2.7093E+00  1.4250E-01  5.6101E-02
  2.7421E-01 -1.9856E-01  3.1294E+00  1.4250E-01  5.6101E-02
 -1.7189E+00 -2.2063E-01  2.6150E+00  1.4214E-01  5.6525E-02
  1.3794E+00  1.7275E-01  2.7769E+00  1.4107E-01  5.7823E-02
 -1.8605E+00 -1.9313E-01  2.4789E+00  1.4107E-01  5.7823E-02
 -3.3541E-01 -5.7276E-02  3.0761E+00  1.4071E-01  5.8265E-02
  1.0627E+00  4.6847E-02  2.8951E+00  1.4035E-01  5.8712E-02
  1.8642E+00  2.3013E-01  2.4331E+00  1.4000E-01  5.9164E-02
 -1.6486E+00  1.4361E-01  2.5778E+00  1.3964E-01  5.9620E-02
  1.2123E+00  6.1150E-02  2.8125E+00  1.3964E-01  5.9620E-02
 -2.3612E-01 -1.1823E-01  2.9992E+00  1.3784E-01  6.1979E-02
 -1.3303E+00  1.1556E-01  2.6985E+00  1.3784E-01  6.1979E-02
 -3.9833E-01  2.2256E-01  2.9126E+00  1.3568E-01  6.4988E-02
 -7.9593E-01  8.4607E-02  2.7833E+00  1.3388E-01  6.7653E-02
 -1.2970E+00  9.0079E-02  2.5879E+00  1.3388E-01  6.7653E-02
 -4.9067E-01  9.6100E-02  2.8421E+00  1.3351E-01  6.8205E-02
  1.8392E+00 -1.4635E-02  2.0607E+00  1.2916E-01  7.5345E-02
  7.9465E-01 -1.5491E-01  2.6087E+00  1.2806E-01  7.7293E-02
  1.7450E+00 -1.3121E-02  2.0881E+00  1.2770E-01  7.7958E-02
 -6.9829E-01  1.4277E-01  2.5106E+00  1.2367E-01  8.5829E-02
 -1.0319E+00 -1.7266E-01  2.3361E+00  1.2183E-01  8.9776E-02
  1.7642E+00 -6.6002E-02  1.8395E+00  1.2146E-01  9.0595E-02
 -1.7157E+00  1.1943E-01 -1.8822E+00  1.2146E-01  9.0595E-02
 -1.7865E+00 -1.4238E-01 -1.7854E+00  1.2072E-01  9.2266E-02
  1.3234E+00  1.6330E-01  2.1263E+00  1.1998E-01  9.3979E-02
  1.1934E+00 -6.3212E-02  2.1731E+00  1.1888E-01  9.6634E-02
  6.7612E-01 -8.3616E-02  2.3230E+00  1.1665E-01  1.0226E-01
 -1.7709E+00 -1.7719E-01 -1.6265E+00  1.1628E-01  1.0324E-01
 -8.7487E-01 -2.7130E-02  2.2466E+00  1.1628E-01  1.0324E-01
 -1.4427E+00  5.4517E-02 -1.9065E+00  1.1554E-01  1.0525E-01
  1.3983E+00  3.6495E-02 -1.9156E+00  1.1480E-01  1.0731E-01
  8.2959E-02 -4.7853E-02  2.3505E+00  1.1405E-01  1.0942E-01
 -1.7300E+00 -3.1857E-02  1.5505E+00  1.1293E-01  1.1270E-01
 -1.6790E+00  1.4717E-01 -1.5852E+00  1.1256E-01  1.1382E-01
 -1.8018E+00  1.3476E-01  1.4452E+00  1.1256E-01  1.1382E-01
  1.6854E+00 -1.8489E-01  1.5172E+00  1.1107E-01  1.1847E-01
  2.7622E-01 -1.1399E-01  2.2555E+00  1.1107E-01  1.1847E-01
 -1.3569E+00 -6.0688E-03  1.8024E+00  1.1032E-01  1.2090E-01
  5.8504E-01  5.7629E-02  2.1386E+00  1.0882E-01  1.2596E-01
  1.8473E+00 -5.1715E-02  1.2091E+00  1.0845E-01  1.2727E-01
  1.2121E+00 -1.0514E-01  1.8204E+00  1.0770E-01  1.2994E-01
  1.7362E+00  1.7771E-01  1.3064E+00  1.0733E-01  1.3131E-01
  1.7102E+00  7.2970E-02 -1.3347E+00  1.0695E-01  1.3269E-01
  1.0204E+00 -1.0099E-01 -1.9132E+00  1.0695E-01  1.3269E-01
 -6.5490E-01  1.0175E-02  2.0695E+00  1.0695E-01  1.3269E-01
  1.7644E+00  7.0506E-02  1.2462E+00  1.0658E-01  1.3410E-01
  5.4356E-01 -4.7475E-02  2.0815E+00  1.0620E-01  1.3553E-01
 -1.6686E+00  9.5273E-02  1.3104E+00  1.0507E-01  1.3994E-01
  4.2049E-01 -1.3827E-01  2.0772E+00  1.0507E-01  1.3994E-01
  1.1427E+00 -1.4210E-01 -1.7846E+00  1.0507E-01  1.3994E-01
  1.0698E+00 -1.0149E-01  1.8210E+00  1.0470E-01  1.4145E-01
 -1.4038E+00  1.6691E-01  1.5599E+00  1.0432E-01  1.4299E-01
 -9.6463E-01  7.6940E-02  1.8696E+00  1.0432E-01  1.4299E-01
  1.2807E+00  1.1078E-01 -1.6671E+00  1.0432E-01  1.4299E-01
 -1.2374E-02 -1.6046E-01  2.0897E+00  1.0394E-01  1.4454E-01
  1.0139E+00  5.7174E-02 -1.8335E+00  1.0394E-01  1.4454E-01
  1.6430E+00  2.2772E-02  1.3011E+00  1.0394E-01  1.4454E-01
 -1.1303E+00 -8.1479E-02  1.7301E+00  1.0281E-01  1.4936E-01
  1.6637E+00  1.4271E-01 -1.2203E+00  1.0281E-01  1.4936E-01
 -1.8524E+00  1.1573E-01  8.9141E-01  1.0244E-01  1.5102E-01
 -1.8561E+00  1.1577E-01  8.8369E-01  1.0244E-01  1.5102E-01
 -1.4371E+00 -1.0603E-01 -1.4578E+00  1.0206E-01  1.5269E-01
  9.3833E-01  1.9383E-01 -1.8121E+00  1.0206E-01  1.5269E-01
  7.0242E-01 -1.3035E-01  1.9213E+00  1.0206E-01  1.5269E-01
 -6.3057E-02 -9.9203E-02  2.0373E+00  1.0168E-01  1.5440E-01
  1.6485E+00  4.4585E-02  1.2020E+00  1.0168E-01  1.5440E-01
  1.2907E+00 -4.3086E-02 -1.5682E+00  1.0131E-01  1.5613E-01
  9.2313E-01 -1.1304E-01 -1.8061E+00  1.0131E-01  1.5613E-01
  1.3897E-01  1.5898E-01  2.0113E+00  1.0093E-01  1.5789E-01
  1.0280E+00  4.7263E-02 -1.7410E+00  1.0093E-01  1.5789E-01
  1.4775E+00  9.4966E-03 -1.3675E+00  1.0055E-01  1.5967E-01
  1.2515E+00 -7.1686E-02 -1.5754E+00  1.0055E-01  1.5967E-01
 -1.2588E+00  1.7376E-01  1.5499E+00  1.0017E-01  1.6148E-01
 -1.2480E+00 -5.1184E-02  1.5674E+00  1.0017E-01  1.6148E-01
 -1.0702E+00  4.0737E-02 -1.6940E+00  1.0017E-01  1.6148E-01
  1.7769E+00 -5.8788E-02  9.2514E-01  1.0017E-01  1.6148E-01
  1.3049E+00  1.4690E-01  1.5021E+00  9.9797E-02  1.6332E-01
  1.1984E+00  1.8927E-01 -1.5724E+00  9.9419E-02  1.6519E-01
  5.5049E-01 -1.1514E-01 -1.9048E+00  9.9419E-02  1.6519E-01
 -8.7591E-01 -3.9039E-02 -1.7821E+00  9.9419E-02  1.6519E-01
 -5.4114E-01 -1.1021E-01 -1.8984E+00  9.9041E-02  1.6709E-01
 -1.0077E+00 -5.8836E-02  1.6999E+00  9.9041E-02  1.6709E-01
  1.6920E+00  1.6946E-01  9.9076E-01  9.8663E-02  1.6902E-01
 -1.6114E+00 -1.6914E-01 -1.1171E+00  9.8663E-02  1.6902E-01
  7.9537E-01  1.7178E-01  1.7920E+00  9.8663E-02  1.6902E-01
 -1.3547E+00 -1.1480E-02  1.4152E+00  9.8285E-02  1.7098E-01
 -1.6556E+00 -9.4648E-02  1.0432E+00  9.8285E-02  1.7098E-01
  6.9016E-01  1.5931E-01  1.8169E+00  9.7907E-02  1.7297E-01
 -1.7901E-01  8.9621E-02  1.9398E+00  9.7907E-02  1.7297E-01
  1.4779E+00 -6.8552E-02 -1.2704E+00  9.7907E-02  1.7297E-01
 -5.9541E-01 -7.0137E-02  1.8463E+00  9.7529E-02  1.7499E-01
  1.6090E+00  1.9343E-02 -1.0858E+00  9.7529E-02  1.7499E-01
  1.5243E+00 -7.9389E-03  1.1874E+00  9.7150E-02  1.7704E-01
 -1.8376E+00 -6.9586E-02  5.6386E-01  9.6772E-02  1.7912E-01
 -1.3728E+00  5.4242E-02 -1.3333E+00  9.6393E-02  1.8124E-01
  1.5355E+00 -1.6567E-01 -1.1314E+00  9.6393E-02  1.8124E-01
  1.6454E+00  1.1364E-01  9.5463E-01  9.6015E-02  1.8340E-01
 -1.0554E-01 -3.9851E-02  1.9023E+00  9.6015E-02  1.8340E-01
  1.6986E-01 -1.2922E-01 -1.8848E+00  9.5636E-02  1.8558E-01
  4.3057E-01 -1.4354E-01  1.8417E+00  9.5636E-02  1.8558E-01
  1.2725E+00 -1.4522E-02 -1.4066E+00  9.5636E-02  1.8558E-01
  1.1399E+00  1.7940E-01 -1.5055E+00  9.5636E-02  1.8558E-01
  1.2914E+00  2.6013E-02  1.3770E+00  9.5257E-02  1.8781E-01
  1.1941E+00  4.8039E-02 -1.4617E+00  9.5257E-02  1.8781E-01
 -9.9157E-01 -1.3842E-02  1.5963E+00  9.4878E-02  1.9007E-01
  1.3071E+00 -3.4664E-03 -1.3258E+00  9.4120E-02  1.9470E-01
  1.6781E+00 -8.8195E-03  7.8589E-01  9.3741E-02  1.9707E-01
 -9.0419E-02 -1.5208E-01 -1.8446E+00  9.3741E-02  1.9707E-01
 -1.5036E+00 -8.0923E-02 -1.0651E+00  9.3361E-02  1.9948E-01
 -1.8100E+00  1.6422E-01  3.1442E-01  9.3361E-02  1.9948E-01
 -1.8354E+00 -3.1316E-03  3.5178E-02  9.2982E-02  2.0193E-01
  1.6427E+00  8.0696E-02 -7.9578E-01  9.2603E-02  2.0443E-01
 -1.3990E+00 -1.4409E-01  1.1528E+00  9.2223E-02  2.0696E-01
 -1.6214E+00 -8.1594E-02 -7.4031E-01  9.0704E-02  2.1753E-01
 -1.6844E+00 -7.2555E-03  5.8846E-01  9.0704E-02  2.1753E-01
 -1.6892E+00  5.0914E-02  5.7255E-01  9.0704E-02  2.1753E-01
 -1.7741E+00  1.6639E-01 -9.2581E-02  9.0704E-02  2.1753E-01
 -4.7123E-01  9.9680E-02  1.7092E+00  9.0325E-02  2.2029E-01
  1.3536E-01  1.6781E-01 -1.7627E+00  9.0325E-02  2.2029E-01
 -1.1028E+00  1.4169E-01  1.3846E+00  9.0325E-02  2.2029E-01
 -3.4780E-01  8.0735E-02 -1.7309E+00  8.9945E-02  2.2309E-01
  1.7555E+00 -1.7470E-01  1.0625E-01  8.9945E-02  2.2309E-01
 -1.7501E+00 -4.7390E-02  1.6913E-01  8.9565E-02  2.2594E-01
 -1.4815E-01 -1.1552E-01  1.7488E+00  8.9565E-02  2.2594E-01
 -3.3874E-01 -1.3624E-01  1.7206E+00  8.9565E-02  2.2594E-01
  7.8258E-01 -1.3692E-01  1.5598E+00  8.9185E-02  2.2884E-01
 -1.1388E-01 -1.0906E-02 -1.7468E+00  8.9185E-02  2.2884E-01
 -7.4397E-01 -5.3926E-02 -1.5836E+00  8.9185E-02  2.2884E-01
  1.1838E+00 -1.8972E-02 -1.2780E+00  8.8805E-02  2.3179E-01
 -1.7291E+00 -1.4853E-01 -1.5226E-01  8.8805E-02  2.3179E-01
  4.8802E-01  1.3840E-01 -1.6666E+00  8.8805E-02  2.3179E-01
 -1.6488E+00 -2.1979E-02  5.3573E-01  8.8425E-02  2.3479E-01
  8.2162E-01  1.1806E-01  1.5222E+00  8.8425E-02  2.3479E-01
  4.6833E-01 -6.2417E-02  1.6595E+00  8.8044E-02  2.3785E-01
  9.7636E-01  9.2442E-03 -1.4125E+00  8.7664E-02  2.4095E-01
 -2.0960E-01  1.6722E-01  1.6877E+00  8.7284E-02  2.4412E-01
 -4.4862E-01 -7.1046E-02  1.6474E+00  8.7284E-02  2.4412E-01
 -1.2941E+00  1.2248E-01 -1.0966E+00  8.6904E-02  2.4734E-01
  4.4655E-01  1.9060E-02 -1.6408E+00  8.6904E-02  2.4734E-01
 -1.6198E+00 -5.0096E-02  4.8784E-01  8.6524E-02  2.5061E-01
 -1.5991E+00 -2.7722E-02  5.5341E-01  8.6524E-02  2.5061E-01
 -1.3542E+00 -5.5351E-02  1.0135E+00  8.6524E-02  2.5061E-01
 -1.6759E+00 -1.6362E-01 -3.5549E-02  8.6143E-02  2.5395E-01
  1.4788E+00  2.2067E-02  8.0578E-01  8.6143E-02  2.5395E-01
  2.2735E-01  1.8039E-02  1.6605E+00  8.5763E-02  2.5734E-01
 -1.3346E+00  3.0055E-02  1.0001E+00  8.5382E-02  2.6079E-01
  9.2734E-01 -9.3664E-02  1.3832E+00  8.5382E-02  2.6079E-01
  1.6597E+00  6.7895E-02 -1.5081E-01  8.5382E-02  2.6079E-01
 -8.2454E-01  1.8338E-02 -1.4498E+00  8.5382E-02  2.6079E-01
  1.3709E+00  2.9945E-02 -9.3533E-01  8.5002E-02  2.6431E-01
  8.0855E-01 -5.9674E-03  1.4496E+00  8.5002E-02  2.6431E-01
  5.7362E-01  1.3033E-01 -1.5521E+00  8.5002E-02  2.6431E-01
  1.6249E+00 -1.6800E-01 -2.4496E-01  8.4622E-02  2.6789E-01
 -1.0933E+00  1.2604E-01  1.2317E+00  8.4622E-02  2.6789E-01
 -1.2051E+00 -7.3319E-02  1.1155E+00  8.4241E-02  2.7154E-01
  2.6403E-01 -1.6999E-01  1.6135E+00  8.4241E-02  2.7154E-01
  9.5804E-02 -1.8023E-01  1.6310E+00  8.4241E-02  2.7154E-01
  9.0863E-01 -1.4699E-01 -1.3522E+00  8.3861E-02  2.7525E-01
  1.3356E+00 -6.4936E-02 -9.4210E-01  8.3861E-02  2.7525E-01
  1.6064E+00  5.9761E-02  3.0253E-01  8.3861E-02  2.7525E-01
  1.8011E-01  8.5203E-02  1.6155E+00  8.3480E-02  2.7903E-01
  1.0674E+00  2.5182E-02  1.2287E+00  8.3480E-02  2.7903E-01
  1.3505E+00  1.7728E-01  8.9130E-01  8.3480E-02  2.7903E-01
  1.3185E+00  1.7045E-01 -9.3928E-01  8.3480E-02  2.7903E-01
  1.6060E+00  1.0176E-01  1.8523E-01  8.3100E-02  2.8288E-01
  1.6188E+00 -5.6545E-02  1.5043E-02  8.3100E-02  2.8288E-01
  1.2536E+00 -6.4433E-02 -1.0238E+00  8.3100E-02  2.8288E-01
  1.4928E+00  1.2507E-01 -6.1634E-01  8.3100E-02  2.8288E-01
  1.3649E+00 -6.3880E-02  8.5510E-01  8.2719E-02  2.8681E-01
 -1.5994E+00  1.7129E-01 -1.0418E-01  8.2719E-02  2.8681E-01
  6.1000E-01  7.5956E-03 -1.4920E+00  8.2719E-02  2.8681E-01
 -2.0604E-01 -1.8221E-02 -1.5906E+00  8.2338E-02  2.9080E-01
 -1.2861E+00 -1.0596E-01 -9.5268E-01  8.2338E-02  2.9080E-01
 -7.0370E-01  8.6533E-02  1.4388E+00  8.2338E-02  2.9080E-01
 -1.1246E+00 -1.7347E-01  1.1305E+00  8.2338E-02  2.9080E-01
  3.4488E-01  1.5837E-01  1.5585E+00  8.2338E-02  2.9080E-01
  8.9523E-01 -1.6211E-01  1.3115E+00  8.1958E-02  2.9487E-01
 -1.9186E-01  8.1927E-02 -1.5825E+00  8.1958E-02  2.9487E-01
 -1.4991E+00 -1.6007E-01 -5.2441E-01  8.1958E-02  2.9487E-01
 -9.1630E-02  1.1477E-01  1.5894E+00  8.1958E-02  2.9487E-01
 -9.9275E-01 -4.7168E-02 -1.2390E+00  8.1577E-02  2.9902E-01
 -1.1218E+00  9.1799E-03 -1.1245E+00  8.1577E-02  2.9902E-01
  3.6232E-02  2.6055E-02 -1.5800E+00  8.1197E-02  3.0324E-01
  1.1104E+00 -2.1548E-02 -1.1247E+00  8.1197E-02  3.0324E-01
  1.5363E+00 -2.8465E-02  3.7036E-01  8.1197E-02  3.0324E-01
 -1.3846E+00  1.6188E-01  7.4501E-01  8.1197E-02  3.0324E-01
  1.1556E+00 -9.2298E-02  1.0630E+00  8.0816E-02  3.0755E-01
 -7.1164E-01 -7.1917E-02 -1.3921E+00  8.0435E-02  3.1193E-01
  1.2114E+00  1.4747E-01  9.8001E-01  8.0435E-02  3.1193E-01
 -1.5415E+00  7.2201E-02  2.6092E-01  8.0435E-02  3.1193E-01
 -1.5460E+00  1.8717E-02  1.8779E-01  8.0055E-02  3.1640E-01
 -1.1701E-02 -7.8885E-02 -1.5554E+00  8.0055E-02  3.1640E-01
 -1.5442E+00 -7.4514E-02  1.0775E-01  7.9674E-02  3.2096E-01
  8.5180E-01 -6.3206E-03 -1.2856E+00  7.9293E-02  3.2561E-01
 -4.4753E-01  1.2698E-01  1.4624E+00  7.8913E-02  3.3034E-01
  1.4464E+00  1.0797E-01  5.0131E-01  7.8913E-02  3.3034E-01
  2.3112E-01 -3.6728E-02 -1.5090E+00  7.8532E-02  3.3517E-01
 -5.7475E-01 -1.2606E-01  1.4091E+00  7.8532E-02  3.3517E-01
  1.1893E-02  4.0742E-03  1.5270E+00  7.8532E-02  3.3517E-01
  1.2208E+00 -1.7227E-01  9.0106E-01  7.8532E-02  3.3517E-01
 -1.2945E+00 -6.5207E-02 -8.0730E-01  7.8532E-02  3.3517E-01
 -1.0847E+00 -2.7984E-02  1.0638E+00  7.8152E-02  3.4009E-01
  1.0328E+00 -1.4208E-02 -1.1145E+00  7.8152E-02  3.4009E-01
  1.1791E-01 -1.2586E-01  1.5022E+00  7.7771E-02  3.4511E-01
 -1.1087E+00 -3.1616E-02  1.0276E+00  7.7771E-02  3.4511E-01
  1.3482E+00  1.4404E-01  6.5227E-01  7.7390E-02  3.5022E-01
 -9.0267E-02  2.3112E-02 -1.5017E+00  7.7390E-02  3.5022E-01
 -1.4874E+00 -1.6997E-01  1.5034E-01  7.7390E-02  3.5022E-01
  1.2040E+00  2.4904E-02  9.0192E-01  7.7390E-02  3.5022E-01
  7.0110E-01 -1.3035E-03 -1.3229E+00  7.7010E-02  3.5544E-01
 -1.3885E+00  6.5106E-02  5.5632E-01  7.7010E-02  3.5544E-01
 -8.0668E-01  3.2694E-02 -1.2609E+00  7.7010E-02  3.5544E-01
 -1.9498E-01 -4.1628E-02 -1.4839E+00  7.7010E-02  3.5544E-01
 -7.4145E-01  1.3326E-01 -1.2939E+00  7.7010E-02  3.5544E-01
  7.1563E-01 -3.3775E-02  1.3147E+00  7.7010E-02  3.5544E-01
  1.0638E+00 -1.1492E-01 -1.0367E+00  7.6629E-02  3.6076E-01
  1.4793E+00 -1.0864E-01 -1.3973E-01  7.6629E-02  3.6076E-01
  4.5091E-02  3.6952E-02  1.4813E+00  7.6248E-02  3.6619E-01
 -1.4469E+00 -1.3273E-03  3.2272E-01  7.6248E-02  3.6619E-01
 -1.2144E+00  2.7978E-02  8.2414E-01  7.5487E-02  3.7739E-01
  1.2714E+00 -1.0192E-01  7.2658E-01  7.5487E-02  3.7739E-01
  1.1395E+00 -1.5177E-01  9.0118E-01  7.5106E-02  3.8315E-01
 -8.4414E-01 -1.8080E-01  1.1783E+00  7.5106E-02  3.8315E-01
  1.2959E+00 -5.6411E-02  6.7176E-01  7.5106E-02  3.8315E-01
 -1.4310E+00 -1.5582E-01  2.0172E-01  7.4726E-02  3.8904E-01
  9.8597E-02 -2.3049E-03 -1.4502E+00  7.4726E-02  3.8904E-01
 -2.4456E-01 -1.8216E-01 -1.4212E+00  7.4726E-02  3.8904E-01
 -3.1223E-01  1.0194E-01  1.4160E+00  7.4726E-02  3.8904E-01
 -1.3967E+00 -7.3043E-02 -3.9602E-01  7.4726E-02  3.8904E-01
  1.4126E+00 -1.6110E-01 -2.6597E-01  7.4345E-02  3.9504E-01
  1.3313E+00  8.5692E-02 -5.4027E-01  7.3965E-02  4.0117E-01
  1.3414E+00  1.8230E-01  4.8892E-01  7.3965E-02  4.0117E-01
 -1.4207E+00  1.8239E-01 -1.4127E-01  7.3965E-02  4.0117E-01
 -3.7557E-01 -1.7276E-01  1.3787E+00  7.3965E-02  4.0117E-01
 -6.8497E-01  1.2151E-02  1.2578E+00  7.3584E-02  4.0743E-01
 -8.9655E-01  8.9971E-02 -1.1133E+00  7.3584E-02  4.0743E-01
 -1.2326E+00 -1.8029E-01 -6.9252E-01  7.3203E-02  4.1382E-01
  7.8749E-01  1.5009E-01  1.1784E+00  7.3203E-02  4.1382E-01
 -1.9581E-01 -7.6691E-02 -1.3955E+00  7.2442E-02  4.2701E-01
  6.6714E-02  8.5114E-02 -1.4072E+00  7.2442E-02  4.2701E-01
  7.0425E-01 -7.6894E-02  1.2126E+00  7.2061E-02  4.3381E-01
  9.7350E-01  3.3619E-02  1.0117E+00  7.2061E-02  4.3381E-01
  1.3394E+00 -5.1943E-02 -4.1923E-01  7.2061E-02  4.3381E-01
 -1.2034E+00  1.7307E-01  6.7533E-01  7.1300E-02  4.4786E-01
  1.1948E+00 -1.6985E-01 -6.7747E-01  7.0919E-02  4.5511E-01
 -1.2157E+00 -1.2648E-01 -6.4915E-01  7.0919E-02  4.5511E-01
 -2.6791E-01 -5.0018E-02 -1.3500E+00  7.0538E-02  4.6253E-01
  1.2504E+00 -1.6981E-02  5.6096E-01  7.0157E-02  4.7010E-01
  1.3385E+00  3.5025E-02  2.9253E-01  7.0157E-02  4.7010E-01
  1.2339E+00  4.8082E-02  5.9466E-01  7.0157E-02  4.7010E-01
  8.9378E-01 -1.8173E-01 -1.0141E+00  6.9776E-02  4.7784E-01
  1.1767E+00  1.5555E-01  6.7182E-01  6.9776E-02  4.7784E-01
  3.6423E-02  7.0970E-02  1.3550E+00  6.9395E-02  4.8575E-01
  7.4259E-01  1.6805E-01  1.1157E+00  6.9014E-02  4.9384E-01
 -1.3487E+00  3.0535E-02  6.8537E-02  6.9014E-02  4.9384E-01
 -5.1134E-01  1.1159E-01  1.2452E+00  6.9014E-02  4.9384E-01
 -1.1171E+00 -2.6125E-02  7.4728E-01  6.8633E-02  5.0211E-01
 -4.5334E-01  6.5622E-02  1.2638E+00  6.8633E-02  5.0211E-01
 -1.3166E+00  1.2121E-01 -2.4252E-01  6.8633E-02  5.0211E-01
 -7.5967E-01 -1.0665E-01  1.0960E+00  6.8252E-02  5.1057E-01
 -1.3264E+00  3.5997E-02 -1.7069E-01  6.8252E-02  5.1057E-01
  1.3275E+00 -1.6446E-01 -2.0015E-02  6.8252E-02  5.1057E-01
 -9.1003E-01  9.4317E-02 -9.7601E-01  6.8252E-02  5.1057E-01
 -6.2464E-01  1.8342E-01 -1.1613E+00  6.7871E-02  5.1923E-01
 -9.9684E-01 -2.6555E-02  8.7247E-01  6.7489E-02  5.2808E-01
  1.2965E+00 -1.8207E-02  2.4004E-01  6.7108E-02  5.3713E-01
  8.4861E-01 -9.2233E-02  1.0051E+00  6.7108E-02  5.3713E-01
 -1.1561E+00 -1.4129E-01 -6.1831E-01  6.7108E-02  5.3713E-01
 -9.7917E-01 -1.5959E-01  8.6869E-01  6.7108E-02  5.3713E-01
 -1.2758E+00 -1.4075E-01  2.7356E-01  6.6726E-02  5.4640E-01
  3.6033E-01  1.2537E-01  1.2557E+00  6.6726E-02  5.4640E-01
 -1.0503E+00  1.6387E-01 -7.5899E-01  6.6345E-02  5.5588E-01
  1.2984E+00  3.5795E-02  1.3793E-01  6.6345E-02  5.5588E-01
 -9.2832E-01 -5.7335E-02 -9.0823E-01  6.5963E-02  5.6559E-01
  7.3841E-01 -9.7369E-02 -1.0580E+00  6.5581E-02  5.7553E-01
  4.2025E-02 -1.7540E-01 -1.2751E+00  6.5199E-02  5.8571E-01
 -1.1300E+00  6.7560E-02 -6.1394E-01  6.5199E-02  5.8571E-01
  1.2477E+00 -3.3691E-02  2.9146E-01  6.4817E-02  5.9614E-01
 -1.2117E+00  6.8315E-02  3.9316E-01  6.4434E-02  6.0681E-01
  4.5397E-01 -9.5574E-02 -1.1884E+00  6.4434E-02  6.0681E-01
 -5.7955E-02 -1.5811E-01 -1.2586E+00  6.4051E-02  6.1776E-01
 -1.1393E+00  1.7549E-01 -5.3265E-01  6.4051E-02  6.1776E-01
  1.2574E-01  1.1674E-01 -1.2463E+00  6.3285E-02  6.4046E-01
 -6.5507E-01 -1.8336E-01 -1.0583E+00  6.3285E-02  6.4046E-01
  6.9886E-01 -1.0470E-01  1.0409E+00  6.3285E-02  6.4046E-01
 -1.0377E+00  8.0672E-02  7.0672E-01  6.3285E-02  6.4046E-01
 -3.8282E-01  8.6437E-02  1.1892E+00  6.2902E-02  6.5224E-01
  1.1362E+00  1.4571E-01 -4.9170E-01  6.2518E-02  6.6433E-01
  9.4016E-02  1.8598E-01  1.2290E+00  6.2518E-02  6.6433E-01
 -1.1914E+00 -7.0957E-02  3.5981E-01  6.2518E-02  6.6433E-01
 -1.1384E+00 -9.2441E-02  4.9950E-01  6.2518E-02  6.6433E-01
  1.0616E+00 -1.2510E-01  6.4138E-01  6.2518E-02  6.6433E-01
 -2.4669E-01 -7.7694E-02  1.2137E+00  6.2134E-02  6.7672E-01
  1.7898E-01  7.7289E-02 -1.2255E+00  6.2134E-02  6.7672E-01
  9.4329E-01  9.3348E-03  8.0621E-01  6.2134E-02  6.7672E-01
 -1.2331E+00  1.1326E-02  1.3885E-01  6.2134E-02  6.7672E-01
 -1.6864E-01 -2.4148E-02 -1.2235E+00  6.1750E-02  6.8943E-01
 -9.3753E-01 -1.2490E-01 -7.9459E-01  6.1750E-02  6.8943E-01
  2.4706E-01  1.2478E-01  1.1982E+00  6.1365E-02  7.0248E-01
  1.0004E+00  5.3619E-02  7.1307E-01  6.1365E-02  7.0248E-01
  1.2184E+00  1.5474E-01 -6.1957E-02  6.1365E-02  7.0248E-01
 -1.0995E+00  8.9557E-03 -5.5076E-01  6.1365E-02  7.0248E-01
 -1.2048E+00 -8.0330E-02 -2.3261E-01  6.1365E-02  7.0248E-01
 -1.1872E+00  1.7596E-01 -2.4166E-01  6.0980E-02  7.1587E-01
  1.2106E+00 -3.9704E-02 -1.7740E-01  6.0980E-02  7.1587E-01
 -8.6171E-01 -1.2212E-01 -8.6095E-01  6.0980E-02  7.1587E-01
  9.6209E-01 -1.1651E-01 -7.4800E-01  6.0980E-02  7.1587E-01
 -1.0821E+00  1.1316E-01  5.6114E-01  6.0980E-02  7.1587E-01
  4.0617E-01 -1.2767E-01 -1.1478E+00  6.0980E-02  7.1587E-01
  6.6661E-01  1.8576E-01 -1.0099E+00  6.0980E-02  7.1587E-01
 -9.5026E-01 -1.2776E-01  7.6117E-01  6.0980E-02  7.1587E-01
  9.5559E-01 -1.6778E-01  7.4659E-01  6.0980E-02  7.1587E-01
  8.7702E-01 -3.5615E-02  8.4554E-01  6.0595E-02  7.2962E-01
 -5.7893E-01  1.4496E-01 -1.0626E+00  6.0595E-02  7.2962E-01
  1.1348E+00 -8.4107E-02  4.3635E-01  6.0595E-02  7.2962E-01
  1.1408E+00 -1.8257E-01  3.8803E-01  6.0595E-02  7.2962E-01
 -1.0268E+00  1.2042E-01  6.4535E-01  6.0595E-02  7.2962E-01
 -3.9305E-02  1.9295E-02 -1.2126E+00  6.0209E-02  7.4374E-01
  1.1064E+00 -1.7052E-01  4.6807E-01  6.0209E-02  7.4374E-01
 -6.5251E-01  1.3726E-01 -1.0137E+00  6.0209E-02  7.4374E-01
  4.5509E-01  1.5379E-01  1.1142E+00  6.0209E-02  7.4374E-01
  8.2738E-01 -1.1860E-02 -8.8742E-01  6.0209E-02  7.4374E-01
 -1.1304E+00  1.6564E-02  4.4072E-01  6.0209E-02  7.4374E-01
 -1.1302E+00  3.6388E-02 -4.2506E-01  5.9822E-02  7.5825E-01
 -1.1777E+00 -1.2614E-01  2.3746E-01  5.9822E-02  7.5825E-01
 -4.4060E-01 -1.0846E-01 -1.1195E+00  5.9822E-02  7.5825E-01
 -3.6870E-01  1.4926E-01  1.1350E+00  5.9436E-02  7.7315E-01
  4.1073E-01  7.4572E-02  1.1279E+00  5.9436E-02  7.7315E-01
  1.2004E+00 -6.2223E-02 -4.1096E-02  5.9436E-02  7.7315E-01
 -5.6860E-02 -1.0760E-02 -1.1961E+00  5.9048E-02  7.8847E-01
  5.5354E-01 -1.5698E-02 -1.0617E+00  5.9048E-02  7.8847E-01
 -8.5571E-01  1.4070E-01  8.1826E-01  5.8660E-02  8.0422E-01
 -9.5810E-01  9.7281E-02  7.0298E-01  5.8660E-02  8.0422E-01
 -7.5086E-01 -7.5288E-02 -9.2311E-01  5.8660E-02  8.0422E-01
 -5.4471E-01 -1.6600E-03  1.0606E+00  5.8660E-02  8.0422E-01
 -9.0266E-01  4.5285E-02 -7.7765E-01  5.8660E-02  8.0422E-01
  8.7236E-01  9.5129E-02 -8.0717E-01  5.8660E-02  8.0422E-01
  2.4066E-02 -9.8982E-02 -1.1828E+00  5.8271E-02  8.2042E-01
 -1.1354E+00  1.0820E-01  3.1089E-01  5.7882E-02  8.3709E-01
  9.9198E-01 -1.5365E-01 -6.2433E-01  5.7882E-02  8.3709E-01
  1.1740E+00  4.9561E-02 -1.2885E-01  5.7882E-02  8.3709E-01
 -1.1614E+00 -9.2692E-02  2.0000E-01  5.7882E-02  8.3709E-01
  9.8167E-01  1.1646E-01 -6.3905E-01  5.7492E-02  8.5424E-01
  4.2772E-02 -1.3648E-01 -1.1684E+00  5.7492E-02  8.5424E-01
 -1.3532E-01 -5.4884E-02 -1.1680E+00  5.7492E-02  8.5424E-01
  1.0819E+00  1.0572E-01  4.5147E-01  5.7492E-02  8.5424E-01
 -4.0445E-01  4.8634E-02 -1.1044E+00  5.7492E-02  8.5424E-01
 -4.7119E-01  1.7685E-01  1.0586E+00  5.7101E-02  8.7190E-01
  4.8578E-01  1.1862E-01  1.0602E+00  5.7101E-02  8.7190E-01
  1.1280E+00 -1.0514E-01 -3.0105E-01  5.7101E-02  8.7190E-01
  1.1031E+00 -2.8602E-05  3.8186E-01  5.6710E-02  8.9009E-01
 -5.0178E-02 -9.6786E-02 -1.1622E+00  5.6710E-02  8.9009E-01
 -8.6151E-01 -8.5422E-02  7.7580E-01  5.6317E-02  9.0882E-01
  2.5791E-01 -9.8963E-02 -1.1292E+00  5.6317E-02  9.0882E-01
 -1.4490E-01  2.0097E-02 -1.1532E+00  5.6317E-02  9.0882E-01
 -5.2227E-01  5.9765E-02  1.0368E+00  5.6317E-02  9.0882E-01
  1.0363E+00 -3.9160E-02  5.1471E-01  5.5924E-02  9.2814E-01
  4.0315E-01  3.4989E-02  1.0847E+00  5.5924E-02  9.2814E-01
  8.5967E-01  2.6514E-02 -7.7496E-01  5.5924E-02  9.2814E-01
  1.1204E+00 -1.1026E-01  2.6993E-01  5.5924E-02  9.2814E-01
 -9.7885E-01 -1.4781E-01  5.8204E-01  5.5134E-02  9.6859E-01
 -7.9131E-01 -2.3649E-02  8.3188E-01  5.5134E-02  9.6859E-01
 -7.5286E-01 -1.6719E-02  8.6093E-01  5.4738E-02  9.8980E-01
 -1.1366E+00  7.1130E-02 -1.0607E-01  5.4738E-02  9.8980E-01
  1.1310E+00  1.1247E-01 -1.2788E-01  5.4738E-02  9.8980E-01
 -1.1364E+00 -8.2519E-02  1.0056E-01  5.4738E-02  9.8980E-01
  8.4986E-01  1.7989E-01  7.4408E-01  5.4738E-02  9.8980E-01
 -1.1369E+00 -2.2314E-02  6.9901E-02  5.4340E-02  1.0117E+00
 -7.0674E-01  8.5662E-02  8.8947E-01  5.4340E-02  1.0117E+00
  6.9377E-01  1.0577E-01  8.9182E-01  5.3941E-02  1.0343E+00
  9.9353E-01  4.2437E-02 -5.3761E-01  5.3541E-02  1.0577E+00
  1.0766E+00 -1.2844E-01 -3.0447E-01  5.3139E-02  1.0818E+00
 -3.9441E-01 -1.4422E-01  1.0449E+00  5.3139E-02  1.0818E+00
  5.6041E-02 -1.8491E-01 -1.1094E+00  5.3139E-02  1.0818E+00
  8.5779E-01 -6.6445E-02 -7.2660E-01  5.3139E-02  1.0818E+00
 -9.0346E-01  6.4323E-02  6.6917E-01  5.3139E-02  1.0818E+00
 -1.1068E+00  1.7898E-01 -3.9478E-02  5.2736E-02  1.1068E+00
 -4.4304E-02  1.5798E-01 -1.1098E+00  5.2736E-02  1.1068E+00
 -5.5161E-01 -1.0165E-01  9.7159E-01  5.2736E-02  1.1068E+00
 -1.0119E+00 -7.6860E-02  4.6838E-01  5.2331E-02  1.1327E+00
  5.2465E-01  4.0069E-02 -9.8608E-01  5.2331E-02  1.1327E+00
 -6.2814E-01 -1.6600E-01  9.0944E-01  5.2331E-02  1.1327E+00
 -4.6433E-01  1.8178E-01  1.0003E+00  5.2331E-02  1.1327E+00
  1.1023E+00  6.3222E-02  1.7380E-01  5.2331E-02  1.1327E+00
  1.0864E+00  6.0879E-02  2.3679E-01  5.1925E-02  1.1595E+00
 -4.0783E-01  1.2743E-01  1.0283E+00  5.1925E-02  1.1595E+00
 -1.1110E+00 -5.8147E-02 -4.8165E-02  5.1925E-02  1.1595E+00
 -1.8942E-01  6.3689E-02 -1.0955E+00  5.1925E-02  1.1595E+00
 -1.0703E+00  1.8801E-02 -3.0676E-01  5.1925E-02  1.1595E+00
  5.9373E-01 -9.4668E-02 -9.3247E-01  5.1516E-02  1.1873E+00
  5.8744E-01 -8.4151E-02 -9.3272E-01  5.1106E-02  1.2161E+00
 -6.4503E-01  6.3741E-02  8.9555E-01  5.1106E-02  1.2161E+00
  1.4368E-01  1.4525E-01 -1.0865E+00  5.1106E-02  1.2161E+00
  1.2610E-01 -5.9271E-02  1.0967E+00  5.1106E-02  1.2161E+00
 -1.5101E-01  9.8673E-02 -1.0867E+00  5.0694E-02  1.2461E+00
  1.0919E+00 -9.9891E-02  1.0580E-01  5.0694E-02  1.2461E+00
  5.9070E-01 -6.9596E-02  9.2720E-01  5.0694E-02  1.2461E+00
 -6.2304E-01 -1.3138E-01 -8.9417E-01  5.0279E-02  1.2771E+00
 -3.9346E-01  7.9346E-03  1.0247E+00  5.0279E-02  1.2771E+00
  6.3634E-01  1.8383E-01  8.7536E-01  5.0279E-02  1.2771E+00
  1.0843E+00 -2.0164E-02 -1.4362E-01  4.9863E-02  1.3094E+00
 -4.3571E-01  7.1390E-02 -1.0009E+00  4.9863E-02  1.3094E+00
  1.0011E+00  5.0732E-03 -4.4106E-01  4.9863E-02  1.3094E+00
 -5.0292E-01  9.4594E-02 -9.6685E-01  4.9863E-02  1.3094E+00
  2.9860E-01  3.4395E-02  1.0518E+00  4.9863E-02  1.3094E+00
 -9.3477E-01 -1.3772E-01  5.4385E-01  4.9444E-02  1.3430E+00
  1.0722E+00  1.8114E-01  7.8859E-02  4.9444E-02  1.3430E+00
  2.8713E-01  1.3386E-02 -1.0516E+00  4.9444E-02  1.3430E+00
  2.6110E-01  8.9971E-02  1.0546E+00  4.9444E-02  1.3430E+00
  2.4708E-01 -9.9003E-02 -1.0534E+00  4.9022E-02  1.3780E+00
  9.1515E-01 -6.9439E-02  5.8161E-01  4.9022E-02  1.3780E+00
  1.3728E-01  1.6804E-01 -1.0610E+00  4.8597E-02  1.4144E+00
  8.9215E-01 -1.4825E-01 -5.9575E-01  4.8597E-02  1.4144E+00
  9.6073E-01  8.1327E-02  4.9317E-01  4.8597E-02  1.4144E+00
  8.8303E-01  1.5894E-01  6.0648E-01  4.8597E-02  1.4144E+00
  9.5658E-01 -9.3624E-02 -4.9135E-01  4.8170E-02  1.4524E+00
 -9.8304E-01  5.4344E-02  4.3416E-01  4.7739E-02  1.4920E+00
 -1.9034E-01  8.1864E-02  1.0559E+00  4.7739E-02  1.4920E+00
  2.1667E-01  3.7567E-02  1.0533E+00  4.7739E-02  1.4920E+00
 -9.0913E-01 -1.5834E-01  5.5337E-01  4.7739E-02  1.4920E+00
  5.2982E-01 -4.9835E-03  9.3652E-01  4.7739E-02  1.4920E+00
 -8.2558E-01  1.2533E-01 -6.7326E-01  4.7306E-02  1.5334E+00
  8.4532E-01  5.4285E-02 -6.5807E-01  4.7306E-02  1.5334E+00
  4.2712E-01  9.5600E-02  9.7928E-01  4.7306E-02  1.5334E+00
 -8.8971E-01  9.6910E-02 -5.9125E-01  4.7306E-02  1.5334E+00
 -2.2158E-01 -9.0555E-02  1.0456E+00  4.7306E-02  1.5334E+00
  2.1979E-01 -1.2137E-01  1.0428E+00  4.7306E-02  1.5334E+00
  7.7413E-01  1.3359E-03  7.3771E-01  4.6868E-02  1.5768E+00
  7.7769E-01  1.2484E-02 -7.3385E-01  4.6868E-02  1.5768E+00
 -9.8867E-01  1.4642E-01 -3.8024E-01  4.6868E-02  1.5768E+00
 -1.0364E+00  1.2249E-01  2.1777E-01  4.6427E-02  1.6222E+00
  4.0177E-01  1.8594E-01 -9.6985E-01  4.6427E-02  1.6222E+00
  3.3011E-01  1.5245E-01  1.0022E+00  4.6427E-02  1.6222E+00
  8.9347E-01  1.8610E-01  5.5108E-01  4.6427E-02  1.6222E+00
  1.0467E+00  5.2906E-02  1.9559E-01  4.6427E-02  1.6222E+00
  6.4899E-01  7.7273E-03 -8.4578E-01  4.6427E-02  1.6222E+00
 -3.8748E-01 -1.3686E-01  9.8031E-01  4.5982E-02  1.6697E+00
 -1.0518E+00  1.4851E-01 -3.9589E-02  4.5982E-02  1.6697E+00
  7.1819E-01  1.5035E-01 -7.6908E-01  4.5982E-02  1.6697E+00
 -4.0484E-01  6.6425E-02 -9.8060E-01  4.5982E-02  1.6697E+00
  6.0221E-01 -9.8376E-02  8.7037E-01  4.5982E-02  1.6697E+00
 -2.0436E-01 -9.5142E-02 -1.0388E+00  4.5982E-02  1.6697E+00
  7.6079E-01  1.1638E-01 -7.2869E-01  4.5533E-02  1.7196E+00
 -8.4640E-01 -1.5830E-01 -6.1798E-01  4.5533E-02  1.7196E+00
 -1.0524E+00 -2.4694E-02  1.2358E-01  4.5533E-02  1.7196E+00
  9.8565E-01  4.9144E-02 -3.8654E-01  4.5533E-02  1.7196E+00
  8.9942E-01 -1.7842E-01 -5.2553E-01  4.5079E-02  1.7721E+00
 -9.8413E-01  2.4271E-03 -3.7717E-01  4.4620E-02  1.8273E+00
 -5.9336E-01 -7.4607E-03  8.7100E-01  4.4620E-02  1.8273E+00
  1.0054E+00 -3.1294E-02  3.1463E-01  4.4620E-02  1.8273E+00
  1.0494E+00 -2.8378E-02 -9.3073E-02  4.4620E-02  1.8273E+00
  1.0240E+00  1.6524E-01 -1.8658E-01  4.4620E-02  1.8273E+00
 -8.4662E-01  5.1150E-02  6.2562E-01  4.4620E-02  1.8273E+00
  8.6264E-01  3.0417E-02 -6.0473E-01  4.4620E-02  1.8273E+00
 -7.5953E-01 -4.8614E-02  7.2905E-01  4.4620E-02  1.8273E+00
  4.4583E-01  1.0567E-01  9.4595E-01  4.4156E-02  1.8855E+00
 -2.6538E-01  9.5043E-02 -1.0126E+00  4.4156E-02  1.8855E+00
 -8.0174E-01 -9.7194E-02 -6.6833E-01  4.3687E-02  1.9469E+00
  8.5741E-01 -1.1447E-01  5.9215E-01  4.3687E-02  1.9469E+00
 -9.8783E-01  1.5080E-01  3.1676E-01  4.3687E-02  1.9469E+00
 -7.0850E-01  1.7091E-01 -7.5347E-01  4.3687E-02  1.9469E+00
  5.6717E-01 -2.9305E-02  8.7788E-01  4.3212E-02  2.0119E+00
 -1.0076E+00 -5.7643E-02 -2.7301E-01  4.3212E-02  2.0119E+00
 -8.7668E-01  1.2356E-01 -5.5621E-01  4.3212E-02  2.0119E+00
 -7.6278E-01 -6.6203E-02 -7.1204E-01  4.3212E-02  2.0119E+00
  3.7032E-01 -1.5146E-01 -9.6313E-01  4.2730E-02  2.0806E+00
  1.0236E+00  1.3388E-01  1.4807E-01  4.2730E-02  2.0806E+00
  4.6649E-02  8.7952E-02  1.0382E+00  4.2730E-02  2.0806E+00
  9.7548E-01  1.1930E-01  3.4916E-01  4.2730E-02  2.0806E+00
 -5.3844E-01 -3.6666E-02 -8.8944E-01  4.2242E-02  2.1536E+00
  6.5287E-01 -2.4989E-02  8.0963E-01  4.2242E-02  2.1536E+00
  9.6035E-01 -1.7862E-01 -3.5074E-01  4.1747E-02  2.2312E+00
  8.9090E-01 -6.8088E-02  5.2807E-01  4.1747E-02  2.2312E+00
 -3.1538E-01 -1.3909E-01  9.7642E-01  4.1244E-02  2.3138E+00
 -4.1798E-01  1.7632E-01 -9.3081E-01  4.1244E-02  2.3138E+00
 -8.9933E-01 -6.1460E-02 -5.0953E-01  4.1244E-02  2.3138E+00
 -1.0243E+00  1.2286E-01 -5.5956E-02  4.0733E-02  2.4020E+00
  9.1090E-01 -3.0961E-03 -4.8747E-01  4.0733E-02  2.4020E+00
 -5.8799E-01 -7.7873E-02 -8.4315E-01  4.0213E-02  2.4964E+00
  1.1646E-01  2.8908E-02 -1.0239E+00  4.0213E-02  2.4964E+00
 -9.6003E-01  1.8031E-01 -3.2944E-01  4.0213E-02  2.4964E+00
  3.7522E-01 -1.5031E-01 -9.4833E-01  4.0213E-02  2.4964E+00
 -6.3658E-01  5.3040E-02  8.0633E-01  3.9683E-02  2.5977E+00
  9.3009E-01  1.3417E-01  4.1852E-01  3.9683E-02  2.5977E+00
 -7.8209E-01  1.2336E-01  6.5677E-01  3.9683E-02  2.5977E+00
  7.3316E-01  1.0126E-01  7.1143E-01  3.9143E-02  2.7067E+00
 -3.3857E-01 -2.5429E-02  9.6668E-01  3.8592E-02  2.8243E+00
 -9.6787E-01 -1.5910E-01  2.9607E-01  3.8592E-02  2.8243E+00
 -5.9711E-01 -3.9252E-02  8.3166E-01  3.8592E-02  2.8243E+00
 -9.5954E-01 -1.3381E-01 -3.3336E-01  3.8592E-02  2.8243E+00
  4.7302E-01  5.3319E-02 -9.0508E-01  3.8029E-02  2.9517E+00
 -4.8637E-01 -4.5972E-02 -8.9839E-01  3.8029E-02  2.9517E+00
  9.5171E-01 -1.1472E-01 -3.5615E-01  3.8029E-02  2.9517E+00
  8.5227E-01 -1.5216E-01 -5.4077E-01  3.7452E-02  3.0900E+00
 -1.8685E-01  7.8348E-02  1.0004E+00  3.7452E-02  3.0900E+00
 -7.1541E-01 -7.3217E-04 -7.2810E-01  3.7452E-02  3.0900E+00
 -4.0353E-01 -4.5460E-02  9.3456E-01  3.6862E-02  3.2409E+00
  1.0027E+00  1.7007E-01  6.2566E-02  3.6862E-02  3.2409E+00
  9.2358E-01  5.1694E-03 -4.3043E-01  3.6862E-02  3.2409E+00
 -2.5185E-01  1.1614E-01 -9.8050E-01  3.6862E-02  3.2409E+00
 -9.3803E-01  1.2336E-01  3.7378E-01  3.6256E-02  3.4062E+00
  9.6409E-01 -4.5271E-03  3.2455E-01  3.6256E-02  3.4062E+00
 -8.1908E-01 -1.0547E-01  5.9397E-01  3.6256E-02  3.4062E+00
 -8.9685E-01 -1.6283E-01 -4.4794E-01  3.5633E-02  3.5880E+00
 -7.5652E-01 -6.3661E-02  6.7464E-01  3.5633E-02  3.5880E+00
 -5.3605E-01  1.3166E-01  8.5069E-01  3.4991E-02  3.7890E+00
  1.9661E-01  1.3033E-01  9.8626E-01  3.4991E-02  3.7890E+00
 -3.6222E-01  1.3586E-01 -9.3739E-01  3.4991E-02  3.7890E+00
  4.0558E-02  1.4733E-01 -1.0010E+00  3.4329E-02  4.0125E+00
  9.5578E-01  1.2101E-01  3.0726E-01  3.3644E-02  4.2626E+00
 -4.9104E-01  1.0194E-01 -8.7810E-01  3.3644E-02  4.2626E+00
  9.9329E-01  1.5869E-01  1.0373E-01  3.3644E-02  4.2626E+00
 -1.4908E-01 -1.7940E-01  9.8395E-01  3.3644E-02  4.2626E+00
 -1.0655E-01  1.8306E-02  1.0054E+00  3.3644E-02  4.2626E+00
  7.0335E-01  1.1923E-02  7.2462E-01  3.2934E-02  4.5444E+00
 -6.8788E-01 -9.4934E-02 -7.3330E-01  3.2934E-02  4.5444E+00
  4.5528E-01 -8.9509E-02  8.9563E-01  3.2195E-02  4.8645E+00
 -9.6052E-01 -1.1347E-01 -2.8628E-01  3.2195E-02  4.8645E+00
 -7.0734E-01 -7.3967E-03  7.1745E-01  3.1425E-02  5.2312E+00
  8.8448E-01  1.0141E-01 -4.7173E-01  3.1425E-02  5.2312E+00
 -9.1739E-01  1.3468E-01 -3.9144E-01  3.0618E-02  5.6557E+00
 -4.3097E-01  1.8388E-01  8.9075E-01  3.0618E-02  5.6557E+00
 -5.1553E-01 -6.9051E-02  8.6164E-01  3.0618E-02  5.6557E+00
 -6.6310E-01 -1.2876E-01  7.4611E-01  3.0618E-02  5.6557E+00
  9.5182E-01 -1.4830E-01 -2.8814E-01  2.9770E-02  6.1530E+00
  3.7152E-01  2.9668E-02  9.3385E-01  2.9770E-02  6.1530E+00
 -3.8408E-01  2.9506E-02  9.2876E-01  2.9770E-02  6.1530E+00
 -9.9031E-01  1.5342E-01  7.0047E-02  2.8874E-02  6.7438E+00
  8.3513E-01 -1.4910E-01 -5.3805E-01  2.8874E-02  6.7438E+00
  9.1276E-01  5.8794E-02 -4.1542E-01  2.8874E-02  6.7438E+00
 -5.7639E-01 -5.7293E-02 -8.1975E-01  2.7921E-02  7.4574E+00
 -5.3255E-01 -3.5210E-02 -8.5009E-01  2.7921E-02  7.4574E+00
  1.7231E-01  1.8434E-01 -9.7151E-01  2.7921E-02  7.4574E+00
 -9.0196E-01 -1.6174E-01 -4.0784E-01  2.6903E-02  8.3369E+00
 -1.4736E-01  1.5679E-01 -9.7966E-01  2.6903E-02  8.3369E+00
  2.3121E-01  7.9883E-02 -9.7272E-01  2.6903E-02  8.3369E+00
 -8.7237E-01  6.0636E-02 -4.8988E-01  2.5804E-02  9.4481E+00
  6.3794E-01  1.5644E-01  7.5637E-01  2.4606E-02  1.0897E+01
 -1.0842E-01  7.7819E-02 -9.9284E-01  2.4606E-02  1.0897E+01
 -6.7618E-01  1.2379E-02  7.3903E-01  2.4606E-02  1.0897E+01
 -1.4046E-01 -6.5802E-03 -9.9135E-01  2.3280E-02  1.2866E+01
 -3.5708E-01  1.6314E-01 -9.2110E-01  2.3280E-02  1.2866E+01
 -1.6189E-02  6.4857E-02  9.9903E-01  2.3280E-02  1.2866E+01
 -5.9866E-01 -6.6168E-02 -7.9985E-01  2.3280E-02  1.2866E+01
 -2.3598E-01  1.2189E-01  9.6540E-01  2.3280E-02  1.2866E+01
  9.9307E-01  1.1709E-01 -4.2623E-02  2.1787E-02  1.5696E+01
 -9.8211E-01  1.0685E-01 -1.6046E-01  2.1787E-02  1.5696E+01
 -9.3653E-01 -8.1354E-02 -3.4351E-01  2.1787E-02  1.5696E+01
 -9.5784E-01 -1.2455E-01  2.6217E-01  2.1787E-02  1.5696E+01
 -5.0476E-01  1.7417E-03 -8.6386E-01  2.0058E-02  2.0115E+01
 -5.0427E-01 -1.6997E-01  8.4727E-01  2.0058E-02  2.0115E+01
 -9.0367E-01 -5.0853E-03  4.2941E-01  2.0058E-02  2.0115E+01
 -6.4177E-02  1.2721E-01  9.9007E-01  1.7969E-02  2.7981E+01
 -9.3117E-01  1.0496E-01 -3.4992E-01  1.7969E-02  2.7981E+01
 -4.9119E-01 -1.2308E-01 -8.6262E-01  1.7969E-02  2.7981E+01
