0.17995885714286D+02       634
(x,y,z) position of the X-ray source
 -0.4476E+00 -0.9125E-01 -0.1741E+01
x | y | z | R | rho
 -1.0094E+00 -8.7815E-02  9.8330E+00  3.1995E-01  4.9562E-03
 -9.2818E-02 -2.3585E-01  9.6874E+00  3.1563E-01  5.1628E-03
  7.7164E-02 -2.7965E-02  9.5691E+00  3.1291E-01  5.2984E-03
  1.4486E+00  3.5896E-01  9.4400E+00  3.1264E-01  5.3123E-03
 -1.1228E+00 -8.8586E-02  9.3930E+00  3.1046E-01  5.4250E-03
  1.9899E+00  7.3891E-02  8.8641E+00  3.0194E-01  5.8969E-03
 -8.8039E-01  1.0281E-02  8.9208E+00  2.9918E-01  6.0620E-03
  9.3715E-01 -2.6173E-01  8.8747E+00  2.9834E-01  6.1129E-03
 -8.7157E-01  3.5891E-01  8.6595E+00  2.9333E-01  6.4318E-03
  1.4995E+00 -7.3659E-02  8.3478E+00  2.8800E-01  6.7955E-03
  3.9158E-01 -9.5400E-02  8.0870E+00  2.7893E-01  7.4803E-03
  1.0545E+00  1.7821E-02  7.9434E+00  2.7693E-01  7.6435E-03
  1.5499E+00  3.3764E-01  7.8056E+00  2.7579E-01  7.7391E-03
 -1.7817E+00 -2.0903E-01  7.4776E+00  2.6916E-01  8.3247E-03
  1.1032E+00 -3.4537E-01  7.5783E+00  2.6858E-01  8.3786E-03
  3.8332E-02  2.8437E-01  7.6605E+00  2.6858E-01  8.3786E-03
  8.6254E-01 -3.5078E-01  7.5369E+00  2.6684E-01  8.5436E-03
 -1.1723E+00  1.0857E-01  7.2970E+00  2.6189E-01  9.0378E-03
 -5.3964E-01  1.6379E-01  7.1549E+00  2.5660E-01  9.6080E-03
  4.4922E-01  8.8012E-03  7.1035E+00  2.5512E-01  9.7757E-03
 -1.4944E-02  2.1028E-01  7.0551E+00  2.5364E-01  9.9478E-03
 -1.9762E+00  4.4609E-02  6.7635E+00  2.5335E-01  9.9827E-03
  1.9220E+00  2.4868E-01  6.6141E+00  2.4948E-01  1.0454E-02
  1.0796E+00  1.0451E-01  6.6264E+00  2.4500E-01  1.1039E-02
  1.6226E-01  1.4826E-01  6.6755E+00  2.4410E-01  1.1162E-02
  1.0070E+00  1.4520E-01  6.3027E+00  2.3653E-01  1.2266E-02
  1.2813E+00  1.7888E-01  6.2037E+00  2.3532E-01  1.2458E-02
  4.8747E-01 -1.3542E-01  6.2816E+00  2.3440E-01  1.2604E-02
 -1.0417E-01  1.3902E-01  6.0296E+00  2.2734E-01  1.3816E-02
  1.8681E+00 -3.1010E-01  5.6531E+00  2.2548E-01  1.4160E-02
  7.1534E-01 -3.0180E-01  5.8522E+00  2.2393E-01  1.4456E-02
  6.6695E-01 -1.4515E-01  5.7698E+00  2.2145E-01  1.4949E-02
 -7.1919E-01 -1.1381E-01  5.7172E+00  2.2020E-01  1.5204E-02
 -1.7284E+00  3.2008E-02  5.4492E+00  2.1895E-01  1.5466E-02
 -1.6332E+00 -5.1583E-02  5.2354E+00  2.1265E-01  1.6881E-02
  1.8189E+00 -1.7006E-01  5.0606E+00  2.0980E-01  1.7579E-02
 -5.6759E-01  8.7960E-02  5.2566E+00  2.0725E-01  1.8235E-02
 -1.1045E+00 -1.3255E-01  4.9102E+00  2.0019E-01  2.0234E-02
 -1.3546E+00 -2.7498E-01  4.8174E+00  1.9954E-01  2.0432E-02
  1.7945E+00 -5.9397E-02  4.6668E+00  1.9922E-01  2.0531E-02
 -1.3011E+00 -1.3819E-01  4.7785E+00  1.9792E-01  2.0937E-02
  1.2285E+00 -2.1542E-01  4.5232E+00  1.9042E-01  2.3512E-02
 -1.7461E+00 -1.8822E-01  4.3509E+00  1.9042E-01  2.3512E-02
  6.1179E-01 -1.3845E-01  4.5925E+00  1.8877E-01  2.4132E-02
  1.2727E-02  1.5270E-01  4.4063E+00  1.8215E-01  2.6862E-02
  1.1797E+00  1.6652E-01  4.2215E+00  1.8148E-01  2.7159E-02
 -6.1974E-01  2.3729E-01  4.2563E+00  1.7914E-01  2.8237E-02
  1.2353E+00  2.1298E-01  4.0978E+00  1.7847E-01  2.8557E-02
 -1.3504E+00  1.7383E-02  4.0669E+00  1.7847E-01  2.8557E-02
 -4.5012E-01  4.1641E-02  4.2275E+00  1.7746E-01  2.9045E-02
 -3.8786E-01  2.5556E-01  4.2261E+00  1.7746E-01  2.9045E-02
 -8.7683E-01  3.0593E-02  4.1143E+00  1.7612E-01  2.9716E-02
  1.5556E+00  2.2577E-01  3.8659E+00  1.7511E-01  3.0234E-02
 -1.9407E+00  1.2388E-01  3.6545E+00  1.7409E-01  3.0764E-02
 -1.4450E+00 -3.5420E-02  3.8196E+00  1.7240E-01  3.1679E-02
 -1.2341E+00  2.3917E-01  3.8740E+00  1.7206E-01  3.1867E-02
 -1.6128E+00 -2.4224E-01  3.6956E+00  1.7105E-01  3.2439E-02
  1.6737E+00 -1.9184E-02  3.6275E+00  1.6969E-01  3.3225E-02
 -1.8465E+00 -1.2441E-01  3.4653E+00  1.6764E-01  3.4457E-02
  1.4351E+00  3.9953E-02  3.6449E+00  1.6730E-01  3.4669E-02
  1.8820E+00 -4.2919E-02  3.4229E+00  1.6695E-01  3.4882E-02
  8.6191E-01  4.3964E-02  3.8099E+00  1.6695E-01  3.4882E-02
 -8.2765E-01 -9.7175E-02  3.7599E+00  1.6524E-01  3.5979E-02
 -7.9662E-01  1.3228E-01  3.7543E+00  1.6490E-01  3.6204E-02
 -6.8811E-01 -7.8935E-02  3.7436E+00  1.6387E-01  3.6891E-02
  1.4843E+00  7.4229E-03  3.4939E+00  1.6352E-01  3.7125E-02
  5.6732E-01 -4.6113E-03  3.7090E+00  1.6215E-01  3.8079E-02
  1.9052E+00  1.4052E-01  3.2294E+00  1.6215E-01  3.8079E-02
 -6.0349E-01  2.1003E-01  3.6306E+00  1.6007E-01  3.9579E-02
 -1.2484E+00 -1.1057E-01  3.4436E+00  1.5938E-01  4.0097E-02
  4.8259E-01 -9.0020E-02  3.5764E+00  1.5764E-01  4.1436E-02
 -9.0496E-01  1.8768E-01  3.3996E+00  1.5486E-01  4.3715E-02
 -8.6941E-01 -6.9772E-02  3.4133E+00  1.5486E-01  4.3715E-02
  3.0289E-02 -1.7793E-01  3.5075E+00  1.5451E-01  4.4012E-02
 -5.7650E-02  6.5611E-02  3.5110E+00  1.5451E-01  4.4012E-02
 -1.0902E+00  2.2833E-01  3.3194E+00  1.5416E-01  4.4312E-02
 -1.9299E-01  8.6025E-02  3.4732E+00  1.5346E-01  4.4921E-02
  4.8065E-01 -3.3848E-02  3.4352E+00  1.5311E-01  4.5230E-02
 -1.7731E+00  8.5553E-02  2.8919E+00  1.5065E-01  4.7481E-02
 -8.3653E-01  2.6099E-02  3.2219E+00  1.4853E-01  4.9538E-02
 -3.1572E-01  1.0900E-01  3.2905E+00  1.4783E-01  5.0252E-02
 -1.2233E+00  5.5037E-02  3.0033E+00  1.4570E-01  5.2483E-02
  1.5286E+00 -1.7229E-01  2.8311E+00  1.4499E-01  5.3258E-02
 -1.4044E+00  1.3507E-01  2.8848E+00  1.4464E-01  5.3651E-02
 -1.0285E+00 -7.9561E-02  3.0075E+00  1.4357E-01  5.4857E-02
 -1.8226E+00 -1.2207E-01  2.5113E+00  1.4107E-01  5.7823E-02
  2.4289E-01 -1.8633E-01  3.0903E+00  1.4107E-01  5.7823E-02
 -1.3247E+00  2.0909E-02  2.7619E+00  1.3964E-01  5.9620E-02
 -9.9500E-01 -2.0826E-01  2.8674E+00  1.3892E-01  6.0548E-02
 -2.1000E-01  5.6742E-02  2.9192E+00  1.3496E-01  6.6036E-02
  1.5295E+00  5.1113E-03  2.3491E+00  1.3061E-01  7.2853E-02
 -1.6767E+00 -1.1220E-01  2.2308E+00  1.3025E-01  7.3466E-02
  8.3285E-01 -9.3714E-02  2.6642E+00  1.3025E-01  7.3466E-02
 -9.1162E-01 -2.0122E-01  2.6105E+00  1.2952E-01  7.4711E-02
  1.0382E-01 -2.1163E-01  2.7521E+00  1.2916E-01  7.5345E-02
  1.5149E+00  1.8133E-01  2.2534E+00  1.2770E-01  7.7958E-02
 -6.6060E-01  1.2727E-01  2.6158E+00  1.2697E-01  7.9312E-02
  6.6161E-01  1.7829E-01  2.6020E+00  1.2660E-01  8.0001E-02
  2.6560E-01  2.5656E-02  2.6775E+00  1.2660E-01  8.0001E-02
  1.8987E+00  1.0252E-01 -1.8461E+00  1.2514E-01  8.2844E-02
 -9.8200E-02 -8.9367E-02  2.6368E+00  1.2477E-01  8.3577E-02
  4.8809E-02  2.4637E-02  2.6395E+00  1.2477E-01  8.3577E-02
  1.9093E+00  1.0471E-01 -1.7762E+00  1.2367E-01  8.5829E-02
  1.9263E+00  1.2882E-02 -1.7459E+00  1.2330E-01  8.6599E-02
 -9.4694E-01  1.1413E-02  2.3996E+00  1.2256E-01  8.8168E-02
 -1.0832E+00 -1.8220E-01  2.3341E+00  1.2256E-01  8.8168E-02
 -2.0919E-01  1.5625E-01  2.5262E+00  1.2109E-01  9.1425E-02
  1.1662E-01  1.1841E-01  2.4943E+00  1.1961E-01  9.4853E-02
  8.1298E-01  5.0864E-02  2.3320E+00  1.1851E-01  9.7542E-02
 -1.6325E+00 -1.8793E-01 -1.8310E+00  1.1814E-01  9.8461E-02
 -1.8678E+00  2.9348E-02  1.6010E+00  1.1814E-01  9.8461E-02
 -1.6109E+00  1.4455E-01  1.8145E+00  1.1702E-01  1.0129E-01
  7.5900E-02  1.2352E-02  2.4295E+00  1.1702E-01  1.0129E-01
  1.8235E+00  5.8615E-05 -1.5923E+00  1.1665E-01  1.0226E-01
  1.3779E+00  4.6367E-02  1.9899E+00  1.1665E-01  1.0226E-01
  9.7027E-02  8.6819E-02  2.4075E+00  1.1628E-01  1.0324E-01
  1.9163E+00  8.9598E-02  1.3949E+00  1.1480E-01  1.0731E-01
  1.4432E+00 -2.0601E-01  1.8463E+00  1.1405E-01  1.0942E-01
  1.1433E+00 -2.3092E-02  2.0447E+00  1.1368E-01  1.1050E-01
 -1.8971E+00  7.4177E-02  1.3560E+00  1.1331E-01  1.1159E-01
  5.2731E-01 -5.7886E-02  2.2422E+00  1.1219E-01  1.1496E-01
 -1.7250E+00 -1.0433E-01  1.5239E+00  1.1219E-01  1.1496E-01
 -8.5586E-01 -1.5370E-01  2.1129E+00  1.1144E-01  1.1729E-01
 -1.6034E+00  1.4253E-01 -1.6215E+00  1.1144E-01  1.1729E-01
  1.4023E+00  1.7887E-01 -1.7950E+00  1.1144E-01  1.1729E-01
 -2.3244E-01  1.3951E-02  2.2536E+00  1.1070E-01  1.1968E-01
 -1.4761E+00  7.2507E-03  1.7188E+00  1.1070E-01  1.1968E-01
  7.6619E-01 -1.2920E-01  2.1180E+00  1.1032E-01  1.2090E-01
  1.6853E+00 -1.1224E-01  1.4521E+00  1.0920E-01  1.2466E-01
 -1.2312E+00 -2.9834E-02  1.8560E+00  1.0920E-01  1.2466E-01
 -1.0340E-01 -1.1418E-01  2.1841E+00  1.0770E-01  1.2994E-01
  3.4941E-02  4.9902E-02  2.1604E+00  1.0658E-01  1.3410E-01
 -1.1357E+00  1.5815E-01  1.8209E+00  1.0620E-01  1.3553E-01
  1.8313E-01  1.9921E-01  2.1253E+00  1.0582E-01  1.3698E-01
  1.3286E+00  2.9719E-02 -1.6805E+00  1.0582E-01  1.3698E-01
  1.5264E+00  1.0382E-01  1.4865E+00  1.0545E-01  1.3845E-01
 -1.8003E+00 -1.0754E-01 -1.1391E+00  1.0545E-01  1.3845E-01
  1.8540E+00  5.8319E-02 -1.0534E+00  1.0545E-01  1.3845E-01
 -1.5951E+00  1.8826E-01 -1.3896E+00  1.0507E-01  1.3994E-01
  8.5851E-01  2.6436E-02  1.9322E+00  1.0470E-01  1.4145E-01
  1.6620E+00  3.5820E-02  1.3067E+00  1.0470E-01  1.4145E-01
  9.8940E-01 -4.9923E-02  1.8681E+00  1.0470E-01  1.4145E-01
  1.2169E+00  1.6404E-01  1.7100E+00  1.0432E-01  1.4299E-01
 -1.9111E+00 -1.3137E-01 -8.5040E-01  1.0394E-01  1.4454E-01
  8.6689E-01 -4.9383E-02  1.8974E+00  1.0357E-01  1.4613E-01
  9.6048E-01 -7.4637E-03  1.8524E+00  1.0357E-01  1.4613E-01
 -1.7778E+00 -1.0208E-01  1.0877E+00  1.0357E-01  1.4613E-01
 -1.8797E+00 -1.1026E-01  8.7762E-01  1.0319E-01  1.4773E-01
 -8.6264E-01 -1.8865E-01  1.8804E+00  1.0319E-01  1.4773E-01
  1.8013E+00 -5.4794E-02 -1.0334E+00  1.0319E-01  1.4773E-01
 -1.7742E+00  7.5904E-02 -1.0421E+00  1.0244E-01  1.5102E-01
  1.8799E-03 -1.6301E-01  2.0525E+00  1.0244E-01  1.5102E-01
  1.1691E+00 -1.6926E-01 -1.6752E+00  1.0206E-01  1.5269E-01
 -1.5104E+00  1.2834E-01  1.3798E+00  1.0206E-01  1.5269E-01
  8.2022E-01  1.7781E-01 -1.8601E+00  1.0168E-01  1.5440E-01
 -1.6752E+00  3.9263E-02 -1.1486E+00  1.0131E-01  1.5613E-01
 -1.8012E+00 -9.2525E-02 -9.3503E-01  1.0131E-01  1.5613E-01
 -1.7987E+00  3.6902E-02 -9.2382E-01  1.0093E-01  1.5789E-01
 -1.7477E+00  1.4032E-01 -1.0078E+00  1.0093E-01  1.5789E-01
 -1.4389E+00  1.8840E-01  1.3823E+00  1.0017E-01  1.6148E-01
  1.5948E+00 -7.7142E-02  1.1964E+00  9.9797E-02  1.6332E-01
 -3.7745E-01 -6.6653E-02  1.9580E+00  9.9797E-02  1.6332E-01
  7.2355E-01  1.5179E-02 -1.8495E+00  9.9419E-02  1.6519E-01
  2.0043E-01 -5.1942E-02  1.9662E+00  9.9041E-02  1.6709E-01
 -1.1063E+00  5.0391E-03  1.6277E+00  9.8663E-02  1.6902E-01
 -1.4532E+00  3.5278E-02 -1.3268E+00  9.8663E-02  1.6902E-01
 -1.1266E+00  6.0339E-02  1.5906E+00  9.7907E-02  1.7297E-01
 -1.2278E+00 -3.5773E-03  1.5151E+00  9.7907E-02  1.7297E-01
 -1.3312E+00  1.8192E-01  1.4135E+00  9.7907E-02  1.7297E-01
 -1.7181E+00 -6.6980E-02  9.0107E-01  9.7529E-02  1.7499E-01
  1.2657E+00 -1.6390E-01  1.4509E+00  9.7150E-02  1.7704E-01
 -1.9047E+00 -4.9897E-02  2.6278E-01  9.6772E-02  1.7912E-01
  1.8543E+00 -8.5901E-02 -4.6841E-01  9.6393E-02  1.8124E-01
 -1.1767E+00  7.9820E-02  1.5081E+00  9.6393E-02  1.8124E-01
  1.1342E+00  1.2226E-01 -1.5375E+00  9.6393E-02  1.8124E-01
 -1.7701E+00  1.0305E-01 -7.2206E-01  9.6393E-02  1.8124E-01
  1.0561E+00 -1.3998E-01 -1.5694E+00  9.5636E-02  1.8558E-01
  1.8839E+00  7.4024E-02 -2.0824E-01  9.5636E-02  1.8558E-01
  1.8582E+00 -8.7382E-02  3.2265E-01  9.5257E-02  1.8781E-01
 -1.0369E+00 -6.7847E-02  1.5764E+00  9.5257E-02  1.8781E-01
  8.7750E-01 -5.2057E-02  1.6709E+00  9.5257E-02  1.8781E-01
 -1.8760E+00 -5.0883E-02  2.0697E-01  9.5257E-02  1.8781E-01
 -3.2605E-01 -1.5465E-01  1.8443E+00  9.4878E-02  1.9007E-01
  1.7519E+00 -4.1549E-02 -6.7889E-01  9.4878E-02  1.9007E-01
  1.7341E+00 -2.9183E-03 -7.2421E-01  9.4878E-02  1.9007E-01
 -7.6295E-01  1.5109E-01 -1.7011E+00  9.4499E-02  1.9236E-01
 -1.8214E+00 -1.3027E-01 -3.6279E-01  9.4120E-02  1.9470E-01
 -5.9520E-01  1.6502E-01 -1.7471E+00  9.3741E-02  1.9707E-01
 -9.8278E-01  6.6957E-02 -1.5696E+00  9.3741E-02  1.9707E-01
 -1.7629E+00  9.3997E-02 -5.6310E-01  9.3741E-02  1.9707E-01
  1.7975E+00  1.6977E-01 -3.7661E-01  9.3361E-02  1.9948E-01
 -1.5110E+00 -1.3047E-01  1.0343E+00  9.2982E-02  2.0193E-01
  8.1288E-01 -1.1982E-02 -1.6459E+00  9.2982E-02  2.0193E-01
 -6.9717E-01  1.4778E-01  1.6917E+00  9.2982E-02  2.0193E-01
  1.6998E+00  2.6083E-02  6.6944E-01  9.2603E-02  2.0443E-01
 -1.8229E+00 -1.2419E-01  1.8536E-03  9.2603E-02  2.0443E-01
  1.5412E+00 -9.2638E-03  9.8118E-01  9.2603E-02  2.0443E-01
 -1.7860E+00 -6.6103E-02  3.3576E-01  9.2223E-02  2.0696E-01
 -1.4395E+00  1.8533E-01  1.0814E+00  9.1844E-02  2.0954E-01
 -1.3787E+00  5.0379E-02 -1.1714E+00  9.1844E-02  2.0954E-01
  1.6350E+00 -4.4710E-02  7.7485E-01  9.1844E-02  2.0954E-01
  5.6510E-01  1.8072E-01 -1.7099E+00  9.1844E-02  2.0954E-01
  1.6796E+00 -6.1235E-02 -6.4800E-01  9.1464E-02  2.1216E-01
 -6.7502E-01 -4.6401E-02 -1.6602E+00  9.1084E-02  2.1482E-01
  8.3331E-01 -1.0302E-01 -1.5840E+00  9.1084E-02  2.1482E-01
 -3.5223E-01 -1.0459E-01 -1.7460E+00  9.0704E-02  2.1753E-01
  1.6464E+00  1.6152E-01 -6.6858E-01  9.0704E-02  2.1753E-01
  1.1628E+00 -4.1418E-02 -1.3415E+00  9.0325E-02  2.2029E-01
 -1.4957E+00 -3.4019E-02  9.5671E-01  9.0325E-02  2.2029E-01
  1.2042E+00  1.2666E-01  1.2758E+00  8.9565E-02  2.2594E-01
  1.3810E-02  1.8573E-01 -1.7406E+00  8.9185E-02  2.2884E-01
 -2.4905E-01  1.8044E-01 -1.7233E+00  8.9185E-02  2.2884E-01
 -1.6678E+00  1.5727E-01 -5.0793E-01  8.9185E-02  2.2884E-01
  4.4030E-01 -1.3571E-02  1.6855E+00  8.8805E-02  2.3179E-01
  1.1660E+00 -8.7147E-02 -1.2915E+00  8.8805E-02  2.3179E-01
 -1.6489E+00 -3.0213E-02  5.3498E-01  8.8425E-02  2.3479E-01
  7.4151E-01  1.5895E-01 -1.5499E+00  8.8044E-02  2.3785E-01
 -1.5948E+00 -1.1455E-01  6.4864E-01  8.8044E-02  2.3785E-01
 -1.2954E+00 -1.0062E-01  1.1353E+00  8.8044E-02  2.3785E-01
 -1.2490E+00 -7.3580E-02  1.1881E+00  8.8044E-02  2.3785E-01
  1.6526E+00 -4.4368E-02  4.9392E-01  8.8044E-02  2.3785E-01
 -1.2726E+00 -4.5239E-02 -1.1643E+00  8.8044E-02  2.3785E-01
  1.4885E+00 -1.5289E-01  8.4231E-01  8.7664E-02  2.4095E-01
 -1.1241E+00 -6.8657E-02 -1.2962E+00  8.7664E-02  2.4095E-01
 -1.4227E-01 -2.2172E-02  1.7111E+00  8.7664E-02  2.4095E-01
  1.1001E+00 -1.3019E-01 -1.3012E+00  8.7284E-02  2.4412E-01
  1.3930E+00 -1.1749E-01 -9.6848E-01  8.6904E-02  2.4734E-01
  1.1404E+00 -1.4862E-02 -1.2615E+00  8.6904E-02  2.4734E-01
 -1.6830E+00 -6.1432E-02 -2.3372E-02  8.6143E-02  2.5395E-01
 -1.6510E+00 -1.4721E-02 -3.3261E-01  8.6143E-02  2.5395E-01
 -1.0332E+00  1.0227E-01  1.3261E+00  8.6143E-02  2.5395E-01
 -1.3569E+00 -1.2283E-01  9.9012E-01  8.6143E-02  2.5395E-01
  7.1466E-01  1.7014E-01  1.5065E+00  8.5763E-02  2.5734E-01
 -1.2704E+00 -1.0716E-01  1.0881E+00  8.5763E-02  2.5734E-01
 -1.1929E+00 -1.7990E-01  1.1518E+00  8.5382E-02  2.6079E-01
  1.3862E+00 -4.5941E-02  9.1181E-01  8.5002E-02  2.6431E-01
  3.8997E-02  6.9431E-02  1.6418E+00  8.4241E-02  2.7154E-01
 -1.5457E+00  8.6541E-03 -5.5911E-01  8.4241E-02  2.7154E-01
 -1.5852E+00  3.5642E-02  4.0181E-01  8.3861E-02  2.7525E-01
 -1.3133E+00 -1.0372E-01  9.6959E-01  8.3861E-02  2.7525E-01
  8.4666E-01 -1.5007E-01 -1.3915E+00  8.3861E-02  2.7525E-01
  1.1589E+00 -1.0177E-01  1.1386E+00  8.3480E-02  2.7903E-01
 -1.4850E+00 -3.3919E-02  6.4601E-01  8.3100E-02  2.8288E-01
  1.0324E+00 -1.5358E-01  1.2283E+00  8.2719E-02  2.8681E-01
  1.1313E+00 -1.7286E-02 -1.1481E+00  8.2719E-02  2.8681E-01
  3.1860E-01 -9.4030E-03 -1.5801E+00  8.2719E-02  2.8681E-01
  6.7651E-01 -9.2078E-02 -1.4515E+00  8.2338E-02  2.9080E-01
 -9.6231E-01 -6.0423E-02 -1.2720E+00  8.1958E-02  2.9487E-01
 -1.2061E+00  1.5311E-01  1.0343E+00  8.1958E-02  2.9487E-01
 -1.0668E+00 -1.3021E-01  1.1801E+00  8.1958E-02  2.9487E-01
  9.6422E-01  8.4267E-02  1.2594E+00  8.1577E-02  2.9902E-01
 -1.2915E+00 -1.3790E-01  9.1429E-01  8.1577E-02  2.9902E-01
  5.2119E-01  1.5688E-01  1.4922E+00  8.1577E-02  2.9902E-01
 -1.3222E+00  5.7938E-02  8.6412E-01  8.1197E-02  3.0324E-01
  1.5617E+00  9.8132E-02 -1.5942E-01  8.0816E-02  3.0755E-01
 -1.3781E+00 -8.1656E-02  7.5362E-01  8.0816E-02  3.0755E-01
 -1.5117E+00  1.6960E-01 -3.6833E-01  8.0435E-02  3.1193E-01
 -3.5180E-01 -2.9416E-02 -1.5248E+00  8.0435E-02  3.1193E-01
  6.2142E-01 -1.5950E-01  1.4276E+00  8.0435E-02  3.1193E-01
 -1.4658E+00 -1.8517E-01 -5.1639E-01  8.0435E-02  3.1193E-01
 -6.1810E-01  2.9670E-02  1.4376E+00  8.0435E-02  3.1193E-01
  8.8798E-01 -3.9814E-02 -1.2882E+00  8.0435E-02  3.1193E-01
 -1.1546E+00 -3.9364E-02 -1.0445E+00  8.0055E-02  3.1640E-01
 -6.5644E-01  9.5419E-02  1.4091E+00  8.0055E-02  3.1640E-01
  6.4991E-01  1.1598E-01 -1.3937E+00  7.9293E-02  3.2561E-01
  1.1213E+00 -6.6180E-02  1.0567E+00  7.9293E-02  3.2561E-01
 -4.7856E-01  8.1453E-02 -1.4558E+00  7.8913E-02  3.3034E-01
  1.4857E+00  1.3272E-01  3.6075E-01  7.8913E-02  3.3034E-01
 -1.2435E+00 -4.3584E-02 -8.9812E-01  7.8913E-02  3.3034E-01
  6.3816E-01 -6.3922E-02 -1.3858E+00  7.8532E-02  3.3517E-01
 -4.1823E-02 -6.4965E-02 -1.5251E+00  7.8532E-02  3.3517E-01
  7.4234E-02  1.5902E-01 -1.5093E+00  7.8152E-02  3.4009E-01
  5.0371E-01 -1.7742E-02 -1.4256E+00  7.7771E-02  3.4511E-01
 -2.6508E-01 -1.7859E-04  1.4886E+00  7.7771E-02  3.4511E-01
 -1.5458E-01 -1.6627E-01  1.4949E+00  7.7771E-02  3.4511E-01
  1.5039E+00  3.1035E-02  3.5087E-02  7.7390E-02  3.5022E-01
 -2.6840E-01  6.2433E-02 -1.4792E+00  7.7390E-02  3.5022E-01
 -7.9899E-01  6.2981E-02  1.2646E+00  7.7010E-02  3.5544E-01
 -1.4590E+00  7.1550E-02  3.2839E-01  7.7010E-02  3.5544E-01
 -1.4950E+00 -7.7509E-02 -2.2862E-02  7.7010E-02  3.5544E-01
  2.7752E-01 -6.9524E-02 -1.4696E+00  7.7010E-02  3.5544E-01
 -7.8309E-01 -1.8317E-02  1.2673E+00  7.6629E-02  3.6076E-01
 -1.1268E+00 -8.3836E-03  9.7456E-01  7.6629E-02  3.6076E-01
  1.4794E+00 -2.8696E-02  1.7357E-01  7.6629E-02  3.6076E-01
  1.5276E-02  2.2309E-02  1.4896E+00  7.6629E-02  3.6076E-01
 -1.3117E+00  1.6192E-01  6.7165E-01  7.6248E-02  3.6619E-01
  4.6624E-01  1.2806E-01  1.4014E+00  7.6248E-02  3.6619E-01
 -1.8225E-01  5.1300E-02 -1.4704E+00  7.6248E-02  3.6619E-01
  1.0306E+00  1.1635E-01 -1.0491E+00  7.5868E-02  3.7173E-01
  1.4601E+00  1.7376E-01 -1.1887E-01  7.5868E-02  3.7173E-01
 -1.4496E+00  1.4338E-01 -2.3284E-01  7.5868E-02  3.7173E-01
  8.6649E-01 -1.5834E-01  1.1834E+00  7.5868E-02  3.7173E-01
  7.0701E-01 -5.8671E-02 -1.2851E+00  7.5487E-02  3.7739E-01
  7.4509E-02 -6.8008E-02 -1.4645E+00  7.5487E-02  3.7739E-01
 -1.2815E+00 -1.1789E-02  7.0104E-01  7.5106E-02  3.8315E-01
 -1.4399E+00 -1.5083E-01 -1.2901E-01  7.4726E-02  3.8904E-01
  1.4078E+00 -1.5647E-01 -2.9253E-01  7.4345E-02  3.9504E-01
  2.6685E-01  2.8685E-02  1.4213E+00  7.4345E-02  3.9504E-01
 -5.9967E-01 -6.7384E-02 -1.3145E+00  7.4345E-02  3.9504E-01
 -1.2028E+00 -9.0986E-02  7.9824E-01  7.4345E-02  3.9504E-01
 -1.4228E+00 -8.1518E-03 -2.1714E-01  7.3965E-02  4.0117E-01
 -1.0530E+00  3.4463E-02 -9.8061E-01  7.3965E-02  4.0117E-01
 -1.4273E+00  6.3644E-02 -1.0051E-01  7.3584E-02  4.0743E-01
  1.1444E-01  8.0790E-02 -1.4183E+00  7.3203E-02  4.1382E-01
 -6.6116E-01 -1.2704E-01  1.2562E+00  7.3203E-02  4.1382E-01
  1.1421E+00 -1.3348E-01 -8.3023E-01  7.2822E-02  4.2035E-01
 -5.2365E-01 -1.2423E-01 -1.3047E+00  7.2442E-02  4.2701E-01
 -9.0567E-01 -1.4868E-01 -1.0721E+00  7.2442E-02  4.2701E-01
 -1.3250E+00 -9.6030E-02  4.5555E-01  7.2061E-02  4.3381E-01
  1.4031E+00 -4.7492E-03  6.0342E-02  7.2061E-02  4.3381E-01
  1.3551E+00  3.7438E-02 -3.6707E-01  7.2061E-02  4.3381E-01
 -2.3489E-01 -1.7345E-02  1.3845E+00  7.2061E-02  4.3381E-01
  2.0527E-01  1.0301E-01  1.3785E+00  7.1680E-02  4.4076E-01
  1.3373E+00  1.5694E-01  3.7426E-01  7.1680E-02  4.4076E-01
 -4.7974E-02  1.5259E-01 -1.3884E+00  7.1680E-02  4.4076E-01
  1.2064E+00  7.7127E-02 -7.0129E-01  7.1680E-02  4.4076E-01
 -8.9207E-01 -1.8522E-01  1.0597E+00  7.1680E-02  4.4076E-01
 -1.3665E+00 -1.5574E-01 -2.0622E-01  7.1300E-02  4.4786E-01
  7.0883E-01  1.3593E-01 -1.1888E+00  7.1300E-02  4.4786E-01
  1.2249E+00 -7.0247E-02 -6.5492E-01  7.1300E-02  4.4786E-01
  9.6026E-01  5.7393E-02  9.9496E-01  7.0919E-02  4.5511E-01
  1.3728E+00  2.9986E-04 -1.7529E-01  7.0919E-02  4.5511E-01
  1.3527E+00  1.7063E-01  1.9475E-01  7.0538E-02  4.6253E-01
 -9.1290E-02  1.6340E-01  1.3577E+00  7.0157E-02  4.7010E-01
 -3.8012E-01  7.2488E-02  1.3079E+00  6.9776E-02  4.7784E-01
  1.2135E+00  6.2132E-02  6.0483E-01  6.9395E-02  4.8575E-01
 -1.3297E+00  1.7860E-01 -1.5649E-01  6.9014E-02  4.9384E-01
  1.1813E+00 -8.4256E-02 -6.4957E-01  6.9014E-02  4.9384E-01
 -7.8816E-01  7.6244E-02  1.0943E+00  6.9014E-02  4.9384E-01
  3.8258E-01 -3.4767E-02  1.2814E+00  6.8252E-02  5.1057E-01
 -1.6037E-01  1.4245E-01  1.3140E+00  6.7871E-02  5.1923E-01
 -5.7945E-01 -1.3637E-01  1.1837E+00  6.7489E-02  5.2808E-01
  1.2624E+00 -1.8629E-01  3.5678E-01  6.7489E-02  5.2808E-01
 -1.1910E+00 -1.6033E-01 -5.4293E-01  6.7108E-02  5.3713E-01
 -1.2675E+00  8.2781E-02  3.5420E-01  6.7108E-02  5.3713E-01
 -1.3027E+00 -1.8359E-01 -9.0288E-02  6.7108E-02  5.3713E-01
 -1.2798E+00  1.2967E-01 -2.9005E-01  6.7108E-02  5.3713E-01
  6.1284E-01 -1.4882E-01  1.1509E+00  6.6726E-02  5.4640E-01
  2.2927E-01 -1.7694E-01  1.2800E+00  6.6726E-02  5.4640E-01
 -3.8291E-02 -1.5585E-01 -1.2963E+00  6.6345E-02  5.5588E-01
  1.2475E+00 -1.3360E-01 -3.6325E-01  6.6345E-02  5.5588E-01
  4.4893E-01 -1.0931E-01 -1.2217E+00  6.6345E-02  5.5588E-01
  1.0040E+00 -1.5375E-01  8.2118E-01  6.6345E-02  5.5588E-01
 -1.2523E+00  4.1388E-02 -3.4642E-01  6.5963E-02  5.6559E-01
 -6.5456E-01  3.7862E-02  1.1225E+00  6.5963E-02  5.6559E-01
 -4.8756E-01  6.6224E-02 -1.2033E+00  6.5963E-02  5.6559E-01
  5.1968E-01  1.3998E-01 -1.1833E+00  6.5963E-02  5.6559E-01
  1.0250E+00  4.8656E-02 -7.8807E-01  6.5581E-02  5.7553E-01
 -4.4048E-01 -2.3428E-02  1.2163E+00  6.5581E-02  5.7553E-01
  5.8834E-01 -3.9337E-02 -1.1448E+00  6.5199E-02  5.8571E-01
 -8.4299E-01 -1.6388E-01  9.5149E-01  6.4817E-02  5.9614E-01
 -1.2746E+00  1.0672E-01  8.1836E-02  6.4817E-02  5.9614E-01
 -8.8922E-01 -1.4586E-01 -9.0307E-01  6.4434E-02  6.0681E-01
  5.0666E-01 -1.0031E-02 -1.1643E+00  6.4051E-02  6.1776E-01
 -1.1377E+00  1.7920E-01 -5.3465E-01  6.4051E-02  6.1776E-01
  1.0877E+00 -3.2847E-02 -6.4297E-01  6.3669E-02  6.2897E-01
  1.2323E+00 -8.8858E-02  2.6635E-01  6.3669E-02  6.2897E-01
 -5.1516E-01 -3.9192E-02  1.1535E+00  6.3669E-02  6.2897E-01
 -4.5776E-01  1.8812E-02 -1.1717E+00  6.3285E-02  6.4046E-01
 -1.1406E+00  1.8069E-01 -4.9908E-01  6.3285E-02  6.4046E-01
 -1.0588E+00  4.9045E-02 -6.7782E-01  6.3285E-02  6.4046E-01
 -7.4032E-01 -1.6870E-01 -9.9586E-01  6.2902E-02  6.5224E-01
  5.1913E-01  1.2546E-02 -1.1333E+00  6.2518E-02  6.6433E-01
 -2.9792E-01  2.8878E-02 -1.2101E+00  6.2518E-02  6.6433E-01
 -1.2401E+00 -1.2674E-01  6.5364E-03  6.2518E-02  6.6433E-01
 -1.1696E+00  1.6079E-01  3.8202E-01  6.2134E-02  6.7672E-01
  1.2385E+00 -7.6650E-02  1.1814E-02  6.2134E-02  6.7672E-01
  7.6778E-01 -1.3509E-01  9.6547E-01  6.2134E-02  6.7672E-01
  7.4442E-01 -1.3864E-01 -9.7599E-01  6.1750E-02  6.8943E-01
 -1.1397E+00  1.2009E-02 -4.7621E-01  6.1750E-02  6.8943E-01
  7.7010E-01  1.4786E-01 -9.5447E-01  6.1750E-02  6.8943E-01
 -1.1258E+00 -9.1053E-02  5.0019E-01  6.1750E-02  6.8943E-01
 -9.4420E-01 -1.0843E-01  7.8035E-01  6.1365E-02  7.0248E-01
 -1.2170E+00 -1.6632E-01  5.8888E-02  6.1365E-02  7.0248E-01
 -1.1264E+00  1.7717E-01 -4.6044E-01  6.1365E-02  7.0248E-01
  1.2083E+00  1.0598E-01  1.6554E-01  6.0980E-02  7.1587E-01
 -1.1610E-01 -1.5752E-01 -1.2029E+00  6.0595E-02  7.2962E-01
  2.6652E-02  1.6619E-01 -1.2071E+00  6.0595E-02  7.2962E-01
  6.9953E-01 -1.5170E-01 -9.8641E-01  6.0595E-02  7.2962E-01
 -1.1664E+00  9.3567E-02  3.2080E-01  6.0209E-02  7.4374E-01
  1.2083E+00  9.8120E-02 -5.1693E-02  6.0209E-02  7.4374E-01
 -1.0922E+00 -1.7856E-01  4.9751E-01  6.0209E-02  7.4374E-01
  8.4063E-01  4.0756E-02  8.7402E-01  6.0209E-02  7.4374E-01
  3.3202E-01  2.3674E-02 -1.1668E+00  6.0209E-02  7.4374E-01
 -1.1990E+00  1.1654E-01  9.0407E-02  5.9822E-02  7.5825E-01
 -2.4616E-01 -1.6226E-01 -1.1715E+00  5.9822E-02  7.5825E-01
 -1.1906E+00  5.0205E-02  1.6267E-01  5.9436E-02  7.7315E-01
  1.5545E-01  3.3961E-02  1.1921E+00  5.9436E-02  7.7315E-01
  5.1351E-01 -1.4363E-01  1.0781E+00  5.9436E-02  7.7315E-01
  7.8048E-01  3.7772E-02  9.0741E-01  5.9048E-02  7.8847E-01
 -1.1881E+00  1.3738E-01  5.9321E-02  5.9048E-02  7.8847E-01
  1.0160E+00  1.2651E-02  6.3366E-01  5.9048E-02  7.8847E-01
  1.9579E-02  6.2386E-02 -1.1905E+00  5.8660E-02  8.0422E-01
 -1.3012E-01 -4.7781E-02 -1.1842E+00  5.8660E-02  8.0422E-01
  1.1821E+00 -2.5539E-02 -1.0622E-01  5.8271E-02  8.2042E-01
  1.1105E+00 -9.1194E-02  3.9483E-01  5.7882E-02  8.3709E-01
  1.1771E+00  9.8828E-03  6.5383E-03  5.7492E-02  8.5424E-01
  1.0067E+00  8.1615E-02 -5.9487E-01  5.7101E-02  8.7190E-01
  1.0573E+00 -7.8886E-02  4.9981E-01  5.7101E-02  8.7190E-01
 -5.2262E-01  3.2477E-02 -1.0433E+00  5.6710E-02  8.9009E-01
  1.1316E+00 -1.3753E-01  2.5147E-01  5.6710E-02  8.9009E-01
  3.2449E-01 -1.4196E-02 -1.1162E+00  5.6317E-02  9.0882E-01
  3.9835E-01  9.9973E-03 -1.0920E+00  5.6317E-02  9.0882E-01
 -7.7319E-01 -1.5051E-01  8.5491E-01  5.6317E-02  9.0882E-01
 -1.0206E+00 -1.1937E-01 -5.3324E-01  5.5924E-02  9.2814E-01
 -3.9422E-01  1.4730E-01 -1.0785E+00  5.5924E-02  9.2814E-01
 -9.0227E-01 -8.3309E-02 -7.1303E-01  5.5530E-02  9.4805E-01
 -1.0916E+00  1.4600E-01  3.4142E-01  5.5530E-02  9.4805E-01
  2.5011E-01 -7.6004E-03 -1.1208E+00  5.5134E-02  9.6859E-01
  7.1824E-01 -8.6355E-03  8.9601E-01  5.5134E-02  9.6859E-01
  8.4385E-01  1.7534E-01 -7.5890E-01  5.5134E-02  9.6859E-01
  1.1128E+00  2.1599E-02  2.6342E-01  5.4738E-02  9.8980E-01
  1.1411E+00 -5.4120E-02 -5.7274E-02  5.4738E-02  9.8980E-01
  8.0274E-01 -1.6201E-01 -7.9853E-01  5.4738E-02  9.8980E-01
  6.1249E-01  6.6764E-03  9.6061E-01  5.4340E-02  1.0117E+00
  9.3501E-01  1.8553E-01  6.2394E-01  5.4340E-02  1.0117E+00
  9.8100E-01  3.8710E-02  5.7802E-01  5.4340E-02  1.0117E+00
 -3.1708E-01 -1.5663E-01  1.0830E+00  5.4340E-02  1.0117E+00
 -8.7156E-01 -1.0960E-01  7.2550E-01  5.4340E-02  1.0117E+00
  1.0550E+00  1.0209E-01  4.0543E-01  5.3941E-02  1.0343E+00
 -7.3347E-01 -1.7102E-01  8.4302E-01  5.3541E-02  1.0577E+00
 -2.0831E-01  2.7650E-02 -1.1107E+00  5.3541E-02  1.0577E+00
 -6.5457E-01 -3.1664E-02  9.2111E-01  5.3541E-02  1.0577E+00
  6.7118E-01 -5.0152E-02 -9.0825E-01  5.3541E-02  1.0577E+00
 -2.2124E-01  1.0319E-01 -1.0993E+00  5.3139E-02  1.0818E+00
  5.6505E-01  3.3025E-02 -9.7355E-01  5.3139E-02  1.0818E+00
 -3.8107E-01 -4.7251E-02  1.0586E+00  5.3139E-02  1.0818E+00
  1.7481E-01  3.8303E-02 -1.1118E+00  5.3139E-02  1.0818E+00
  1.1531E-01  1.7732E-02 -1.1201E+00  5.3139E-02  1.0818E+00
 -1.1002E+00 -3.0765E-02 -2.3837E-01  5.3139E-02  1.0818E+00
 -5.7628E-02 -8.7724E-02 -1.1170E+00  5.2736E-02  1.1068E+00
  1.0289E+00 -1.1517E-01 -4.2117E-01  5.2331E-02  1.1327E+00
  3.3392E-01  1.6852E-01 -1.0532E+00  5.2331E-02  1.1327E+00
  6.8443E-01 -2.8960E-02  8.8313E-01  5.2331E-02  1.1327E+00
 -9.7821E-01 -1.3429E-01  5.2371E-01  5.2331E-02  1.1327E+00
 -2.0077E-01  1.1689E-01 -1.0933E+00  5.2331E-02  1.1327E+00
  9.2673E-01 -1.3718E-01  6.0195E-01  5.1925E-02  1.1595E+00
 -8.2277E-01 -1.5114E-01 -7.3498E-01  5.1925E-02  1.1595E+00
 -7.4748E-01  9.5293E-02 -8.1987E-01  5.1925E-02  1.1595E+00
  8.4215E-01 -1.4917E-01  7.1311E-01  5.1925E-02  1.1595E+00
  1.0827E+00  1.1508E-01 -2.3353E-01  5.1925E-02  1.1595E+00
  1.5584E-01 -1.8872E-02 -1.0983E+00  5.1516E-02  1.1873E+00
 -1.0564E-01 -1.8314E-01 -1.0892E+00  5.1516E-02  1.1873E+00
  7.6689E-01 -8.4740E-02 -7.9730E-01  5.1516E-02  1.1873E+00
  1.0101E-01 -7.7541E-02  1.1022E+00  5.1516E-02  1.1873E+00
 -1.0223E+00 -7.5418E-02  4.2440E-01  5.1516E-02  1.1873E+00
  8.0952E-01  8.0665E-02 -7.5442E-01  5.1516E-02  1.1873E+00
  3.7866E-01 -1.2707E-01  1.0308E+00  5.1106E-02  1.2161E+00
  1.0743E+00 -8.9641E-02  2.4492E-01  5.1106E-02  1.2161E+00
  1.0335E+00  2.0287E-02  3.9193E-01  5.1106E-02  1.2161E+00
  7.7057E-01  1.5950E-01 -7.7647E-01  5.1106E-02  1.2161E+00
 -7.6105E-01 -1.6751E-01 -7.7859E-01  5.0694E-02  1.2461E+00
  1.0611E+00 -8.9636E-02  2.8210E-01  5.0694E-02  1.2461E+00
  1.0873E+00  1.5097E-01 -6.7660E-03  5.0279E-02  1.2771E+00
  1.0882E+00  1.3825E-01  4.2204E-02  5.0279E-02  1.2771E+00
  1.7353E-01 -8.2590E-02  1.0769E+00  4.9863E-02  1.3094E+00
  8.6525E-01 -1.1293E-01 -6.5974E-01  4.9863E-02  1.3094E+00
 -1.0854E+00  2.5576E-02  1.3414E-01  4.9863E-02  1.3094E+00
 -2.3426E-01  5.0910E-02  1.0635E+00  4.9444E-02  1.3430E+00
  1.0222E+00 -1.5462E-01  3.4611E-01  4.9444E-02  1.3430E+00
  1.0896E+00  3.3824E-02  1.6339E-02  4.9444E-02  1.3430E+00
 -6.2890E-01 -1.8107E-01 -8.7192E-01  4.9444E-02  1.3430E+00
  1.0471E+00  1.0581E-02  2.8995E-01  4.9022E-02  1.3780E+00
  3.4523E-01  1.3865E-01  1.0209E+00  4.9022E-02  1.3780E+00
  9.1410E-01  1.6275E-01 -5.6439E-01  4.9022E-02  1.3780E+00
 -1.1559E-02 -1.5921E-01 -1.0748E+00  4.9022E-02  1.3780E+00
 -9.5158E-01  1.8500E-01  4.8280E-01  4.8597E-02  1.4144E+00
  3.6834E-01  9.6177E-02  1.0139E+00  4.8597E-02  1.4144E+00
 -9.7337E-01  1.0197E-01 -4.5538E-01  4.8170E-02  1.4524E+00
 -5.2514E-01  1.2541E-01  9.3474E-01  4.8170E-02  1.4524E+00
 -8.4446E-01  1.7574E-01 -6.4903E-01  4.8170E-02  1.4524E+00
 -1.0517E+00  1.5125E-01  1.9028E-01  4.8170E-02  1.4524E+00
 -1.3973E-01 -9.8691E-02  1.0658E+00  4.8170E-02  1.4524E+00
 -1.0454E+00  1.8407E-01  1.7597E-01  4.7739E-02  1.4920E+00
  9.3731E-01 -1.6522E-01  5.0196E-01  4.7739E-02  1.4920E+00
  8.0726E-01  7.1640E-02 -7.0782E-01  4.7739E-02  1.4920E+00
  4.3577E-01  6.7417E-02  9.8151E-01  4.7739E-02  1.4920E+00
  2.8355E-01  1.6515E-01  1.0212E+00  4.7306E-02  1.5334E+00
  1.0606E+00 -7.6726E-02  1.4110E-01  4.7306E-02  1.5334E+00
  9.8065E-01 -1.1842E-01  4.1818E-01  4.7306E-02  1.5334E+00
 -1.0220E+00 -1.4647E-01  2.9080E-01  4.7306E-02  1.5334E+00
 -7.4648E-01 -3.0838E-02 -7.6966E-01  4.7306E-02  1.5334E+00
 -1.9728E-01  2.0383E-02 -1.0508E+00  4.6868E-02  1.5768E+00
 -2.1025E-01 -1.8569E-01 -1.0319E+00  4.6868E-02  1.5768E+00
  1.0342E+00 -1.1899E-01  2.4431E-01  4.6868E-02  1.5768E+00
 -6.1255E-02 -1.0946E-01 -1.0620E+00  4.6868E-02  1.5768E+00
  7.7443E-01  1.2380E-01  7.2693E-01  4.6868E-02  1.5768E+00
  5.8429E-01  1.2939E-01 -8.8230E-01  4.6427E-02  1.6222E+00
  5.3006E-01 -1.0066E-01  9.1952E-01  4.6427E-02  1.6222E+00
 -8.7970E-01  1.1040E-01 -5.8637E-01  4.5982E-02  1.6697E+00
  8.5291E-01 -3.8766E-02  6.3319E-01  4.5982E-02  1.6697E+00
 -2.9324E-01  2.7685E-02  1.0181E+00  4.5533E-02  1.7196E+00
  2.1391E-01  1.6443E-01  1.0250E+00  4.5533E-02  1.7196E+00
 -1.0386E+00 -1.3035E-01  1.6634E-01  4.5533E-02  1.7196E+00
 -1.0478E+00  1.1222E-01 -1.1355E-01  4.5533E-02  1.7196E+00
 -9.5560E-01 -1.4099E-01 -4.3622E-01  4.5533E-02  1.7196E+00
  9.5063E-01  1.4874E-01  4.4444E-01  4.5533E-02  1.7196E+00
  9.0935E-01 -8.6449E-02  5.3158E-01  4.5079E-02  1.7721E+00
 -9.8620E-01 -4.8418E-02  3.7688E-01  4.5079E-02  1.7721E+00
  5.0613E-01  1.2852E-01 -9.1885E-01  4.5079E-02  1.7721E+00
 -5.7134E-01 -1.5900E-01  8.7479E-01  4.5079E-02  1.7721E+00
  5.7797E-01 -1.3153E-01 -8.7500E-01  4.5079E-02  1.7721E+00
  9.3332E-01  1.6550E-01  4.6074E-01  4.4620E-02  1.8273E+00
 -1.0073E-01  1.7193E-01  1.0349E+00  4.4620E-02  1.8273E+00
 -1.0504E+00 -8.5712E-02  1.9587E-03  4.4620E-02  1.8273E+00
  8.3670E-01 -2.3111E-02  6.4044E-01  4.4620E-02  1.8273E+00
  9.8175E-01  9.9215E-02  3.6203E-01  4.4156E-02  1.8855E+00
  9.9469E-01 -1.2814E-01  3.1450E-01  4.4156E-02  1.8855E+00
 -1.0504E+00  2.3090E-02  3.0599E-02  4.4156E-02  1.8855E+00
  7.8993E-01 -4.6686E-02 -6.9179E-01  4.4156E-02  1.8855E+00
 -3.6197E-01 -1.8286E-01  9.6666E-01  4.3687E-02  1.9469E+00
 -5.3025E-01  8.7121E-02 -9.0007E-01  4.3687E-02  1.9469E+00
 -3.9164E-01 -1.7935E-01 -9.5569E-01  4.3687E-02  1.9469E+00
  9.0287E-01  1.0202E-01  5.1733E-01  4.3212E-02  2.0119E+00
  1.0196E+00  4.9181E-02  2.2639E-01  4.3212E-02  2.0119E+00
  6.3946E-01  1.5550E-01  8.1248E-01  4.3212E-02  2.0119E+00
 -4.9718E-01 -1.3769E-01  9.0943E-01  4.3212E-02  2.0119E+00
  1.0365E+00  1.2812E-01  4.9606E-02  4.3212E-02  2.0119E+00
 -1.0233E+00  1.7210E-01 -1.2802E-01  4.3212E-02  2.0119E+00
 -5.8523E-01 -1.6742E-01  8.4686E-01  4.2730E-02  2.0806E+00
 -7.2632E-01 -1.8369E-01 -7.2555E-01  4.2730E-02  2.0806E+00
  1.0412E+00 -5.5249E-02  2.4256E-02  4.2730E-02  2.0806E+00
 -5.5193E-01 -1.7733E-01 -8.6388E-01  4.2242E-02  2.1536E+00
 -1.0399E+00 -2.9383E-02 -8.6886E-03  4.2242E-02  2.1536E+00
 -5.8920E-01  5.2454E-02 -8.5584E-01  4.2242E-02  2.1536E+00
 -8.9991E-01  1.0480E-01  5.0633E-01  4.1747E-02  2.2312E+00
  6.7956E-01  1.7613E-02  7.8107E-01  4.1244E-02  2.3138E+00
  9.4246E-01  8.1149E-02 -4.2117E-01  4.1244E-02  2.3138E+00
  6.5247E-01  1.2168E-01 -7.9478E-01  4.1244E-02  2.3138E+00
  7.1015E-01 -1.5864E-01  7.3670E-01  4.1244E-02  2.3138E+00
 -5.2013E-01 -1.0123E-01  8.8961E-01  4.1244E-02  2.3138E+00
 -6.1704E-01  6.0049E-02  8.2646E-01  4.0733E-02  2.4020E+00
  9.7544E-01  6.4298E-02  3.3429E-01  4.0733E-02  2.4020E+00
 -2.1660E-01  6.4137E-02 -1.0081E+00  4.0733E-02  2.4020E+00
  1.0225E+00  1.2237E-01 -8.2980E-02  4.0733E-02  2.4020E+00
 -7.3865E-01 -1.7982E-02  7.2211E-01  4.0733E-02  2.4020E+00
 -9.4505E-01 -9.5017E-02  4.0648E-01  4.0733E-02  2.4020E+00
  4.0019E-01 -3.5673E-02  9.5181E-01  4.0733E-02  2.4020E+00
  1.0216E+00 -1.2225E-01  6.3843E-02  4.0213E-02  2.4964E+00
 -1.0278E+00  1.4380E-02  7.8595E-02  4.0213E-02  2.4964E+00
  1.0282E+00 -1.1875E-02  2.7961E-02  3.9683E-02  2.5977E+00
  7.0347E-01  1.1222E-01 -7.4213E-01  3.9683E-02  2.5977E+00
  5.4986E-01  1.4980E-01 -8.5641E-01  3.9683E-02  2.5977E+00
  3.8000E-01 -1.4870E-01  9.4201E-01  3.9143E-02  2.7067E+00
  8.6158E-01 -4.4049E-02  5.5644E-01  3.9143E-02  2.7067E+00
  4.3540E-01 -1.3695E-01 -9.1955E-01  3.9143E-02  2.7067E+00
  5.8767E-01  1.2403E-01 -8.3256E-01  3.9143E-02  2.7067E+00
  6.3229E-01  1.3389E-01 -7.9500E-01  3.8592E-02  2.8243E+00
 -1.5790E-01 -8.4689E-02 -1.0088E+00  3.8592E-02  2.8243E+00
  9.9866E-01  8.1404E-02  2.1401E-01  3.8592E-02  2.8243E+00
 -9.6864E-01  2.4298E-03 -3.3389E-01  3.8592E-02  2.8243E+00
  4.6773E-01 -1.3765E-01 -9.0113E-01  3.8592E-02  2.8243E+00
  6.1067E-01 -9.8148E-02 -8.1438E-01  3.8029E-02  2.9517E+00
  1.0190E+00  8.2298E-02 -2.3494E-02  3.8029E-02  2.9517E+00
  6.3590E-02  1.6168E-01 -1.0059E+00  3.7452E-02  3.0900E+00
  3.7165E-01  4.1949E-02 -9.4977E-01  3.7452E-02  3.0900E+00
 -9.2696E-01  3.9213E-02 -4.2563E-01  3.7452E-02  3.0900E+00
 -7.3180E-01 -3.7890E-02  7.1062E-01  3.7452E-02  3.0900E+00
 -9.9561E-01 -1.7710E-01  1.2529E-01  3.6862E-02  3.2409E+00
 -1.0037E+00  1.5679E-01  7.9628E-02  3.6862E-02  3.2409E+00
 -9.1212E-01 -1.1536E-01 -4.3934E-01  3.6862E-02  3.2409E+00
  7.3080E-01 -1.7502E-04  7.0764E-01  3.6256E-02  3.4062E+00
  7.7709E-01 -1.8548E-01 -6.2972E-01  3.6256E-02  3.4062E+00
  5.2807E-01 -8.8618E-02 -8.6493E-01  3.6256E-02  3.4062E+00
 -1.0081E+00  7.5195E-02 -1.1337E-01  3.6256E-02  3.4062E+00
  9.5847E-01  4.0067E-02 -3.3351E-01  3.5633E-02  3.5880E+00
  9.6549E-01 -1.7247E-01 -2.6381E-01  3.5633E-02  3.5880E+00
  5.8559E-01  1.2623E-01 -8.2015E-01  3.5633E-02  3.5880E+00
 -3.9212E-01 -2.4287E-02  9.3657E-01  3.5633E-02  3.5880E+00
  1.0100E+00 -1.0977E-04 -1.0663E-01  3.5633E-02  3.5880E+00
 -9.3218E-01  8.2275E-02 -3.9470E-01  3.5633E-02  3.5880E+00
  8.6588E-01  1.6073E-01 -5.0277E-01  3.4991E-02  3.7890E+00
  4.2631E-01 -9.1397E-02 -9.1557E-01  3.4991E-02  3.7890E+00
  3.0463E-01  4.5640E-02  9.6617E-01  3.4991E-02  3.7890E+00
  7.5614E-01  7.7007E-02  6.7133E-01  3.4991E-02  3.7890E+00
  9.9532E-01 -6.3518E-02 -1.8347E-01  3.4991E-02  3.7890E+00
 -6.7195E-01 -7.6284E-02 -7.5369E-01  3.4329E-02  4.0125E+00
  8.0356E-02 -1.5253E-01  9.9783E-01  3.4329E-02  4.0125E+00
  1.1112E-01 -1.0737E-01 -1.0008E+00  3.4329E-02  4.0125E+00
  1.9888E-01  4.4441E-02 -9.9189E-01  3.4329E-02  4.0125E+00
  1.0115E+00  3.0578E-02 -3.4881E-02  3.4329E-02  4.0125E+00
 -3.3383E-01  4.4333E-02  9.5497E-01  3.4329E-02  4.0125E+00
 -3.2709E-01 -7.6493E-02 -9.5379E-01  3.3644E-02  4.2626E+00
  9.7225E-01  9.7653E-02 -2.6030E-01  3.3644E-02  4.2626E+00
  9.0987E-01 -1.9550E-02 -4.3781E-01  3.2934E-02  4.5444E+00
  9.5903E-01  3.8213E-02 -3.1419E-01  3.2934E-02  4.5444E+00
 -9.7629E-01  2.3897E-02 -2.5730E-01  3.2934E-02  4.5444E+00
  3.9555E-01  2.6371E-02 -9.2885E-01  3.2934E-02  4.5444E+00
  5.3831E-01  1.7133E-01 -8.3565E-01  3.2195E-02  4.8645E+00
  8.6077E-01  8.8253E-02  5.1838E-01  3.2195E-02  4.8645E+00
  3.5330E-01  2.3965E-02 -9.4448E-01  3.2195E-02  4.8645E+00
 -5.6138E-01 -1.9655E-03 -8.3664E-01  3.1425E-02  5.2312E+00
 -5.9129E-01 -1.6061E-01 -7.9981E-01  3.1425E-02  5.2312E+00
 -4.3794E-01 -9.9118E-03 -9.0732E-01  3.1425E-02  5.2312E+00
  9.4733E-04 -1.0110E-01 -1.0024E+00  3.1425E-02  5.2312E+00
  7.1909E-01 -1.7957E-01  6.8091E-01  3.0618E-02  5.6557E+00
 -7.6783E-01  1.0920E-01 -6.4147E-01  3.0618E-02  5.6557E+00
  8.7844E-01 -7.8104E-02 -4.8498E-01  3.0618E-02  5.6557E+00
  8.3909E-01 -5.4177E-02  5.5315E-01  3.0618E-02  5.6557E+00
 -8.9650E-01  4.4490E-03 -4.5742E-01  3.0618E-02  5.6557E+00
 -2.1418E-01  7.8408E-02  9.8028E-01  3.0618E-02  5.6557E+00
  2.0663E-01  1.8076E-01  9.6830E-01  3.0618E-02  5.6557E+00
 -9.4691E-01 -7.1701E-02 -3.3047E-01  2.9770E-02  6.1530E+00
  8.5982E-02 -1.4537E-01 -9.9119E-01  2.9770E-02  6.1530E+00
 -9.0965E-02  3.2156E-03  1.0013E+00  2.9770E-02  6.1530E+00
  9.5826E-01  9.7635E-02 -2.8525E-01  2.8874E-02  6.7438E+00
  9.8983E-01 -1.1708E-01 -1.2530E-01  2.8874E-02  6.7438E+00
 -8.4325E-01 -1.1526E-01 -5.3212E-01  2.7921E-02  7.4574E+00
  9.8582E-01 -2.2493E-02 -1.8351E-01  2.6903E-02  8.3369E+00
  6.2896E-01  7.6154E-02  7.7758E-01  2.6903E-02  8.3369E+00
  6.1144E-01 -7.6242E-02 -7.9142E-01  2.6903E-02  8.3369E+00
  3.0032E-01  1.6923E-02 -9.5615E-01  2.5804E-02  9.4481E+00
 -7.3465E-03  1.8228E-01 -9.8560E-01  2.5804E-02  9.4481E+00
  7.6465E-01  1.5153E-01  6.3012E-01  2.5804E-02  9.4481E+00
 -6.5411E-01 -4.6486E-02  7.5807E-01  2.5804E-02  9.4481E+00
 -9.3699E-01  8.6141E-02 -3.4544E-01  2.5804E-02  9.4481E+00
 -6.3868E-01 -1.2879E-01  7.6094E-01  2.4606E-02  1.0897E+01
 -2.8841E-01  1.5508E-01 -9.4673E-01  2.4606E-02  1.0897E+01
  9.7764E-02  1.4106E-01 -9.8645E-01  2.3280E-02  1.2866E+01
 -9.9313E-01 -1.0049E-01 -7.8373E-02  2.3280E-02  1.2866E+01
  3.3728E-01 -2.2690E-02 -9.4248E-01  2.3280E-02  1.2866E+01
 -9.1147E-01  1.9815E-02  4.1397E-01  2.3280E-02  1.2866E+01
  7.9941E-01 -1.6827E-01 -5.7894E-01  2.3280E-02  1.2866E+01
 -5.1459E-01  4.1341E-02 -8.5743E-01  2.1787E-02  1.5696E+01
 -4.0590E-01  1.8155E-01  8.9666E-01  2.1787E-02  1.5696E+01
  9.2421E-01 -1.2261E-01  3.6401E-01  2.1787E-02  1.5696E+01
 -9.9773E-01 -1.9131E-02  7.6721E-02  2.1787E-02  1.5696E+01
 -9.3048E-01  3.0157E-02 -3.6743E-01  2.1787E-02  1.5696E+01
 -6.6959E-01 -1.6326E-02  7.4325E-01  2.0058E-02  2.0115E+01
  7.5980E-01  1.6612E-01 -6.2901E-01  1.7969E-02  2.7981E+01
  3.9773E-01  1.4068E-01  9.0695E-01  1.7969E-02  2.7981E+01
  9.7045E-01 -1.7927E-01 -1.6314E-01  1.7969E-02  2.7981E+01
  7.1153E-01  2.0133E-02 -7.0275E-01  1.7969E-02  2.7981E+01
 -9.9543E-01 -8.6441E-03  9.7886E-02  1.7969E-02  2.7981E+01
