0.22328228571429D+02       604
(x,y,z) position of the X-ray source
 -0.1577E+01 -0.4538E-01 -0.8660E+00
x | y | z | R | rho
  1.1306E+00 -2.4604E-01  9.7804E+00  3.1914E-01  4.9940E-03
 -1.2229E+00 -1.9353E-01  9.7215E+00  3.1806E-01  5.0451E-03
 -9.9854E-01  1.5474E-01  9.2477E+00  3.0690E-01  5.6159E-03
 -1.9824E+00 -2.3790E-01  8.8133E+00  3.0084E-01  5.9621E-03
  1.1370E+00 -2.5731E-01  8.5350E+00  2.9109E-01  6.5814E-03
  2.4171E-02  2.9000E-01  8.3683E+00  2.8546E-01  6.9785E-03
 -8.6869E-01  8.0363E-02  8.1586E+00  2.8149E-01  7.2778E-03
 -1.7002E+00  5.9322E-02  7.9777E+00  2.8036E-01  7.3668E-03
  1.7284E+00  8.8160E-02  7.6398E+00  2.7263E-01  8.0114E-03
 -1.6706E+00 -1.9615E-01  7.5894E+00  2.7118E-01  8.1398E-03
 -1.6101E+00  2.6735E-01  7.5880E+00  2.7090E-01  8.1658E-03
 -1.3964E+00 -1.6018E-01  7.5968E+00  2.7003E-01  8.2447E-03
  1.1591E+00 -9.4212E-03  7.5778E+00  2.6858E-01  8.3786E-03
  1.0040E+00 -1.8729E-01  7.4409E+00  2.6481E-01  8.7422E-03
 -1.8300E+00 -1.4686E-01  7.1844E+00  2.6247E-01  8.9775E-03
 -1.2152E-01  1.3830E-01  7.4010E+00  2.6218E-01  9.0076E-03
 -4.0862E-01  1.8214E-01  7.3540E+00  2.6130E-01  9.0986E-03
  1.0192E+00 -7.1775E-02  7.2843E+00  2.6101E-01  9.1293E-03
 -1.8096E+00  5.6457E-02  6.9696E+00  2.5719E-01  9.5421E-03
 -6.8511E-01  2.3653E-01  7.1404E+00  2.5660E-01  9.6080E-03
 -4.8424E-01  1.3084E-01  6.7314E+00  2.4590E-01  1.0918E-02
  1.9671E+00 -2.2134E-01  6.2925E+00  2.4199E-01  1.1456E-02
 -1.5874E+00  3.0583E-01  6.2857E+00  2.3927E-01  1.1851E-02
  6.3949E-01  6.1771E-02  6.4466E+00  2.3896E-01  1.1896E-02
 -2.3878E-01 -2.1730E-01  6.4115E+00  2.3745E-01  1.2126E-02
  1.1868E-01  5.9906E-02  6.4182E+00  2.3745E-01  1.2126E-02
  2.9179E-01  2.9628E-01  6.2411E+00  2.3318E-01  1.2804E-02
  1.9275E-01  3.1368E-02  6.1696E+00  2.3103E-01  1.3164E-02
  2.4746E-01  2.2143E-01  6.1403E+00  2.3042E-01  1.3269E-02
  1.3778E+00 -1.5125E-01  5.8586E+00  2.2703E-01  1.3872E-02
 -6.1287E-01  3.6785E-02  5.9419E+00  2.2579E-01  1.4101E-02
 -2.7768E-01 -3.0663E-01  5.8655E+00  2.2331E-01  1.4577E-02
  9.4498E-02  1.3496E-01  5.8427E+00  2.2238E-01  1.4761E-02
 -1.0661E+00 -1.8827E-01  5.5304E+00  2.1675E-01  1.5941E-02
  5.6895E-01 -1.4744E-01  5.5813E+00  2.1612E-01  1.6081E-02
  1.3394E+00 -4.1281E-02  5.1272E+00  2.0757E-01  1.8151E-02
 -4.3622E-01 -6.7979E-02  5.2462E+00  2.0661E-01  1.8405E-02
  1.2244E-01  2.1800E-01  5.1550E+00  2.0373E-01  1.9197E-02
 -1.9928E+00  9.5660E-02  4.6350E+00  2.0051E-01  2.0137E-02
 -8.7057E-01 -5.8653E-04  4.8890E+00  1.9825E-01  2.0834E-02
  5.0567E-02  7.3845E-02  4.9307E+00  1.9727E-01  2.1144E-02
  8.9718E-01  9.6443E-02  4.7785E+00  1.9532E-01  2.1784E-02
 -8.0188E-01 -5.9215E-02  4.7266E+00  1.9337E-01  2.2453E-02
 -1.3172E+00  2.5118E-01  4.5319E+00  1.9140E-01  2.3151E-02
  1.3386E+00 -1.2164E-01  4.4835E+00  1.9009E-01  2.3634E-02
 -1.5664E+00 -8.3314E-02  4.3255E+00  1.8778E-01  2.4515E-02
 -1.8523E+00 -1.4091E-01  4.1475E+00  1.8613E-01  2.5174E-02
  5.7131E-01  1.2481E-01  4.3814E+00  1.8248E-01  2.6715E-02
 -1.4349E+00 -1.7792E-01  3.9862E+00  1.7713E-01  2.9211E-02
 -8.8952E-01  1.9331E-01  4.0384E+00  1.7409E-01  3.0764E-02
  1.6584E+00  2.5658E-01  3.7355E+00  1.7274E-01  3.1493E-02
 -1.1176E+00  1.0552E-01  3.8803E+00  1.7105E-01  3.2439E-02
  1.5217E+00 -1.3565E-01  3.6193E+00  1.6764E-01  3.4457E-02
 -1.4784E+00 -9.1568E-02  3.5311E+00  1.6456E-01  3.6431E-02
  1.1469E+00  1.7184E-01  3.6377E+00  1.6421E-01  3.6660E-02
 -1.2551E+00  1.6668E-01  3.5904E+00  1.6387E-01  3.6891E-02
 -3.3846E-01  1.1965E-02  3.7258E+00  1.6180E-01  3.8324E-02
 -1.0609E+00  6.8199E-02  3.4499E+00  1.5764E-01  4.1436E-02
 -4.9244E-01  1.7668E-01  3.5059E+00  1.5555E-01  4.3129E-02
 -5.7056E-01  1.4326E-01  3.4296E+00  1.5346E-01  4.4921E-02
  1.4147E-01  6.6137E-02  3.4761E+00  1.5346E-01  4.4921E-02
 -1.4394E+00 -1.5354E-01  3.0928E+00  1.5135E-01  4.6822E-02
 -6.1286E-01 -1.5712E-01  3.3228E+00  1.5030E-01  4.7815E-02
  5.9575E-02  1.3522E-01  3.3793E+00  1.5030E-01  4.7815E-02
  1.1618E+00  1.4647E-01  3.1046E+00  1.4818E-01  4.9893E-02
  4.9682E-01  1.3162E-02  3.1512E+00  1.4392E-01  5.4451E-02
 -1.4150E+00  1.0971E-01  2.8570E+00  1.4392E-01  5.4451E-02
 -7.9498E-01  7.7648E-03  3.0456E+00  1.4250E-01  5.6101E-02
  2.4179E-01  8.7471E-02  3.1266E+00  1.4214E-01  5.6525E-02
 -8.6562E-01 -1.6075E-02  3.0043E+00  1.4178E-01  5.6953E-02
 -7.5881E-01 -1.0469E-01  3.0313E+00  1.4178E-01  5.6953E-02
 -6.6488E-01 -2.1333E-01  3.0259E+00  1.4107E-01  5.7823E-02
  1.3587E+00  6.1946E-02  2.7565E+00  1.4000E-01  5.9164E-02
 -1.9190E+00 -8.6791E-02  2.3184E+00  1.3784E-01  6.1979E-02
  1.5249E+00 -4.6942E-03  2.5839E+00  1.3748E-01  6.2467E-02
  6.9194E-01  1.7164E-01  2.8821E+00  1.3640E-01  6.3962E-02
 -1.7465E+00  1.3423E-01  2.2933E+00  1.3351E-01  6.8205E-02
  1.1253E+00 -1.8849E-01  2.6055E+00  1.3207E-01  7.0476E-02
  1.2684E+00  1.9668E-01  2.4805E+00  1.3025E-01  7.3466E-02
  3.1890E-01  1.4558E-01  2.7501E+00  1.2952E-01  7.4711E-02
  1.1744E+00 -1.5206E-01  2.3483E+00  1.2440E-01  8.4318E-02
 -8.4773E-01  1.6037E-01  2.4845E+00  1.2440E-01  8.4318E-02
  6.5975E-03  8.7592E-03  2.5998E+00  1.2330E-01  8.6599E-02
 -1.1200E+00  1.4648E-01  2.3416E+00  1.2330E-01  8.6599E-02
  1.0546E-01  5.1965E-02  2.5871E+00  1.2293E-01  8.7378E-02
  7.5395E-01  1.4141E-01  2.4735E+00  1.2293E-01  8.7378E-02
 -9.5900E-01 -1.7010E-01  2.3888E+00  1.2256E-01  8.8168E-02
 -1.8684E+00  1.4048E-01  1.7586E+00  1.2220E-01  8.8967E-02
  5.2305E-01 -1.2684E-01  2.4922E+00  1.2146E-01  9.0595E-02
  3.1305E-01  2.7936E-02  2.5101E+00  1.2072E-01  9.2266E-02
 -2.8651E-01  2.1498E-01  2.4942E+00  1.2035E-01  9.3117E-02
  2.0006E-01 -1.9067E-01  2.5045E+00  1.2035E-01  9.3117E-02
 -1.8814E+00  1.6017E-02 -1.6761E+00  1.2035E-01  9.3117E-02
 -1.3736E+00 -1.4139E-01  2.0719E+00  1.1925E-01  9.5738E-02
 -7.1821E-01 -7.2407E-02  2.3727E+00  1.1888E-01  9.6634E-02
  5.7883E-01 -6.7177E-02  2.4004E+00  1.1851E-01  9.7542E-02
  1.9282E-01 -1.4664E-01  2.4285E+00  1.1739E-01  1.0034E-01
 -6.9445E-01 -1.7778E-01  2.2713E+00  1.1517E-01  1.0627E-01
  1.5566E+00  4.0912E-02 -1.8022E+00  1.1517E-01  1.0627E-01
 -1.4782E+00 -1.8016E-02  1.8549E+00  1.1480E-01  1.0731E-01
 -1.9019E+00 -4.5408E-02 -1.4166E+00  1.1480E-01  1.0731E-01
  1.6411E+00 -3.7888E-02 -1.6987E+00  1.1442E-01  1.0836E-01
 -1.6264E+00  1.6590E-01 -1.7051E+00  1.1442E-01  1.0836E-01
  8.1541E-01 -1.9785E-01  2.1977E+00  1.1405E-01  1.0942E-01
  3.4040E-01 -2.0122E-01  2.2797E+00  1.1256E-01  1.1382E-01
 -1.7911E+00  1.7308E-01 -1.4236E+00  1.1182E-01  1.1612E-01
 -4.3373E-01  1.8412E-01  2.2357E+00  1.1144E-01  1.1729E-01
  1.2356E+00  1.5254E-01 -1.9158E+00  1.1144E-01  1.1729E-01
 -3.7368E-01  3.3679E-03  2.2443E+00  1.1107E-01  1.1847E-01
 -7.8897E-01 -3.7709E-02  2.1133E+00  1.1032E-01  1.2090E-01
 -7.1586E-01 -8.1355E-02  2.1178E+00  1.0957E-01  1.2339E-01
 -8.1732E-01 -1.9515E-03  2.0823E+00  1.0957E-01  1.2339E-01
  1.7415E+00  8.5567E-02  1.4014E+00  1.0957E-01  1.2339E-01
  1.1390E+00  6.2747E-02 -1.8910E+00  1.0845E-01  1.2727E-01
 -1.5243E-01  1.8635E-01  2.1857E+00  1.0808E-01  1.2859E-01
  1.7255E+00 -1.8039E-01 -1.3511E+00  1.0808E-01  1.2859E-01
  1.3881E+00 -1.0261E-01  1.6902E+00  1.0770E-01  1.2994E-01
  1.8302E+00  1.1805E-01  1.1611E+00  1.0695E-01  1.3269E-01
  1.4055E+00 -3.4260E-02  1.6167E+00  1.0582E-01  1.3698E-01
 -1.6516E+00  1.6927E-01 -1.3542E+00  1.0582E-01  1.3698E-01
 -1.8506E+00  1.2293E-02 -1.0608E+00  1.0545E-01  1.3845E-01
 -5.5679E-01 -6.8775E-02  2.0580E+00  1.0545E-01  1.3845E-01
 -1.2042E+00 -6.0068E-02 -1.7484E+00  1.0507E-01  1.3994E-01
 -1.6485E+00 -1.6425E-01  1.2686E+00  1.0357E-01  1.4613E-01
 -1.3269E+00  1.6735E-02 -1.5983E+00  1.0319E-01  1.4773E-01
 -1.8834E+00  1.0222E-01  8.4836E-01  1.0281E-01  1.4936E-01
  1.9050E+00 -7.7094E-02  7.7757E-01  1.0244E-01  1.5102E-01
  1.7028E+00  1.2966E-02 -1.1078E+00  1.0131E-01  1.5613E-01
 -1.6937E+00 -1.1993E-01  1.0987E+00  1.0093E-01  1.5789E-01
 -1.6568E+00 -5.0063E-02 -1.1266E+00  1.0017E-01  1.6148E-01
  9.0736E-01 -2.1173E-02 -1.7869E+00  1.0017E-01  1.6148E-01
 -1.6344E+00  1.3077E-01  1.1526E+00  1.0017E-01  1.6148E-01
 -1.7101E+00  6.9934E-02  1.0253E+00  9.9797E-02  1.6332E-01
 -7.5729E-01  1.7521E-02 -1.8457E+00  9.9797E-02  1.6332E-01
 -1.5780E+00  1.5349E-01 -1.2112E+00  9.9797E-02  1.6332E-01
  1.2592E+00 -7.0998E-03 -1.5358E+00  9.9419E-02  1.6519E-01
  9.3392E-01  1.3371E-01  1.7272E+00  9.8663E-02  1.6902E-01
 -1.5072E+00 -1.1528E-01  1.2603E+00  9.8663E-02  1.6902E-01
 -2.8119E-01  1.9172E-01  1.9293E+00  9.8285E-02  1.7098E-01
  1.3305E-01 -1.1860E-01  1.9330E+00  9.7529E-02  1.7499E-01
 -1.7141E+00  1.2440E-01 -9.0259E-01  9.7529E-02  1.7499E-01
 -1.6166E+00  2.2356E-02  1.0743E+00  9.7529E-02  1.7499E-01
  6.1691E-01  1.1091E-01  1.7996E+00  9.6015E-02  1.8340E-01
 -1.7921E+00 -4.1864E-02 -6.4674E-01  9.6015E-02  1.8340E-01
  1.8924E+00  9.4292E-02  8.9463E-02  9.5636E-02  1.8558E-01
  2.5377E-03 -4.3703E-02  1.8963E+00  9.5636E-02  1.8558E-01
 -1.7949E+00 -6.6653E-02  5.8201E-01  9.5257E-02  1.8781E-01
  1.8418E+00 -1.8565E-02  4.1509E-01  9.5257E-02  1.8781E-01
  3.8875E-01  1.6086E-01  1.8316E+00  9.4878E-02  1.9007E-01
  7.5874E-01  4.8710E-02 -1.7090E+00  9.4499E-02  1.9236E-01
  3.4544E-02  1.6207E-01  1.8632E+00  9.4499E-02  1.9236E-01
 -1.1407E+00 -1.5531E-01 -1.4742E+00  9.4499E-02  1.9236E-01
  1.7911E+00 -1.8710E-01  5.0559E-01  9.4499E-02  1.9236E-01
  8.1842E-01  7.0628E-02 -1.6610E+00  9.3741E-02  1.9707E-01
 -1.0123E+00  1.8548E-01  1.5305E+00  9.3361E-02  1.9948E-01
  7.2998E-02 -1.1871E-01  1.8391E+00  9.3361E-02  1.9948E-01
 -1.2728E+00 -3.3572E-02 -1.3104E+00  9.2603E-02  2.0443E-01
 -8.7916E-01 -1.7798E-01  1.5818E+00  9.2223E-02  2.0696E-01
 -1.7905E+00 -6.1923E-02 -3.1171E-01  9.2223E-02  2.0696E-01
  1.4824E+00  7.3796E-02  1.0507E+00  9.2223E-02  2.0696E-01
  1.3970E+00  1.0212E-01  1.1461E+00  9.1844E-02  2.0954E-01
  1.1506E+00  5.5510E-02  1.3849E+00  9.1464E-02  2.1216E-01
  8.7819E-01  2.5782E-02  1.5628E+00  9.1084E-02  2.1482E-01
  1.3114E-01  1.3875E-01  1.7826E+00  9.1084E-02  2.1482E-01
  1.2937E+00  1.4488E-01 -1.2327E+00  9.1084E-02  2.1482E-01
  3.1024E-01  1.6809E-02 -1.7657E+00  9.1084E-02  2.1482E-01
 -1.6492E+00 -1.0549E-01 -6.7278E-01  9.0704E-02  2.1753E-01
  2.5209E-01  1.0200E-01 -1.7634E+00  9.0704E-02  2.1753E-01
 -1.3428E+00 -6.1386E-02 -1.1733E+00  9.0704E-02  2.1753E-01
  1.0161E+00  1.6590E-01 -1.4469E+00  9.0325E-02  2.2029E-01
  1.4183E+00  7.8377E-02  1.0658E+00  9.0325E-02  2.2029E-01
 -1.7745E+00 -6.7392E-02 -4.6451E-03  9.0325E-02  2.2029E-01
 -1.7727E+00  1.0015E-01  3.2554E-02  9.0325E-02  2.2029E-01
  1.7559E+00 -9.3189E-02 -1.7792E-01  8.9945E-02  2.2309E-01
  4.3056E-01 -1.2694E-01 -1.6920E+00  8.9185E-02  2.2884E-01
 -9.4420E-02 -1.3404E-01 -1.7260E+00  8.8425E-02  2.3479E-01
  1.7284E+00 -1.3412E-01 -2.1370E-02  8.8425E-02  2.3479E-01
 -1.3882E-02 -1.3897E-02  1.7337E+00  8.8425E-02  2.3479E-01
 -8.4594E-01  3.2460E-02 -1.5035E+00  8.8044E-02  2.3785E-01
  9.3809E-01  1.6300E-01 -1.4290E+00  8.7664E-02  2.4095E-01
 -1.2324E-01  7.9255E-03  1.7127E+00  8.7664E-02  2.4095E-01
  1.5802E+00  2.8617E-02  6.2796E-01  8.6904E-02  2.4734E-01
 -1.6712E+00 -1.6472E-01  2.6856E-01  8.6904E-02  2.4734E-01
  1.4617E+00  7.7984E-02 -8.6569E-01  8.6904E-02  2.4734E-01
  9.0027E-01  5.3807E-02 -1.4321E+00  8.6524E-02  2.5061E-01
 -1.5109E+00  5.0907E-02  7.6076E-01  8.6524E-02  2.5061E-01
  1.1464E+00  1.0961E-01 -1.2402E+00  8.6524E-02  2.5061E-01
 -6.7557E-01 -1.3600E-01 -1.5368E+00  8.6143E-02  2.5395E-01
  1.4164E+00 -4.8299E-02 -9.1004E-01  8.6143E-02  2.5395E-01
 -1.5861E+00  3.4396E-02  5.6539E-01  8.6143E-02  2.5395E-01
  7.1122E-01  7.7387E-02 -1.5247E+00  8.6143E-02  2.5395E-01
  1.1851E+00  1.1453E-01  1.1797E+00  8.5763E-02  2.5734E-01
 -1.2442E+00  9.7368E-02 -1.1066E+00  8.5382E-02  2.6079E-01
 -1.2277E+00  1.5802E-01  1.1058E+00  8.5002E-02  2.6431E-01
 -1.6324E+00  5.5650E-02 -2.9574E-01  8.5002E-02  2.6431E-01
 -1.6177E+00  1.2830E-01 -3.0804E-01  8.4622E-02  2.6789E-01
 -1.0811E+00 -5.3411E-03  1.2488E+00  8.4622E-02  2.6789E-01
 -5.7608E-01 -9.8226E-02  1.5364E+00  8.4241E-02  2.7154E-01
 -1.0245E+00  5.9348E-02  1.2841E+00  8.4241E-02  2.7154E-01
  1.5495E+00 -6.4494E-02  5.4494E-01  8.4241E-02  2.7154E-01
  9.5430E-01 -9.1387E-02  1.3254E+00  8.3861E-02  2.7525E-01
  1.0293E-01  8.2492E-02  1.6145E+00  8.3100E-02  2.8288E-01
  1.2052E+00 -1.1599E-01 -1.0760E+00  8.3100E-02  2.8288E-01
 -9.0870E-01 -1.8116E-01 -1.3286E+00  8.3100E-02  2.8288E-01
 -1.0588E+00  9.0027E-02 -1.2121E+00  8.2719E-02  2.8681E-01
 -6.5879E-01 -3.6205E-02  1.4707E+00  8.2719E-02  2.8681E-01
 -1.9137E-01  1.4444E-01 -1.5940E+00  8.2719E-02  2.8681E-01
 -1.2527E+00  1.2815E-01  9.9365E-01  8.2338E-02  2.9080E-01
  2.8344E-01  4.9978E-02 -1.5780E+00  8.2338E-02  2.9080E-01
  1.4871E-01  1.3551E-01 -1.5914E+00  8.2338E-02  2.9080E-01
  7.9680E-01 -1.1103E-01  1.3877E+00  8.2338E-02  2.9080E-01
 -6.6519E-01  1.1066E-01 -1.4468E+00  8.1958E-02  2.9487E-01
 -6.8340E-01 -1.0130E-02  1.4338E+00  8.1577E-02  2.9902E-01
 -5.5122E-01 -4.6806E-03  1.4896E+00  8.1577E-02  2.9902E-01
 -1.5612E+00  1.3282E-01  2.6050E-01  8.1577E-02  2.9902E-01
  1.4011E+00 -1.4828E-01  7.1635E-01  8.1197E-02  3.0324E-01
 -1.7568E-01  1.6739E-01 -1.5618E+00  8.1197E-02  3.0324E-01
 -6.6826E-01 -3.6319E-02 -1.4319E+00  8.1197E-02  3.0324E-01
  4.9182E-01 -1.0551E-01 -1.4902E+00  8.0816E-02  3.0755E-01
  1.4341E+00 -1.6378E-01  6.0513E-01  8.0435E-02  3.1193E-01
 -1.0268E+00 -7.9472E-02 -1.1785E+00  8.0435E-02  3.1193E-01
 -9.9705E-01  1.4595E-01 -1.1976E+00  8.0435E-02  3.1193E-01
 -1.5012E+00  1.5766E-01 -3.8340E-01  8.0055E-02  3.1640E-01
  9.9123E-01 -7.6479E-02 -1.1988E+00  8.0055E-02  3.1640E-01
 -1.4395E+00  1.4722E-01 -5.5489E-01  7.9674E-02  3.2096E-01
 -4.3868E-01 -1.5091E-01  1.4787E+00  7.9674E-02  3.2096E-01
 -1.5256E+00 -1.1089E-01 -1.9624E-01  7.9293E-02  3.2561E-01
  9.4772E-01  1.2670E-01 -1.2003E+00  7.8913E-02  3.3034E-01
  5.6938E-01 -1.3400E-01  1.4187E+00  7.8913E-02  3.3034E-01
 -9.2080E-01 -3.1249E-02 -1.2272E+00  7.8913E-02  3.3034E-01
 -6.9903E-01 -1.8521E-01 -1.3449E+00  7.8532E-02  3.3517E-01
  9.4417E-02  1.0004E-01 -1.5208E+00  7.8532E-02  3.3517E-01
  1.4788E+00 -1.8047E-01  3.3514E-01  7.8532E-02  3.3517E-01
 -1.5194E+00 -1.5521E-02  9.4495E-03  7.8152E-02  3.4009E-01
 -1.5095E+00 -7.1547E-02 -1.5864E-01  7.8152E-02  3.4009E-01
 -1.7510E-01 -2.9987E-04 -1.5094E+00  7.8152E-02  3.4009E-01
  1.2071E+00  1.0275E-01 -9.1720E-01  7.8152E-02  3.4009E-01
  3.2499E-01  9.1191E-02  1.4739E+00  7.7771E-02  3.4511E-01
  1.1218E+00 -1.6298E-01  1.0006E+00  7.7771E-02  3.4511E-01
 -6.4144E-01 -6.2557E-02 -1.3596E+00  7.7390E-02  3.5022E-01
  1.0407E-01  4.8906E-03 -1.4936E+00  7.7010E-02  3.5544E-01
  4.8276E-01 -7.7782E-03 -1.4172E+00  7.7010E-02  3.5544E-01
  1.3020E+00  6.0270E-02  7.2157E-01  7.6629E-02  3.6076E-01
  6.0252E-02 -4.5114E-02  1.4879E+00  7.6629E-02  3.6076E-01
  1.3815E+00  3.9244E-02 -5.3651E-01  7.6248E-02  3.6619E-01
  8.1505E-01 -1.8023E-01 -1.2252E+00  7.6248E-02  3.6619E-01
  5.2916E-01 -8.5388E-02  1.3822E+00  7.6248E-02  3.6619E-01
  9.6046E-01 -1.6392E-01  1.1076E+00  7.5868E-02  3.7173E-01
  1.4666E+00  1.1733E-01  1.0742E-01  7.5868E-02  3.7173E-01
  1.4594E+00  7.1296E-02 -2.0300E-01  7.5868E-02  3.7173E-01
  9.9440E-01 -5.5919E-02  1.0784E+00  7.5487E-02  3.7739E-01
  5.9338E-01 -7.8281E-02  1.3404E+00  7.5487E-02  3.7739E-01
 -6.6872E-01 -1.3162E-01 -1.3001E+00  7.5487E-02  3.7739E-01
 -3.7919E-01 -1.8622E-01  1.4058E+00  7.5487E-02  3.7739E-01
  1.3481E+00 -1.8679E-02 -5.6203E-01  7.5106E-02  3.8315E-01
  5.0962E-01  1.4704E-01  1.3610E+00  7.5106E-02  3.8315E-01
  4.6041E-02 -1.1383E-01 -1.4412E+00  7.4345E-02  3.9504E-01
  6.4524E-01  3.8691E-03  1.2945E+00  7.4345E-02  3.9504E-01
  3.8781E-01  3.3594E-02  1.3930E+00  7.4345E-02  3.9504E-01
  1.1952E+00 -5.9352E-02  7.9975E-01  7.3965E-02  4.0117E-01
 -9.5000E-01 -1.2623E-02  1.0718E+00  7.3584E-02  4.0743E-01
 -1.7958E-01 -8.1575E-02 -1.4115E+00  7.3203E-02  4.1382E-01
 -3.1057E-02 -1.5712E-01  1.4162E+00  7.3203E-02  4.1382E-01
  9.8957E-01 -7.8586E-02 -1.0227E+00  7.3203E-02  4.1382E-01
  6.1450E-01 -6.6519E-02  1.2842E+00  7.3203E-02  4.1382E-01
  8.0403E-01 -8.0151E-02  1.1740E+00  7.3203E-02  4.1382E-01
 -9.2686E-01  7.4456E-02  1.0801E+00  7.3203E-02  4.1382E-01
 -1.4092E+00  1.5973E-01 -1.1758E-03  7.2822E-02  4.2035E-01
  1.3591E+00  1.4975E-01 -3.7670E-01  7.2822E-02  4.2035E-01
  6.2850E-01  9.2655E-02  1.2680E+00  7.2822E-02  4.2035E-01
  1.0930E+00  1.0632E-01  8.8641E-01  7.2442E-02  4.2701E-01
 -1.1652E+00  1.5263E-01 -7.8159E-01  7.2442E-02  4.2701E-01
  1.2432E+00 -6.6242E-02  6.6463E-01  7.2442E-02  4.2701E-01
  8.0641E-01 -1.2875E-01 -1.1510E+00  7.2442E-02  4.2701E-01
 -1.1305E+00 -9.3809E-02  8.1624E-01  7.1680E-02  4.4076E-01
  1.3853E+00 -1.4565E-01 -1.1391E-01  7.1680E-02  4.4076E-01
 -1.0737E+00  5.3252E-02 -8.9298E-01  7.1680E-02  4.4076E-01
  8.3091E-01  4.0622E-02 -1.1145E+00  7.1300E-02  4.4786E-01
 -1.2137E+00 -2.9948E-02 -6.6432E-01  7.0919E-02  4.5511E-01
  1.1804E+00 -9.0279E-02 -7.0383E-01  7.0538E-02  4.6253E-01
  1.3599E+00  1.2691E-01 -1.7728E-01  7.0538E-02  4.6253E-01
  1.2381E+00  1.2230E-01  5.9069E-01  7.0538E-02  4.6253E-01
 -1.2328E+00  1.3690E-01  5.9862E-01  7.0538E-02  4.6253E-01
 -1.0938E-01  1.8457E-01  1.3536E+00  7.0157E-02  4.7010E-01
  5.4288E-01  3.7914E-02 -1.2579E+00  7.0157E-02  4.7010E-01
 -1.0938E+00  5.4082E-02 -8.1296E-01  6.9776E-02  4.7784E-01
 -1.1706E+00 -1.2540E-01 -6.7546E-01  6.9395E-02  4.8575E-01
  4.3414E-01  1.7330E-01  1.2743E+00  6.9395E-02  4.8575E-01
 -1.2985E+00  8.3145E-02 -3.6250E-01  6.9014E-02  4.9384E-01
 -1.0158E+00 -1.6783E-01 -8.6424E-01  6.8633E-02  5.0211E-01
 -1.2949E+00 -1.4553E-01  3.3033E-01  6.8633E-02  5.0211E-01
 -1.2177E+00  1.4314E-01 -5.5111E-01  6.8633E-02  5.0211E-01
  4.0721E-01 -3.9551E-02 -1.2805E+00  6.8633E-02  5.0211E-01
  1.2427E+00 -1.3095E-01  4.7776E-01  6.8252E-02  5.1057E-01
  6.8259E-01  1.7265E-02  1.1504E+00  6.8252E-02  5.1057E-01
 -8.2570E-01 -1.8543E-02 -1.0524E+00  6.8252E-02  5.1057E-01
 -1.1226E+00 -1.0549E-01 -7.1990E-01  6.8252E-02  5.1057E-01
 -1.3046E-01  6.4268E-02 -1.3234E+00  6.7871E-02  5.1923E-01
 -1.2452E+00  1.7304E-01 -4.1849E-01  6.7489E-02  5.2808E-01
  5.0336E-01 -6.4717E-02  1.2171E+00  6.7108E-02  5.3713E-01
  5.7579E-01 -1.5067E-01  1.1697E+00  6.6726E-02  5.4640E-01
 -1.1085E+00  1.0185E-01  6.9507E-01  6.6726E-02  5.4640E-01
 -2.5024E-01  1.7945E-02  1.2818E+00  6.6345E-02  5.5588E-01
 -8.5194E-01 -3.3572E-02  9.8133E-01  6.5963E-02  5.6559E-01
  1.2966E+00  9.3447E-02  1.1785E-03  6.5963E-02  5.6559E-01
  9.4523E-01 -4.8388E-03  8.8349E-01  6.5581E-02  5.7553E-01
 -1.2112E+00  1.1810E-01 -4.3954E-01  6.5581E-02  5.7553E-01
 -1.2453E+00 -1.4983E-01  3.1749E-01  6.5581E-02  5.7553E-01
 -6.3507E-01  8.9737E-02  1.1167E+00  6.5199E-02  5.8571E-01
  9.8300E-01 -2.7871E-02  8.3142E-01  6.5199E-02  5.8571E-01
 -1.2042E+00 -3.4983E-02  4.3769E-01  6.4817E-02  5.9614E-01
 -9.1893E-01 -1.8789E-02 -8.9333E-01  6.4817E-02  5.9614E-01
  7.3627E-01  1.2276E-01  1.0346E+00  6.4434E-02  6.0681E-01
 -4.0373E-01  4.7268E-02  1.2092E+00  6.4434E-02  6.0681E-01
 -1.1622E+00  9.5581E-02  5.1735E-01  6.4434E-02  6.0681E-01
 -3.3064E-02  1.4469E-01  1.2671E+00  6.4434E-02  6.0681E-01
 -5.4885E-01 -8.1552E-02 -1.1487E+00  6.4434E-02  6.0681E-01
  6.8993E-01  6.3747E-02 -1.0641E+00  6.4051E-02  6.1776E-01
  1.2513E+00  7.9796E-02 -2.0069E-01  6.4051E-02  6.1776E-01
 -6.2806E-01 -1.5514E-02  1.1035E+00  6.4051E-02  6.1776E-01
 -2.1525E-01  7.2150E-02  1.2434E+00  6.3669E-02  6.2897E-01
  3.2742E-01 -1.3794E-01 -1.2130E+00  6.3669E-02  6.2897E-01
 -1.1501E+00 -1.4236E-01  5.0446E-01  6.3669E-02  6.2897E-01
  8.2058E-01  1.8318E-01  9.4372E-01  6.3669E-02  6.2897E-01
 -6.8851E-01  8.6704E-02  1.0564E+00  6.3669E-02  6.2897E-01
  1.3462E-01 -6.3899E-04 -1.2509E+00  6.3285E-02  6.4046E-01
  1.2575E+00 -4.6280E-03 -3.9158E-02  6.3285E-02  6.4046E-01
  1.0594E+00 -1.6881E-01 -6.4608E-01  6.2902E-02  6.5224E-01
 -2.9111E-01 -4.5186E-02 -1.2172E+00  6.2902E-02  6.5224E-01
  8.7602E-01 -1.7272E-01 -8.7809E-01  6.2902E-02  6.5224E-01
 -1.2344E+00 -7.1140E-02 -1.5833E-01  6.2518E-02  6.6433E-01
 -1.0939E+00 -7.0722E-02 -5.9364E-01  6.2518E-02  6.6433E-01
 -7.6304E-01 -8.4376E-03 -9.7855E-01  6.2134E-02  6.7672E-01
  7.6599E-01 -8.4374E-02  9.7263E-01  6.2134E-02  6.7672E-01
  8.3116E-01  1.3852E-01  9.1096E-01  6.2134E-02  6.7672E-01
  1.0053E+00 -4.1481E-02 -7.1667E-01  6.1750E-02  6.8943E-01
  1.2216E+00 -2.6054E-02 -1.8131E-01  6.1750E-02  6.8943E-01
 -1.2275E+00 -2.6208E-02  1.3557E-01  6.1750E-02  6.8943E-01
  5.8548E-01 -9.7532E-02  1.0770E+00  6.1365E-02  7.0248E-01
 -9.0947E-01  9.9342E-02  8.2171E-01  6.1365E-02  7.0248E-01
 -9.7092E-01  1.8352E-01  7.2272E-01  6.0980E-02  7.1587E-01
  1.5893E-01 -1.0478E-01  1.2093E+00  6.0980E-02  7.1587E-01
  1.0470E+00 -2.0057E-02  6.3415E-01  6.0980E-02  7.1587E-01
  1.1370E+00 -4.3387E-03  4.5374E-01  6.0980E-02  7.1587E-01
 -1.0549E+00  5.3194E-03 -6.1042E-01  6.0595E-02  7.2962E-01
 -1.0660E+00 -2.6660E-02 -5.7899E-01  6.0209E-02  7.4374E-01
 -6.9846E-01  8.8236E-02 -9.8823E-01  6.0209E-02  7.4374E-01
  1.3191E-01  8.1669E-02 -1.2034E+00  6.0209E-02  7.4374E-01
 -3.8675E-01  2.0213E-02 -1.1499E+00  6.0209E-02  7.4374E-01
 -9.7058E-01  1.6918E-01 -7.0821E-01  6.0209E-02  7.4374E-01
 -8.0706E-01  8.7635E-02  9.0177E-01  6.0209E-02  7.4374E-01
  6.7760E-01 -1.8558E-01 -9.8269E-01  5.9822E-02  7.5825E-01
  1.0770E-01 -9.2191E-02 -1.1997E+00  5.9822E-02  7.5825E-01
 -1.7416E-01  9.4468E-02 -1.1916E+00  5.9822E-02  7.5825E-01
  1.1527E+00 -1.1511E-01 -3.0333E-01  5.9048E-02  7.8847E-01
 -1.0596E+00  1.6630E-01  5.2073E-01  5.8660E-02  8.0422E-01
 -1.1713E+00 -1.0617E-01 -1.6160E-01  5.8271E-02  8.2042E-01
 -7.5499E-02  4.7475E-02  1.1838E+00  5.8271E-02  8.2042E-01
 -9.4864E-01  1.2276E-01  7.0314E-01  5.8271E-02  8.2042E-01
 -1.1789E+00  1.1991E-01 -7.2414E-02  5.8271E-02  8.2042E-01
  2.4773E-02 -3.3714E-02  1.1864E+00  5.8271E-02  8.2042E-01
 -9.0764E-01 -2.5411E-03 -7.5737E-01  5.7882E-02  8.3709E-01
 -8.1014E-01 -9.9493E-02  8.5509E-01  5.7882E-02  8.3709E-01
  7.5891E-01 -6.0045E-02 -8.9781E-01  5.7492E-02  8.5424E-01
  4.8426E-01 -3.0698E-02  1.0725E+00  5.7492E-02  8.5424E-01
 -1.0866E+00  1.4803E-01  4.2781E-01  5.7492E-02  8.5424E-01
 -1.1710E+00 -5.1923E-02  3.3374E-03  5.7101E-02  8.7190E-01
 -1.0636E+00 -3.6716E-02 -4.9133E-01  5.7101E-02  8.7190E-01
  1.1646E+00  7.4050E-02  2.7685E-02  5.6710E-02  8.9009E-01
  1.1423E+00 -1.8449E-01 -1.5410E-01  5.6710E-02  8.9009E-01
  1.1142E+00 -1.0544E-01 -3.3167E-01  5.6710E-02  8.9009E-01
 -4.1900E-01 -1.8063E-01 -1.0744E+00  5.6710E-02  8.9009E-01
  6.5671E-01 -4.5156E-02 -9.6399E-01  5.6710E-02  8.9009E-01
 -4.5363E-02  6.7008E-02  1.1597E+00  5.6317E-02  9.0882E-01
 -1.0179E+00  1.5968E-01 -5.3827E-01  5.6317E-02  9.0882E-01
  2.5355E-03 -7.0542E-03 -1.1625E+00  5.6317E-02  9.0882E-01
  1.1492E+00  1.0664E-01 -9.0632E-02  5.5924E-02  9.2814E-01
 -9.9261E-01 -8.2452E-02 -5.9011E-01  5.5924E-02  9.2814E-01
 -4.5626E-01 -6.2273E-02  1.0622E+00  5.5924E-02  9.2814E-01
  1.1413E+00  1.6207E-01 -2.6706E-02  5.5530E-02  9.4805E-01
  5.6756E-02  1.8294E-02  1.1515E+00  5.5530E-02  9.4805E-01
 -4.9477E-01  6.3270E-03 -1.0414E+00  5.5530E-02  9.4805E-01
  1.8311E-01  1.7512E-01 -1.1248E+00  5.5530E-02  9.4805E-01
  4.2923E-01 -1.3245E-01 -1.0619E+00  5.5530E-02  9.4805E-01
  7.5896E-01  1.8148E-01  8.4250E-01  5.5134E-02  9.6859E-01
 -1.1353E+00 -1.7170E-01 -1.7119E-02  5.5134E-02  9.6859E-01
 -6.5887E-01 -1.0587E-02  9.4050E-01  5.5134E-02  9.6859E-01
  9.0140E-01 -4.6358E-02 -7.0257E-01  5.4738E-02  9.8980E-01
  2.4066E-01 -1.0667E-01  1.1131E+00  5.4738E-02  9.8980E-01
 -3.4440E-01 -1.6972E-02 -1.0906E+00  5.4738E-02  9.8980E-01
  1.9861E-01  9.3655E-02  1.1179E+00  5.4340E-02  1.0117E+00
 -1.0408E+00 -1.4545E-01 -4.1664E-01  5.3541E-02  1.0577E+00
 -7.1166E-01  1.2584E-01  8.6927E-01  5.3541E-02  1.0577E+00
  1.1253E+00  2.0058E-02  3.9578E-02  5.3139E-02  1.0818E+00
  1.0357E+00  1.7816E-02  4.4185E-01  5.3139E-02  1.0818E+00
 -9.8478E-01 -3.9980E-02  5.4478E-01  5.3139E-02  1.0818E+00
  2.4684E-02  7.9028E-02  1.1231E+00  5.3139E-02  1.0818E+00
  9.0884E-01  1.4069E-01 -6.4991E-01  5.3139E-02  1.0818E+00
 -1.1166E+00  1.0443E-01  2.9665E-02  5.2736E-02  1.1068E+00
  9.4978E-01  2.3244E-03 -5.9709E-01  5.2736E-02  1.1068E+00
 -1.0868E+00  6.4385E-03  2.7810E-01  5.2736E-02  1.1068E+00
 -9.0522E-01 -9.6942E-02  6.4837E-01  5.2331E-02  1.1327E+00
 -5.2197E-01  1.6778E-01 -9.7396E-01  5.2331E-02  1.1327E+00
 -1.0593E+00 -3.8695E-02 -3.5445E-01  5.2331E-02  1.1327E+00
 -3.7136E-03  1.5859E-01 -1.1064E+00  5.2331E-02  1.1327E+00
 -1.1637E-01  1.3121E-01  1.0997E+00  5.1925E-02  1.1595E+00
  9.5710E-01 -1.7297E-01  5.4225E-01  5.1925E-02  1.1595E+00
  5.1615E-01 -1.3171E-01 -9.7788E-01  5.1925E-02  1.1595E+00
 -1.0641E+00 -9.0976E-02 -3.0052E-01  5.1516E-02  1.1873E+00
  2.8675E-01 -1.4051E-01  1.0625E+00  5.1516E-02  1.1873E+00
  4.9244E-01 -1.2026E-01  9.8692E-01  5.1516E-02  1.1873E+00
  2.4138E-01 -1.6541E-02  1.0787E+00  5.1106E-02  1.2161E+00
 -1.0750E+00  4.3682E-03  2.5766E-01  5.1106E-02  1.2161E+00
 -1.0956E+00 -4.0576E-02 -1.4226E-01  5.1106E-02  1.2161E+00
 -5.6347E-01  3.5959E-02  9.5044E-01  5.1106E-02  1.2161E+00
 -8.8386E-01 -1.7864E-01  6.3273E-01  5.0694E-02  1.2461E+00
  8.9661E-02  1.1948E-01  1.0914E+00  5.0694E-02  1.2461E+00
  3.8056E-01  9.7509E-04 -1.0296E+00  5.0279E-02  1.2771E+00
  1.0464E+00  1.3516E-02  3.3129E-01  5.0279E-02  1.2771E+00
  9.4932E-01 -8.9573E-02 -5.4383E-01  5.0279E-02  1.2771E+00
 -1.2425E-01 -3.4508E-02 -1.0901E+00  5.0279E-02  1.2771E+00
 -7.6751E-01  1.7006E-02 -7.8461E-01  5.0279E-02  1.2771E+00
  8.6617E-01  1.0486E-01  6.6613E-01  5.0279E-02  1.2771E+00
  7.9188E-01 -3.6196E-02  7.5385E-01  4.9863E-02  1.3094E+00
 -4.1333E-01  1.3094E-02 -1.0127E+00  4.9863E-02  1.3094E+00
 -1.0808E+00  9.2266E-02  1.0897E-01  4.9444E-02  1.3430E+00
 -2.1768E-01 -8.8029E-02 -1.0646E+00  4.9444E-02  1.3430E+00
  3.3601E-01 -1.6127E-01  1.0245E+00  4.9444E-02  1.3430E+00
 -9.3194E-01 -1.0588E-01  5.5572E-01  4.9444E-02  1.3430E+00
  2.8918E-01 -1.3365E-02 -1.0473E+00  4.9022E-02  1.3780E+00
 -8.8141E-01  1.1955E-01  6.2404E-01  4.9022E-02  1.3780E+00
  1.8795E-01 -2.3499E-02  1.0699E+00  4.9022E-02  1.3780E+00
 -4.3479E-02  1.3000E-03 -1.0857E+00  4.9022E-02  1.3780E+00
  3.7278E-01  7.9542E-02 -1.0175E+00  4.9022E-02  1.3780E+00
 -8.6807E-01  1.0576E-01 -6.4488E-01  4.9022E-02  1.3780E+00
  8.0750E-01 -6.0264E-02  7.2451E-01  4.9022E-02  1.3780E+00
 -9.2985E-01  3.0565E-03  5.5515E-01  4.8597E-02  1.4144E+00
 -3.0868E-01  8.9241E-02 -1.0342E+00  4.8597E-02  1.4144E+00
 -7.7196E-02 -1.7195E-01  1.0664E+00  4.8597E-02  1.4144E+00
  5.2053E-01  1.0189E-01 -9.4419E-01  4.8597E-02  1.4144E+00
 -9.9776E-01  5.8421E-02  4.0778E-01  4.8170E-02  1.4524E+00
 -1.0676E+00 -1.2412E-01  1.0016E-01  4.8170E-02  1.4524E+00
  1.0663E+00  1.5180E-01 -7.1368E-02  4.8170E-02  1.4524E+00
  8.9219E-01  1.1526E-01 -5.9661E-01  4.8170E-02  1.4524E+00
  9.8867E-01  2.2013E-02  4.3276E-01  4.8170E-02  1.4524E+00
  1.0583E+00  4.2851E-02 -1.8987E-01  4.7739E-02  1.4920E+00
  4.3844E-02 -1.5818E-01 -1.0634E+00  4.7739E-02  1.4920E+00
  5.9291E-01 -4.7354E-02  8.9667E-01  4.7739E-02  1.4920E+00
  9.5049E-01  9.3014E-02 -4.9571E-01  4.7739E-02  1.4920E+00
  1.0708E+00 -3.6264E-02  9.9147E-02  4.7739E-02  1.4920E+00
  9.6897E-01  1.4953E-01 -4.3509E-01  4.7306E-02  1.5334E+00
 -1.0207E+00  1.1086E-01 -3.1058E-01  4.7306E-02  1.5334E+00
  1.0702E+00  3.9307E-02  6.0741E-02  4.7306E-02  1.5334E+00
  8.2769E-02 -6.9654E-02  1.0672E+00  4.7306E-02  1.5334E+00
 -9.0047E-01  3.3931E-02  5.8186E-01  4.7306E-02  1.5334E+00
  1.0272E+00  8.5360E-02 -2.9701E-01  4.7306E-02  1.5334E+00
  3.9709E-01  1.4743E-01  9.8188E-01  4.6868E-02  1.5768E+00
  5.7741E-01  5.1785E-02 -8.9856E-01  4.6868E-02  1.5768E+00
 -3.7011E-01  5.2921E-02  1.0019E+00  4.6868E-02  1.5768E+00
  1.7471E-01  1.6881E-01 -1.0414E+00  4.6868E-02  1.5768E+00
  1.3266E-01  1.5255E-01 -1.0468E+00  4.6427E-02  1.6222E+00
  1.0217E+00 -6.2785E-03 -2.9311E-01  4.5982E-02  1.6697E+00
  1.0100E+00  9.0887E-02 -3.0825E-01  4.5533E-02  1.7196E+00
  1.0119E+00 -1.5258E-01 -2.7588E-01  4.5533E-02  1.7196E+00
  8.2392E-02 -2.2253E-02 -1.0564E+00  4.5533E-02  1.7196E+00
  5.9317E-01  1.8267E-01  8.5914E-01  4.5533E-02  1.7196E+00
  9.9641E-01 -8.7966E-02 -3.5039E-01  4.5533E-02  1.7196E+00
 -8.1477E-01 -6.3760E-02 -6.7485E-01  4.5533E-02  1.7196E+00
  1.0421E+00  3.9681E-02  1.8935E-01  4.5533E-02  1.7196E+00
 -1.0525E+00  9.7988E-02  7.7647E-02  4.5533E-02  1.7196E+00
 -3.2608E-01 -1.5017E-01 -9.9722E-01  4.5533E-02  1.7196E+00
  2.4745E-01 -1.9736E-03 -1.0275E+00  4.5079E-02  1.7721E+00
  4.1000E-01  2.4419E-02 -9.7379E-01  4.5079E-02  1.7721E+00
 -9.8265E-01 -7.3789E-02 -3.8199E-01  4.5079E-02  1.7721E+00
 -1.4715E-01 -1.3276E-01  1.0381E+00  4.5079E-02  1.7721E+00
  1.5905E-01  1.7466E-01  1.0271E+00  4.4620E-02  1.8273E+00
 -2.8285E-01 -8.7214E-02 -1.0115E+00  4.4620E-02  1.8273E+00
 -6.4654E-01  1.7064E-01  8.1464E-01  4.4620E-02  1.8273E+00
 -9.8179E-01  1.6773E-01  3.3571E-01  4.4156E-02  1.8855E+00
  6.8154E-01 -5.1569E-02 -7.9849E-01  4.4156E-02  1.8855E+00
 -8.4487E-01  2.6185E-03 -6.2524E-01  4.4156E-02  1.8855E+00
  6.4900E-01  1.2986E-01 -8.1650E-01  4.4156E-02  1.8855E+00
  3.0277E-01  1.1832E-01 -9.9660E-01  4.3687E-02  1.9469E+00
 -1.0469E+00 -4.6525E-02 -2.7779E-02  4.3687E-02  1.9469E+00
  1.0331E+00  5.2934E-02 -1.6952E-01  4.3687E-02  1.9469E+00
  1.0361E+00  7.2752E-02 -1.4166E-01  4.3687E-02  1.9469E+00
 -6.6637E-01  2.4273E-02  8.0534E-01  4.3212E-02  2.0119E+00
 -6.8310E-01 -1.3332E-01  7.8026E-01  4.3212E-02  2.0119E+00
  1.0424E+00 -5.8065E-02 -5.7402E-02  4.3212E-02  2.0119E+00
  4.1315E-01 -9.0918E-02 -9.5616E-01  4.3212E-02  2.0119E+00
  1.0374E+00  1.3016E-01  5.8012E-03  4.3212E-02  2.0119E+00
 -9.8132E-01 -2.2681E-03 -3.5314E-01  4.2730E-02  2.0806E+00
 -9.8220E-01 -8.3053E-02  3.4070E-01  4.2730E-02  2.0806E+00
 -9.9632E-01  1.3052E-01  2.7931E-01  4.2730E-02  2.0806E+00
 -3.2079E-01 -1.7709E-01  9.7644E-01  4.2730E-02  2.0806E+00
 -1.0005E+00 -1.6140E-01  2.4637E-01  4.2730E-02  2.0806E+00
  9.3811E-01 -1.6474E-02 -4.4948E-01  4.2242E-02  2.1536E+00
  9.1571E-01  9.9188E-02  4.8373E-01  4.2242E-02  2.1536E+00
  1.0038E+00 -2.0854E-02  2.6311E-01  4.1747E-02  2.2312E+00
  1.0251E+00  1.3199E-01 -9.4032E-02  4.1747E-02  2.2312E+00
 -9.5490E-01  6.4311E-02  4.0153E-01  4.1747E-02  2.2312E+00
  3.2043E-01 -3.2912E-03  9.8717E-01  4.1747E-02  2.2312E+00
  8.8610E-01 -7.0313E-02 -5.3112E-01  4.1244E-02  2.3138E+00
 -1.0202E+00  4.3765E-02 -1.7167E-01  4.1244E-02  2.3138E+00
  5.2075E-01  1.4111E-01  8.8106E-01  4.0733E-02  2.4020E+00
  7.1117E-01 -7.9653E-02  7.4516E-01  4.0733E-02  2.4020E+00
  2.6319E-01 -1.6340E-01 -9.8560E-01  4.0733E-02  2.4020E+00
  6.6263E-01  1.7247E-01 -7.7366E-01  4.0733E-02  2.4020E+00
 -8.0510E-01 -7.0912E-03  6.4379E-01  4.0213E-02  2.4964E+00
  3.1066E-01  1.2392E-01 -9.7511E-01  4.0213E-02  2.4964E+00
  1.0028E+00 -1.6140E-01 -1.7622E-01  4.0213E-02  2.4964E+00
 -9.2513E-01  6.5931E-02  4.5000E-01  4.0213E-02  2.4964E+00
  3.3455E-01 -9.6086E-02 -9.6802E-01  3.9683E-02  2.5977E+00
  6.5420E-01  1.0305E-01 -7.8716E-01  3.9683E-02  2.5977E+00
 -1.0202E+00 -7.1087E-02  1.1159E-01  3.9683E-02  2.5977E+00
 -9.9154E-01  5.4967E-02  2.6026E-01  3.9143E-02  2.7067E+00
  7.3007E-01  5.9468E-02  7.1639E-01  3.8592E-02  2.8243E+00
  1.8945E-01 -1.6128E-01  9.9390E-01  3.8592E-02  2.8243E+00
  2.0105E-01  1.7506E-01 -9.8928E-01  3.8592E-02  2.8243E+00
 -9.9595E-01 -1.8544E-01  1.5312E-01  3.8592E-02  2.8243E+00
  9.4276E-01  1.3956E-01  3.7079E-01  3.8029E-02  2.9517E+00
 -9.3071E-01  1.1711E-02 -4.1903E-01  3.7452E-02  3.0900E+00
 -2.1220E-01 -1.3355E-01  9.8949E-01  3.7452E-02  3.0900E+00
  8.2156E-01  1.3731E-01  5.9003E-01  3.7452E-02  3.0900E+00
  1.0075E+00  2.6307E-02  1.6209E-01  3.7452E-02  3.0900E+00
  8.7120E-01 -1.5129E-01  5.0997E-01  3.7452E-02  3.0900E+00
 -1.1423E-01  8.1858E-02 -1.0092E+00  3.6862E-02  3.2409E+00
  6.4117E-01 -1.7388E-01 -7.7264E-01  3.6862E-02  3.2409E+00
 -5.9815E-01 -9.3143E-02 -8.1966E-01  3.6862E-02  3.2409E+00
  8.8185E-02 -7.6994E-02 -1.0105E+00  3.6256E-02  3.4062E+00
  1.0005E+00 -1.7916E-01  4.0591E-02  3.6256E-02  3.4062E+00
  3.3621E-01  9.8339E-02  9.5505E-01  3.6256E-02  3.4062E+00
 -1.0024E+00 -1.6273E-01 -1.7645E-02  3.5633E-02  3.5880E+00
  4.4504E-01 -1.0626E-02  9.1287E-01  3.5633E-02  3.5880E+00
 -5.3345E-01  4.6932E-02 -8.6298E-01  3.5633E-02  3.5880E+00
  9.5089E-01 -1.4827E-01  3.1965E-01  3.4991E-02  3.7890E+00
  2.3959E-01 -4.7460E-02 -9.8423E-01  3.4991E-02  3.7890E+00
  8.8824E-01 -1.0946E-01 -4.7688E-01  3.4991E-02  3.7890E+00
 -9.3480E-01 -1.5269E-01 -3.5807E-01  3.4329E-02  4.0125E+00
  9.3966E-01 -1.6904E-01 -3.3742E-01  3.4329E-02  4.0125E+00
  4.4083E-01  3.8895E-02  9.1079E-01  3.4329E-02  4.0125E+00
  5.5157E-01 -6.0919E-02 -8.4702E-01  3.4329E-02  4.0125E+00
 -5.2797E-01 -1.5501E-01  8.4840E-01  3.3644E-02  4.2626E+00
  5.6571E-01 -1.7524E-01  8.1965E-01  3.3644E-02  4.2626E+00
 -7.7733E-01 -4.3584E-02  6.4531E-01  3.3644E-02  4.2626E+00
 -8.4758E-01  1.7881E-01  5.2173E-01  3.3644E-02  4.2626E+00
  9.1984E-01  1.7179E-01 -3.8333E-01  3.3644E-02  4.2626E+00
  4.6918E-01  5.4862E-02  8.9411E-01  3.3644E-02  4.2626E+00
 -8.4029E-01  1.4162E-01  5.4445E-01  3.3644E-02  4.2626E+00
  8.1456E-01  3.6353E-02  5.9590E-01  3.2934E-02  4.5444E+00
  2.7747E-01  8.0486E-02 -9.6770E-01  3.2934E-02  4.5444E+00
 -5.0465E-01 -1.6109E-01  8.5982E-01  3.2934E-02  4.5444E+00
 -1.9044E-01  9.1262E-02 -9.8758E-01  3.2934E-02  4.5444E+00
  5.6878E-01 -5.8873E-02 -8.3243E-01  3.2934E-02  4.5444E+00
 -4.5580E-01  6.0664E-02 -8.9916E-01  3.2934E-02  4.5444E+00
  7.4140E-01 -1.9393E-02 -6.8365E-01  3.2195E-02  4.8645E+00
  3.2356E-01 -1.5281E-01  9.4308E-01  3.2195E-02  4.8645E+00
 -9.8854E-01 -7.5765E-02 -1.8572E-01  3.2195E-02  4.8645E+00
 -6.1589E-01  3.6597E-03 -7.9882E-01  3.2195E-02  4.8645E+00
 -8.0416E-01  7.8941E-02 -6.0184E-01  3.1425E-02  5.2312E+00
 -9.7014E-01 -1.5275E-01 -2.2500E-01  3.1425E-02  5.2312E+00
  5.0104E-01 -1.4893E-02 -8.7276E-01  3.0618E-02  5.6557E+00
  3.1845E-01 -9.9384E-02 -9.4957E-01  3.0618E-02  5.6557E+00
  8.3412E-01 -1.8206E-01 -5.3112E-01  2.9770E-02  6.1530E+00
  9.9944E-01  3.4775E-02 -1.0441E-01  2.9770E-02  6.1530E+00
  8.6420E-01  1.6466E-02 -5.1368E-01  2.9770E-02  6.1530E+00
  7.9971E-01  1.5692E-01 -5.8892E-01  2.9770E-02  6.1530E+00
 -1.7214E-01 -1.2977E-01  9.8117E-01  2.8874E-02  6.7438E+00
  5.6286E-01 -2.1411E-02 -8.3181E-01  2.8874E-02  6.7438E+00
  1.7788E-01 -1.7673E-01 -9.7278E-01  2.8874E-02  6.7438E+00
  1.0018E+00  3.7531E-02 -5.0063E-02  2.7921E-02  7.4574E+00
  7.1129E-01  1.4791E-01 -6.9260E-01  2.7921E-02  7.4574E+00
  1.8928E-01  1.6397E-01 -9.7124E-01  2.6903E-02  8.3369E+00
  9.8339E-01  1.0095E-01 -1.6961E-01  2.6903E-02  8.3369E+00
 -1.2017E-01  5.1464E-02 -9.9378E-01  2.5804E-02  9.4481E+00
 -2.6086E-01 -6.7446E-02  9.6545E-01  2.5804E-02  9.4481E+00
  1.7100E-01  1.3200E-01 -9.7879E-01  2.5804E-02  9.4481E+00
 -9.7483E-01  1.2057E-01  1.9673E-01  2.4606E-02  1.0897E+01
  8.6739E-01  1.4246E-01 -4.8049E-01  2.4606E-02  1.0897E+01
 -9.8541E-01  1.6707E-01  6.7730E-02  2.4606E-02  1.0897E+01
 -6.2349E-01  1.4805E-01  7.6934E-01  2.3280E-02  1.2866E+01
 -8.8116E-01 -3.2578E-02 -4.7439E-01  2.3280E-02  1.2866E+01
 -2.0599E-01  1.5224E-02 -9.7973E-01  2.3280E-02  1.2866E+01
 -3.8609E-01 -5.3367E-03 -9.2382E-01  2.3280E-02  1.2866E+01
 -9.7123E-01  1.2996E-01  2.0581E-01  2.3280E-02  1.2866E+01
 -9.3039E-01  1.2747E-01  3.4736E-01  2.3280E-02  1.2866E+01
  6.5874E-01 -4.3566E-02  7.5280E-01  2.3280E-02  1.2866E+01
 -4.7221E-04  7.1384E-02 -9.9872E-01  2.3280E-02  1.2866E+01
 -4.7260E-01  1.1940E-01 -8.7460E-01  2.3280E-02  1.2866E+01
  9.8393E-01  1.2107E-01  1.3758E-01  2.1787E-02  1.5696E+01
  9.3393E-01 -3.1115E-02 -3.5849E-01  2.1787E-02  1.5696E+01
  1.4839E-01 -7.2127E-02 -9.8716E-01  2.1787E-02  1.5696E+01
 -9.2039E-01 -1.0659E-01 -3.7846E-01  2.1787E-02  1.5696E+01
 -9.2128E-01 -5.3274E-02 -3.8745E-01  2.1787E-02  1.5696E+01
  9.0782E-01  1.0889E-01  4.0708E-01  2.1787E-02  1.5696E+01
 -6.0834E-01  5.0322E-02  7.9316E-01  2.1787E-02  1.5696E+01
 -8.8011E-01  1.8565E-01 -4.3815E-01  2.0058E-02  2.0115E+01
 -2.2721E-01 -8.8092E-02  9.7039E-01  2.0058E-02  2.0115E+01
 -9.8449E-01  1.2962E-01 -1.2258E-01  2.0058E-02  2.0115E+01
  7.4078E-01 -1.5387E-02  6.7235E-01  2.0058E-02  2.0115E+01
  4.8934E-01  1.2361E-01  8.6389E-01  2.0058E-02  2.0115E+01
  1.7678E-01  1.3132E-02 -9.8444E-01  1.7969E-02  2.7981E+01
 -7.5661E-01 -5.5057E-02 -6.5196E-01  1.7969E-02  2.7981E+01
  9.7248E-01 -7.1593E-02 -2.2292E-01  1.7969E-02  2.7981E+01
