0.49988571428571D+01       608
(x,y,z) position of the X-ray source
  0.1456E+01  0.5537E-01  0.1057E+01
x | y | z | R | rho
 -5.8025E-01 -2.5903E-01  6.4080E+00  2.3796E-01  1.2048E-02
  1.8094E+00 -7.3124E-02  5.2444E+00  2.1439E-01  1.6474E-02
 -1.5079E+00  8.4219E-02  6.8807E+00  2.5330E-01  9.9884E-03
  2.8372E-01 -3.5485E-02  5.1944E+00  2.0488E-01  1.8876E-02
  1.8725E-01 -1.7496E-01  6.2321E+00  2.3272E-01  1.2879E-02
 -4.5434E-01 -1.7928E-01  6.9791E+00  2.5209E-01  1.0133E-02
  6.7469E-01  1.3254E-01  5.3916E+00  2.1131E-01  1.7205E-02
  1.6593E+00 -1.7730E-01  8.7256E+00  2.9733E-01  6.1757E-03
 -4.2798E-01  2.6876E-01  7.2227E+00  2.5817E-01  9.4342E-03
  1.7676E+00 -2.3089E-01  6.5332E+00  2.4645E-01  1.0845E-02
  6.1141E-02  1.7882E-01  9.4382E+00  3.1000E-01  5.4490E-03
  3.2475E-01 -2.9299E-01  5.6908E+00  2.1870E-01  1.5519E-02
 -6.6423E-01 -1.5895E-01  5.0353E+00  2.0150E-01  1.9841E-02
 -1.5523E+00 -2.9834E-01  8.8560E+00  2.9991E-01  6.0179E-03
  3.8359E-01  6.0681E-02  7.5893E+00  2.6696E-01  8.5318E-03
 -1.6807E+00 -3.0411E-01  8.6433E+00  2.9564E-01  6.2823E-03
 -8.9999E-01  1.3077E-01  8.7597E+00  2.9556E-01  6.2876E-03
 -1.2001E+00 -2.8886E-02  4.5987E+00  1.9217E-01  2.2874E-02
 -1.3003E+00 -1.5618E-01  4.6934E+00  1.9560E-01  2.1691E-02
  1.0210E+00  9.9728E-02  4.1344E+00  1.7771E-01  2.8925E-02
 -2.6018E-01  1.7385E-01  5.4736E+00  2.1260E-01  1.6893E-02
 -9.6563E-01 -2.5064E-01  7.9482E+00  2.7687E-01  7.6484E-03
 -1.1063E-01 -3.3618E-03  5.1504E+00  2.0347E-01  1.9272E-02
  8.3683E-01 -2.5956E-01  4.8681E+00  1.9769E-01  2.1010E-02
 -1.2815E+00  3.5263E-03  9.1491E+00  3.0544E-01  5.6968E-03
  6.6328E-01 -1.3887E-01  7.3707E+00  2.6214E-01  9.0115E-03
  1.3022E-01  2.9754E-01  7.0496E+00  2.5361E-01  9.9513E-03
 -4.7571E-01 -1.0973E-01  6.1936E+00  2.3208E-01  1.2986E-02
  1.0747E+00  1.4438E-01  4.9328E+00  2.0064E-01  2.0099E-02
 -1.4816E+00 -2.6167E-01  4.3526E+00  1.8790E-01  2.4468E-02
 -1.7236E+00 -2.8635E-03  4.0670E+00  1.8239E-01  2.6755E-02
  5.0055E-01  2.6233E-01  8.5433E+00  2.8988E-01  6.6645E-03
  7.0505E-01 -1.7209E-01  8.3140E+00  2.8481E-01  7.0266E-03
 -1.0924E+00 -2.5990E-01  4.4118E+00  1.8636E-01  2.5079E-02
  1.9960E+00 -6.9583E-02  4.7762E+00  2.0417E-01  1.9073E-02
  1.4794E+00  2.1438E-01  4.5708E+00  1.9378E-01  2.2308E-02
  3.4339E-01  3.2465E-01  7.4325E+00  2.6326E-01  8.8969E-03
  5.3867E-01  2.2562E-01  7.1056E+00  2.5542E-01  9.7418E-03
  1.4052E+00  3.1383E-01  7.0551E+00  2.5718E-01  9.5430E-03
  1.5057E+00 -2.6608E-01  6.1486E+00  2.3528E-01  1.2463E-02
 -1.5719E+00 -2.8031E-01  5.4616E+00  2.1823E-01  1.5619E-02
  3.7408E-01  5.8256E-02  5.9573E+00  2.2568E-01  1.4122E-02
  1.6352E+00  1.5015E-01  4.5756E+00  1.9528E-01  2.1800E-02
 -1.8343E+00  1.1341E-01  4.5337E+00  1.9615E-01  2.1509E-02
 -4.1117E-01 -1.2946E-01  4.9255E+00  1.9764E-01  2.1028E-02
  2.9741E-01 -2.5438E-01  4.5324E+00  1.8627E-01  2.5117E-02
 -8.7813E-01 -3.8432E-01  9.6294E+00  3.1532E-01  5.1779E-03
  3.0794E-01  9.5352E-02  5.7531E+00  2.2016E-01  1.5212E-02
 -1.5205E+00 -1.2337E-01  5.8342E+00  2.2729E-01  1.3824E-02
 -1.5961E+00  2.5926E-01  4.6047E+00  1.9582E-01  2.1619E-02
  1.1539E+00 -2.0211E-01  7.1806E+00  2.5904E-01  9.3396E-03
 -1.8081E+00  1.3171E-01  7.6350E+00  2.7296E-01  7.9819E-03
 -1.0129E+00 -1.3003E-01  4.8754E+00  1.9868E-01  2.0699E-02
  1.9903E-01  1.4742E-01  5.4366E+00  2.1150E-01  1.7159E-02
 -2.4955E-01 -2.6977E-01  5.6189E+00  2.1663E-01  1.5968E-02
 -1.6161E+00 -2.3042E-02  5.7460E+00  2.2567E-01  1.4124E-02
  1.8738E+00  1.8439E-01  5.6665E+00  2.2573E-01  1.4113E-02
 -2.6819E-02  1.9530E-01  4.3429E+00  1.8032E-01  2.7686E-02
  1.6720E-01 -2.1753E-01  6.4828E+00  2.3922E-01  1.1858E-02
 -1.8647E+00  2.6090E-02  4.5701E+00  1.9740E-01  2.1104E-02
 -1.5264E-01  6.9622E-03  4.2040E+00  1.7612E-01  2.9716E-02
  1.8541E+00 -2.6090E-02  3.7511E+00  1.7544E-01  3.0060E-02
 -1.1575E+00  1.8673E-01  3.9935E+00  1.7477E-01  3.0409E-02
  1.2468E-01 -1.9469E-03  4.1378E+00  1.7409E-01  3.0764E-02
 -6.2538E-01  1.0744E-01  4.0682E+00  1.7342E-01  3.1126E-02
  3.4306E-01  1.0639E-01  4.0681E+00  1.7240E-01  3.1679E-02
  8.5367E-01  2.5453E-01  3.8831E+00  1.6934E-01  3.3426E-02
  1.7803E-01  8.7037E-02  3.9014E+00  1.6695E-01  3.4882E-02
  1.4334E+00  1.7634E-01  3.6177E+00  1.6661E-01  3.5098E-02
  1.5602E+00  1.7924E-01  3.4198E+00  1.6249E-01  3.7837E-02
  8.0419E-01 -1.7093E-01  3.6610E+00  1.6215E-01  3.8079E-02
 -1.7095E+00  1.7517E-01  3.3108E+00  1.6146E-01  3.8570E-02
  1.8356E+00 -9.5113E-02  3.2459E+00  1.6146E-01  3.8570E-02
  5.9577E-01 -2.1628E-01  3.5871E+00  1.5869E-01  4.0625E-02
 -1.8237E+00  1.7131E-01  3.0347E+00  1.5555E-01  4.3129E-02
 -1.1977E+00  1.2618E-01  3.2415E+00  1.5276E-01  4.5542E-02
 -2.2416E-02  2.2954E-01  3.4070E+00  1.5135E-01  4.6822E-02
  3.3753E-01  8.7651E-02  3.3753E+00  1.5065E-01  4.7481E-02
 -7.0461E-01 -7.9715E-02  3.3074E+00  1.5030E-01  4.7815E-02
 -4.4105E-01  1.6563E-01  3.3062E+00  1.4889E-01  4.9186E-02
 -1.7416E+00 -1.2289E-01  2.8216E+00  1.4818E-01  4.9893E-02
  1.0557E-01  4.7683E-02  3.2306E+00  1.4535E-01  5.2868E-02
 -1.5102E-01 -9.5256E-02  3.2171E+00  1.4499E-01  5.3258E-02
  1.5716E+00 -1.5764E-01  2.7716E+00  1.4392E-01  5.4451E-02
  9.3662E-01  1.0995E-01  3.0253E+00  1.4321E-01  5.5267E-02
 -6.8314E-02 -1.2997E-01  3.1337E+00  1.4214E-01  5.6525E-02
  1.7416E+00 -6.7170E-02  2.5957E+00  1.4178E-01  5.6953E-02
  7.6559E-01 -1.1532E-01  3.0292E+00  1.4178E-01  5.6953E-02
 -1.5472E+00  6.5699E-02  2.7039E+00  1.4143E-01  5.7386E-02
 -1.3974E+00  1.5491E-01  2.7571E+00  1.4071E-01  5.8265E-02
  1.2669E+00 -1.7924E-01  2.7833E+00  1.3964E-01  5.9620E-02
  6.1017E-01 -1.1078E-02  2.9590E+00  1.3820E-01  6.1497E-02
  1.3604E+00 -1.5045E-01  2.6817E+00  1.3784E-01  6.1979E-02
  9.8372E-01 -4.8979E-02  2.8340E+00  1.3748E-01  6.2467E-02
  2.9140E-01  1.7257E-01  2.9496E+00  1.3640E-01  6.3962E-02
 -1.1602E+00  1.2598E-01  2.6166E+00  1.3279E-01  6.9327E-02
  1.0051E+00  1.8357E-01  2.6656E+00  1.3243E-01  6.9898E-02
  1.5650E+00 -1.2870E-01  2.3841E+00  1.3243E-01  6.9898E-02
  1.1533E+00 -4.1123E-02  2.5998E+00  1.3207E-01  7.0476E-02
  1.8400E+00 -2.0006E-01  2.1053E+00  1.3061E-01  7.2853E-02
  1.0222E+00  1.2129E-01  2.5963E+00  1.3025E-01  7.3466E-02
 -7.9933E-01 -2.0952E-01  2.6356E+00  1.2916E-01  7.5345E-02
 -2.1380E-01  5.2922E-02  2.7226E+00  1.2806E-01  7.7293E-02
  1.3296E+00 -2.5453E-02  2.3392E+00  1.2660E-01  8.0001E-02
 -3.1474E-02  1.8471E-01  2.6842E+00  1.2660E-01  8.0001E-02
  9.2246E-01  1.1526E-01  2.5142E+00  1.2623E-01  8.0699E-02
 -4.4655E-01 -1.4765E-01  2.6287E+00  1.2587E-01  8.1405E-02
  1.8819E+00 -1.9477E-01 -1.7537E+00  1.2256E-01  8.8168E-02
  4.4316E-01  7.9688E-02  2.5096E+00  1.2146E-01  9.0595E-02
  4.7413E-01  2.1529E-01  2.4857E+00  1.2109E-01  9.1425E-02
 -1.7873E+00  1.9752E-01 -1.7935E+00  1.2109E-01  9.1425E-02
  9.1115E-01 -1.5194E-01  2.3123E+00  1.1925E-01  9.5738E-02
  1.1723E+00  1.1198E-01  2.1826E+00  1.1888E-01  9.6634E-02
 -1.7982E+00  1.3462E-01 -1.7026E+00  1.1888E-01  9.6634E-02
  1.5675E+00 -1.9377E-01 -1.8735E+00  1.1776E-01  9.9393E-02
 -1.6177E+00  1.6654E-01 -1.8065E+00  1.1702E-01  1.0129E-01
  1.3706E+00  1.0445E-01  1.9808E+00  1.1628E-01  1.0324E-01
 -1.9993E-01  4.5122E-02  2.4023E+00  1.1628E-01  1.0324E-01
  1.4596E+00 -4.9299E-02 -1.9061E+00  1.1591E-01  1.0424E-01
 -6.9151E-02 -6.0450E-03  2.3807E+00  1.1517E-01  1.0627E-01
  1.8141E+00 -1.6829E-01  1.5188E+00  1.1480E-01  1.0731E-01
  1.6314E+00  4.8877E-02 -1.7076E+00  1.1442E-01  1.0836E-01
 -1.7431E+00  1.4438E-01  1.5732E+00  1.1405E-01  1.0942E-01
 -1.3359E+00  1.0042E-01 -1.8982E+00  1.1293E-01  1.1270E-01
 -8.7451E-01 -5.9644E-02  2.1517E+00  1.1293E-01  1.1270E-01
 -5.7315E-01  1.6599E-01  2.2255E+00  1.1219E-01  1.1496E-01
  6.7120E-01 -7.1467E-02  2.1527E+00  1.1032E-01  1.2090E-01
 -4.2797E-01  8.3735E-02  2.2038E+00  1.0995E-01  1.2214E-01
 -1.2591E+00  6.5543E-02  1.8478E+00  1.0957E-01  1.2339E-01
  9.9351E-01  1.8003E-01  1.9748E+00  1.0882E-01  1.2596E-01
  2.7324E-01 -7.8357E-02  2.1996E+00  1.0882E-01  1.2596E-01
  1.2142E-01 -3.3034E-02  2.2144E+00  1.0882E-01  1.2596E-01
 -8.4951E-01 -1.3133E-01  2.0343E+00  1.0845E-01  1.2727E-01
  8.4469E-01  1.3971E-01  2.0152E+00  1.0770E-01  1.2994E-01
 -1.4493E+00  1.0112E-01  1.6254E+00  1.0733E-01  1.3131E-01
 -8.4121E-01 -4.1162E-02  2.0006E+00  1.0695E-01  1.3269E-01
 -1.5689E+00  3.8473E-02 -1.4996E+00  1.0695E-01  1.3269E-01
  1.2027E+00 -1.5967E-02  1.7956E+00  1.0658E-01  1.3410E-01
  1.6477E+00 -1.5266E-01  1.3461E+00  1.0545E-01  1.3845E-01
  1.7896E+00 -5.3637E-03 -1.1086E+00  1.0432E-01  1.4299E-01
  1.1544E+00  7.8857E-02  1.7476E+00  1.0394E-01  1.4454E-01
 -1.5155E+00 -1.0102E-01  1.4308E+00  1.0357E-01  1.4613E-01
  1.2137E+00  3.9238E-02  1.6855E+00  1.0319E-01  1.4773E-01
  1.8851E+00  1.0518E-01 -8.6668E-01  1.0319E-01  1.4773E-01
 -8.9609E-01 -1.1224E-01 -1.8606E+00  1.0281E-01  1.4936E-01
  1.5295E+00 -2.5004E-02 -1.3782E+00  1.0244E-01  1.5102E-01
 -1.4231E+00  9.6057E-02  1.4722E+00  1.0206E-01  1.5269E-01
 -1.8870E+00 -6.6655E-02  7.9784E-01  1.0206E-01  1.5269E-01
  1.1920E+00 -1.8794E-01 -1.6569E+00  1.0206E-01  1.5269E-01
 -7.2460E-01  6.0673E-02 -1.8774E+00  1.0055E-01  1.5967E-01
  1.8154E+00  1.3148E-01  8.6037E-01  1.0055E-01  1.5967E-01
  1.5231E+00  6.5927E-03  1.2746E+00  9.9419E-02  1.6519E-01
  1.6157E+00 -4.5536E-02 -1.1228E+00  9.8663E-02  1.6902E-01
  1.7203E+00 -1.5618E-01 -9.2417E-01  9.8285E-02  1.7098E-01
  1.7366E+00 -1.3581E-01  8.9655E-01  9.8285E-02  1.7098E-01
  6.1856E-01  2.8401E-02  1.8587E+00  9.8285E-02  1.7098E-01
 -1.6404E+00 -8.5455E-02 -1.0511E+00  9.7907E-02  1.7297E-01
 -2.3625E-01  5.8132E-02  1.9259E+00  9.7529E-02  1.7499E-01
  7.3348E-01  1.2772E-01 -1.7831E+00  9.7150E-02  1.7704E-01
 -2.5893E-01 -5.7834E-02  1.9050E+00  9.6772E-02  1.7912E-01
  7.1165E-01 -8.6280E-02  1.7752E+00  9.6393E-02  1.8124E-01
  4.3619E-02  5.6099E-02  1.9132E+00  9.6393E-02  1.8124E-01
  3.5310E-01  1.3080E-01 -1.8681E+00  9.6015E-02  1.8340E-01
  1.8275E+00  1.3942E-01  4.8856E-01  9.5636E-02  1.8558E-01
  1.8595E+00 -4.2556E-02  3.2429E-01  9.5257E-02  1.8781E-01
 -8.7788E-02  5.2106E-02 -1.8677E+00  9.4499E-02  1.9236E-01
  1.0983E+00  2.3028E-02  1.5139E+00  9.4499E-02  1.9236E-01
  3.5494E-01 -2.8112E-02 -1.8274E+00  9.4120E-02  1.9470E-01
  4.7948E-01  9.1695E-02 -1.7966E+00  9.4120E-02  1.9470E-01
 -5.2578E-01  4.5958E-02  1.7854E+00  9.4120E-02  1.9470E-01
 -1.5593E+00 -9.7263E-02 -1.0126E+00  9.4120E-02  1.9470E-01
  1.6694E+00 -7.7165E-05  8.2413E-01  9.4120E-02  1.9470E-01
  1.8007E+00  1.8811E-01  3.9473E-01  9.3741E-02  1.9707E-01
 -1.5170E+00 -1.4890E-01 -1.0537E+00  9.3741E-02  1.9707E-01
 -1.5720E+00  9.6707E-02  9.4313E-01  9.2982E-02  2.0193E-01
 -1.0932E+00  3.6508E-02  1.4635E+00  9.2603E-02  2.0443E-01
 -1.4249E+00  1.3358E-01 -1.1358E+00  9.2603E-02  2.0443E-01
 -1.7988E+00  1.2489E-01  2.9502E-01  9.2603E-02  2.0443E-01
 -1.8052E+00  1.6683E-01 -2.2715E-01  9.2603E-02  2.0443E-01
 -1.5623E+00 -7.8285E-02 -9.2735E-01  9.2223E-02  2.0696E-01
 -1.5140E+00 -8.1431E-02  1.0040E+00  9.2223E-02  2.0696E-01
 -1.2067E+00  1.3209E-01 -1.3424E+00  9.1844E-02  2.0954E-01
  1.7834E+00 -7.8846E-02  2.9851E-01  9.1844E-02  2.0954E-01
  9.0216E-01 -8.1688E-02 -1.5669E+00  9.1844E-02  2.0954E-01
  1.1301E+00  1.5185E-01  1.3945E+00  9.1464E-02  2.1216E-01
  1.6017E+00 -1.7752E-01 -8.0488E-01  9.1464E-02  2.1216E-01
 -1.5782E+00 -3.8178E-02  8.4971E-01  9.1084E-02  2.1482E-01
 -1.3539E+00 -8.3596E-02  1.1722E+00  9.1084E-02  2.1482E-01
  3.2587E-01 -6.3570E-02 -1.7618E+00  9.1084E-02  2.1482E-01
  1.7281E+00  1.8037E-01 -4.0582E-01  9.0704E-02  2.1753E-01
 -1.5791E+00 -4.5327E-02  8.2952E-01  9.0704E-02  2.1753E-01
  1.7613E+00 -1.4318E-01  2.4670E-01  9.0704E-02  2.1753E-01
 -1.6243E+00  4.2183E-02 -7.1651E-01  9.0325E-02  2.2029E-01
  1.6603E+00 -9.8581E-03  6.2979E-01  9.0325E-02  2.2029E-01
  4.9760E-01  1.8034E-01  1.6862E+00  8.9945E-02  2.2309E-01
  6.0684E-01  4.2938E-02  1.6593E+00  8.9945E-02  2.2309E-01
  1.7224E+00 -7.1278E-02 -3.8969E-01  8.9945E-02  2.2309E-01
  1.1920E+00  2.3359E-02 -1.2932E+00  8.9565E-02  2.2594E-01
  1.7436E+00 -1.3999E-01 -6.6624E-02  8.9185E-02  2.2884E-01
  4.1755E-01 -1.7867E-01  1.6906E+00  8.9185E-02  2.2884E-01
 -3.0457E-01  9.2225E-02  1.7213E+00  8.9185E-02  2.2884E-01
 -1.7492E+00  5.6673E-02  3.8638E-02  8.9185E-02  2.2884E-01
  1.6344E+00  1.1783E-01 -6.1578E-01  8.9185E-02  2.2884E-01
 -1.6869E+00 -7.9323E-02 -4.6095E-01  8.9185E-02  2.2884E-01
  6.1526E-01  1.4043E-01 -1.6328E+00  8.9185E-02  2.2884E-01
  1.6395E+00 -9.5329E-02  5.8137E-01  8.8805E-02  2.3179E-01
 -1.3353E+00  9.5803E-02 -1.1148E+00  8.8805E-02  2.3179E-01
 -1.7241E+00  1.4341E-01 -1.1270E-01  8.8425E-02  2.3479E-01
  1.4378E-01 -3.4993E-02 -1.7191E+00  8.8044E-02  2.3785E-01
 -6.3916E-01  6.0010E-02 -1.6016E+00  8.8044E-02  2.3785E-01
 -1.6403E+00 -5.3060E-02  5.3276E-01  8.8044E-02  2.3785E-01
  1.0705E+00  2.0993E-02 -1.3531E+00  8.8044E-02  2.3785E-01
 -5.8398E-01 -9.3019E-02 -1.6121E+00  8.7664E-02  2.4095E-01
 -1.5978E+00 -1.0943E-01  6.1944E-01  8.7664E-02  2.4095E-01
 -1.2509E+00 -1.5005E-02  1.1641E+00  8.7284E-02  2.4412E-01
 -8.8144E-01 -1.3866E-01  1.4574E+00  8.7284E-02  2.4412E-01
 -7.6152E-01 -6.1955E-02 -1.5193E+00  8.6904E-02  2.4734E-01
 -1.5734E+00  1.0694E-01 -6.3649E-01  8.6904E-02  2.4734E-01
 -1.5923E+00 -1.4581E-01  5.7913E-01  8.6904E-02  2.4734E-01
 -7.4088E-01 -1.0638E-01  1.5179E+00  8.6524E-02  2.5061E-01
 -9.7848E-01  1.1401E-02  1.3708E+00  8.6143E-02  2.5395E-01
  1.4565E+00  5.8535E-04 -8.4577E-01  8.6143E-02  2.5395E-01
 -1.6686E+00 -1.6341E-01 -1.6063E-01  8.6143E-02  2.5395E-01
 -1.6110E+00 -2.5628E-02  4.9062E-01  8.6143E-02  2.5395E-01
 -3.2032E-01 -4.1835E-02  1.6447E+00  8.5763E-02  2.5734E-01
 -1.0438E+00  1.8829E-02  1.3113E+00  8.5763E-02  2.5734E-01
 -1.6453E+00 -4.5247E-02 -2.1484E-01  8.5002E-02  2.6431E-01
  1.6344E+00  8.8375E-02 -2.7568E-01  8.5002E-02  2.6431E-01
  1.1079E+00  9.1975E-02  1.2216E+00  8.4622E-02  2.6789E-01
  4.1266E-01  1.0011E-01 -1.5880E+00  8.4241E-02  2.7154E-01
 -1.6329E+00 -4.7576E-02 -1.8252E-01  8.4241E-02  2.7154E-01
  1.3517E+00  3.1371E-02  9.3483E-01  8.4241E-02  2.7154E-01
 -1.4834E-01 -5.1923E-02 -1.6282E+00  8.3861E-02  2.7525E-01
 -1.2006E+00 -2.4215E-02  1.0871E+00  8.3100E-02  2.8288E-01
 -6.5692E-01 -1.7991E-02 -1.4805E+00  8.3100E-02  2.8288E-01
 -2.6238E-01  6.7890E-02  1.5970E+00  8.3100E-02  2.8288E-01
 -6.6499E-01 -2.7790E-02 -1.4681E+00  8.2719E-02  2.8681E-01
 -8.1179E-01  1.1883E-01 -1.3783E+00  8.2338E-02  2.9080E-01
  9.6515E-02 -3.7649E-02  1.5928E+00  8.1958E-02  2.9487E-01
 -1.4244E+00  7.0588E-02  7.1679E-01  8.1958E-02  2.9487E-01
 -8.7215E-01  7.8881E-02  1.3345E+00  8.1958E-02  2.9487E-01
 -8.1881E-02 -3.0372E-02 -1.5860E+00  8.1577E-02  2.9902E-01
  1.3115E+00 -3.0869E-02  8.9555E-01  8.1577E-02  2.9902E-01
  1.5724E+00 -8.0418E-02  2.0951E-01  8.1577E-02  2.9902E-01
  5.7053E-01  1.0191E-01 -1.4705E+00  8.1197E-02  3.0324E-01
 -4.2949E-02  1.6039E-01 -1.5640E+00  8.0816E-02  3.0755E-01
  6.4578E-01 -1.7551E-01  1.4234E+00  8.0816E-02  3.0755E-01
  1.4140E+00  1.3203E-01  6.5779E-01  8.0435E-02  3.1193E-01
 -6.6624E-01 -1.4171E-01 -1.4091E+00  8.0435E-02  3.1193E-01
  9.9884E-01 -3.9184E-02 -1.2043E+00  8.0435E-02  3.1193E-01
 -8.0180E-01 -1.1313E-01  1.3304E+00  8.0055E-02  3.1640E-01
 -1.5394E+00  2.1273E-02  2.3536E-01  8.0055E-02  3.1640E-01
 -5.5401E-01  9.9676E-02  1.4358E+00  7.9293E-02  3.2561E-01
 -1.5230E+00  1.6934E-01  1.7363E-01  7.9293E-02  3.2561E-01
 -8.2140E-01 -6.8476E-02 -1.3034E+00  7.9293E-02  3.2561E-01
  8.2791E-01 -1.2652E-02  1.3010E+00  7.9293E-02  3.2561E-01
 -3.1606E-01 -1.3703E-01 -1.4954E+00  7.8913E-02  3.3034E-01
 -1.5226E+00 -4.5926E-02 -1.8565E-01  7.8913E-02  3.3034E-01
  1.2959E+00  5.0361E-02 -8.2039E-01  7.8913E-02  3.3034E-01
  3.9680E-01 -7.9877E-02  1.4724E+00  7.8532E-02  3.3517E-01
 -3.1763E-01 -1.4990E-01  1.4861E+00  7.8532E-02  3.3517E-01
  6.7724E-03 -9.2670E-02 -1.5167E+00  7.8152E-02  3.4009E-01
  1.4944E+00  9.2383E-03  2.7501E-01  7.8152E-02  3.4009E-01
 -1.2206E+00 -1.4073E-01  8.9401E-01  7.8152E-02  3.4009E-01
 -5.3640E-01 -1.3186E-01  1.4075E+00  7.7771E-02  3.4511E-01
  1.0720E+00 -3.5766E-02 -1.0657E+00  7.7771E-02  3.4511E-01
 -1.1205E+00  1.4359E-01  9.9383E-01  7.7390E-02  3.5022E-01
 -1.2888E+00  8.9055E-02  7.7132E-01  7.7390E-02  3.5022E-01
 -1.1661E+00 -1.6674E-01  9.2415E-01  7.7010E-02  3.5544E-01
  1.3558E+00  1.1505E-01  6.2458E-01  7.7010E-02  3.5544E-01
 -8.6874E-01  5.7871E-02  1.2180E+00  7.7010E-02  3.5544E-01
  7.9446E-01 -1.3620E-01 -1.2617E+00  7.7010E-02  3.5544E-01
 -7.6001E-01  5.5880E-02  1.2802E+00  7.6629E-02  3.6076E-01
 -1.1019E+00 -9.7304E-02 -9.9797E-01  7.6629E-02  3.6076E-01
  1.1119E+00 -1.6484E-01  9.7775E-01  7.6629E-02  3.6076E-01
 -5.2065E-01  6.3305E-02 -1.3866E+00  7.6248E-02  3.6619E-01
  1.4056E-01  1.8064E-01  1.4647E+00  7.6248E-02  3.6619E-01
  1.1985E+00 -8.2007E-02  8.5621E-01  7.5868E-02  3.7173E-01
  4.5115E-01 -2.1945E-02  1.4044E+00  7.5868E-02  3.7173E-01
 -1.4458E+00  1.2383E-01  2.6542E-01  7.5868E-02  3.7173E-01
  1.1028E+00  1.6094E-01 -9.6655E-01  7.5868E-02  3.7173E-01
  5.0657E-01  5.8668E-02 -1.3765E+00  7.5487E-02  3.7739E-01
 -6.2269E-01  1.2436E-01 -1.3235E+00  7.5487E-02  3.7739E-01
  1.3915E+00  2.6772E-02 -4.6668E-01  7.5487E-02  3.7739E-01
  1.2681E+00  7.9961E-02 -7.0600E-01  7.4726E-02  3.8904E-01
 -9.7558E-01 -1.6657E-01 -1.0450E+00  7.3965E-02  4.0117E-01
  6.3695E-01  1.7327E-01 -1.2790E+00  7.3965E-02  4.0117E-01
  7.1090E-01  3.9369E-02  1.2509E+00  7.3965E-02  4.0117E-01
  5.0889E-01  1.4231E-01 -1.3388E+00  7.3965E-02  4.0117E-01
  1.3874E+00  9.1203E-02 -3.7185E-01  7.3965E-02  4.0117E-01
  1.2329E+00  1.7090E-01  7.0852E-01  7.3584E-02  4.0743E-01
 -1.0925E+00 -1.1758E-01  9.1863E-01  7.3584E-02  4.0743E-01
 -1.4181E+00  1.2938E-01 -6.0435E-02  7.3203E-02  4.1382E-01
 -9.5078E-01  3.2418E-02 -1.0612E+00  7.3203E-02  4.1382E-01
  1.3916E+00  1.3297E-01 -2.7750E-01  7.3203E-02  4.1382E-01
  1.4114E+00 -1.8071E-01  8.0957E-02  7.3203E-02  4.1382E-01
 -1.3980E+00  7.1885E-02 -2.2751E-01  7.2822E-02  4.2035E-01
  1.4127E+00 -1.0940E-01 -6.1021E-02  7.2822E-02  4.2035E-01
  8.1126E-01  1.2532E-01 -1.1480E+00  7.2442E-02  4.2701E-01
  8.0439E-01  5.9882E-02 -1.1497E+00  7.2061E-02  4.3381E-01
 -1.3774E+00 -4.0322E-02  2.3318E-01  7.1680E-02  4.4076E-01
 -1.7299E-02  1.7051E-01 -1.3870E+00  7.1680E-02  4.4076E-01
  1.3911E+00  1.0440E-01 -8.4921E-02  7.1680E-02  4.4076E-01
  3.2861E-01  1.1140E-01 -1.3468E+00  7.1300E-02  4.4786E-01
  8.0327E-01  5.4714E-02 -1.1257E+00  7.0919E-02  4.5511E-01
 -7.4920E-01 -8.7328E-02 -1.1604E+00  7.0919E-02  4.5511E-01
 -1.2629E+00  1.8998E-02  5.6565E-01  7.0919E-02  4.5511E-01
  8.5977E-01  9.7022E-02  1.0802E+00  7.0919E-02  4.5511E-01
 -8.8210E-01 -8.2648E-02 -1.0632E+00  7.0919E-02  4.5511E-01
  1.3763E+00  1.0273E-03 -5.0622E-02  7.0538E-02  4.6253E-01
  1.1302E+00 -1.4146E-01 -7.7425E-01  7.0538E-02  4.6253E-01
  5.8473E-01  1.4240E-01  1.2313E+00  7.0157E-02  4.7010E-01
  1.0350E+00 -1.3554E-01  8.7784E-01  6.9776E-02  4.7784E-01
  1.8822E-01  1.0285E-01  1.3469E+00  6.9776E-02  4.7784E-01
  5.0706E-01 -1.8088E-01  1.2532E+00  6.9776E-02  4.7784E-01
 -1.2858E+00  1.3945E-01  4.1173E-01  6.9395E-02  4.8575E-01
 -1.3117E+00  6.9313E-02  3.4195E-01  6.9395E-02  4.8575E-01
 -8.3119E-01  4.0378E-02  1.0640E+00  6.9014E-02  4.9384E-01
 -8.1230E-01 -2.6823E-02 -1.0789E+00  6.9014E-02  4.9384E-01
  3.0038E-01 -1.8475E-01 -1.3039E+00  6.9014E-02  4.9384E-01
  7.6690E-01  9.3051E-02 -1.1080E+00  6.9014E-02  4.9384E-01
 -8.0005E-01  1.3179E-01  1.0641E+00  6.8252E-02  5.1057E-01
  1.3140E+00  1.4269E-01  1.6001E-01  6.7871E-02  5.1923E-01
 -6.5381E-01 -1.4078E-01  1.1512E+00  6.7871E-02  5.1923E-01
  1.7485E-01 -3.6075E-02  1.3193E+00  6.7871E-02  5.1923E-01
 -8.2657E-01  1.7833E-01 -1.0283E+00  6.7871E-02  5.1923E-01
 -1.2198E-01  9.0256E-02  1.3163E+00  6.7489E-02  5.2808E-01
 -1.0216E+00 -5.7077E-03  8.4378E-01  6.7489E-02  5.2808E-01
  1.2669E+00  4.2566E-02 -3.8569E-01  6.7489E-02  5.2808E-01
  5.1265E-02 -9.7863E-02 -1.3204E+00  6.7489E-02  5.2808E-01
 -1.0279E-01 -5.3318E-02 -1.3136E+00  6.7108E-02  5.3713E-01
  1.1231E+00  1.1556E-01  6.8131E-01  6.7108E-02  5.3713E-01
 -1.3030E+00 -1.4514E-01 -5.9473E-02  6.6726E-02  5.4640E-01
  6.4501E-01  1.2465E-02 -1.1429E+00  6.6726E-02  5.4640E-01
  9.3158E-01 -1.5004E-01  9.1214E-01  6.6726E-02  5.4640E-01
  3.2024E-02  2.7662E-02 -1.3055E+00  6.6345E-02  5.5588E-01
  1.2355E+00  6.8176E-02 -3.9867E-01  6.5963E-02  5.6559E-01
 -1.0734E+00 -1.0905E-01 -7.1414E-01  6.5581E-02  5.7553E-01
 -1.0222E+00 -1.7052E-01  7.7464E-01  6.5581E-02  5.7553E-01
  1.0043E+00 -7.0628E-02  8.1271E-01  6.5581E-02  5.7553E-01
  4.7341E-01  7.1938E-02 -1.2020E+00  6.5581E-02  5.7553E-01
 -1.6362E-01  1.0890E-01 -1.2727E+00  6.5199E-02  5.8571E-01
 -1.2549E+00  1.7332E-03 -2.8922E-01  6.5199E-02  5.8571E-01
  1.1799E+00  1.6646E-01 -4.8839E-01  6.5199E-02  5.8571E-01
  1.1772E+00 -1.3837E-01  4.8778E-01  6.4817E-02  5.9614E-01
 -1.1341E+00  1.8088E-01 -5.6910E-01  6.4817E-02  5.9614E-01
 -1.2047E+00 -1.7805E-01  3.9982E-01  6.4817E-02  5.9614E-01
  1.1565E-01 -1.1398E-01  1.2654E+00  6.4434E-02  6.0681E-01
  7.7986E-01 -4.8019E-02 -1.0085E+00  6.4434E-02  6.0681E-01
 -7.7576E-01  9.3811E-02  1.0009E+00  6.4051E-02  6.1776E-01
 -4.9276E-02 -5.4041E-03  1.2688E+00  6.4051E-02  6.1776E-01
 -1.2475E+00  5.5336E-02 -2.3049E-01  6.4051E-02  6.1776E-01
 -7.6860E-01  1.5415E-01  9.9146E-01  6.3669E-02  6.2897E-01
  1.0495E+00  1.4416E-01  6.8934E-01  6.3669E-02  6.2897E-01
  5.0962E-01  1.3963E-01 -1.1482E+00  6.3669E-02  6.2897E-01
 -1.1720E+00  3.3242E-02  4.7195E-01  6.3669E-02  6.2897E-01
  6.5280E-01 -8.7052E-03 -1.0754E+00  6.3285E-02  6.4046E-01
  2.4735E-01 -1.1482E-01 -1.2282E+00  6.3285E-02  6.4046E-01
  1.2445E+00  6.7682E-03  1.8417E-01  6.3285E-02  6.4046E-01
  1.0823E+00 -6.0797E-02  6.1547E-01  6.2518E-02  6.6433E-01
 -6.4937E-01  7.9132E-02  1.0611E+00  6.2518E-02  6.6433E-01
  1.1329E+00  1.3856E-01  4.7246E-01  6.1750E-02  6.8943E-01
 -1.2290E+00  1.1356E-01  5.0040E-02  6.1750E-02  6.8943E-01
  3.1081E-01  9.2143E-02  1.1920E+00  6.1750E-02  6.8943E-01
 -8.3064E-02  8.1017E-02  1.2298E+00  6.1750E-02  6.8943E-01
 -1.2102E+00  1.3394E-01 -2.0821E-01  6.1750E-02  6.8943E-01
 -1.0271E+00 -9.6545E-02  6.7940E-01  6.1750E-02  6.8943E-01
  6.5148E-01 -4.5424E-02 -1.0420E+00  6.1365E-02  7.0248E-01
  9.6124E-01 -5.5904E-02  7.6492E-01  6.1365E-02  7.0248E-01
  1.7115E-01  1.2562E-01 -1.2057E+00  6.0980E-02  7.1587E-01
  8.2003E-01  1.3445E-01 -8.9898E-01  6.0980E-02  7.1587E-01
 -1.1552E-01 -7.3547E-02 -1.2165E+00  6.0980E-02  7.1587E-01
  1.1610E+00 -6.9750E-02 -3.8184E-01  6.0980E-02  7.1587E-01
 -8.6186E-01  5.2399E-02  8.6012E-01  6.0595E-02  7.2962E-01
  3.3622E-01 -1.5777E-01  1.1551E+00  6.0209E-02  7.4374E-01
  1.0540E+00  3.1710E-02 -6.0033E-01  6.0209E-02  7.4374E-01
 -1.1552E+00 -1.7026E-01 -3.0941E-01  5.9822E-02  7.5825E-01
  6.6809E-01 -4.0818E-02 -9.9925E-01  5.9436E-02  7.7315E-01
  1.1259E+00  1.2077E-01 -4.0532E-01  5.9436E-02  7.7315E-01
 -9.7159E-01 -1.5378E-01  6.9202E-01  5.9436E-02  7.7315E-01
  1.1817E+00  1.8436E-01 -5.9704E-02  5.9048E-02  7.8847E-01
 -1.0712E+00 -1.4602E-01 -5.1487E-01  5.9048E-02  7.8847E-01
  1.1596E+00 -4.5340E-02 -2.9528E-01  5.9048E-02  7.8847E-01
  1.1457E+00  1.1793E-02  3.2981E-01  5.8660E-02  8.0422E-01
  1.8531E-02 -2.0280E-02 -1.1920E+00  5.8660E-02  8.0422E-01
 -6.3275E-01 -1.5230E-01 -9.9901E-01  5.8660E-02  8.0422E-01
 -1.0225E+00 -4.1900E-02 -6.1187E-01  5.8660E-02  8.0422E-01
 -2.0538E-01 -8.1388E-02 -1.1664E+00  5.8271E-02  8.2042E-01
  6.7198E-01  1.3677E-02  9.7860E-01  5.8271E-02  8.2042E-01
  1.1330E+00 -6.7005E-02  3.4820E-01  5.8271E-02  8.2042E-01
 -2.2831E-01  5.9692E-02 -1.1635E+00  5.8271E-02  8.2042E-01
 -1.5843E-01 -1.5172E-01  1.1667E+00  5.8271E-02  8.2042E-01
  5.3381E-01  7.6300E-02 -1.0577E+00  5.8271E-02  8.2042E-01
 -1.1569E+00 -8.2688E-02  2.2836E-01  5.7882E-02  8.3709E-01
  1.1549E+00  1.8051E-01 -1.7602E-01  5.7882E-02  8.3709E-01
  1.1308E+00  1.2782E-01  3.1985E-01  5.7882E-02  8.3709E-01
 -9.2349E-01  1.7658E-02  7.3775E-01  5.7882E-02  8.3709E-01
  4.7509E-01  1.8325E-01  1.0613E+00  5.7492E-02  8.5424E-01
 -3.1685E-01 -1.4278E-01 -1.1246E+00  5.7492E-02  8.5424E-01
  1.8159E-01  1.7574E-01  1.1446E+00  5.7101E-02  8.7190E-01
  1.1276E+00 -5.1798E-02 -3.1596E-01  5.7101E-02  8.7190E-01
 -5.4862E-01  5.8181E-02 -1.0342E+00  5.7101E-02  8.7190E-01
  8.5947E-01  7.6709E-02 -7.8614E-01  5.6710E-02  8.9009E-01
  1.1666E+00  4.0348E-02  6.9725E-03  5.6710E-02  8.9009E-01
 -9.6357E-01 -1.7059E-02  6.5007E-01  5.6317E-02  9.0882E-01
 -2.6115E-01 -1.1136E-02  1.1327E+00  5.6317E-02  9.0882E-01
  1.1529E+00  1.3184E-01 -6.8873E-02  5.6317E-02  9.0882E-01
 -5.1372E-03  1.0111E-01  1.1581E+00  5.6317E-02  9.0882E-01
  4.0385E-01 -4.0122E-02 -1.0842E+00  5.5924E-02  9.2814E-01
 -9.6342E-01  3.5781E-02  6.4096E-01  5.5924E-02  9.2814E-01
 -1.0121E+00 -2.8970E-02 -5.5151E-01  5.5530E-02  9.4805E-01
  2.6040E-01 -6.2920E-02  1.1215E+00  5.5530E-02  9.4805E-01
 -1.5645E-01  1.6406E-01  1.1305E+00  5.5530E-02  9.4805E-01
 -1.5943E-01  7.6694E-03  1.1419E+00  5.5530E-02  9.4805E-01
  4.9108E-01  5.8940E-02 -1.0364E+00  5.5134E-02  9.6859E-01
  5.9243E-01 -1.5011E-01 -9.7224E-01  5.5134E-02  9.6859E-01
  1.1345E+00 -1.4752E-01 -9.9248E-02  5.5134E-02  9.6859E-01
  7.1364E-01 -1.4919E-01 -8.8726E-01  5.5134E-02  9.6859E-01
  1.0761E+00  9.1783E-02 -3.9042E-01  5.5134E-02  9.6859E-01
 -1.0867E+00  1.6116E-01  3.3464E-01  5.5134E-02  9.6859E-01
 -1.0796E+00 -1.0053E-01 -3.7833E-01  5.5134E-02  9.6859E-01
  1.9705E-01  1.7224E-01  1.1135E+00  5.4738E-02  9.8980E-01
  1.0066E+00  6.9449E-02  5.3872E-01  5.4738E-02  9.8980E-01
 -5.6845E-01  1.7990E-01 -9.7081E-01  5.4340E-02  1.0117E+00
 -3.5660E-01  2.0368E-02  1.0818E+00  5.4340E-02  1.0117E+00
  1.1065E+00 -5.0607E-02  2.6673E-01  5.4340E-02  1.0117E+00
 -1.2067E-01  1.7609E-01 -1.1191E+00  5.4340E-02  1.0117E+00
  7.7700E-01 -7.5655E-04  8.3321E-01  5.4340E-02  1.0117E+00
  9.7851E-01 -9.7608E-02 -5.6644E-01  5.3941E-02  1.0343E+00
 -1.5330E-01 -3.6595E-05 -1.1200E+00  5.3541E-02  1.0577E+00
  4.4200E-01 -1.7190E-01  1.0262E+00  5.3541E-02  1.0577E+00
  1.8271E-01  6.6085E-02 -1.1136E+00  5.3541E-02  1.0577E+00
  1.0943E+00 -5.0986E-02 -2.6094E-01  5.3139E-02  1.0818E+00
 -7.4263E-01 -6.9316E-02  8.4371E-01  5.3139E-02  1.0818E+00
  8.0611E-01  1.3223E-01  7.6895E-01  5.2736E-02  1.1068E+00
 -9.8401E-01  1.2305E-01 -5.2457E-01  5.2736E-02  1.1068E+00
  9.9576E-01  5.0391E-02 -5.1432E-01  5.2736E-02  1.1068E+00
  6.2992E-01 -1.8449E-01  9.0981E-01  5.2736E-02  1.1068E+00
  3.9984E-03  9.0580E-02 -1.1182E+00  5.2736E-02  1.1068E+00
 -2.6884E-01  8.1554E-02  1.0861E+00  5.2736E-02  1.1068E+00
 -5.7525E-01 -3.9210E-02  9.5748E-01  5.2331E-02  1.1327E+00
 -1.0990E+00  4.5407E-02  1.9840E-01  5.2331E-02  1.1327E+00
  7.3742E-01  1.7322E-02  8.3971E-01  5.2331E-02  1.1327E+00
 -9.0857E-01  4.4645E-02 -6.4226E-01  5.1925E-02  1.1595E+00
  7.8617E-01  5.1349E-02 -7.8696E-01  5.1925E-02  1.1595E+00
 -1.1049E+00 -3.2598E-02  1.3434E-01  5.1925E-02  1.1595E+00
  5.3556E-01  1.7867E-01  9.5982E-01  5.1925E-02  1.1595E+00
 -1.0948E+00 -1.5161E-01 -2.2002E-02  5.1106E-02  1.2161E+00
 -5.4515E-01 -1.1313E-01  9.5052E-01  5.0694E-02  1.2461E+00
 -8.9309E-01  1.6448E-01 -6.2354E-01  5.0694E-02  1.2461E+00
  1.0949E+00 -1.5292E-02  1.2012E-01  5.0694E-02  1.2461E+00
  7.6309E-01 -1.8145E-01  7.6795E-01  5.0279E-02  1.2771E+00
 -1.0897E+00 -8.6027E-02 -4.2884E-02  4.9863E-02  1.3094E+00
 -1.5368E-01 -1.7715E-01  1.0685E+00  4.9863E-02  1.3094E+00
 -4.1544E-01  1.2042E-01  1.0048E+00  4.9863E-02  1.3094E+00
 -9.9453E-01 -2.9382E-02 -4.5467E-01  4.9863E-02  1.3094E+00
 -1.0825E+00  1.5693E-01  1.3002E-02  4.9863E-02  1.3094E+00
  4.7557E-01  6.8535E-02 -9.7861E-01  4.9444E-02  1.3430E+00
  1.0849E+00  1.5848E-02 -1.0673E-01  4.9444E-02  1.3430E+00
 -1.0494E+00 -1.2633E-01  2.6722E-01  4.9444E-02  1.3430E+00
  1.0323E+00  1.3489E-01 -3.1122E-01  4.9022E-02  1.3780E+00
 -5.5166E-01 -8.2228E-02  9.3247E-01  4.9022E-02  1.3780E+00
  9.2464E-01 -5.9935E-02  5.6749E-01  4.9022E-02  1.3780E+00
 -2.7710E-01 -2.7596E-02 -1.0503E+00  4.9022E-02  1.3780E+00
  5.9920E-01 -6.0785E-02  9.0435E-01  4.9022E-02  1.3780E+00
 -6.2418E-02  4.9485E-02 -1.0836E+00  4.9022E-02  1.3780E+00
 -7.0828E-01 -1.3867E-01  8.0742E-01  4.8597E-02  1.4144E+00
 -5.0163E-01  1.3965E-01  9.4957E-01  4.8597E-02  1.4144E+00
  6.5908E-01 -1.3120E-01  8.4925E-01  4.8597E-02  1.4144E+00
 -7.1289E-01  1.3302E-01  8.0431E-01  4.8597E-02  1.4144E+00
  1.0544E+00 -1.8045E-01  1.4479E-01  4.8170E-02  1.4524E+00
 -8.5315E-01 -1.5303E-01 -6.4338E-01  4.8170E-02  1.4524E+00
 -1.0404E+00 -6.3105E-02 -2.8058E-01  4.8170E-02  1.4524E+00
 -3.3033E-01  2.8443E-02  1.0273E+00  4.8170E-02  1.4524E+00
  4.2638E-01  1.7131E-01  9.7297E-01  4.7739E-02  1.4920E+00
 -1.0666E+00 -1.0270E-01 -9.8628E-02  4.7739E-02  1.4920E+00
 -1.0645E+00 -9.6537E-02  1.2379E-01  4.7739E-02  1.4920E+00
  9.4178E-01  4.2819E-02 -5.1165E-01  4.7306E-02  1.5334E+00
 -4.8268E-01 -1.5912E-01 -9.4460E-01  4.7306E-02  1.5334E+00
 -7.1293E-01  8.9321E-02 -7.9644E-01  4.7306E-02  1.5334E+00
  1.9432E-01 -1.1880E-01  1.0448E+00  4.6868E-02  1.5768E+00
  1.0527E+00 -1.1408E-01 -1.4917E-01  4.6868E-02  1.5768E+00
 -6.1403E-01  1.6225E-01 -8.6032E-01  4.6868E-02  1.5768E+00
 -9.8616E-01 -5.4822E-02  4.0985E-01  4.6868E-02  1.5768E+00
  5.0966E-01  9.7757E-03 -9.4003E-01  4.6868E-02  1.5768E+00
  9.9501E-01  4.1500E-02  3.8056E-01  4.6427E-02  1.6222E+00
 -5.7169E-01 -3.0189E-02 -8.9937E-01  4.6427E-02  1.6222E+00
 -4.7051E-01 -2.5568E-02 -9.5633E-01  4.6427E-02  1.6222E+00
  2.9071E-01 -2.6908E-02  1.0221E+00  4.5982E-02  1.6697E+00
 -1.7954E-02 -3.7796E-02 -1.0621E+00  4.5982E-02  1.6697E+00
  3.5245E-01  1.6157E-01  9.8973E-01  4.5982E-02  1.6697E+00
 -7.1979E-01  6.2807E-02 -7.7544E-01  4.5533E-02  1.7196E+00
  7.7445E-01  1.7876E-01 -6.9213E-01  4.4620E-02  1.8273E+00
 -1.0245E+00  4.6963E-02  2.4296E-01  4.4620E-02  1.8273E+00
  1.6796E-01 -3.4369E-02 -1.0399E+00  4.4620E-02  1.8273E+00
 -9.4445E-01 -9.4814E-02  4.5804E-01  4.4620E-02  1.8273E+00
  1.0482E+00  1.1000E-01 -1.6010E-03  4.4620E-02  1.8273E+00
  9.5982E-01  7.2206E-02 -4.2222E-01  4.4156E-02  1.8855E+00
  1.0115E+00 -1.8207E-01 -2.0624E-01  4.3687E-02  1.9469E+00
 -3.5417E-01  1.3222E-01  9.7774E-01  4.3687E-02  1.9469E+00
  1.0207E+00  7.7185E-02 -2.1324E-01  4.3212E-02  2.0119E+00
 -1.0288E+00  1.3903E-01  1.2412E-01  4.3212E-02  2.0119E+00
  3.4102E-02  9.8523E-02  1.0404E+00  4.3212E-02  2.0119E+00
 -9.6426E-01  2.7675E-02  4.0328E-01  4.3212E-02  2.0119E+00
 -1.0314E+00 -1.7025E-01  2.0939E-02  4.3212E-02  2.0119E+00
  1.0053E+00 -1.1700E-01 -2.5183E-01  4.2730E-02  2.0806E+00
  1.0161E+00 -1.6826E-01  1.6431E-01  4.2730E-02  2.0806E+00
 -1.1465E-01  1.0416E-01  1.0314E+00  4.2730E-02  2.0806E+00
  7.8659E-01 -1.5989E-01  6.6589E-01  4.2730E-02  2.0806E+00
  6.4736E-01 -1.7969E-03 -8.1442E-01  4.2242E-02  2.1536E+00
 -9.6936E-01  2.9740E-02 -3.7658E-01  4.2242E-02  2.1536E+00
 -9.2456E-01 -1.2214E-01  4.6113E-01  4.2242E-02  2.1536E+00
  8.7335E-01 -1.4366E-01  5.4679E-01  4.2242E-02  2.1536E+00
  5.1243E-01  2.3196E-02 -9.0226E-01  4.1747E-02  2.2312E+00
 -7.7262E-01  1.5508E-01  6.7171E-01  4.1244E-02  2.3138E+00
 -3.6148E-01 -9.9897E-02 -9.6517E-01  4.1244E-02  2.3138E+00
  3.5180E-01 -5.9145E-03  9.7386E-01  4.1244E-02  2.3138E+00
  6.4825E-01  5.7656E-02 -8.0539E-01  4.1244E-02  2.3138E+00
  1.4022E-01  7.4115E-02 -1.0209E+00  4.0733E-02  2.4020E+00
  1.7455E-01 -1.0311E-01  1.0107E+00  4.0213E-02  2.4964E+00
  3.7730E-01  1.0941E-01  9.5309E-01  4.0213E-02  2.4964E+00
  6.7671E-01  6.7822E-02 -7.7471E-01  4.0213E-02  2.4964E+00
  9.4662E-01  5.5267E-02  4.0444E-01  4.0213E-02  2.4964E+00
  8.9570E-02  1.6133E-01  1.0120E+00  3.9683E-02  2.5977E+00
  6.8530E-01  1.1658E-02 -7.6710E-01  3.9683E-02  2.5977E+00
  6.2531E-01 -3.9941E-02 -8.1320E-01  3.9143E-02  2.7067E+00
  3.0279E-01 -9.4525E-02 -9.7636E-01  3.9143E-02  2.7067E+00
 -3.1174E-02 -2.0900E-02  1.0259E+00  3.9143E-02  2.7067E+00
  4.3532E-01  5.9657E-02 -9.2781E-01  3.9143E-02  2.7067E+00
 -3.1016E-01 -1.5383E-01  9.6646E-01  3.9143E-02  2.7067E+00
  9.5429E-01 -3.4602E-03 -3.7293E-01  3.8592E-02  2.8243E+00
  2.3918E-01 -1.5126E-01 -9.8471E-01  3.8592E-02  2.8243E+00
 -7.5380E-01 -1.1124E-01  6.8495E-01  3.8592E-02  2.8243E+00
 -5.8571E-01  3.6611E-02  8.3985E-01  3.8592E-02  2.8243E+00
  8.9577E-01 -1.5354E-01 -4.7303E-01  3.8592E-02  2.8243E+00
  8.9116E-01 -7.1210E-02 -5.0051E-01  3.8592E-02  2.8243E+00
 -1.1632E-01  3.6840E-02 -1.0153E+00  3.8029E-02  2.9517E+00
  9.8827E-01 -1.8355E-01 -1.8813E-01  3.8029E-02  2.9517E+00
  3.6208E-01  1.4702E-01  9.4299E-01  3.7452E-02  3.0900E+00
  9.3590E-01  1.1370E-01 -3.9129E-01  3.7452E-02  3.0900E+00
  3.9024E-01  1.1257E-01 -9.3648E-01  3.7452E-02  3.0900E+00
 -8.6406E-01  1.4020E-01 -5.2507E-01  3.7452E-02  3.0900E+00
 -5.1978E-01  5.8543E-02 -8.7447E-01  3.6862E-02  3.2409E+00
  9.9635E-01  3.3051E-02  2.1093E-01  3.6862E-02  3.2409E+00
 -8.1431E-01  3.7064E-03 -6.0968E-01  3.6256E-02  3.4062E+00
  7.0263E-01 -6.9282E-02  7.3235E-01  3.6256E-02  3.4062E+00
  4.0478E-01 -1.6486E-01  9.1678E-01  3.5633E-02  3.5880E+00
 -3.0293E-01 -9.6762E-02 -9.6456E-01  3.5633E-02  3.5880E+00
 -1.0135E+00  4.1874E-02 -5.0179E-02  3.5633E-02  3.5880E+00
 -5.4565E-01  2.4326E-02  8.5442E-01  3.4991E-02  3.7890E+00
  7.0907E-01 -1.1289E-01  7.1612E-01  3.4991E-02  3.7890E+00
 -8.3144E-01  1.1829E-01  5.6576E-01  3.4329E-02  4.0125E+00
  7.5238E-01 -6.6684E-02  6.7443E-01  3.4329E-02  4.0125E+00
  9.9997E-01 -5.1942E-02  1.5080E-01  3.4329E-02  4.0125E+00
  4.8940E-01 -4.6825E-02 -8.8525E-01  3.4329E-02  4.0125E+00
  7.8303E-01 -1.2562E-01  6.2741E-01  3.3644E-02  4.2626E+00
  8.7192E-01  1.2434E-01  4.9684E-01  3.3644E-02  4.2626E+00
  5.9494E-01  2.9860E-02 -8.1714E-01  3.3644E-02  4.2626E+00
 -7.9651E-01  1.3367E-02  6.2073E-01  3.2934E-02  4.5444E+00
  1.0024E+00  1.6992E-03  1.2273E-01  3.2934E-02  4.5444E+00
 -2.1123E-01  6.7845E-02  9.8524E-01  3.2934E-02  4.5444E+00
 -7.7051E-01 -1.3263E-01  6.3926E-01  3.2934E-02  4.5444E+00
 -1.2068E-01  2.5189E-02 -1.0024E+00  3.2934E-02  4.5444E+00
 -2.0957E-01 -1.3343E-02 -9.8784E-01  3.2934E-02  4.5444E+00
  1.4813E-01 -7.3316E-02 -9.9505E-01  3.2195E-02  4.8645E+00
 -4.5626E-01  1.8486E-01  8.8039E-01  3.2195E-02  4.8645E+00
  7.6030E-01 -1.2788E-01  6.5041E-01  3.2195E-02  4.8645E+00
  9.9723E-01 -6.5524E-02  1.2792E-01  3.1425E-02  5.2312E+00
  9.4587E-01 -1.1401E-01 -3.2780E-01  3.1425E-02  5.2312E+00
 -9.9590E-01  9.3644E-02  1.2060E-01  3.1425E-02  5.2312E+00
  2.0374E-01  1.6992E-02  9.8548E-01  3.0618E-02  5.6557E+00
 -9.7805E-01  1.6382E-01  1.7193E-01  3.0618E-02  5.6557E+00
  6.0441E-01  7.5909E-02  8.0118E-01  3.0618E-02  5.6557E+00
  6.8671E-01  1.4021E-03 -7.3580E-01  3.0618E-02  5.6557E+00
  8.7776E-01 -8.0102E-02  4.8588E-01  3.0618E-02  5.6557E+00
 -6.9997E-01  7.3421E-02  7.1808E-01  2.9770E-02  6.1530E+00
 -8.9725E-01  1.3749E-01 -4.3247E-01  2.9770E-02  6.1530E+00
 -1.1688E-01  1.1618E-01 -9.9188E-01  2.9770E-02  6.1530E+00
  9.5180E-01  1.2091E-01  3.0075E-01  2.9770E-02  6.1530E+00
 -1.6725E-01  6.7167E-02  9.8827E-01  2.8874E-02  6.7438E+00
 -7.1159E-01  1.1515E-01 -6.9968E-01  2.8874E-02  6.7438E+00
  1.3830E-01 -1.0339E-01 -9.8962E-01  2.8874E-02  6.7438E+00
 -9.9048E-01 -3.4082E-02 -1.6415E-01  2.8874E-02  6.7438E+00
  8.5034E-01 -1.5702E-01 -5.0968E-01  2.7921E-02  7.4574E+00
  3.3510E-01 -1.5684E-02 -9.4524E-01  2.6903E-02  8.3369E+00
 -9.9070E-01 -1.1094E-01  1.1053E-01  2.6903E-02  8.3369E+00
  9.1555E-03  6.8102E-03 -1.0023E+00  2.5804E-02  9.4481E+00
  5.4489E-01 -2.0746E-03 -8.4061E-01  2.4606E-02  1.0897E+01
  6.6093E-01  1.5818E-02 -7.5263E-01  2.4606E-02  1.0897E+01
 -8.4284E-02  4.7325E-03  9.9820E-01  2.4606E-02  1.0897E+01
  9.0108E-01 -1.5680E-01  4.0867E-01  2.4606E-02  1.0897E+01
  5.4138E-01 -8.0069E-02 -8.3906E-01  2.4606E-02  1.0897E+01
 -2.1142E-02 -2.9006E-02  1.0006E+00  2.3280E-02  1.2866E+01
 -4.8504E-01  1.6126E-01 -8.6097E-01  2.3280E-02  1.2866E+01
  9.9724E-02 -8.3918E-06 -9.9629E-01  2.3280E-02  1.2866E+01
  9.2376E-01 -4.8752E-02 -3.8319E-01  2.3280E-02  1.2866E+01
  9.1534E-01  1.6315E-01 -3.7158E-01  2.3280E-02  1.2866E+01
 -8.1540E-01 -7.5975E-02 -5.7538E-01  2.1787E-02  1.5696E+01
  1.8354E-01 -1.3124E-01 -9.7509E-01  2.1787E-02  1.5696E+01
 -8.3285E-01  1.2774E-01 -5.4014E-01  2.1787E-02  1.5696E+01
 -5.3824E-01  1.5314E-02 -8.4327E-01  2.0058E-02  2.0115E+01
 -7.9144E-01  7.8169E-02 -6.0708E-01  2.0058E-02  2.0115E+01
 -4.3251E-02 -1.3739E-01 -9.9010E-01  2.0058E-02  2.0115E+01
 -9.9165E-01  1.2324E-01 -4.9842E-02  2.0058E-02  2.0115E+01
 -2.1941E-01  5.5014E-02 -9.7462E-01  2.0058E-02  2.0115E+01
 -4.8587E-01 -1.6390E-01  8.5884E-01  1.7969E-02  2.7981E+01
 -6.3899E-01  2.5749E-02  7.6914E-01  1.7969E-02  2.7981E+01
  9.6166E-01 -1.4645E-01  2.3301E-01  1.7969E-02  2.7981E+01
