0.24327771428572D+02       610
(x,y,z) position of the X-ray source
 -0.1786E+01 -0.1181E-01 -0.2253E+00
x | y | z | R | rho
 -2.0748E+00 -2.4360E-01  9.4256E+00  3.1481E-01  5.2029E-03
 -2.0002E+00  3.3213E-01  9.4266E+00  3.1454E-01  5.2164E-03
 -1.7362E+00 -1.9916E-01  9.4455E+00  3.1373E-01  5.2572E-03
  1.4432E+00 -1.1731E-02  9.4354E+00  3.1237E-01  5.3262E-03
  1.2550E+00 -2.3409E-01  9.3004E+00  3.0882E-01  5.5119E-03
 -1.5230E-01  1.7334E-01  9.2757E+00  3.0635E-01  5.6461E-03
 -5.1259E-01  2.2849E-01  9.2252E+00  3.0553E-01  5.6919E-03
  1.2790E+00 -9.0065E-02  9.1407E+00  3.0525E-01  5.7073E-03
 -8.6378E-01  2.9821E-01  9.0025E+00  3.0112E-01  5.9457E-03
 -6.1797E-01  1.6698E-01  8.5904E+00  2.9109E-01  6.5814E-03
  8.2297E-01  7.9495E-02  8.2962E+00  2.8461E-01  7.0411E-03
 -3.0788E-01 -2.8018E-01  8.2667E+00  2.8320E-01  7.1473E-03
  1.5303E-01  7.7241E-02  8.2754E+00  2.8320E-01  7.1473E-03
  2.5059E-01  4.0782E-02  8.0211E+00  2.7722E-01  7.6199E-03
  3.2199E-01  2.8811E-01  7.9894E+00  2.7664E-01  7.6672E-03
  1.8010E+00 -1.9770E-01  7.6579E+00  2.7349E-01  7.9357E-03
 -8.0245E-01  4.8164E-02  7.7800E+00  2.7234E-01  8.0368E-03
  1.2432E-01  1.7755E-01  7.6868E+00  2.6916E-01  8.3247E-03
 -1.4141E+00 -2.4972E-01  7.3356E+00  2.6393E-01  8.8293E-03
  7.5538E-01 -1.9576E-01  7.4100E+00  2.6335E-01  8.8882E-03
  1.8019E+00 -5.5537E-02  6.8979E+00  2.5542E-01  9.7418E-03
 -5.8777E-01 -9.1597E-02  7.0689E+00  2.5453E-01  9.8440E-03
  1.6576E-01  2.9513E-01  6.9788E+00  2.5186E-01  1.0160E-02
 -1.1896E+00 -8.0146E-04  6.6805E+00  2.4680E-01  1.0799E-02
  6.9214E-02  1.0108E-01  6.7490E+00  2.4590E-01  1.0918E-02
  1.2323E+00  1.3246E-01  6.5632E+00  2.4410E-01  1.1162E-02
 -1.1052E+00 -8.1617E-02  6.5147E+00  2.4229E-01  1.1413E-02
  1.8561E+00 -1.6867E-01  6.2169E+00  2.3927E-01  1.1851E-02
  8.0388E-01  1.7562E-01  6.1650E+00  2.3226E-01  1.2956E-02
 -1.2735E+00  2.7677E-01  5.7817E+00  2.2456E-01  1.4336E-02
 -1.6107E+00  1.5207E-01  5.5924E+00  2.2176E-01  1.4886E-02
  1.6789E+00  2.5154E-01  5.3249E+00  2.1549E-01  1.6222E-02
 -1.8387E+00  2.4418E-01  5.2598E+00  2.1518E-01  1.6293E-02
 -4.9828E-01  1.7614E-02  5.4851E+00  2.1329E-01  1.6731E-02
 -1.5778E+00  1.0143E-01  5.1307E+00  2.0948E-01  1.7659E-02
 -7.3622E-01  2.6414E-01  5.2414E+00  2.0757E-01  1.8151E-02
 -8.5760E-01  2.1533E-01  5.1549E+00  2.0565E-01  1.8663E-02
  2.1264E-01  9.9410E-02  5.2249E+00  2.0565E-01  1.8663E-02
 -9.2885E-01 -2.3813E-01  5.0361E+00  2.0277E-01  1.9472E-02
  9.0293E-02  2.0494E-01  5.1217E+00  2.0277E-01  1.9472E-02
  1.7709E+00  2.2325E-01  4.7322E+00  2.0083E-01  2.0040E-02
  7.6625E-01  2.0299E-02  4.8600E+00  1.9695E-01  2.1249E-02
 -1.2311E+00  1.2024E-02  4.7163E+00  1.9565E-01  2.1676E-02
  3.7481E-01  1.3559E-01  4.8466E+00  1.9532E-01  2.1784E-02
 -1.3432E+00 -2.4944E-02  4.6618E+00  1.9500E-01  2.1894E-02
 -1.1775E+00 -1.6244E-01  4.7037E+00  1.9500E-01  2.1894E-02
  1.0909E+00  2.7060E-01  4.5437E+00  1.9009E-01  2.3634E-02
  5.1364E-01  2.3448E-01  4.4295E+00  1.8381E-01  2.6139E-02
  1.9235E+00 -2.4906E-01  3.8463E+00  1.7914E-01  2.8237E-02
 -1.3885E+00  2.6267E-01  4.0693E+00  1.7914E-01  2.8237E-02
  1.0846E-02  1.4400E-02  4.2740E+00  1.7813E-01  2.8718E-02
 -1.8412E+00  2.4081E-01  3.8495E+00  1.7813E-01  2.8718E-02
  1.7359E-01  8.5536E-02  4.2584E+00  1.7780E-01  2.8881E-02
  1.2410E+00  2.3277E-01  4.0715E+00  1.7780E-01  2.8881E-02
  8.6529E-01 -2.0983E-01  4.1229E+00  1.7645E-01  2.9546E-02
  5.1921E-01  4.6333E-02  4.1631E+00  1.7578E-01  2.9887E-02
 -1.1989E+00 -1.2086E-01  3.9605E+00  1.7409E-01  3.0764E-02
  9.6744E-01 -1.1228E-01  4.0120E+00  1.7376E-01  3.0944E-02
  3.2354E-01 -2.4606E-01  4.0749E+00  1.7274E-01  3.1493E-02
 -6.4159E-01  5.7824E-03  3.8533E+00  1.6695E-01  3.4882E-02
 -1.3584E+00 -6.4925E-02  3.6385E+00  1.6627E-01  3.5315E-02
 -1.2360E+00 -1.4046E-01  3.6564E+00  1.6558E-01  3.5755E-02
 -1.4111E+00 -3.3694E-03  3.5952E+00  1.6558E-01  3.5755E-02
 -9.7652E-01 -1.2062E-01  3.6095E+00  1.6180E-01  3.8324E-02
  1.6821E+00  2.4083E-01  3.1109E+00  1.5555E-01  4.3129E-02
  2.4071E-01 -2.1457E-01  3.4973E+00  1.5451E-01  4.4012E-02
  1.1229E+00  2.0189E-01  3.2758E+00  1.5311E-01  4.5230E-02
  4.6263E-03 -7.9672E-02  3.4571E+00  1.5276E-01  4.5542E-02
  1.3430E-01 -2.1840E-01  3.3836E+00  1.5065E-01  4.7481E-02
  1.6306E+00  4.7871E-02  2.9017E+00  1.4853E-01  4.9538E-02
 -2.6054E-02 -2.6082E-02  3.2538E+00  1.4606E-01  5.2102E-02
 -2.3200E-01  1.4920E-02  3.2243E+00  1.4535E-01  5.2868E-02
 -1.0995E+00 -1.8746E-01  2.9322E+00  1.4214E-01  5.6525E-02
  1.8240E+00 -1.7468E-01  2.5333E+00  1.4178E-01  5.6953E-02
  1.9732E-01  1.5815E-01  3.0951E+00  1.4107E-01  5.7823E-02
 -1.2649E+00 -6.9513E-02  2.8237E+00  1.4071E-01  5.8265E-02
  1.5321E+00 -2.1350E-01  2.6683E+00  1.4035E-01  5.8712E-02
 -1.3180E+00 -1.9537E-02  2.7652E+00  1.3964E-01  5.9620E-02
 -1.0631E+00 -9.0269E-03  2.8729E+00  1.3964E-01  5.9620E-02
  6.3590E-01  1.7843E-01  2.8839E+00  1.3604E-01  6.4472E-02
  1.1839E-01 -8.8642E-02  2.9235E+00  1.3496E-01  6.6036E-02
  1.0412E+00 -1.6801E-01  2.7196E+00  1.3460E-01  6.6569E-02
  1.1707E+00 -1.5444E-01  2.6445E+00  1.3388E-01  6.7653E-02
  1.2781E+00  7.6640E-03  2.5642E+00  1.3279E-01  6.9327E-02
  7.6819E-01  6.6543E-02  2.7593E+00  1.3279E-01  6.9327E-02
 -1.8867E+00 -2.5070E-02  2.1285E+00  1.3207E-01  7.0476E-02
  1.2219E+00 -1.3227E-01  2.5537E+00  1.3170E-01  7.1060E-02
  1.5988E+00 -1.5938E-01  2.3346E+00  1.3170E-01  7.1060E-02
 -1.8431E+00  1.4806E-01  2.1478E+00  1.3170E-01  7.1060E-02
  1.2514E+00  1.8448E-01  2.5246E+00  1.3134E-01  7.1651E-02
  1.3781E+00  3.4858E-02  2.3226E+00  1.2697E-01  7.9312E-02
  1.0194E+00 -1.3106E-01  2.4648E+00  1.2587E-01  8.1405E-02
 -5.0774E-01  3.6411E-02  2.6009E+00  1.2514E-01  8.2844E-02
 -1.7302E+00 -6.8181E-02  1.9930E+00  1.2477E-01  8.3577E-02
  1.9214E+00 -9.8358E-03  1.7959E+00  1.2440E-01  8.4318E-02
 -1.2920E+00  1.8257E-01  2.2718E+00  1.2403E-01  8.5069E-02
 -1.8711E+00 -3.8259E-02 -1.8190E+00  1.2367E-01  8.5829E-02
 -8.2274E-01  9.6326E-02  2.4643E+00  1.2330E-01  8.6599E-02
 -1.2809E+00 -3.1641E-02  2.2505E+00  1.2293E-01  8.7378E-02
 -4.3934E-01  1.4726E-01  2.5377E+00  1.2256E-01  8.8168E-02
 -1.4053E+00  1.7697E-01  2.1561E+00  1.2256E-01  8.8168E-02
  1.5677E+00 -1.7268E-01  1.9906E+00  1.2109E-01  9.1425E-02
  1.1997E+00 -1.9985E-01  2.2068E+00  1.2035E-01  9.3117E-02
 -1.8635E+00  2.0355E-01  1.6837E+00  1.2035E-01  9.3117E-02
 -1.6562E+00  1.7984E-01  1.8505E+00  1.1925E-01  9.5738E-02
 -1.5521E-01  9.7597E-02  2.4336E+00  1.1739E-01  1.0034E-01
  5.0926E-02 -6.9307E-02  2.4390E+00  1.1739E-01  1.0034E-01
 -1.8663E+00 -5.2251E-03 -1.5573E+00  1.1702E-01  1.0129E-01
 -1.6658E+00 -2.0458E-01  1.7582E+00  1.1702E-01  1.0129E-01
  1.5608E+00 -1.2349E-01 -1.8464E+00  1.1665E-01  1.0226E-01
  9.9592E-01 -6.3133E-02  2.2056E+00  1.1665E-01  1.0226E-01
 -9.3322E-02  1.3785E-01  2.3857E+00  1.1554E-01  1.0525E-01
 -9.3865E-01 -1.2811E-01  2.1852E+00  1.1517E-01  1.0627E-01
  1.1676E-01  3.7634E-02  2.3688E+00  1.1480E-01  1.0731E-01
 -1.3553E+00 -2.1777E-02  1.9346E+00  1.1442E-01  1.0836E-01
  1.8539E+00 -9.5346E-02 -1.4450E+00  1.1405E-01  1.0942E-01
  4.0841E-01  1.9259E-01  2.2988E+00  1.1368E-01  1.1050E-01
  5.0716E-02  1.6237E-01  2.3075E+00  1.1256E-01  1.1382E-01
 -1.8583E+00 -1.9901E-01  1.3310E+00  1.1182E-01  1.1612E-01
  4.9469E-01 -3.3899E-02  2.2107E+00  1.1070E-01  1.1968E-01
 -1.1548E+00  7.3694E-02  1.9478E+00  1.1070E-01  1.1968E-01
 -1.5707E+00  3.4803E-02 -1.6057E+00  1.0995E-01  1.2214E-01
  1.6193E+00 -7.4017E-02  1.5415E+00  1.0957E-01  1.2339E-01
  3.8366E-01 -4.7967E-02  2.1840E+00  1.0882E-01  1.2596E-01
  1.6483E+00 -1.2301E-01  1.4789E+00  1.0882E-01  1.2596E-01
 -1.8962E+00  6.2329E-03  1.1321E+00  1.0845E-01  1.2727E-01
  1.2065E+00 -9.6358E-02  1.8246E+00  1.0770E-01  1.2994E-01
  1.6822E-01 -1.4157E-01  2.1690E+00  1.0733E-01  1.3131E-01
 -1.8301E+00  6.8962E-02  1.1826E+00  1.0733E-01  1.3131E-01
  1.1721E+00  1.0512E-01 -1.8240E+00  1.0695E-01  1.3269E-01
 -7.5129E-01  1.0742E-01  2.0336E+00  1.0695E-01  1.3269E-01
 -1.6470E+00 -1.2889E-01 -1.3642E+00  1.0582E-01  1.3698E-01
  1.3711E+00 -1.0374E-01 -1.6064E+00  1.0470E-01  1.4145E-01
 -1.6997E+00  5.2678E-03 -1.2578E+00  1.0470E-01  1.4145E-01
 -1.3358E+00  4.8657E-02  1.6144E+00  1.0394E-01  1.4454E-01
  1.8732E+00 -3.2896E-02 -8.9752E-01  1.0319E-01  1.4773E-01
 -1.9028E+00  1.2815E-01  8.0014E-01  1.0281E-01  1.4936E-01
  6.3853E-01 -6.5583E-03  1.9671E+00  1.0281E-01  1.4936E-01
  1.7620E+00 -1.3982E-01 -1.0561E+00  1.0244E-01  1.5102E-01
  1.4110E+00 -1.5804E-01  1.4784E+00  1.0206E-01  1.5269E-01
 -1.5937E+00 -1.4037E-02  1.2744E+00  1.0168E-01  1.5440E-01
 -1.8313E+00  1.3051E-01  8.9078E-01  1.0168E-01  1.5440E-01
  1.4346E+00  1.1685E-01  1.4077E+00  1.0055E-01  1.5967E-01
 -1.8191E+00  2.2889E-02 -8.1902E-01  9.9797E-02  1.6332E-01
 -1.1659E+00 -1.8155E-01 -1.5976E+00  9.9419E-02  1.6519E-01
  6.5343E-01  1.9112E-01  1.8562E+00  9.9041E-02  1.6709E-01
  8.6239E-01 -2.0591E-02  1.7689E+00  9.8663E-02  1.6902E-01
 -1.0337E+00  9.0943E-02 -1.6723E+00  9.8663E-02  1.6902E-01
  4.6285E-01 -9.1687E-02 -1.9014E+00  9.8285E-02  1.7098E-01
  8.4898E-01  7.4906E-02  1.7540E+00  9.7907E-02  1.7297E-01
  1.0622E+00 -1.1732E-01 -1.6312E+00  9.7907E-02  1.7297E-01
 -1.4922E+00 -8.3666E-02  1.2388E+00  9.7529E-02  1.7499E-01
  9.0066E-01  1.0532E-01  1.7164E+00  9.7529E-02  1.7499E-01
  1.5585E+00  6.9555E-02  1.1401E+00  9.7150E-02  1.7704E-01
  5.3088E-01  1.5400E-01 -1.8515E+00  9.7150E-02  1.7704E-01
 -3.6437E-01  1.7461E-01 -1.8896E+00  9.7150E-02  1.7704E-01
  1.0883E+00 -1.1264E-01 -1.5927E+00  9.7150E-02  1.7704E-01
 -8.7208E-01  1.1607E-01 -1.7204E+00  9.7150E-02  1.7704E-01
  1.4137E+00 -3.6979E-02 -1.3036E+00  9.6772E-02  1.7912E-01
 -1.8850E+00 -1.4447E-01 -3.5413E-01  9.6772E-02  1.7912E-01
 -1.1744E+00  6.9785E-03 -1.5232E+00  9.6772E-02  1.7912E-01
 -1.5281E+00  1.5000E-01 -1.1436E+00  9.6393E-02  1.8124E-01
  9.4868E-01 -2.8199E-02 -1.6525E+00  9.6015E-02  1.8340E-01
  6.0296E-01 -1.8818E-01 -1.7979E+00  9.6015E-02  1.8340E-01
  1.8855E+00  6.5603E-02 -1.9697E-01  9.5636E-02  1.8558E-01
  1.6303E+00  3.1063E-02 -9.6907E-01  9.5636E-02  1.8558E-01
  1.0579E+00 -4.0240E-02 -1.5633E+00  9.5257E-02  1.8781E-01
  1.8756E+00  7.0267E-02 -9.3731E-02  9.4878E-02  1.9007E-01
  1.8339E+00  1.8826E-01 -3.1630E-01  9.4499E-02  1.9236E-01
 -2.2320E-01  9.5591E-02 -1.8459E+00  9.4120E-02  1.9470E-01
 -4.8453E-01 -1.2528E-01  1.7933E+00  9.4120E-02  1.9470E-01
 -1.6231E+00 -6.0010E-02 -8.7384E-01  9.3361E-02  1.9948E-01
 -3.7945E-01  2.8044E-02 -1.8047E+00  9.3361E-02  1.9948E-01
 -7.1119E-01 -9.8305E-03 -1.7017E+00  9.3361E-02  1.9948E-01
  1.2134E+00 -8.0250E-02  1.3867E+00  9.3361E-02  1.9948E-01
 -8.6983E-04  1.3149E-01 -1.8397E+00  9.3361E-02  1.9948E-01
  1.7130E+00 -5.7071E-02 -6.5753E-01  9.2982E-02  2.0193E-01
  2.7217E-01 -1.3229E-01 -1.8106E+00  9.2982E-02  2.0193E-01
 -1.6898E+00 -9.7712E-02 -7.1064E-01  9.2982E-02  2.0193E-01
 -1.1158E+00  9.2299E-02  1.4548E+00  9.2982E-02  2.0193E-01
 -4.1491E-01 -1.6087E-01  1.7721E+00  9.2603E-02  2.0443E-01
  1.3528E+00 -2.8099E-02  1.2278E+00  9.2603E-02  2.0443E-01
  3.2138E-01  2.3874E-02 -1.7897E+00  9.2223E-02  2.0696E-01
 -1.3755E+00 -1.0009E-01 -1.1853E+00  9.2223E-02  2.0696E-01
  1.7680E+00 -1.3016E-01 -4.0526E-01  9.2223E-02  2.0696E-01
 -8.9538E-01 -1.5300E-01 -1.5654E+00  9.1844E-02  2.0954E-01
 -6.3849E-01 -7.6731E-02  1.6918E+00  9.1844E-02  2.0954E-01
  3.9213E-01 -7.4566E-02 -1.7565E+00  9.1464E-02  2.1216E-01
 -1.4415E+00 -1.3766E-01  1.0714E+00  9.1464E-02  2.1216E-01
  1.0587E+00  1.5468E-01 -1.4385E+00  9.1084E-02  2.1482E-01
  1.6887E+00 -7.5969E-02  5.7098E-01  9.0704E-02  2.1753E-01
  1.6719E+00  3.9992E-02  6.2189E-01  9.0704E-02  2.1753E-01
 -2.2487E-01  6.5252E-02 -1.7603E+00  9.0325E-02  2.2029E-01
 -1.3589E+00  9.1740E-02  1.1394E+00  9.0325E-02  2.2029E-01
  3.1584E-01 -1.4505E-01  1.7328E+00  8.9945E-02  2.2309E-01
 -6.5208E-01 -1.5076E-01  1.6266E+00  8.9565E-02  2.2594E-01
  1.1676E+00 -4.0982E-02  1.3148E+00  8.9565E-02  2.2594E-01
  1.7412E+00  1.3329E-01  1.2140E-01  8.9185E-02  2.2884E-01
 -5.4799E-01 -1.5456E-01 -1.6553E+00  8.9185E-02  2.2884E-01
  1.6042E+00  1.7542E-01  6.7817E-01  8.9185E-02  2.2884E-01
  1.0930E+00 -1.5426E-01  1.3586E+00  8.9185E-02  2.2884E-01
  6.8303E-01 -1.3239E-03 -1.6117E+00  8.9185E-02  2.2884E-01
 -1.0392E+00  9.4775E-02 -1.4054E+00  8.9185E-02  2.2884E-01
 -4.2478E-01 -1.1549E-01  1.6856E+00  8.8805E-02  2.3179E-01
  1.0438E+00  1.0448E-02  1.3947E+00  8.8805E-02  2.3179E-01
  1.7074E+00  1.0379E-01 -2.8299E-01  8.8425E-02  2.3479E-01
 -2.6145E-01 -7.8636E-02 -1.7121E+00  8.8425E-02  2.3479E-01
 -1.3573E+00  2.3161E-02 -1.0651E+00  8.8044E-02  2.3785E-01
  1.7027E+00  1.7229E-01 -1.4004E-01  8.7664E-02  2.4095E-01
 -7.7845E-01 -4.5596E-03  1.5213E+00  8.7284E-02  2.4412E-01
  1.5457E+00 -7.6314E-02 -7.2471E-01  8.7284E-02  2.4412E-01
  1.5157E+00 -1.1573E-01  7.6245E-01  8.6904E-02  2.4734E-01
 -1.6043E+00 -1.2193E-01 -5.5104E-01  8.6904E-02  2.4734E-01
  1.6717E+00  4.3186E-03 -2.6419E-01  8.6524E-02  2.5061E-01
 -6.8530E-01  1.3471E-01  1.5326E+00  8.6143E-02  2.5395E-01
  1.6704E+00 -1.0106E-01 -9.4111E-02  8.5763E-02  2.5734E-01
 -8.1037E-01 -1.1139E-02  1.4671E+00  8.5763E-02  2.5734E-01
 -7.7093E-01  8.8292E-02 -1.4765E+00  8.5382E-02  2.6079E-01
  1.4327E+00 -4.7476E-02 -8.5276E-01  8.5382E-02  2.6079E-01
 -1.1418E+00  1.3178E-01 -1.2087E+00  8.5382E-02  2.6079E-01
  7.6863E-01  9.7696E-02  1.4679E+00  8.5002E-02  2.6431E-01
 -8.6185E-01  4.5440E-02  1.4178E+00  8.5002E-02  2.6431E-01
  5.8129E-01 -1.2616E-01  1.5496E+00  8.5002E-02  2.6431E-01
 -1.6577E+00 -6.5105E-02 -5.4035E-02  8.5002E-02  2.6431E-01
 -1.6472E+00  1.1543E-01 -4.0853E-02  8.4622E-02  2.6789E-01
  2.0374E-01  1.2534E-01 -1.6344E+00  8.4622E-02  2.6789E-01
 -1.1413E+00 -6.6108E-02 -1.1811E+00  8.4241E-02  2.7154E-01
 -1.6200E+00  1.4202E-01  2.3961E-01  8.4241E-02  2.7154E-01
  5.5437E-01  7.0554E-02 -1.5458E+00  8.4241E-02  2.7154E-01
  7.1300E-01  1.5842E-01  1.4726E+00  8.4241E-02  2.7154E-01
  7.2477E-01 -5.5300E-02  1.4743E+00  8.4241E-02  2.7154E-01
  7.7104E-02  3.5969E-02 -1.6335E+00  8.3861E-02  2.7525E-01
  1.5596E+00 -1.2572E-01  4.7689E-01  8.3861E-02  2.7525E-01
 -1.5717E+00 -6.4273E-02 -4.4881E-01  8.3861E-02  2.7525E-01
  1.3375E+00 -2.0592E-02  9.4150E-01  8.3861E-02  2.7525E-01
 -2.3250E-01 -9.6991E-02 -1.6082E+00  8.3480E-02  2.7903E-01
 -7.3645E-01 -7.8536E-02 -1.4406E+00  8.3100E-02  2.8288E-01
  1.4287E+00 -9.5257E-02  7.5731E-01  8.3100E-02  2.8288E-01
 -1.3026E+00 -4.7616E-02 -9.3484E-01  8.2338E-02  2.9080E-01
 -1.5575E+00 -1.3786E-01 -3.5799E-01  8.2338E-02  2.9080E-01
 -7.6802E-01  5.9509E-02 -1.4070E+00  8.2338E-02  2.9080E-01
 -9.1322E-01  1.5599E-01  1.2998E+00  8.1958E-02  2.9487E-01
  9.7183E-01 -1.0620E-01  1.2618E+00  8.1958E-02  2.9487E-01
  4.0718E-01 -1.6129E-01  1.5349E+00  8.1958E-02  2.9487E-01
 -2.7086E-01 -1.4829E-01 -1.5660E+00  8.1958E-02  2.9487E-01
  1.5856E+00  9.2593E-02 -8.3539E-03  8.1577E-02  2.9902E-01
  1.5673E+00 -1.4433E-01 -1.4489E-01  8.1197E-02  3.0324E-01
  1.4204E+00  1.2897E-02 -6.9319E-01  8.1197E-02  3.0324E-01
  4.4555E-01 -1.7219E-01 -1.4985E+00  8.0816E-02  3.0755E-01
  9.8522E-01 -9.0480E-02 -1.2227E+00  8.0816E-02  3.0755E-01
  1.2622E+00 -8.9369E-02 -9.3418E-01  8.0816E-02  3.0755E-01
 -1.5715E+00  2.6128E-02 -5.9459E-02  8.0816E-02  3.0755E-01
 -1.5586E+00 -2.9491E-02  2.0893E-01  8.0816E-02  3.0755E-01
 -4.5146E-01 -3.9660E-02 -1.4981E+00  8.0435E-02  3.1193E-01
 -1.0335E+00 -8.9010E-02 -1.1719E+00  8.0435E-02  3.1193E-01
  3.7661E-01 -1.4034E-01  1.5126E+00  8.0435E-02  3.1193E-01
 -1.5467E+00 -1.8197E-01 -8.1152E-03  8.0055E-02  3.1640E-01
 -5.8459E-01  1.0372E-02 -1.4435E+00  8.0055E-02  3.1640E-01
  1.5463E+00  1.5887E-01  9.5799E-02  8.0055E-02  3.1640E-01
  1.5296E+00 -7.8615E-02  2.3646E-01  7.9674E-02  3.2096E-01
 -9.6864E-01 -1.5592E-01  1.1898E+00  7.9293E-02  3.2561E-01
 -1.4223E+00 -4.4814E-02 -5.9445E-01  7.9293E-02  3.2561E-01
 -2.4281E-01 -4.2392E-02  1.5223E+00  7.9293E-02  3.2561E-01
 -6.3087E-01  6.9612E-02 -1.4055E+00  7.9293E-02  3.2561E-01
  9.8336E-01 -1.5681E-01 -1.1676E+00  7.8913E-02  3.3034E-01
  4.0781E-02  6.6113E-02  1.5251E+00  7.8532E-02  3.3517E-01
 -4.5459E-01  5.4646E-03  1.4578E+00  7.8532E-02  3.3517E-01
 -1.4221E+00  1.3488E-01  5.3970E-01  7.8532E-02  3.3517E-01
  2.9949E-01  1.4139E-02 -1.4973E+00  7.8532E-02  3.3517E-01
 -9.0673E-01 -7.2550E-02  1.2172E+00  7.8152E-02  3.4009E-01
 -1.0772E+00 -8.2110E-02  1.0579E+00  7.7771E-02  3.4511E-01
 -1.4065E+00 -1.4100E-01 -5.3668E-01  7.7771E-02  3.4511E-01
  4.3784E-01  4.5536E-02 -1.4465E+00  7.7771E-02  3.4511E-01
  5.2148E-01  1.8461E-01 -1.3992E+00  7.7390E-02  3.5022E-01
  1.3414E+00  1.6403E-01 -6.6149E-01  7.7390E-02  3.5022E-01
  1.3219E-01 -1.1555E-01 -1.4943E+00  7.7390E-02  3.5022E-01
  1.2045E+00 -8.3443E-02  8.8531E-01  7.7010E-02  3.5544E-01
 -1.4934E+00  5.2338E-02 -9.3564E-02  7.7010E-02  3.5544E-01
  1.4770E-01 -9.8583E-03  1.4899E+00  7.7010E-02  3.5544E-01
 -5.5848E-01 -1.3782E-01 -1.3743E+00  7.6629E-02  3.6076E-01
 -3.6435E-01  1.4192E-01  1.4300E+00  7.6248E-02  3.6619E-01
  1.3324E+00 -1.1530E-01 -6.3962E-01  7.6248E-02  3.6619E-01
  3.1953E-01 -9.2973E-02  1.4372E+00  7.5868E-02  3.7173E-01
 -1.4614E+00 -1.8169E-01 -8.7405E-02  7.5868E-02  3.7173E-01
 -5.5914E-01 -1.0962E-01  1.3607E+00  7.5868E-02  3.7173E-01
  1.1582E+00 -8.9288E-02 -8.9744E-01  7.5487E-02  3.7739E-01
 -1.4619E+00  1.3284E-01 -1.0168E-02  7.5487E-02  3.7739E-01
  1.3399E+00  1.2475E-01  5.6811E-01  7.5106E-02  3.8315E-01
 -9.5726E-01 -1.2911E-01 -1.0958E+00  7.5106E-02  3.8315E-01
 -9.5063E-01 -1.5288E-01  1.0985E+00  7.5106E-02  3.8315E-01
  1.4565E+00  1.0954E-01  1.6578E-02  7.5106E-02  3.8315E-01
 -5.9288E-01  6.8918E-02  1.3253E+00  7.4726E-02  3.8904E-01
  4.4734E-01  1.7940E-01 -1.3637E+00  7.4345E-02  3.9504E-01
  2.1444E-01 -3.8526E-02 -1.4299E+00  7.4345E-02  3.9504E-01
  4.2281E-01  1.4138E-01  1.3760E+00  7.4345E-02  3.9504E-01
 -1.4123E+00  1.6622E-02  3.1204E-01  7.4345E-02  3.9504E-01
  1.3951E+00  1.1990E-01  3.3319E-01  7.3965E-02  4.0117E-01
 -8.5072E-01  1.2116E-01  1.1546E+00  7.3965E-02  4.0117E-01
  5.7014E-01  1.0888E-01 -1.3171E+00  7.3965E-02  4.0117E-01
 -1.8382E-01  1.4853E-01 -1.4126E+00  7.3584E-02  4.0743E-01
 -1.4233E+00 -1.1347E-01 -1.1312E-01  7.3584E-02  4.0743E-01
  5.4944E-01 -8.7580E-02  1.3121E+00  7.3203E-02  4.1382E-01
  6.4906E-01 -1.0396E-02  1.2610E+00  7.2822E-02  4.2035E-01
  1.2798E+00  9.2943E-02  6.0414E-01  7.2822E-02  4.2035E-01
 -9.3792E-01  1.2045E-02 -1.0545E+00  7.2442E-02  4.2701E-01
  3.4862E-01  1.3486E-01  1.3537E+00  7.2061E-02  4.3381E-01
 -3.9366E-01  9.2681E-02 -1.3165E+00  7.0538E-02  4.6253E-01
 -1.3062E+00 -8.7401E-02  4.2762E-01  7.0538E-02  4.6253E-01
 -1.1431E+00  8.3232E-02  7.6362E-01  7.0538E-02  4.6253E-01
 -8.0097E-01  1.7323E-01  1.1069E+00  7.0538E-02  4.6253E-01
  5.9367E-01 -3.0572E-02  1.2349E+00  7.0157E-02  4.7010E-01
 -1.1658E+00  9.7374E-02  7.0125E-01  6.9776E-02  4.7784E-01
 -7.3995E-02 -1.4957E-01 -1.3470E+00  6.9395E-02  4.8575E-01
 -5.6998E-01 -8.9178E-02  1.2286E+00  6.9395E-02  4.8575E-01
 -8.4155E-01  1.8619E-01  1.0485E+00  6.9395E-02  4.8575E-01
 -7.3817E-01 -1.1753E-01 -1.1095E+00  6.8252E-02  5.1057E-01
 -5.7987E-01 -2.9076E-02 -1.1981E+00  6.7871E-02  5.1923E-01
  3.6996E-01  1.2919E-01  1.2724E+00  6.7871E-02  5.1923E-01
 -1.3128E+00  1.5050E-01  9.6936E-02  6.7489E-02  5.2808E-01
 -2.3681E-01  1.2672E-01 -1.2975E+00  6.7489E-02  5.2808E-01
  1.0523E+00  9.3670E-02 -7.9966E-01  6.7489E-02  5.2808E-01
 -6.8258E-01 -9.7934E-02 -1.1314E+00  6.7489E-02  5.2808E-01
 -1.8055E-01  6.4691E-02  1.3110E+00  6.7489E-02  5.2808E-01
  1.2515E+00  1.4946E-01  3.8761E-01  6.7108E-02  5.3713E-01
  5.8395E-01  1.3872E-01  1.1671E+00  6.6726E-02  5.4640E-01
 -9.8024E-01 -3.8644E-02  8.7177E-01  6.6726E-02  5.4640E-01
 -1.1462E+00 -1.9539E-02  6.3892E-01  6.6726E-02  5.4640E-01
  1.2896E+00  6.5015E-02 -2.3489E-01  6.6726E-02  5.4640E-01
  2.2986E-01 -4.8943E-02 -1.2912E+00  6.6726E-02  5.4640E-01
  1.2762E+00  8.2867E-02 -2.9457E-01  6.6726E-02  5.4640E-01
  1.1122E+00  7.0165E-02 -6.8123E-01  6.6345E-02  5.5588E-01
  1.2987E+00  1.3789E-02 -1.3857E-01  6.6345E-02  5.5588E-01
  1.2647E+00 -7.0465E-02  3.1882E-01  6.6345E-02  5.5588E-01
 -7.6191E-01  1.6603E-01 -1.0401E+00  6.5963E-02  5.6559E-01
  1.2624E+00 -1.0006E-01  2.6527E-01  6.5581E-02  5.7553E-01
 -1.0525E+00 -1.7003E-01  7.3311E-01  6.5581E-02  5.7553E-01
 -1.2234E+00 -1.8151E-01 -3.7982E-01  6.5581E-02  5.7553E-01
 -1.2493E+00 -1.8494E-02  3.1192E-01  6.5199E-02  5.8571E-01
 -1.1892E+00 -7.2662E-02 -4.8875E-01  6.5199E-02  5.8571E-01
  8.3960E-01  5.8464E-02 -9.7467E-01  6.5199E-02  5.8571E-01
  5.2409E-01 -1.5948E-01  1.1588E+00  6.4817E-02  5.9614E-01
  4.6647E-01 -1.5933E-01 -1.1767E+00  6.4434E-02  6.0681E-01
  2.3561E-01  1.7594E-01  1.2414E+00  6.4434E-02  6.0681E-01
 -2.1693E-01 -4.2044E-03 -1.2511E+00  6.4051E-02  6.1776E-01
  1.0442E+00 -6.9376E-02  7.1920E-01  6.4051E-02  6.1776E-01
  9.8766E-01 -1.8000E-01  7.6788E-01  6.3669E-02  6.2897E-01
 -5.8694E-01  1.4080E-01  1.1105E+00  6.3669E-02  6.2897E-01
  9.5660E-01  1.6271E-01 -8.0991E-01  6.3669E-02  6.2897E-01
  1.2503E+00  1.2611E-01  1.3561E-01  6.3669E-02  6.2897E-01
  9.9859E-02 -8.4216E-02  1.2572E+00  6.3669E-02  6.2897E-01
 -1.2521E+00 -4.2866E-02 -1.1462E-01  6.3285E-02  6.4046E-01
 -9.3309E-01  1.5670E-01 -8.2920E-01  6.3285E-02  6.4046E-01
  4.9997E-01 -3.3674E-02  1.1540E+00  6.3285E-02  6.4046E-01
 -1.0637E+00  8.0663E-02  6.5593E-01  6.2902E-02  6.5224E-01
 -4.9305E-01  1.5011E-01  1.1413E+00  6.2902E-02  6.5224E-01
  5.6814E-01 -1.1098E-01  1.1040E+00  6.2518E-02  6.6433E-01
  1.3296E-01  5.9132E-02  1.2381E+00  6.2518E-02  6.6433E-01
  1.8344E-02 -4.1887E-02 -1.2401E+00  6.2134E-02  6.7672E-01
 -5.9203E-01  1.1579E-01  1.0844E+00  6.2134E-02  6.7672E-01
  1.1642E+00 -1.3567E-01 -4.0764E-01  6.2134E-02  6.7672E-01
  5.4814E-01  1.7562E-01 -1.0930E+00  6.1750E-02  6.8943E-01
  1.4327E-01  5.2750E-02 -1.2202E+00  6.1365E-02  7.0248E-01
 -1.1792E+00 -8.3608E-02 -3.3861E-01  6.1365E-02  7.0248E-01
 -1.2069E+00 -1.1912E-02 -2.3564E-01  6.1365E-02  7.0248E-01
  7.7840E-01  1.9363E-02 -9.4467E-01  6.0980E-02  7.1587E-01
 -1.1990E+00  9.0130E-02 -2.2999E-01  6.0980E-02  7.1587E-01
 -6.3076E-01 -1.4071E-01  1.0397E+00  6.0980E-02  7.1587E-01
 -1.2149E+00  6.0766E-02  7.6132E-02  6.0595E-02  7.2962E-01
  4.0937E-01 -1.7827E-01  1.1340E+00  6.0595E-02  7.2962E-01
  5.1458E-01  3.4657E-02  1.1042E+00  6.0595E-02  7.2962E-01
  8.5939E-01  9.0173E-02  8.5946E-01  6.0595E-02  7.2962E-01
  1.2075E+00  1.4840E-01  7.3449E-02  6.0595E-02  7.2962E-01
 -1.2107E+00 -5.3890E-02 -5.8562E-02  6.0209E-02  7.4374E-01
  8.5245E-01  4.4633E-03  8.5591E-01  5.9822E-02  7.5825E-01
 -1.9563E-01  1.7454E-01 -1.1738E+00  5.9436E-02  7.7315E-01
 -9.0723E-01 -1.1813E-01 -7.8070E-01  5.9436E-02  7.7315E-01
 -6.6747E-01  5.2564E-02  9.9912E-01  5.9436E-02  7.7315E-01
  8.6703E-01 -4.8597E-02 -8.3212E-01  5.9436E-02  7.7315E-01
  1.1492E+00 -7.9775E-02 -3.4570E-01  5.9436E-02  7.7315E-01
 -1.1952E+00  1.3162E-01  2.7450E-02  5.9436E-02  7.7315E-01
 -1.0657E+00 -4.6937E-02  5.4415E-01  5.9048E-02  7.8847E-01
  1.1617E+00  1.3875E-01 -2.5535E-01  5.9048E-02  7.8847E-01
  7.3408E-01 -1.4835E-01 -9.3438E-01  5.9048E-02  7.8847E-01
 -1.0207E+00 -1.1330E-01 -6.0575E-01  5.8660E-02  8.0422E-01
 -3.5374E-01 -1.6221E-01  1.1216E+00  5.8271E-02  8.2042E-01
  3.9889E-01 -5.0217E-02  1.1170E+00  5.8271E-02  8.2042E-01
 -5.3133E-01  1.8800E-02 -1.0558E+00  5.7882E-02  8.3709E-01
  1.1053E+00 -6.8738E-02 -4.1349E-01  5.7882E-02  8.3709E-01
  1.1702E+00 -1.2013E-01 -1.1675E-01  5.7882E-02  8.3709E-01
 -7.7805E-01 -1.4616E-01 -8.7790E-01  5.7882E-02  8.3709E-01
  1.1162E+00 -3.8991E-03 -3.7387E-01  5.7492E-02  8.5424E-01
  2.0818E-01  9.3885E-02 -1.1497E+00  5.7101E-02  8.7190E-01
 -1.1514E+00 -4.9381E-02  2.1431E-01  5.7101E-02  8.7190E-01
 -1.8938E-01  5.8092E-02 -1.1553E+00  5.7101E-02  8.7190E-01
  1.1297E+00  4.1115E-02 -3.0995E-01  5.7101E-02  8.7190E-01
  4.6915E-01  1.1825E-01 -1.0677E+00  5.7101E-02  8.7190E-01
 -1.0206E+00  2.6845E-03 -5.6656E-01  5.6710E-02  8.9009E-01
 -2.4200E-01 -9.2849E-02  1.1382E+00  5.6710E-02  8.9009E-01
  3.7748E-01  9.6030E-03 -1.1045E+00  5.6710E-02  8.9009E-01
 -4.2619E-01  4.7353E-02  1.0857E+00  5.6710E-02  8.9009E-01
 -9.4814E-01 -1.2796E-01 -6.6031E-01  5.6317E-02  9.0882E-01
  9.1165E-01 -1.4071E-01  7.0742E-01  5.6317E-02  9.0882E-01
 -9.3655E-01  1.4145E-01 -6.7396E-01  5.6317E-02  9.0882E-01
 -8.2387E-01  1.2540E-01 -7.9683E-01  5.5530E-02  9.4805E-01
  1.9886E-01 -1.8039E-02  1.1356E+00  5.5530E-02  9.4805E-01
 -1.1520E+00 -4.3030E-02  2.0428E-02  5.5530E-02  9.4805E-01
  8.6609E-01  1.1420E-02  7.6105E-01  5.5530E-02  9.4805E-01
 -8.7731E-02 -1.1887E-01  1.1388E+00  5.5134E-02  9.6859E-01
  1.0478E+00  1.1081E-01  4.5665E-01  5.5134E-02  9.6859E-01
 -1.1386E+00  7.7511E-02 -1.2743E-01  5.5134E-02  9.6859E-01
  1.1243E+00  1.0373E-01  2.0990E-01  5.5134E-02  9.6859E-01
  8.1641E-02 -1.5664E-01 -1.1301E+00  5.4738E-02  9.8980E-01
  1.0163E+00 -1.3914E-01 -4.9576E-01  5.4340E-02  1.0117E+00
 -9.2741E-01  2.0240E-02  6.6141E-01  5.4340E-02  1.0117E+00
  1.0745E+00  1.0499E-01 -3.4971E-01  5.3941E-02  1.0343E+00
 -3.4124E-01 -1.2418E-01  1.0752E+00  5.3941E-02  1.0343E+00
  9.0656E-01  9.5503E-02 -6.7594E-01  5.3941E-02  1.0343E+00
 -6.4576E-01 -9.5134E-02 -9.2296E-01  5.3541E-02  1.0577E+00
 -6.0410E-01  1.3776E-01  9.4552E-01  5.3541E-02  1.0577E+00
  9.0302E-01  3.9364E-02 -6.6452E-01  5.2736E-02  1.1068E+00
 -1.0535E+00  1.5944E-01  3.5102E-01  5.2736E-02  1.1068E+00
  3.4703E-01  1.5613E-01  1.0554E+00  5.2736E-02  1.1068E+00
 -8.4865E-01 -6.9575E-02  7.3044E-01  5.2736E-02  1.1068E+00
 -4.7037E-01 -1.3792E-01  1.0091E+00  5.2736E-02  1.1068E+00
 -3.6900E-01  9.5278E-02 -1.0552E+00  5.2736E-02  1.1068E+00
  1.6009E-01 -9.7616E-02 -1.1061E+00  5.2736E-02  1.1068E+00
 -6.7688E-01 -1.0113E-02 -8.8935E-01  5.2331E-02  1.1327E+00
  8.3313E-01  1.1618E-01 -7.3593E-01  5.2331E-02  1.1327E+00
 -1.0857E+00  6.3501E-02  2.5753E-01  5.2331E-02  1.1327E+00
  7.8913E-01  1.4933E-01  7.7729E-01  5.2331E-02  1.1327E+00
  1.1116E+00  6.4754E-02  1.1299E-02  5.1925E-02  1.1595E+00
  1.7511E-01 -5.1367E-02  1.0985E+00  5.1925E-02  1.1595E+00
  1.1112E+00 -6.8072E-02  2.5052E-02  5.1925E-02  1.1595E+00
 -1.0775E+00 -1.1882E-01  2.3614E-01  5.1516E-02  1.1873E+00
  9.6915E-01 -1.8467E-01 -5.0757E-01  5.1516E-02  1.1873E+00
  3.0376E-01  1.6140E-01 -1.0548E+00  5.1516E-02  1.1873E+00
 -9.5105E-01  1.6697E-01 -5.4644E-01  5.1516E-02  1.1873E+00
 -9.1989E-01 -1.4670E-01 -5.9532E-01  5.1106E-02  1.2161E+00
 -9.8280E-01 -8.9926E-02 -4.9815E-01  5.1106E-02  1.2161E+00
 -5.4729E-02 -1.5916E-01  1.0926E+00  5.1106E-02  1.2161E+00
  4.2263E-01  1.7398E-01 -1.0066E+00  5.1106E-02  1.2161E+00
 -1.0936E+00 -5.4030E-02 -1.2057E-01  5.0694E-02  1.2461E+00
  5.8625E-01 -3.6352E-02  9.2735E-01  5.0279E-02  1.2771E+00
 -6.1761E-01  8.3436E-03  9.0745E-01  5.0279E-02  1.2771E+00
  1.0577E+00 -6.4309E-02 -2.8653E-01  5.0279E-02  1.2771E+00
 -8.6076E-01 -1.3583E-02 -6.8109E-01  5.0279E-02  1.2771E+00
 -9.8981E-01  4.0155E-02  4.7291E-01  5.0279E-02  1.2771E+00
 -1.0523E+00 -1.4283E-01  2.7784E-01  5.0279E-02  1.2771E+00
  7.1710E-01  1.0561E-01 -8.1932E-01  4.9863E-02  1.3094E+00
  9.9562E-01  1.6677E-01 -4.2143E-01  4.9863E-02  1.3094E+00
  4.9690E-01 -1.2875E-01 -9.6601E-01  4.9863E-02  1.3094E+00
 -5.5974E-01  1.4780E-01  9.2818E-01  4.9863E-02  1.3094E+00
 -4.3317E-01  1.2739E-01  9.9640E-01  4.9863E-02  1.3094E+00
 -1.0693E+00 -3.3115E-02  2.1003E-01  4.9444E-02  1.3430E+00
  4.3741E-01 -1.4226E-01 -9.8843E-01  4.9444E-02  1.3430E+00
 -4.3642E-01  7.4287E-02  9.9627E-01  4.9444E-02  1.3430E+00
  7.5911E-01  1.2562E-02  7.7729E-01  4.9022E-02  1.3780E+00
  1.0710E+00 -1.0752E-01 -1.4832E-01  4.9022E-02  1.3780E+00
 -1.0085E+00 -1.2346E-01  3.8509E-01  4.9022E-02  1.3780E+00
 -7.0657E-01  8.6330E-02 -8.1617E-01  4.8597E-02  1.4144E+00
 -2.0823E-01 -8.8525E-02 -1.0591E+00  4.8597E-02  1.4144E+00
 -4.1435E-01  1.5612E-01 -9.8831E-01  4.8597E-02  1.4144E+00
  6.1317E-01  1.3218E-01 -8.8282E-01  4.8597E-02  1.4144E+00
 -2.2629E-01 -9.9710E-02  1.0508E+00  4.8170E-02  1.4524E+00
  7.7437E-01  9.1268E-02  7.4151E-01  4.7739E-02  1.4920E+00
 -8.8259E-01 -1.6502E-01  5.9296E-01  4.7739E-02  1.4920E+00
 -9.3269E-01  6.7309E-02  5.3232E-01  4.7739E-02  1.4920E+00
  2.3246E-01  1.6843E-01  1.0335E+00  4.7306E-02  1.5334E+00
 -1.0035E+00  1.6957E-01 -3.3889E-01  4.7306E-02  1.5334E+00
  4.6854E-02 -6.5686E-03 -1.0716E+00  4.7306E-02  1.5334E+00
  9.2232E-01  7.0734E-02 -5.4304E-01  4.7306E-02  1.5334E+00
 -6.7564E-01  1.6345E-01 -8.1258E-01  4.6868E-02  1.5768E+00
  7.8189E-01  3.5380E-02 -7.2863E-01  4.6868E-02  1.5768E+00
 -7.3766E-01 -1.4879E-02 -7.7404E-01  4.6868E-02  1.5768E+00
 -7.1363E-01 -1.1437E-01 -7.8374E-01  4.6427E-02  1.6222E+00
  3.4309E-01  1.0674E-01 -1.0037E+00  4.6427E-02  1.6222E+00
 -7.3782E-01 -1.4205E-01 -7.5634E-01  4.6427E-02  1.6222E+00
 -5.2931E-01  1.8096E-01 -9.0757E-01  4.6427E-02  1.6222E+00
  9.7836E-01  1.6142E-01 -3.8293E-01  4.5982E-02  1.6697E+00
  9.1260E-02  1.1026E-01 -1.0533E+00  4.5982E-02  1.6697E+00
 -8.2463E-01  6.9959E-02  6.6706E-01  4.5982E-02  1.6697E+00
  9.4103E-01 -1.3193E-01 -4.7638E-01  4.5982E-02  1.6697E+00
 -1.0408E+00  1.1588E-01 -1.8228E-01  4.5982E-02  1.6697E+00
 -1.9661E-01  1.5683E-02  1.0445E+00  4.5982E-02  1.6697E+00
 -5.2907E-01  1.1313E-01 -9.1139E-01  4.5533E-02  1.7196E+00
 -7.7996E-01  1.5432E-01 -6.9629E-01  4.5079E-02  1.7721E+00
  8.6692E-01 -1.3847E-01 -5.8842E-01  4.5079E-02  1.7721E+00
  9.0445E-01 -1.5311E-01 -5.2488E-01  4.5079E-02  1.7721E+00
 -8.0362E-01 -1.5833E-01  6.6324E-01  4.4620E-02  1.8273E+00
 -2.6861E-01  1.5969E-01  1.0065E+00  4.4620E-02  1.8273E+00
 -1.0098E+00  7.4785E-02  2.8204E-01  4.4156E-02  1.8855E+00
 -9.7528E-01  1.1594E-01 -3.6645E-01  4.3687E-02  1.9469E+00
  1.0093E+00 -1.7747E-01  2.2089E-01  4.3687E-02  1.9469E+00
  3.1592E-01  1.6921E-01  9.8512E-01  4.3687E-02  1.9469E+00
 -2.2188E-01  1.3412E-02 -1.0244E+00  4.3687E-02  1.9469E+00
 -1.5641E-01 -4.3059E-02 -1.0329E+00  4.3212E-02  2.0119E+00
  7.2427E-01  1.7631E-01 -7.3318E-01  4.3212E-02  2.0119E+00
 -9.0839E-01 -4.1374E-02  5.1607E-01  4.3212E-02  2.0119E+00
 -6.4946E-02  3.1375E-02  1.0431E+00  4.3212E-02  2.0119E+00
  4.0610E-02 -1.6874E-01  1.0311E+00  4.3212E-02  2.0119E+00
  1.4546E-01  6.8971E-02 -1.0331E+00  4.3212E-02  2.0119E+00
  9.1671E-01  8.6404E-02  4.8977E-01  4.2730E-02  2.0806E+00
 -9.0133E-01  7.0300E-02  5.1997E-01  4.2730E-02  2.0806E+00
  5.9057E-02  1.0720E-02 -1.0412E+00  4.2730E-02  2.0806E+00
 -3.2755E-01  3.0805E-02  9.8698E-01  4.2242E-02  2.1536E+00
 -7.9622E-01  1.1126E-01 -6.6032E-01  4.2242E-02  2.1536E+00
 -1.4376E-01  1.0561E-01  1.0250E+00  4.2242E-02  2.1536E+00
 -9.6168E-01 -8.8140E-02  3.8700E-01  4.2242E-02  2.1536E+00
 -5.3922E-02  6.8516E-02  1.0367E+00  4.2242E-02  2.1536E+00
 -1.0149E+00  1.7567E-01 -1.4664E-01  4.2242E-02  2.1536E+00
  5.9199E-01 -1.8063E-01 -8.3314E-01  4.1747E-02  2.2312E+00
 -8.8903E-01  1.5283E-01 -5.1328E-01  4.1747E-02  2.2312E+00
  1.0102E+00  1.3354E-01 -1.9695E-01  4.1747E-02  2.2312E+00
  6.1360E-01 -2.2784E-02 -8.3377E-01  4.1244E-02  2.3138E+00
  9.9051E-01  1.3351E-01  2.7068E-01  4.1244E-02  2.3138E+00
 -1.0184E+00  1.6053E-01 -9.6142E-02  4.1244E-02  2.3138E+00
 -7.4139E-01 -1.0382E-01 -7.1199E-01  4.0733E-02  2.4020E+00
  9.6734E-01  1.4091E-01  3.2726E-01  4.0213E-02  2.4964E+00
 -5.4803E-01  5.1997E-02 -8.7159E-01  4.0213E-02  2.4964E+00
 -9.3795E-01  1.8098E-01 -3.8173E-01  3.9683E-02  2.5977E+00
 -2.8713E-01 -3.1932E-02  9.8730E-01  3.9683E-02  2.5977E+00
 -1.5402E-01 -1.6577E-01  1.0013E+00  3.9143E-02  2.7067E+00
 -7.8847E-01  6.5510E-02  6.5097E-01  3.8592E-02  2.8243E+00
  9.7249E-01 -4.3603E-02  3.1954E-01  3.8592E-02  2.8243E+00
  9.9315E-01  1.5582E-01  1.9781E-01  3.8592E-02  2.8243E+00
 -5.7548E-01 -9.0189E-02  8.4051E-01  3.8029E-02  2.9517E+00
  7.7495E-01 -1.6834E-02  6.6703E-01  3.8029E-02  2.9517E+00
  1.0128E+00 -1.2854E-01  5.8538E-02  3.8029E-02  2.9517E+00
  8.6154E-01  1.1382E-01  5.3549E-01  3.7452E-02  3.0900E+00
 -7.9414E-01  7.1642E-02  6.3730E-01  3.7452E-02  3.0900E+00
 -6.9782E-02  5.9358E-03  1.0184E+00  3.7452E-02  3.0900E+00
  1.0071E+00  7.1960E-02 -1.3739E-01  3.6862E-02  3.2409E+00
  1.0038E+00  1.3565E-01  1.1078E-01  3.6862E-02  3.2409E+00
  4.1836E-01 -8.4477E-02  9.2528E-01  3.6862E-02  3.2409E+00
 -6.4426E-01  9.2421E-02 -7.8180E-01  3.6256E-02  3.4062E+00
 -9.8194E-01  1.0897E-01  2.4237E-01  3.6256E-02  3.4062E+00
  7.8489E-01 -1.1960E-01 -6.3597E-01  3.6256E-02  3.4062E+00
  9.1932E-01  7.9991E-02  4.2810E-01  3.6256E-02  3.4062E+00
  2.4547E-01 -1.1419E-01 -9.7888E-01  3.5633E-02  3.5880E+00
  8.7657E-01 -4.9018E-02 -5.1061E-01  3.5633E-02  3.5880E+00
 -9.5593E-01  2.2868E-02  3.4231E-01  3.5633E-02  3.5880E+00
  6.5478E-01 -4.3646E-02  7.7515E-01  3.5633E-02  3.5880E+00
  5.7959E-02 -8.2545E-02  1.0106E+00  3.5633E-02  3.5880E+00
  9.9593E-01 -3.7607E-02 -1.9548E-01  3.5633E-02  3.5880E+00
  2.3692E-01  6.3213E-02  9.8399E-01  3.4991E-02  3.7890E+00
 -8.0610E-01 -1.3233E-01  6.0088E-01  3.4991E-02  3.7890E+00
 -6.6451E-02 -1.0136E-02 -1.0119E+00  3.4991E-02  3.7890E+00
  6.8350E-01  1.7640E-01  7.2807E-01  3.4991E-02  3.7890E+00
 -8.5835E-01  4.7272E-02 -5.3793E-01  3.4991E-02  3.7890E+00
  8.7187E-01 -1.7891E-01 -4.8292E-01  3.4329E-02  4.0125E+00
 -8.5463E-01  1.1976E-01 -5.2976E-01  3.4329E-02  4.0125E+00
 -1.0061E+00 -4.3770E-02  1.0613E-01  3.4329E-02  4.0125E+00
 -1.4413E-01 -1.4658E-01  9.9153E-01  3.4329E-02  4.0125E+00
 -2.4438E-01 -9.2295E-02 -9.7834E-01  3.4329E-02  4.0125E+00
 -7.6698E-01 -1.3610E-01  6.4481E-01  3.3644E-02  4.2626E+00
 -2.4928E-01  1.6671E-02  9.7987E-01  3.3644E-02  4.2626E+00
 -4.4900E-01 -1.4721E-01 -8.9403E-01  3.3644E-02  4.2626E+00
  9.6155E-01 -4.4032E-02 -3.0991E-01  3.3644E-02  4.2626E+00
  2.0007E-01  1.6087E-01  9.7674E-01  3.2934E-02  4.5444E+00
  8.1713E-01  1.5433E-01  5.7306E-01  3.2934E-02  4.5444E+00
 -6.1963E-01 -1.7033E-01  7.7908E-01  3.2934E-02  4.5444E+00
 -3.5724E-01 -1.0500E-01  9.3744E-01  3.2195E-02  4.8645E+00
  6.0962E-02 -6.9497E-02 -1.0044E+00  3.2195E-02  4.8645E+00
  9.6023E-01 -2.5432E-06 -3.0885E-01  3.2195E-02  4.8645E+00
  7.5061E-01  6.9235E-02  6.7025E-01  3.2195E-02  4.8645E+00
 -7.0811E-01  1.0580E-01 -7.0887E-01  3.1425E-02  5.2312E+00
  8.3565E-01 -7.8436E-02  5.5737E-01  3.1425E-02  5.2312E+00
  4.7568E-01 -9.4754E-02 -8.8311E-01  3.1425E-02  5.2312E+00
 -4.0722E-02 -3.4573E-02 -1.0061E+00  3.1425E-02  5.2312E+00
 -1.0318E-01  8.3635E-02 -9.9766E-01  3.0618E-02  5.6557E+00
 -1.0004E+00  9.1567E-02 -6.0864E-02  3.0618E-02  5.6557E+00
 -3.8372E-01 -7.3700E-02 -9.2752E-01  3.0618E-02  5.6557E+00
  2.1071E-02  1.9427E-02  1.0051E+00  2.9770E-02  6.1530E+00
  5.8227E-01  8.0956E-02 -8.1571E-01  2.9770E-02  6.1530E+00
 -9.9955E-01 -6.2279E-02  8.9515E-02  2.9770E-02  6.1530E+00
 -1.2346E-01  1.5449E-01 -9.8584E-01  2.9770E-02  6.1530E+00
  2.6544E-01 -1.1838E-01 -9.6256E-01  2.9770E-02  6.1530E+00
 -9.5002E-01  5.1141E-02  3.2531E-01  2.9770E-02  6.1530E+00
 -1.3241E-02 -1.5327E-01  9.9272E-01  2.8874E-02  6.7438E+00
 -4.3977E-01 -1.6176E-01 -8.8860E-01  2.8874E-02  6.7438E+00
 -4.5438E-01 -9.2307E-02  8.9117E-01  2.8874E-02  6.7438E+00
 -2.4235E-01 -1.8028E-01 -9.5809E-01  2.8874E-02  6.7438E+00
 -9.7430E-01 -1.7310E-01 -1.7306E-01  2.8874E-02  6.7438E+00
  9.3879E-01  1.6693E-01  3.1356E-01  2.7921E-02  7.4574E+00
 -8.9216E-01  8.0542E-02 -4.5285E-01  2.7921E-02  7.4574E+00
 -3.7336E-01 -5.6422E-02  9.2922E-01  2.6903E-02  8.3369E+00
  9.3276E-01  1.4872E-01 -3.3743E-01  2.6903E-02  8.3369E+00
  7.9327E-01 -3.8472E-02 -6.1259E-01  2.6903E-02  8.3369E+00
  9.5320E-02 -1.1799E-01  9.9147E-01  2.6903E-02  8.3369E+00
  8.8877E-01  1.8075E-01  4.2675E-01  2.5804E-02  9.4481E+00
 -7.3537E-01 -1.2243E-02  6.8101E-01  2.5804E-02  9.4481E+00
  7.3017E-01  1.4386E-01  6.7145E-01  2.5804E-02  9.4481E+00
  1.9495E-01 -8.7869E-03  9.8316E-01  2.5804E-02  9.4481E+00
  9.8501E-01  4.3122E-02  1.8051E-01  2.5804E-02  9.4481E+00
 -6.8235E-01  8.7920E-02 -7.2894E-01  2.5804E-02  9.4481E+00
  4.2847E-01  1.5473E-01  8.9284E-01  2.5804E-02  9.4481E+00
  2.9719E-01 -1.4405E-01 -9.4576E-01  2.4606E-02  1.0897E+01
 -8.9635E-01  1.4592E-01 -4.2284E-01  2.4606E-02  1.0897E+01
  6.5391E-01 -4.3301E-02  7.5701E-01  2.3280E-02  1.2866E+01
 -9.8073E-01 -1.1007E-01 -1.6909E-01  2.3280E-02  1.2866E+01
  7.1441E-01  1.0468E-01 -6.9369E-01  2.3280E-02  1.2866E+01
 -9.1900E-01 -1.5177E-01  3.6735E-01  2.3280E-02  1.2866E+01
  7.7722E-01 -2.2278E-02 -6.3019E-01  2.1787E-02  1.5696E+01
 -6.4063E-01  1.4946E-01 -7.5385E-01  2.0058E-02  2.0115E+01
 -1.0172E-01 -9.6503E-02  9.9065E-01  2.0058E-02  2.0115E+01
 -1.3796E-01  1.3168E-01  9.8218E-01  2.0058E-02  2.0115E+01
 -9.0620E-01 -7.1418E-02  4.1743E-01  1.7969E-02  2.7981E+01
  4.8371E-02 -1.2307E-02 -9.9902E-01  1.7969E-02  2.7981E+01
 -3.7926E-01 -1.4251E-01 -9.1454E-01  1.7969E-02  2.7981E+01
  5.2583E-01 -3.9838E-02  8.4998E-01  1.7969E-02  2.7981E+01
