0.26993828571429D+02       571
(x,y,z) position of the X-ray source
 -0.1674E+01  0.3468E-01  0.6617E+00
x | y | z | R | rho
 -1.8885E+00 -3.3349E-01  9.7964E+00  3.2211E-01  4.8574E-03
  1.0095E+00 -2.6162E-01  9.9032E+00  3.2157E-01  4.8819E-03
 -7.9489E-01 -1.2387E-01  9.5599E+00  3.1345E-01  5.2709E-03
  2.2502E-01  4.0062E-01  9.4734E+00  3.1100E-01  5.3965E-03
 -1.6266E+00 -1.0959E-03  9.1349E+00  3.0635E-01  5.6461E-03
  9.4768E-02  1.3839E-01  9.2407E+00  3.0553E-01  5.6919E-03
  1.6917E+00  1.8185E-01  9.0104E+00  3.0388E-01  5.7852E-03
 -1.5215E+00 -1.1236E-01  8.9682E+00  3.0222E-01  5.8807E-03
  1.1243E+00  2.4562E-01  8.6221E+00  2.9305E-01  6.4502E-03
 -7.2061E-01  2.5473E-02  7.9325E+00  2.7579E-01  7.7391E-03
 -1.2589E+00  3.1610E-01  7.5674E+00  2.6887E-01  8.3516E-03
  3.1216E-01  1.4593E-01  7.6701E+00  2.6887E-01  8.3516E-03
 -1.3716E+00 -3.5165E-01  7.4367E+00  2.6626E-01  8.5997E-03
  1.3333E-01  3.0264E-01  7.5631E+00  2.6626E-01  8.5997E-03
  1.1456E+00  3.0348E-02  7.2658E+00  2.6101E-01  9.1293E-03
 -1.8457E+00  1.8027E-02  7.0711E+00  2.5984E-01  9.2535E-03
  5.6235E-01  2.0343E-01  7.2715E+00  2.5954E-01  9.2849E-03
 -2.0167E+00 -3.7452E-02  6.9993E+00  2.5925E-01  9.3165E-03
 -1.7679E+00 -2.4390E-01  7.0622E+00  2.5925E-01  9.3165E-03
  1.6950E-02  2.2503E-02  6.6791E+00  2.4410E-01  1.1162E-02
  2.7151E-01  1.3379E-01  6.6605E+00  2.4379E-01  1.1203E-02
  1.3581E+00 -3.2933E-01  6.4709E+00  2.4259E-01  1.1371E-02
  8.1632E-01  7.2846E-02  6.5453E+00  2.4199E-01  1.1456E-02
 -1.8932E+00 -1.9087E-01  6.2544E+00  2.4048E-01  1.1673E-02
  1.5292E+00 -1.7747E-01  6.3415E+00  2.4018E-01  1.1717E-02
 -1.0331E+00  9.3109E-03  6.2047E+00  2.3410E-01  1.2654E-02
 -1.9979E+00 -2.2706E-01  5.9105E+00  2.3287E-01  1.2854E-02
 -1.5959E+00 -1.9713E-01  5.8988E+00  2.2950E-01  1.3430E-02
  7.7729E-03 -1.3386E-01  5.8085E+00  2.2145E-01  1.4949E-02
 -4.4750E-02 -4.4797E-02  5.5886E+00  2.1549E-01  1.6222E-02
 -3.9944E-01  2.5688E-02  5.5513E+00  2.1486E-01  1.6365E-02
  3.4481E-01  2.7636E-01  5.4086E+00  2.1107E-01  1.7263E-02
 -1.8672E+00 -1.5855E-02  5.0459E+00  2.0980E-01  1.7579E-02
  2.1152E-01 -1.5838E-01  5.2235E+00  2.0565E-01  1.8663E-02
  1.3838E+00  1.1987E-01  4.9707E+00  2.0373E-01  1.9197E-02
  1.8868E+00 -2.4259E-01  4.5622E+00  1.9760E-01  2.1040E-02
 -9.4262E-01  6.7596E-02  4.8285E+00  1.9695E-01  2.1249E-02
 -1.5389E+00  1.8018E-01  4.6095E+00  1.9532E-01  2.1784E-02
 -8.2430E-01  2.7629E-01  4.7614E+00  1.9467E-01  2.2004E-02
 -2.9766E-01  1.8718E-01  4.6674E+00  1.9009E-01  2.3634E-02
  9.7669E-02 -1.3292E-01  4.6777E+00  1.9009E-01  2.3634E-02
  1.9162E+00 -1.2147E-01  4.2437E+00  1.8943E-01  2.3881E-02
 -1.8044E-01  2.6653E-01  4.6126E+00  1.8844E-01  2.4258E-02
 -1.8178E+00 -2.4811E-01  4.2319E+00  1.8811E-01  2.4386E-02
  2.2649E-01  7.3003E-02  4.5950E+00  1.8778E-01  2.4515E-02
  9.7746E-01 -6.6981E-02  4.3681E+00  1.8414E-01  2.5998E-02
  7.6461E-01 -9.5595E-02  4.3525E+00  1.8248E-01  2.6715E-02
 -1.5104E+00  2.1597E-01  4.0885E+00  1.8081E-01  2.7461E-02
  1.3092E+00 -1.3446E-02  4.0332E+00  1.7713E-01  2.9211E-02
  1.8042E+00 -4.3079E-02  3.7008E+00  1.7342E-01  3.1126E-02
  1.7828E+00  1.5730E-01  3.6833E+00  1.7274E-01  3.1493E-02
  1.8948E+00  2.2157E-01  3.6110E+00  1.7240E-01  3.1679E-02
 -1.3820E+00 -1.6608E-01  3.6618E+00  1.6730E-01  3.4669E-02
 -9.3366E-01 -2.5385E-01  3.7049E+00  1.6456E-01  3.6431E-02
 -1.7243E+00 -1.0099E-02  3.3696E+00  1.6318E-01  3.7360E-02
 -1.8088E+00 -2.4863E-02  3.2748E+00  1.6180E-01  3.8324E-02
  1.7223E+00  2.1891E-01  3.2892E+00  1.6111E-01  3.8819E-02
 -1.9312E+00  1.0182E-01  3.1770E+00  1.6111E-01  3.8819E-02
  1.6302E+00 -1.2439E-01  3.3162E+00  1.6042E-01  3.9323E-02
 -5.5981E-01 -9.7737E-02  3.5098E+00  1.5590E-01  4.2840E-02
  9.4375E-02  1.5300E-01  3.5293E+00  1.5520E-01  4.3420E-02
 -1.0520E+00  1.2646E-02  3.3736E+00  1.5520E-01  4.3420E-02
  3.4434E-01 -2.2983E-02  3.4734E+00  1.5381E-01  4.4615E-02
  7.4901E-01 -2.1794E-01  3.3689E+00  1.5276E-01  4.5542E-02
 -1.3973E+00  1.6242E-01  3.1235E+00  1.5170E-01  4.6497E-02
  1.3040E+00 -2.0786E-01  3.1141E+00  1.5030E-01  4.7815E-02
  1.5431E+00 -2.4717E-02  2.9979E+00  1.4994E-01  4.8153E-02
  1.4280E+00 -7.3538E-02  2.9705E+00  1.4747E-01  5.0614E-02
 -1.3754E+00 -2.1520E-01  2.9647E+00  1.4676E-01  5.1350E-02
 -4.3905E-01  1.5731E-01  3.1881E+00  1.4499E-01  5.3258E-02
  2.4619E-01 -2.0762E-01  3.0993E+00  1.4143E-01  5.7386E-02
  1.2341E+00 -8.3120E-02  2.8485E+00  1.4107E-01  5.7823E-02
  3.2897E-01  1.4631E-01  3.0632E+00  1.4035E-01  5.8712E-02
  1.2801E+00  8.6212E-02  2.7469E+00  1.3856E-01  6.1020E-02
 -1.6651E+00  1.3113E-01  2.4924E+00  1.3748E-01  6.2467E-02
  9.9756E-01 -1.2558E-01  2.7935E+00  1.3640E-01  6.3962E-02
 -1.0688E+00  1.1875E-01  2.7226E+00  1.3496E-01  6.6036E-02
  4.9949E-01 -4.5309E-02  2.8524E+00  1.3388E-01  6.7653E-02
  4.4080E-01 -1.2931E-01  2.7653E+00  1.3061E-01  7.2853E-02
  1.4752E+00 -9.1472E-02  2.3335E+00  1.2916E-01  7.5345E-02
 -1.5541E+00  2.0995E-02  2.2834E+00  1.2916E-01  7.5345E-02
 -1.0975E+00  1.8682E-01  2.5055E+00  1.2843E-01  7.6636E-02
  1.9083E+00  3.1578E-02  1.9540E+00  1.2806E-01  7.7293E-02
 -4.9207E-01  3.9250E-02  2.6141E+00  1.2550E-01  8.2120E-02
 -1.6149E-01  7.8014E-02  2.5936E+00  1.2330E-01  8.6599E-02
 -8.1219E-01  7.6384E-02  2.4473E+00  1.2256E-01  8.8168E-02
 -1.3371E-01  1.6989E-01  2.5706E+00  1.2256E-01  8.8168E-02
 -7.0609E-01 -7.8526E-02  2.4279E+00  1.2072E-01  9.2266E-02
  1.8944E+00 -4.1153E-02  1.6306E+00  1.1961E-01  9.4853E-02
 -1.7022E-01  1.4479E-02  2.4841E+00  1.1925E-01  9.5738E-02
  1.0182E+00 -2.0560E-01  2.2520E+00  1.1888E-01  9.6634E-02
  1.5861E+00 -1.0573E-01  1.8777E+00  1.1814E-01  9.8461E-02
  1.4040E-01 -1.9996E-01  2.4481E+00  1.1814E-01  9.8461E-02
  5.7248E-01  1.5275E-01  2.3777E+00  1.1776E-01  9.9393E-02
 -5.9921E-01  4.0071E-02  2.3553E+00  1.1702E-01  1.0129E-01
  1.7942E+00  1.6549E-01  1.6021E+00  1.1628E-01  1.0324E-01
  4.9912E-02  4.6018E-02  2.3807E+00  1.1517E-01  1.0627E-01
 -8.7568E-01 -1.3233E-01  2.1794E+00  1.1405E-01  1.0942E-01
  1.8606E+00 -9.0233E-02 -1.4368E+00  1.1405E-01  1.0942E-01
 -1.7188E+00 -2.8615E-02  1.5917E+00  1.1368E-01  1.1050E-01
  4.5566E-01 -2.0537E-02  2.2979E+00  1.1368E-01  1.1050E-01
 -1.5949E+00  2.0549E-01 -1.7037E+00  1.1368E-01  1.1050E-01
  1.5174E+00 -1.0048E-01  1.7566E+00  1.1293E-01  1.1270E-01
  1.7967E+00 -5.1501E-02 -1.4568E+00  1.1256E-01  1.1382E-01
  1.2061E+00 -9.1381E-02  1.9497E+00  1.1182E-01  1.1612E-01
  1.7688E+00 -8.7139E-02 -1.4437E+00  1.1144E-01  1.1729E-01
  1.3534E+00 -1.0373E-01 -1.7900E+00  1.0995E-01  1.2214E-01
  8.7868E-01 -4.3670E-02  2.0463E+00  1.0920E-01  1.2466E-01
  1.4412E+00 -2.4199E-02 -1.6982E+00  1.0920E-01  1.2466E-01
  1.7613E+00  6.0102E-02 -1.3623E+00  1.0920E-01  1.2466E-01
  1.7938E+00  1.5700E-02 -1.2881E+00  1.0845E-01  1.2727E-01
  1.0158E-01  5.7859E-02  2.2053E+00  1.0845E-01  1.2727E-01
  8.7323E-01 -1.4926E-01  2.0230E+00  1.0845E-01  1.2727E-01
  1.8489E+00 -4.6355E-02 -1.2070E+00  1.0845E-01  1.2727E-01
 -1.1955E+00 -9.6782E-02 -1.8204E+00  1.0733E-01  1.3131E-01
 -1.5722E+00 -1.2660E-01 -1.4638E+00  1.0620E-01  1.3553E-01
  1.5896E+00  1.9059E-01 -1.3813E+00  1.0470E-01  1.4145E-01
 -1.6800E+00 -1.6666E-01 -1.2732E+00  1.0470E-01  1.4145E-01
  1.5559E+00 -3.9494E-02  1.4313E+00  1.0470E-01  1.4145E-01
  1.1525E+00  1.5708E-01  1.7324E+00  1.0357E-01  1.4613E-01
 -2.8281E-01 -1.9743E-01  2.0486E+00  1.0319E-01  1.4773E-01
 -1.1039E+00 -1.3306E-01  1.7439E+00  1.0281E-01  1.4936E-01
 -1.0485E+00 -5.7200E-02 -1.7818E+00  1.0281E-01  1.4936E-01
 -1.5010E+00 -4.4013E-02 -1.4087E+00  1.0244E-01  1.5102E-01
 -1.0467E+00 -1.4193E-01  1.7674E+00  1.0244E-01  1.5102E-01
  1.3666E+00  5.0149E-02 -1.5393E+00  1.0244E-01  1.5102E-01
  1.3655E+00  1.1150E-02  1.5287E+00  1.0206E-01  1.5269E-01
 -1.6095E+00  1.3405E-01 -1.2323E+00  1.0131E-01  1.5613E-01
 -1.4527E+00 -1.9312E-01  1.3937E+00  1.0093E-01  1.5789E-01
 -1.8089E+00 -7.2561E-02 -9.0141E-01  1.0093E-01  1.5789E-01
 -1.9030E+00 -1.3147E-01  6.7178E-01  1.0093E-01  1.5789E-01
 -1.7425E+00  6.8158E-02 -1.0242E+00  1.0093E-01  1.5789E-01
  1.4402E+00 -2.6246E-02  1.4065E+00  1.0055E-01  1.5967E-01
 -7.8647E-01 -1.1909E-01  1.8495E+00  1.0055E-01  1.5967E-01
  1.6224E+00 -3.8874E-02 -1.1760E+00  1.0017E-01  1.6148E-01
  1.3698E+00  8.2760E-02  1.4606E+00  1.0017E-01  1.6148E-01
 -1.3427E+00  1.4860E-01 -1.4682E+00  9.9797E-02  1.6332E-01
  1.9041E+00 -1.0503E-01  5.5477E-01  9.9419E-02  1.6519E-01
  8.1278E-01 -2.8528E-02 -1.7922E+00  9.8663E-02  1.6902E-01
  1.8600E+00 -1.8512E-01  5.8668E-01  9.8285E-02  1.7098E-01
  1.4547E+00 -1.7478E-01 -1.3005E+00  9.8285E-02  1.7098E-01
  1.2820E+00 -8.0814E-02 -1.4673E+00  9.7907E-02  1.7297E-01
 -6.8343E-01 -1.2833E-01  1.8124E+00  9.7529E-02  1.7499E-01
 -1.4024E+00 -3.3755E-02  1.3159E+00  9.6772E-02  1.7912E-01
 -1.1699E+00  1.5892E-01  1.5072E+00  9.6393E-02  1.8124E-01
 -1.0298E-02  3.2210E-02  1.9142E+00  9.6393E-02  1.8124E-01
  7.7707E-01 -2.3600E-02  1.7399E+00  9.6015E-02  1.8340E-01
  1.3448E+00 -1.7190E-01 -1.3393E+00  9.6015E-02  1.8340E-01
 -1.7171E+00 -8.5368E-02  8.2201E-01  9.6015E-02  1.8340E-01
  8.5320E-01 -6.3573E-02 -1.6929E+00  9.5636E-02  1.8558E-01
 -1.7439E+00  8.4508E-02  7.1868E-01  9.5257E-02  1.8781E-01
 -1.4889E+00  9.9831E-02 -1.1423E+00  9.4878E-02  1.9007E-01
  8.6817E-01 -4.6991E-02 -1.6463E+00  9.4120E-02  1.9470E-01
  3.6337E-01  4.8062E-02 -1.8253E+00  9.4120E-02  1.9470E-01
  1.6905E+00  1.1979E-01  7.7081E-01  9.4120E-02  1.9470E-01
  4.0660E-01  1.4333E-02 -1.8168E+00  9.4120E-02  1.9470E-01
 -1.8379E+00 -1.5329E-01  1.8058E-01  9.3741E-02  1.9707E-01
 -1.8511E+00 -2.7386E-02 -8.0722E-02  9.3741E-02  1.9707E-01
  9.1567E-01 -1.6398E-02 -1.6109E+00  9.3741E-02  1.9707E-01
  8.6985E-01 -1.6232E-01 -1.6282E+00  9.3741E-02  1.9707E-01
  1.0328E+00 -1.7726E-01 -1.5178E+00  9.3361E-02  1.9948E-01
  1.7733E+00  1.0703E-01  4.9553E-01  9.3361E-02  1.9948E-01
  1.1268E-01  6.3297E-02  1.8398E+00  9.3361E-02  1.9948E-01
  1.7330E+00 -1.1660E-01 -6.2048E-01  9.3361E-02  1.9948E-01
 -6.8148E-01 -7.2760E-02  1.7123E+00  9.3361E-02  1.9948E-01
 -1.4604E+00 -4.5476E-02 -1.1113E+00  9.2982E-02  2.0193E-01
  1.3849E+00 -7.5291E-02 -1.1894E+00  9.2603E-02  2.0443E-01
  6.5654E-01  6.3113E-02 -1.7039E+00  9.2603E-02  2.0443E-01
  1.7750E+00  1.2316E-01  4.1522E-01  9.2603E-02  2.0443E-01
 -1.7430E+00 -6.6784E-02  5.1428E-01  9.2223E-02  2.0696E-01
 -9.3294E-01 -5.4014E-02 -1.5600E+00  9.2223E-02  2.0696E-01
  1.5207E+00  3.5019E-05 -9.9721E-01  9.2223E-02  2.0696E-01
 -1.7935E+00  1.5480E-01  6.4247E-02  9.1464E-02  2.1216E-01
  7.8512E-01  8.3462E-02  1.6191E+00  9.1464E-02  2.1216E-01
 -2.4747E-01 -1.6111E-01  1.7683E+00  9.1084E-02  2.1482E-01
 -1.7904E+00  9.2622E-02 -6.9128E-03  9.1084E-02  2.1482E-01
 -1.0509E+00  1.4676E-01  1.4344E+00  9.0704E-02  2.1753E-01
 -1.6438E+00  8.4749E-02  6.6637E-01  9.0325E-02  2.2029E-01
 -4.7277E-01  1.1425E-01 -1.6991E+00  8.9945E-02  2.2309E-01
 -1.2461E+00  1.8181E-01  1.2280E+00  8.9565E-02  2.2594E-01
 -6.5906E-01  1.6774E-01  1.6221E+00  8.9565E-02  2.2594E-01
  5.9761E-01 -1.3717E-01  1.6396E+00  8.9185E-02  2.2884E-01
  5.8354E-02 -1.1626E-01  1.7373E+00  8.8805E-02  2.3179E-01
 -5.1231E-01  4.6693E-02 -1.6644E+00  8.8805E-02  2.3179E-01
 -1.5762E+00  6.9876E-02  7.1883E-01  8.8425E-02  2.3479E-01
 -1.7058E+00  1.4067E-01  2.1813E-01  8.8044E-02  2.3785E-01
 -7.7638E-01  8.1149E-02  1.5388E+00  8.8044E-02  2.3785E-01
 -1.1398E+00 -1.4883E-01 -1.2868E+00  8.8044E-02  2.3785E-01
 -1.4328E+00  9.0947E-02  9.5711E-01  8.8044E-02  2.3785E-01
 -1.4764E+00  4.3289E-02 -8.7569E-01  8.7664E-02  2.4095E-01
  1.3752E+00 -8.8543E-03 -1.0144E+00  8.7284E-02  2.4412E-01
 -1.0124E+00 -1.2795E-01  1.3604E+00  8.6904E-02  2.4734E-01
  1.6866E+00  1.7477E-01 -1.2988E-01  8.6904E-02  2.4734E-01
 -2.1154E-01 -1.2884E-01 -1.6825E+00  8.6904E-02  2.4734E-01
 -1.2525E+00  1.0922E-01 -1.1452E+00  8.6904E-02  2.4734E-01
 -1.3911E+00  8.8637E-02  9.5990E-01  8.6524E-02  2.5061E-01
 -5.2934E-01  3.2715E-02  1.6072E+00  8.6524E-02  2.5061E-01
 -1.2339E+00 -4.0765E-02  1.1457E+00  8.6143E-02  2.5395E-01
  1.5986E+00  3.1911E-02  5.0262E-01  8.5763E-02  2.5734E-01
  2.6718E-01  2.4450E-04 -1.6546E+00  8.5763E-02  2.5734E-01
  1.6662E+00  1.3218E-02 -1.8131E-01  8.5763E-02  2.5734E-01
 -1.6649E+00 -9.0274E-02  1.7076E-01  8.5763E-02  2.5734E-01
  6.5706E-01  6.3416E-02 -1.5406E+00  8.5763E-02  2.5734E-01
 -1.2997E+00  1.7081E-01 -1.0313E+00  8.5382E-02  2.6079E-01
 -1.5634E+00  1.7111E-02 -5.8093E-01  8.5382E-02  2.6079E-01
 -1.6613E+00 -1.9990E-02 -1.4737E-01  8.5382E-02  2.6079E-01
 -1.4591E+00  7.7114E-02 -7.8750E-01  8.5002E-02  2.6431E-01
  1.5409E-01 -1.6764E-01  1.6360E+00  8.4622E-02  2.6789E-01
  1.2251E+00 -1.0333E-01  1.0910E+00  8.4241E-02  2.7154E-01
 -2.6623E-01  1.1417E-01 -1.6180E+00  8.4241E-02  2.7154E-01
  1.5946E+00  1.1846E-01 -3.8113E-01  8.4241E-02  2.7154E-01
 -1.6055E+00  2.9667E-02  3.1182E-01  8.3861E-02  2.7525E-01
 -1.6213E+00 -4.6760E-02  2.1154E-01  8.3861E-02  2.7525E-01
  1.6206E+00 -1.1125E-01 -1.0455E-01  8.3480E-02  2.7903E-01
  1.5669E+00 -1.4517E-02  4.1026E-01  8.3100E-02  2.8288E-01
 -1.5105E+00  9.2291E-02  5.7772E-01  8.3100E-02  2.8288E-01
  1.4099E+00  1.6610E-01  7.7999E-01  8.3100E-02  2.8288E-01
 -1.1137E+00  1.7498E-01  1.1521E+00  8.2719E-02  2.8681E-01
  1.4946E+00 -7.6532E-02 -5.9882E-01  8.2719E-02  2.8681E-01
  2.0305E-01 -3.7053E-02 -1.5907E+00  8.2338E-02  2.9080E-01
 -1.7576E-01 -1.4050E-01  1.5882E+00  8.2338E-02  2.9080E-01
 -1.5942E+00 -1.2018E-01  1.3068E-01  8.2338E-02  2.9080E-01
  4.6445E-02 -1.6863E-01  1.5866E+00  8.1958E-02  2.9487E-01
 -1.5728E+00 -1.3292E-01  2.3789E-01  8.1958E-02  2.9487E-01
 -1.5108E+00 -1.4475E-01  4.6845E-01  8.1577E-02  2.9902E-01
  1.0647E+00  1.7315E-02 -1.1786E+00  8.1577E-02  2.9902E-01
  1.5496E+00  7.9724E-02  3.3934E-01  8.1577E-02  2.9902E-01
  1.5815E+00 -6.7597E-03 -1.4718E-01  8.1577E-02  2.9902E-01
 -1.5562E+00  1.4827E-01 -2.3330E-01  8.1197E-02  3.0324E-01
 -1.1932E-01  1.7536E-01 -1.5507E+00  8.0435E-02  3.1193E-01
 -6.2592E-01  5.8847E-02  1.4333E+00  8.0435E-02  3.1193E-01
 -1.0878E+00 -1.6566E-01 -1.1022E+00  8.0055E-02  3.1640E-01
 -5.6153E-01 -1.1557E-01  1.4398E+00  7.9674E-02  3.2096E-01
 -1.1200E+00  1.2881E-01 -1.0634E+00  7.9674E-02  3.2096E-01
  3.0900E-01 -4.8322E-02 -1.5024E+00  7.8913E-02  3.3034E-01
  8.5172E-01  5.7637E-02  1.2752E+00  7.8913E-02  3.3034E-01
  9.1147E-01  1.6176E-02  1.2251E+00  7.8532E-02  3.3517E-01
  1.3151E-01 -3.0896E-02 -1.5210E+00  7.8532E-02  3.3517E-01
  1.1435E-01 -1.5669E-01 -1.5147E+00  7.8532E-02  3.3517E-01
  1.4542E+00  5.7513E-02 -4.3689E-01  7.8152E-02  3.4009E-01
 -1.2893E+00  6.6037E-04 -8.0419E-01  7.8152E-02  3.4009E-01
  8.4053E-01  1.4773E-01  1.2572E+00  7.8152E-02  3.4009E-01
  1.5071E+00 -5.1660E-02  1.1076E-01  7.7771E-02  3.4511E-01
 -7.1119E-01  7.9058E-02 -1.3320E+00  7.7771E-02  3.4511E-01
 -6.5657E-02 -9.6394E-02  1.5075E+00  7.7771E-02  3.4511E-01
  7.9910E-01 -7.3904E-03 -1.2748E+00  7.7390E-02  3.5022E-01
 -1.4523E+00 -1.2364E-01  3.7332E-01  7.7390E-02  3.5022E-01
 -9.6238E-01 -1.8036E-01 -1.1424E+00  7.7390E-02  3.5022E-01
  1.3957E+00 -2.3107E-02  5.6156E-01  7.7390E-02  3.5022E-01
  2.1647E-01 -1.5511E-01  1.4733E+00  7.7010E-02  3.5544E-01
  1.4017E+00 -8.0531E-02  5.1998E-01  7.7010E-02  3.5544E-01
  9.3042E-01  1.3855E-01 -1.1648E+00  7.7010E-02  3.5544E-01
 -1.4747E+00 -7.9476E-02 -1.9628E-01  7.6629E-02  3.6076E-01
  1.4012E+00 -1.2736E-01  4.8983E-01  7.6629E-02  3.6076E-01
  6.1418E-01  1.1743E-01  1.3361E+00  7.5868E-02  3.7173E-01
  1.4307E+00  5.2683E-02  3.5566E-01  7.5868E-02  3.7173E-01
  1.4105E+00  7.5043E-02 -3.9959E-01  7.5487E-02  3.7739E-01
  1.2005E+00  1.0735E-01  8.3790E-01  7.5487E-02  3.7739E-01
  1.3433E+00 -6.5430E-02 -5.8840E-01  7.5487E-02  3.7739E-01
  1.4258E+00  3.6994E-02  3.4746E-01  7.5487E-02  3.7739E-01
 -7.5022E-01 -1.5655E-02  1.2533E+00  7.5106E-02  3.8315E-01
 -1.4504E+00  6.2284E-02 -7.3069E-02  7.4726E-02  3.8904E-01
  1.4490E+00 -1.1548E-01 -2.4732E-03  7.4726E-02  3.8904E-01
  3.0677E-01  7.8822E-02  1.4113E+00  7.4345E-02  3.9504E-01
 -2.7213E-01  6.8996E-02 -1.4189E+00  7.4345E-02  3.9504E-01
  1.2872E+00 -7.1946E-02  6.3993E-01  7.3965E-02  4.0117E-01
 -2.0115E-01 -1.6472E-01  1.4156E+00  7.3965E-02  4.0117E-01
  7.4759E-01  3.2603E-06 -1.2299E+00  7.3965E-02  4.0117E-01
  8.2635E-01 -3.9316E-02  1.1692E+00  7.3584E-02  4.0743E-01
 -1.6024E-01  1.0783E-01 -1.4192E+00  7.3584E-02  4.0743E-01
  1.3992E+00  1.4216E-01  2.3088E-01  7.3203E-02  4.1382E-01
 -7.9057E-01  4.4350E-03 -1.1859E+00  7.3203E-02  4.1382E-01
 -1.3874E+00 -7.2672E-02  3.1789E-01  7.3203E-02  4.1382E-01
  1.1701E+00  1.0567E-01  8.0677E-01  7.3203E-02  4.1382E-01
  7.3694E-01 -1.4009E-01 -1.2036E+00  7.2822E-02  4.2035E-01
 -7.2088E-01 -4.9264E-02  1.2123E+00  7.2442E-02  4.2701E-01
  6.6038E-01  6.5545E-02  1.2455E+00  7.2442E-02  4.2701E-01
 -8.4143E-01  9.1078E-03 -1.1330E+00  7.2442E-02  4.2701E-01
  1.2210E+00  1.2066E-01  6.8338E-01  7.2061E-02  4.3381E-01
 -3.3926E-01 -2.5513E-02  1.3485E+00  7.1300E-02  4.4786E-01
  5.8341E-01  1.7278E-01 -1.2430E+00  7.0919E-02  4.5511E-01
 -7.0017E-01 -7.4970E-02  1.1914E+00  7.0919E-02  4.5511E-01
  1.3495E+00  1.3423E-01 -2.4007E-01  7.0538E-02  4.6253E-01
  9.7680E-01 -1.6797E-03  9.7088E-01  7.0538E-02  4.6253E-01
 -8.2884E-02  5.7275E-02 -1.3735E+00  7.0538E-02  4.6253E-01
 -5.0396E-02 -1.2924E-02 -1.3762E+00  7.0538E-02  4.6253E-01
 -1.2342E+00  7.9382E-02  5.9069E-01  7.0157E-02  4.7010E-01
 -8.6098E-01 -1.4939E-01  1.0472E+00  6.9776E-02  4.7784E-01
  9.8696E-01 -7.1118E-02  9.3865E-01  6.9776E-02  4.7784E-01
  2.4543E-02  1.6736E-01 -1.3534E+00  6.9776E-02  4.7784E-01
 -6.0478E-01 -7.6658E-02 -1.2127E+00  6.9395E-02  4.8575E-01
  1.1598E+00 -3.9096E-02 -7.0404E-01  6.9395E-02  4.8575E-01
 -5.9763E-01 -6.5524E-02  1.2096E+00  6.9014E-02  4.9384E-01
 -7.9189E-01  5.5698E-02  1.0929E+00  6.9014E-02  4.9384E-01
  9.9069E-02 -7.7789E-02 -1.3449E+00  6.9014E-02  4.9384E-01
  3.3329E-01  7.7457E-02 -1.3000E+00  6.8633E-02  5.0211E-01
  3.0865E-01 -1.4965E-01  1.2997E+00  6.8633E-02  5.0211E-01
  1.1182E+00 -3.8423E-02  7.3331E-01  6.8252E-02  5.1057E-01
  7.4238E-01 -1.0894E-01 -1.1075E+00  6.8252E-02  5.1057E-01
 -4.8743E-01 -1.2010E-01  1.2400E+00  6.8252E-02  5.1057E-01
  7.4015E-01  9.4436E-02 -1.0949E+00  6.7489E-02  5.2808E-01
 -6.6592E-01 -7.3847E-02 -1.1431E+00  6.7489E-02  5.2808E-01
  1.0298E+00 -1.4251E-01  8.2150E-01  6.7489E-02  5.2808E-01
 -1.2672E+00 -1.4421E-01 -3.5906E-01  6.7489E-02  5.2808E-01
  8.5373E-01  1.0791E-01 -9.9919E-01  6.7108E-02  5.3713E-01
 -9.2443E-01  1.1533E-01  9.3327E-01  6.7108E-02  5.3713E-01
  8.9449E-01  2.4325E-02 -9.6003E-01  6.6726E-02  5.4640E-01
 -9.7605E-01  9.5091E-02  8.7214E-01  6.6726E-02  5.4640E-01
  1.3109E+00 -5.5923E-02 -2.6068E-02  6.6726E-02  5.4640E-01
  4.1587E-01  2.5047E-02 -1.2379E+00  6.6345E-02  5.5588E-01
 -1.0585E+00 -1.6496E-01  7.4723E-01  6.6345E-02  5.5588E-01
 -9.5009E-01 -4.5160E-02  8.9518E-01  6.6345E-02  5.5588E-01
 -6.5231E-01  5.1389E-02  1.1162E+00  6.5581E-02  5.7553E-01
 -1.0712E+00 -1.7406E-01  7.0445E-01  6.5581E-02  5.7553E-01
  3.1818E-01  1.2718E-03  1.2541E+00  6.5581E-02  5.7553E-01
  1.0274E+00  2.0745E-02 -7.8622E-01  6.5581E-02  5.7553E-01
 -2.9996E-02 -1.7744E-01  1.2751E+00  6.5199E-02  5.8571E-01
  2.3589E-01 -1.0497E-01  1.2616E+00  6.5199E-02  5.8571E-01
 -5.2740E-01  6.7001E-03 -1.1748E+00  6.5199E-02  5.8571E-01
 -1.1851E+00 -1.0553E-01 -4.7678E-01  6.4817E-02  5.9614E-01
  1.1812E+00 -1.4662E-01  4.5900E-01  6.4434E-02  6.0681E-01
 -1.1840E+00 -4.5040E-02  4.7297E-01  6.4434E-02  6.0681E-01
  6.2395E-01 -1.6056E-01  1.1011E+00  6.4434E-02  6.0681E-01
  1.0637E+00 -1.6824E-01  6.8394E-01  6.4434E-02  6.0681E-01
  1.2253E+00  9.8396E-02  3.1821E-01  6.4051E-02  6.1776E-01
  1.2655E+00  1.0416E-01 -1.2225E-02  6.4051E-02  6.1776E-01
 -3.0643E-01  4.8143E-02  1.2313E+00  6.4051E-02  6.1776E-01
 -1.1570E+00  9.0899E-02  5.1520E-01  6.4051E-02  6.1776E-01
 -1.1652E+00  3.1143E-02 -4.8883E-01  6.3669E-02  6.2897E-01
  4.5558E-01 -1.1894E-01  1.1729E+00  6.3669E-02  6.2897E-01
  2.0558E-01  2.0975E-02 -1.2469E+00  6.3669E-02  6.2897E-01
  1.2285E+00  6.3129E-02 -2.6371E-01  6.3285E-02  6.4046E-01
 -5.4647E-01 -1.6726E-01 -1.1208E+00  6.3285E-02  6.4046E-01
 -1.2562E+00 -6.4906E-02  2.2677E-02  6.3285E-02  6.4046E-01
 -4.0927E-01 -5.9847E-03  1.1896E+00  6.3285E-02  6.4046E-01
 -5.0041E-01 -9.6464E-02  1.1439E+00  6.2902E-02  6.5224E-01
 -1.2314E+00  7.7241E-02  2.1436E-01  6.2902E-02  6.5224E-01
  4.0698E-02  1.6818E-01  1.2403E+00  6.2902E-02  6.5224E-01
  1.2273E+00  1.4941E-01 -1.9897E-01  6.2902E-02  6.5224E-01
 -8.0408E-01 -1.0694E-01  9.5410E-01  6.2902E-02  6.5224E-01
 -4.3895E-01 -1.4978E-01  1.1571E+00  6.2518E-02  6.6433E-01
  1.8919E-01 -7.8703E-02  1.2296E+00  6.2518E-02  6.6433E-01
  3.0255E-01  1.3375E-01 -1.1960E+00  6.2134E-02  6.7672E-01
 -9.2349E-01 -4.5190E-02 -8.2763E-01  6.2134E-02  6.7672E-01
  6.4996E-01 -6.5941E-02 -1.0484E+00  6.1750E-02  6.8943E-01
  1.0648E+00  1.2627E-02  6.2612E-01  6.1750E-02  6.8943E-01
 -4.5124E-01  1.8415E-01 -1.1351E+00  6.1750E-02  6.8943E-01
 -1.0090E+00 -1.3376E-01  6.9997E-01  6.1750E-02  6.8943E-01
  8.5669E-02  3.4948E-02  1.2318E+00  6.1750E-02  6.8943E-01
  1.2069E+00 -1.7097E-01 -1.6237E-01  6.1365E-02  7.0248E-01
 -1.2166E+00 -1.1285E-01 -1.3926E-01  6.1365E-02  7.0248E-01
 -1.6764E-02 -1.5554E-01  1.2142E+00  6.0980E-02  7.1587E-01
  2.7688E-01 -1.7380E-01  1.1798E+00  6.0980E-02  7.1587E-01
  7.7345E-02 -1.6693E-01  1.2048E+00  6.0595E-02  7.2962E-01
 -5.6015E-01 -9.6413E-02  1.0720E+00  6.0209E-02  7.4374E-01
  2.6041E-01  8.2095E-02  1.1767E+00  5.9822E-02  7.5825E-01
 -6.6817E-01 -4.8462E-02  1.0052E+00  5.9822E-02  7.5825E-01
  2.6211E-01  9.9446E-02 -1.1696E+00  5.9436E-02  7.7315E-01
  5.3561E-01  1.5791E-01 -1.0593E+00  5.9048E-02  7.8847E-01
 -1.1459E+00 -1.3337E-01 -3.2118E-01  5.9048E-02  7.8847E-01
 -7.1391E-02  8.4958E-02  1.1923E+00  5.9048E-02  7.8847E-01
  1.3407E-01  1.5259E-01  1.1801E+00  5.9048E-02  7.8847E-01
 -4.2185E-02  1.4957E-01  1.1821E+00  5.8660E-02  8.0422E-01
 -1.1764E+00  5.8075E-02 -1.4864E-01  5.8271E-02  8.2042E-01
  1.0399E+00 -9.5942E-02  5.6460E-01  5.8271E-02  8.2042E-01
  1.0347E+00  3.8603E-02  5.8070E-01  5.8271E-02  8.2042E-01
 -8.7204E-01 -1.5472E-01 -7.7539E-01  5.7492E-02  8.5424E-01
 -3.8445E-01 -1.3544E-02  1.1125E+00  5.7492E-02  8.5424E-01
 -1.1062E+00 -3.2422E-02 -4.0117E-01  5.7492E-02  8.5424E-01
  5.7920E-01 -6.2678E-02  1.0228E+00  5.7492E-02  8.5424E-01
 -1.1099E+00  8.4481E-02  3.8289E-01  5.7492E-02  8.5424E-01
  6.7573E-01  5.3726E-03  9.6384E-01  5.7492E-02  8.5424E-01
  7.1446E-01  1.0763E-01 -9.2929E-01  5.7492E-02  8.5424E-01
  1.0195E+00 -1.6150E-01  5.5550E-01  5.7101E-02  8.7190E-01
 -8.8428E-01 -3.8819E-02  7.6847E-01  5.7101E-02  8.7190E-01
 -8.5290E-01 -5.3296E-02  8.0233E-01  5.7101E-02  8.7190E-01
 -4.8762E-01  1.8332E-01 -1.0446E+00  5.6710E-02  8.9009E-01
 -1.0611E+00  1.4284E-01 -4.6495E-01  5.6710E-02  8.9009E-01
  2.9888E-01  1.9796E-02 -1.1232E+00  5.6317E-02  9.0882E-01
 -1.0648E+00 -1.0812E-01  4.5365E-01  5.6317E-02  9.0882E-01
 -6.6754E-01  1.8193E-01 -9.3416E-01  5.6317E-02  9.0882E-01
 -9.6251E-01  7.2433E-02  6.3068E-01  5.5530E-02  9.4805E-01
 -1.1288E+00 -1.6201E-02  2.3462E-01  5.5530E-02  9.4805E-01
  7.7131E-02 -6.6654E-02  1.1438E+00  5.5134E-02  9.6859E-01
 -1.7614E-01 -1.6041E-01  1.1234E+00  5.5134E-02  9.6859E-01
 -2.2226E-01 -1.6208E-01 -1.1102E+00  5.4738E-02  9.8980E-01
 -1.2224E-02 -1.4025E-01  1.1351E+00  5.4738E-02  9.8980E-01
  5.7469E-01 -1.3240E-01  9.8004E-01  5.4738E-02  9.8980E-01
 -3.5451E-02  5.9623E-02 -1.1417E+00  5.4738E-02  9.8980E-01
 -4.1917E-01 -1.0908E-01 -1.0586E+00  5.4738E-02  9.8980E-01
  5.0441E-01 -2.0465E-02  1.0213E+00  5.4340E-02  1.0117E+00
  8.0129E-02 -2.1357E-02 -1.1363E+00  5.4340E-02  1.0117E+00
 -7.0746E-01  8.3580E-02 -8.8909E-01  5.4340E-02  1.0117E+00
  1.9465E-01 -1.4103E-02 -1.1179E+00  5.3941E-02  1.0343E+00
  5.4983E-01 -6.4805E-02 -9.9063E-01  5.3941E-02  1.0343E+00
  6.8091E-02 -1.2755E-01  1.1212E+00  5.3541E-02  1.0577E+00
  1.0441E-01  1.1096E-01 -1.1201E+00  5.3541E-02  1.0577E+00
  9.6540E-01 -3.6341E-02 -5.8702E-01  5.3541E-02  1.0577E+00
 -5.0156E-01  2.7871E-02  1.0127E+00  5.3541E-02  1.0577E+00
 -7.0088E-01  8.2341E-02  8.8312E-01  5.3541E-02  1.0577E+00
 -1.1228E+00  1.1523E-01 -6.2798E-02  5.3541E-02  1.0577E+00
  1.2656E-01  1.5205E-01  1.1130E+00  5.3541E-02  1.0577E+00
  6.5729E-01 -1.8410E-01  8.9568E-01  5.3139E-02  1.0818E+00
 -5.8091E-01  1.7484E-01 -9.4876E-01  5.3139E-02  1.0818E+00
 -1.1104E+00  7.1210E-02  1.4351E-01  5.2736E-02  1.1068E+00
  6.9675E-02 -1.6276E-01  1.1078E+00  5.2736E-02  1.1068E+00
 -6.2709E-01 -2.2129E-02  9.2998E-01  5.2736E-02  1.1068E+00
  4.4816E-01 -4.2973E-02 -1.0230E+00  5.2331E-02  1.1327E+00
 -7.4425E-01  1.3154E-01  8.2341E-01  5.2331E-02  1.1327E+00
 -7.5741E-01  1.5316E-01  8.0179E-01  5.1925E-02  1.1595E+00
  1.0829E+00  8.0227E-02 -2.4695E-01  5.1925E-02  1.1595E+00
 -3.5265E-01 -3.9211E-02 -1.0555E+00  5.1925E-02  1.1595E+00
 -1.0960E+00 -1.1883E-01  1.2541E-01  5.1516E-02  1.1873E+00
  1.0947E+00 -1.7925E-01 -2.2114E-02  5.1516E-02  1.1873E+00
 -8.9737E-02 -6.2724E-02 -1.1041E+00  5.1516E-02  1.1873E+00
  6.1688E-01  7.2776E-03  9.2216E-01  5.1516E-02  1.1873E+00
 -4.4089E-01 -1.8488E-01  9.9678E-01  5.1106E-02  1.2161E+00
  6.1108E-01 -1.8010E-01 -9.0348E-01  5.1106E-02  1.2161E+00
 -1.0490E+00  1.0598E-01 -3.3245E-01  5.1106E-02  1.2161E+00
 -4.9559E-01  1.8174E-01  9.6686E-01  5.0694E-02  1.2461E+00
  1.0506E+00  4.1148E-03  3.3131E-01  5.0694E-02  1.2461E+00
  2.2761E-01  1.1208E-01  1.0720E+00  5.0694E-02  1.2461E+00
  4.5517E-01 -1.7361E-01  9.8800E-01  5.0694E-02  1.2461E+00
  1.3335E-01 -2.4780E-02 -1.0932E+00  5.0694E-02  1.2461E+00
  5.1581E-01  1.7355E-02  9.6882E-01  5.0279E-02  1.2771E+00
 -3.4511E-02 -1.5801E-01  1.0857E+00  5.0279E-02  1.2771E+00
 -6.8553E-01  5.1593E-02 -8.5579E-01  5.0279E-02  1.2771E+00
 -3.7093E-01 -2.4191E-02 -1.0329E+00  5.0279E-02  1.2771E+00
 -1.0827E+00 -1.7913E-01 -2.5206E-02  5.0279E-02  1.2771E+00
 -1.0637E+00 -1.8098E-01 -1.7990E-01  4.9863E-02  1.3094E+00
  5.6256E-01  3.3073E-03 -9.3818E-01  4.9863E-02  1.3094E+00
  9.1636E-01  9.9522E-02  5.8912E-01  4.9863E-02  1.3094E+00
 -6.2520E-01 -2.3381E-02 -8.9736E-01  4.9863E-02  1.3094E+00
 -3.5667E-02  4.9032E-02 -1.0922E+00  4.9863E-02  1.3094E+00
  5.1033E-01  1.8541E-01 -9.4537E-01  4.9444E-02  1.3430E+00
  2.2983E-01 -4.6804E-02 -1.0647E+00  4.9444E-02  1.3430E+00
  1.0792E+00 -4.4611E-02 -1.4782E-01  4.9444E-02  1.3430E+00
  6.8762E-01 -1.1174E-01  8.3859E-01  4.9444E-02  1.3430E+00
 -1.0648E+00 -1.2052E-01 -1.7967E-01  4.9022E-02  1.3780E+00
 -4.4935E-01 -1.1138E-01 -9.8299E-01  4.9022E-02  1.3780E+00
 -7.1863E-01 -1.6630E-01  7.9293E-01  4.8597E-02  1.4144E+00
 -6.7825E-01  1.7167E-01 -8.2664E-01  4.8597E-02  1.4144E+00
  8.9210E-02  1.3044E-01 -1.0714E+00  4.8597E-02  1.4144E+00
 -1.0319E-01 -9.7411E-02 -1.0736E+00  4.8597E-02  1.4144E+00
 -1.0752E+00  1.2115E-01 -4.6410E-02  4.8597E-02  1.4144E+00
  5.7943E-01 -3.4834E-02  9.1426E-01  4.8597E-02  1.4144E+00
  4.5581E-01 -1.7867E-01 -9.6205E-01  4.8170E-02  1.4524E+00
 -8.6296E-01 -6.3365E-03  6.4845E-01  4.8170E-02  1.4524E+00
  2.5981E-01 -1.0799E-01 -1.0421E+00  4.8170E-02  1.4524E+00
  1.0696E+00 -8.5958E-02 -1.1712E-01  4.8170E-02  1.4524E+00
  9.7202E-01  1.1770E-01 -4.5448E-01  4.8170E-02  1.4524E+00
  9.6249E-01 -1.2812E-03  4.8106E-01  4.7739E-02  1.4920E+00
  1.0534E+00  6.2380E-02 -2.1058E-01  4.7739E-02  1.4920E+00
  6.4422E-01 -1.6349E-01 -8.4620E-01  4.7739E-02  1.4920E+00
 -7.0486E-01  7.9301E-02  8.0913E-01  4.7739E-02  1.4920E+00
 -9.7344E-01 -1.7046E-01 -4.2563E-01  4.7739E-02  1.4920E+00
 -9.3166E-01 -1.5419E-01  5.0872E-01  4.7306E-02  1.5334E+00
 -5.0855E-02 -1.8360E-01  1.0522E+00  4.6868E-02  1.5768E+00
 -7.8732E-01 -5.3632E-03 -7.1882E-01  4.6427E-02  1.6222E+00
  6.4776E-01  7.6250E-04 -8.4676E-01  4.6427E-02  1.6222E+00
  9.0780E-01  8.3662E-02 -5.4660E-01  4.5982E-02  1.6697E+00
 -3.0022E-01 -3.3080E-03  1.0197E+00  4.5982E-02  1.6697E+00
 -1.0472E+00 -3.7738E-02  1.7821E-01  4.5982E-02  1.6697E+00
  5.7366E-01 -1.5380E-01 -8.8156E-01  4.5982E-02  1.6697E+00
  9.8019E-01 -7.8104E-02 -3.9556E-01  4.5533E-02  1.7196E+00
  8.4572E-01  6.5236E-02  6.3046E-01  4.5079E-02  1.7721E+00
  9.7667E-01 -9.8182E-02 -3.9173E-01  4.5079E-02  1.7721E+00
 -9.4660E-01  1.3118E-01 -4.5135E-01  4.5079E-02  1.7721E+00
 -2.9320E-01  2.5244E-02 -1.0120E+00  4.4620E-02  1.8273E+00
 -3.6582E-01 -4.1863E-02 -9.8752E-01  4.4620E-02  1.8273E+00
 -1.0168E+00 -1.0459E-01 -2.4466E-01  4.4156E-02  1.8855E+00
 -1.0384E+00 -1.5142E-01 -5.9967E-02  4.4156E-02  1.8855E+00
  1.0203E+00 -1.4731E-01  2.0479E-01  4.4156E-02  1.8855E+00
 -3.2353E-01  6.8998E-02  9.9471E-01  4.3687E-02  1.9469E+00
  1.0316E+00  1.8602E-01 -8.2956E-03  4.3687E-02  1.9469E+00
  6.9712E-01 -3.0950E-02 -7.8228E-01  4.3687E-02  1.9469E+00
  2.9380E-01 -1.0456E-01 -1.0008E+00  4.3687E-02  1.9469E+00
  9.8160E-01  1.7861E-01  3.1266E-01  4.3212E-02  2.0119E+00
  4.6003E-01 -1.2798E-01  9.3016E-01  4.3212E-02  2.0119E+00
 -5.3523E-01 -1.9607E-02  8.9797E-01  4.3212E-02  2.0119E+00
  6.9573E-01  5.6799E-02  7.7488E-01  4.2730E-02  2.0806E+00
  3.6829E-01  3.1920E-02 -9.7522E-01  4.2730E-02  2.0806E+00
  2.6900E-01 -1.4296E-01 -9.9745E-01  4.2730E-02  2.0806E+00
  2.9770E-01 -2.6017E-02 -9.9652E-01  4.2242E-02  2.1536E+00
 -5.3135E-01  1.1874E-02 -8.9437E-01  4.2242E-02  2.1536E+00
  7.3533E-01 -1.4476E-01 -7.2160E-01  4.2242E-02  2.1536E+00
  1.0261E+00 -1.2572E-01  9.2768E-02  4.1747E-02  2.2312E+00
 -9.8109E-02  9.2304E-02  1.0267E+00  4.1244E-02  2.3138E+00
 -8.4061E-01  5.0983E-02  5.9845E-01  4.0733E-02  2.4020E+00
  7.1187E-01  1.0576E-01  7.4123E-01  4.0733E-02  2.4020E+00
  6.2327E-01 -1.4538E-01  8.1103E-01  4.0733E-02  2.4020E+00
  2.2932E-01 -1.1872E-01  9.9801E-01  4.0213E-02  2.4964E+00
  8.8531E-01  1.4838E-01  5.0687E-01  4.0213E-02  2.4964E+00
 -1.0283E+00  4.3302E-03 -7.2664E-02  4.0213E-02  2.4964E+00
  9.7849E-01 -3.0852E-02  3.2298E-01  4.0213E-02  2.4964E+00
 -8.6415E-01  6.0655E-03 -5.5806E-01  3.9683E-02  2.5977E+00
 -2.7423E-01 -5.6744E-02 -9.8985E-01  3.9683E-02  2.5977E+00
  4.3868E-01 -1.7721E-01 -9.1344E-01  3.9683E-02  2.5977E+00
 -8.3160E-01  1.6636E-01  5.8223E-01  3.9683E-02  2.5977E+00
  8.6985E-01 -1.5892E-02  5.4893E-01  3.9683E-02  2.5977E+00
 -6.8288E-01 -1.7040E-01  7.4736E-01  3.9143E-02  2.7067E+00
 -3.9285E-01  4.9904E-02  9.4714E-01  3.9143E-02  2.7067E+00
  8.5947E-01 -1.8510E-01  5.2611E-01  3.8592E-02  2.8243E+00
  4.3864E-01 -1.1682E-01 -9.1853E-01  3.8592E-02  2.8243E+00
  7.7599E-01 -1.2844E-02 -6.6890E-01  3.8592E-02  2.8243E+00
  1.6611E-01  8.2466E-02  1.0057E+00  3.8029E-02  2.9517E+00
  9.7590E-01  4.4949E-02 -2.9589E-01  3.7452E-02  3.0900E+00
 -1.1194E-01  1.0526E-01  1.0091E+00  3.7452E-02  3.0900E+00
  9.3349E-01  9.2068E-02 -4.0257E-01  3.7452E-02  3.0900E+00
 -4.2007E-01  1.4372E-01  9.1915E-01  3.7452E-02  3.0900E+00
 -9.3789E-01 -6.0369E-02  3.9832E-01  3.7452E-02  3.0900E+00
  1.9891E-01  1.1069E-01 -9.9505E-01  3.7452E-02  3.0900E+00
  1.0079E+00 -9.0165E-02 -1.1969E-01  3.6862E-02  3.2409E+00
  6.7458E-01  9.1149E-02 -7.5825E-01  3.6862E-02  3.2409E+00
 -3.9279E-01 -8.5819E-02  9.3443E-01  3.6256E-02  3.4062E+00
 -2.4874E-01 -9.9938E-02 -9.8131E-01  3.6256E-02  3.4062E+00
 -8.1865E-01 -8.5535E-02 -5.9776E-01  3.6256E-02  3.4062E+00
  2.7331E-01  8.1995E-02  9.7642E-01  3.6256E-02  3.4062E+00
 -9.4957E-01 -9.5245E-02 -3.4749E-01  3.5633E-02  3.5880E+00
 -5.1790E-01  1.1008E-01  8.6670E-01  3.5633E-02  3.5880E+00
  2.5836E-01  2.4262E-02  9.8192E-01  3.5633E-02  3.5880E+00
 -7.9172E-01  1.6393E-01 -6.1209E-01  3.4991E-02  3.7890E+00
  1.9041E-01 -1.1208E-01 -9.8972E-01  3.4991E-02  3.7890E+00
  1.0133E+00  2.9333E-02 -2.8109E-02  3.4991E-02  3.7890E+00
  9.9576E-01 -7.6672E-02 -1.7590E-01  3.4991E-02  3.7890E+00
 -9.2350E-01 -1.6931E-01 -3.7929E-01  3.4329E-02  4.0125E+00
  8.2841E-01 -4.7926E-02 -5.8036E-01  3.4329E-02  4.0125E+00
  6.7816E-01  1.5342E-01  7.3617E-01  3.4329E-02  4.0125E+00
  6.4251E-01 -1.3033E-01  7.6991E-01  3.3644E-02  4.2626E+00
  1.0065E+00 -7.4888E-02  3.5552E-02  3.2934E-02  4.5444E+00
 -3.2220E-01  1.5128E-01 -9.4510E-01  3.2934E-02  4.5444E+00
  9.8525E-01  1.6671E-01 -1.3757E-01  3.2195E-02  4.8645E+00
  7.2981E-01 -4.0564E-02 -6.9511E-01  3.2195E-02  4.8645E+00
 -4.4635E-01 -6.6764E-02 -9.0208E-01  3.2195E-02  4.8645E+00
 -8.2913E-01  4.2883E-02  5.7283E-01  3.2195E-02  4.8645E+00
 -2.8584E-01 -1.7182E-01  9.5073E-01  3.1425E-02  5.2312E+00
 -5.3328E-01  1.4208E-01  8.4294E-01  3.1425E-02  5.2312E+00
 -7.2969E-01  8.4641E-02  6.8957E-01  3.1425E-02  5.2312E+00
  9.8957E-01 -2.5130E-02 -1.8189E-01  3.0618E-02  5.6557E+00
  8.8604E-01 -1.6853E-01 -4.4443E-01  2.9770E-02  6.1530E+00
 -9.9928E-01  3.3646E-02 -1.0630E-01  2.9770E-02  6.1530E+00
 -7.8408E-01 -1.7879E-01  6.0353E-01  2.9770E-02  6.1530E+00
 -6.3658E-01 -1.8216E-01  7.5668E-01  2.9770E-02  6.1530E+00
  9.9272E-01  2.4764E-02 -1.5775E-01  2.9770E-02  6.1530E+00
 -4.7747E-01  1.2637E-01 -8.7581E-01  2.9770E-02  6.1530E+00
 -9.2200E-02 -1.7383E-01  9.8511E-01  2.8874E-02  6.7438E+00
  1.0416E-02  8.9221E-02 -1.0005E+00  2.8874E-02  6.7438E+00
  4.8832E-01 -1.3178E-01 -8.6795E-01  2.8874E-02  6.7438E+00
 -5.6648E-01 -1.1838E-01  8.2113E-01  2.8874E-02  6.7438E+00
 -1.8891E-01 -4.6651E-02  9.8471E-01  2.7921E-02  7.4574E+00
  9.9951E-01  3.0048E-02  8.7161E-02  2.7921E-02  7.4574E+00
 -9.4962E-01  7.3009E-02 -3.1686E-01  2.7921E-02  7.4574E+00
  1.3745E-01 -5.8838E-03 -9.9353E-01  2.6903E-02  8.3369E+00
 -9.9294E-01  1.1689E-01  8.0160E-02  2.6903E-02  8.3369E+00
  4.0031E-01 -2.3999E-02 -9.1863E-01  2.5804E-02  9.4481E+00
  7.2620E-01 -5.3983E-02  6.8878E-01  2.5804E-02  9.4481E+00
 -4.5288E-01  1.4145E-01  8.8228E-01  2.4606E-02  1.0897E+01
  7.7245E-01 -6.2053E-03  6.3782E-01  2.4606E-02  1.0897E+01
 -2.5590E-01  3.1427E-02  9.6802E-01  2.4606E-02  1.0897E+01
 -1.2360E-01 -8.0857E-03 -9.9358E-01  2.3280E-02  1.2866E+01
 -3.0571E-01 -1.0533E-01 -9.4762E-01  2.3280E-02  1.2866E+01
  3.5487E-01 -1.5847E-01 -9.2277E-01  2.3280E-02  1.2866E+01
 -9.7512E-01 -1.5495E-02 -2.2498E-01  2.1787E-02  1.5696E+01
 -9.4067E-01 -1.8468E-01  2.8765E-01  2.1787E-02  1.5696E+01
  8.3379E-01 -2.9852E-02  5.5282E-01  2.1787E-02  1.5696E+01
  1.0938E-01 -9.1473E-02  9.9064E-01  2.1787E-02  1.5696E+01
  2.8931E-01  5.3274E-02 -9.5630E-01  2.0058E-02  2.0115E+01
 -9.7046E-01  6.8698E-02 -2.3350E-01  2.0058E-02  2.0115E+01
  9.8283E-01  4.8660E-02  1.7947E-01  1.7969E-02  2.7981E+01
  5.2648E-01 -1.1190E-01 -8.4311E-01  1.7969E-02  2.7981E+01
  5.5249E-01 -1.2573E-01  8.2431E-01  1.7969E-02  2.7981E+01
