0.13663542857143D+02       629
(x,y,z) position of the X-ray source
  0.9645E+00 -0.7954E-01 -0.1518E+01
x | y | z | R | rho
 -1.9040E+00  3.7253E-01  9.8044E+00  3.2237E-01  4.8453E-03
  1.2268E+00 -3.5180E-01  9.8759E+00  3.2157E-01  4.8819E-03
  5.4516E-01 -1.4831E-01  9.9420E+00  3.2157E-01  4.8819E-03
 -1.1676E+00  2.8730E-01  9.5180E+00  3.1345E-01  5.2709E-03
 -1.2882E+00 -2.8774E-01  9.4779E+00  3.1291E-01  5.2984E-03
  2.1774E-01  2.8004E-01  9.5507E+00  3.1264E-01  5.3123E-03
 -1.7617E+00 -2.3008E-01  9.0452E+00  3.0498E-01  5.7228E-03
 -1.4794E+00  3.8280E-01  9.0046E+00  3.0305E-01  5.8327E-03
  5.5006E-01 -2.1457E-01  9.0779E+00  3.0222E-01  5.8807E-03
  1.1361E+00 -2.3439E-01  8.5722E+00  2.9193E-01  6.5247E-03
 -3.3101E-01 -3.6302E-02  8.5234E+00  2.8913E-01  6.7165E-03
 -1.8622E+00 -7.9410E-02  8.0770E+00  2.8348E-01  7.1258E-03
 -1.1428E+00  5.4977E-02  8.1856E+00  2.8291E-01  7.1688E-03
 -2.3750E-01 -1.5923E-01  7.8162E+00  2.7234E-01  8.0368E-03
  1.5518E+00  1.2942E-01  7.5061E+00  2.6858E-01  8.3786E-03
 -6.3894E-01  3.5876E-02  7.5672E+00  2.6684E-01  8.5436E-03
 -1.6010E-01 -2.1965E-01  7.5774E+00  2.6655E-01  8.5716E-03
 -4.5379E-02 -3.2038E-01  7.5156E+00  2.6510E-01  8.7134E-03
 -1.5658E+00  3.2679E-01  7.1552E+00  2.6042E-01  9.1911E-03
 -6.6956E-02  1.0092E-01  7.3070E+00  2.5984E-01  9.2535E-03
  8.4794E-01 -2.8042E-01  7.2412E+00  2.5954E-01  9.2849E-03
  1.0375E+00  8.7150E-02  7.1733E+00  2.5837E-01  9.4122E-03
  1.5736E+00 -2.4151E-02  6.6127E+00  2.4709E-01  1.0760E-02
 -5.6731E-02  2.2793E-01  6.4860E+00  2.3927E-01  1.1851E-02
 -1.2391E+00 -2.8364E-01  5.7530E+00  2.2362E-01  1.4516E-02
 -5.9683E-01 -5.1925E-02  5.8143E+00  2.2238E-01  1.4761E-02
 -1.8104E+00 -2.3266E-01  5.5159E+00  2.2145E-01  1.4949E-02
  1.6727E+00  1.8486E-01  5.5123E+00  2.2020E-01  1.5204E-02
 -5.4199E-02 -1.3772E-01  5.6567E+00  2.1738E-01  1.5803E-02
  4.4693E-02 -1.6197E-02  5.5423E+00  2.1423E-01  1.6510E-02
  8.3833E-01  2.0773E-01  5.4630E+00  2.1392E-01  1.6583E-02
  1.0823E-01  2.7894E-01  5.4531E+00  2.1202E-01  1.7032E-02
 -6.4540E-01 -5.0923E-02  5.3995E+00  2.1139E-01  1.7186E-02
 -1.9992E+00  6.7044E-03  4.9452E+00  2.0853E-01  1.7903E-02
 -1.5306E+00 -1.7388E-01  5.0344E+00  2.0661E-01  1.8405E-02
  1.3763E+00  7.9606E-02  5.0213E+00  2.0501E-01  1.8839E-02
 -1.4247E+00  7.1664E-02  4.9121E+00  2.0245E-01  1.9565E-02
  1.5660E+00  2.7432E-01  4.8375E+00  2.0180E-01  1.9753E-02
  1.1128E+00  4.1322E-02  4.9571E+00  2.0148E-01  1.9848E-02
  1.3969E+00  1.8840E-01  4.8094E+00  1.9954E-01  2.0432E-02
  1.7164E+00 -4.2181E-03  4.6965E+00  1.9922E-01  2.0531E-02
 -4.8772E-01  5.6953E-03  4.9419E+00  1.9825E-01  2.0834E-02
  5.1766E-01 -1.4457E-01  4.9022E+00  1.9727E-01  2.1144E-02
  1.6708E+00 -2.7496E-01  4.6317E+00  1.9727E-01  2.1144E-02
  1.4721E+00 -1.0366E-01  4.5137E+00  1.9206E-01  2.2915E-02
 -4.7288E-01  1.9473E-01  4.6984E+00  1.9140E-01  2.3151E-02
  7.9743E-01 -3.9172E-02  4.4393E+00  1.8514E-01  2.5581E-02
 -1.2592E+00  1.1592E-01  4.1767E+00  1.8081E-01  2.7461E-02
 -5.0303E-01  2.0376E-01  4.1716E+00  1.7612E-01  2.9716E-02
  1.6442E+00  2.0880E-01  3.8665E+00  1.7612E-01  2.9716E-02
  2.0074E-01 -4.8906E-02  4.1457E+00  1.7443E-01  3.0586E-02
 -1.4415E+00  6.7615E-02  3.8920E+00  1.7443E-01  3.0586E-02
  1.8569E+00  7.7847E-02  3.6616E+00  1.7308E-01  3.1308E-02
 -1.5911E+00 -1.6074E-01  3.7700E+00  1.7274E-01  3.1493E-02
  5.3599E-01  9.0581E-03  4.0374E+00  1.7206E-01  3.1867E-02
  7.8385E-01  1.7076E-01  3.9476E+00  1.7071E-01  3.2633E-02
 -8.7447E-01 -1.0259E-01  3.6700E+00  1.6283E-01  3.7598E-02
  5.3995E-01 -1.6904E-01  3.7093E+00  1.6215E-01  3.8079E-02
  1.8762E-02  1.3919E-01  3.7495E+00  1.6215E-01  3.8079E-02
 -5.0448E-01 -2.1769E-01  3.6452E+00  1.6007E-01  3.9579E-02
  4.1870E-01 -1.7028E-01  3.6586E+00  1.6007E-01  3.9579E-02
  1.5393E+00  1.1316E-01  3.3357E+00  1.5973E-01  3.9837E-02
 -1.3092E+00 -5.2640E-02  3.3521E+00  1.5730E-01  4.1712E-02
 -5.5531E-01  5.1431E-02  3.4566E+00  1.5416E-01  4.4312E-02
  1.2371E+00  1.4166E-01  3.1334E+00  1.4994E-01  4.8153E-02
 -1.4095E+00  1.3002E-02  3.0512E+00  1.4959E-01  4.8494E-02
 -1.2813E+00  1.4907E-01  3.0688E+00  1.4853E-01  4.9538E-02
 -2.4868E-01  7.5477E-02  3.2972E+00  1.4783E-01  5.0252E-02
  2.0537E-01  4.0236E-03  3.2475E+00  1.4606E-01  5.2102E-02
 -6.7767E-03  9.5356E-02  3.1993E+00  1.4428E-01  5.4049E-02
  1.6130E+00  5.6870E-02  2.7640E+00  1.4428E-01  5.4049E-02
 -8.9467E-01  2.0196E-02  3.0620E+00  1.4392E-01  5.4451E-02
 -1.9409E+00  1.6288E-01  2.4727E+00  1.4250E-01  5.6101E-02
 -1.7674E+00 -1.3634E-01  2.5112E+00  1.4000E-01  5.9164E-02
  1.8831E+00 -1.2437E-01  2.4129E+00  1.3964E-01  5.9620E-02
  8.5130E-01  1.1015E-01  2.9296E+00  1.3928E-01  6.0082E-02
 -1.6664E+00 -8.9449E-02  2.5562E+00  1.3928E-01  6.0082E-02
 -1.1403E+00 -5.0080E-02  2.7860E+00  1.3784E-01  6.1979E-02
 -1.7632E+00 -1.5597E-01  2.3576E+00  1.3568E-01  6.4988E-02
 -1.6796E+00  1.7862E-01  2.4163E+00  1.3568E-01  6.4988E-02
  1.5526E+00  6.1394E-02  2.4686E+00  1.3460E-01  6.6569E-02
  1.7029E+00  1.4877E-01  2.3507E+00  1.3424E-01  6.7108E-02
  4.6566E-01  4.5076E-02  2.8581E+00  1.3388E-01  6.7653E-02
  6.9603E-02  6.3597E-02  2.8635E+00  1.3279E-01  6.9327E-02
  5.1355E-01  1.8566E-01  2.5624E+00  1.2403E-01  8.5069E-02
  4.1166E-01  5.9356E-02  2.5765E+00  1.2367E-01  8.5829E-02
 -1.4692E+00 -8.0790E-02  2.1311E+00  1.2293E-01  8.7378E-02
 -1.4242E+00 -2.0728E-01  2.1530E+00  1.2293E-01  8.7378E-02
 -4.6513E-01  1.6116E-01  2.5425E+00  1.2293E-01  8.7378E-02
  5.1955E-01  7.2535E-02  2.5156E+00  1.2220E-01  8.8967E-02
 -1.4448E+00 -1.4532E-01  2.1201E+00  1.2220E-01  8.8967E-02
  1.9645E-01 -5.4573E-02  2.5315E+00  1.2109E-01  9.1425E-02
  8.9607E-01 -1.1289E-01  2.3630E+00  1.2072E-01  9.2266E-02
  1.9411E-01  1.4036E-01  2.4884E+00  1.1961E-01  9.4853E-02
  1.3434E+00 -1.9255E-03  2.0964E+00  1.1925E-01  9.5738E-02
 -1.8916E+00  1.9335E-01  1.5612E+00  1.1814E-01  9.8461E-02
  1.5518E+00 -1.5786E-01 -1.8385E+00  1.1628E-01  1.0324E-01
  1.5520E+00 -1.9659E-01  1.7829E+00  1.1480E-01  1.0731E-01
 -1.6352E+00  5.4666E-02  1.6903E+00  1.1405E-01  1.0942E-01
  1.3599E+00 -8.3658E-02  1.9059E+00  1.1368E-01  1.1050E-01
 -1.9068E+00  5.4531E-02 -1.3600E+00  1.1368E-01  1.1050E-01
 -1.1632E+00  1.8012E-01  2.0256E+00  1.1368E-01  1.1050E-01
 -3.9958E-02  5.3322E-02  2.3128E+00  1.1256E-01  1.1382E-01
 -1.6361E+00  8.4505E-02 -1.6338E+00  1.1256E-01  1.1382E-01
  1.8459E+00 -1.2003E-01  1.3737E+00  1.1219E-01  1.1496E-01
 -1.8300E+00  1.6494E-01 -1.3901E+00  1.1219E-01  1.1496E-01
 -1.8258E+00  6.3545E-02 -1.3880E+00  1.1182E-01  1.1612E-01
  1.4766E+00 -1.9036E-01  1.7205E+00  1.1107E-01  1.1847E-01
  7.0690E-01 -1.1735E-01  2.1392E+00  1.1032E-01  1.2090E-01
 -1.1389E+00 -1.3239E-01  1.9319E+00  1.0995E-01  1.2214E-01
  1.7382E+00 -1.2315E-01 -1.4178E+00  1.0995E-01  1.2214E-01
 -7.9746E-01 -1.8455E-01  2.0716E+00  1.0920E-01  1.2466E-01
 -5.7958E-01 -1.8542E-01  2.1328E+00  1.0882E-01  1.2596E-01
 -1.5444E+00  4.1017E-03 -1.5919E+00  1.0882E-01  1.2596E-01
 -6.0121E-01 -1.3714E-01  2.1206E+00  1.0845E-01  1.2727E-01
  2.6760E-01 -1.1290E-01  2.1893E+00  1.0845E-01  1.2727E-01
 -1.5436E+00 -1.5100E-01  1.5454E+00  1.0770E-01  1.2994E-01
 -1.5239E+00 -8.3206E-02  1.5700E+00  1.0770E-01  1.2994E-01
 -1.3013E+00  1.4263E-01 -1.7433E+00  1.0733E-01  1.3131E-01
 -9.3655E-01 -1.4688E-01  1.9318E+00  1.0620E-01  1.3553E-01
 -3.4648E-01  1.4720E-01  2.1187E+00  1.0620E-01  1.3553E-01
  2.4487E-01 -5.3291E-02  2.1184E+00  1.0545E-01  1.3845E-01
  1.8590E+00  7.5951E-02 -1.0434E+00  1.0545E-01  1.3845E-01
 -2.6154E-01 -4.1389E-02  2.0791E+00  1.0394E-01  1.4454E-01
  9.4267E-01  8.7921E-02 -1.8491E+00  1.0319E-01  1.4773E-01
 -8.8916E-01  1.7607E-01 -1.8590E+00  1.0281E-01  1.4936E-01
  1.0230E+00 -1.3421E-01  1.7818E+00  1.0244E-01  1.5102E-01
  1.5543E+00  1.7392E-01 -1.3391E+00  1.0244E-01  1.5102E-01
 -6.2252E-01  1.1528E-02  1.9626E+00  1.0244E-01  1.5102E-01
 -1.8244E+00  4.0498E-02  9.3361E-01  1.0206E-01  1.5269E-01
 -1.8977E+00  1.5337E-01 -7.5966E-01  1.0206E-01  1.5269E-01
 -8.9308E-01  1.8584E-01  1.8356E+00  1.0206E-01  1.5269E-01
  1.4551E+00 -1.0417E-01 -1.4269E+00  1.0168E-01  1.5440E-01
 -1.8099E+00  1.7026E-01 -9.0670E-01  1.0131E-01  1.5613E-01
  9.4656E-01 -8.5832E-03 -1.7975E+00  1.0131E-01  1.5613E-01
  1.7771E+00 -4.3667E-02  9.8345E-01  1.0131E-01  1.5613E-01
 -8.8878E-01  2.4176E-02  1.8165E+00  1.0093E-01  1.5789E-01
 -1.2657E+00  1.3532E-01  1.5715E+00  1.0093E-01  1.5789E-01
  1.2056E+00 -1.7293E-01 -1.5917E+00  1.0017E-01  1.6148E-01
  1.3759E+00  1.0448E-01  1.4285E+00  9.9419E-02  1.6519E-01
 -8.9971E-01  1.7808E-01 -1.7616E+00  9.9419E-02  1.6519E-01
  1.7618E+00  1.1437E-01 -9.0967E-01  9.9419E-02  1.6519E-01
 -1.6293E+00  1.0868E-01  1.1146E+00  9.9041E-02  1.6709E-01
  1.8393E+00  1.2347E-01 -7.1459E-01  9.9041E-02  1.6709E-01
 -5.5413E-01 -1.8846E-01  1.8790E+00  9.8663E-02  1.6902E-01
 -1.6720E+00  1.4414E-01 -9.9324E-01  9.7907E-02  1.7297E-01
 -7.4102E-01 -1.3652E-01 -1.7987E+00  9.7907E-02  1.7297E-01
  1.5991E+00 -2.7026E-02 -1.1001E+00  9.7529E-02  1.7499E-01
 -7.0878E-01 -1.8389E-01  1.7882E+00  9.7150E-02  1.7704E-01
  1.6778E+00 -6.7428E-02 -9.5606E-01  9.7150E-02  1.7704E-01
 -4.8195E-01  7.9739E-02 -1.8695E+00  9.7150E-02  1.7704E-01
 -1.6213E+00 -1.4026E-01 -1.0253E+00  9.6772E-02  1.7912E-01
  6.6888E-01  1.8236E-01 -1.7846E+00  9.6393E-02  1.8124E-01
  1.0082E+00  4.6490E-02 -1.6269E+00  9.6393E-02  1.8124E-01
 -1.6081E+00  1.8435E-01  1.0058E+00  9.6015E-02  1.8340E-01
 -1.7414E+00  1.8151E-01 -7.5250E-01  9.6015E-02  1.8340E-01
 -3.3463E-01  1.6040E-01  1.8602E+00  9.5636E-02  1.8558E-01
 -5.9478E-01 -1.4267E-02 -1.8011E+00  9.5636E-02  1.8558E-01
 -1.3939E+00 -6.5182E-02  1.2849E+00  9.5636E-02  1.8558E-01
 -1.7740E+00 -6.9337E-02 -6.6783E-01  9.5636E-02  1.8558E-01
 -1.3797E+00  1.6959E-01  1.2776E+00  9.5257E-02  1.8781E-01
  1.8755E+00 -1.1431E-01 -3.4800E-02  9.4878E-02  1.9007E-01
 -5.5960E-01 -1.7675E-02  1.7939E+00  9.4878E-02  1.9007E-01
 -7.8372E-01  1.9315E-02  1.7079E+00  9.4878E-02  1.9007E-01
  1.0422E+00 -5.6818E-02  1.5417E+00  9.4120E-02  1.9470E-01
  9.7958E-01 -1.3114E-01 -1.5778E+00  9.4120E-02  1.9470E-01
 -2.3158E-01 -1.8812E-01  1.8289E+00  9.3741E-02  1.9707E-01
 -1.7133E+00  1.9032E-02 -7.0581E-01  9.3741E-02  1.9707E-01
  1.8090E+00  1.3863E-01 -3.7712E-01  9.3741E-02  1.9707E-01
  4.4299E-01  4.7376E-02 -1.7987E+00  9.3741E-02  1.9707E-01
 -4.6056E-02 -1.3690E-01 -1.8387E+00  9.3361E-02  1.9948E-01
  1.1425E+00 -1.4496E-01 -1.4406E+00  9.3361E-02  1.9948E-01
  7.7147E-01 -1.7275E-02  1.6752E+00  9.3361E-02  1.9948E-01
 -1.6398E+00  1.6588E-01 -8.0827E-01  9.2982E-02  2.0193E-01
 -1.6787E+00 -1.0514E-01 -7.3538E-01  9.2982E-02  2.0193E-01
  6.9390E-01  1.2681E-01 -1.6948E+00  9.2982E-02  2.0193E-01
  5.4954E-01 -1.2359E-01 -1.7381E+00  9.2603E-02  2.0443E-01
  1.6660E+00 -5.4390E-02  7.4809E-01  9.2603E-02  2.0443E-01
 -1.0478E+00 -9.7963E-02  1.4831E+00  9.2223E-02  2.0696E-01
 -7.9629E-01 -1.1243E-01  1.6310E+00  9.2223E-02  2.0696E-01
  1.5320E+00  1.6442E-01 -9.4950E-01  9.1844E-02  2.0954E-01
  1.2341E+00  1.8623E-01 -1.3108E+00  9.1844E-02  2.0954E-01
 -1.4083E+00 -1.6447E-01 -1.1111E+00  9.1464E-02  2.1216E-01
  1.3764E+00 -1.8317E-01 -1.1475E+00  9.1464E-02  2.1216E-01
  6.0898E-01 -5.6938E-02  1.6943E+00  9.1464E-02  2.1216E-01
  1.6471E+00 -1.2140E-01 -7.1921E-01  9.1464E-02  2.1216E-01
 -2.2234E-01 -6.4509E-02 -1.7692E+00  9.0704E-02  2.1753E-01
  5.1990E-01 -3.1459E-02 -1.6888E+00  8.9945E-02  2.2309E-01
 -1.3640E+00 -1.6639E-01 -1.1114E+00  8.9945E-02  2.2309E-01
  9.2159E-01 -1.5298E-01 -1.4804E+00  8.9185E-02  2.2884E-01
 -1.6076E+00  3.6162E-02 -6.9176E-01  8.9185E-02  2.2884E-01
  2.8516E-01  9.2732E-02 -1.7161E+00  8.8805E-02  2.3179E-01
 -1.6784E+00 -1.6495E-01 -4.3681E-01  8.8805E-02  2.3179E-01
  7.6413E-01 -1.1691E-01 -1.5519E+00  8.8425E-02  2.3479E-01
 -1.8610E-01  2.8840E-02  1.7235E+00  8.8425E-02  2.3479E-01
 -1.4323E+00  6.6897E-02 -9.5980E-01  8.8044E-02  2.3785E-01
 -1.5850E+00  1.6126E-01 -6.4053E-01  8.7664E-02  2.4095E-01
  1.6726E+00  1.4491E-01  3.6060E-01  8.7664E-02  2.4095E-01
  2.2585E-01  1.7555E-01 -1.6848E+00  8.7284E-02  2.4412E-01
  1.4359E+00  1.5428E-01 -9.1359E-01  8.7284E-02  2.4412E-01
  1.0041E+00  4.6968E-02 -1.3820E+00  8.7284E-02  2.4412E-01
 -1.6876E+00  8.9269E-03 -2.6844E-01  8.7284E-02  2.4412E-01
 -8.9994E-01 -7.9534E-02  1.4408E+00  8.6904E-02  2.4734E-01
  1.1426E+00  1.5148E-01 -1.2504E+00  8.6904E-02  2.4734E-01
  1.6011E+00  1.4938E-02  4.9553E-01  8.5763E-02  2.5734E-01
  8.6110E-01 -5.2815E-02  1.4370E+00  8.5763E-02  2.5734E-01
 -1.0484E+00  1.6071E-02 -1.2972E+00  8.5382E-02  2.6079E-01
 -1.6170E+00 -1.8055E-02  4.0888E-01  8.5382E-02  2.6079E-01
  1.2794E+00  1.4600E-01 -1.0473E+00  8.5002E-02  2.6431E-01
 -1.6307E+00  1.2078E-01 -2.3410E-01  8.4622E-02  2.6789E-01
 -1.4656E+00 -1.1730E-01 -7.5276E-01  8.4622E-02  2.6789E-01
  3.4345E-02  6.2240E-02 -1.6422E+00  8.4241E-02  2.7154E-01
 -3.5393E-01 -1.4811E-01  1.5984E+00  8.4241E-02  2.7154E-01
 -1.2074E+00  7.7349E-02 -1.1127E+00  8.4241E-02  2.7154E-01
  9.1204E-01 -5.3402E-03 -1.3579E+00  8.3861E-02  2.7525E-01
 -1.1871E+00 -4.4292E-02  1.1245E+00  8.3861E-02  2.7525E-01
  1.4169E+00  1.5525E-01  8.0253E-01  8.3861E-02  2.7525E-01
  3.2708E-01 -1.2492E-01 -1.5978E+00  8.3861E-02  2.7525E-01
  1.2685E+00  1.6292E-01 -1.0198E+00  8.3861E-02  2.7525E-01
  6.0938E-01 -7.5806E-02 -1.4989E+00  8.3100E-02  2.8288E-01
 -4.2869E-01  1.4263E-01 -1.5555E+00  8.3100E-02  2.8288E-01
  1.5052E+00 -8.0245E-02 -5.9324E-01  8.3100E-02  2.8288E-01
 -1.3899E+00  1.6438E-01 -7.9968E-01  8.2719E-02  2.8681E-01
  9.8062E-01  1.8047E-01 -1.2565E+00  8.2338E-02  2.9080E-01
 -5.5389E-02 -1.0096E-01 -1.5999E+00  8.2338E-02  2.9080E-01
 -1.5933E+00  1.8398E-01 -1.9369E-02  8.2338E-02  2.9080E-01
  8.4219E-01 -1.6527E-01 -1.3458E+00  8.1958E-02  2.9487E-01
  6.3784E-01  1.1778E-01 -1.4585E+00  8.1958E-02  2.9487E-01
  1.5104E+00  1.1927E-01 -4.7683E-01  8.1577E-02  2.9902E-01
  1.2926E+00  1.7335E-01  8.9302E-01  8.1197E-02  3.0324E-01
  1.4433E+00 -4.9813E-02 -6.4233E-01  8.1197E-02  3.0324E-01
 -1.5305E+00 -8.2755E-02  3.5276E-01  8.0816E-02  3.0755E-01
 -2.1941E-01  1.3677E-01 -1.5436E+00  8.0435E-02  3.1193E-01
  9.7136E-01 -6.2480E-02  1.2256E+00  8.0435E-02  3.1193E-01
 -1.5494E+00 -2.1476E-02  1.5609E-01  8.0055E-02  3.1640E-01
  1.5299E+00 -1.7833E-01 -2.3054E-01  8.0055E-02  3.1640E-01
 -3.4166E-01 -4.1002E-02  1.5189E+00  8.0055E-02  3.1640E-01
  8.5987E-01 -1.0266E-02 -1.2893E+00  7.9674E-02  3.2096E-01
  8.6862E-01  1.2389E-02 -1.2834E+00  7.9674E-02  3.2096E-01
  1.5376E+00  2.7045E-02 -1.9161E-01  7.9674E-02  3.2096E-01
 -4.1682E-01 -8.4614E-02  1.4823E+00  7.9293E-02  3.2561E-01
  1.3305E+00 -8.9832E-02 -7.7452E-01  7.9293E-02  3.2561E-01
  8.5938E-01  4.4786E-02  1.2706E+00  7.8913E-02  3.3034E-01
 -7.2105E-01  8.8572E-02  1.3517E+00  7.8913E-02  3.3034E-01
  5.5073E-01 -1.8229E-02  1.4322E+00  7.8913E-02  3.3034E-01
 -1.2576E+00 -1.6167E-01 -8.6441E-01  7.8913E-02  3.3034E-01
  7.6370E-01 -1.1426E-01  1.3261E+00  7.8913E-02  3.3034E-01
 -1.0725E+00 -1.3572E-01  1.0678E+00  7.8152E-02  3.4009E-01
  9.2065E-01 -4.1380E-02 -1.2081E+00  7.8152E-02  3.4009E-01
  1.3876E+00  7.5112E-03 -6.0075E-01  7.7771E-02  3.4511E-01
  1.3914E+00  1.1866E-01  5.7974E-01  7.7771E-02  3.4511E-01
  1.4565E+00  1.9429E-02  4.0564E-01  7.7771E-02  3.4511E-01
 -8.3551E-01  2.3765E-02 -1.2511E+00  7.7390E-02  3.5022E-01
  1.1495E+00 -8.8365E-02 -9.6674E-01  7.7390E-02  3.5022E-01
 -3.9513E-01 -4.1966E-02  1.4512E+00  7.7390E-02  3.5022E-01
  1.4408E+00 -3.8000E-02  3.7733E-01  7.6629E-02  3.6076E-01
 -5.2085E-01  1.4801E-01 -1.3879E+00  7.6629E-02  3.6076E-01
  1.3915E+00 -1.7206E-01  4.5858E-01  7.5868E-02  3.7173E-01
 -1.4172E+00 -6.0007E-03 -3.8261E-01  7.5487E-02  3.7739E-01
 -6.8199E-01 -3.5312E-02  1.2913E+00  7.5106E-02  3.8315E-01
 -1.0172E+00 -1.8121E-01 -1.0325E+00  7.5106E-02  3.8315E-01
 -9.7797E-01 -1.7407E-01 -1.0710E+00  7.5106E-02  3.8315E-01
 -1.3909E+00 -1.4041E-01  4.2352E-01  7.5106E-02  3.8315E-01
 -1.2379E+00  5.9956E-02  7.7309E-01  7.5106E-02  3.8315E-01
 -1.2063E+00  1.1640E-01 -8.0261E-01  7.4726E-02  3.8904E-01
  1.1529E+00 -1.7232E-01 -8.6828E-01  7.4726E-02  3.8904E-01
 -4.6184E-01  1.7909E-01  1.3665E+00  7.4726E-02  3.8904E-01
 -1.1972E+00 -6.0984E-03 -8.2426E-01  7.4726E-02  3.8904E-01
  2.7337E-01 -7.6164E-02 -1.4256E+00  7.4726E-02  3.8904E-01
  8.9703E-01 -9.0457E-02  1.1310E+00  7.4345E-02  3.9504E-01
 -1.1769E+00 -4.5049E-02 -8.2735E-01  7.3965E-02  4.0117E-01
  6.9659E-01  2.9900E-02  1.2592E+00  7.3965E-02  4.0117E-01
 -1.1174E+00  1.5692E-01 -8.9358E-01  7.3965E-02  4.0117E-01
 -1.1477E+00  8.5148E-02 -8.6432E-01  7.3965E-02  4.0117E-01
  1.2292E+00  6.4237E-02  7.3234E-01  7.3584E-02  4.0743E-01
 -1.3757E+00 -4.3511E-02 -3.9622E-01  7.3584E-02  4.0743E-01
  8.0814E-01 -1.3055E-01  1.1752E+00  7.3584E-02  4.0743E-01
 -1.0841E+00  1.0431E-02 -9.3589E-01  7.3584E-02  4.0743E-01
  8.9726E-01  1.1816E-01 -1.1010E+00  7.3203E-02  4.1382E-01
 -1.0650E+00  1.0772E-01 -9.4093E-01  7.3203E-02  4.1382E-01
 -1.2581E+00 -1.5989E-01  6.1918E-01  7.2442E-02  4.2701E-01
 -9.5911E-01 -1.1017E-01 -1.0294E+00  7.2442E-02  4.2701E-01
 -1.2089E+00  1.2214E-01 -7.0427E-01  7.2061E-02  4.3381E-01
  9.1417E-01 -1.1275E-01  1.0602E+00  7.2061E-02  4.3381E-01
 -1.3174E+00 -1.6579E-01 -4.3601E-01  7.1680E-02  4.4076E-01
 -6.2245E-02  1.0636E-01  1.3921E+00  7.1680E-02  4.4076E-01
 -9.4855E-01 -2.3506E-02  1.0168E+00  7.1300E-02  4.4786E-01
 -1.5283E-01 -1.5599E-01  1.3666E+00  7.0919E-02  4.5511E-01
 -1.3615E+00 -1.6297E-02  2.4755E-01  7.0919E-02  4.5511E-01
 -1.0237E-01 -1.0464E-01 -1.3762E+00  7.0919E-02  4.5511E-01
 -8.3310E-01 -2.1903E-02 -1.1049E+00  7.0919E-02  4.5511E-01
  3.0301E-01 -1.3348E-01 -1.3368E+00  7.0538E-02  4.6253E-01
  9.2699E-01 -4.5982E-02 -1.0175E+00  7.0538E-02  4.6253E-01
 -1.3465E+00  5.7976E-02 -2.8329E-01  7.0538E-02  4.6253E-01
  9.6383E-01  1.1125E-01  9.7746E-01  7.0538E-02  4.6253E-01
  1.2965E+00  3.4706E-02 -4.2191E-01  6.9776E-02  4.7784E-01
  1.1445E+00  1.2395E-01  7.3147E-01  6.9776E-02  4.7784E-01
 -3.4638E-01  1.5111E-01 -1.3036E+00  6.9395E-02  4.8575E-01
  1.1301E+00  5.5349E-02  7.4966E-01  6.9395E-02  4.8575E-01
  1.3127E-01 -6.5611E-02 -1.3493E+00  6.9395E-02  4.8575E-01
  1.2753E+00  9.7746E-02  4.5427E-01  6.9395E-02  4.8575E-01
 -2.3881E-02  4.2970E-02 -1.3564E+00  6.9395E-02  4.8575E-01
 -2.9647E-01 -9.6308E-02  1.3143E+00  6.9014E-02  4.9384E-01
 -1.0130E+00  8.2788E-02  8.7970E-01  6.8633E-02  5.0211E-01
  3.5196E-01 -6.1718E-02  1.2959E+00  6.8633E-02  5.0211E-01
 -5.0025E-01 -5.3925E-02  1.2465E+00  6.8633E-02  5.0211E-01
  6.1872E-01 -1.7223E-01 -1.1809E+00  6.8633E-02  5.0211E-01
 -1.2121E+00  1.7971E-01  5.5275E-01  6.8633E-02  5.0211E-01
  3.8449E-01  8.5579E-02  1.2852E+00  6.8633E-02  5.0211E-01
 -1.2525E+00 -7.9057E-02  4.8163E-01  6.8633E-02  5.0211E-01
  1.1502E+00  1.2256E-01  6.7213E-01  6.8252E-02  5.1057E-01
  1.3205E+00 -1.5189E-01  7.5029E-02  6.7871E-02  5.1923E-01
  5.5081E-01  1.2439E-01  1.2057E+00  6.7871E-02  5.1923E-01
  3.3420E-01  1.8234E-02 -1.2886E+00  6.7871E-02  5.1923E-01
 -3.9237E-01  1.3527E-01  1.2583E+00  6.7489E-02  5.2808E-01
  1.1790E+00 -1.5245E-01  5.8506E-01  6.7489E-02  5.2808E-01
  1.0853E+00  1.5572E-01 -7.4393E-01  6.7489E-02  5.2808E-01
 -1.1987E-01 -6.8028E-02 -1.3178E+00  6.7489E-02  5.2808E-01
  1.3170E+00  3.2897E-02  1.4135E-01  6.7489E-02  5.2808E-01
 -1.0952E+00  3.1107E-02  7.3379E-01  6.7108E-02  5.3713E-01
 -1.2578E+00  6.3131E-03  3.9602E-01  6.7108E-02  5.3713E-01
 -4.5124E-01  1.5716E-01 -1.2290E+00  6.7108E-02  5.3713E-01
  1.2640E+00  7.1406E-02 -3.6900E-01  6.7108E-02  5.3713E-01
 -1.0563E+00 -3.6363E-02  7.8854E-01  6.7108E-02  5.3713E-01
 -2.1977E-01  1.2135E-01 -1.2882E+00  6.6726E-02  5.4640E-01
  1.2522E+00  1.4160E-02 -3.9260E-01  6.6726E-02  5.4640E-01
  1.7322E-01 -3.9201E-02  1.3003E+00  6.6726E-02  5.4640E-01
  6.0386E-01  1.1279E-01  1.1527E+00  6.6345E-02  5.5588E-01
 -9.4030E-01 -7.9183E-02 -9.0311E-01  6.6345E-02  5.5588E-01
  1.2564E+00 -1.6360E-01  3.1728E-01  6.6345E-02  5.5588E-01
  2.1096E-01  1.7027E-01 -1.2777E+00  6.6345E-02  5.5588E-01
 -3.5922E-01  1.6354E-01  1.2451E+00  6.6345E-02  5.5588E-01
  1.2438E+00 -6.3095E-02  3.7269E-01  6.5963E-02  5.6559E-01
 -4.8557E-01 -8.3892E-02 -1.2030E+00  6.5963E-02  5.6559E-01
 -8.5537E-01  5.3506E-02 -9.7745E-01  6.5963E-02  5.6559E-01
  1.1073E-01  4.7643E-02 -1.2944E+00  6.5963E-02  5.6559E-01
  1.2842E+00  1.0519E-02 -9.4879E-02  6.5199E-02  5.8571E-01
  1.1692E+00  1.3003E-01  5.0887E-01  6.4817E-02  5.9614E-01
  7.9709E-01 -1.2214E-01 -9.8855E-01  6.4434E-02  6.0681E-01
  9.1094E-02  1.8206E-01 -1.2534E+00  6.4051E-02  6.1776E-01
  2.8269E-01  7.9980E-02  1.2354E+00  6.4051E-02  6.1776E-01
  1.2533E+00  8.1738E-02 -1.8699E-01  6.4051E-02  6.1776E-01
 -7.5694E-01 -1.5094E-01 -1.0009E+00  6.3669E-02  6.2897E-01
 -5.4581E-01  2.7633E-02 -1.1397E+00  6.3669E-02  6.2897E-01
  9.3130E-01 -1.2625E-01 -8.4513E-01  6.3669E-02  6.2897E-01
  4.7581E-01 -1.5108E-01  1.1548E+00  6.3285E-02  6.4046E-01
 -5.5685E-01  1.2528E-01 -1.1212E+00  6.3285E-02  6.4046E-01
  1.2381E+00  3.3368E-02  1.8513E-01  6.2902E-02  6.5224E-01
 -8.4130E-02  1.7088E-01 -1.2319E+00  6.2518E-02  6.6433E-01
 -9.9875E-01  1.3873E-01 -7.2327E-01  6.2134E-02  6.7672E-01
 -8.2524E-01  8.4492E-02 -9.2287E-01  6.2134E-02  6.7672E-01
  8.3266E-01 -7.5968E-02  9.1693E-01  6.2134E-02  6.7672E-01
  5.8219E-01  1.5128E-02  1.0958E+00  6.2134E-02  6.7672E-01
 -3.7675E-01 -1.8049E-01  1.1625E+00  6.1750E-02  6.8943E-01
  1.2168E+00 -1.6269E-01 -1.3731E-01  6.1750E-02  6.8943E-01
 -4.0295E-01  6.8782E-02 -1.1657E+00  6.1750E-02  6.8943E-01
  1.3036E-01 -1.7607E-01  1.2101E+00  6.1365E-02  7.0248E-01
  9.1569E-01  1.5041E-01 -7.9849E-01  6.0980E-02  7.1587E-01
  8.6587E-01  1.7109E-01 -8.4835E-01  6.0980E-02  7.1587E-01
  1.1709E+00 -7.5375E-02 -3.4927E-01  6.0980E-02  7.1587E-01
  1.1725E+00  1.6574E-01  2.8831E-01  6.0595E-02  7.2962E-01
 -1.2059E+00 -4.6866E-02  1.7048E-01  6.0595E-02  7.2962E-01
  7.1970E-01 -1.6621E-01 -9.6941E-01  6.0595E-02  7.2962E-01
  6.0679E-01 -1.7999E-01  1.0352E+00  6.0209E-02  7.4374E-01
  8.2700E-02 -1.4243E-01  1.2021E+00  6.0209E-02  7.4374E-01
 -5.5608E-01 -1.2593E-02 -1.0783E+00  6.0209E-02  7.4374E-01
  2.4194E-01 -9.5575E-02 -1.1797E+00  5.9822E-02  7.5825E-01
  4.7652E-01  1.8589E-01  1.0885E+00  5.9436E-02  7.7315E-01
  5.9217E-01 -1.2676E-01  1.0391E+00  5.9436E-02  7.7315E-01
 -1.0195E+00  1.2399E-01  6.2589E-01  5.9436E-02  7.7315E-01
  3.4566E-03  4.1473E-02  1.1968E+00  5.9048E-02  7.8847E-01
  4.7788E-01  1.3434E-01 -1.0841E+00  5.8660E-02  8.0422E-01
 -1.2620E-01  7.3825E-03 -1.1856E+00  5.8660E-02  8.0422E-01
 -1.0362E+00 -1.6388E-01 -5.6660E-01  5.8660E-02  8.0422E-01
  4.0474E-01 -1.3990E-01  1.1127E+00  5.8660E-02  8.0422E-01
  8.2546E-02 -9.4486E-02 -1.1857E+00  5.8660E-02  8.0422E-01
  1.1774E+00 -8.6616E-02 -1.2517E-01  5.8271E-02  8.2042E-01
  8.9347E-01  8.4473E-02 -7.7716E-01  5.8271E-02  8.2042E-01
 -9.1616E-01 -5.8628E-02  7.5274E-01  5.8271E-02  8.2042E-01
  3.1928E-01  4.5070E-02  1.1426E+00  5.8271E-02  8.2042E-01
 -2.3410E-01  6.5080E-02 -1.1621E+00  5.8271E-02  8.2042E-01
 -5.6564E-01  2.5404E-02  1.0377E+00  5.7882E-02  8.3709E-01
 -1.1772E+00  4.6020E-02  9.7623E-02  5.7882E-02  8.3709E-01
  2.2688E-01  1.2648E-01  1.1532E+00  5.7882E-02  8.3709E-01
 -1.0108E+00 -1.2891E-01 -5.9931E-01  5.7882E-02  8.3709E-01
 -6.3506E-01  1.5075E-01  9.8559E-01  5.7882E-02  8.3709E-01
 -1.1001E+00 -1.1284E-01  4.0331E-01  5.7492E-02  8.5424E-01
 -8.0835E-01 -6.8708E-02 -8.5291E-01  5.7492E-02  8.5424E-01
 -9.3732E-01 -3.1801E-02 -7.0316E-01  5.7101E-02  8.7190E-01
 -2.9054E-01  1.4972E-01 -1.1206E+00  5.6710E-02  8.9009E-01
 -1.1511E+00  8.9974E-02 -1.3540E-01  5.6317E-02  9.0882E-01
  7.5770E-01 -1.4701E-01  8.6927E-01  5.6317E-02  9.0882E-01
 -9.7230E-01  2.9433E-02  6.3649E-01  5.6317E-02  9.0882E-01
 -1.1560E+00  2.4760E-02  1.1992E-01  5.6317E-02  9.0882E-01
 -1.1497E+00 -2.5650E-02 -1.3393E-01  5.5924E-02  9.2814E-01
 -7.4681E-01 -1.7330E-01 -8.6750E-01  5.5924E-02  9.2814E-01
 -1.6588E-01  6.3514E-02  1.1392E+00  5.5530E-02  9.4805E-01
  1.1481E+00 -8.3419E-02  6.6499E-02  5.5530E-02  9.4805E-01
  4.1197E-01 -1.8308E-01  1.0612E+00  5.5530E-02  9.4805E-01
 -1.1407E+00  3.0141E-02  1.2880E-01  5.5134E-02  9.6859E-01
  1.1325E+00  1.7119E-01 -8.3486E-02  5.5134E-02  9.6859E-01
  3.2971E-01  5.6849E-02  1.0938E+00  5.4738E-02  9.8980E-01
  8.6889E-01  3.2319E-02  7.4314E-01  5.4738E-02  9.8980E-01
 -3.6043E-01  4.6397E-03  1.0855E+00  5.4738E-02  9.8980E-01
  7.7584E-01  1.3152E-02  8.4035E-01  5.4738E-02  9.8980E-01
 -6.8312E-01 -1.6837E-01 -8.9609E-01  5.4340E-02  1.0117E+00
  6.0210E-01 -1.5223E-01  9.5513E-01  5.4340E-02  1.0117E+00
 -9.2169E-01 -7.0810E-02  6.6592E-01  5.4340E-02  1.0117E+00
  4.3428E-01  1.4298E-01 -1.0435E+00  5.4340E-02  1.0117E+00
  7.4252E-01  1.2547E-01 -8.5492E-01  5.4340E-02  1.0117E+00
 -4.0723E-01  8.0181E-02 -1.0610E+00  5.4340E-02  1.0117E+00
  5.8332E-01 -1.8347E-01 -9.6128E-01  5.4340E-02  1.0117E+00
  5.1305E-01  1.1400E-01 -1.0058E+00  5.3941E-02  1.0343E+00
 -4.2962E-01 -1.1705E-01  1.0438E+00  5.3941E-02  1.0343E+00
  1.1191E+00 -1.8585E-01  3.1560E-02  5.3941E-02  1.0343E+00
 -1.1968E-01  1.1072E-02  1.1240E+00  5.3541E-02  1.0577E+00
 -1.0313E-01  6.7952E-02  1.1237E+00  5.3541E-02  1.0577E+00
 -1.0646E+00  1.7911E-01  3.3524E-01  5.3541E-02  1.0577E+00
  6.4084E-01  8.0111E-02  9.2254E-01  5.3139E-02  1.0818E+00
 -1.0237E+00 -1.7461E-01 -4.3560E-01  5.3139E-02  1.0818E+00
  1.0258E+00  1.6657E-01  4.3370E-01  5.3139E-02  1.0818E+00
 -9.9627E-01 -1.4561E-01 -5.0439E-01  5.3139E-02  1.0818E+00
  1.0694E+00  2.8101E-02 -3.3787E-01  5.2736E-02  1.1068E+00
 -4.2394E-01  8.3471E-02  1.0353E+00  5.2736E-02  1.1068E+00
  9.7842E-01  1.7130E-01 -5.2147E-01  5.2736E-02  1.1068E+00
 -1.1090E+00  8.5501E-02 -1.0942E-01  5.2331E-02  1.1327E+00
  5.6748E-01  1.4823E-01  9.5142E-01  5.2331E-02  1.1327E+00
 -5.6452E-01  3.7663E-03  9.6463E-01  5.2331E-02  1.1327E+00
 -1.1136E+00  7.9102E-02 -5.2972E-02  5.2331E-02  1.1327E+00
 -2.3210E-01  8.0982E-03  1.0891E+00  5.1925E-02  1.1595E+00
 -1.0457E+00  9.9746E-02  3.5705E-01  5.1516E-02  1.1873E+00
 -1.0482E+00  1.0547E-01 -3.4793E-01  5.1516E-02  1.1873E+00
 -9.8292E-01  1.2524E-01  4.9915E-01  5.1516E-02  1.1873E+00
  3.0248E-01  2.6063E-02 -1.0671E+00  5.1516E-02  1.1873E+00
 -3.2491E-01  1.3700E-01 -1.0520E+00  5.1516E-02  1.1873E+00
 -1.0755E+00 -6.1473E-02 -2.4848E-01  5.1106E-02  1.2161E+00
  1.0641E+00 -3.7784E-02  2.8254E-01  5.0694E-02  1.2461E+00
  5.5938E-01  1.8261E-01 -9.3124E-01  5.0694E-02  1.2461E+00
  4.1062E-01  5.9594E-02  1.0204E+00  5.0694E-02  1.2461E+00
  5.6822E-02  1.4412E-01 -1.0906E+00  5.0694E-02  1.2461E+00
  9.2980E-01 -1.5886E-01 -5.6144E-01  5.0279E-02  1.2771E+00
  8.3016E-01 -7.5448E-02 -7.1423E-01  5.0279E-02  1.2771E+00
  9.4503E-01  7.3073E-03  5.5844E-01  5.0279E-02  1.2771E+00
  3.0804E-01 -1.0820E-01  1.0480E+00  5.0279E-02  1.2771E+00
  8.6318E-01 -1.4897E-02  6.7799E-01  5.0279E-02  1.2771E+00
 -8.4645E-01 -8.1608E-02 -6.8813E-01  4.9863E-02  1.3094E+00
  1.6439E-01  1.6045E-01 -1.0695E+00  4.9863E-02  1.3094E+00
 -1.0050E+00 -8.4878E-02  4.2353E-01  4.9863E-02  1.3094E+00
  1.0223E+00  3.1305E-02  3.8798E-01  4.9863E-02  1.3094E+00
  3.5158E-01 -4.8187E-02 -1.0348E+00  4.9863E-02  1.3094E+00
  6.2230E-01  3.3375E-02 -8.9905E-01  4.9863E-02  1.3094E+00
 -5.1110E-01  3.2625E-02  9.6242E-01  4.9444E-02  1.3430E+00
 -1.0162E+00  3.7301E-02 -3.8285E-01  4.9022E-02  1.3780E+00
 -4.1475E-01 -1.7777E-01  9.8842E-01  4.9022E-02  1.3780E+00
  1.0751E+00 -8.2937E-02 -1.3343E-01  4.9022E-02  1.3780E+00
 -2.0300E-01 -1.8062E-01  1.0483E+00  4.8597E-02  1.4144E+00
  1.6840E-01 -9.5741E-02 -1.0655E+00  4.8597E-02  1.4144E+00
 -1.4644E-01 -7.4960E-02 -1.0704E+00  4.8597E-02  1.4144E+00
  7.3442E-01 -1.8340E-01 -7.7448E-01  4.8597E-02  1.4144E+00
 -6.8188E-01 -1.9897E-02 -8.4111E-01  4.8597E-02  1.4144E+00
  9.6769E-01 -7.4090E-02 -4.7256E-01  4.8170E-02  1.4524E+00
 -6.1265E-01 -8.5296E-03  8.8871E-01  4.8170E-02  1.4524E+00
 -3.9900E-01  1.4818E-01  9.9200E-01  4.8170E-02  1.4524E+00
 -9.3067E-01  1.8141E-01  5.0867E-01  4.7739E-02  1.4920E+00
 -9.2781E-01  1.3182E-01 -5.2877E-01  4.7739E-02  1.4920E+00
 -1.9154E-01 -1.0558E-01  1.0536E+00  4.7739E-02  1.4920E+00
 -3.3047E-01  1.0769E-01  1.0183E+00  4.7739E-02  1.4920E+00
  3.6768E-01 -1.3021E-01 -9.9921E-01  4.7306E-02  1.5334E+00
  9.3569E-02 -1.8495E-01  1.0524E+00  4.7306E-02  1.5334E+00
  9.7865E-01 -1.3529E-01  4.1773E-01  4.7306E-02  1.5334E+00
 -1.7424E-01 -2.2991E-02 -1.0581E+00  4.7306E-02  1.5334E+00
 -3.7952E-01 -9.3030E-03  1.0032E+00  4.7306E-02  1.5334E+00
  1.0195E+00  1.6746E-01  2.8820E-01  4.7306E-02  1.5334E+00
  6.5472E-02 -3.7699E-02 -1.0667E+00  4.6868E-02  1.5768E+00
 -3.2402E-01  6.2794E-02  1.0171E+00  4.6868E-02  1.5768E+00
  1.0534E+00 -1.6344E-01  8.4418E-02  4.6868E-02  1.5768E+00
  4.5690E-01 -3.7022E-02 -9.6611E-01  4.6868E-02  1.5768E+00
 -4.0387E-01  8.7884E-02 -9.8273E-01  4.6427E-02  1.6222E+00
  9.9949E-01 -1.3274E-01 -3.4641E-01  4.6427E-02  1.6222E+00
  9.1454E-01 -1.0722E-01  5.3733E-01  4.6427E-02  1.6222E+00
 -1.0998E-01  1.0440E-01  1.0553E+00  4.6427E-02  1.6222E+00
  3.3065E-01  7.5889E-02 -1.0107E+00  4.6427E-02  1.6222E+00
  9.9895E-02  1.5117E-01  1.0474E+00  4.5982E-02  1.6697E+00
 -2.3707E-01  1.4257E-01 -1.0263E+00  4.5982E-02  1.6697E+00
  1.0050E+00 -1.6207E-01  2.9500E-01  4.5533E-02  1.7196E+00
 -5.7064E-01  6.2165E-02 -8.9098E-01  4.5533E-02  1.7196E+00
 -4.2318E-01 -6.3560E-02  9.6965E-01  4.5533E-02  1.7196E+00
  1.0457E+00  1.4835E-01 -8.8646E-02  4.5533E-02  1.7196E+00
  8.8307E-01  9.4446E-02  5.7292E-01  4.5079E-02  1.7721E+00
 -9.2984E-01 -6.3872E-02  4.9827E-01  4.5079E-02  1.7721E+00
 -1.0467E+00 -1.4385E-01  2.7123E-02  4.5079E-02  1.7721E+00
 -4.6963E-01 -5.4345E-02 -9.4523E-01  4.5079E-02  1.7721E+00
 -9.0002E-01 -9.0119E-02  5.4664E-01  4.5079E-02  1.7721E+00
 -7.6023E-01  6.7026E-03 -7.3415E-01  4.5079E-02  1.7721E+00
  2.7030E-01  8.1373E-02  1.0185E+00  4.5079E-02  1.7721E+00
  1.0160E+00 -1.6050E-01  2.4290E-01  4.5079E-02  1.7721E+00
 -1.0536E+00 -1.3991E-02 -1.9887E-02  4.4620E-02  1.8273E+00
 -8.9409E-01  1.7238E-01 -5.3071E-01  4.4620E-02  1.8273E+00
  7.5998E-01 -1.4312E-01  7.1604E-01  4.4620E-02  1.8273E+00
 -1.0248E+00 -3.3271E-02  2.3120E-01  4.4156E-02  1.8855E+00
 -8.3579E-02 -1.5093E-01 -1.0368E+00  4.4156E-02  1.8855E+00
 -9.6939E-01 -1.2153E-01 -3.8763E-01  4.4156E-02  1.8855E+00
  8.8288E-01 -5.2292E-02  5.6792E-01  4.4156E-02  1.8855E+00
  4.3917E-01 -5.0338E-03  9.5184E-01  4.3687E-02  1.9469E+00
  1.0053E-01  1.2737E-01 -1.0356E+00  4.3687E-02  1.9469E+00
  5.0782E-01  1.0393E-01 -9.1116E-01  4.3687E-02  1.9469E+00
  9.8787E-01  1.1894E-01  3.2122E-01  4.3212E-02  2.0119E+00
 -5.7268E-01  9.5515E-03 -8.7473E-01  4.3212E-02  2.0119E+00
 -3.2033E-01  4.1674E-02 -9.9441E-01  4.3212E-02  2.0119E+00
 -8.8017E-01 -1.3638E-02 -5.6420E-01  4.3212E-02  2.0119E+00
 -9.4648E-01  9.5534E-02  4.2749E-01  4.2730E-02  2.0806E+00
  6.7699E-01 -1.4485E-01  7.8001E-01  4.2730E-02  2.0806E+00
 -9.9784E-01  2.1390E-02  3.0258E-01  4.2730E-02  2.0806E+00
 -5.9283E-01  1.6118E-01 -8.3961E-01  4.2242E-02  2.1536E+00
 -8.7897E-01 -1.0491E-03  5.5657E-01  4.2242E-02  2.1536E+00
 -6.9101E-01 -1.1761E-01 -7.6879E-01  4.2242E-02  2.1536E+00
 -3.9832E-01  7.4469E-02 -9.5550E-01  4.1747E-02  2.2312E+00
 -8.0431E-01 -4.8805E-02  6.5414E-01  4.1747E-02  2.2312E+00
 -6.0706E-01 -1.5383E-02 -8.4169E-01  4.1747E-02  2.2312E+00
  2.9882E-01 -7.8308E-02  9.9084E-01  4.1747E-02  2.2312E+00
  1.0318E+00  9.6774E-02  5.6635E-02  4.1747E-02  2.2312E+00
  1.0312E+00 -6.4914E-02  6.8073E-02  4.1244E-02  2.3138E+00
  1.0219E+00 -6.7406E-02  1.5292E-01  4.1244E-02  2.3138E+00
  2.9423E-01  1.7186E-01  9.7780E-01  4.1244E-02  2.3138E+00
 -1.0151E+00 -1.3505E-01 -1.5332E-01  4.1244E-02  2.3138E+00
 -1.0174E+00  1.1634E-01 -1.3681E-01  4.0733E-02  2.4020E+00
 -4.8560E-01 -3.2718E-02  9.1131E-01  4.0733E-02  2.4020E+00
  1.0281E+00  5.7947E-02  4.9029E-02  4.0213E-02  2.4964E+00
 -8.1945E-01 -5.7212E-03  6.2544E-01  4.0213E-02  2.4964E+00
  3.7764E-01  1.0514E-02  9.5916E-01  4.0213E-02  2.4964E+00
 -6.0617E-01  5.5620E-02  8.3197E-01  4.0213E-02  2.4964E+00
  4.9561E-01 -1.1302E-02  9.0137E-01  3.9683E-02  2.5977E+00
  1.9835E-01  1.3370E-01 -1.0005E+00  3.9683E-02  2.5977E+00
  2.2697E-01  1.1577E-02  1.0033E+00  3.9683E-02  2.5977E+00
 -9.8815E-01  1.6576E-01  2.2359E-01  3.9143E-02  2.7067E+00
 -8.4889E-01 -3.4095E-02 -5.7629E-01  3.9143E-02  2.7067E+00
  6.6694E-01 -7.2456E-02  7.7707E-01  3.9143E-02  2.7067E+00
 -3.3723E-01  1.4500E-02 -9.6738E-01  3.8592E-02  2.8243E+00
  1.0122E+00  1.8288E-02 -1.5746E-01  3.8592E-02  2.8243E+00
 -9.8126E-01 -3.0624E-02  2.8628E-01  3.8029E-02  2.9517E+00
  8.6528E-01 -1.2967E-01  5.2937E-01  3.8029E-02  2.9517E+00
 -4.9253E-01  1.6456E-01 -8.7880E-01  3.7452E-02  3.0900E+00
 -2.1898E-01 -2.5711E-02  9.9483E-01  3.6862E-02  3.2409E+00
  5.7965E-01  2.0960E-02 -8.3570E-01  3.6256E-02  3.4062E+00
 -2.1103E-01  3.5040E-02  9.9452E-01  3.6256E-02  3.4062E+00
  9.5743E-01  1.3225E-01  3.1725E-01  3.6256E-02  3.4062E+00
 -2.4343E-01  9.2231E-02  9.8339E-01  3.6256E-02  3.4062E+00
  7.4656E-01 -1.0642E-02 -6.9091E-01  3.6256E-02  3.4062E+00
  5.8297E-01  2.9663E-02 -8.3312E-01  3.6256E-02  3.4062E+00
  7.3150E-01 -3.3456E-02 -7.0377E-01  3.5633E-02  3.5880E+00
  5.8886E-01  3.8074E-02 -8.2662E-01  3.5633E-02  3.5880E+00
  9.9875E-01  1.7398E-01 -6.1157E-02  3.5633E-02  3.5880E+00
 -6.3801E-01 -1.7325E-01 -7.7099E-01  3.5633E-02  3.5880E+00
 -1.0024E+00 -3.9921E-02 -1.5831E-01  3.5633E-02  3.5880E+00
  3.2643E-01  2.8480E-02 -9.5968E-01  3.4991E-02  3.7890E+00
 -1.0046E+00  5.0805E-02  1.2871E-01  3.4991E-02  3.7890E+00
 -9.2601E-01  1.3352E-01 -3.8738E-01  3.4329E-02  4.0125E+00
 -6.2911E-01 -4.8960E-02 -7.9196E-01  3.4329E-02  4.0125E+00
 -1.8302E-01 -2.0995E-02  9.9571E-01  3.4329E-02  4.0125E+00
  3.4752E-01  1.1929E-01 -9.4360E-01  3.4329E-02  4.0125E+00
  4.4232E-01 -1.0224E-01 -9.0358E-01  3.3644E-02  4.2626E+00
  8.0137E-01 -3.5243E-02 -6.1574E-01  3.3644E-02  4.2626E+00
  3.9540E-01  1.9773E-03  9.3071E-01  3.3644E-02  4.2626E+00
 -3.0496E-01 -1.5316E-01  9.5050E-01  3.2934E-02  4.5444E+00
  6.7199E-01 -1.6508E-01  7.3560E-01  3.2934E-02  4.5444E+00
  3.0625E-01  1.5903E-01 -9.4913E-01  3.2934E-02  4.5444E+00
  8.6536E-01  7.5561E-03 -5.1820E-01  3.2195E-02  4.8645E+00
  7.7373E-01 -4.0398E-02 -6.4587E-01  3.2195E-02  4.8645E+00
  6.1723E-01 -2.5179E-02  7.9739E-01  3.2195E-02  4.8645E+00
 -2.3405E-01  1.4610E-01 -9.7021E-01  3.2195E-02  4.8645E+00
 -7.8221E-01 -8.8645E-02  6.3065E-01  3.2195E-02  4.8645E+00
  9.6972E-01 -2.3621E-03 -2.7764E-01  3.2195E-02  4.8645E+00
 -6.0042E-01 -4.3850E-02 -8.0933E-01  3.2195E-02  4.8645E+00
  1.0003E+00 -1.2825E-01 -1.7132E-02  3.2195E-02  4.8645E+00
 -9.8701E-01 -1.5593E-01 -1.3761E-01  3.2195E-02  4.8645E+00
 -9.9040E-01  1.7030E-01  7.2325E-02  3.1425E-02  5.2312E+00
  6.0155E-01  1.2875E-01  7.9792E-01  3.1425E-02  5.2312E+00
  1.1208E-01 -1.7635E-01 -9.8563E-01  3.1425E-02  5.2312E+00
  9.0901E-01 -1.5114E-01  4.0741E-01  3.1425E-02  5.2312E+00
  9.4248E-01 -1.7108E-01 -3.1240E-01  3.1425E-02  5.2312E+00
 -9.5945E-01  5.7992E-02  2.9844E-01  3.0618E-02  5.6557E+00
  2.3680E-01  9.4329E-02  9.7365E-01  3.0618E-02  5.6557E+00
  1.5218E-01 -1.2369E-03  9.9489E-01  3.0618E-02  5.6557E+00
  9.9307E-01  6.7518E-02 -1.4905E-01  3.0618E-02  5.6557E+00
 -4.4098E-01 -1.5840E-01 -8.9074E-01  3.0618E-02  5.6557E+00
  5.1105E-01  3.7692E-02  8.6625E-01  3.0618E-02  5.6557E+00
 -8.8654E-01  1.2457E-01  4.5988E-01  3.0618E-02  5.6557E+00
 -7.1985E-02  1.3149E-01  9.9524E-01  3.0618E-02  5.6557E+00
  9.6955E-01 -5.9450E-02 -2.6345E-01  3.0618E-02  5.6557E+00
 -6.5293E-01 -1.5900E-01  7.4924E-01  3.0618E-02  5.6557E+00
 -7.9393E-01  8.7387E-02 -6.1075E-01  2.9770E-02  6.1530E+00
 -8.6886E-01  8.7386E-03 -5.0596E-01  2.9770E-02  6.1530E+00
 -9.8515E-01  1.2370E-01 -1.5277E-01  2.8874E-02  6.7438E+00
  4.7235E-01 -1.0044E-01  8.8089E-01  2.8874E-02  6.7438E+00
  5.4101E-01 -1.1020E-01 -8.3924E-01  2.8874E-02  6.7438E+00
 -6.6248E-01  2.4469E-02  7.5478E-01  2.8874E-02  6.7438E+00
  7.7151E-02  9.4968E-02 -9.9709E-01  2.8874E-02  6.7438E+00
  8.1335E-01  5.2044E-02 -5.8730E-01  2.8874E-02  6.7438E+00
  7.7744E-01 -5.2686E-02 -6.3270E-01  2.7921E-02  7.4574E+00
 -2.0248E-02  8.8947E-02 -9.9959E-01  2.7921E-02  7.4574E+00
 -8.2708E-01  1.0668E-01  5.5730E-01  2.6903E-02  8.3369E+00
 -5.3945E-01 -7.1930E-02 -8.4174E-01  2.5804E-02  9.4481E+00
  9.7532E-01 -1.5823E-01 -1.6856E-01  2.5804E-02  9.4481E+00
  8.3252E-01  1.1134E-01 -5.4700E-01  2.5804E-02  9.4481E+00
  1.9319E-02 -1.1374E-01  9.9568E-01  2.5804E-02  9.4481E+00
 -8.3852E-01  1.3059E-01 -5.3232E-01  2.4606E-02  1.0897E+01
 -1.6400E-01  5.7075E-02  9.8660E-01  2.4606E-02  1.0897E+01
  3.4024E-01 -5.5796E-03 -9.4220E-01  2.4606E-02  1.0897E+01
 -2.3920E-01  1.1239E-01  9.6576E-01  2.3280E-02  1.2866E+01
 -7.8827E-01  1.7795E-01  5.9119E-01  2.3280E-02  1.2866E+01
  3.9703E-01 -1.6821E-01  9.0366E-01  2.3280E-02  1.2866E+01
  9.6453E-01  9.9430E-02 -2.4969E-01  2.3280E-02  1.2866E+01
  7.5838E-01 -1.0104E-01 -6.4526E-01  2.1787E-02  1.5696E+01
  6.4961E-01 -9.9429E-02 -7.5487E-01  2.1787E-02  1.5696E+01
  8.8787E-01 -5.2945E-02  4.5890E-01  2.1787E-02  1.5696E+01
 -7.1076E-01 -6.4842E-02  7.0166E-01  2.1787E-02  1.5696E+01
  3.5532E-01  1.3934E-01  9.2522E-01  2.1787E-02  1.5696E+01
  1.1522E-01  9.8098E-03 -9.9415E-01  2.1787E-02  1.5696E+01
 -1.1488E-01  1.6755E-01 -9.8002E-01  2.1787E-02  1.5696E+01
 -3.4095E-01 -3.0198E-02  9.4050E-01  2.1787E-02  1.5696E+01
  2.0604E-01  1.2987E-01  9.7077E-01  2.1787E-02  1.5696E+01
 -9.4865E-01 -1.2658E-01  2.9167E-01  2.0058E-02  2.0115E+01
 -9.8651E-01 -7.1678E-02  1.5067E-01  2.0058E-02  2.0115E+01
  3.7496E-01 -5.4906E-03 -9.2759E-01  2.0058E-02  2.0115E+01
 -8.7769E-01  1.0625E-01 -4.6842E-01  2.0058E-02  2.0115E+01
  9.6738E-01 -3.0199E-02 -2.5259E-01  1.7969E-02  2.7981E+01
  8.0860E-01 -3.7944E-02  5.8759E-01  1.7969E-02  2.7981E+01
 -4.4877E-01  1.1070E-01  8.8707E-01  1.7969E-02  2.7981E+01
  7.2000E-01  1.3941E-01  6.8022E-01  1.7969E-02  2.7981E+01
