0.26660571428571D+01       624
(x,y,z) position of the X-ray source
  0.8672E+00  0.8255E-01  0.1575E+01
x | y | z | R | rho
 -3.9088E-01 -1.7450E-01  4.3167E+00  1.8004E-01  2.7817E-02
  1.1400E+00 -4.6074E-02  3.3044E+00  1.5398E-01  4.4464E-02
 -1.0528E+00  5.8799E-02  4.8039E+00  1.9690E-01  2.1266E-02
  1.7316E-01 -2.1657E-02  3.1702E+00  1.4342E-01  5.5029E-02
  1.2445E-01 -1.1628E-01  4.1418E+00  1.7426E-01  3.0674E-02
 -2.0095E+00  1.6521E-01  5.6601E+00  2.2672E-01  1.3930E-02
 -3.1638E-01 -1.2484E-01  4.8598E+00  1.9557E-01  2.1701E-02
  1.7606E+00 -7.8777E-02  7.0649E+00  2.5918E-01  9.3239E-03
  1.5064E+00 -5.9932E-02  3.6459E+00  1.6815E-01  3.4141E-02
  4.2088E-01  8.2678E-02  3.3633E+00  1.5056E-01  4.7565E-02
  1.2527E+00 -1.3385E-01  6.5875E+00  2.4480E-01  1.1065E-02
  1.4177E+00 -3.5848E-02  4.4363E+00  1.8942E-01  2.3886E-02
  1.8700E+00 -1.8120E-02  2.9542E+00  1.5400E-01  4.4449E-02
  8.6482E-02  1.7992E-01  2.4157E+00  1.1677E-01  1.0195E-01
 -1.6243E+00 -1.6272E-01  4.2584E+00  1.8660E-01  2.4984E-02
  4.0498E-01 -3.3670E-01  7.5261E+00  2.6563E-01  8.6608E-03
 -3.0189E-01  1.8958E-01  5.0948E+00  2.0223E-01  1.9629E-02
  1.2154E+00 -1.5875E-01  4.4920E+00  1.8938E-01  2.3899E-02
  4.6972E-02  1.3738E-01  7.2510E+00  2.5846E-01  9.4016E-03
 -1.9166E+00  2.2552E-02  6.3244E+00  2.4229E-01  1.1412E-02
  2.0739E-01 -1.8711E-01  3.6342E+00  1.5876E-01  4.0571E-02
 -4.0052E-01 -9.5844E-02  3.0363E+00  1.3966E-01  5.9586E-02
 -1.1762E+00 -2.2607E-01  6.7107E+00  2.4758E-01  1.0696E-02
  1.5722E+00  1.0413E-01  1.8358E+00  1.1659E-01  1.0242E-01
 -1.1301E+00 -7.4384E-02  2.2028E+00  1.1876E-01  9.6918E-02
  1.0675E+00 -1.9679E-01  2.6976E+00  1.3428E-01  6.7039E-02
  2.7534E-01  4.3556E-02  5.4475E+00  2.1184E-01  1.7076E-02
 -1.2658E+00 -2.2903E-01  6.5092E+00  2.4297E-01  1.1317E-02
 -6.7769E-01  9.8474E-02  6.5961E+00  2.4288E-01  1.1330E-02
 -6.9837E-01 -1.6809E-02  2.6760E+00  1.2928E-01  7.5125E-02
 -1.7404E+00  7.7054E-02  2.8042E+00  1.4762E-01  5.0459E-02
 -1.3097E-01 -2.8425E-01  9.8460E+00  3.1920E-01  4.9915E-03
  1.6420E+00 -3.7316E-02  1.7160E+00  1.1492E-01  1.0695E-01
 -7.6689E-01 -9.2115E-02  2.7682E+00  1.3310E-01  6.8843E-02
  5.5855E-01  5.4560E-02  2.2619E+00  1.1321E-01  1.1189E-01
  1.8532E+00  1.6305E-01  1.3347E+00  1.1163E-01  1.1670E-01
 -1.6299E-01  1.0891E-01  3.4290E+00  1.5199E-01  4.6231E-02
 -1.5352E+00  3.4081E-01  7.6814E+00  2.7280E-01  7.9959E-03
 -7.0570E-01 -1.8317E-01  5.8087E+00  2.2263E-01  1.4712E-02
 -6.7181E-02 -2.0415E-03  3.1276E+00  1.4185E-01  5.6879E-02
  1.3853E+00 -2.6945E-02 -1.8603E+00  1.1279E-01  1.1314E-01
  4.9752E-01 -1.5431E-01  2.8942E+00  1.3543E-01  6.5357E-02
 -9.7853E-01  2.6927E-03  6.9863E+00  2.5355E-01  9.9589E-03
  4.7165E-01 -9.8749E-02  5.2412E+00  2.0657E-01  1.8416E-02
 -1.4694E+00  1.8044E-01  2.0522E+00  1.2075E-01  9.2204E-02
  1.7081E+00  1.7429E-01  2.2870E+00  1.3261E-01  6.9616E-02
  9.0980E-02  2.0788E-01  4.9252E+00  1.9724E-01  2.1155E-02
  1.5786E+00 -1.2570E-01  4.2262E+00  1.8522E-01  2.5549E-02
 -3.1562E-01 -7.2802E-02  4.1093E+00  1.7356E-01  3.1050E-02
  6.4599E-01  8.6785E-02  2.9650E+00  1.3870E-01  6.0839E-02
 -1.2163E+00 -1.0463E-01  2.0183E+00  1.1429E-01  1.0873E-01
 -8.4732E-01 -1.4965E-01  2.4892E+00  1.2454E-01  8.4046E-02
 -9.6281E-01 -1.5996E-03  2.2718E+00  1.1840E-01  9.7793E-02
  2.6112E-01 -2.2468E-01  4.1473E+00  1.7476E-01  3.0416E-02
 -1.0642E+00 -2.2705E-01  3.8324E+00  1.6934E-01  3.3427E-02
  1.8320E+00 -5.7258E-02 -1.3938E+00  1.1213E-01  1.1513E-01
  3.7370E-01  1.9584E-01  6.3782E+00  2.3674E-01  1.2235E-02
  5.2216E-01 -1.2745E-01  6.1574E+00  2.3125E-01  1.3127E-02
  1.9193E+00  6.2049E-02  2.0223E+00  1.3010E-01  7.3718E-02
  1.7514E+00 -3.7777E-02  2.7958E+00  1.4756E-01  5.0527E-02
 -6.2072E-01 -1.4768E-01  2.5068E+00  1.2282E-01  8.7610E-02
  1.2151E+00 -4.2361E-02  2.9077E+00  1.4263E-01  5.5944E-02
  8.6641E-01  1.2555E-01  2.6768E+00  1.3108E-01  7.2082E-02
  1.4869E+00 -3.0065E-01  7.8977E+00  2.7762E-01  7.5867E-03
  2.4472E-01  2.3137E-01  5.2968E+00  2.0780E-01  1.8092E-02
  6.5703E-01  3.5635E-01  9.0801E+00  3.0253E-01  5.8624E-03
  3.7779E-01  1.5824E-01  4.9835E+00  1.9922E-01  2.0531E-02
  1.7274E+00  2.5931E-01  3.5792E+00  1.6931E-01  3.3449E-02
 -9.8234E-03  2.0280E-01  3.3765E+00  1.5030E-01  4.7812E-02
 -1.5222E+00  2.4021E-01  9.6215E+00  3.1682E-01  5.1048E-03
  9.8919E-01  2.2092E-01  4.9664E+00  2.0115E-01  1.9946E-02
 -1.4332E+00  1.9725E-01  2.4580E+00  1.3234E-01  7.0041E-02
  2.1883E-02  3.7842E-01  8.9406E+00  2.9882E-01  6.0836E-03
  1.0074E+00 -1.7802E-01  4.1138E+00  1.7709E-01  2.9229E-02
 -1.0024E+00 -1.7875E-01  3.4828E+00  1.5824E-01  4.0971E-02
 -1.4922E-02 -2.8095E-01  8.0738E+00  2.7849E-01  7.5156E-03
 -1.8551E+00 -8.6239E-02  2.7345E+00  1.4776E-01  5.0316E-02
  1.3329E+00  1.9846E-01  1.9192E+00  1.1377E-01  1.1024E-01
  2.4386E-01  3.7976E-02  3.8835E+00  1.6649E-01  3.5176E-02
  1.6464E+00  9.7133E-02 -1.7166E+00  1.1512E-01  1.0639E-01
  1.2393E+00 -2.7794E-01  4.8256E+00  1.9893E-01  2.0621E-02
 -1.7775E+00  8.1814E-02  1.5182E+00  1.1354E-01  1.1092E-01
  9.6323E-01  8.8449E-02  2.6952E+00  1.3274E-01  6.9409E-02
  1.9153E-01 -2.7076E-01  5.3758E+00  2.0996E-01  1.7540E-02
  1.4140E+00 -2.8671E-02  9.0602E+00  3.0388E-01  5.7849E-03
  1.9236E+00  1.3927E-01  2.5663E+00  1.4460E-01  5.3694E-02
  1.6228E+00 -1.3088E-01 -1.6419E+00  1.1250E-01  1.1400E-01
  2.0562E+00 -2.6841E-01  9.6810E+00  3.2030E-01  4.9402E-03
 -1.0842E+00  6.7032E-02  2.6797E+00  1.3371E-01  6.7901E-02
 -1.6269E+00 -2.3776E-01  3.2594E+00  1.5894E-01  4.0433E-02
 -2.5053E-01  2.2863E-01  3.4410E+00  1.5275E-01  4.5551E-02
  1.8410E+00 -1.1381E-02 -1.9315E+00  1.2579E-01  8.1557E-02
  1.5400E+00 -1.5660E-01  1.9500E+00  1.1924E-01  9.5762E-02
 -2.4440E-01 -7.6948E-02  2.9277E+00  1.3536E-01  6.5449E-02
  1.6893E-01 -1.4448E-01  2.5744E+00  1.2272E-01  8.7831E-02
 -5.0455E-01  2.7795E-01  5.4791E+00  2.1333E-01  1.6720E-02
 -1.9219E+00  1.2305E-01  8.3788E+00  2.9070E-01  6.6081E-03
  1.9144E+00  5.9460E-02  3.3880E+00  1.6651E-01  3.5164E-02
  1.8694E+00 -1.8140E-02  4.1686E+00  1.8684E-01  2.4890E-02
  1.8343E+00 -1.0060E-01  6.2596E+00  2.4012E-01  1.1725E-02
  1.9576E+00  6.4477E-02  3.7266E+00  1.7621E-01  2.9667E-02
  2.9807E-01 -1.6139E-01  9.6158E+00  3.1408E-01  5.2393E-03
 -1.2402E+00 -5.7876E-02  2.2653E+00  1.2269E-01  8.7891E-02
 -6.7924E-01 -2.9727E-01  7.4484E+00  2.6418E-01  8.8040E-03
  1.9753E-01  6.1163E-02  3.6903E+00  1.6038E-01  3.9351E-02
 -9.9573E-01 -8.0789E-02  3.8206E+00  1.6827E-01  3.4070E-02
  2.0060E+00 -2.6599E-03  5.7775E+00  2.2954E-01  1.3422E-02
  6.7814E-01  2.7057E-01  4.2721E+00  1.7992E-01  2.7870E-02
 -9.4219E-01  1.5304E-01  2.7181E+00  1.3334E-01  6.8470E-02
 -1.5453E+00 -4.6172E-02  3.8120E+00  1.7330E-01  3.1189E-02
 -1.9041E+00 -6.1785E-02  5.6191E+00  2.2473E-01  1.4304E-02
  1.5165E+00 -6.3020E-02  2.4672E+00  1.3390E-01  6.7624E-02
  1.9515E+00  1.0789E-01  4.5823E+00  1.9869E-01  2.0694E-02
  8.1543E-01 -1.4282E-01  5.0741E+00  2.0318E-01  1.9355E-02
 -1.8044E+00  1.9850E-01 -1.5526E+00  1.1543E-01  1.0554E-01
 -1.3123E+00  9.5596E-02  5.5414E+00  2.1837E-01  1.5589E-02
 -1.5192E+00  1.7308E-01  1.9549E+00  1.1894E-01  9.6468E-02
 -6.0441E-01 -7.7592E-02  2.9093E+00  1.3652E-01  6.3794E-02
 -1.4222E+00 -2.6902E-02 -1.9081E+00  1.1510E-01  1.0645E-01
 -1.2013E+00 -2.0631E-01  2.7565E+00  1.3795E-01  6.1833E-02
  1.2423E-01  9.2021E-02  3.3936E+00  1.5077E-01  4.7364E-02
 -1.8916E+00 -1.8153E-01  2.8605E+00  1.5198E-01  4.6243E-02
 -1.5835E-01 -1.7118E-01  3.5655E+00  1.5646E-01  4.2380E-02
 -6.7423E-01 -1.5889E-01  2.4068E+00  1.1979E-01  9.4445E-02
 -1.0535E+00 -1.5021E-02  3.7457E+00  1.6648E-01  3.5182E-02
 -1.8604E+00  6.2060E-02  1.8040E+00  1.2302E-01  8.7192E-02
  1.2217E+00  1.2022E-01  3.6945E+00  1.6654E-01  3.5142E-02
 -1.4845E-02  1.0811E-01  2.4039E+00  1.1611E-01  1.0371E-01
 -1.7755E+00 -2.8044E-02  2.7736E+00  1.4736E-01  5.0731E-02
  1.7029E+00 -9.8863E-02 -1.6199E+00  1.1405E-01  1.0943E-01
  1.1299E-01 -1.4700E-01  4.3809E+00  1.8143E-01  2.7181E-02
  1.9013E-01  2.7883E-01  4.5582E+00  1.8690E-01  2.4866E-02
 -1.1074E+00  1.5494E-02  2.7140E+00  1.3510E-01  6.5831E-02
 -8.3057E-01  6.7101E-03  9.3426E+00  3.0863E-01  5.5217E-03
 -1.2513E+00 -1.0666E-01 -1.9087E+00  1.1144E-01  1.1729E-01
 -1.5652E+00  1.1692E-01 -1.6604E+00  1.1144E-01  1.1729E-01
 -8.2904E-02  3.7814E-03  2.2833E+00  1.1144E-01  1.1729E-01
  1.0039E+00 -1.4126E-02  2.0310E+00  1.1070E-01  1.1968E-01
  1.8363E+00 -6.8771E-03  1.3271E+00  1.1070E-01  1.1968E-01
 -6.2476E-01  1.0079E-01  2.1555E+00  1.0995E-01  1.2214E-01
  1.5224E+00  9.4546E-02 -1.6362E+00  1.0957E-01  1.2339E-01
  1.4301E+00  1.5282E-01  1.7133E+00  1.0957E-01  1.2339E-01
  6.7086E-02 -1.0476E-03  2.2264E+00  1.0920E-01  1.2466E-01
  1.1157E+00 -3.2259E-02  1.9166E+00  1.0882E-01  1.2596E-01
 -3.3543E-01  5.7625E-02  2.1821E+00  1.0845E-01  1.2727E-01
 -1.5373E+00  7.4103E-02 -1.5573E+00  1.0770E-01  1.2994E-01
  1.8313E-01  5.6793E-02  2.1716E+00  1.0733E-01  1.3131E-01
  1.6923E+00 -6.1353E-02  1.3277E+00  1.0620E-01  1.3553E-01
 -1.6647E+00 -1.7846E-01 -1.3518E+00  1.0620E-01  1.3553E-01
  1.6810E+00 -1.5783E-01  1.3190E+00  1.0582E-01  1.3698E-01
 -9.3594E-01  3.8069E-02 -1.9061E+00  1.0507E-01  1.3994E-01
  1.7483E+00 -1.9807E-01  1.1894E+00  1.0507E-01  1.3994E-01
  4.4911E-01  1.3391E-01  2.0428E+00  1.0394E-01  1.4454E-01
 -1.7996E+00  1.2513E-01 -1.0671E+00  1.0394E-01  1.4454E-01
  1.0524E+00  9.4427E-02 -1.8101E+00  1.0394E-01  1.4454E-01
  1.1221E+00  1.2457E-01 -1.7548E+00  1.0357E-01  1.4613E-01
  1.6110E+00  1.4921E-01  1.3031E+00  1.0319E-01  1.4773E-01
 -1.1810E+00  7.1428E-02  1.6964E+00  1.0281E-01  1.4936E-01
  1.5639E+00 -1.5219E-01  1.3448E+00  1.0281E-01  1.4936E-01
  1.5426E+00 -1.6744E-01 -1.3674E+00  1.0281E-01  1.4936E-01
 -1.8088E+00 -2.0124E-02 -9.8354E-01  1.0244E-01  1.5102E-01
 -1.8930E+00  3.0562E-02 -7.8562E-01  1.0206E-01  1.5269E-01
 -4.2445E-01  1.8952E-01  1.9870E+00  1.0168E-01  1.5440E-01
  9.2583E-02  4.5263E-02  2.0289E+00  1.0131E-01  1.5613E-01
  1.5065E+00 -1.2529E-01 -1.3435E+00  1.0093E-01  1.5789E-01
  7.4421E-01  9.1550E-02  1.8782E+00  1.0093E-01  1.5789E-01
 -1.7055E+00  1.0555E-01  1.0818E+00  1.0093E-01  1.5789E-01
 -1.4934E+00  6.4858E-03  1.3366E+00  1.0017E-01  1.6148E-01
  9.9089E-01 -2.2536E-02 -1.7420E+00  1.0017E-01  1.6148E-01
  1.8558E+00 -1.8246E-01  6.8354E-01  9.9419E-02  1.6519E-01
  1.0858E+00 -6.5297E-02  1.6401E+00  9.8663E-02  1.6902E-01
  1.7305E+00  1.4450E-01 -9.2611E-01  9.8663E-02  1.6902E-01
 -1.4846E+00 -1.4679E-01 -1.2420E+00  9.7529E-02  1.7499E-01
 -1.6251E+00  7.5810E-02  1.0591E+00  9.7529E-02  1.7499E-01
  1.5050E+00 -8.6920E-02 -1.2087E+00  9.7150E-02  1.7704E-01
  7.5441E-01 -1.5285E-01  1.7723E+00  9.7150E-02  1.7704E-01
  5.0453E-01 -1.5985E-01 -1.8491E+00  9.6772E-02  1.7912E-01
 -1.7484E+00 -1.7091E-01  7.8314E-01  9.6772E-02  1.7912E-01
  7.9374E-01  9.1191E-02  1.7398E+00  9.6393E-02  1.8124E-01
  1.8997E+00  1.8779E-01 -1.4625E-01  9.6393E-02  1.8124E-01
 -1.2216E+00 -1.7009E-01 -1.4527E+00  9.6015E-02  1.8340E-01
 -1.5086E+00 -7.8057E-02 -1.1618E+00  9.6015E-02  1.8340E-01
  4.0844E-01 -8.6814E-02  1.8594E+00  9.6015E-02  1.8340E-01
  1.7588E+00  4.2224E-03  7.1028E-01  9.5636E-02  1.8558E-01
  1.8835E+00 -9.0363E-02  2.0534E-01  9.5636E-02  1.8558E-01
  1.8774E+00 -1.4026E-01 -2.3171E-01  9.5636E-02  1.8558E-01
 -7.2051E-01  1.4033E-03 -1.7547E+00  9.5636E-02  1.8558E-01
 -8.6528E-01  8.8663E-02  1.6758E+00  9.5257E-02  1.8781E-01
  9.2909E-01 -4.8141E-02  1.6429E+00  9.5257E-02  1.8781E-01
  1.7947E+00 -4.3266E-02 -5.5580E-01  9.4878E-02  1.9007E-01
  4.3684E-01  1.6037E-01  1.8207E+00  9.4878E-02  1.9007E-01
 -1.8432E+00  9.7211E-02  3.5342E-01  9.4878E-02  1.9007E-01
  1.6292E+00  7.2446E-02  8.9813E-01  9.4120E-02  1.9470E-01
 -1.1206E+00  5.1793E-02  1.4859E+00  9.4120E-02  1.9470E-01
  1.1623E-01 -1.5927E-01  1.8513E+00  9.4120E-02  1.9470E-01
 -1.1141E+00 -1.6185E-01  1.4828E+00  9.4120E-02  1.9470E-01
 -1.0935E+00  1.8114E-01 -1.4850E+00  9.3741E-02  1.9707E-01
 -1.4005E+00 -4.7635E-02 -1.1992E+00  9.3361E-02  1.9948E-01
 -1.2727E+00  1.3462E-01  1.3281E+00  9.3361E-02  1.9948E-01
 -1.5903E+00  4.3985E-02  8.9842E-01  9.2603E-02  2.0443E-01
 -1.3278E+00 -2.0829E-02 -1.2424E+00  9.2223E-02  2.0696E-01
  2.9741E-01 -1.0797E-01  1.7907E+00  9.2223E-02  2.0696E-01
  1.8130E+00 -1.4005E-01 -9.6842E-03  9.2223E-02  2.0696E-01
  1.6271E+00 -1.2318E-01  7.8294E-01  9.1844E-02  2.0954E-01
  5.7459E-01 -4.6425E-02 -1.7066E+00  9.1464E-02  2.1216E-01
  1.7852E+00  7.7196E-02 -1.4617E-01  9.1084E-02  2.1482E-01
  9.4699E-01  3.1106E-03 -1.5223E+00  9.1084E-02  2.1482E-01
 -1.2308E-01 -1.6409E-01  1.7554E+00  8.9945E-02  2.2309E-01
 -1.4345E+00  1.7504E-01 -1.0027E+00  8.9565E-02  2.2594E-01
 -1.5173E+00  3.4027E-02  8.8908E-01  8.9565E-02  2.2594E-01
 -1.6070E+00  1.8055E-01  6.9181E-01  8.9565E-02  2.2594E-01
  4.8702E-01  1.9244E-02 -1.6813E+00  8.9185E-02  2.2884E-01
  1.1132E+00  1.6522E-01  1.3408E+00  8.9185E-02  2.2884E-01
 -1.5118E-01  5.7399E-02 -1.7430E+00  8.9185E-02  2.2884E-01
 -8.9629E-01  8.4195E-02  1.4915E+00  8.8805E-02  2.3179E-01
 -2.6476E-01 -1.1825E-01 -1.7178E+00  8.8805E-02  2.3179E-01
  1.3061E+00  8.3275E-02  1.1371E+00  8.8425E-02  2.3479E-01
 -1.8081E-01 -1.1521E-01 -1.7205E+00  8.8425E-02  2.3479E-01
  1.1095E+00 -4.2256E-04 -1.3323E+00  8.8425E-02  2.3479E-01
 -2.9876E-01 -1.8289E-01  1.6895E+00  8.8044E-02  2.3785E-01
 -1.6591E+00  1.4557E-01  4.5105E-01  8.8044E-02  2.3785E-01
  1.6298E+00 -1.8233E-01  5.3635E-01  8.8044E-02  2.3785E-01
  1.7176E+00  6.2655E-03 -1.6450E-01  8.8044E-02  2.3785E-01
  2.2861E-01 -1.5899E-01  1.6944E+00  8.7664E-02  2.4095E-01
  6.5549E-01 -1.3437E-01 -1.5814E+00  8.7664E-02  2.4095E-01
  1.3978E+00  8.0640E-03  9.8304E-01  8.7284E-02  2.4412E-01
  4.1186E-01  8.6911E-02 -1.6562E+00  8.7284E-02  2.4412E-01
  1.6305E+00  1.8193E-01  4.4789E-01  8.6904E-02  2.4734E-01
  1.2803E+00  6.2713E-02  1.1051E+00  8.6524E-02  2.5061E-01
 -1.1704E-01 -1.5463E-01  1.6730E+00  8.6143E-02  2.5395E-01
 -5.8053E-01  6.1159E-02  1.5711E+00  8.5763E-02  2.5734E-01
  1.3275E+00 -1.4833E-01  9.8532E-01  8.5002E-02  2.6431E-01
 -9.4795E-01  1.6792E-01  1.3522E+00  8.5002E-02  2.6431E-01
  9.5937E-01  1.4224E-01 -1.3470E+00  8.5002E-02  2.6431E-01
  1.5585E+00 -1.5384E-01 -5.2522E-01  8.4622E-02  2.6789E-01
 -1.0456E-02 -1.4233E-01 -1.6456E+00  8.4622E-02  2.6789E-01
  1.2760E+00 -1.6101E-01 -1.0236E+00  8.4241E-02  2.7154E-01
 -1.0790E-02  1.1049E-01  1.6400E+00  8.4241E-02  2.7154E-01
  3.5160E-01 -4.2828E-02 -1.6051E+00  8.4241E-02  2.7154E-01
  3.0471E-01  1.1817E-01 -1.6109E+00  8.4241E-02  2.7154E-01
 -1.5705E+00 -1.1785E-02  4.5713E-01  8.3861E-02  2.7525E-01
  1.4498E+00  7.4511E-04 -7.5750E-01  8.3861E-02  2.7525E-01
  9.9041E-01  5.3503E-02  1.3007E+00  8.3861E-02  2.7525E-01
  1.6191E-01  4.2046E-02  1.6192E+00  8.3480E-02  2.7903E-01
  9.7431E-01  4.0686E-02 -1.3033E+00  8.3480E-02  2.7903E-01
  1.4872E+00 -3.3899E-02 -6.6087E-01  8.3480E-02  2.7903E-01
 -3.3742E-01 -3.8174E-02  1.5838E+00  8.3100E-02  2.8288E-01
 -1.2228E+00  8.6828E-02  1.0467E+00  8.2719E-02  2.8681E-01
 -1.2287E+00  1.1236E-01 -1.0250E+00  8.2338E-02  2.9080E-01
 -1.2006E+00  4.6689E-02 -1.0627E+00  8.2338E-02  2.9080E-01
  4.6494E-01 -3.1046E-03 -1.5352E+00  8.2338E-02  2.9080E-01
 -1.2957E+00 -3.2116E-02  9.3160E-01  8.1958E-02  2.9487E-01
  9.5875E-01  1.3047E-01 -1.2596E+00  8.1577E-02  2.9902E-01
 -1.0501E+00  3.3805E-02 -1.1912E+00  8.1577E-02  2.9902E-01
 -2.0977E-01  7.8776E-02  1.5725E+00  8.1577E-02  2.9902E-01
 -1.4591E+00  1.0728E-01 -6.1840E-01  8.1577E-02  2.9902E-01
  1.3263E+00  1.5209E-01  8.4624E-01  8.1197E-02  3.0324E-01
 -8.2555E-01 -5.8250E-02  1.3375E+00  8.0816E-02  3.0755E-01
  1.2220E+00 -1.8471E-01 -9.7278E-01  8.0816E-02  3.0755E-01
  1.3577E+00  1.6036E-02  7.9385E-01  8.0816E-02  3.0755E-01
  1.5503E+00 -1.1942E-01 -1.7829E-01  8.0435E-02  3.1193E-01
  1.5498E+00  1.3329E-01  1.7271E-01  8.0435E-02  3.1193E-01
 -5.0878E-01  9.8210E-02 -1.4768E+00  8.0435E-02  3.1193E-01
  1.1348E+00 -1.4729E-01  1.0565E+00  8.0055E-02  3.1640E-01
  6.7168E-01  1.3550E-01 -1.3986E+00  8.0055E-02  3.1640E-01
 -1.3660E+00  4.5757E-03  7.3210E-01  7.9674E-02  3.2096E-01
 -5.1617E-01 -1.5542E-01  1.4530E+00  7.9674E-02  3.2096E-01
 -1.0880E+00 -5.1405E-02  1.0917E+00  7.9293E-02  3.2561E-01
 -3.3612E-01 -7.2381E-02 -1.5033E+00  7.9293E-02  3.2561E-01
  1.2269E+00 -9.8581E-02 -9.1644E-01  7.8913E-02  3.3034E-01
  5.8059E-01 -2.1120E-02 -1.4204E+00  7.8913E-02  3.3034E-01
 -1.5109E+00 -1.5783E-01 -2.1743E-01  7.8913E-02  3.3034E-01
 -1.3931E+00 -7.6822E-03  6.2543E-01  7.8532E-02  3.3517E-01
 -9.8320E-01  1.6416E-01 -1.1568E+00  7.8532E-02  3.3517E-01
 -4.9430E-01 -1.5866E-01 -1.4281E+00  7.8152E-02  3.4009E-01
 -5.8519E-01  1.9279E-02 -1.4022E+00  7.8152E-02  3.4009E-01
  1.3297E+00  1.4274E-01  7.0561E-01  7.7771E-02  3.4511E-01
  1.1791E+00  4.7984E-02 -9.4540E-01  7.7771E-02  3.4511E-01
  4.9380E-02  2.2303E-02  1.5111E+00  7.7771E-02  3.4511E-01
  6.2931E-01 -1.5680E-01 -1.3576E+00  7.7390E-02  3.5022E-01
  3.6966E-01 -1.3305E-01 -1.4524E+00  7.7390E-02  3.5022E-01
 -7.0522E-02 -4.4482E-02  1.5023E+00  7.7390E-02  3.5022E-01
 -1.4920E+00  4.2420E-02  1.1674E-01  7.7010E-02  3.5544E-01
 -1.1111E+00 -9.3279E-02  9.9922E-01  7.7010E-02  3.5544E-01
  1.3344E+00 -2.5243E-02  6.6213E-01  7.6629E-02  3.6076E-01
 -1.3401E+00 -8.7286E-02 -6.4501E-01  7.6629E-02  3.6076E-01
 -1.3217E-01  7.6714E-02 -1.4820E+00  7.6629E-02  3.6076E-01
  1.2740E+00 -1.4717E-03  7.5802E-01  7.6248E-02  3.6619E-01
  7.3036E-01 -7.3260E-02  1.2880E+00  7.6248E-02  3.6619E-01
  7.4076E-01 -6.2242E-02 -1.2742E+00  7.5868E-02  3.7173E-01
  9.7364E-01  1.7975E-01  1.0838E+00  7.5487E-02  3.7739E-01
  1.4278E+00 -1.6709E-01  2.9703E-01  7.5487E-02  3.7739E-01
  1.4407E-01  6.6750E-02 -1.4593E+00  7.5487E-02  3.7739E-01
  4.3388E-01  5.0933E-02  1.4014E+00  7.5487E-02  3.7739E-01
 -1.4265E+00  1.7612E-01  2.6047E-01  7.5106E-02  3.8315E-01
  1.2580E+00 -1.5666E-01  7.2562E-01  7.5106E-02  3.8315E-01
 -5.4466E-01 -1.1735E-01 -1.3425E+00  7.4726E-02  3.8904E-01
 -3.7810E-01 -1.7235E-01 -1.3929E+00  7.4726E-02  3.8904E-01
  6.2046E-01 -1.5428E-01  1.3054E+00  7.4726E-02  3.8904E-01
 -8.6282E-01  6.6899E-02 -1.1590E+00  7.4345E-02  3.9504E-01
 -3.1497E-02 -5.9923E-02  1.4448E+00  7.4345E-02  3.9504E-01
  1.1162E+00 -1.5410E-02 -9.1972E-01  7.4345E-02  3.9504E-01
  1.3665E+00  1.5731E-01  4.4726E-01  7.4345E-02  3.9504E-01
 -4.7513E-01  5.4947E-02 -1.3575E+00  7.3965E-02  4.0117E-01
 -1.1230E+00 -1.5288E-01  8.8721E-01  7.3965E-02  4.0117E-01
  8.0173E-01 -3.0922E-02  1.1949E+00  7.3965E-02  4.0117E-01
  3.5244E-01 -5.3086E-02  1.3945E+00  7.3965E-02  4.0117E-01
  1.3361E+00 -5.8828E-03 -5.1600E-01  7.3584E-02  4.0743E-01
 -7.1119E-01  3.0198E-02  1.2428E+00  7.3584E-02  4.0743E-01
 -1.4168E+00  1.5358E-01 -1.9026E-02  7.3203E-02  4.1382E-01
 -6.4039E-01  7.0986E-02  1.2634E+00  7.2822E-02  4.2035E-01
  1.3416E+00  1.1081E-01 -4.4647E-01  7.2822E-02  4.2035E-01
  5.4613E-01  2.0245E-02 -1.3012E+00  7.2442E-02  4.2701E-01
  1.3978E+00  1.7972E-01  7.4536E-02  7.2442E-02  4.2701E-01
 -1.3341E+00  1.0116E-01 -4.2683E-01  7.2061E-02  4.3381E-01
 -1.3964E+00 -4.4470E-02 -3.4036E-02  7.1680E-02  4.4076E-01
  5.7797E-01 -8.1775E-02  1.2698E+00  7.1680E-02  4.4076E-01
  1.3157E-01 -9.1821E-02 -1.3814E+00  7.1300E-02  4.4786E-01
  1.2710E+00  3.6563E-02 -5.6337E-01  7.1300E-02  4.4786E-01
  1.1621E+00  3.3818E-02 -7.6325E-01  7.1300E-02  4.4786E-01
 -1.2058E+00 -6.0389E-02  6.6273E-01  7.0538E-02  4.6253E-01
  6.4389E-01 -1.2624E-01 -1.2109E+00  7.0538E-02  4.6253E-01
  1.7249E-01  2.8161E-02 -1.3661E+00  7.0538E-02  4.6253E-01
 -1.1169E+00 -7.7850E-02 -8.0199E-01  7.0538E-02  4.6253E-01
  2.7679E-01 -5.0253E-03  1.3423E+00  7.0157E-02  4.7010E-01
  7.3402E-01  1.3827E-01 -1.1491E+00  7.0157E-02  4.7010E-01
  6.1628E-01 -6.8153E-02  1.2148E+00  6.9776E-02  4.7784E-01
 -9.5809E-01 -1.2575E-01 -9.5317E-01  6.9395E-02  4.8575E-01
 -2.6898E-01  1.7991E-01 -1.3182E+00  6.9395E-02  4.8575E-01
  2.4641E-01  6.2939E-03 -1.3347E+00  6.9395E-02  4.8575E-01
  1.2442E+00  3.9062E-02  5.4112E-01  6.9395E-02  4.8575E-01
  4.4502E-01 -2.2158E-02  1.2821E+00  6.9395E-02  4.8575E-01
 -1.1558E+00  1.7097E-01 -6.7783E-01  6.9014E-02  4.9384E-01
 -1.3165E+00  6.8210E-02 -2.9425E-01  6.9014E-02  4.9384E-01
 -4.9928E-01  9.3360E-02 -1.2516E+00  6.9014E-02  4.9384E-01
  8.1773E-01  1.0227E-01 -1.0702E+00  6.9014E-02  4.9384E-01
 -9.1474E-01 -1.0214E-01  9.7969E-01  6.8633E-02  5.0211E-01
  1.3245E+00  8.1249E-02 -2.1445E-01  6.8633E-02  5.0211E-01
  1.2792E+00 -2.3717E-02  4.1247E-01  6.8633E-02  5.0211E-01
 -1.2149E+00 -1.3551E-01 -5.4351E-01  6.8252E-02  5.1057E-01
  1.3130E-01  7.7760E-02  1.3290E+00  6.8252E-02  5.1057E-01
  1.0241E+00 -1.7846E-01  8.4203E-01  6.8252E-02  5.1057E-01
  1.2503E+00  1.6559E-01  4.4594E-01  6.8252E-02  5.1057E-01
 -1.0273E+00  2.7422E-02 -8.4638E-01  6.7871E-02  5.1923E-01
 -2.2464E-01  6.3125E-02 -1.3108E+00  6.7871E-02  5.1923E-01
 -1.1504E+00  1.5780E-01 -6.5128E-01  6.7871E-02  5.1923E-01
 -1.2232E+00 -8.9913E-02 -5.1779E-01  6.7871E-02  5.1923E-01
 -1.2466E+00  5.1029E-02  4.4619E-01  6.7489E-02  5.2808E-01
 -1.1045E+00  4.2096E-02  7.1914E-01  6.7108E-02  5.3713E-01
 -9.7408E-01  1.8365E-01  8.6967E-01  6.7108E-02  5.3713E-01
  1.2707E+00 -1.8416E-01 -3.0036E-01  6.7108E-02  5.3713E-01
 -8.1544E-01 -4.8485E-02 -1.0272E+00  6.6726E-02  5.4640E-01
  1.2910E+00  8.4521E-03  2.3562E-01  6.6726E-02  5.4640E-01
  1.0476E+00  7.7074E-02  7.7627E-01  6.6345E-02  5.5588E-01
  1.2982E+00 -1.2738E-01 -6.6160E-02  6.6345E-02  5.5588E-01
 -3.7092E-01 -1.2990E-01  1.2456E+00  6.6345E-02  5.5588E-01
  7.2958E-01 -7.3389E-03 -1.0759E+00  6.5963E-02  5.6559E-01
  1.2289E+00  1.2077E-01  3.6535E-01  6.5199E-02  5.8571E-01
 -7.6420E-01 -4.9635E-02 -1.0353E+00  6.5199E-02  5.8571E-01
  1.2759E+00 -1.0175E-01  6.8113E-02  6.4817E-02  5.9614E-01
  6.8858E-01 -2.1649E-02 -1.0808E+00  6.4817E-02  5.9614E-01
 -1.2707E+00  2.4019E-02  1.6628E-01  6.4817E-02  5.9614E-01
  1.2716E+00  7.4350E-02 -1.4260E-01  6.4817E-02  5.9614E-01
  8.2523E-01  9.9505E-02 -9.6778E-01  6.4434E-02  6.0681E-01
  1.1957E+00 -5.6106E-02 -4.4118E-01  6.4434E-02  6.0681E-01
 -1.1853E+00  5.8944E-02 -4.6807E-01  6.4434E-02  6.0681E-01
 -5.1663E-01  5.6096E-02  1.1651E+00  6.4434E-02  6.0681E-01
  4.4709E-01  8.1653E-02  1.1857E+00  6.4051E-02  6.1776E-01
 -1.2122E+00  1.7588E-01 -3.3470E-01  6.4051E-02  6.1776E-01
 -1.2375E+00  7.3918E-02  2.7482E-01  6.4051E-02  6.1776E-01
  6.9611E-01 -5.7246E-02  1.0605E+00  6.4051E-02  6.1776E-01
 -6.8657E-01 -1.2507E-01 -1.0608E+00  6.4051E-02  6.1776E-01
 -7.9041E-02  1.6516E-01 -1.2506E+00  6.3669E-02  6.2897E-01
  6.9691E-01 -1.5754E-02 -1.0543E+00  6.3669E-02  6.2897E-01
  5.1248E-01 -1.8273E-02  1.1552E+00  6.3669E-02  6.2897E-01
 -1.2056E+00  1.0383E-02 -3.7951E-01  6.3669E-02  6.2897E-01
  1.2481E+00 -1.2444E-01 -9.8230E-02  6.3285E-02  6.4046E-01
 -1.1961E+00  9.1240E-02 -3.5965E-01  6.2902E-02  6.5224E-01
  4.7748E-01  3.4855E-03 -1.1577E+00  6.2902E-02  6.5224E-01
  8.7149E-01 -1.5163E-01  8.7834E-01  6.2518E-02  6.6433E-01
  1.2243E+00  1.0973E-01  1.6975E-01  6.2134E-02  6.7672E-01
  8.1454E-01 -8.8561E-02  9.3196E-01  6.2134E-02  6.7672E-01
 -1.2004E+00 -1.2976E-01 -2.6126E-01  6.1750E-02  6.8943E-01
 -1.1709E+00 -3.0582E-02  3.9237E-01  6.1750E-02  6.8943E-01
  1.5088E-01  1.7437E-01  1.2136E+00  6.1750E-02  6.8943E-01
  4.5210E-01  5.3645E-02  1.1483E+00  6.1750E-02  6.8943E-01
 -5.2605E-01  3.5142E-02 -1.1171E+00  6.1750E-02  6.8943E-01
 -6.6722E-01  8.3475E-02 -1.0296E+00  6.1365E-02  7.0248E-01
 -1.1966E+00 -1.2695E-01 -2.2530E-01  6.0980E-02  7.1587E-01
  1.1178E+00  1.1393E-01 -4.7209E-01  6.0595E-02  7.2962E-01
 -1.1945E+00  1.7566E-01 -1.6663E-01  6.0595E-02  7.2962E-01
  9.4745E-01 -1.5952E-01 -7.4984E-01  6.0595E-02  7.2962E-01
 -3.5269E-01 -9.2448E-02  1.1629E+00  6.0595E-02  7.2962E-01
  1.1801E+00 -8.3491E-02 -2.6937E-01  6.0209E-02  7.4374E-01
 -8.7506E-01 -1.2096E-01 -8.2396E-01  5.9822E-02  7.5825E-01
  9.1476E-01  3.3325E-02 -7.8828E-01  5.9822E-02  7.5825E-01
  4.5075E-01 -1.8601E-03 -1.1208E+00  5.9822E-02  7.5825E-01
 -8.0797E-01  6.8364E-02 -8.9543E-01  5.9822E-02  7.5825E-01
  1.1617E+00  4.9721E-02 -3.0741E-01  5.9436E-02  7.7315E-01
 -2.6965E-01  4.9622E-02 -1.1710E+00  5.9436E-02  7.7315E-01
 -9.4140E-02  2.3302E-02  1.1988E+00  5.9436E-02  7.7315E-01
 -5.7732E-01  5.6827E-02 -1.0476E+00  5.9048E-02  7.8847E-01
  1.0848E+00  1.3342E-01 -4.7649E-01  5.8660E-02  8.0422E-01
 -6.6910E-01  1.7464E-02 -9.8670E-01  5.8660E-02  8.0422E-01
  5.8411E-01 -1.1182E-02  1.0277E+00  5.7882E-02  8.3709E-01
  9.1106E-01 -8.4459E-02 -7.4850E-01  5.7882E-02  8.3709E-01
 -1.3828E-02  8.1146E-02  1.1793E+00  5.7882E-02  8.3709E-01
  6.0165E-01 -1.3685E-01  1.0083E+00  5.7882E-02  8.3709E-01
 -1.0200E+00  1.5943E-01 -5.7582E-01  5.7882E-02  8.3709E-01
 -1.1443E+00 -1.6360E-01  2.2223E-01  5.7492E-02  8.5424E-01
  1.1677E+00 -1.3371E-01  6.4287E-02  5.7492E-02  8.5424E-01
 -1.8817E-01 -9.9742E-02  1.1577E+00  5.7492E-02  8.5424E-01
  6.9934E-01  1.7570E-01 -9.3041E-01  5.7492E-02  8.5424E-01
 -1.4513E-01  6.3854E-02 -1.1664E+00  5.7492E-02  8.5424E-01
  4.0508E-01  5.0612E-02  1.1041E+00  5.7492E-02  8.5424E-01
  1.0859E+00  9.8289E-02  4.3039E-01  5.7101E-02  8.7190E-01
 -1.9601E-01 -6.4809E-02  1.1539E+00  5.7101E-02  8.7190E-01
 -1.1430E+00 -1.5761E-01  2.0668E-01  5.7101E-02  8.7190E-01
 -2.7137E-01 -1.5956E-01 -1.1240E+00  5.6710E-02  8.9009E-01
 -1.1573E+00  1.5282E-01 -1.0120E-03  5.6710E-02  8.9009E-01
 -5.0415E-01  1.5641E-01  1.0357E+00  5.6317E-02  9.0882E-01
  1.0305E+00 -1.7432E-01  5.0904E-01  5.6317E-02  9.0882E-01
  1.1471E+00 -1.5483E-01  2.3282E-02  5.5924E-02  9.2814E-01
 -1.0178E+00  1.2215E-01  5.3808E-01  5.5924E-02  9.2814E-01
  1.1180E+00  6.7153E-02  2.7377E-01  5.5530E-02  9.4805E-01
  8.4431E-01  1.1569E-01  7.7666E-01  5.5530E-02  9.4805E-01
  4.0340E-01 -2.6033E-02 -1.0798E+00  5.5530E-02  9.4805E-01
 -1.0942E+00 -1.2701E-01  3.4057E-01  5.5530E-02  9.4805E-01
  4.8375E-01  9.9717E-02 -1.0419E+00  5.5530E-02  9.4805E-01
  5.7700E-01 -1.4993E-01  9.8693E-01  5.5530E-02  9.4805E-01
  9.2167E-01  1.7883E-01  6.6129E-01  5.5134E-02  9.6859E-01
  8.8502E-01  1.7507E-01 -7.0312E-01  5.4738E-02  9.8980E-01
 -5.2698E-01 -1.2517E-01 -1.0074E+00  5.4738E-02  9.8980E-01
  9.9169E-01 -1.1966E-01  5.5723E-01  5.4738E-02  9.8980E-01
 -1.2494E-01 -1.0067E-01 -1.1325E+00  5.4738E-02  9.8980E-01
  1.1424E+00 -1.6822E-02  5.3534E-02  5.4738E-02  9.8980E-01
 -5.4044E-01  6.8902E-02 -1.0057E+00  5.4738E-02  9.8980E-01
 -8.7388E-01  1.8420E-01  7.0737E-01  5.4340E-02  1.0117E+00
  9.0376E-01 -5.7756E-02  6.9126E-01  5.4340E-02  1.0117E+00
 -9.1643E-01 -8.2841E-02  6.7176E-01  5.4340E-02  1.0117E+00
 -1.0900E+00  1.3062E-01 -2.8747E-01  5.3941E-02  1.0343E+00
  8.8265E-01 -1.1912E-01  7.0327E-01  5.3941E-02  1.0343E+00
  1.1217E+00 -8.6296E-03 -1.4028E-01  5.3541E-02  1.0577E+00
  1.0900E+00  1.7442E-01  2.4355E-01  5.3541E-02  1.0577E+00
  8.2467E-01 -8.5352E-02 -7.6847E-01  5.3541E-02  1.0577E+00
  1.0011E+00 -1.2484E-01  4.9081E-01  5.2736E-02  1.1068E+00
  4.1357E-01 -4.4692E-02 -1.0419E+00  5.2736E-02  1.1068E+00
  1.9427E-01  3.4932E-02  1.1001E+00  5.2331E-02  1.1327E+00
  1.1132E+00  9.9523E-02  9.4214E-03  5.2331E-02  1.1327E+00
  2.4110E-01  1.9352E-03 -1.0871E+00  5.1925E-02  1.1595E+00
  2.0789E-01  9.4396E-02  1.0899E+00  5.1925E-02  1.1595E+00
 -7.8366E-01  8.6605E-02 -7.8636E-01  5.1925E-02  1.1595E+00
  6.8179E-01 -1.1126E-01 -8.7338E-01  5.1925E-02  1.1595E+00
  1.1081E+00 -3.3265E-02 -1.0479E-01  5.1925E-02  1.1595E+00
 -1.0409E+00  1.2899E-01  3.6169E-01  5.1516E-02  1.1873E+00
 -9.9600E-01  4.8125E-02 -4.8646E-01  5.1516E-02  1.1873E+00
 -1.0138E+00  5.6263E-02 -4.3727E-01  5.1106E-02  1.2161E+00
  3.8915E-01  8.4064E-02 -1.0313E+00  5.1106E-02  1.2161E+00
 -4.0287E-01  6.6232E-02 -1.0231E+00  5.0694E-02  1.2461E+00
 -3.8322E-01 -1.7621E-01  1.0176E+00  5.0694E-02  1.2461E+00
  6.1721E-01 -1.1523E-01 -9.0042E-01  5.0279E-02  1.2771E+00
 -1.0301E+00 -1.6635E-01  3.4074E-01  5.0279E-02  1.2771E+00
 -7.5947E-01 -9.7939E-02 -7.8651E-01  5.0279E-02  1.2771E+00
 -1.5276E-01 -1.4170E-01  1.0739E+00  4.9863E-02  1.3094E+00
  4.0030E-01 -6.6753E-02  1.0159E+00  4.9863E-02  1.3094E+00
 -1.2940E-01 -9.7957E-02  1.0818E+00  4.9863E-02  1.3094E+00
 -9.0177E-01  8.6126E-02 -6.1325E-01  4.9863E-02  1.3094E+00
 -1.0645E+00  1.0839E-01 -2.2758E-01  4.9863E-02  1.3094E+00
 -9.7656E-01  1.7885E-01 -4.5043E-01  4.9444E-02  1.3430E+00
  5.6627E-01  1.5369E-01  9.1884E-01  4.9444E-02  1.3430E+00
  5.1534E-01  4.9227E-02  9.5945E-01  4.9444E-02  1.3430E+00
  6.0943E-01  2.5974E-02 -9.0358E-01  4.9444E-02  1.3430E+00
 -7.9050E-01  5.9177E-02 -7.4844E-01  4.9444E-02  1.3430E+00
  1.0558E+00 -8.3893E-02 -2.4249E-01  4.9022E-02  1.3780E+00
  1.0630E+00  1.5625E-02 -2.2435E-01  4.9022E-02  1.3780E+00
 -1.0657E+00  1.1871E-01  1.7567E-01  4.9022E-02  1.3780E+00
  1.0120E+00  2.8466E-02 -3.9454E-01  4.9022E-02  1.3780E+00
  3.8491E-01  1.4311E-01 -1.0021E+00  4.8597E-02  1.4144E+00
  1.6929E-01 -2.9297E-02 -1.0693E+00  4.8597E-02  1.4144E+00
  9.9564E-01 -7.5251E-03  4.2598E-01  4.8597E-02  1.4144E+00
  5.3032E-01 -1.5187E-01 -9.2786E-01  4.8170E-02  1.4524E+00
  9.2352E-01  1.1704E-01 -5.4648E-01  4.8170E-02  1.4524E+00
  6.9051E-01 -8.5359E-02 -8.2531E-01  4.8170E-02  1.4524E+00
 -1.0208E+00  1.2747E-01  3.2704E-01  4.8170E-02  1.4524E+00
  1.0205E+00 -3.4221E-02 -3.3955E-01  4.7739E-02  1.4920E+00
  9.0476E-01 -1.4115E-01  5.6507E-01  4.7739E-02  1.4920E+00
 -7.1388E-01  7.3492E-02 -7.9720E-01  4.7306E-02  1.5334E+00
  1.2166E-01 -1.6387E-01 -1.0530E+00  4.7306E-02  1.5334E+00
  8.2593E-01 -1.6229E-01  6.5954E-01  4.6868E-02  1.5768E+00
 -6.7416E-01  1.1222E-01  8.2244E-01  4.6868E-02  1.5768E+00
  3.9219E-01  1.1019E-01 -9.8870E-01  4.6868E-02  1.5768E+00
  5.5243E-01 -1.7749E-01 -8.9823E-01  4.6868E-02  1.5768E+00
 -7.1664E-01 -1.0966E-01 -7.8607E-01  4.6868E-02  1.5768E+00
 -6.4533E-01 -1.3764E-01  8.3738E-01  4.6427E-02  1.6222E+00
  6.0605E-01  4.6187E-02  8.7588E-01  4.6427E-02  1.6222E+00
  8.6769E-01 -6.1854E-02 -6.1635E-01  4.6427E-02  1.6222E+00
  3.4977E-01  8.0140E-02 -1.0039E+00  4.6427E-02  1.6222E+00
 -8.8406E-02  1.9952E-02  1.0623E+00  4.6427E-02  1.6222E+00
  2.8671E-01 -1.8023E-01 -1.0109E+00  4.6427E-02  1.6222E+00
 -2.6629E-01 -1.0374E-01  1.0238E+00  4.5982E-02  1.6697E+00
  6.4614E-01 -2.1823E-02 -8.4375E-01  4.5982E-02  1.6697E+00
  1.7738E-01 -3.2024E-02 -1.0444E+00  4.5533E-02  1.7196E+00
  1.0114E+00 -7.1813E-02 -3.0878E-01  4.5533E-02  1.7196E+00
 -3.0686E-02 -2.6824E-03  1.0564E+00  4.5079E-02  1.7721E+00
 -4.1875E-01 -1.5975E-01 -9.5713E-01  4.5079E-02  1.7721E+00
  8.0242E-01 -1.7842E-01 -6.5959E-01  4.4620E-02  1.8273E+00
  8.0607E-01 -7.4777E-02  6.7486E-01  4.4620E-02  1.8273E+00
  1.0341E+00  1.7952E-01  9.5680E-02  4.4620E-02  1.8273E+00
  7.2591E-01  2.1748E-02 -7.5982E-01  4.4156E-02  1.8855E+00
  7.8117E-01  1.5071E-01 -6.8688E-01  4.4156E-02  1.8855E+00
  5.9366E-01  1.4536E-01  8.5509E-01  4.4156E-02  1.8855E+00
 -9.0202E-01  1.6798E-02  5.3382E-01  4.3687E-02  1.9469E+00
  8.7764E-01  1.7319E-01  5.4649E-01  4.3687E-02  1.9469E+00
 -6.4937E-01 -1.6929E-01  8.0533E-01  4.3687E-02  1.9469E+00
 -7.7674E-01  6.4336E-02  7.0102E-01  4.3687E-02  1.9469E+00
  1.0314E+00  1.7092E-01  1.6018E-02  4.3212E-02  2.0119E+00
  1.0074E+00 -1.5879E-01  2.3042E-01  4.3212E-02  2.0119E+00
  4.5696E-02  1.6732E-01  1.0311E+00  4.3212E-02  2.0119E+00
 -2.1978E-01  9.0987E-02 -1.0154E+00  4.2730E-02  2.0806E+00
  9.7905E-01 -7.8116E-02 -3.5080E-01  4.2730E-02  2.0806E+00
  4.5025E-02  1.1454E-01 -1.0356E+00  4.2730E-02  2.0806E+00
 -1.0049E+00 -1.0723E-01 -2.5771E-01  4.2730E-02  2.0806E+00
 -3.5164E-01  1.2237E-01 -9.7420E-01  4.2730E-02  2.0806E+00
 -5.9821E-01  4.4967E-02 -8.4999E-01  4.2242E-02  2.1536E+00
 -3.9159E-01 -2.6707E-02  9.6349E-01  4.2242E-02  2.1536E+00
  2.6561E-01 -1.1433E-02 -1.0058E+00  4.2242E-02  2.1536E+00
 -6.3756E-01  1.4068E-01  8.0680E-01  4.1747E-02  2.2312E+00
  9.5774E-01  1.2862E-01  3.7866E-01  4.1747E-02  2.2312E+00
  6.7415E-02 -1.3435E-01 -1.0269E+00  4.1747E-02  2.2312E+00
 -2.5758E-01  7.4598E-02  1.0001E+00  4.1244E-02  2.3138E+00
 -1.0235E+00 -5.5942E-02  1.2910E-01  4.0733E-02  2.4020E+00
  8.8426E-01 -1.2405E-01  5.1968E-01  4.0733E-02  2.4020E+00
  8.5397E-01 -1.6693E-01 -5.5699E-01  4.0733E-02  2.4020E+00
  8.7028E-01 -3.1021E-02  5.5168E-01  4.0213E-02  2.4964E+00
  5.4874E-01 -1.2245E-01  8.6406E-01  4.0213E-02  2.4964E+00
 -4.2386E-01 -1.1711E-02 -9.3963E-01  4.0213E-02  2.4964E+00
 -9.9814E-01 -1.3806E-01  2.1766E-01  4.0213E-02  2.4964E+00
 -6.1940E-02 -9.6314E-02  1.0223E+00  3.9683E-02  2.5977E+00
 -9.7929E-01  9.4626E-02 -3.0042E-01  3.9683E-02  2.5977E+00
  3.6825E-01 -1.7399E-01  9.4235E-01  3.9143E-02  2.7067E+00
 -3.8436E-01  1.3601E-01  9.3996E-01  3.8592E-02  2.8243E+00
  3.0482E-01 -3.2456E-02  9.7764E-01  3.8592E-02  2.8243E+00
 -1.9482E-01  3.8117E-02  1.0032E+00  3.8029E-02  2.9517E+00
  1.0162E+00 -7.4068E-02 -8.7100E-02  3.8029E-02  2.9517E+00
  8.5452E-03  1.2884E-01 -1.0144E+00  3.8029E-02  2.9517E+00
 -2.4687E-02  1.5847E-01  1.0100E+00  3.8029E-02  2.9517E+00
  9.3360E-01  7.0612E-02  4.1130E-01  3.8029E-02  2.9517E+00
 -4.1519E-02  1.4576E-01 -1.0094E+00  3.7452E-02  3.0900E+00
 -5.7453E-01  2.9908E-02  8.4319E-01  3.7452E-02  3.0900E+00
 -6.3166E-01  1.7129E-01 -7.8101E-01  3.6862E-02  3.2409E+00
 -1.0016E+00 -2.7348E-02 -1.8510E-01  3.6862E-02  3.2409E+00
 -1.0059E+00 -5.5004E-02 -1.5335E-01  3.6862E-02  3.2409E+00
  9.9758E-01 -1.7175E-01  1.1680E-01  3.6862E-02  3.2409E+00
 -1.0068E+00 -1.0472E-01 -1.1671E-01  3.6862E-02  3.2409E+00
 -7.9021E-01  9.4861E-02  6.3355E-01  3.6256E-02  3.4062E+00
  4.5568E-01  8.2571E-02  9.0574E-01  3.6256E-02  3.4062E+00
  1.2532E-01 -3.5939E-02  1.0089E+00  3.6256E-02  3.4062E+00
  5.5691E-02 -1.5151E-02  1.0156E+00  3.6256E-02  3.4062E+00
 -1.0080E+00  4.2478E-03 -1.2384E-01  3.5633E-02  3.5880E+00
 -3.9068E-01 -6.0397E-02  9.3554E-01  3.5633E-02  3.5880E+00
  6.2508E-01  1.1714E-01 -7.8988E-01  3.4991E-02  3.7890E+00
 -1.0003E+00  4.6675E-02  1.5997E-01  3.4991E-02  3.7890E+00
 -7.6334E-01 -9.4768E-02  6.6082E-01  3.4991E-02  3.7890E+00
  9.0579E-01 -9.3605E-02  4.4291E-01  3.4329E-02  4.0125E+00
 -5.7751E-02  1.5225E-01  9.9943E-01  3.4329E-02  4.0125E+00
  3.9066E-01  6.4616E-02  9.3198E-01  3.4329E-02  4.0125E+00
 -9.6584E-01  1.6248E-01 -2.5718E-01  3.4329E-02  4.0125E+00
 -6.7226E-01  4.6906E-02  7.5394E-01  3.3644E-02  4.2626E+00
 -9.2678E-01 -7.8144E-02  3.9690E-01  3.3644E-02  4.2626E+00
 -1.0017E+00 -4.5014E-03 -1.3833E-01  3.3644E-02  4.2626E+00
 -9.8843E-01  3.2853E-02 -2.1094E-01  3.3644E-02  4.2626E+00
 -3.7027E-01 -1.0474E-01  9.3514E-01  3.3644E-02  4.2626E+00
 -3.9138E-01 -1.9151E-02  9.3079E-01  3.2934E-02  4.5444E+00
 -7.2995E-01  1.7900E-02 -6.9769E-01  3.2934E-02  4.5444E+00
  3.0040E-01 -1.6853E-02 -9.6405E-01  3.2934E-02  4.5444E+00
  5.6130E-01 -7.4521E-03  8.3805E-01  3.2195E-02  4.8645E+00
 -9.0974E-01  1.7682E-01 -3.9818E-01  3.2195E-02  4.8645E+00
 -9.4171E-01  1.8039E-01 -3.1319E-01  3.2195E-02  4.8645E+00
 -1.0035E+00  8.8281E-02  1.4933E-02  3.1425E-02  5.2312E+00
  6.7628E-01 -1.7226E-01  7.2670E-01  3.1425E-02  5.2312E+00
  6.6924E-01  1.1030E-01  7.4503E-01  3.1425E-02  5.2312E+00
  2.1055E-01 -1.7728E-01  9.6921E-01  3.1425E-02  5.2312E+00
 -7.6722E-01 -1.6912E-01  6.2908E-01  3.0618E-02  5.6557E+00
  9.6998E-01  5.5137E-03  2.6847E-01  3.0618E-02  5.6557E+00
  9.7779E-01 -1.6235E-01  1.7474E-01  3.0618E-02  5.6557E+00
  7.7665E-01 -7.1959E-02  6.3452E-01  2.9770E-02  6.1530E+00
  8.9266E-01 -1.3011E-01 -4.4408E-01  2.9770E-02  6.1530E+00
 -1.4567E-01 -1.5085E-01  9.8337E-01  2.9770E-02  6.1530E+00
 -8.5134E-01  1.1143E-01 -5.2151E-01  2.8874E-02  6.7438E+00
  8.9569E-01  1.5503E-01 -4.2763E-01  2.8874E-02  6.7438E+00
 -9.6297E-01  6.6371E-02  2.7829E-01  2.8874E-02  6.7438E+00
 -9.9999E-01  6.9654E-02  5.1808E-02  2.7921E-02  7.4574E+00
 -6.0074E-02 -1.5043E-01 -9.9059E-01  2.7921E-02  7.4574E+00
 -1.9190E-01  6.1603E-02 -9.8331E-01  2.7921E-02  7.4574E+00
  9.5509E-01  1.0248E-01 -2.8866E-01  2.6903E-02  8.3369E+00
 -2.1347E-01  1.7407E-01 -9.6444E-01  2.6903E-02  8.3369E+00
  8.5265E-01 -2.5555E-03 -5.2821E-01  2.6903E-02  8.3369E+00
 -9.6978E-01 -7.0470E-02 -2.4615E-01  2.6903E-02  8.3369E+00
 -9.8687E-01 -1.7684E-01  2.8883E-02  2.6903E-02  8.3369E+00
  5.5208E-01  3.7712E-02  8.3575E-01  2.5804E-02  9.4481E+00
 -3.0198E-01 -1.3786E-01 -9.4578E-01  2.5804E-02  9.4481E+00
  4.9477E-01  1.1591E-01  8.6398E-01  2.5804E-02  9.4481E+00
 -1.0013E+00 -1.8766E-02  2.4891E-02  2.4606E-02  1.0897E+01
 -7.6951E-01 -1.4975E-01 -6.2367E-01  2.4606E-02  1.0897E+01
  9.4107E-01  5.6935E-02  3.3864E-01  2.4606E-02  1.0897E+01
 -7.2756E-01 -4.8496E-02  6.8690E-01  2.4606E-02  1.0897E+01
 -9.5373E-02 -2.4544E-02 -9.9691E-01  2.4606E-02  1.0897E+01
  2.7288E-01  1.7458E-01 -9.4794E-01  2.4606E-02  1.0897E+01
  5.8497E-01  1.8912E-02  8.1240E-01  2.3280E-02  1.2866E+01
  9.0856E-01  5.0692E-02 -4.1772E-01  2.3280E-02  1.2866E+01
 -9.2501E-01 -5.6394E-02  3.7909E-01  2.3280E-02  1.2866E+01
  9.5683E-01  1.7481E-01  2.3583E-01  2.1787E-02  1.5696E+01
 -9.8586E-01  1.4926E-01  8.6702E-02  2.1787E-02  1.5696E+01
 -9.4158E-01  4.9004E-02  3.3577E-01  2.1787E-02  1.5696E+01
 -4.3364E-01 -5.4315E-02 -9.0040E-01  2.1787E-02  1.5696E+01
 -8.9712E-01 -1.6670E-01  4.1122E-01  2.1787E-02  1.5696E+01
 -3.4003E-01  1.2877E-01 -9.3211E-01  2.0058E-02  2.0115E+01
  7.4322E-01 -1.2150E-02 -6.6971E-01  2.0058E-02  2.0115E+01
  9.9287E-01 -3.3169E-02  1.1899E-01  2.0058E-02  2.0115E+01
 -6.9442E-01  4.6874E-02  7.1841E-01  1.7969E-02  2.7981E+01
  8.6345E-01  1.6857E-01 -4.7600E-01  1.7969E-02  2.7981E+01
 -9.2081E-01 -3.2527E-02  3.8933E-01  1.7969E-02  2.7981E+01
  5.8170E-01 -9.1713E-02 -8.0855E-01  1.7969E-02  2.7981E+01
  9.7497E-01 -1.7940E-01  1.3336E-01  1.7969E-02  2.7981E+01
