0.53321142857143D+01       622
(x,y,z) position of the X-ray source
  0.1520E+01  0.5048E-01  0.9632E+00
x | y | z | R | rho
 -6.0791E-01 -2.7138E-01  6.7134E+00  2.4580E-01  1.0931E-02
  1.9080E+00 -7.7112E-02  5.5305E+00  2.2253E-01  1.4730E-02
 -1.5741E+00  8.7916E-02  7.1827E+00  2.6096E-01  9.1342E-03
  3.0011E-01 -3.7535E-02  5.4945E+00  2.1315E-01  1.6762E-02
  1.9644E-01 -1.8354E-01  6.5379E+00  2.4063E-01  1.1651E-02
 -4.7441E-01 -1.8720E-01  7.2874E+00  2.5977E-01  9.2607E-03
  7.1218E-01  1.3990E-01  5.6911E+00  2.1949E-01  1.5351E-02
  1.7180E+00 -1.8357E-01  9.0343E+00  3.0452E-01  5.7485E-03
 -4.4630E-01  2.8026E-01  7.5319E+00  2.6577E-01  8.6472E-03
  1.8481E+00 -2.4140E-01  6.8305E+00  2.5419E-01  9.8836E-03
  6.3184E-02  1.8480E-01  9.7535E+00  3.1707E-01  5.0926E-03
  3.4202E-01 -3.0857E-01  5.9934E+00  2.2679E-01  1.3917E-02
 -7.0341E-01 -1.6832E-01  5.3323E+00  2.0982E-01  1.7573E-02
 -1.6065E+00 -3.0877E-01  9.1656E+00  3.0707E-01  5.6063E-03
  3.9929E-01  6.3165E-02  7.9000E+00  2.7447E-01  7.8507E-03
 -1.7407E+00 -3.1496E-01  8.9514E+00  3.0285E-01  5.8443E-03
 -9.3209E-01  1.3544E-01  9.0721E+00  3.0276E-01  5.8491E-03
 -1.2752E+00 -3.0693E-02  4.8864E+00  2.0062E-01  2.0103E-02
 -1.3798E+00 -1.6574E-01  4.9807E+00  2.0401E-01  1.9119E-02
  1.0912E+00  1.0659E-01  4.4188E+00  1.8637E-01  2.5076E-02
 -2.7452E-01  1.8344E-01  5.7753E+00  2.2077E-01  1.5087E-02
 -1.0033E+00 -2.6040E-01  8.2580E+00  2.8427E-01  7.0665E-03
 -1.1707E-01 -3.5577E-03  5.4505E+00  2.1176E-01  1.7095E-02
  8.8738E-01 -2.7524E-01  5.1621E+00  2.0607E-01  1.8552E-02
 -1.3252E+00  3.6465E-03  9.4611E+00  3.1255E-01  5.3167E-03
  6.9110E-01 -1.4469E-01  7.6798E+00  2.6970E-01  8.2747E-03
  1.3593E-01  3.1058E-01  7.3586E+00  2.6127E-01  9.1017E-03
 -4.9914E-01 -1.1513E-01  6.4986E+00  2.4000E-01  1.1743E-02
  1.1384E+00  1.5294E-01  5.2253E+00  2.0897E-01  1.7790E-02
 -1.5769E+00 -2.7850E-01  4.6325E+00  1.9642E-01  2.1422E-02
 -1.8385E+00 -3.0544E-03  4.3381E+00  1.9098E-01  2.3303E-02
  5.1888E-01  2.7193E-01  8.8562E+00  2.9714E-01  6.1875E-03
  7.3149E-01 -1.7855E-01  8.6259E+00  2.9213E-01  6.5117E-03
 -1.1634E+00 -2.7678E-01  4.6983E+00  1.9490E-01  2.1926E-02
  1.5710E+00  2.2766E-01  4.8538E+00  2.0221E-01  1.9633E-02
  3.5771E-01  3.3819E-01  7.7424E+00  2.7081E-01  8.1735E-03
  5.6206E-01  2.3542E-01  7.4141E+00  2.6306E-01  8.9178E-03
  1.4657E+00  3.2733E-01  7.3586E+00  2.6480E-01  8.7430E-03
  1.5786E+00 -2.7895E-01  6.4461E+00  2.4316E-01  1.1291E-02
 -1.6557E+00 -2.9525E-01  5.7528E+00  2.2632E-01  1.4003E-02
  3.9319E-01  6.1230E-02  6.2615E+00  2.3368E-01  1.2721E-02
  1.7355E+00  1.5936E-01  4.8562E+00  2.0368E-01  1.9210E-02
 -1.9462E+00  1.2033E-01  4.8103E+00  2.0455E-01  1.8968E-02
 -4.3602E-01 -1.3728E-01  5.2231E+00  2.0601E-01  1.8567E-02
  3.1674E-01 -2.7091E-01  4.8270E+00  1.9481E-01  2.1957E-02
 -9.0679E-01 -3.9686E-01  9.9437E+00  3.2234E-01  4.8469E-03
  3.2417E-01  1.0038E-01  6.0564E+00  2.2823E-01  1.3655E-02
 -1.5974E+00 -1.2961E-01  6.1294E+00  2.3527E-01  1.2465E-02
 -1.6937E+00  2.7511E-01  4.8861E+00  2.0422E-01  1.9059E-02
  1.2031E+00 -2.1072E-01  7.4866E+00  2.6663E-01  8.5639E-03
 -1.8800E+00  1.3695E-01  7.9383E+00  2.8040E-01  7.3631E-03
 -1.0737E+00 -1.3783E-01  5.1680E+00  2.0704E-01  1.8291E-02
  2.1007E-01  1.5560E-01  5.7383E+00  2.1968E-01  1.5312E-02
 -2.6298E-01 -2.8429E-01  5.9213E+00  2.2475E-01  1.4300E-02
 -1.6986E+00 -2.4219E-02  6.0395E+00  2.3367E-01  1.2723E-02
  1.9695E+00  1.9380E-01  5.9558E+00  2.3373E-01  1.2714E-02
 -2.8631E-02  2.0850E-01  4.6364E+00  1.8895E-01  2.4065E-02
  1.7512E-01 -2.2783E-01  6.7896E+00  2.4705E-01  1.0766E-02
 -1.9776E+00  2.7669E-02  4.8467E+00  2.0578E-01  1.8630E-02
 -1.6325E-01  7.4463E-03  4.4963E+00  1.8481E-01  2.5719E-02
  1.9836E+00 -2.7912E-02  4.0131E+00  1.8414E-01  2.5998E-02
 -1.2387E+00  1.9983E-01  4.2737E+00  1.8348E-01  2.6281E-02
  1.3347E-01 -2.0842E-03  4.4295E+00  1.8281E-01  2.6569E-02
 -6.6966E-01  1.1504E-01  4.3563E+00  1.8215E-01  2.6862E-02
  3.6752E-01  1.1398E-01  4.3582E+00  1.8115E-01  2.7309E-02
  1.9121E-01  9.3480E-02  4.1902E+00  1.7578E-01  2.9887E-02
  1.5398E+00  1.8942E-01  3.8862E+00  1.7544E-01  3.0060E-02
  1.6793E+00  1.9293E-01  3.6810E+00  1.7139E-01  3.2247E-02
  8.6576E-01 -1.8402E-01  3.9413E+00  1.7105E-01  3.2439E-02
 -1.8411E+00  1.8865E-01  3.5655E+00  1.7037E-01  3.2829E-02
  6.4251E-01 -2.3325E-01  3.8686E+00  1.6764E-01  3.4457E-02
 -1.2958E+00  1.3651E-01  3.5070E+00  1.6180E-01  3.8324E-02
 -2.4270E-02  2.4853E-01  3.6889E+00  1.6042E-01  3.9323E-02
  3.6560E-01  9.4939E-02  3.6560E+00  1.5973E-01  3.9837E-02
 -7.6335E-01 -8.6361E-02  3.5831E+00  1.5938E-01  4.0097E-02
 -4.7820E-01  1.7958E-01  3.5846E+00  1.5799E-01  4.1163E-02
 -1.8891E+00 -1.3329E-01  3.0605E+00  1.5730E-01  4.1712E-02
  1.1470E-01  5.1805E-02  3.5099E+00  1.5451E-01  4.4012E-02
 -1.6411E-01 -1.0351E-01  3.4959E+00  1.5416E-01  4.4312E-02
  1.7089E+00 -1.7142E-01  3.0138E+00  1.5311E-01  4.5230E-02
  1.0189E+00  1.1961E-01  3.2910E+00  1.5240E-01  4.5858E-02
 -7.4362E-02 -1.4147E-01  3.4111E+00  1.5135E-01  4.6822E-02
  1.8961E+00 -7.3133E-02  2.8261E+00  1.5100E-01  4.7150E-02
  8.3355E-01 -1.2555E-01  3.2980E+00  1.5100E-01  4.7150E-02
 -1.6850E+00  7.1546E-02  2.9445E+00  1.5065E-01  4.7481E-02
 -1.5225E+00  1.6877E-01  3.0037E+00  1.4994E-01  4.8153E-02
  1.3811E+00 -1.9541E-01  3.0343E+00  1.4889E-01  4.9186E-02
  6.6580E-01 -1.2088E-02  3.2288E+00  1.4747E-01  5.0614E-02
  1.4848E+00 -1.6420E-01  2.9268E+00  1.4712E-01  5.0980E-02
  1.0739E+00 -5.3469E-02  3.0938E+00  1.4676E-01  5.1350E-02
  3.1832E-01  1.8852E-01  3.2221E+00  1.4570E-01  5.2483E-02
 -1.2704E+00  1.3794E-01  2.8650E+00  1.4214E-01  5.6525E-02
  1.1008E+00  2.0105E-01  2.9194E+00  1.4178E-01  5.6953E-02
  1.7140E+00 -1.4095E-01  2.6111E+00  1.4178E-01  5.6953E-02
  1.2634E+00 -4.5050E-02  2.8480E+00  1.4143E-01  5.7386E-02
  1.1211E+00  1.3303E-01  2.8476E+00  1.3964E-01  5.9620E-02
 -8.7735E-01 -2.2997E-01  2.8929E+00  1.3856E-01  6.1020E-02
 -2.3484E-01  5.8130E-02  2.9905E+00  1.3748E-01  6.2467E-02
  1.4619E+00 -2.7986E-02  2.5720E+00  1.3604E-01  6.4472E-02
 -3.4607E-02  2.0309E-01  2.9513E+00  1.3604E-01  6.4472E-02
  1.0145E+00  1.2676E-01  2.7651E+00  1.3568E-01  6.4988E-02
 -4.9123E-01 -1.6242E-01  2.8918E+00  1.3532E-01  6.5509E-02
  4.8902E-01  8.7934E-02  2.7693E+00  1.3098E-01  7.2249E-02
  1.0070E+00 -1.6793E-01  2.5555E+00  1.2879E-01  7.5987E-02
  1.2960E+00  1.2380E-01  2.4129E+00  1.2843E-01  7.6636E-02
  1.5181E+00  1.1569E-01  2.1940E+00  1.2587E-01  8.1405E-02
 -2.2144E-01  4.9977E-02  2.6608E+00  1.2587E-01  8.1405E-02
 -7.6654E-02 -6.7009E-03  2.6390E+00  1.2477E-01  8.3577E-02
  1.8094E+00  5.4209E-02 -1.8939E+00  1.2403E-01  8.5069E-02
 -9.7098E-01 -6.6224E-02  2.3891E+00  1.2256E-01  8.8168E-02
 -6.3673E-01  1.8441E-01  2.4723E+00  1.2183E-01  8.9776E-02
  7.4669E-01 -7.9504E-02  2.3948E+00  1.1998E-01  9.3979E-02
 -4.7624E-01  9.3179E-02  2.4523E+00  1.1961E-01  9.4853E-02
 -1.4014E+00  7.2956E-02  2.0568E+00  1.1925E-01  9.5738E-02
  1.1065E+00  2.0050E-01  2.1993E+00  1.1851E-01  9.7542E-02
  3.0431E-01 -8.7267E-02  2.4498E+00  1.1851E-01  9.7542E-02
  1.3523E-01 -3.6790E-02  2.4662E+00  1.1851E-01  9.7542E-02
 -9.4638E-01 -1.4630E-01  2.2662E+00  1.1814E-01  9.8461E-02
  9.4153E-01  1.5573E-01  2.2462E+00  1.1739E-01  1.0034E-01
 -1.6159E+00  1.1275E-01  1.8123E+00  1.1702E-01  1.0129E-01
 -9.3818E-01 -4.5907E-02  2.2312E+00  1.1665E-01  1.0226E-01
 -1.7498E+00  4.2908E-02 -1.6724E+00  1.1665E-01  1.0226E-01
  1.3417E+00 -1.7813E-02  2.0032E+00  1.1628E-01  1.0324E-01
  1.8397E+00 -1.7045E-01  1.5030E+00  1.1517E-01  1.0627E-01
  1.2904E+00  8.8144E-02  1.9534E+00  1.1368E-01  1.1050E-01
 -1.6945E+00 -1.1294E-01  1.5998E+00  1.1331E-01  1.1159E-01
  1.3574E+00  4.3883E-02  1.8851E+00  1.1293E-01  1.1270E-01
  1.7115E+00 -2.7980E-02 -1.5423E+00  1.1219E-01  1.1496E-01
 -1.5929E+00  1.0752E-01  1.6479E+00  1.1182E-01  1.1612E-01
  1.7082E+00  7.3938E-03  1.4295E+00  1.0920E-01  1.2466E-01
  1.8131E+00 -5.1098E-02 -1.2599E+00  1.0845E-01  1.2727E-01
  6.9430E-01  3.1879E-02  2.0862E+00  1.0808E-01  1.2859E-01
 -1.8417E+00 -9.5945E-02 -1.1801E+00  1.0770E-01  1.2994E-01
 -2.6532E-01  6.5285E-02  2.1629E+00  1.0733E-01  1.3131E-01
 -2.9094E-01 -6.4986E-02  2.1406E+00  1.0658E-01  1.3410E-01
  7.9987E-01 -9.6976E-02  1.9953E+00  1.0620E-01  1.3553E-01
  4.9026E-02  6.3053E-02  2.1504E+00  1.0620E-01  1.3553E-01
  1.2362E+00  2.5917E-02  1.7038E+00  1.0432E-01  1.4299E-01
 -5.9191E-01  5.1738E-02  2.0099E+00  1.0394E-01  1.4454E-01
 -1.7554E+00 -1.0949E-01 -1.1399E+00  1.0394E-01  1.4454E-01
  1.8794E+00 -8.6869E-05  9.2777E-01  1.0394E-01  1.4454E-01
 -1.7083E+00 -1.6766E-01 -1.1865E+00  1.0357E-01  1.4613E-01
 -1.7710E+00  1.0895E-01  1.0626E+00  1.0281E-01  1.4936E-01
 -1.2319E+00  4.1142E-02  1.6493E+00  1.0244E-01  1.5102E-01
 -1.6058E+00  1.5054E-01 -1.2799E+00  1.0244E-01  1.5102E-01
 -1.7610E+00 -8.8244E-02 -1.0453E+00  1.0206E-01  1.5269E-01
 -1.7066E+00 -9.1791E-02  1.1317E+00  1.0206E-01  1.5269E-01
 -1.3606E+00  1.4893E-01 -1.5136E+00  1.0168E-01  1.5440E-01
  1.0172E+00 -9.2103E-02 -1.7667E+00  1.0168E-01  1.5440E-01
  1.2745E+00  1.7125E-01  1.5727E+00  1.0131E-01  1.5613E-01
 -1.7803E+00 -4.3067E-02  9.5852E-01  1.0093E-01  1.5789E-01
 -1.5272E+00 -9.4302E-02  1.3224E+00  1.0093E-01  1.5789E-01
 -1.7817E+00 -5.1145E-02  9.3599E-01  1.0055E-01  1.5967E-01
 -1.8332E+00  4.7608E-02 -8.0866E-01  1.0017E-01  1.6148E-01
  1.8739E+00 -1.1126E-02  7.1079E-01  1.0017E-01  1.6148E-01
  6.8506E-01  4.8473E-02  1.8732E+00  9.9797E-02  1.6332E-01
  1.3459E+00  2.6376E-02 -1.4603E+00  9.9419E-02  1.6519E-01
 -3.4399E-01  1.0416E-01  1.9441E+00  9.9041E-02  1.6709E-01
  1.8459E+00  1.3308E-01 -6.9548E-01  9.9041E-02  1.6709E-01
 -1.9052E+00 -8.9590E-02 -5.2061E-01  9.9041E-02  1.6709E-01
  6.9489E-01  1.5860E-01 -1.8441E+00  9.9041E-02  1.6709E-01
  1.8521E+00 -1.0769E-01  6.5677E-01  9.8663E-02  1.6902E-01
 -1.5085E+00  1.0823E-01 -1.2594E+00  9.8663E-02  1.6902E-01
 -7.2239E-01  6.7824E-02 -1.8101E+00  9.7907E-02  1.7297E-01
 -1.8539E+00 -5.9969E-02  6.0214E-01  9.7907E-02  1.7297E-01
  1.2099E+00  2.3727E-02 -1.5293E+00  9.7907E-02  1.7297E-01
 -6.6017E-01 -1.0516E-01 -1.8225E+00  9.7529E-02  1.7499E-01
 -1.8063E+00 -1.2371E-01  7.0026E-01  9.7529E-02  1.7499E-01
 -1.4145E+00 -1.6966E-02  1.3163E+00  9.7150E-02  1.7704E-01
 -9.9667E-01 -1.5678E-01  1.6480E+00  9.7150E-02  1.7704E-01
 -8.6127E-01 -7.0071E-02 -1.7184E+00  9.6772E-02  1.7912E-01
 -1.7795E+00  1.2095E-01 -7.1986E-01  9.6772E-02  1.7912E-01
 -1.8009E+00 -1.6491E-01  6.5499E-01  9.6772E-02  1.7912E-01
 -8.3810E-01 -1.2034E-01  1.7171E+00  9.6393E-02  1.8124E-01
 -1.1071E+00  1.2900E-02  1.5510E+00  9.6015E-02  1.8340E-01
  1.6480E+00  6.6231E-04 -9.5697E-01  9.6015E-02  1.8340E-01
 -1.8880E+00 -1.8489E-01 -1.8175E-01  9.6015E-02  1.8340E-01
 -1.8228E+00 -2.8997E-02  5.5512E-01  9.6015E-02  1.8340E-01
 -3.6251E-01 -4.7345E-02  1.8613E+00  9.5636E-02  1.8558E-01
 -1.1813E+00  2.1310E-02  1.4840E+00  9.5636E-02  1.8558E-01
 -1.8628E+00 -5.1228E-02 -2.4324E-01  9.4878E-02  1.9007E-01
  1.8505E+00  1.0006E-01 -3.1211E-01  9.4878E-02  1.9007E-01
  1.2546E+00  1.0415E-01  1.3834E+00  9.4499E-02  1.9236E-01
  4.6739E-01  1.1339E-01 -1.7986E+00  9.4120E-02  1.9470E-01
 -1.8495E+00 -5.3886E-02 -2.0672E-01  9.4120E-02  1.9470E-01
  1.5310E+00  3.5532E-02  1.0588E+00  9.4120E-02  1.9470E-01
 -1.6805E-01 -5.8821E-02 -1.8445E+00  9.3741E-02  1.9707E-01
 -1.3606E+00 -2.7443E-02  1.2320E+00  9.2982E-02  2.0193E-01
 -7.4447E-01 -2.0388E-02 -1.6779E+00  9.2982E-02  2.0193E-01
 -2.9735E-01  7.6939E-02  1.8098E+00  9.2982E-02  2.0193E-01
 -7.5376E-01 -3.1499E-02 -1.6641E+00  9.2603E-02  2.0443E-01
 -9.2032E-01  1.3472E-01 -1.5626E+00  9.2223E-02  2.0696E-01
  1.0944E-01 -4.2690E-02  1.8061E+00  9.1844E-02  2.0954E-01
 -1.6152E+00  8.0039E-02  8.1275E-01  9.1844E-02  2.0954E-01
 -9.8891E-01  8.9442E-02  1.5132E+00  9.1844E-02  2.0954E-01
 -9.2859E-02 -3.4444E-02 -1.7986E+00  9.1464E-02  2.1216E-01
  1.4873E+00 -3.5008E-02  1.0156E+00  9.1464E-02  2.1216E-01
  1.7833E+00 -9.1201E-02  2.3760E-01  9.1464E-02  2.1216E-01
  6.4713E-01  1.1559E-01 -1.6679E+00  9.1084E-02  2.1482E-01
 -4.8723E-02  1.8196E-01 -1.7743E+00  9.0704E-02  2.1753E-01
  1.6044E+00  1.4980E-01  7.4634E-01  9.0325E-02  2.2029E-01
 -7.5592E-01 -1.6078E-01 -1.5988E+00  9.0325E-02  2.2029E-01
  1.1333E+00 -4.4459E-02 -1.3664E+00  9.0325E-02  2.2029E-01
 -9.0986E-01 -1.2837E-01  1.5097E+00  8.9945E-02  2.2309E-01
 -1.7469E+00  2.4141E-02  2.6709E-01  8.9945E-02  2.2309E-01
 -6.2886E-01  1.1314E-01  1.6297E+00  8.9185E-02  2.2884E-01
 -9.3237E-01 -7.7726E-02 -1.4795E+00  8.9185E-02  2.2884E-01
  9.3976E-01 -1.4361E-02  1.4768E+00  8.9185E-02  2.2884E-01
 -3.5881E-01 -1.5556E-01 -1.6977E+00  8.8805E-02  2.3179E-01
 -1.7285E+00 -5.2138E-02 -2.1076E-01  8.8805E-02  2.3179E-01
  1.4712E+00  5.7172E-02 -9.3134E-01  8.8805E-02  2.3179E-01
  4.5052E-01 -9.0691E-02  1.6718E+00  8.8425E-02  2.3479E-01
 -3.6063E-01 -1.7019E-01  1.6873E+00  8.8425E-02  2.3479E-01
  7.6902E-03 -1.0523E-01 -1.7222E+00  8.8044E-02  2.3785E-01
  1.6969E+00  1.0490E-02  3.1228E-01  8.8044E-02  2.3785E-01
 -1.3860E+00 -1.5980E-01  1.0152E+00  8.8044E-02  2.3785E-01
 -6.0916E-01 -1.4974E-01  1.5985E+00  8.7664E-02  2.4095E-01
  1.2175E+00 -4.0617E-02 -1.2103E+00  8.7664E-02  2.4095E-01
 -1.2726E+00  1.6309E-01  1.1288E+00  8.7284E-02  2.4412E-01
 -1.4638E+00  1.0115E-01  8.7604E-01  8.7284E-02  2.4412E-01
  1.5401E+00  1.3068E-01  7.0945E-01  8.6904E-02  2.4734E-01
 -9.8679E-01  6.5734E-02  1.3835E+00  8.6904E-02  2.4734E-01
  9.0241E-01 -1.5471E-01 -1.4331E+00  8.6904E-02  2.4734E-01
 -8.6335E-01  6.3479E-02  1.4543E+00  8.6524E-02  2.5061E-01
 -1.2517E+00 -1.1054E-01 -1.1337E+00  8.6524E-02  2.5061E-01
 -5.9150E-01  7.1920E-02 -1.5753E+00  8.6143E-02  2.5395E-01
  1.3617E+00 -9.3174E-02  9.7280E-01  8.5763E-02  2.5734E-01
  5.1258E-01 -2.4933E-02  1.5956E+00  8.5763E-02  2.5734E-01
 -1.6427E+00  1.4069E-01  3.0156E-01  8.5763E-02  2.5734E-01
  1.2529E+00  1.8286E-01 -1.0982E+00  8.5763E-02  2.5734E-01
  5.7559E-01  6.6662E-02 -1.5641E+00  8.5382E-02  2.6079E-01
 -7.0754E-01  1.4130E-01 -1.5038E+00  8.5382E-02  2.6079E-01
  1.5811E+00  3.0419E-02 -5.3026E-01  8.5382E-02  2.6079E-01
  1.4410E+00  9.0867E-02 -8.0229E-01  8.4622E-02  2.6789E-01
  8.0793E-01  4.4742E-02  1.4216E+00  8.3861E-02  2.7525E-01
  5.7835E-01  1.6173E-01 -1.5215E+00  8.3861E-02  2.7525E-01
  1.5768E+00  1.0365E-01 -4.2261E-01  8.3861E-02  2.7525E-01
 -1.2417E+00 -1.3363E-01  1.0440E+00  8.3480E-02  2.7903E-01
 -1.6117E+00  1.4704E-01 -6.8687E-02  8.3100E-02  2.8288E-01
 -1.0806E+00  3.6845E-02 -1.2062E+00  8.3100E-02  2.8288E-01
  1.5816E+00  1.5113E-01 -3.1539E-01  8.3100E-02  2.8288E-01
 -1.5889E+00  8.1701E-02 -2.5858E-01  8.2719E-02  2.8681E-01
  1.6056E+00 -1.2434E-01 -6.9354E-02  8.2719E-02  2.8681E-01
  9.2205E-01  1.4244E-01 -1.3048E+00  8.2338E-02  2.9080E-01
  9.1423E-01  6.8059E-02 -1.3067E+00  8.1958E-02  2.9487E-01
 -1.5654E+00 -4.5827E-02  2.6502E-01  8.1577E-02  2.9902E-01
  1.5810E+00  1.1866E-01 -9.6516E-02  8.1577E-02  2.9902E-01
  3.7347E-01  1.2661E-01 -1.5306E+00  8.1197E-02  3.0324E-01
  9.1289E-01  6.2180E-02 -1.2793E+00  8.0816E-02  3.0755E-01
 -8.5144E-01 -9.9245E-02 -1.3187E+00  8.0816E-02  3.0755E-01
 -1.4353E+00  2.1590E-02  6.4285E-01  8.0816E-02  3.0755E-01
  9.7710E-01  1.1026E-01  1.2276E+00  8.0816E-02  3.0755E-01
 -1.0025E+00 -9.3927E-02 -1.2083E+00  8.0816E-02  3.0755E-01
  1.5641E+00  1.1674E-03 -5.7528E-02  8.0435E-02  3.1193E-01
  1.2843E+00 -1.6076E-01 -8.7988E-01  8.0435E-02  3.1193E-01
  6.6446E-01  1.6182E-01  1.3992E+00  8.0055E-02  3.1640E-01
  1.1761E+00 -1.5401E-01  9.9747E-01  7.9674E-02  3.2096E-01
  2.1387E-01  1.1686E-01  1.5305E+00  7.9674E-02  3.2096E-01
 -1.4609E+00  1.5844E-01  4.6780E-01  7.9293E-02  3.2561E-01
 -1.4903E+00  7.8753E-02  3.8852E-01  7.9293E-02  3.2561E-01
 -9.4431E-01  4.5873E-02  1.2088E+00  7.8913E-02  3.3034E-01
 -9.2285E-01 -3.0474E-02 -1.2257E+00  7.8913E-02  3.3034E-01
  8.7127E-01  1.0571E-01 -1.2588E+00  7.8913E-02  3.3034E-01
 -9.0873E-01  1.4969E-01  1.2086E+00  7.8152E-02  3.4009E-01
  1.4923E+00  1.6206E-01  1.8173E-01  7.7771E-02  3.4511E-01
 -7.4254E-01 -1.5988E-01  1.3074E+00  7.7771E-02  3.4511E-01
  1.9858E-01 -4.0971E-02  1.4984E+00  7.7771E-02  3.4511E-01
 -1.3851E-01  1.0249E-01  1.4947E+00  7.7390E-02  3.5022E-01
 -1.1600E+00 -6.4814E-03  9.5816E-01  7.7390E-02  3.5022E-01
  1.4386E+00  4.8336E-02 -4.3798E-01  7.7390E-02  3.5022E-01
  5.8214E-02 -1.1113E-01 -1.4994E+00  7.7390E-02  3.5022E-01
 -1.1671E-01 -6.0537E-02 -1.4914E+00  7.7010E-02  3.5544E-01
  1.2751E+00  1.3121E-01  7.7356E-01  7.7010E-02  3.5544E-01
 -1.4791E+00 -1.6476E-01 -6.7514E-02  7.6629E-02  3.6076E-01
  7.3222E-01  1.4150E-02 -1.2974E+00  7.6629E-02  3.6076E-01
  1.0575E+00 -1.7033E-01  1.0355E+00  7.6629E-02  3.6076E-01
  3.6348E-02  3.1397E-02 -1.4817E+00  7.6248E-02  3.6619E-01
  1.4020E+00  7.7365E-02 -4.5241E-01  7.5868E-02  3.7173E-01
 -1.2178E+00 -1.2373E-01 -8.1024E-01  7.5487E-02  3.7739E-01
  1.1394E+00 -8.0132E-02  9.2207E-01  7.5487E-02  3.7739E-01
  5.3712E-01  8.1619E-02 -1.3637E+00  7.5487E-02  3.7739E-01
 -1.8560E-01  1.2352E-01 -1.4436E+00  7.5106E-02  3.8315E-01
 -1.4234E+00  1.9660E-03 -3.2807E-01  7.5106E-02  3.8315E-01
  1.3350E+00 -1.5692E-01  5.5317E-01  7.4726E-02  3.8904E-01
  1.3113E-01 -1.2923E-01  1.4346E+00  7.4345E-02  3.9504E-01
  8.8419E-01 -5.4443E-02 -1.1434E+00  7.4345E-02  3.9504E-01
 -8.7932E-01  1.0633E-01  1.1345E+00  7.3965E-02  4.0117E-01
 -5.5853E-02 -6.1254E-03  1.4382E+00  7.3965E-02  4.0117E-01
 -1.4140E+00  6.2722E-02 -2.6126E-01  7.3965E-02  4.0117E-01
 -8.7096E-01  1.7468E-01  1.1235E+00  7.3584E-02  4.0743E-01
  1.1893E+00  1.6336E-01  7.8114E-01  7.3584E-02  4.0743E-01
  5.7749E-01  1.5822E-01 -1.3011E+00  7.3584E-02  4.0743E-01
 -1.3281E+00  3.7669E-02  5.3481E-01  7.3584E-02  4.0743E-01
  7.3953E-01 -9.8617E-03 -1.2183E+00  7.3203E-02  4.1382E-01
  2.8021E-01 -1.3008E-01 -1.3913E+00  7.3203E-02  4.1382E-01
  1.4098E+00  7.6673E-03  2.0864E-01  7.3203E-02  4.1382E-01
  1.2254E+00 -6.8831E-02  6.9679E-01  7.2442E-02  4.2701E-01
 -7.3518E-01  8.9588E-02  1.2014E+00  7.2442E-02  4.2701E-01
  1.2817E+00  1.5676E-01  5.3452E-01  7.1680E-02  4.4076E-01
 -1.3905E+00  1.2848E-01  5.6613E-02  7.1680E-02  4.4076E-01
  3.5164E-01  1.0425E-01  1.3486E+00  7.1680E-02  4.4076E-01
 -9.3975E-02  9.1659E-02  1.3914E+00  7.1680E-02  4.4076E-01
 -1.3692E+00  1.5153E-01 -2.3556E-01  7.1680E-02  4.4076E-01
 -1.1621E+00 -1.0923E-01  7.6865E-01  7.1680E-02  4.4076E-01
  7.3678E-01 -5.1372E-02 -1.1784E+00  7.1300E-02  4.4786E-01
  1.0871E+00 -6.3224E-02  8.6508E-01  7.1300E-02  4.4786E-01
  1.9348E-01  1.4202E-01 -1.3630E+00  7.0919E-02  4.5511E-01
  9.2703E-01  1.5200E-01 -1.0163E+00  7.0919E-02  4.5511E-01
 -1.3060E-01 -8.3144E-02 -1.3753E+00  7.0919E-02  4.5511E-01
  1.3126E+00 -7.8852E-02 -4.3167E-01  7.0919E-02  4.5511E-01
 -9.7393E-01  5.9213E-02  9.7196E-01  7.0538E-02  4.6253E-01
  3.7978E-01 -1.7821E-01  1.3048E+00  7.0157E-02  4.7010E-01
  1.1905E+00  3.5818E-02 -6.7811E-01  7.0157E-02  4.7010E-01
  7.5396E-01 -4.6065E-02 -1.1277E+00  6.9395E-02  4.8575E-01
  1.2706E+00  1.3630E-01 -4.5742E-01  6.9395E-02  4.8575E-01
 -1.0965E+00 -1.7355E-01  7.8097E-01  6.9395E-02  4.8575E-01
 -1.2083E+00 -1.6471E-01 -5.8077E-01  6.9014E-02  4.9384E-01
  1.3080E+00 -5.1143E-02 -3.3307E-01  6.9014E-02  4.9384E-01
  1.2917E+00  1.3295E-02  3.7184E-01  6.8633E-02  5.0211E-01
  2.0892E-02 -2.2865E-02 -1.3439E+00  6.8633E-02  5.0211E-01
 -7.1339E-01 -1.7171E-01 -1.1263E+00  6.8633E-02  5.0211E-01
 -1.1528E+00 -4.7240E-02 -6.8984E-01  6.8633E-02  5.0211E-01
 -2.3143E-01 -9.1712E-02 -1.3144E+00  6.8252E-02  5.1057E-01
  7.5722E-01  1.5412E-02  1.1027E+00  6.8252E-02  5.1057E-01
  1.2767E+00 -7.5505E-02  3.9237E-01  6.8252E-02  5.1057E-01
 -2.5727E-01  6.7264E-02 -1.3111E+00  6.8252E-02  5.1057E-01
 -1.7852E-01 -1.7097E-01  1.3147E+00  6.8252E-02  5.1057E-01
  6.0152E-01  8.5978E-02 -1.1918E+00  6.8252E-02  5.1057E-01
 -1.3030E+00 -9.3127E-02  2.5718E-01  6.7871E-02  5.1923E-01
  1.2736E+00  1.4396E-01  3.6023E-01  6.7871E-02  5.1923E-01
 -1.0401E+00  1.9888E-02  8.3089E-01  6.7871E-02  5.1923E-01
 -3.5665E-01 -1.6072E-01 -1.2659E+00  6.7489E-02  5.2808E-01
  1.2685E+00 -5.8271E-02 -3.5544E-01  6.7108E-02  5.3713E-01
 -6.1718E-01  6.5452E-02 -1.1635E+00  6.7108E-02  5.3713E-01
  9.6629E-01  8.6243E-02 -8.8385E-01  6.6726E-02  5.4640E-01
  1.3116E+00  4.5363E-02  7.8391E-03  6.6726E-02  5.4640E-01
 -1.0827E+00 -1.9168E-02  7.3042E-01  6.6345E-02  5.5588E-01
 -2.9343E-01 -1.2513E-02  1.2727E+00  6.6345E-02  5.5588E-01
  1.2954E+00  1.4814E-01 -7.7385E-02  6.6345E-02  5.5588E-01
 -5.7721E-03  1.1361E-01  1.3012E+00  6.6345E-02  5.5588E-01
  4.5348E-01 -4.5052E-02 -1.2175E+00  6.5963E-02  5.6559E-01
 -1.0818E+00  4.0178E-02  7.1973E-01  6.5963E-02  5.6559E-01
 -1.1358E+00 -3.2509E-02 -6.1887E-01  6.5581E-02  5.7553E-01
  2.9220E-01 -7.0604E-02  1.2584E+00  6.5581E-02  5.7553E-01
 -1.7556E-01  1.8410E-01  1.2686E+00  6.5581E-02  5.7553E-01
 -1.7890E-01  8.6062E-03  1.2814E+00  6.5581E-02  5.7553E-01
  5.5068E-01  6.6094E-02 -1.1622E+00  6.5199E-02  5.8571E-01
  6.6434E-01 -1.6833E-01 -1.0902E+00  6.5199E-02  5.8571E-01
  1.2722E+00 -1.6543E-01 -1.1129E-01  6.5199E-02  5.8571E-01
  8.0026E-01 -1.6730E-01 -9.9495E-01  6.5199E-02  5.8571E-01
  1.2067E+00  1.0292E-01 -4.3780E-01  6.5199E-02  5.8571E-01
 -1.2185E+00  1.8072E-01  3.7526E-01  6.5199E-02  5.8571E-01
 -1.2106E+00 -1.1273E-01 -4.2425E-01  6.5199E-02  5.8571E-01
  1.1280E+00  7.7823E-02  6.0369E-01  6.4817E-02  5.9614E-01
 -3.9931E-01  2.2807E-02  1.2114E+00  6.4434E-02  6.0681E-01
  1.2390E+00 -5.6668E-02  2.9868E-01  6.4434E-02  6.0681E-01
  8.7007E-01 -8.4716E-04  9.3300E-01  6.4434E-02  6.0681E-01
  1.0949E+00 -1.0922E-01 -6.3381E-01  6.4051E-02  6.1776E-01
 -1.7140E-01 -4.0916E-05 -1.2522E+00  6.3669E-02  6.2897E-01
  2.0429E-01  7.3888E-02 -1.2451E+00  6.3669E-02  6.2897E-01
  1.2225E+00 -5.6960E-02 -2.9152E-01  6.3285E-02  6.4046E-01
 -8.2966E-01 -7.7439E-02  9.4258E-01  6.3285E-02  6.4046E-01
  8.9984E-01  1.4761E-01  8.5836E-01  6.2902E-02  6.5224E-01
 -1.0984E+00  1.3736E-01 -5.8556E-01  6.2902E-02  6.5224E-01
  1.1115E+00  5.6250E-02 -5.7412E-01  6.2902E-02  6.5224E-01
  4.4633E-03  1.0111E-01 -1.2482E+00  6.2902E-02  6.5224E-01
 -3.0009E-01  9.1036E-02  1.2124E+00  6.2902E-02  6.5224E-01
 -6.4159E-01 -4.3733E-02  1.0679E+00  6.2518E-02  6.6433E-01
 -1.2257E+00  5.0644E-02  2.2128E-01  6.2518E-02  6.6433E-01
  8.2247E-01  1.9320E-02  9.3656E-01  6.2518E-02  6.6433E-01
 -1.0125E+00  4.9751E-02 -7.1572E-01  6.2134E-02  6.7672E-01
  8.7608E-01  5.7222E-02 -8.7696E-01  6.2134E-02  6.7672E-01
 -1.2313E+00 -3.6326E-02  1.4971E-01  6.2134E-02  6.7672E-01
 -1.2179E+00 -1.6865E-01 -2.4475E-02  6.1365E-02  7.0248E-01
 -6.0584E-01 -1.2573E-01  1.0563E+00  6.0980E-02  7.1587E-01
 -9.9252E-01  1.8279E-01 -6.9296E-01  6.0980E-02  7.1587E-01
  1.2168E+00 -1.6994E-02  1.3349E-01  6.0980E-02  7.1587E-01
 -1.2087E+00 -9.5418E-02 -4.7566E-02  6.0209E-02  7.4374E-01
 -4.6079E-01  1.3357E-01  1.1145E+00  6.0209E-02  7.4374E-01
 -1.1031E+00 -3.2589E-02 -5.0430E-01  6.0209E-02  7.4374E-01
 -1.2007E+00  1.7406E-01  1.4421E-02  6.0209E-02  7.4374E-01
  5.2696E-01  7.5940E-02 -1.0844E+00  5.9822E-02  7.5825E-01
  1.2021E+00  1.7560E-02 -1.1827E-01  5.9822E-02  7.5825E-01
 -1.1628E+00 -1.3998E-01  2.9610E-01  5.9822E-02  7.5825E-01
  1.1426E+00  1.4931E-01 -3.4449E-01  5.9436E-02  7.7315E-01
 -6.1064E-01 -9.1019E-02  1.0322E+00  5.9436E-02  7.7315E-01
  1.0235E+00 -6.6342E-02  6.2816E-01  5.9436E-02  7.7315E-01
 -3.0672E-01 -3.0546E-02 -1.1625E+00  5.9436E-02  7.7315E-01
  6.6326E-01 -6.7284E-02  1.0010E+00  5.9436E-02  7.7315E-01
 -6.9091E-02  5.4776E-02 -1.1995E+00  5.9436E-02  7.7315E-01
 -7.8317E-01 -1.5333E-01  8.9280E-01  5.9048E-02  7.8847E-01
 -5.5467E-01  1.5442E-01  1.0500E+00  5.9048E-02  7.8847E-01
  7.2877E-01 -1.4507E-01  9.3904E-01  5.9048E-02  7.8847E-01
 -7.8827E-01  1.4708E-01  8.8936E-01  5.9048E-02  7.8847E-01
 -9.4234E-01 -1.6903E-01 -7.1064E-01  5.8660E-02  8.0422E-01
 -1.1492E+00 -6.9702E-02 -3.0991E-01  5.8660E-02  8.0422E-01
 -3.6486E-01  3.1416E-02  1.1347E+00  5.8660E-02  8.0422E-01
 -1.1767E+00 -1.1331E-01 -1.0882E-01  5.8271E-02  8.2042E-01
 -1.1745E+00 -1.0651E-01  1.3658E-01  5.8271E-02  8.2042E-01
  1.0379E+00  4.7189E-02 -5.6388E-01  5.7882E-02  8.3709E-01
 -5.3194E-01 -1.7536E-01 -1.0410E+00  5.7882E-02  8.3709E-01
 -7.8569E-01  9.8438E-02 -8.7773E-01  5.7882E-02  8.3709E-01
  2.1390E-01 -1.3078E-01  1.1501E+00  5.7492E-02  8.5424E-01
  1.1588E+00 -1.2558E-01 -1.6421E-01  5.7492E-02  8.5424E-01
 -6.7591E-01  1.7860E-01 -9.4703E-01  5.7492E-02  8.5424E-01
 -1.0856E+00 -6.0347E-02  4.5115E-01  5.7492E-02  8.5424E-01
  5.6103E-01  1.0761E-02 -1.0348E+00  5.7492E-02  8.5424E-01
  1.0940E+00  4.5629E-02  4.1842E-01  5.7101E-02  8.7190E-01
 -6.2857E-01 -3.3193E-02 -9.8884E-01  5.7101E-02  8.7190E-01
 -5.1732E-01 -2.8112E-02 -1.0515E+00  5.7101E-02  8.7190E-01
  3.1924E-01 -2.9549E-02  1.1224E+00  5.6710E-02  8.9009E-01
 -1.9717E-02 -4.1506E-02 -1.1664E+00  5.6710E-02  8.9009E-01
  3.8705E-01  1.7743E-01  1.0869E+00  5.6710E-02  8.9009E-01
 -7.8946E-01  6.8887E-02 -8.5050E-01  5.6317E-02  9.0882E-01
 -1.1208E+00  5.1378E-02  2.6581E-01  5.5530E-02  9.4805E-01
  1.8375E-01 -3.7600E-02 -1.1377E+00  5.5530E-02  9.4805E-01
 -1.0332E+00 -1.0373E-01  5.0110E-01  5.5530E-02  9.4805E-01
  1.1467E+00  1.2035E-01 -1.7516E-03  5.5530E-02  9.4805E-01
  1.0487E+00  7.8891E-02 -4.6131E-01  5.5134E-02  9.6859E-01
 -3.8644E-01  1.4427E-01  1.0668E+00  5.4738E-02  9.8980E-01
  1.1122E+00  8.4103E-02 -2.3235E-01  5.4340E-02  1.0117E+00
 -1.1210E+00  1.5149E-01  1.3525E-01  5.4340E-02  1.0117E+00
  3.7159E-02  1.0735E-01  1.1336E+00  5.4340E-02  1.0117E+00
 -1.0507E+00  3.0155E-02  4.3943E-01  5.4340E-02  1.0117E+00
 -1.1238E+00 -1.8551E-01  2.2815E-02  5.4340E-02  1.0117E+00
  1.0939E+00 -1.2731E-01 -2.7403E-01  5.3941E-02  1.0343E+00
  1.1056E+00 -1.8309E-01  1.7879E-01  5.3941E-02  1.0343E+00
 -1.2475E-01  1.1334E-01  1.1222E+00  5.3941E-02  1.0343E+00
  8.5591E-01 -1.7398E-01  7.2457E-01  5.3941E-02  1.0343E+00
  7.0342E-01 -1.9525E-03 -8.8494E-01  5.3541E-02  1.0577E+00
 -1.0533E+00  3.2315E-02 -4.0919E-01  5.3541E-02  1.0577E+00
 -1.0046E+00 -1.3272E-01  5.0106E-01  5.3541E-02  1.0577E+00
  9.4897E-01 -1.5610E-01  5.9414E-01  5.3541E-02  1.0577E+00
  5.5600E-01  2.5169E-02 -9.7897E-01  5.3139E-02  1.0818E+00
 -8.3709E-01  1.6802E-01  7.2776E-01  5.2736E-02  1.1068E+00
 -3.9164E-01 -1.0823E-01 -1.0457E+00  5.2736E-02  1.1068E+00
  3.8115E-01 -6.4080E-03  1.0551E+00  5.2736E-02  1.1068E+00
  7.0234E-01  6.2467E-02 -8.7259E-01  5.2736E-02  1.1068E+00
  1.5170E-01  8.0180E-02 -1.1044E+00  5.2331E-02  1.1327E+00
  1.8855E-01 -1.1138E-01  1.0918E+00  5.1925E-02  1.1595E+00
  4.0756E-01  1.1819E-01  1.0295E+00  5.1925E-02  1.1595E+00
  7.3098E-01  7.3261E-02 -8.3684E-01  5.1925E-02  1.1595E+00
  1.0225E+00  5.9699E-02  4.3687E-01  5.1925E-02  1.1595E+00
  9.6604E-02  1.7400E-01  1.0915E+00  5.1516E-02  1.1873E+00
  7.3913E-01  1.2573E-02 -8.2735E-01  5.1516E-02  1.1873E+00
  6.7337E-01 -4.3011E-02 -8.7570E-01  5.1106E-02  1.2161E+00
  3.2606E-01 -1.0179E-01 -1.0514E+00  5.1106E-02  1.2161E+00
 -3.3570E-02 -2.2506E-02  1.1048E+00  5.1106E-02  1.2161E+00
  4.6878E-01  6.4242E-02 -9.9913E-01  5.1106E-02  1.2161E+00
 -3.3400E-01 -1.6565E-01  1.0407E+00  5.1106E-02  1.2161E+00
  1.0260E+00 -3.7203E-03 -4.0096E-01  5.0694E-02  1.2461E+00
  2.5715E-01 -1.6262E-01 -1.0587E+00  5.0694E-02  1.2461E+00
 -8.1046E-01 -1.1960E-01  7.3642E-01  5.0694E-02  1.2461E+00
 -6.2973E-01  3.9362E-02  9.0297E-01  5.0694E-02  1.2461E+00
  9.6310E-01 -1.6508E-01 -5.0859E-01  5.0694E-02  1.2461E+00
  9.5813E-01 -7.6562E-02 -5.3813E-01  5.0694E-02  1.2461E+00
 -1.2486E-01  3.9545E-02 -1.0899E+00  5.0279E-02  1.2771E+00
  3.8804E-01  1.5756E-01  1.0106E+00  4.9863E-02  1.3094E+00
  1.0030E+00  1.2185E-01 -4.1934E-01  4.9863E-02  1.3094E+00
  4.1821E-01  1.2063E-01 -1.0036E+00  4.9863E-02  1.3094E+00
 -9.2599E-01  1.5025E-01 -5.6271E-01  4.9863E-02  1.3094E+00
 -5.5611E-01  6.2636E-02 -9.3561E-01  4.9444E-02  1.3430E+00
  1.0660E+00  3.5362E-02  2.2568E-01  4.9444E-02  1.3430E+00
 -8.6978E-01  3.9589E-03 -6.5121E-01  4.9022E-02  1.3780E+00
  7.5049E-01 -7.4001E-02  7.8223E-01  4.9022E-02  1.3780E+00
  4.3161E-01 -1.7579E-01  9.7756E-01  4.8597E-02  1.4144E+00
 -3.2302E-01 -1.0318E-01 -1.0285E+00  4.8597E-02  1.4144E+00
 -1.0807E+00  4.4650E-02 -5.3505E-02  4.8597E-02  1.4144E+00
 -5.8082E-01  2.5894E-02  9.0950E-01  4.8170E-02  1.4524E+00
  7.5479E-01 -1.2016E-01  7.6229E-01  4.8170E-02  1.4524E+00
 -8.8351E-01  1.2570E-01  6.0119E-01  4.7739E-02  1.4920E+00
  7.9949E-01 -7.0860E-02  7.1666E-01  4.7739E-02  1.4920E+00
  1.0626E+00 -5.5195E-02  1.6024E-01  4.7739E-02  1.4920E+00
  5.2004E-01 -4.9757E-02 -9.4068E-01  4.7739E-02  1.4920E+00
  8.3059E-01 -1.3325E-01  6.6552E-01  4.7306E-02  1.5334E+00
  9.2489E-01  1.3189E-01  5.2702E-01  4.7306E-02  1.5334E+00
  6.3108E-01  3.1674E-02 -8.6678E-01  4.7306E-02  1.5334E+00
 -8.4339E-01  1.4154E-02  6.5726E-01  4.6868E-02  1.5768E+00
  1.0614E+00  1.7992E-03  1.2995E-01  4.6868E-02  1.5768E+00
 -2.2366E-01  7.1837E-02  1.0432E+00  4.6868E-02  1.5768E+00
 -8.1585E-01 -1.4043E-01  6.7688E-01  4.6868E-02  1.5768E+00
 -1.2778E-01  2.6671E-02 -1.0613E+00  4.6868E-02  1.5768E+00
 -2.2190E-01 -1.4128E-02 -1.0460E+00  4.6868E-02  1.5768E+00
  1.5656E-01 -7.7491E-02 -1.0517E+00  4.6427E-02  1.6222E+00
  8.0359E-01 -1.3516E-01  6.8744E-01  4.6427E-02  1.6222E+00
  1.0521E+00 -6.9128E-02  1.3496E-01  4.5982E-02  1.6697E+00
  9.9791E-01 -1.2028E-01 -3.4583E-01  4.5982E-02  1.6697E+00
 -1.0507E+00  9.8795E-02  1.2723E-01  4.5982E-02  1.6697E+00
  2.1455E-01  1.7893E-02  1.0378E+00  4.5533E-02  1.7196E+00
 -1.0299E+00  1.7251E-01  1.8106E-01  4.5533E-02  1.7196E+00
  6.3649E-01  7.9937E-02  8.4370E-01  4.5533E-02  1.7196E+00
  7.2315E-01  1.4765E-03 -7.7485E-01  4.5533E-02  1.7196E+00
  9.2435E-01 -8.4352E-02  5.1167E-01  4.5533E-02  1.7196E+00
 -7.3574E-01  7.7173E-02  7.5478E-01  4.5079E-02  1.7721E+00
 -9.4311E-01  1.4452E-01 -4.5457E-01  4.5079E-02  1.7721E+00
 -1.2286E-01  1.2212E-01 -1.0426E+00  4.5079E-02  1.7721E+00
  1.0004E+00  1.2709E-01  3.1612E-01  4.5079E-02  1.7721E+00
 -1.7547E-01  7.0467E-02  1.0368E+00  4.4620E-02  1.8273E+00
 -7.4655E-01  1.2081E-01 -7.3406E-01  4.4620E-02  1.8273E+00
  1.4509E-01 -1.0846E-01 -1.0382E+00  4.4620E-02  1.8273E+00
 -1.0391E+00 -3.5756E-02 -1.7222E-01  4.4620E-02  1.8273E+00
  8.9043E-01 -1.6442E-01 -5.3370E-01  4.4156E-02  1.8855E+00
  3.5023E-01 -1.6392E-02 -9.8791E-01  4.3687E-02  1.9469E+00
 -1.0354E+00 -1.1595E-01  1.1552E-01  4.3687E-02  1.9469E+00
  9.5503E-03  7.1038E-03 -1.0455E+00  4.3212E-02  2.0119E+00
  5.6728E-01 -2.1599E-03 -8.7515E-01  4.2730E-02  2.0806E+00
  6.8809E-01  1.6468E-02 -7.8356E-01  4.2730E-02  2.0806E+00
 -8.7747E-02  4.9270E-03  1.0392E+00  4.2730E-02  2.0806E+00
  9.3810E-01 -1.6324E-01  4.2546E-01  4.2730E-02  2.0806E+00
  5.6363E-01 -8.3359E-02 -8.7354E-01  4.2730E-02  2.0806E+00
 -2.1967E-02 -3.0139E-02  1.0397E+00  4.2242E-02  2.1536E+00
 -5.0398E-01  1.6756E-01 -8.9459E-01  4.2242E-02  2.1536E+00
  1.0362E-01 -8.7195E-06 -1.0352E+00  4.2242E-02  2.1536E+00
  9.5983E-01 -5.0656E-02 -3.9815E-01  4.2242E-02  2.1536E+00
  9.5108E-01  1.6952E-01 -3.8609E-01  4.2242E-02  2.1536E+00
 -8.4556E-01 -7.8785E-02 -5.9667E-01  4.1747E-02  2.2312E+00
  1.9033E-01 -1.3609E-01 -1.0112E+00  4.1747E-02  2.2312E+00
 -8.6366E-01  1.3246E-01 -5.6012E-01  4.1747E-02  2.2312E+00
 -5.5704E-01  1.5849E-02 -8.7273E-01  4.1244E-02  2.3138E+00
 -8.1909E-01  8.0900E-02 -6.2829E-01  4.1244E-02  2.3138E+00
 -4.4761E-02 -1.4219E-01 -1.0247E+00  4.1244E-02  2.3138E+00
 -1.0263E+00  1.2755E-01 -5.1583E-02  4.1244E-02  2.3138E+00
 -2.2707E-01  5.6935E-02 -1.0087E+00  4.1244E-02  2.3138E+00
 -5.0183E-01 -1.6929E-01  8.8706E-01  4.0733E-02  2.4020E+00
 -6.5998E-01  2.6595E-02  7.9441E-01  4.0733E-02  2.4020E+00
  9.9326E-01 -1.5126E-01  2.4066E-01  4.0733E-02  2.4020E+00
  4.2045E-01 -4.8746E-02 -9.3998E-01  4.0213E-02  2.4964E+00
 -4.2935E-01 -4.8592E-03 -9.3720E-01  4.0213E-02  2.4964E+00
 -1.0193E+00  3.8650E-02  1.3288E-01  3.9683E-02  2.5977E+00
  3.2376E-01 -3.3132E-02  9.7586E-01  3.9683E-02  2.5977E+00
 -1.8879E-01 -1.4173E-02 -1.0111E+00  3.9683E-02  2.5977E+00
 -6.2055E-03 -4.3811E-02  1.0277E+00  3.9683E-02  2.5977E+00
  9.4447E-01 -1.2730E-01  3.8728E-01  3.9683E-02  2.5977E+00
  8.4018E-01 -4.2775E-02 -5.8836E-01  3.9143E-02  2.7067E+00
  3.8456E-01 -1.8426E-01 -9.3384E-01  3.9143E-02  2.7067E+00
  6.1389E-01 -1.7938E-02  8.2263E-01  3.9143E-02  2.7067E+00
 -9.3532E-01  3.0634E-02  4.2206E-01  3.9143E-02  2.7067E+00
 -1.0147E+00  8.8821E-02  1.1086E-01  3.8592E-02  2.8243E+00
  6.0913E-02 -1.5807E-01  1.0105E+00  3.8592E-02  2.8243E+00
 -8.4605E-01  3.2899E-02  5.7694E-01  3.8592E-02  2.8243E+00
 -6.0288E-02 -1.0637E-02 -1.0208E+00  3.8029E-02  2.9517E+00
  6.0697E-01  1.1557E-01  8.1251E-01  3.7452E-02  3.0900E+00
  3.8510E-01 -1.4338E-01 -9.3439E-01  3.7452E-02  3.0900E+00
 -2.7680E-01  1.0832E-01  9.7652E-01  3.7452E-02  3.0900E+00
  6.7479E-01 -8.8638E-02 -7.5836E-01  3.6862E-02  3.2409E+00
 -5.3335E-01 -1.5279E-01 -8.5469E-01  3.6862E-02  3.2409E+00
  1.4064E-01  1.0681E-01 -1.0036E+00  3.6862E-02  3.2409E+00
  4.7565E-01 -1.7502E-01  8.8201E-01  3.6256E-02  3.4062E+00
 -5.1345E-01 -1.1825E-01 -8.7018E-01  3.6256E-02  3.4062E+00
  8.4127E-01 -8.8238E-02 -5.6212E-01  3.5633E-02  3.5880E+00
  8.6370E-01 -2.0042E-02 -5.3398E-01  3.5633E-02  3.5880E+00
  9.1708E-01 -1.5550E-02  4.3615E-01  3.5633E-02  3.5880E+00
 -5.0514E-02  4.2049E-02 -1.0135E+00  3.5633E-02  3.5880E+00
 -3.8317E-01 -5.9028E-02  9.3705E-01  3.4991E-02  3.7890E+00
 -7.4762E-01  5.2362E-02  6.8314E-01  3.4991E-02  3.7890E+00
 -8.5544E-01 -7.3622E-02 -5.3960E-01  3.4991E-02  3.7890E+00
 -1.0055E+00 -1.3101E-01  1.0843E-02  3.4991E-02  3.7890E+00
  9.9930E-01 -1.3575E-01 -9.1402E-02  3.4329E-02  4.0125E+00
 -9.0366E-01  1.6568E-01  4.2582E-01  3.4329E-02  4.0125E+00
  9.8845E-01 -2.7945E-02  2.1812E-01  3.4329E-02  4.0125E+00
 -3.8824E-01 -1.6856E-01  9.1991E-01  3.4329E-02  4.0125E+00
 -9.0791E-02 -1.3505E-01  9.9945E-01  3.4329E-02  4.0125E+00
 -1.0066E+00  9.6420E-02 -7.7689E-03  3.3644E-02  4.2626E+00
  8.6004E-01 -1.5639E-01  5.0837E-01  3.3644E-02  4.2626E+00
  2.4811E-02  1.1202E-01 -1.0034E+00  3.2934E-02  4.5444E+00
  3.6742E-01 -4.2850E-02  9.3973E-01  3.2934E-02  4.5444E+00
  7.0225E-01  1.2468E-01  7.1500E-01  3.2934E-02  4.5444E+00
 -7.6852E-02 -2.6981E-02 -1.0066E+00  3.2934E-02  4.5444E+00
  7.8933E-01  1.2394E-01  6.1767E-01  3.2934E-02  4.5444E+00
  5.7631E-02  1.8184E-01  9.9173E-01  3.2934E-02  4.5444E+00
 -9.9306E-01  1.5454E-01 -8.5942E-02  3.2195E-02  4.8645E+00
  9.3488E-01  1.0043E-01 -3.6518E-01  3.2195E-02  4.8645E+00
  6.9077E-01  1.3634E-01 -7.2228E-01  3.2195E-02  4.8645E+00
  4.0739E-01  1.0171E-01 -9.1586E-01  3.1425E-02  5.2312E+00
  9.9478E-01  7.6497E-02  1.3237E-01  3.0618E-02  5.6557E+00
 -9.1708E-01  1.9336E-02 -4.1421E-01  3.0618E-02  5.6557E+00
  9.1308E-01 -1.1126E-01  4.0850E-01  3.0618E-02  5.6557E+00
  9.2608E-01 -3.8011E-02 -3.9230E-01  3.0618E-02  5.6557E+00
 -6.5596E-01 -6.3681E-02 -7.5938E-01  2.9770E-02  6.1530E+00
 -7.0209E-01  1.6803E-01 -6.9987E-01  2.9770E-02  6.1530E+00
 -2.1453E-01  4.4775E-02  9.8038E-01  2.8874E-02  6.7438E+00
 -8.1751E-01  1.4915E-01  5.6444E-01  2.8874E-02  6.7438E+00
  9.5390E-01 -1.6851E-01 -2.6616E-01  2.8874E-02  6.7438E+00
  9.5999E-01 -1.3523E-01 -2.6326E-01  2.8874E-02  6.7438E+00
 -6.4649E-01 -1.4109E-01 -7.5585E-01  2.8874E-02  6.7438E+00
  8.8496E-01 -1.1863E-01 -4.5856E-01  2.7921E-02  7.4574E+00
  2.4292E-01  1.4674E-01  9.6279E-01  2.7921E-02  7.4574E+00
  7.2034E-01 -6.3788E-02 -6.9610E-01  2.7921E-02  7.4574E+00
 -9.1670E-01 -1.5225E-01 -3.7945E-01  2.7921E-02  7.4574E+00
 -6.9392E-01  7.0015E-02 -7.2186E-01  2.7921E-02  7.4574E+00
 -5.5677E-01  3.0596E-02  8.3462E-01  2.7921E-02  7.4574E+00
 -1.0010E+00 -5.8555E-02  2.4908E-02  2.6903E-02  8.3369E+00
 -9.1896E-03  1.3852E-02  1.0029E+00  2.6903E-02  8.3369E+00
  9.4875E-01  1.5618E-01  2.8316E-01  2.5804E-02  9.4481E+00
 -2.8301E-01 -1.6503E-01 -9.4729E-01  2.5804E-02  9.4481E+00
  3.8498E-01 -1.2765E-01  9.1662E-01  2.5804E-02  9.4481E+00
  1.1649E-01 -3.8524E-02  9.9481E-01  2.5804E-02  9.4481E+00
 -9.6340E-01 -1.4637E-01 -2.3482E-01  2.5804E-02  9.4481E+00
  4.2800E-01  1.6672E-01 -8.9091E-01  2.5804E-02  9.4481E+00
 -1.3053E-01  1.3403E-01 -9.8414E-01  2.4606E-02  1.0897E+01
  2.3639E-01 -9.9997E-02 -9.6833E-01  2.4606E-02  1.0897E+01
  9.9458E-01 -2.7756E-02  1.1651E-01  2.4606E-02  1.0897E+01
  9.3850E-01 -5.2663E-02 -3.4495E-01  2.3280E-02  1.2866E+01
 -4.2733E-01  9.5993E-02  9.0039E-01  2.3280E-02  1.2866E+01
 -1.1720E-01 -8.8894E-02  9.9040E-01  2.3280E-02  1.2866E+01
  9.5401E-01 -6.4288E-02  2.9711E-01  2.3280E-02  1.2866E+01
 -9.0531E-01 -1.4175E-02  4.2750E-01  2.3280E-02  1.2866E+01
  3.8558E-01  7.4770E-02  9.2102E-01  2.3280E-02  1.2866E+01
  8.6381E-01 -1.5882E-01 -4.8079E-01  2.3280E-02  1.2866E+01
  4.9217E-01  1.6079E-01 -8.5701E-01  2.3280E-02  1.2866E+01
  3.3716E-01  1.3882E-01 -9.3207E-01  2.1787E-02  1.5696E+01
  9.9424E-01 -2.8473E-02 -1.1129E-01  2.1787E-02  1.5696E+01
 -8.4517E-01  1.6280E-01  5.1077E-01  2.1787E-02  1.5696E+01
 -5.2744E-01 -1.1350E-01 -8.4260E-01  2.0058E-02  2.0115E+01
 -9.7986E-01 -1.7421E-01  1.0280E-01  2.0058E-02  2.0115E+01
  9.1166E-01 -1.5968E-01 -3.8003E-01  2.0058E-02  2.0115E+01
  6.3374E-01 -5.7748E-02 -7.7206E-01  2.0058E-02  2.0115E+01
  1.4321E-01  1.2029E-02  9.9015E-01  2.0058E-02  2.0115E+01
 -9.8975E-01 -2.1282E-02  1.4312E-01  1.7969E-02  2.7981E+01
 -4.1007E-01  3.2691E-02  9.1176E-01  1.7969E-02  2.7981E+01
  7.7933E-01 -1.5244E-01 -6.0824E-01  1.7969E-02  2.7981E+01
 -8.0501E-01 -2.3535E-02  5.9325E-01  1.7969E-02  2.7981E+01
