0.83314285714286D+01       625
(x,y,z) position of the X-ray source
  0.1800E+01 -0.1187E-14 -0.2264E-13
x | y | z | R | rho
 -8.6085E-01 -3.8430E-01  9.5068E+00  3.1255E-01  5.3167E-03
  4.5114E-01 -5.6425E-02  8.2597E+00  2.8308E-01  7.1563E-03
  2.8056E-01 -2.6214E-01  9.3373E+00  3.0786E-01  5.5635E-03
  1.0570E+00  2.0763E-01  8.4464E+00  2.8877E-01  6.7411E-03
 -1.0648E+00 -2.5481E-01  8.0721E+00  2.8009E-01  7.3876E-03
 -1.9700E+00 -4.7415E-02  7.5486E+00  2.7186E-01  8.0792E-03
  1.7451E+00  1.7046E-01  7.0667E+00  2.5917E-01  9.3250E-03
 -4.0641E-01  2.7157E-01  8.5500E+00  2.8992E-01  6.6614E-03
 -1.7651E-01 -5.3637E-03  8.2173E+00  2.8183E-01  7.2520E-03
 -7.1362E-01 -1.6461E-01  9.2911E+00  3.0729E-01  5.5946E-03
  1.7265E+00  2.3195E-01  7.9245E+00  2.7932E-01  7.4486E-03
  5.6830E-01  8.8501E-02  9.0503E+00  3.0157E-01  5.9190E-03
 -6.6549E-01 -2.0953E-01  7.9720E+00  2.7668E-01  7.6645E-03
  4.7318E-01  1.4652E-01  8.8402E+00  2.9665E-01  6.2185E-03
 -1.6351E+00 -2.0990E-01  7.8703E+00  2.7760E-01  7.5885E-03
  3.1166E-01  2.3085E-01  8.5132E+00  2.8894E-01  6.7292E-03
 -4.5489E-02  3.3127E-01  7.3663E+00  2.6146E-01  9.0825E-03
  2.4748E-01 -3.2197E-01  9.5955E+00  3.1369E-01  5.2592E-03
 -2.6215E-01  1.1957E-02  7.2199E+00  2.5778E-01  9.4768E-03
 -1.9960E+00  3.2199E-01  6.8865E+00  2.5660E-01  9.6080E-03
  2.1544E-01 -3.3643E-03  7.1501E+00  2.5601E-01  9.6746E-03
 -1.0829E+00  1.8603E-01  7.0444E+00  2.5542E-01  9.7418E-03
  5.9591E-01  1.8480E-01  7.0664E+00  2.5453E-01  9.8440E-03
  3.1464E-01  1.5383E-01  6.8951E+00  2.4978E-01  1.0416E-02
  1.4442E+00 -3.0697E-01  6.5745E+00  2.4560E-01  1.0958E-02
  6.3153E-01  1.6400E-01  6.3153E+00  2.3562E-01  1.2410E-02
 -1.3201E+00 -1.4935E-01  6.1964E+00  2.3532E-01  1.2458E-02
 -8.3073E-01  3.1196E-01  6.2273E+00  2.3410E-01  1.2654E-02
  2.0159E-01  9.1050E-02  6.1688E+00  2.3103E-01  1.3164E-02
 -2.8877E-01 -1.8214E-01  6.1515E+00  2.3073E-01  1.3216E-02
  1.8037E+00  2.1173E-01  5.8259E+00  2.2919E-01  1.3484E-02
 -1.3212E-01 -2.5136E-01  6.0606E+00  2.2827E-01  1.3648E-02
  1.4828E+00 -2.2334E-01  5.8669E+00  2.2796E-01  1.3704E-02
  1.1993E+00 -2.1775E-02  5.8161E+00  2.2487E-01  1.4277E-02
  1.9394E+00 -9.6563E-02  5.5873E+00  2.2424E-01  1.4396E-02
 -4.3928E-01  1.0873E-01  5.5939E+00  2.1612E-01  1.6081E-02
  1.9113E+00  2.3880E-01  5.2094E+00  2.1455E-01  1.6437E-02
 -9.2680E-01 -3.0644E-01  5.4558E+00  2.1423E-01  1.6510E-02
  9.3918E-01  1.6888E-01  5.3185E+00  2.1044E-01  1.7420E-02
 -4.3466E-01  9.8097E-02  5.2228E+00  2.0597E-01  1.8577E-02
 -1.5119E-01 -1.3216E-02  5.2049E+00  2.0501E-01  1.8839E-02
 -1.9339E+00 -1.3190E-01  4.7584E+00  2.0309E-01  1.9380E-02
  1.5047E+00 -1.6021E-01  4.8260E+00  2.0083E-01  2.0040E-02
 -9.6132E-01  1.8809E-01  4.9502E+00  2.0051E-01  2.0137E-02
  6.1743E-01 -1.7706E-01  4.9704E+00  1.9954E-01  2.0432E-02
  2.7437E-01 -7.4645E-02  5.0037E+00  1.9954E-01  2.0432E-02
 -1.9200E+00 -9.3951E-02  4.5663E+00  1.9792E-01  2.0937E-02
  1.4814E+00  6.8020E-02  4.4514E+00  1.9042E-01  2.3512E-02
 -5.6825E-01  1.3983E-01  4.6324E+00  1.8976E-01  2.3757E-02
 -6.2551E-01 -1.3972E-01  4.6021E+00  1.8910E-01  2.4006E-02
  1.7230E+00 -2.0889E-01  4.2980E+00  1.8877E-01  2.4132E-02
  1.0560E-01  1.3582E-01  4.6320E+00  1.8877E-01  2.4132E-02
 -1.2898E+00  1.1274E-01  4.3798E+00  1.8679E-01  2.4907E-02
  1.5255E+00  1.0794E-01  4.1713E+00  1.8315E-01  2.6425E-02
 -7.6907E-01  2.3288E-01  4.3466E+00  1.8248E-01  2.6715E-02
 -1.9005E+00 -2.7289E-01  3.8938E+00  1.8014E-01  2.7768E-02
 -8.2540E-01 -1.0780E-01  4.2379E+00  1.7948E-01  2.8079E-02
 -6.8685E-01  1.7772E-01  4.1806E+00  1.7713E-01  2.9211E-02
  2.5437E-01 -9.9225E-02  4.1979E+00  1.7612E-01  2.9716E-02
 -1.4832E+00  2.6685E-01  3.8437E+00  1.7376E-01  3.0944E-02
  1.0670E+00 -2.1479E-01  3.9594E+00  1.7308E-01  3.1308E-02
  1.2320E+00 -5.9926E-02  3.8349E+00  1.7071E-01  3.2633E-02
  1.9623E+00  1.0867E-01  3.4527E+00  1.6900E-01  3.3629E-02
  4.9856E-01 -1.0286E-01  3.7618E+00  1.6352E-01  3.7125E-02
 -1.4305E-01 -1.5689E-02  3.6836E+00  1.6007E-01  3.9579E-02
 -1.8975E+00  2.3123E-01  3.1008E+00  1.5869E-01  4.0625E-02
 -2.4348E-01  2.3748E-01  3.6049E+00  1.5799E-01  4.1163E-02
 -7.7927E-01 -3.3231E-02  3.3800E+00  1.5311E-01  4.5230E-02
  7.7852E-01 -1.8811E-01  3.3529E+00  1.5240E-01  4.5858E-02
 -4.7665E-01  2.2930E-02  3.4140E+00  1.5240E-01  4.5858E-02
 -1.0688E+00  6.1049E-02  3.2427E+00  1.5135E-01  4.6822E-02
 -1.7299E+00 -1.1791E-01  2.8793E+00  1.4959E-01  4.8494E-02
  1.8062E+00 -1.8323E-01  2.7261E+00  1.4676E-01  5.1350E-02
 -9.9577E-01  8.5740E-02  3.0967E+00  1.4606E-01  5.2102E-02
  8.7536E-01 -8.1023E-02  3.0776E+00  1.4428E-01  5.4049E-02
  1.0515E+00 -1.7678E-02  2.9107E+00  1.4071E-01  5.8265E-02
 -9.2700E-02 -6.2149E-02  3.0507E+00  1.3928E-01  6.0082E-02
 -1.7392E+00  1.0871E-01  2.4938E+00  1.3892E-01  6.0548E-02
 -1.6031E+00  7.1469E-02  2.5103E+00  1.3676E-01  6.3458E-02
 -6.1661E-01  1.9805E-01  2.8761E+00  1.3568E-01  6.4988E-02
  5.9047E-01  4.9245E-02  2.8561E+00  1.3460E-01  6.6569E-02
  1.7517E+00  2.2000E-01  2.3219E+00  1.3460E-01  6.6569E-02
 -4.8217E-01  1.9364E-01  2.8491E+00  1.3388E-01  6.7653E-02
 -2.4018E-01  1.3486E-02  2.8446E+00  1.3243E-01  6.9898E-02
 -6.0059E-02 -8.2400E-02  2.8426E+00  1.3207E-01  7.0476E-02
 -1.7973E+00  7.2425E-02  2.1634E+00  1.3098E-01  7.2249E-02
  8.7902E-01 -8.9952E-02  2.6495E+00  1.3025E-01  7.3466E-02
 -1.6848E-02 -1.1895E-01  2.7903E+00  1.3025E-01  7.3466E-02
  1.6640E+00 -4.8623E-02  2.2298E+00  1.2988E-01  7.4085E-02
 -1.0244E+00 -1.5781E-01  2.5051E+00  1.2733E-01  7.8631E-02
  9.7524E-01 -1.1374E-01  2.4943E+00  1.2623E-01  8.0699E-02
 -5.6165E-01  1.1722E-01  2.5667E+00  1.2440E-01  8.4318E-02
  1.8802E+00 -1.6650E-01 -1.8169E+00  1.2403E-01  8.5069E-02
 -1.8112E+00  1.8275E-01 -1.8842E+00  1.2403E-01  8.5069E-02
 -1.4532E+00  7.9860E-02  2.1785E+00  1.2403E-01  8.5069E-02
 -2.3911E-02  3.6042E-02  2.6095E+00  1.2367E-01  8.5829E-02
  3.0214E-01 -9.9921E-02  2.5802E+00  1.2330E-01  8.6599E-02
  9.9343E-01  1.9264E-01  2.3729E+00  1.2256E-01  8.8168E-02
  3.6637E-01  3.0775E-02  2.5331E+00  1.2183E-01  8.9776E-02
 -1.0453E+00  8.3328E-02  2.3241E+00  1.2146E-01  9.0595E-02
  1.1080E+00  4.0177E-02  2.2405E+00  1.1961E-01  9.4853E-02
  1.7933E+00 -5.4956E-02  1.7122E+00  1.1888E-01  9.6634E-02
 -9.0398E-01 -1.6334E-02  2.2775E+00  1.1776E-01  9.9393E-02
 -7.8742E-01  1.6673E-01  2.2727E+00  1.1628E-01  1.0324E-01
 -1.3044E+00 -1.2919E-01  2.0119E+00  1.1591E-01  1.0424E-01
 -1.1310E+00 -2.0654E-01  2.0858E+00  1.1517E-01  1.0627E-01
  1.6986E-02  1.2389E-01  2.3686E+00  1.1480E-01  1.0731E-01
  1.7451E+00 -4.0558E-03 -1.6065E+00  1.1480E-01  1.0731E-01
  8.1252E-01 -7.6529E-02  2.2064E+00  1.1405E-01  1.0942E-01
  2.0774E-01  1.1914E-01  2.3110E+00  1.1293E-01  1.1270E-01
 -1.7217E+00 -7.2864E-02  1.5583E+00  1.1293E-01  1.1270E-01
  1.7618E+00  1.4933E-01 -1.4319E+00  1.1107E-01  1.1847E-01
  1.1918E+00 -1.1231E-01  1.9235E+00  1.1070E-01  1.1968E-01
 -8.7270E-01  1.0941E-01  2.0879E+00  1.1070E-01  1.1968E-01
  4.3503E-01  1.4298E-01  2.2189E+00  1.1070E-01  1.1968E-01
 -1.2113E+00  1.3032E-01  1.9102E+00  1.1070E-01  1.1968E-01
 -1.8604E+00  1.3606E-01 -1.2858E+00  1.1070E-01  1.1968E-01
  1.6558E+00  2.0270E-01 -1.5189E+00  1.1032E-01  1.2090E-01
 -1.1506E+00  3.7920E-02  1.9291E+00  1.0995E-01  1.2214E-01
  1.5770E+00 -1.3554E-01  1.5264E+00  1.0808E-01  1.2859E-01
 -1.4348E+00 -1.8368E-02  1.6538E+00  1.0770E-01  1.2994E-01
  5.0686E-01 -7.7792E-03  2.1300E+00  1.0770E-01  1.2994E-01
 -1.7843E+00  7.8517E-02  1.2665E+00  1.0770E-01  1.2994E-01
  9.5000E-01  7.8826E-02  1.9711E+00  1.0770E-01  1.2994E-01
  1.8832E+00  6.4003E-02  1.1150E+00  1.0770E-01  1.2994E-01
  1.8822E+00  8.4558E-02 -1.0968E+00  1.0733E-01  1.3131E-01
 -1.1541E+00 -3.3703E-02 -1.8159E+00  1.0620E-01  1.3553E-01
 -1.6185E+00  8.4263E-02  1.4156E+00  1.0620E-01  1.3553E-01
 -1.5577E+00  1.6612E-01 -1.4616E+00  1.0582E-01  1.3698E-01
 -1.1581E+00 -1.8421E-01 -1.7484E+00  1.0432E-01  1.4299E-01
  1.8595E+00  1.8385E-01 -9.4928E-01  1.0394E-01  1.4454E-01
 -4.8752E-01 -1.1905E-01  2.0349E+00  1.0394E-01  1.4454E-01
  1.8555E+00 -1.6551E-01  9.4011E-01  1.0357E-01  1.4613E-01
 -1.1702E+00  1.2260E-01  1.7233E+00  1.0357E-01  1.4613E-01
  1.7312E+00 -1.5422E-01  1.1547E+00  1.0357E-01  1.4613E-01
 -1.6391E+00 -6.4465E-02 -1.2746E+00  1.0319E-01  1.4773E-01
  7.6822E-01  9.5625E-02  1.9278E+00  1.0319E-01  1.4773E-01
  1.7575E+00  1.1718E-01  1.0484E+00  1.0206E-01  1.5269E-01
  1.8896E+00 -1.8141E-01 -7.4886E-01  1.0168E-01  1.5440E-01
  1.3772E+00 -1.0165E-02 -1.5058E+00  1.0168E-01  1.5440E-01
  1.1893E+00  1.3282E-01 -1.6417E+00  1.0131E-01  1.5613E-01
 -1.5824E+00 -1.0443E-01  1.2697E+00  1.0131E-01  1.5613E-01
  8.6378E-01 -2.1590E-02 -1.8386E+00  1.0131E-01  1.5613E-01
  1.1780E+00 -1.1406E-01 -1.6399E+00  1.0093E-01  1.5789E-01
  1.6683E+00  1.1973E-01 -1.1042E+00  1.0017E-01  1.6148E-01
  1.2228E+00 -3.6939E-02 -1.5760E+00  9.9797E-02  1.6332E-01
  9.7189E-01  1.9807E-02  1.7216E+00  9.9041E-02  1.6709E-01
  1.1579E+00  1.2870E-01  1.5862E+00  9.8663E-02  1.6902E-01
  1.7039E+00  1.7398E-01  9.3247E-01  9.7907E-02  1.7297E-01
 -1.7046E-02  6.8486E-02  1.9489E+00  9.7907E-02  1.7297E-01
  1.1689E+00  1.8498E-01 -1.5500E+00  9.7907E-02  1.7297E-01
  1.7636E+00 -1.3397E-01 -8.0009E-01  9.7529E-02  1.7499E-01
  1.6471E+00 -1.5521E-01 -9.9835E-01  9.7150E-02  1.7704E-01
  1.2531E+00  1.4349E-02 -1.4591E+00  9.6772E-02  1.7912E-01
  1.1764E+00  1.0484E-01 -1.5181E+00  9.6772E-02  1.7912E-01
 -2.9792E-01  4.3218E-02 -1.8907E+00  9.6393E-02  1.8124E-01
 -9.1151E-01  3.6403E-03 -1.6836E+00  9.6393E-02  1.8124E-01
  1.8140E+00  8.5849E-02  6.0629E-01  9.6393E-02  1.8124E-01
  7.9283E-01  1.2807E-01 -1.7282E+00  9.6015E-02  1.8340E-01
  6.9698E-01 -9.5513E-02  1.7711E+00  9.6015E-02  1.8340E-01
  1.7923E+00  8.6547E-02 -6.4172E-01  9.6015E-02  1.8340E-01
 -4.0904E-01 -1.2592E-01  1.8570E+00  9.6015E-02  1.8340E-01
 -1.5665E+00 -1.7439E-01 -1.0553E+00  9.5636E-02  1.8558E-01
  1.6902E+00  1.1198E-01  8.3393E-01  9.5257E-02  1.8781E-01
  2.9909E-01  3.2369E-02 -1.8550E+00  9.4878E-02  1.9007E-01
 -1.6469E+00 -7.6263E-02 -9.0203E-01  9.4878E-02  1.9007E-01
  1.6208E+00 -1.2283E-01  9.2558E-01  9.4499E-02  1.9236E-01
  3.5825E-01  1.8214E-01  1.8268E+00  9.4499E-02  1.9236E-01
  3.3947E-01 -1.4279E-01  1.8339E+00  9.4499E-02  1.9236E-01
  1.8624E+00 -1.7254E-01 -2.4329E-02  9.4499E-02  1.9236E-01
  5.8125E-01 -1.4113E-01  1.7631E+00  9.4120E-02  1.9470E-01
  5.5740E-01 -1.3023E-01 -1.7624E+00  9.3741E-02  1.9707E-01
  1.5872E+00  5.8721E-02  9.3755E-01  9.3361E-02  1.9948E-01
 -1.7397E+00  1.1079E-01  6.0244E-01  9.3361E-02  1.9948E-01
  1.7060E+00 -1.0689E-01 -6.9281E-01  9.3361E-02  1.9948E-01
 -8.2169E-01 -1.7795E-01  1.6416E+00  9.3361E-02  1.9948E-01
 -2.2661E-01  1.4455E-01 -1.8159E+00  9.2982E-02  2.0193E-01
 -1.6868E+00 -1.2818E-02  7.2422E-01  9.2982E-02  2.0193E-01
  1.3551E+00 -3.8700E-02  1.2249E+00  9.2603E-02  2.0443E-01
  1.5662E+00 -1.2153E-01  9.1604E-01  9.2223E-02  2.0696E-01
  6.1136E-01  8.6502E-02  1.7104E+00  9.2223E-02  2.0696E-01
 -1.2097E+00 -8.5583E-02  1.3435E+00  9.1844E-02  2.0954E-01
  1.4074E+00  7.3912E-02 -1.1218E+00  9.1464E-02  2.1216E-01
  3.7546E-01 -1.5999E-01 -1.7545E+00  9.1464E-02  2.1216E-01
 -1.3211E+00 -1.1836E-01 -1.2188E+00  9.1464E-02  2.1216E-01
  1.4933E+00 -7.6455E-02  1.0044E+00  9.1464E-02  2.1216E-01
 -1.2948E+00 -1.8278E-01  1.2389E+00  9.1464E-02  2.1216E-01
 -1.6446E+00  1.7232E-01  6.7034E-01  9.0704E-02  2.1753E-01
  1.7557E+00 -2.3913E-02 -3.1732E-01  9.0704E-02  2.1753E-01
 -4.7866E-01  1.1484E-02 -1.7188E+00  9.0704E-02  2.1753E-01
  1.7338E+00  1.5928E-01 -3.4929E-01  9.0325E-02  2.2029E-01
 -1.0913E+00 -1.0201E-01 -1.3756E+00  8.9565E-02  2.2594E-01
 -1.7097E+00  9.5742E-02  3.6325E-01  8.9185E-02  2.2884E-01
 -1.0396E+00 -1.4592E-01  1.3903E+00  8.8805E-02  2.3179E-01
 -1.0909E+00 -4.9159E-02  1.3574E+00  8.8805E-02  2.3179E-01
 -8.5791E-01 -6.7041E-02 -1.5148E+00  8.8805E-02  2.3179E-01
  1.2670E+00 -1.0591E-01  1.1665E+00  8.8044E-02  2.3785E-01
  1.4334E+00  8.7220E-02  9.5645E-01  8.8044E-02  2.3785E-01
  1.4633E+00 -1.0697E-01  9.0807E-01  8.8044E-02  2.3785E-01
  1.5113E+00 -6.5778E-02 -8.2995E-01  8.8044E-02  2.3785E-01
 -5.4005E-02 -7.7445E-02 -1.7063E+00  8.7284E-02  2.4412E-01
 -7.8950E-01  9.9534E-02 -1.5123E+00  8.7284E-02  2.4412E-01
 -1.4850E+00  6.1945E-02 -8.4325E-01  8.7284E-02  2.4412E-01
 -1.6701E+00  5.7692E-02  3.1546E-01  8.6904E-02  2.4734E-01
 -1.6842E+00  1.2155E-01 -2.0216E-01  8.6904E-02  2.4734E-01
  1.6884E+00 -8.6422E-02 -7.8817E-02  8.6524E-02  2.5061E-01
  1.4665E+00  6.5842E-02  8.2570E-01  8.6143E-02  2.5395E-01
 -7.8670E-01 -4.7425E-02 -1.4885E+00  8.6143E-02  2.5395E-01
  1.6559E+00 -7.0804E-02  2.9954E-01  8.6143E-02  2.5395E-01
 -1.5059E+00 -2.7166E-02 -7.5379E-01  8.6143E-02  2.5395E-01
 -1.2010E+00  1.5463E-01  1.1589E+00  8.5763E-02  2.5734E-01
  2.9152E-02  1.8377E-01  1.6657E+00  8.5763E-02  2.5734E-01
  1.6758E+00  3.2091E-02 -1.1297E-03  8.5763E-02  2.5734E-01
 -6.2726E-01  1.0933E-01 -1.5504E+00  8.5763E-02  2.5734E-01
  1.3301E+00 -1.8559E-01  1.0028E+00  8.5763E-02  2.5734E-01
 -1.4679E+00  7.1283E-02  7.8885E-01  8.5382E-02  2.6079E-01
  6.0397E-01  6.9173E-02 -1.5445E+00  8.5002E-02  2.6431E-01
 -1.5469E+00  4.7511E-02  5.7724E-01  8.4622E-02  2.6789E-01
 -1.2026E+00 -1.6735E-01 -1.1199E+00  8.4622E-02  2.6789E-01
  6.5546E-01  1.7145E-01  1.4976E+00  8.4241E-02  2.7154E-01
 -1.3086E+00  1.0362E-01 -9.8936E-01  8.4241E-02  2.7154E-01
 -1.3323E+00 -9.3605E-02 -9.5818E-01  8.4241E-02  2.7154E-01
 -1.3462E+00 -3.4703E-04  9.2918E-01  8.3861E-02  2.7525E-01
  3.3839E-02 -1.0865E-01 -1.6318E+00  8.3861E-02  2.7525E-01
  4.5324E-01 -1.1174E-01 -1.5677E+00  8.3861E-02  2.7525E-01
  1.3068E+00 -1.5287E-01 -9.5847E-01  8.3480E-02  2.7903E-01
 -1.1153E+00 -5.5404E-02 -1.1843E+00  8.3480E-02  2.7903E-01
 -1.3379E+00  1.1130E-01 -9.2052E-01  8.3480E-02  2.7903E-01
 -8.2877E-01 -4.7236E-03  1.4010E+00  8.3480E-02  2.7903E-01
 -7.9782E-01  1.1047E-01  1.4054E+00  8.3100E-02  2.8288E-01
 -1.5861E+00 -1.7272E-01 -2.7998E-01  8.3100E-02  2.8288E-01
 -1.5948E+00 -1.3196E-02  2.8347E-01  8.3100E-02  2.8288E-01
 -7.2341E-02  1.5349E-01 -1.6030E+00  8.2719E-02  2.8681E-01
  1.1130E+00 -1.3113E-01  1.1476E+00  8.2338E-02  2.9080E-01
  1.5938E+00 -6.6082E-02  5.7574E-02  8.1958E-02  2.9487E-01
 -8.0372E-01  9.1795E-02 -1.3669E+00  8.1577E-02  2.9902E-01
  1.4732E+00 -5.7293E-03  5.9374E-01  8.1577E-02  2.9902E-01
  1.4491E+00  1.9501E-02  6.3087E-01  8.1197E-02  3.0324E-01
  1.2960E+00 -1.4589E-01 -8.9296E-01  8.1197E-02  3.0324E-01
  1.3411E+00 -3.8767E-02 -8.3557E-01  8.1197E-02  3.0324E-01
 -1.5424E+00  7.0893E-02 -2.9973E-01  8.0816E-02  3.0755E-01
  6.0179E-01  6.1936E-02 -1.4518E+00  8.0816E-02  3.0755E-01
  8.4251E-01  6.2157E-02  1.3267E+00  8.0816E-02  3.0755E-01
  8.2080E-01  9.0222E-02  1.3205E+00  8.0055E-02  3.1640E-01
 -6.9230E-01  1.2036E-01 -1.3899E+00  8.0055E-02  3.1640E-01
  1.4228E+00 -9.3733E-03  6.3335E-01  8.0055E-02  3.1640E-01
 -1.0477E+00 -7.5677E-02  1.1499E+00  8.0055E-02  3.1640E-01
 -2.9425E-01  1.4015E-01  1.5229E+00  8.0055E-02  3.1640E-01
  1.5335E+00 -1.7638E-01 -1.3787E-01  7.9674E-02  3.2096E-01
  1.1433E+00 -6.9800E-02 -1.0440E+00  7.9674E-02  3.2096E-01
  1.1048E+00 -6.8267E-02 -1.0847E+00  7.9674E-02  3.2096E-01
  5.6233E-01  9.6413E-02  1.4409E+00  7.9674E-02  3.2096E-01
 -1.6583E-01  1.5600E-01 -1.5253E+00  7.9293E-02  3.2561E-01
  5.9304E-01 -1.4745E-01  1.4077E+00  7.8913E-02  3.3034E-01
 -1.4461E+00  1.4396E-01 -4.9284E-01  7.8913E-02  3.3034E-01
 -1.4665E+00 -9.2419E-02 -4.4244E-01  7.8913E-02  3.3034E-01
 -1.2764E+00  4.2741E-02 -8.3707E-01  7.8532E-02  3.3517E-01
 -3.2115E-01 -7.3515E-02  1.4911E+00  7.8532E-02  3.3517E-01
  6.4492E-01  9.1007E-02  1.3729E+00  7.8152E-02  3.4009E-01
 -2.2117E-01 -1.2086E-01  1.4985E+00  7.8152E-02  3.4009E-01
 -1.5008E+00  2.3793E-02  2.3670E-01  7.8152E-02  3.4009E-01
 -1.4980E+00  6.6009E-02 -2.4590E-01  7.8152E-02  3.4009E-01
  1.3819E+00 -8.3781E-02  6.0789E-01  7.7771E-02  3.4511E-01
  5.1425E-01 -1.1725E-01 -1.4171E+00  7.7771E-02  3.4511E-01
 -1.3898E+00 -2.5354E-02  5.7584E-01  7.7390E-02  3.5022E-01
  1.0186E+00 -1.0851E-01 -1.1021E+00  7.7390E-02  3.5022E-01
 -3.0425E-01  1.2325E-01  1.4608E+00  7.7010E-02  3.5544E-01
 -1.5288E-01 -1.3300E-02  1.4893E+00  7.7010E-02  3.5544E-01
  1.2868E+00  8.6210E-02 -7.6051E-01  7.7010E-02  3.5544E-01
  4.7162E-01  9.9260E-02 -1.4097E+00  7.6629E-02  3.6076E-01
  6.9059E-01 -1.4775E-01  1.3035E+00  7.6248E-02  3.6619E-01
  1.1170E+00  6.0375E-02 -9.6165E-01  7.5868E-02  3.7173E-01
 -4.5967E-01 -5.9073E-02  1.4005E+00  7.5868E-02  3.7173E-01
  1.3527E+00 -1.0775E-01 -5.5986E-01  7.5487E-02  3.7739E-01
 -1.3985E+00  1.7676E-01 -4.0975E-01  7.5487E-02  3.7739E-01
 -1.1855E+00  1.0075E-01 -8.5983E-01  7.5487E-02  3.7739E-01
 -8.5279E-01  5.4246E-02 -1.1847E+00  7.5106E-02  3.8315E-01
 -4.8799E-01 -4.9713E-02 -1.3683E+00  7.4726E-02  3.8904E-01
  9.5399E-01 -1.3412E-01 -1.0885E+00  7.4726E-02  3.8904E-01
  5.1358E-01  1.9997E-02 -1.3520E+00  7.4345E-02  3.9504E-01
 -1.0186E+00  2.7865E-02 -1.0265E+00  7.4345E-02  3.9504E-01
 -1.4268E+00 -6.6199E-02 -2.2784E-01  7.4345E-02  3.9504E-01
 -9.7523E-01 -4.6097E-02 -1.0672E+00  7.4345E-02  3.9504E-01
  4.1978E-01  4.6394E-02  1.3834E+00  7.4345E-02  3.9504E-01
  9.9958E-02 -1.4906E-01 -1.4352E+00  7.4345E-02  3.9504E-01
  5.1726E-01  1.1345E-02  1.3431E+00  7.3965E-02  4.0117E-01
  1.3080E+00 -1.0278E-01  5.9184E-01  7.3965E-02  4.0117E-01
 -1.5833E-01  1.7752E-01 -1.4195E+00  7.3965E-02  4.0117E-01
 -1.3760E+00 -4.1905E-02 -3.9511E-01  7.3584E-02  4.0743E-01
  1.4191E+00 -4.5294E-03  1.9368E-01  7.3584E-02  4.0743E-01
  1.4209E+00  1.0291E-01 -4.0409E-02  7.3203E-02  4.1382E-01
  5.6896E-01 -8.6819E-02 -1.3038E+00  7.3203E-02  4.1382E-01
  1.4074E+00 -1.7512E-01 -1.0100E-02  7.2822E-02  4.2035E-01
 -1.0294E+00 -1.6102E-01  9.6220E-01  7.2822E-02  4.2035E-01
  1.4062E+00  9.1892E-02 -7.6918E-02  7.2442E-02  4.2701E-01
 -1.0716E+00  1.0403E-01  9.1251E-01  7.2442E-02  4.2701E-01
  5.0655E-01  1.6974E-01 -1.3063E+00  7.2442E-02  4.2701E-01
 -1.2115E+00 -4.5576E-02  7.0888E-01  7.2061E-02  4.3381E-01
  9.6089E-01 -1.2052E-01  1.0171E+00  7.2061E-02  4.3381E-01
 -1.3489E+00 -8.5331E-02  3.8167E-01  7.2061E-02  4.3381E-01
 -9.6749E-01 -1.6583E-01  1.0044E+00  7.2061E-02  4.3381E-01
 -1.0564E+00 -5.1110E-02  9.2404E-01  7.2061E-02  4.3381E-01
  5.3766E-01 -1.4430E-01 -1.2819E+00  7.1680E-02  4.4076E-01
  1.5556E-01  2.1492E-02 -1.3887E+00  7.1680E-02  4.4076E-01
  1.3870E+00 -9.6446E-02  3.2634E-02  7.1300E-02  4.4786E-01
  5.5648E-01  1.1289E-03 -1.2745E+00  7.1300E-02  4.4786E-01
 -1.3256E-02 -3.3682E-02  1.3835E+00  7.0919E-02  4.5511E-01
  1.3748E+00 -1.2855E-01 -9.2853E-02  7.0919E-02  4.5511E-01
  4.7806E-01  7.1669E-02 -1.2968E+00  7.0919E-02  4.5511E-01
  1.2988E+00 -2.8019E-02 -4.5713E-01  7.0538E-02  4.6253E-01
  1.3336E+00  1.7660E-02  3.1569E-01  7.0157E-02  4.7010E-01
 -1.6064E-01  1.5023E-01  1.3528E+00  7.0157E-02  4.7010E-01
 -1.3325E+00 -9.3372E-02 -3.0661E-01  7.0157E-02  4.7010E-01
  2.7636E-01 -6.0089E-02 -1.3410E+00  7.0157E-02  4.7010E-01
  1.3495E+00 -1.0483E-01  1.6781E-01  6.9776E-02  4.7784E-01
  1.1250E+00 -4.3857E-02 -7.6979E-01  6.9776E-02  4.7784E-01
 -2.2669E-01  8.9911E-02  1.3419E+00  6.9776E-02  4.7784E-01
  1.3073E+00  8.4916E-02 -3.5493E-01  6.9395E-02  4.8575E-01
  1.2655E+00  2.6447E-03  4.9080E-01  6.9395E-02  4.8575E-01
  6.6959E-02 -1.0626E-01  1.3515E+00  6.9395E-02  4.8575E-01
  5.7835E-01 -1.5994E-01 -1.2175E+00  6.9395E-02  4.8575E-01
  6.1710E-01  4.5721E-02  1.2007E+00  6.9014E-02  4.9384E-01
  1.3208E+00  1.2909E-01 -2.5165E-01  6.9014E-02  4.9384E-01
  5.0787E-01 -1.7689E-01 -1.2391E+00  6.9014E-02  4.9384E-01
 -1.3136E+00 -2.6739E-02  3.1336E-01  6.9014E-02  4.9384E-01
  1.2469E+00  1.8541E-01 -4.8522E-01  6.9014E-02  4.9384E-01
 -1.3139E+00 -1.7437E-02  2.8326E-01  6.8633E-02  5.0211E-01
  7.1263E-01 -6.7745E-02 -1.1378E+00  6.8633E-02  5.0211E-01
  5.3102E-01 -1.2497E-01 -1.2286E+00  6.8633E-02  5.0211E-01
  8.9256E-01  7.5289E-02  1.0023E+00  6.8633E-02  5.0211E-01
  8.8986E-01  9.7648E-02  9.9411E-01  6.8252E-02  5.1057E-01
  4.4691E-01  3.4752E-02 -1.2536E+00  6.7871E-02  5.1923E-01
 -1.1881E+00  5.9469E-03 -6.0073E-01  6.7871E-02  5.1923E-01
  1.2824E+00  1.1729E-01 -3.1210E-01  6.7489E-02  5.2808E-01
  1.1387E+00 -8.0546E-02  6.7267E-01  6.7489E-02  5.2808E-01
 -1.5820E-02  7.5296E-03 -1.3185E+00  6.7108E-02  5.3713E-01
 -1.3029E+00  5.8338E-02 -1.9493E-01  6.7108E-02  5.3713E-01
  1.0633E-02 -3.8535E-03  1.3186E+00  6.7108E-02  5.3713E-01
  1.9892E-01  4.9291E-02  1.2963E+00  6.6726E-02  5.4640E-01
  6.7292E-01  5.8540E-02 -1.1252E+00  6.6726E-02  5.4640E-01
  7.8851E-01  5.7063E-02  1.0397E+00  6.6345E-02  5.5588E-01
 -1.2895E+00  1.4784E-01  1.4582E-01  6.6345E-02  5.5588E-01
 -1.0483E+00 -7.5491E-02 -7.6503E-01  6.5963E-02  5.6559E-01
 -8.6256E-01 -1.6472E-01 -9.5853E-01  6.5963E-02  5.6559E-01
  6.1606E-01  7.5302E-02  1.1423E+00  6.5963E-02  5.6559E-01
  1.1741E+00 -4.4123E-02  5.5638E-01  6.5963E-02  5.6559E-01
 -8.3212E-01 -1.6536E-01 -9.7686E-01  6.5581E-02  5.7553E-01
  3.4685E-01 -1.8442E-01  1.2328E+00  6.5581E-02  5.7553E-01
 -6.2977E-01 -9.3864E-02 -1.1193E+00  6.5199E-02  5.8571E-01
  1.2601E+00 -4.1350E-02 -2.6200E-01  6.5199E-02  5.8571E-01
 -4.6730E-01  1.6632E-01 -1.1754E+00  6.4434E-02  6.0681E-01
  1.1849E+00  1.0604E-01 -4.6084E-01  6.4434E-02  6.0681E-01
  7.3439E-01 -1.2286E-01  1.0359E+00  6.4434E-02  6.0681E-01
  2.5282E-02  6.5160E-02  1.2738E+00  6.4434E-02  6.0681E-01
  5.6171E-01  1.0526E-01  1.1339E+00  6.4051E-02  6.1776E-01
 -1.1877E+00  1.8283E-01  4.1026E-01  6.4051E-02  6.1776E-01
  5.3892E-01 -5.5733E-02  1.1419E+00  6.3669E-02  6.2897E-01
  3.3770E-01  1.0457E-01  1.2135E+00  6.3669E-02  6.2897E-01
  5.4414E-01 -3.5160E-02 -1.1403E+00  6.3669E-02  6.2897E-01
 -1.5000E-01 -1.1835E-02  1.2549E+00  6.3669E-02  6.2897E-01
  1.0595E+00 -8.2144E-02  6.8424E-01  6.3669E-02  6.2897E-01
  1.1408E+00  2.2257E-02 -5.4362E-01  6.3669E-02  6.2897E-01
  8.4300E-01 -3.9351E-03  9.3388E-01  6.3285E-02  6.4046E-01
  1.1879E+00 -1.4994E-01  3.8630E-01  6.3285E-02  6.4046E-01
  1.2400E+00 -1.5329E-01  8.4085E-02  6.2902E-02  6.5224E-01
 -1.7039E-01  1.6065E-01 -1.2244E+00  6.2518E-02  6.6433E-01
 -7.4822E-01  5.2284E-02  9.9570E-01  6.2518E-02  6.6433E-01
 -1.0021E+00  1.3608E-01  7.2886E-01  6.2518E-02  6.6433E-01
 -7.1249E-02  1.8178E-01  1.2312E+00  6.2518E-02  6.6433E-01
  1.0589E+00  2.4146E-02  6.4654E-01  6.2134E-02  6.7672E-01
  6.9329E-01  8.8245E-02 -1.0254E+00  6.2134E-02  6.7672E-01
  1.1937E+00  7.2512E-02 -3.0948E-01  6.1750E-02  6.8943E-01
 -7.4898E-01 -1.7052E-01  9.6742E-01  6.1750E-02  6.8943E-01
  1.2045E+00  1.4077E-01 -2.0374E-01  6.1365E-02  7.0248E-01
  6.2902E-01 -6.3216E-02  1.0548E+00  6.1365E-02  7.0248E-01
 -6.4739E-01  1.5423E-01 -1.0275E+00  6.0980E-02  7.1587E-01
  7.3162E-01  1.2473E-01 -9.7358E-01  6.0980E-02  7.1587E-01
  1.1207E+00  1.0047E-01 -4.8223E-01  6.0980E-02  7.1587E-01
 -4.3097E-01 -1.7530E-01 -1.1324E+00  6.0980E-02  7.1587E-01
 -1.1264E+00  3.7415E-02  4.6381E-01  6.0595E-02  7.2962E-01
 -4.5477E-01  1.5251E-03  1.1249E+00  6.0209E-02  7.4374E-01
  2.8744E-01 -3.0308E-02 -1.1729E+00  5.9822E-02  7.5825E-01
 -1.2016E+00  1.2436E-01 -1.8242E-03  5.9822E-02  7.5825E-01
 -8.4789E-01  1.2401E-01 -8.4393E-01  5.9436E-02  7.7315E-01
 -6.6690E-01 -8.7516E-02  9.9705E-01  5.9436E-02  7.7315E-01
  9.4194E-01 -6.4573E-02 -7.3657E-01  5.9048E-02  7.8847E-01
  6.4946E-01 -5.2687E-02  1.0047E+00  5.9048E-02  7.8847E-01
  1.0812E+00  9.5876E-02  5.0570E-01  5.9048E-02  7.8847E-01
  1.0893E+00 -7.3597E-02  4.7918E-01  5.8660E-02  8.0422E-01
  1.2961E-01  1.8546E-01  1.1706E+00  5.8660E-02  8.0422E-01
 -9.1950E-01  8.6183E-02  7.5411E-01  5.8660E-02  8.0422E-01
  9.4185E-01 -2.5183E-02 -7.3067E-01  5.8660E-02  8.0422E-01
  1.1437E+00 -9.9592E-02 -3.0248E-01  5.8271E-02  8.2042E-01
 -1.6393E-01  1.5017E-01  1.1610E+00  5.7882E-02  8.3709E-01
  4.7704E-01  1.7256E-01 -1.0677E+00  5.7882E-02  8.3709E-01
 -3.4366E-01 -3.9043E-02  1.1304E+00  5.7882E-02  8.3709E-01
 -1.1631E+00  3.3253E-02 -1.7816E-01  5.7492E-02  8.5424E-01
 -7.7741E-01  1.6254E-01 -8.6881E-01  5.7492E-02  8.5424E-01
 -7.9411E-01  6.4945E-02 -8.6648E-01  5.7492E-02  8.5424E-01
  1.1435E+00  1.5544E-01 -2.3228E-01  5.7492E-02  8.5424E-01
  7.4266E-01 -6.0165E-02  9.1129E-01  5.7492E-02  8.5424E-01
  1.0812E+00 -4.7934E-02  4.5017E-01  5.7101E-02  8.7190E-01
  1.0489E+00 -8.3801E-02  5.1655E-01  5.7101E-02  8.7190E-01
  1.5840E-01  5.2449E-02 -1.1602E+00  5.7101E-02  8.7190E-01
 -1.0902E-02  1.8430E-01  1.1575E+00  5.7101E-02  8.7190E-01
  1.0696E+00  1.2220E-01 -4.6377E-01  5.7101E-02  8.7190E-01
 -8.7066E-01  1.7374E-01 -7.5041E-01  5.6317E-02  9.0882E-01
 -1.0507E+00  5.1148E-02  4.8342E-01  5.5924E-02  9.2814E-01
 -5.3210E-01 -7.0234E-02 -1.0258E+00  5.5924E-02  9.2814E-01
 -5.7319E-01  6.0991E-02  1.0040E+00  5.5924E-02  9.2814E-01
 -6.7285E-01 -5.4204E-02 -9.4055E-01  5.5924E-02  9.2814E-01
  3.0600E-01  1.7699E-02  1.1164E+00  5.5924E-02  9.2814E-01
  1.0590E+00 -1.1242E-01 -4.5400E-01  5.5924E-02  9.2814E-01
 -1.0609E+00 -1.1649E-01 -4.3636E-01  5.5530E-02  9.4805E-01
 -4.4335E-01  1.5829E-01  1.0525E+00  5.5530E-02  9.4805E-01
 -1.0437E+00  2.8911E-02 -4.8911E-01  5.5530E-02  9.4805E-01
  1.0738E+00  1.5867E-01 -3.8895E-01  5.5530E-02  9.4805E-01
  1.1384E+00 -1.1553E-01 -1.4152E-01  5.5530E-02  9.4805E-01
  3.6163E-01  1.7317E-01  1.0761E+00  5.5134E-02  9.6859E-01
 -1.1057E+00  1.6035E-01 -2.4501E-01  5.4738E-02  9.8980E-01
  5.0104E-01 -3.3584E-02  1.0277E+00  5.4738E-02  9.8980E-01
  9.4017E-01  1.1149E-01  6.4181E-01  5.4738E-02  9.8980E-01
 -4.9350E-01 -7.2802E-02  1.0293E+00  5.4738E-02  9.8980E-01
 -9.5810E-01 -1.8334E-01 -5.8856E-01  5.4340E-02  1.0117E+00
  9.0624E-01 -5.7396E-02 -6.8805E-01  5.4340E-02  1.0117E+00
 -3.2071E-01 -6.5913E-03 -1.0932E+00  5.4340E-02  1.0117E+00
  1.0682E+00 -6.6204E-02 -3.9047E-01  5.4340E-02  1.0117E+00
  9.9346E-01 -1.0948E-01 -5.4684E-01  5.4340E-02  1.0117E+00
  1.4859E-01  1.5762E-01  1.1140E+00  5.3941E-02  1.0343E+00
  8.6060E-01 -1.8365E-01 -7.1659E-01  5.3941E-02  1.0343E+00
 -9.8870E-01 -4.9545E-02  5.5486E-01  5.3941E-02  1.0343E+00
  6.3206E-02 -1.5285E-01  1.1227E+00  5.3941E-02  1.0343E+00
  6.0943E-01  1.5907E-01 -9.3873E-01  5.3541E-02  1.0577E+00
  6.1656E-01 -1.3733E-01  9.3750E-01  5.3541E-02  1.0577E+00
 -4.9823E-01 -6.5785E-02 -1.0078E+00  5.3139E-02  1.0818E+00
  6.2331E-01  8.2252E-02 -9.3428E-01  5.3139E-02  1.0818E+00
 -6.8255E-01 -1.2132E-01 -8.8745E-01  5.3139E-02  1.0818E+00
  5.2984E-01  1.6495E-01  9.7991E-01  5.3139E-02  1.0818E+00
 -3.1247E-01  1.5718E-02  1.0774E+00  5.2736E-02  1.1068E+00
  2.8544E-01  7.9694E-02 -1.0820E+00  5.2736E-02  1.1068E+00
 -8.6076E-01 -2.6688E-02 -7.1901E-01  5.2736E-02  1.1068E+00
  4.1486E-01 -1.2476E-01  1.0303E+00  5.2331E-02  1.1327E+00
  8.1439E-01  5.2535E-02 -7.6369E-01  5.2331E-02  1.1327E+00
  8.4001E-01 -9.9727E-03 -7.3722E-01  5.2331E-02  1.1327E+00
 -3.4771E-01  5.8233E-02 -1.0606E+00  5.2331E-02  1.1327E+00
  1.1064E+00  1.5780E-01  1.2703E-02  5.2331E-02  1.1327E+00
 -1.0702E+00 -1.0459E-01  2.8919E-01  5.1925E-02  1.1595E+00
  3.4245E-01  5.9989E-02  1.0579E+00  5.1925E-02  1.1595E+00
 -3.1983E-03 -3.3700E-02 -1.1130E+00  5.1925E-02  1.1595E+00
 -1.0053E+00 -1.7925E-02 -4.6901E-01  5.1516E-02  1.1873E+00
 -5.7108E-01  1.1490E-01  9.4427E-01  5.1516E-02  1.1873E+00
  2.4302E-01  9.0239E-03  1.0825E+00  5.1516E-02  1.1873E+00
 -3.7099E-02 -3.0049E-02 -1.1085E+00  5.1516E-02  1.1873E+00
 -9.6993E-01 -1.7454E-01 -5.0966E-01  5.1516E-02  1.1873E+00
  1.9436E-02  1.1244E-01 -1.1036E+00  5.1516E-02  1.1873E+00
  6.5776E-01 -1.2480E-01  8.8473E-01  5.1516E-02  1.1873E+00
 -9.4103E-01 -1.6045E-01  5.6542E-01  5.1516E-02  1.1873E+00
  4.7391E-01  1.7961E-01  9.8249E-01  5.1106E-02  1.2161E+00
  1.0764E+00 -8.9717E-02  2.3565E-01  5.1106E-02  1.2161E+00
  5.4133E-01 -1.0103E-01  9.5859E-01  5.1106E-02  1.2161E+00
  7.7630E-01  5.5391E-02  7.8512E-01  5.1106E-02  1.2161E+00
 -7.5585E-01 -1.2860E-01  7.9096E-01  5.0694E-02  1.2461E+00
  3.8698E-01  1.0424E-01 -1.0261E+00  5.0694E-02  1.2461E+00
  1.0226E+00  2.1260E-02  4.0891E-01  5.0694E-02  1.2461E+00
 -6.7014E-02 -8.1830E-02 -1.0926E+00  5.0279E-02  1.2771E+00
 -7.5840E-01  7.0727E-02  7.9045E-01  5.0279E-02  1.2771E+00
 -4.9019E-01  1.8137E-01 -9.6530E-01  5.0279E-02  1.2771E+00
  5.8937E-01 -1.7302E-01 -9.0519E-01  4.9863E-02  1.3094E+00
 -6.0330E-01 -1.1289E-01  9.0551E-01  4.9863E-02  1.3094E+00
 -1.0676E+00 -1.0983E-01 -2.1190E-01  4.9863E-02  1.3094E+00
 -2.5127E-02 -7.8481E-02 -1.0871E+00  4.9444E-02  1.3430E+00
 -6.9924E-01 -1.5283E-01 -8.2235E-01  4.9444E-02  1.3430E+00
 -7.4588E-01  5.3294E-02 -7.9333E-01  4.9444E-02  1.3430E+00
  1.0789E+00  3.7847E-02 -1.5160E-01  4.9444E-02  1.3430E+00
  1.1005E-01  1.4480E-01  1.0712E+00  4.9022E-02  1.3780E+00
 -5.2120E-02 -1.0333E-01 -1.0804E+00  4.9022E-02  1.3780E+00
  5.9061E-01 -1.5298E-01  8.9910E-01  4.9022E-02  1.3780E+00
  3.0286E-01  4.0844E-02  1.0427E+00  4.9022E-02  1.3780E+00
 -2.0002E-01  4.5226E-02 -1.0670E+00  4.9022E-02  1.3780E+00
 -7.3490E-01 -3.2501E-02 -7.9479E-01  4.8597E-02  1.4144E+00
  1.0802E+00  1.4186E-02 -7.5825E-02  4.8597E-02  1.4144E+00
  1.9028E-01  1.8528E-01 -1.0499E+00  4.8597E-02  1.4144E+00
 -5.2945E-01  1.2953E-01 -9.3580E-01  4.8597E-02  1.4144E+00
  3.7174E-01 -9.1357E-04  1.0172E+00  4.8597E-02  1.4144E+00
  6.2662E-01 -1.7757E-01  8.6084E-01  4.8170E-02  1.4524E+00
  6.6724E-01 -1.6112E-01  8.3310E-01  4.8170E-02  1.4524E+00
 -9.5302E-01 -7.4550E-02 -5.0142E-01  4.8170E-02  1.4524E+00
  1.0750E+00 -4.4422E-02 -1.3094E-02  4.7739E-02  1.4920E+00
 -5.1571E-01  6.3726E-02  9.4223E-01  4.7739E-02  1.4920E+00
 -9.7125E-01  1.2383E-01  4.4627E-01  4.7739E-02  1.4920E+00
  9.2867E-01 -1.5706E-01 -5.2029E-01  4.7739E-02  1.4920E+00
 -2.9398E-01  1.6412E-01 -1.0184E+00  4.7306E-02  1.5334E+00
 -1.0535E-01  1.2302E-03  1.0675E+00  4.7306E-02  1.5334E+00
 -2.9389E-01  8.0909E-02 -1.0284E+00  4.7306E-02  1.5334E+00
 -5.1011E-01  1.4044E-01  9.2928E-01  4.6868E-02  1.5768E+00
  7.6751E-02 -1.7160E-01  1.0527E+00  4.6868E-02  1.5768E+00
  4.2428E-01 -1.6848E-01  9.6700E-01  4.6868E-02  1.5768E+00
 -8.6515E-01 -2.7044E-02 -6.2792E-01  4.6868E-02  1.5768E+00
  9.6874E-01  1.0301E-01 -4.4094E-01  4.6868E-02  1.5768E+00
  2.1224E-01  7.5431E-02  1.0420E+00  4.6427E-02  1.6222E+00
  6.7126E-01 -1.2701E-01  8.1434E-01  4.5982E-02  1.6697E+00
 -8.0150E-01 -1.4698E-01 -6.8256E-01  4.5982E-02  1.6697E+00
  1.1158E-01 -3.1162E-02  1.0566E+00  4.5982E-02  1.6697E+00
  7.9645E-01 -1.8301E-01  6.7975E-01  4.5982E-02  1.6697E+00
  3.6013E-01 -5.9265E-02  9.9834E-01  4.5982E-02  1.6697E+00
 -3.3495E-01  1.4415E-01  9.9517E-01  4.5533E-02  1.7196E+00
  9.5938E-01 -1.1641E-01 -4.3518E-01  4.5533E-02  1.7196E+00
 -8.0368E-01 -5.6305E-02  6.8867E-01  4.5533E-02  1.7196E+00
 -7.2933E-01  7.1379E-02 -7.6154E-01  4.5079E-02  1.7721E+00
  6.1307E-01 -7.8580E-02 -8.5729E-01  4.5079E-02  1.7721E+00
 -9.3111E-01  4.2163E-02  4.9822E-01  4.5079E-02  1.7721E+00
 -3.1174E-01  8.1520E-02  1.0035E+00  4.4620E-02  1.8273E+00
 -2.1461E-01 -1.0469E-01 -1.0236E+00  4.4156E-02  1.8855E+00
 -3.2243E-01  4.0365E-02 -9.9958E-01  4.4156E-02  1.8855E+00
  7.0831E-01 -1.7796E-01  7.5589E-01  4.4156E-02  1.8855E+00
 -6.6757E-01 -1.4891E-01  7.9440E-01  4.3687E-02  1.9469E+00
 -7.0084E-01  1.1941E-02 -7.7947E-01  4.3687E-02  1.9469E+00
 -4.2662E-01  1.1803E-01 -9.4724E-01  4.3212E-02  2.0119E+00
  3.1699E-01 -1.6296E-01 -9.8294E-01  4.3212E-02  2.0119E+00
  1.0382E+00 -7.5210E-02 -6.4739E-02  4.2730E-02  2.0806E+00
 -1.8533E-01  1.2321E-01  1.0163E+00  4.2242E-02  2.1536E+00
  5.7304E-01  5.4723E-02 -8.6660E-01  4.2242E-02  2.1536E+00
  1.0365E+00  1.2183E-02  5.2496E-02  4.1747E-02  2.2312E+00
 -4.6724E-01 -1.4745E-01  9.1495E-01  4.1747E-02  2.2312E+00
  6.9102E-01 -9.9726E-02  7.6794E-01  4.1747E-02  2.2312E+00
  1.5475E-01 -1.3367E-01 -1.0175E+00  4.1747E-02  2.2312E+00
 -2.9639E-01 -7.2335E-02 -9.9202E-01  4.1747E-02  2.2312E+00
 -9.7622E-01  1.3044E-01 -3.2737E-01  4.1747E-02  2.2312E+00
  5.7781E-01  2.7559E-02  8.5882E-01  4.1244E-02  2.3138E+00
  2.2552E-01 -1.5133E-01 -9.9922E-01  4.1244E-02  2.3138E+00
 -6.1664E-01 -2.1435E-02  8.3156E-01  4.1244E-02  2.3138E+00
  7.1732E-01 -2.2679E-02 -7.4317E-01  4.0733E-02  2.4020E+00
  1.0306E+00 -2.5319E-02  1.5925E-03  4.0213E-02  2.4964E+00
  1.0030E+00  1.5041E-01 -1.8463E-01  4.0213E-02  2.4964E+00
  8.2720E-01 -1.3754E-01  5.9961E-01  4.0213E-02  2.4964E+00
  7.1843E-01  1.6928E-01 -7.1654E-01  3.9683E-02  2.5977E+00
 -1.0126E+00 -1.6683E-01  7.1516E-02  3.9683E-02  2.5977E+00
 -1.0148E+00  1.4206E-01 -9.0592E-02  3.9683E-02  2.5977E+00
 -2.0743E-01 -9.2977E-02  1.0033E+00  3.9683E-02  2.5977E+00
 -9.4563E-01  9.4245E-02 -3.9386E-01  3.9683E-02  2.5977E+00
 -5.4678E-01 -5.8802E-04 -8.7135E-01  3.9683E-02  2.5977E+00
  7.3146E-01  1.1281E-01 -7.1144E-01  3.9143E-02  2.7067E+00
  8.6513E-01 -4.3240E-02 -5.5099E-01  3.9143E-02  2.7067E+00
  5.0065E-01 -1.8118E-01  8.7537E-01  3.8592E-02  2.8243E+00
  3.1812E-01 -7.4757E-02 -9.7106E-01  3.8592E-02  2.8243E+00
 -9.6013E-01  1.0488E-01 -3.3603E-01  3.8029E-02  2.9517E+00
  7.4955E-01  7.9805E-03 -6.9561E-01  3.8029E-02  2.9517E+00
  3.1701E-01 -2.2323E-02  9.7199E-01  3.8029E-02  2.9517E+00
 -3.7315E-01  1.5599E-03 -9.5211E-01  3.8029E-02  2.9517E+00
 -4.4605E-01 -1.0710E-01 -9.1397E-01  3.8029E-02  2.9517E+00
 -3.4164E-01  2.1975E-02 -9.6362E-01  3.8029E-02  2.9517E+00
  1.0209E-01 -1.6247E-01 -1.0026E+00  3.7452E-02  3.0900E+00
  3.3652E-02  1.2551E-01  1.0125E+00  3.7452E-02  3.0900E+00
 -1.0312E-01 -8.4416E-02 -1.0120E+00  3.7452E-02  3.0900E+00
  1.1040E-01 -8.7274E-02  1.0110E+00  3.7452E-02  3.0900E+00
  6.7682E-01  1.2622E-01  7.5362E-01  3.7452E-02  3.0900E+00
 -1.0094E+00  1.0851E-01  8.7497E-02  3.6862E-02  3.2409E+00
 -9.5707E-01 -1.6480E-02  3.4936E-01  3.6862E-02  3.2409E+00
 -2.5639E-01 -9.1802E-02 -9.8191E-01  3.6862E-02  3.2409E+00
 -1.0196E-01  4.1985E-02  1.0130E+00  3.6862E-02  3.2409E+00
  8.3610E-01 -7.0348E-02 -5.7818E-01  3.6862E-02  3.2409E+00
  6.8850E-01  1.4978E-01  7.3373E-01  3.6256E-02  3.4062E+00
  4.3221E-01  1.1087E-01 -9.1418E-01  3.6256E-02  3.4062E+00
 -9.0106E-01 -4.7872E-04  4.7213E-01  3.6256E-02  3.4062E+00
 -9.7241E-01  3.9558E-02  2.9045E-01  3.5633E-02  3.5880E+00
  9.6384E-01  2.5198E-02  3.1919E-01  3.5633E-02  3.5880E+00
 -5.5661E-01  1.5938E-01  8.3444E-01  3.5633E-02  3.5880E+00
 -9.4816E-01  1.5637E-01 -3.2390E-01  3.4991E-02  3.7890E+00
 -8.8995E-01 -1.4373E-01  4.6442E-01  3.4991E-02  3.7890E+00
 -3.7053E-01  1.1160E-01  9.3575E-01  3.4329E-02  4.0125E+00
 -9.6302E-01 -1.6741E-01  2.6449E-01  3.4329E-02  4.0125E+00
  8.0089E-01 -1.3239E-01  6.0534E-01  3.4329E-02  4.0125E+00
  5.7578E-01  3.8886E-02  8.3207E-01  3.4329E-02  4.0125E+00
 -2.6563E-01 -1.1501E-01 -9.6891E-01  3.3644E-02  4.2626E+00
  2.8412E-01  1.5026E-01 -9.5878E-01  3.3644E-02  4.2626E+00
  9.8574E-01  6.7375E-03  2.2548E-01  3.3644E-02  4.2626E+00
 -1.7218E-01  1.1330E-01 -9.8999E-01  3.3644E-02  4.2626E+00
  8.7776E-01 -1.1572E-01  4.8587E-01  3.2934E-02  4.5444E+00
  1.0082E+00 -3.1964E-02 -4.8768E-02  3.2934E-02  4.5444E+00
 -1.0080E+00  5.6213E-02  2.5728E-02  3.2934E-02  4.5444E+00
 -3.6176E-01 -1.3651E-01 -9.3296E-01  3.2934E-02  4.5444E+00
 -7.2678E-01 -1.6183E-02  7.0103E-01  3.2934E-02  4.5444E+00
  2.0580E-01  1.5696E-01 -9.7618E-01  3.2934E-02  4.5444E+00
 -5.8529E-01 -2.3744E-02 -8.2116E-01  3.2195E-02  4.8645E+00
 -9.8834E-01  5.2608E-02 -1.9456E-01  3.2195E-02  4.8645E+00
  9.7660E-01 -1.7599E-01 -1.8089E-01  3.2195E-02  4.8645E+00
 -8.1371E-01 -1.6431E-01 -5.7096E-01  3.1425E-02  5.2312E+00
 -7.1799E-01 -2.1490E-02  7.0651E-01  3.1425E-02  5.2312E+00
  3.1063E-01  7.1506E-02 -9.5578E-01  3.1425E-02  5.2312E+00
  8.3768E-01 -3.3723E-02  5.5882E-01  3.1425E-02  5.2312E+00
 -4.4298E-01  8.4055E-02  8.9982E-01  3.0618E-02  5.6557E+00
  8.8251E-01 -8.6018E-02 -4.7619E-01  3.0618E-02  5.6557E+00
  9.1523E-01  8.5721E-02 -4.0986E-01  3.0618E-02  5.6557E+00
  9.9978E-01  9.3483E-02  6.8290E-02  3.0618E-02  5.6557E+00
  7.6750E-01 -1.7590E-01 -6.2530E-01  2.9770E-02  6.1530E+00
  9.8165E-01  1.7606E-01  1.2056E-01  2.8874E-02  6.7438E+00
  6.4873E-01  4.3258E-02 -7.6580E-01  2.8874E-02  6.7438E+00
 -6.2940E-01 -1.5369E-01 -7.6773E-01  2.8874E-02  6.7438E+00
 -8.7627E-01  2.3042E-02  4.9070E-01  2.8874E-02  6.7438E+00
 -9.8433E-01  1.8277E-01 -8.2838E-02  2.8874E-02  6.7438E+00
  8.0886E-01  9.7747E-02 -5.8626E-01  2.7921E-02  7.4574E+00
 -6.4444E-01 -5.1478E-02  7.6783E-01  2.7921E-02  7.4574E+00
  7.3314E-01  5.9117E-02  6.8193E-01  2.6903E-02  8.3369E+00
 -5.9652E-01  8.9885E-02 -8.0131E-01  2.6903E-02  8.3369E+00
 -9.2162E-01  1.3261E-01 -3.7291E-01  2.6903E-02  8.3369E+00
  9.4953E-01 -1.5635E-01 -2.8043E-01  2.5804E-02  9.4481E+00
  9.9524E-01 -9.6896E-02 -6.9354E-02  2.5804E-02  9.4481E+00
  7.1688E-01 -1.2240E-01  6.8978E-01  2.5804E-02  9.4481E+00
  4.4132E-01 -1.5327E-01  8.8616E-01  2.4606E-02  1.0897E+01
 -7.0387E-02  9.6161E-02  9.9465E-01  2.4606E-02  1.0897E+01
  9.8632E-01  1.6649E-01 -5.4726E-02  2.4606E-02  1.0897E+01
 -4.2177E-01 -1.7755E-01  8.9058E-01  2.3280E-02  1.2866E+01
 -7.5051E-01  2.0142E-02 -6.6247E-01  2.3280E-02  1.2866E+01
  4.5323E-01  1.4042E-01 -8.8123E-01  2.1787E-02  1.5696E+01
  9.8827E-01 -8.9180E-02  1.3065E-01  2.1787E-02  1.5696E+01
  8.5682E-01 -2.3548E-02  5.1673E-01  2.1787E-02  1.5696E+01
  2.5366E-01  7.2644E-02  9.6545E-01  2.1787E-02  1.5696E+01
 -2.9260E-01  1.7053E-01 -9.4181E-01  2.1787E-02  1.5696E+01
  1.7816E-01  1.7039E-01 -9.6967E-01  2.0058E-02  2.0115E+01
 -3.9316E-01 -1.8205E-01  9.0185E-01  2.0058E-02  2.0115E+01
  3.5127E-01  7.3076E-02  9.3397E-01  2.0058E-02  2.0115E+01
  6.9444E-01 -5.3764E-02  7.1791E-01  1.7969E-02  2.7981E+01
  9.0572E-01  1.8044E-01 -3.8425E-01  1.7969E-02  2.7981E+01
 -7.8402E-01  1.4242E-01 -6.0462E-01  1.7969E-02  2.7981E+01
  1.7684E-01 -8.6868E-03  9.8447E-01  1.7969E-02  2.7981E+01
