0.28993371428572D+02       635
(x,y,z) position of the X-ray source
 -0.1312E+01  0.6449E-01  0.1230E+01
x | y | z | R | rho
 -8.9100E-01  3.1497E-02  9.8082E+00  3.1914E-01  4.9940E-03
 -1.5671E+00  3.9348E-01  9.4197E+00  3.1264E-01  5.3123E-03
  3.8857E-01  1.8165E-01  9.5477E+00  3.1264E-01  5.3123E-03
  1.6641E-01  3.7771E-01  9.4391E+00  3.1018E-01  5.4393E-03
  1.4375E+00  3.8082E-02  9.1174E+00  3.0525E-01  5.7073E-03
  7.0675E-01  2.5567E-01  9.1388E+00  3.0388E-01  5.7852E-03
  2.1677E-02  2.8779E-02  8.5418E+00  2.8941E-01  6.6969E-03
  3.4735E-01  1.7116E-01  8.5211E+00  2.8913E-01  6.7165E-03
  1.0466E+00  9.3399E-02  8.3921E+00  2.8744E-01  6.8356E-03
  1.9650E+00 -2.2805E-01  8.1488E+00  2.8574E-01  6.9578E-03
 -1.3378E+00  1.2057E-02  8.0345E+00  2.8007E-01  7.3893E-03
  1.0240E-02 -1.7635E-01  7.6519E+00  2.6829E-01  8.4058E-03
 -5.9469E-02 -5.9531E-02  7.4267E+00  2.6276E-01  8.9476E-03
 -5.3133E-01  3.4170E-02  7.3841E+00  2.6218E-01  9.0076E-03
  2.8545E-01 -2.1373E-01  7.0493E+00  2.5364E-01  9.9478E-03
  1.8734E+00  1.6228E-01  6.7293E+00  2.5186E-01  1.0160E-02
 -1.2910E+00  9.2575E-02  6.6128E+00  2.4560E-01  1.0958E-02
 -4.1275E-01  2.5955E-01  6.4719E+00  2.3927E-01  1.1851E-02
  1.3543E-01 -1.8431E-01  6.4863E+00  2.3927E-01  1.1851E-02
  3.1542E-01  1.0167E-01  6.3992E+00  2.3714E-01  1.2172E-02
  1.3709E+00 -9.3939E-02  6.1262E+00  2.3379E-01  1.2703E-02
  1.0759E+00 -1.3451E-01  6.1244E+00  2.3226E-01  1.2956E-02
  1.8623E+00 -1.9128E-02  5.7374E+00  2.2734E-01  1.3816E-02
 -2.0086E+00 -2.4138E-01  5.3220E+00  2.1832E-01  1.5600E-02
 -8.3619E-01 -1.4599E-01  5.2427E+00  2.0789E-01  1.8068E-02
  1.4122E-01  2.2894E-01  5.2810E+00  2.0725E-01  1.8235E-02
 -1.5742E+00  1.8923E-02  5.0481E+00  2.0725E-01  1.8235E-02
  5.1710E-01 -3.4514E-02  5.2160E+00  2.0597E-01  1.8577E-02
 -6.7513E-01  2.4189E-01  4.9023E+00  1.9792E-01  2.0937E-02
  1.9190E+00 -1.2924E-01  4.4291E+00  1.9435E-01  2.2115E-02
  5.1258E-01  2.2797E-01  4.7730E+00  1.9369E-01  2.2339E-02
  1.5727E+00 -1.9799E-01  4.4040E+00  1.9009E-01  2.3634E-02
 -1.6923E+00  1.8803E-01  4.3111E+00  1.8877E-01  2.4132E-02
  7.9355E-01 -7.1984E-02  4.5316E+00  1.8778E-01  2.4515E-02
  7.0750E-01 -2.0754E-01  4.4384E+00  1.8481E-01  2.5719E-02
 -8.0302E-01  6.4052E-02  4.2660E+00  1.8014E-01  2.7768E-02
 -2.6548E-01  1.2825E-01  4.2638E+00  1.7813E-01  2.8718E-02
 -1.3386E+00  1.2589E-01  4.0334E+00  1.7746E-01  2.9045E-02
 -1.1711E+00 -1.3024E-01  4.0267E+00  1.7578E-01  2.9887E-02
 -2.8377E-01  2.4138E-02  4.1411E+00  1.7443E-01  3.0586E-02
  9.5933E-01  2.5597E-01  3.9844E+00  1.7308E-01  3.1308E-02
 -1.0068E+00  6.7326E-02  3.9574E+00  1.7240E-01  3.1679E-02
  8.4419E-02  7.7834E-02  4.0267E+00  1.7071E-01  3.2633E-02
 -1.4871E+00 -2.2473E-01  3.7011E+00  1.6969E-01  3.3225E-02
  7.7486E-01 -3.4924E-02  3.9077E+00  1.6934E-01  3.3426E-02
  1.5192E+00 -7.5505E-02  3.5381E+00  1.6524E-01  3.5979E-02
  1.7613E-01  1.0032E-01  3.8238E+00  1.6456E-01  3.6431E-02
  1.5141E+00 -2.5880E-01  3.5076E+00  1.6456E-01  3.6431E-02
 -1.9559E+00 -2.3577E-01  3.0899E+00  1.5938E-01  4.0097E-02
 -1.8573E+00 -2.5185E-01  3.1362E+00  1.5903E-01  4.0360E-02
 -1.4059E+00 -2.1289E-01  3.3062E+00  1.5730E-01  4.1712E-02
 -1.2365E+00 -2.3218E-01  3.2791E+00  1.5451E-01  4.4012E-02
 -1.8717E-02  5.8541E-02  3.4791E+00  1.5346E-01  4.4921E-02
  1.4145E+00 -4.2958E-02  3.1670E+00  1.5311E-01  4.5230E-02
  2.0731E-01  1.1645E-01  3.3850E+00  1.5065E-01  4.7481E-02
 -1.2538E+00 -1.3386E-01  3.1503E+00  1.5065E-01  4.7481E-02
  1.4556E+00  1.5474E-01  3.0017E+00  1.4889E-01  4.9186E-02
  1.0935E-01 -2.1787E-01  3.2555E+00  1.4641E-01  5.1724E-02
 -1.4594E+00  1.5254E-01  2.8924E+00  1.4570E-01  5.2483E-02
 -1.0011E+00  6.1872E-02  3.0395E+00  1.4428E-01  5.4049E-02
 -1.2124E+00  1.1399E-01  2.7764E+00  1.3856E-01  6.1020E-02
 -1.0909E+00 -2.2452E-01  2.7972E+00  1.3784E-01  6.1979E-02
  1.6594E+00  1.1230E-01  2.4845E+00  1.3712E-01  6.2960E-02
  1.7784E+00  3.1561E-02  2.3902E+00  1.3676E-01  6.3458E-02
 -1.2847E-01 -1.8861E-01  2.9497E+00  1.3604E-01  6.4472E-02
 -1.4821E+00 -3.0927E-02  2.4759E+00  1.3351E-01  6.8205E-02
  6.0765E-01  1.5613E-01  2.7955E+00  1.3279E-01  6.9327E-02
  1.6411E+00 -7.8080E-02  2.3219E+00  1.3207E-01  7.0476E-02
 -1.4371E+00 -9.8210E-02  2.4168E+00  1.3098E-01  7.2249E-02
  1.3165E+00  1.3067E-01  2.4830E+00  1.3098E-01  7.2249E-02
 -6.7881E-01 -5.1047E-02  2.6981E+00  1.2988E-01  7.4085E-02
 -1.4026E+00 -1.5018E-01  2.3867E+00  1.2952E-01  7.4711E-02
 -1.2040E+00 -1.3201E-01  2.4369E+00  1.2770E-01  7.7958E-02
 -1.5954E+00  1.1221E-01  2.2017E+00  1.2770E-01  7.7958E-02
 -1.9277E+00 -9.1631E-02  1.8163E+00  1.2514E-01  8.2844E-02
 -1.3260E+00  1.0446E-01  2.2689E+00  1.2440E-01  8.4318E-02
  6.4676E-01  2.5852E-03  2.5492E+00  1.2440E-01  8.4318E-02
  4.7992E-01 -2.1356E-01  2.5667E+00  1.2403E-01  8.5069E-02
 -6.2495E-01  9.8185E-02  2.5113E+00  1.2293E-01  8.7378E-02
 -8.3594E-01 -1.2224E-02  2.4299E+00  1.2220E-01  8.8967E-02
 -1.0228E+00 -1.9717E-01  2.3381E+00  1.2183E-01  8.9776E-02
  3.8696E-01 -1.6097E-01  2.5150E+00  1.2146E-01  9.0595E-02
 -1.8900E+00 -9.2487E-02 -1.6939E+00  1.2109E-01  9.1425E-02
  1.7544E-01  7.1569E-02  2.5226E+00  1.2072E-01  9.2266E-02
 -1.1495E+00 -1.9785E-01  2.1998E+00  1.1925E-01  9.5738E-02
  5.3463E-01  1.6854E-01  2.4158E+00  1.1888E-01  9.6634E-02
 -1.3717E+00 -9.9492E-02  2.0637E+00  1.1888E-01  9.6634E-02
 -1.4668E-01  1.7455E-01  2.4497E+00  1.1814E-01  9.8461E-02
 -7.9066E-01 -2.7855E-02  2.2879E+00  1.1665E-01  1.0226E-01
  1.1912E+00 -1.2890E-01  2.1036E+00  1.1665E-01  1.0226E-01
  1.3897E+00  1.1049E-02  1.9822E+00  1.1665E-01  1.0226E-01
 -1.8189E+00 -7.9847E-02  1.5807E+00  1.1628E-01  1.0324E-01
 -1.7543E+00 -1.0962E-01  1.6503E+00  1.1628E-01  1.0324E-01
  1.5866E-01 -1.3711E-01  2.3529E+00  1.1442E-01  1.0836E-01
  1.0372E+00 -4.2084E-02  2.1002E+00  1.1368E-01  1.1050E-01
 -1.4548E+00  1.7187E-01 -1.8283E+00  1.1368E-01  1.1050E-01
 -1.0308E+00  5.7282E-02  2.0814E+00  1.1293E-01  1.1270E-01
 -1.4405E+00  1.6923E-01  1.8151E+00  1.1293E-01  1.1270E-01
 -1.2879E+00 -4.5448E-02  1.9100E+00  1.1219E-01  1.1496E-01
  1.2650E+00  1.4924E-02  1.8911E+00  1.1107E-01  1.1847E-01
  1.0556E+00  3.5517E-02  1.9827E+00  1.0995E-01  1.2214E-01
 -1.4029E+00  1.0559E-01 -1.7514E+00  1.0995E-01  1.2214E-01
  1.8738E+00  2.0351E-01  1.2047E+00  1.0957E-01  1.2339E-01
 -1.2785E+00 -4.7811E-02 -1.8350E+00  1.0957E-01  1.2339E-01
  1.1816E+00 -7.1036E-02  1.8644E+00  1.0845E-01  1.2727E-01
 -1.7579E+00 -1.2908E-02  1.3210E+00  1.0808E-01  1.2859E-01
 -1.4343E+00  1.6136E-01  1.6464E+00  1.0770E-01  1.2994E-01
 -1.5961E+00 -1.0872E-02 -1.4572E+00  1.0658E-01  1.3410E-01
  1.3131E+00  1.5458E-03 -1.7166E+00  1.0658E-01  1.3410E-01
  1.8378E+00  1.6936E-01 -1.1065E+00  1.0620E-01  1.3553E-01
 -6.0776E-01 -6.6966E-03  2.0642E+00  1.0620E-01  1.3553E-01
  1.7070E+00  1.3167E-01  1.2725E+00  1.0545E-01  1.3845E-01
 -6.4973E-01  1.3856E-01  1.9976E+00  1.0432E-01  1.4299E-01
  1.4000E+00 -6.2155E-02 -1.5710E+00  1.0432E-01  1.4299E-01
 -1.0729E+00 -3.9303E-02  1.8001E+00  1.0394E-01  1.4454E-01
  1.3920E+00  1.1364E-01  1.5503E+00  1.0357E-01  1.4613E-01
 -1.0610E+00  2.3710E-02 -1.7859E+00  1.0319E-01  1.4773E-01
 -1.9509E-01  1.8354E-01  2.0415E+00  1.0244E-01  1.5102E-01
 -1.6678E+00  1.0115E-01  1.1874E+00  1.0206E-01  1.5269E-01
 -1.7065E+00  1.1978E-02 -1.1021E+00  1.0131E-01  1.5613E-01
  1.7178E+00 -3.1384E-02  1.0841E+00  1.0131E-01  1.5613E-01
 -7.7392E-01  9.8310E-02  1.8659E+00  1.0093E-01  1.5789E-01
  1.5248E+00 -2.5238E-02 -1.3144E+00  1.0055E-01  1.5967E-01
  3.2556E-01  1.6162E-01  1.9710E+00  1.0017E-01  1.6148E-01
  1.9074E+00  8.7855E-02 -5.7833E-01  9.9797E-02  1.6332E-01
  1.8246E+00  1.7995E-01 -7.8685E-01  9.9797E-02  1.6332E-01
 -1.8332E+00 -1.1799E-01  7.7854E-01  9.9797E-02  1.6332E-01
  1.3148E+00  1.7766E-01 -1.4779E+00  9.9419E-02  1.6519E-01
 -7.6340E-01 -1.6679E-01  1.8161E+00  9.9041E-02  1.6709E-01
 -1.5911E+00 -1.6624E-01 -1.1618E+00  9.9041E-02  1.6709E-01
  5.3118E-01  1.5936E-01  1.8977E+00  9.9041E-02  1.6709E-01
 -1.8401E+00 -1.8456E-01 -6.7336E-01  9.8663E-02  1.6902E-01
  5.0064E-01  4.7014E-02  1.9027E+00  9.8663E-02  1.6902E-01
  1.5954E+00 -9.2298E-02 -1.1177E+00  9.7907E-02  1.7297E-01
  1.3916E+00 -7.7349E-02 -1.3255E+00  9.6772E-02  1.7912E-01
 -8.5112E-01 -1.2731E-01 -1.7201E+00  9.6772E-02  1.7912E-01
 -1.5810E+00  8.1771E-02  1.0923E+00  9.6772E-02  1.7912E-01
 -1.3866E+00  1.6083E-01  1.3103E+00  9.6393E-02  1.8124E-01
  1.8737E+00 -4.7582E-02 -3.4440E-01  9.6015E-02  1.8340E-01
 -1.8851E+00  6.3474E-02 -2.0053E-01  9.5636E-02  1.8558E-01
  1.8728E+00  4.6718E-02 -2.9759E-01  9.5636E-02  1.8558E-01
  1.9577E-02  1.6769E-01 -1.8805E+00  9.5257E-02  1.8781E-01
 -3.5369E-01 -8.7341E-02  1.8436E+00  9.4878E-02  1.9007E-01
  1.8713E+00  5.6257E-02  1.6319E-01  9.4878E-02  1.9007E-01
 -1.7779E+00  1.3669E-01 -5.9324E-01  9.4878E-02  1.9007E-01
  2.5632E-01 -1.0973E-02 -1.8528E+00  9.4499E-02  1.9236E-01
  7.4354E-01 -4.4576E-02 -1.7063E+00  9.4120E-02  1.9470E-01
  1.3489E+00 -1.0027E-01  1.2794E+00  9.4120E-02  1.9470E-01
  1.4289E+00 -1.1479E-02  1.1798E+00  9.3741E-02  1.9707E-01
 -4.7337E-01  5.8133E-02  1.7906E+00  9.3741E-02  1.9707E-01
 -2.2768E-01 -1.4894E-02 -1.8302E+00  9.3361E-02  1.9948E-01
 -1.7885E+00 -2.8420E-02 -4.1265E-01  9.2982E-02  2.0193E-01
  1.5293E+00 -5.4753E-02  1.0140E+00  9.2982E-02  2.0193E-01
  2.0062E-01 -1.6778E-01  1.8170E+00  9.2982E-02  2.0193E-01
  5.2832E-01  9.7285E-02 -1.7463E+00  9.2603E-02  2.0443E-01
 -1.7722E+00  1.2545E-01 -4.2640E-01  9.2603E-02  2.0443E-01
  1.7868E+00  8.8463E-02  3.2627E-01  9.2223E-02  2.0696E-01
 -9.3167E-01 -1.3472E-01 -1.5258E+00  9.1084E-02  2.1482E-01
 -1.6599E+00  9.5827E-02 -6.7068E-01  9.1084E-02  2.1482E-01
 -1.7225E+00 -5.8398E-02  4.9381E-01  9.1084E-02  2.1482E-01
 -1.7528E+00 -8.3610E-02 -3.2298E-01  9.0704E-02  2.1753E-01
 -1.3658E+00 -7.0244E-02  1.1460E+00  9.0704E-02  2.1753E-01
 -1.6593E+00  1.4513E-01  6.1581E-01  9.0325E-02  2.2029E-01
 -8.2738E-01 -7.7548E-02 -1.5694E+00  9.0325E-02  2.2029E-01
 -1.4356E+00  1.3619E-01 -1.0217E+00  8.9945E-02  2.2309E-01
  8.7472E-01 -3.7090E-02 -1.5255E+00  8.9565E-02  2.2594E-01
  1.6408E+00 -3.3800E-03  6.3373E-01  8.9565E-02  2.2594E-01
 -7.4852E-01 -6.2982E-02 -1.5811E+00  8.9185E-02  2.2884E-01
  5.3963E-01  1.1271E-01  1.6614E+00  8.9185E-02  2.2884E-01
 -1.1367E+00 -1.7630E-01  1.3083E+00  8.8805E-02  2.3179E-01
 -1.7041E+00  1.6179E-01 -2.7511E-01  8.8425E-02  2.3479E-01
 -7.8377E-01  1.2697E-02  1.5371E+00  8.8044E-02  2.3785E-01
 -1.1582E+00  5.9421E-02  1.2664E+00  8.7664E-02  2.4095E-01
  1.0438E+00 -1.6145E-01  1.3539E+00  8.7664E-02  2.4095E-01
 -1.6346E+00  1.4195E-01  4.7766E-01  8.7284E-02  2.4412E-01
 -1.6393E+00 -1.0152E-01 -4.4107E-01  8.6904E-02  2.4734E-01
 -1.1867E+00  7.6542E-02 -1.2158E+00  8.6904E-02  2.4734E-01
 -1.1293E+00 -1.8403E-01 -1.2470E+00  8.6524E-02  2.5061E-01
  6.8887E-01 -2.6921E-02 -1.5277E+00  8.5763E-02  2.5734E-01
  3.3327E-01  1.7846E-01 -1.6329E+00  8.5763E-02  2.5734E-01
 -1.6554E+00 -2.2456E-02 -2.6168E-01  8.5763E-02  2.5734E-01
  1.0527E+00  6.8607E-02 -1.3024E+00  8.5763E-02  2.5734E-01
  6.1267E-01 -1.7663E-02  1.5600E+00  8.5763E-02  2.5734E-01
 -5.5989E-01  1.7642E-01  1.5612E+00  8.5382E-02  2.6079E-01
 -1.1274E+00  1.6972E-01 -1.2175E+00  8.5382E-02  2.6079E-01
 -1.6050E+00  3.9140E-02  4.5217E-01  8.5382E-02  2.6079E-01
 -1.3536E+00  7.0533E-02  9.5809E-01  8.5002E-02  2.6431E-01
 -1.0842E+00 -8.5174E-02 -1.2539E+00  8.5002E-02  2.6431E-01
  1.4934E+00  8.0706E-02 -7.0118E-01  8.4622E-02  2.6789E-01
  1.6121E+00  1.5710E-01 -3.2395E-01  8.4622E-02  2.6789E-01
  5.9607E-01 -1.4798E-01 -1.5334E+00  8.4622E-02  2.6789E-01
 -1.5157E+00 -1.2142E-01  6.2429E-01  8.4241E-02  2.7154E-01
  7.3538E-01 -1.1367E-01  1.4657E+00  8.4241E-02  2.7154E-01
 -1.6290E+00  1.1234E-02 -2.1912E-01  8.4241E-02  2.7154E-01
 -1.4979E+00  1.3944E-01 -6.4220E-01  8.3861E-02  2.7525E-01
 -1.5499E+00  1.2386E-01 -4.8168E-01  8.3480E-02  2.7903E-01
 -1.6267E+00 -5.4538E-02 -2.4053E-02  8.3480E-02  2.7903E-01
  1.5691E+00 -5.3413E-02  3.9865E-01  8.3100E-02  2.8288E-01
 -1.0384E+00  2.0664E-02  1.2430E+00  8.3100E-02  2.8288E-01
  1.7498E-01 -8.3992E-02 -1.6082E+00  8.3100E-02  2.8288E-01
 -7.7532E-01 -1.2507E-02 -1.4222E+00  8.3100E-02  2.8288E-01
 -1.5962E+00 -1.3789E-01  1.7707E-01  8.2719E-02  2.8681E-01
  1.4482E+00  1.8351E-01 -6.8363E-01  8.2719E-02  2.8681E-01
 -1.1250E+00  9.9371E-02  1.1502E+00  8.2719E-02  2.8681E-01
 -5.2238E-01 -1.3531E-01 -1.5105E+00  8.2338E-02  2.9080E-01
  4.4865E-01 -1.9448E-02 -1.5399E+00  8.2338E-02  2.9080E-01
  2.2134E-01 -2.7194E-02  1.5885E+00  8.2338E-02  2.9080E-01
  1.0579E+00  6.1842E-02  1.2041E+00  8.2338E-02  2.9080E-01
 -4.6071E-01  8.7624E-02 -1.5339E+00  8.2338E-02  2.9080E-01
 -9.0389E-01  1.6217E-01 -1.3056E+00  8.1958E-02  2.9487E-01
 -9.8317E-01  7.2022E-02 -1.2454E+00  8.1577E-02  2.9902E-01
 -1.5797E+00 -1.5099E-01  6.7189E-02  8.1577E-02  2.9902E-01
 -8.7030E-01 -1.2388E-01  1.3136E+00  8.1197E-02  3.0324E-01
  1.5571E+00  1.5254E-01 -2.2475E-01  8.1197E-02  3.0324E-01
 -8.1579E-01 -3.0379E-02 -1.3534E+00  8.1197E-02  3.0324E-01
  6.4816E-01 -1.0618E-01 -1.4291E+00  8.0816E-02  3.0755E-01
  6.1840E-01  2.7829E-02  1.4459E+00  8.0816E-02  3.0755E-01
 -1.5541E+00  4.3902E-02 -1.8034E-01  8.0435E-02  3.1193E-01
 -1.5015E+00  9.4977E-02  4.0271E-01  8.0055E-02  3.1640E-01
  8.9396E-01  2.8433E-02 -1.2656E+00  7.9674E-02  3.2096E-01
  1.0350E+00  6.1629E-02 -1.1416E+00  7.9293E-02  3.2561E-01
  1.4512E+00  3.2554E-02 -5.2066E-01  7.9293E-02  3.2561E-01
 -1.4398E+00  1.0961E-01  5.4154E-01  7.9293E-02  3.2561E-01
  3.3704E-02  1.1952E-02  1.5417E+00  7.9293E-02  3.2561E-01
  3.6571E-01  1.6585E-01 -1.4811E+00  7.8913E-02  3.3034E-01
  1.3958E-01 -1.7123E-01  1.5186E+00  7.8913E-02  3.3034E-01
 -1.5241E+00 -1.5101E-01  9.5809E-02  7.8913E-02  3.3034E-01
 -1.4952E+00 -2.0447E-02  3.4500E-01  7.8913E-02  3.3034E-01
 -1.2233E+00  1.7114E-01 -9.1052E-01  7.8913E-02  3.3034E-01
  1.4848E+00  8.4213E-03 -3.5652E-01  7.8532E-02  3.3517E-01
  1.1900E-01 -1.7669E-01 -1.5121E+00  7.8532E-02  3.3517E-01
  1.3954E+00  1.5831E-01  5.9966E-01  7.8532E-02  3.3517E-01
  5.5220E-02 -1.6082E-01  1.4950E+00  7.7390E-02  3.5022E-01
  1.4193E+00 -1.1614E-01 -4.8577E-01  7.7390E-02  3.5022E-01
 -1.5029E+00 -6.0919E-02  3.6850E-02  7.7390E-02  3.5022E-01
 -9.8473E-01  1.6869E-01 -1.1151E+00  7.7010E-02  3.5544E-01
  9.0213E-01 -3.3269E-02  1.1944E+00  7.7010E-02  3.5544E-01
  1.4734E+00  8.0767E-02  1.4254E-01  7.6248E-02  3.6619E-01
 -8.2040E-01  1.3109E-01  1.2190E+00  7.5868E-02  3.7173E-01
  1.5920E-01 -1.8930E-02 -1.4665E+00  7.5868E-02  3.7173E-01
  9.6476E-03  3.1058E-02  1.4676E+00  7.5487E-02  3.7739E-01
  3.3031E-01  1.3793E-02 -1.4302E+00  7.5487E-02  3.7739E-01
  1.4600E+00 -2.3515E-02  1.5046E-01  7.5487E-02  3.7739E-01
  2.4159E-01 -1.0812E-01  1.4439E+00  7.5487E-02  3.7739E-01
 -9.6480E-01  1.7890E-01  1.0918E+00  7.5487E-02  3.7739E-01
  1.3543E+00 -1.6424E-01 -5.4201E-01  7.5487E-02  3.7739E-01
  1.8740E-01 -1.2098E-01 -1.4509E+00  7.5487E-02  3.7739E-01
 -7.6722E-01 -1.7978E-01 -1.2300E+00  7.5106E-02  3.8315E-01
  1.4216E+00 -1.8250E-01  2.8167E-01  7.5106E-02  3.8315E-01
  5.7476E-01  6.2535E-02  1.3336E+00  7.4726E-02  3.8904E-01
 -6.5135E-01  5.9451E-02 -1.2981E+00  7.4726E-02  3.8904E-01
 -1.3128E+00 -4.2335E-02  6.2260E-01  7.4726E-02  3.8904E-01
 -9.6260E-01  1.3276E-01  1.0810E+00  7.4726E-02  3.8904E-01
 -1.0719E+00 -1.0137E-01 -9.7652E-01  7.4726E-02  3.8904E-01
  6.4899E-02 -1.7610E-01  1.4342E+00  7.4345E-02  3.9504E-01
 -1.3929E+00 -1.6162E-01  3.5466E-01  7.4345E-02  3.9504E-01
  1.3915E+00 -7.7765E-02 -3.8695E-01  7.4345E-02  3.9504E-01
  1.0469E+00  1.3026E-02  9.9791E-01  7.4345E-02  3.9504E-01
  8.7179E-01  8.1385E-02  1.1423E+00  7.3965E-02  4.0117E-01
 -1.1869E+00  2.9453E-02  8.1357E-01  7.3965E-02  4.0117E-01
  6.2590E-01 -2.8785E-02  1.2958E+00  7.3965E-02  4.0117E-01
  9.2743E-01 -1.2169E-01 -1.0939E+00  7.3965E-02  4.0117E-01
 -3.0224E-02 -9.0026E-02 -1.4291E+00  7.3584E-02  4.0743E-01
 -1.2101E+00 -8.7272E-02 -7.4785E-01  7.3203E-02  4.1382E-01
 -1.3261E+00  1.7986E-02 -5.2195E-01  7.3203E-02  4.1382E-01
  9.2377E-01  6.8022E-02 -1.0832E+00  7.3203E-02  4.1382E-01
 -8.5536E-01 -7.7849E-02  1.1374E+00  7.3203E-02  4.1382E-01
 -4.1737E-01  9.8649E-02  1.3592E+00  7.3203E-02  4.1382E-01
 -1.4036E+00 -1.1635E-01 -1.6709E-01  7.2822E-02  4.2035E-01
  1.1601E+00  1.7437E-01 -7.9705E-01  7.2822E-02  4.2035E-01
  1.3042E+00 -1.3823E-01 -5.3982E-01  7.2822E-02  4.2035E-01
  1.4160E+00 -6.8450E-02  3.9700E-02  7.2822E-02  4.2035E-01
  1.1998E+00 -8.3412E-02  7.3848E-01  7.2442E-02  4.2701E-01
  9.7849E-01  4.0425E-02 -1.0162E+00  7.2442E-02  4.2701E-01
  1.1164E-01  9.8137E-02 -1.4035E+00  7.2442E-02  4.2701E-01
  1.3412E+00  1.6299E-01 -3.5743E-01  7.1680E-02  4.4076E-01
  1.2952E+00  1.0711E-01 -4.9497E-01  7.1300E-02  4.4786E-01
  6.8197E-01 -1.4971E-01  1.2028E+00  7.1300E-02  4.4786E-01
 -8.4460E-01 -1.8375E-01  1.0808E+00  7.0919E-02  4.5511E-01
  2.2018E-02  1.6902E-01 -1.3734E+00  7.0919E-02  4.5511E-01
  2.7883E-01  1.0932E-01  1.3443E+00  7.0538E-02  4.6253E-01
  1.0470E+00 -8.1542E-02  8.9106E-01  7.0538E-02  4.6253E-01
  2.5618E-01 -8.9348E-02  1.3502E+00  7.0538E-02  4.6253E-01
 -1.7318E-01 -1.7957E-01 -1.3476E+00  7.0157E-02  4.7010E-01
 -6.1832E-01 -2.0067E-02  1.2230E+00  7.0157E-02  4.7010E-01
  1.3025E+00 -1.0134E-01 -3.9176E-01  6.9776E-02  4.7784E-01
 -1.1121E+00 -7.8389E-02 -7.8576E-01  6.9776E-02  4.7784E-01
 -7.9634E-01  6.3384E-02  1.1055E+00  6.9776E-02  4.7784E-01
 -1.3702E-01  1.5649E-01 -1.3479E+00  6.9776E-02  4.7784E-01
  8.8539E-01  5.9064E-02 -1.0358E+00  6.9776E-02  4.7784E-01
  1.3614E+00  5.3747E-03 -8.1787E-02  6.9776E-02  4.7784E-01
 -6.4573E-01 -1.3762E-01  1.1859E+00  6.9395E-02  4.8575E-01
 -6.5397E-01 -1.8634E-01 -1.1747E+00  6.9395E-02  4.8575E-01
 -9.7601E-01  1.6379E-01  9.2890E-01  6.9395E-02  4.8575E-01
  3.5103E-01  2.0333E-02 -1.3042E+00  6.9014E-02  4.9384E-01
  1.2021E+00 -1.4022E-01 -5.9993E-01  6.9014E-02  4.9384E-01
  1.2774E+00 -3.1160E-02 -4.3783E-01  6.9014E-02  4.9384E-01
  1.0341E+00 -1.5988E-01 -8.4378E-01  6.8633E-02  5.0211E-01
 -1.2434E+00 -1.4604E-01 -4.8946E-01  6.8633E-02  5.0211E-01
  9.9493E-01  1.4483E-01 -8.9225E-01  6.8633E-02  5.0211E-01
 -4.3471E-01  1.6657E-01 -1.2611E+00  6.8633E-02  5.0211E-01
  1.2111E+00 -4.9643E-02  5.8124E-01  6.8633E-02  5.0211E-01
 -7.5507E-01 -1.3627E-01  1.0959E+00  6.8252E-02  5.1057E-01
 -1.5186E-01  1.6566E-02 -1.3290E+00  6.8252E-02  5.1057E-01
  1.6990E-01 -1.6171E-01 -1.3105E+00  6.7871E-02  5.1923E-01
 -9.4419E-01  1.1982E-01  9.3095E-01  6.7871E-02  5.1923E-01
  1.1465E+00  7.2754E-02 -6.7293E-01  6.7871E-02  5.1923E-01
 -1.3243E+00  4.1090E-02 -6.6011E-03  6.7489E-02  5.2808E-01
  1.3051E+00 -2.1927E-02 -2.2783E-01  6.7489E-02  5.2808E-01
  1.2895E+00 -1.0865E-01 -2.5327E-01  6.7108E-02  5.3713E-01
  1.1526E+00  3.4958E-02 -6.3960E-01  6.7108E-02  5.3713E-01
 -1.2062E+00  1.0967E-01 -5.2136E-01  6.7108E-02  5.3713E-01
  1.9082E-01 -6.6426E-02  1.2967E+00  6.6726E-02  5.4640E-01
  1.4131E-01 -2.1329E-02  1.3046E+00  6.6726E-02  5.4640E-01
 -1.0085E+00  1.7681E-01  8.2098E-01  6.6726E-02  5.4640E-01
 -1.0668E+00 -1.7299E-01 -7.4456E-01  6.6726E-02  5.4640E-01
  4.9211E-02 -4.5347E-02  1.3044E+00  6.6345E-02  5.5588E-01
 -1.2682E+00 -6.2159E-02  3.0638E-01  6.6345E-02  5.5588E-01
 -6.9343E-01  1.6075E-01  1.0951E+00  6.6345E-02  5.5588E-01
 -1.0259E+00 -8.6962E-02  8.0376E-01  6.6345E-02  5.5588E-01
 -7.1890E-01  6.8931E-02  1.0809E+00  6.5963E-02  5.6559E-01
  1.9343E-01  1.8379E-01  1.2660E+00  6.5581E-02  5.7553E-01
  3.5434E-01 -1.2850E-01 -1.2377E+00  6.5581E-02  5.7553E-01
  1.2631E+00 -1.1637E-01  1.3635E-01  6.4434E-02  6.0681E-01
 -1.2399E+00 -8.2477E-02 -2.8872E-01  6.4434E-02  6.0681E-01
 -2.8358E-01 -6.2281E-02 -1.2423E+00  6.4434E-02  6.0681E-01
  1.2592E+00  1.0167E-01  1.7740E-01  6.4434E-02  6.0681E-01
 -1.2267E+00 -1.4377E-01 -3.1953E-01  6.4434E-02  6.0681E-01
  7.5042E-01 -1.7659E-01  1.0090E+00  6.4051E-02  6.1776E-01
 -4.8469E-01 -4.5696E-02  1.1664E+00  6.3669E-02  6.2897E-01
  1.1900E+00 -2.4023E-02  4.2527E-01  6.3669E-02  6.2897E-01
  9.2533E-01 -5.9584E-02 -8.5890E-01  6.3669E-02  6.2897E-01
  6.0128E-01  1.0405E-01 -1.1069E+00  6.3669E-02  6.2897E-01
 -2.5597E-02  2.0832E-02  1.2577E+00  6.3285E-02  6.4046E-01
 -8.7398E-01  1.5002E-01  8.9244E-01  6.3285E-02  6.4046E-01
 -1.0031E+00  6.4697E-02  7.4688E-01  6.2902E-02  6.5224E-01
  1.0519E+00 -1.1517E-01 -6.5890E-01  6.2518E-02  6.6433E-01
  4.8394E-01 -1.1379E-01 -1.1432E+00  6.2518E-02  6.6433E-01
 -8.0451E-01  4.3412E-02  9.4379E-01  6.2134E-02  6.7672E-01
 -1.0935E+00 -1.6324E-01  5.5098E-01  6.1750E-02  6.8943E-01
  1.2177E+00  1.4058E-01 -1.5261E-01  6.1750E-02  6.8943E-01
  1.2006E+00 -7.7560E-02 -2.8024E-01  6.1750E-02  6.8943E-01
  2.0358E-01  9.8588E-02  1.2144E+00  6.1750E-02  6.8943E-01
  3.5375E-01 -9.4043E-02 -1.1798E+00  6.1750E-02  6.8943E-01
 -1.2002E+00  1.0338E-01  2.7364E-01  6.1750E-02  6.8943E-01
  1.2164E+00  1.4948E-01  1.0075E-01  6.1365E-02  7.0248E-01
 -1.0313E+00 -1.5745E-01  6.4052E-01  6.0980E-02  7.1587E-01
 -7.2538E-01 -1.7005E-01 -9.7139E-01  6.0980E-02  7.1587E-01
 -4.3336E-01  1.8381E-01  1.1301E+00  6.0980E-02  7.1587E-01
 -6.2426E-01 -1.0644E-01  1.0477E+00  6.0980E-02  7.1587E-01
  1.1476E+00  1.3254E-01  3.8843E-01  6.0595E-02  7.2962E-01
  1.1169E+00  5.1971E-02  4.7121E-01  6.0209E-02  7.4374E-01
  1.1210E+00 -6.9522E-02  4.5897E-01  6.0209E-02  7.4374E-01
 -1.1344E+00 -8.0935E-03 -4.3053E-01  6.0209E-02  7.4374E-01
  4.0299E-01  9.9195E-02 -1.1402E+00  6.0209E-02  7.4374E-01
 -4.7360E-01  1.2936E-01 -1.1037E+00  5.9822E-02  7.5825E-01
 -1.2063E+00  3.4616E-02 -5.4829E-02  5.9822E-02  7.5825E-01
 -1.1484E+00  1.8455E-02  3.7422E-01  5.9822E-02  7.5825E-01
 -1.5747E-01 -6.2375E-02  1.1961E+00  5.9822E-02  7.5825E-01
 -5.3995E-01  9.3420E-02  1.0766E+00  5.9822E-02  7.5825E-01
  1.0505E+00  2.7997E-03  5.8563E-01  5.9436E-02  7.7315E-01
  7.7089E-01 -1.2750E-01  9.1433E-01  5.9436E-02  7.7315E-01
 -1.1972E+00  4.2849E-02 -1.0647E-01  5.9436E-02  7.7315E-01
 -6.3963E-01  9.0165E-02 -1.0083E+00  5.9048E-02  7.8847E-01
 -8.1480E-01  8.7545E-02  8.7315E-01  5.9048E-02  7.8847E-01
 -4.4552E-01  1.6617E-01  1.0990E+00  5.9048E-02  7.8847E-01
 -4.3339E-01  1.2881E-01 -1.1033E+00  5.8660E-02  8.0422E-01
 -9.9271E-01  1.7375E-01  6.2750E-01  5.8271E-02  8.2042E-01
 -3.2230E-01  1.4738E-01 -1.1331E+00  5.8271E-02  8.2042E-01
 -2.0961E-02  4.0606E-02  1.1863E+00  5.8271E-02  8.2042E-01
 -6.7165E-01  1.4832E-01  9.6762E-01  5.8271E-02  8.2042E-01
  4.7160E-01  4.2269E-02  1.0777E+00  5.7492E-02  8.5424E-01
  1.1533E+00 -1.1184E-01  2.0755E-01  5.7492E-02  8.5424E-01
 -1.1275E+00 -3.2013E-02 -3.3663E-01  5.7492E-02  8.5424E-01
  4.3541E-01 -1.0360E-01  1.0834E+00  5.7101E-02  8.7190E-01
  9.4736E-01  1.0522E-01 -6.8223E-01  5.7101E-02  8.7190E-01
  1.1556E+00 -6.3646E-03  1.9637E-01  5.7101E-02  8.7190E-01
  1.0505E+00  1.5554E-01 -4.9626E-01  5.7101E-02  8.7190E-01
  5.4352E-01 -5.2329E-02 -1.0372E+00  5.7101E-02  8.7190E-01
 -1.7470E-02 -6.8477E-02  1.1652E+00  5.6710E-02  8.9009E-01
 -1.1458E+00  1.0798E-01 -1.9485E-01  5.6710E-02  8.9009E-01
 -6.4261E-01  7.5391E-02 -9.7157E-01  5.6710E-02  8.9009E-01
 -8.1774E-01  4.9925E-02  8.3150E-01  5.6710E-02  8.9009E-01
  1.1610E+00  4.6962E-02  3.4090E-02  5.6317E-02  9.0882E-01
 -1.1413E+00 -3.4829E-02  2.1823E-01  5.6317E-02  9.0882E-01
  2.9351E-01  1.5399E-01 -1.1142E+00  5.6317E-02  9.0882E-01
 -1.1595E+00 -2.1084E-02 -8.0443E-02  5.6317E-02  9.0882E-01
  8.1610E-01 -6.7762E-02 -8.2507E-01  5.6317E-02  9.0882E-01
  4.8168E-01  5.6788E-02  1.0512E+00  5.5924E-02  9.2814E-01
 -9.1783E-01 -1.1309E-01  6.9649E-01  5.5924E-02  9.2814E-01
  6.9454E-01  1.7596E-01  9.0937E-01  5.5924E-02  9.2814E-01
  5.7187E-01  8.6082E-02  1.0029E+00  5.5924E-02  9.2814E-01
 -5.5138E-01  1.7953E-01  9.9659E-01  5.5530E-02  9.4805E-01
  2.2056E-01 -3.3309E-02  1.1312E+00  5.5530E-02  9.4805E-01
  8.1427E-01  1.1375E-03  8.1634E-01  5.5530E-02  9.4805E-01
 -9.3379E-01 -2.6225E-02  6.7587E-01  5.5530E-02  9.4805E-01
  5.3192E-01 -9.0588E-02  1.0137E+00  5.5134E-02  9.6859E-01
 -7.5537E-01  2.0630E-02  8.6473E-01  5.5134E-02  9.6859E-01
  9.4558E-01 -1.3832E-01  6.3680E-01  5.5134E-02  9.6859E-01
  4.9080E-01 -9.6465E-02  1.0337E+00  5.5134E-02  9.6859E-01
  1.0597E+00 -9.4061E-02  4.3243E-01  5.5134E-02  9.6859E-01
 -6.7091E-01 -8.7858E-02 -9.2219E-01  5.4738E-02  9.8980E-01
 -6.9227E-01 -7.4247E-02  9.0748E-01  5.4738E-02  9.8980E-01
 -1.1315E+00  6.2437E-03  1.6738E-01  5.4738E-02  9.8980E-01
  1.0084E+00  1.2332E-01 -5.2556E-01  5.4738E-02  9.8980E-01
  1.0408E+00 -3.6969E-02  4.7299E-01  5.4738E-02  9.8980E-01
  1.0681E+00  1.0783E-01 -3.8143E-01  5.4340E-02  1.0117E+00
  6.2344E-01  1.0950E-02 -9.5351E-01  5.4340E-02  1.0117E+00
  1.1244E+00  1.8126E-01 -2.9241E-02  5.4340E-02  1.0117E+00
 -9.8877E-01 -1.2516E-01  5.5194E-01  5.4340E-02  1.0117E+00
  2.9514E-01 -6.0700E-03 -1.1004E+00  5.4340E-02  1.0117E+00
 -3.6925E-01  8.8372E-02 -1.0694E+00  5.3941E-02  1.0343E+00
 -7.4885E-01 -2.0444E-02 -8.5244E-01  5.3941E-02  1.0343E+00
  5.5223E-01  1.7753E-02  9.9125E-01  5.3941E-02  1.0343E+00
  1.0233E+00  6.6330E-02 -4.7587E-01  5.3541E-02  1.0577E+00
  3.9735E-01 -3.8335E-02 -1.0576E+00  5.3541E-02  1.0577E+00
  9.8460E-01 -9.6949E-02 -5.4687E-01  5.3541E-02  1.0577E+00
  2.6930E-01  1.5103E-01  1.0830E+00  5.3139E-02  1.0818E+00
  3.9051E-01  6.5278E-02  1.0542E+00  5.3139E-02  1.0818E+00
 -9.6135E-01  1.0223E-01  5.7751E-01  5.3139E-02  1.0818E+00
  2.2067E-02  1.1878E-01 -1.1196E+00  5.3139E-02  1.0818E+00
 -3.9796E-01 -3.7578E-02  1.0482E+00  5.2736E-02  1.1068E+00
  3.0171E-01 -1.7801E-01  1.0658E+00  5.2736E-02  1.1068E+00
  1.0431E+00  2.8494E-02  4.1208E-01  5.2736E-02  1.1068E+00
 -1.1074E+00  1.4681E-01  3.6554E-02  5.2331E-02  1.1327E+00
  1.0997E+00 -1.6172E-01 -6.7693E-02  5.1925E-02  1.1595E+00
  3.4056E-01  1.3358E-01 -1.0518E+00  5.1925E-02  1.1595E+00
 -1.0769E+00 -9.4504E-02 -2.6712E-01  5.1925E-02  1.1595E+00
  6.1946E-01 -9.1485E-02 -9.1590E-01  5.1516E-02  1.1873E+00
  5.5590E-01  1.2966E-01  9.5139E-01  5.1516E-02  1.1873E+00
 -6.9633E-01  1.4522E-01  8.5148E-01  5.1516E-02  1.1873E+00
 -7.9750E-01  1.2700E-01  7.6081E-01  5.1516E-02  1.1873E+00
 -6.9226E-01  8.2595E-03 -8.6700E-01  5.1516E-02  1.1873E+00
  1.0791E+00 -1.6635E-01 -1.7318E-01  5.1106E-02  1.2161E+00
 -1.0325E+00 -3.8055E-02 -3.9326E-01  5.1106E-02  1.2161E+00
  8.7812E-01  1.0101E-01  6.5090E-01  5.0279E-02  1.2771E+00
  9.6444E-01 -1.5650E-01 -5.0033E-01  5.0279E-02  1.2771E+00
  7.2056E-01 -1.3400E-01 -8.1720E-01  5.0279E-02  1.2771E+00
  1.0741E+00  1.3265E-01  1.8355E-01  5.0279E-02  1.2771E+00
 -9.9585E-01 -1.0754E-02 -4.6169E-01  5.0279E-02  1.2771E+00
 -8.1034E-01  7.7923E-04  7.4049E-01  5.0279E-02  1.2771E+00
  3.9503E-01  9.8336E-02  1.0154E+00  4.9863E-02  1.3094E+00
  2.5834E-01 -1.7332E-01 -1.0488E+00  4.9863E-02  1.3094E+00
  7.5908E-01  4.6011E-02  7.8635E-01  4.9863E-02  1.3094E+00
 -3.2507E-01 -1.8429E-01 -1.0281E+00  4.9863E-02  1.3094E+00
 -5.8819E-01  4.5316E-02  9.2123E-01  4.9863E-02  1.3094E+00
 -1.0820E+00 -7.1163E-02  1.1260E-01  4.9444E-02  1.3430E+00
  1.0031E+00  1.9312E-02  4.1709E-01  4.9022E-02  1.3780E+00
 -1.0586E+00  1.0249E-01 -2.2244E-01  4.9022E-02  1.3780E+00
 -7.1227E-01  7.4520E-02 -8.1713E-01  4.9022E-02  1.3780E+00
 -9.0397E-01 -2.5426E-02 -6.0232E-01  4.9022E-02  1.3780E+00
  1.0070E+00  1.2925E-01  3.8711E-01  4.9022E-02  1.3780E+00
  4.3583E-02 -1.0266E-01 -1.0808E+00  4.9022E-02  1.3780E+00
  1.0110E+00 -1.3644E-01 -3.7388E-01  4.9022E-02  1.3780E+00
 -7.5369E-01 -1.5751E-01 -7.6664E-01  4.9022E-02  1.3780E+00
 -1.0678E+00 -1.7592E-01 -4.0953E-02  4.8597E-02  1.4144E+00
 -6.8465E-01  6.5160E-02  8.3655E-01  4.8597E-02  1.4144E+00
 -8.3227E-01 -4.4428E-02 -6.9150E-01  4.8597E-02  1.4144E+00
  2.8158E-01  2.2445E-04  1.0421E+00  4.8170E-02  1.4524E+00
 -2.8689E-01  1.2541E-01 -1.0330E+00  4.8170E-02  1.4524E+00
 -9.5871E-01  1.0274E-01  4.8534E-01  4.8170E-02  1.4524E+00
  1.7732E-01 -7.0984E-02  1.0589E+00  4.7739E-02  1.4920E+00
 -1.0162E+00 -1.6402E-01  3.1357E-01  4.7739E-02  1.4920E+00
 -6.3289E-01 -9.8705E-02 -8.6459E-01  4.7739E-02  1.4920E+00
 -9.5610E-01  1.0681E-01 -4.8195E-01  4.7739E-02  1.4920E+00
  9.1114E-02  1.2064E-01  1.0619E+00  4.7306E-02  1.5334E+00
  9.0824E-01  1.4186E-01 -5.5275E-01  4.7306E-02  1.5334E+00
  2.8336E-01 -1.3441E-01 -1.0223E+00  4.6868E-02  1.5768E+00
 -9.8416E-01 -1.3464E-01 -3.9598E-01  4.6868E-02  1.5768E+00
  6.5393E-01 -1.8227E-01 -8.2622E-01  4.6868E-02  1.5768E+00
  5.1460E-01 -3.0396E-03 -9.3738E-01  4.6868E-02  1.5768E+00
 -9.4023E-01  1.0217E-01 -4.9903E-01  4.6868E-02  1.5768E+00
 -7.1444E-01 -4.6287E-02 -7.9431E-01  4.6868E-02  1.5768E+00
  9.6979E-01 -1.7292E-01  4.0769E-01  4.6427E-02  1.6222E+00
 -1.0797E-01  1.8589E-02 -1.0605E+00  4.6427E-02  1.6222E+00
  1.7609E-02 -2.2450E-02 -1.0657E+00  4.6427E-02  1.6222E+00
 -9.0959E-01  6.1919E-02 -5.5265E-01  4.6427E-02  1.6222E+00
  1.0542E+00  1.2648E-01 -4.9472E-02  4.5982E-02  1.6697E+00
 -2.3061E-01  3.2651E-02  1.0371E+00  4.5982E-02  1.6697E+00
  7.1741E-01  9.8237E-02 -7.7817E-01  4.5982E-02  1.6697E+00
  8.5367E-01  8.5420E-02  6.2757E-01  4.5982E-02  1.6697E+00
  1.7785E-01 -1.7201E-01  1.0338E+00  4.5982E-02  1.6697E+00
  5.8702E-02 -1.7218E-01 -1.0473E+00  4.5982E-02  1.6697E+00
 -1.0549E+00  2.9102E-02  9.7948E-02  4.5533E-02  1.7196E+00
  8.4509E-01 -1.0679E-01 -6.3068E-01  4.5533E-02  1.7196E+00
 -2.0715E-01 -1.3701E-01  1.0304E+00  4.5533E-02  1.7196E+00
  1.4810E-01 -1.8137E-01 -1.0337E+00  4.5533E-02  1.7196E+00
 -9.8674E-01  1.5904E-01  3.4353E-01  4.5079E-02  1.7721E+00
 -1.9990E-02 -1.1580E-01  1.0503E+00  4.5079E-02  1.7721E+00
 -1.0289E+00  7.8546E-02 -2.2836E-01  4.5079E-02  1.7721E+00
  9.2994E-01  1.5691E-01 -4.7702E-01  4.5079E-02  1.7721E+00
  1.0368E+00 -1.3163E-01  1.5693E-01  4.5079E-02  1.7721E+00
  1.4702E-02  1.1512E-01 -1.0475E+00  4.4620E-02  1.8273E+00
  8.2066E-01 -5.0914E-02  6.5931E-01  4.4620E-02  1.8273E+00
 -9.6831E-01  1.0651E-01  3.9467E-01  4.4156E-02  1.8855E+00
 -7.8291E-01  1.0084E-01 -6.9400E-01  4.4156E-02  1.8855E+00
  6.4638E-01  5.1548E-02 -8.2721E-01  4.4156E-02  1.8855E+00
 -5.2180E-01 -1.3292E-01 -9.0267E-01  4.4156E-02  1.8855E+00
 -1.0195E+00 -1.0164E-01  2.3448E-01  4.4156E-02  1.8855E+00
 -8.6481E-01 -7.6844E-02 -5.9241E-01  4.4156E-02  1.8855E+00
  9.0409E-01 -1.4977E-01  5.1472E-01  4.4156E-02  1.8855E+00
  9.9346E-01  5.5351E-02 -3.2996E-01  4.3687E-02  1.9469E+00
 -4.0718E-01  1.5239E-01  9.5387E-01  4.3687E-02  1.9469E+00
  5.1119E-03  1.1770E-01  1.0416E+00  4.3687E-02  1.9469E+00
 -4.6210E-01  4.7708E-02 -9.3972E-01  4.3687E-02  1.9469E+00
 -1.3508E-01 -1.6526E-01  1.0263E+00  4.3687E-02  1.9469E+00
  3.7295E-01 -3.3756E-02  9.7621E-01  4.3212E-02  2.0119E+00
  1.0334E+00 -1.3217E-01  8.8397E-02  4.3212E-02  2.0119E+00
  1.0129E+00 -3.9759E-02  2.5620E-01  4.3212E-02  2.0119E+00
 -4.0169E-01  1.1715E-01 -9.5531E-01  4.2730E-02  2.0806E+00
  9.0842E-01  8.8813E-02 -5.0457E-01  4.2730E-02  2.0806E+00
 -1.5212E-01 -1.5498E-01 -1.0201E+00  4.2730E-02  2.0806E+00
  9.5330E-01  7.9029E-02  4.1554E-01  4.2730E-02  2.0806E+00
 -1.0354E+00  7.1489E-02 -1.0240E-01  4.2730E-02  2.0806E+00
 -1.0369E+00 -1.6275E-02 -1.1091E-01  4.2730E-02  2.0806E+00
  6.7160E-01  1.1224E-01  7.8658E-01  4.2242E-02  2.1536E+00
 -9.8109E-01 -1.1238E-01 -3.2740E-01  4.2242E-02  2.1536E+00
  1.0349E+00  6.5405E-02 -4.2919E-02  4.1747E-02  2.2312E+00
 -5.5015E-02  4.2271E-02  1.0356E+00  4.1747E-02  2.2312E+00
 -6.1462E-01  9.3163E-02 -8.3112E-01  4.1747E-02  2.2312E+00
 -8.5515E-01 -1.5573E-01 -5.6715E-01  4.1747E-02  2.2312E+00
 -8.0084E-01 -1.6622E-01 -6.3891E-01  4.1747E-02  2.2312E+00
  8.9092E-01 -1.1606E-01 -5.1960E-01  4.1747E-02  2.2312E+00
 -9.1655E-01 -1.7477E-01  4.5451E-01  4.1747E-02  2.2312E+00
  2.0149E-01  1.5823E-03 -1.0157E+00  4.1244E-02  2.3138E+00
  1.0222E+00  1.6430E-01 -1.4617E-02  4.1244E-02  2.3138E+00
 -1.5256E-01 -9.1818E-02 -1.0200E+00  4.1244E-02  2.3138E+00
 -6.4969E-01 -4.0065E-02 -8.0529E-01  4.1244E-02  2.3138E+00
 -1.7324E-01  1.1352E-01 -1.0145E+00  4.1244E-02  2.3138E+00
  1.0128E+00  3.7437E-02  2.1233E-01  4.1244E-02  2.3138E+00
 -6.4933E-02 -4.7137E-02  1.0324E+00  4.1244E-02  2.3138E+00
  9.1405E-01 -3.0669E-02  4.8057E-01  4.0733E-02  2.4020E+00
  8.6816E-01 -9.0125E-02  5.5275E-01  4.0733E-02  2.4020E+00
 -9.5370E-01  1.7099E-01  3.5859E-01  4.0733E-02  2.4020E+00
 -7.9996E-01 -1.0127E-01  6.4589E-01  4.0733E-02  2.4020E+00
  1.6898E-01 -1.7499E-01 -1.0041E+00  4.0733E-02  2.4020E+00
 -3.5831E-01 -3.1123E-02  9.6851E-01  4.0733E-02  2.4020E+00
 -8.4130E-01 -7.6735E-02 -5.9079E-01  4.0213E-02  2.4964E+00
  9.8779E-01  1.6252E-01  2.4610E-01  4.0213E-02  2.4964E+00
  5.3296E-01 -1.0059E-01 -8.7410E-01  3.9683E-02  2.5977E+00
  6.2754E-01  7.6956E-02 -8.1148E-01  3.9683E-02  2.5977E+00
 -1.0011E+00 -1.1685E-01 -2.0577E-01  3.9683E-02  2.5977E+00
 -5.6823E-02 -4.1935E-02  1.0263E+00  3.9683E-02  2.5977E+00
 -9.9943E-01 -2.9275E-02 -2.3276E-01  3.9143E-02  2.7067E+00
  5.1602E-01  2.5503E-02  8.8712E-01  3.9143E-02  2.7067E+00
 -7.0838E-01 -1.5615E-02 -7.4287E-01  3.9143E-02  2.7067E+00
  3.0821E-01  1.6952E-01  9.6230E-01  3.8592E-02  2.8243E+00
 -5.8500E-01  2.9523E-02  8.4063E-01  3.8592E-02  2.8243E+00
 -2.0936E-01 -7.1373E-02 -1.0004E+00  3.8592E-02  2.8243E+00
 -1.0053E+00 -1.3680E-01 -1.2823E-01  3.8029E-02  2.9517E+00
  4.4344E-01  1.8810E-02 -9.2129E-01  3.8029E-02  2.9517E+00
  6.6610E-01  4.0619E-02  7.7487E-01  3.8029E-02  2.9517E+00
  2.4719E-02 -2.3722E-02 -1.0184E+00  3.6862E-02  3.2409E+00
  4.7444E-01  1.2723E-01  8.9276E-01  3.6862E-02  3.2409E+00
 -5.2196E-01  3.9382E-02 -8.7425E-01  3.6862E-02  3.2409E+00
  3.3593E-01 -3.1046E-02 -9.6150E-01  3.6862E-02  3.2409E+00
 -4.0045E-01  8.6349E-03 -9.3695E-01  3.6862E-02  3.2409E+00
 -1.0109E+00 -1.9215E-02 -1.2617E-01  3.6862E-02  3.2409E+00
 -8.5263E-01  2.9721E-02 -5.5403E-01  3.6256E-02  3.4062E+00
  9.4701E-01  2.1589E-02  3.7084E-01  3.6256E-02  3.4062E+00
 -7.9526E-01 -8.0623E-02 -6.2656E-01  3.5633E-02  3.5880E+00
 -9.4436E-01  1.8110E-01 -3.2695E-01  3.5633E-02  3.5880E+00
 -3.6554E-01  6.6755E-02  9.4522E-01  3.5633E-02  3.5880E+00
 -2.3371E-01 -1.2204E-01 -9.8081E-01  3.5633E-02  3.5880E+00
 -9.9410E-01  8.8340E-02 -1.7978E-01  3.4991E-02  3.7890E+00
 -6.0987E-01  2.9477E-02  8.0966E-01  3.4991E-02  3.7890E+00
 -9.2415E-01  1.5867E-01 -3.8618E-01  3.4991E-02  3.7890E+00
 -2.5399E-01  1.3035E-01  9.7307E-01  3.4991E-02  3.7890E+00
  7.7359E-01  2.5554E-02  6.5518E-01  3.4991E-02  3.7890E+00
 -3.2415E-01 -2.2817E-02 -9.6061E-01  3.4991E-02  3.7890E+00
 -6.0994E-01 -2.3304E-02  8.0796E-01  3.4329E-02  4.0125E+00
 -9.4742E-01 -1.3396E-01 -3.3141E-01  3.4329E-02  4.0125E+00
 -1.0030E+00  7.0524E-02 -1.1971E-01  3.4329E-02  4.0125E+00
 -4.3559E-02  1.5527E-01 -9.9828E-01  3.3644E-02  4.2626E+00
  5.6571E-01 -9.3069E-02 -8.3299E-01  3.3644E-02  4.2626E+00
 -9.1352E-01  8.7907E-02  4.2464E-01  3.3644E-02  4.2626E+00
 -8.6802E-01  8.9917E-02  5.1091E-01  3.3644E-02  4.2626E+00
  8.3879E-01 -1.1053E-01  5.5387E-01  3.3644E-02  4.2626E+00
  6.2105E-01 -2.2596E-02  7.9606E-01  3.2934E-02  4.5444E+00
  9.7282E-01 -6.1724E-02 -2.6406E-01  3.2934E-02  4.5444E+00
 -2.8269E-01 -7.1775E-02 -9.6688E-01  3.2934E-02  4.5444E+00
 -8.8169E-01  1.2532E-01  4.7627E-01  3.2934E-02  4.5444E+00
 -3.2497E-02  5.6625E-02  1.0078E+00  3.2934E-02  4.5444E+00
  6.8995E-01 -6.1927E-02 -7.3488E-01  3.2934E-02  4.5444E+00
  5.2897E-01  1.6143E-01  8.4501E-01  3.2934E-02  4.5444E+00
  1.9226E-01  1.5777E-01 -9.7754E-01  3.2195E-02  4.8645E+00
 -3.1037E-02 -1.5125E-01 -9.9679E-01  3.2195E-02  4.8645E+00
 -9.5004E-01 -8.9343E-02 -3.2693E-01  3.2195E-02  4.8645E+00
  9.6620E-01  1.9936E-02  2.8895E-01  3.2195E-02  4.8645E+00
 -2.5660E-01 -1.3356E-01  9.6511E-01  3.1425E-02  5.2312E+00
 -8.7888E-01  1.7065E-01 -4.6213E-01  3.1425E-02  5.2312E+00
 -8.0437E-01  9.7082E-02 -5.9891E-01  3.1425E-02  5.2312E+00
  7.3878E-01 -1.7831E-01  6.6146E-01  3.1425E-02  5.2312E+00
 -2.4748E-01  5.5407E-02 -9.7509E-01  3.1425E-02  5.2312E+00
 -5.6487E-01  1.4992E-01  8.1940E-01  3.0618E-02  5.6557E+00
  2.2034E-01  7.3103E-02 -9.7933E-01  3.0618E-02  5.6557E+00
 -4.9607E-01  8.1573E-02  8.7077E-01  2.9770E-02  6.1530E+00
 -6.4819E-01  1.3632E-01  7.5648E-01  2.9770E-02  6.1530E+00
 -6.8290E-01  9.8133E-02  7.3143E-01  2.9770E-02  6.1530E+00
 -7.2765E-01 -4.7564E-02  6.9227E-01  2.9770E-02  6.1530E+00
  9.4554E-01 -1.3409E-01 -3.1457E-01  2.9770E-02  6.1530E+00
 -7.8023E-01 -1.3509E-01 -6.1819E-01  2.8874E-02  6.7438E+00
 -9.8606E-01  1.6511E-01  9.7954E-02  2.8874E-02  6.7438E+00
 -9.8183E-01  8.9061E-02  1.9298E-01  2.8874E-02  6.7438E+00
  9.6230E-02 -6.1741E-02  9.9804E-01  2.8874E-02  6.7438E+00
  7.0611E-01  8.1403E-02  7.0989E-01  2.8874E-02  6.7438E+00
  3.5532E-01  1.7187E-01 -9.2289E-01  2.7921E-02  7.4574E+00
  9.9571E-01  1.1701E-01 -4.8726E-02  2.7921E-02  7.4574E+00
 -5.4911E-01  2.9524E-02 -8.3882E-01  2.6903E-02  8.3369E+00
  2.5333E-01  1.1736E-01  9.6337E-01  2.6903E-02  8.3369E+00
 -4.1952E-01  5.4952E-02 -9.0940E-01  2.6903E-02  8.3369E+00
 -9.8055E-01  1.7783E-01  1.0765E-01  2.5804E-02  9.4481E+00
  5.4035E-01  1.6300E-01 -8.2834E-01  2.5804E-02  9.4481E+00
 -7.3738E-01 -1.9028E-02 -6.7868E-01  2.5804E-02  9.4481E+00
  9.4114E-01 -1.7853E-01  2.9509E-01  2.5804E-02  9.4481E+00
  4.6168E-01  1.3996E-01  8.7795E-01  2.4606E-02  1.0897E+01
 -8.5943E-01 -1.7850E-01 -4.8276E-01  2.4606E-02  1.0897E+01
  9.8554E-01 -4.1187E-03  1.7951E-01  2.4606E-02  1.0897E+01
  1.3599E-01 -8.7556E-02 -9.8862E-01  2.4606E-02  1.0897E+01
 -8.6295E-01 -4.4422E-02 -5.0683E-01  2.4606E-02  1.0897E+01
  8.0579E-01 -5.3604E-02 -5.9193E-01  2.3280E-02  1.2866E+01
 -4.0893E-01 -1.8280E-01  8.9549E-01  2.3280E-02  1.2866E+01
 -9.4641E-01 -4.1296E-02 -3.2298E-01  2.1787E-02  1.5696E+01
  5.8097E-01  1.5878E-01  7.9936E-01  2.1787E-02  1.5696E+01
  9.4179E-01  5.9944E-02 -3.3338E-01  2.1787E-02  1.5696E+01
  5.1178E-01  1.6189E-02  8.5996E-01  2.1787E-02  1.5696E+01
  1.0626E-01  7.3015E-02  9.9251E-01  2.1787E-02  1.5696E+01
 -9.3349E-01 -2.2829E-02 -3.6024E-01  2.1787E-02  1.5696E+01
 -9.0672E-01 -6.3382E-02 -4.1819E-01  2.0058E-02  2.0115E+01
 -8.6164E-01  7.9623E-03  5.0847E-01  2.0058E-02  2.0115E+01
 -5.5116E-01  1.4847E-01  8.2172E-01  2.0058E-02  2.0115E+01
 -9.7874E-01 -1.8007E-01 -1.0094E-01  1.7969E-02  2.7981E+01
  9.8721E-01 -1.5533E-01 -4.2755E-02  1.7969E-02  2.7981E+01
 -9.2862E-01 -9.9118E-02  3.5829E-01  1.7969E-02  2.7981E+01
  9.8632E-01  6.5983E-02 -1.5281E-01  1.7969E-02  2.7981E+01
