0.24994285714286D+02       617
(x,y,z) position of the X-ray source
 -0.1800E+01  0.7262E-14  0.1386E-12
x | y | z | R | rho
 -1.6266E-01  1.8512E-01  9.9063E+00  3.2049E-01  4.9312E-03
 -5.4757E-01  2.4408E-01  9.8547E+00  3.1968E-01  4.9687E-03
  1.3663E+00 -9.6219E-02  9.7652E+00  3.1941E-01  4.9813E-03
 -9.2390E-01  3.1897E-01  9.6291E+00  3.1536E-01  5.1761E-03
 -6.6302E-01  1.7915E-01  9.2167E+00  3.0553E-01  5.6919E-03
  8.8484E-01  8.5471E-02  8.9199E+00  2.9918E-01  6.0620E-03
 -3.3118E-01 -3.0139E-01  8.8925E+00  2.9779E-01  6.1472E-03
  1.6461E-01  8.3087E-02  8.9018E+00  2.9779E-01  6.1472E-03
  2.7011E-01  4.3959E-02  8.6460E+00  2.9193E-01  6.5247E-03
  3.4714E-01  3.1062E-01  8.6137E+00  2.9137E-01  6.5624E-03
  1.9439E+00 -2.1339E-01  8.2656E+00  2.8828E-01  6.7756E-03
 -8.6649E-01  5.2007E-02  8.4009E+00  2.8716E-01  6.8557E-03
  1.3440E-01  1.9195E-01  8.3100E+00  2.8405E-01  7.0833E-03
 -1.5318E+00 -2.7051E-01  7.9463E+00  2.7893E-01  7.4803E-03
  8.1844E-01 -2.1210E-01  8.0287E+00  2.7836E-01  7.5264E-03
  1.9586E+00 -6.0367E-02  7.4978E+00  2.7061E-01  8.1920E-03
 -6.3913E-01 -9.9600E-02  7.6866E+00  2.6974E-01  8.2712E-03
  1.8045E-01  3.2128E-01  7.5972E+00  2.6713E-01  8.5158E-03
 -1.2979E+00 -8.7442E-04  7.2887E+00  2.6218E-01  9.0076E-03
  7.5545E-02  1.1032E-01  7.3663E+00  2.6130E-01  9.0986E-03
  1.3461E+00  1.4470E-01  7.1694E+00  2.5954E-01  9.2849E-03
 -1.2083E+00 -8.9230E-02  7.1224E+00  2.5778E-01  9.4768E-03
  2.0321E+00 -1.8467E-01  6.8065E+00  2.5483E-01  9.8098E-03
  8.8315E-01  1.9294E-01  6.7729E+00  2.4799E-01  1.0644E-02
 -1.4047E+00  3.0528E-01  6.3774E+00  2.4048E-01  1.1673E-02
 -1.7794E+00  1.6799E-01  6.1780E+00  2.3775E-01  1.2079E-02
  1.8613E+00  2.7887E-01  5.9034E+00  2.3165E-01  1.3059E-02
 -5.5314E-01  1.9553E-02  6.0890E+00  2.2950E-01  1.3430E-02
 -1.7555E+00  1.1285E-01  5.7087E+00  2.2579E-01  1.4101E-02
 -8.2013E-01  2.9425E-01  5.8388E+00  2.2393E-01  1.4456E-02
 -9.5651E-01  2.4016E-01  5.7494E+00  2.2207E-01  1.4823E-02
  2.3717E-01  1.1088E-01  5.8275E+00  2.2207E-01  1.4823E-02
 -1.0379E+00 -2.6609E-01  5.6274E+00  2.1926E-01  1.5400E-02
  1.0089E-01  2.2901E-01  5.7230E+00  2.1926E-01  1.5400E-02
  1.9814E+00  2.4978E-01  5.2945E+00  2.1738E-01  1.5803E-02
  8.5956E-01  2.2772E-02  5.4519E+00  2.1360E-01  1.6657E-02
 -1.3822E+00  1.3501E-02  5.2955E+00  2.1234E-01  1.6956E-02
  4.2093E-01  1.5228E-01  5.4429E+00  2.1202E-01  1.7032E-02
 -1.5088E+00 -2.8020E-02  5.2366E+00  2.1170E-01  1.7109E-02
 -1.3226E+00 -1.8248E-01  5.2837E+00  2.1170E-01  1.7109E-02
  5.8176E-01  2.6558E-01  5.0170E+00  2.0083E-01  2.0040E-02
  1.2341E-02  1.6384E-02  4.8629E+00  1.9532E-01  2.1784E-02
  1.9756E-01  9.7350E-02  4.8465E+00  1.9500E-01  2.1894E-02
  1.4124E+00  2.6492E-01  4.6338E+00  1.9500E-01  2.1894E-02
  9.8589E-01 -2.3908E-01  4.6976E+00  1.9369E-01  2.2339E-02
  5.9191E-01  5.2820E-02  4.7460E+00  1.9304E-01  2.2567E-02
 -1.3687E+00 -1.3798E-01  4.5215E+00  1.9140E-01  2.3151E-02
  1.1048E+00 -1.2822E-01  4.5817E+00  1.9107E-01  2.3270E-02
  3.6980E-01 -2.8124E-01  4.6575E+00  1.9009E-01  2.3634E-02
 -7.3710E-01  6.6432E-03  4.4270E+00  1.8447E-01  2.5858E-02
 -1.5616E+00 -7.4637E-02  4.1827E+00  1.8381E-01  2.6139E-02
 -1.4218E+00 -1.6158E-01  4.2060E+00  1.8315E-01  2.6425E-02
 -1.6233E+00 -3.8758E-03  4.1356E+00  1.8315E-01  2.6425E-02
 -1.1273E+00 -1.3925E-01  4.1669E+00  1.7948E-01  2.8079E-02
  2.7991E-01 -2.4951E-01  4.0667E+00  1.7240E-01  3.1679E-02
  1.3077E+00  2.3510E-01  3.8147E+00  1.7105E-01  3.2439E-02
  5.3892E-03 -9.2812E-02  4.0273E+00  1.7071E-01  3.2633E-02
  1.5680E-01 -2.5498E-01  3.9504E+00  1.6866E-01  3.3833E-02
  1.9081E+00  5.6018E-02  3.3955E+00  1.6661E-01  3.5098E-02
 -3.0571E-02 -3.0604E-02  3.8179E+00  1.6421E-01  3.6660E-02
 -2.7244E-01  1.7521E-02  3.7863E+00  1.6352E-01  3.7125E-02
 -1.2958E+00 -2.2094E-01  3.4558E+00  1.6042E-01  3.9323E-02
  2.3285E-01  1.8662E-01  3.6524E+00  1.5938E-01  4.0097E-02
 -1.4932E+00 -8.2063E-02  3.3335E+00  1.5903E-01  4.0360E-02
  1.8095E+00 -2.5215E-01  3.1514E+00  1.5869E-01  4.0625E-02
 -1.5579E+00 -2.3093E-02  3.2685E+00  1.5799E-01  4.1163E-02
 -1.2566E+00 -1.0670E-02  3.3958E+00  1.5799E-01  4.1163E-02
  7.5489E-01  2.1182E-01  3.4235E+00  1.5451E-01  4.4012E-02
  1.4073E-01 -1.0537E-01  3.4752E+00  1.5346E-01  4.4921E-02
  1.2382E+00 -1.9980E-01  3.2342E+00  1.5311E-01  4.5230E-02
  1.3934E+00 -1.8383E-01  3.1477E+00  1.5240E-01  4.5858E-02
  1.5234E+00  9.1347E-03  3.0562E+00  1.5135E-01  4.6822E-02
  9.1560E-01  7.9312E-02  3.2889E+00  1.5135E-01  4.6822E-02
  1.4584E+00 -1.5787E-01  3.0479E+00  1.5030E-01  4.7815E-02
  1.9082E+00 -1.9022E-01  2.7864E+00  1.5030E-01  4.7815E-02
  1.4942E+00  2.2028E-01  3.0146E+00  1.4994E-01  4.8153E-02
  1.6549E+00  4.1858E-02  2.7890E+00  1.4570E-01  5.2483E-02
  1.2258E+00 -1.5761E-01  2.9640E+00  1.4464E-01  5.3651E-02
 -6.1118E-01  4.3828E-02  3.1307E+00  1.4392E-01  5.4451E-02
 -1.5575E+00  2.2008E-01  2.7387E+00  1.4286E-01  5.5682E-02
 -9.9279E-01  1.1624E-01  2.9736E+00  1.4214E-01  5.6525E-02
 -1.5464E+00 -3.8199E-02  2.7170E+00  1.4178E-01  5.6953E-02
 -5.3067E-01  1.7787E-01  3.0653E+00  1.4143E-01  5.7386E-02
 -1.6974E+00  2.1375E-01  2.6043E+00  1.4143E-01  5.7386E-02
  1.8974E+00 -2.0900E-01  2.4092E+00  1.4000E-01  5.9164E-02
 -1.8881E-01  1.1873E-01  2.9606E+00  1.3640E-01  6.3962E-02
  6.1952E-02 -8.4313E-02  2.9671E+00  1.3640E-01  6.3962E-02
  1.2128E+00 -7.6883E-02  2.6860E+00  1.3568E-01  6.4988E-02
 -1.1383E-01  1.6814E-01  2.9098E+00  1.3460E-01  6.6569E-02
 -1.1455E+00 -1.5634E-01  2.6667E+00  1.3424E-01  6.7108E-02
  1.4256E-01  4.5951E-02  2.8922E+00  1.3388E-01  6.7653E-02
 -1.6557E+00 -2.6603E-02  2.3634E+00  1.3351E-01  6.8205E-02
  6.2122E-02  1.9889E-01  2.8264E+00  1.3170E-01  7.1060E-02
  6.0758E-01 -4.1635E-02  2.7152E+00  1.2988E-01  7.4085E-02
 -1.4183E+00  9.0511E-02  2.3924E+00  1.2988E-01  7.4085E-02
  4.7250E-01 -5.9073E-02  2.6897E+00  1.2806E-01  7.7293E-02
  1.4883E+00 -1.1886E-01  2.2508E+00  1.2697E-01  7.9312E-02
  2.0763E-01 -1.7473E-01  2.6770E+00  1.2660E-01  8.0001E-02
 -9.2779E-01  1.3266E-01  2.5114E+00  1.2623E-01  8.0699E-02
 -1.6569E+00  6.0355E-02  2.0025E+00  1.2330E-01  8.6599E-02
  7.9336E-01 -8.1485E-03  2.4441E+00  1.2220E-01  8.8967E-02
  1.7551E+00 -1.9657E-01  1.8390E+00  1.2146E-01  9.0595E-02
  1.7884E+00  1.4567E-01  1.7549E+00  1.1998E-01  9.3979E-02
  1.0781E+00 -2.5741E-02  2.2113E+00  1.1814E-01  9.8461E-02
  1.0625E+00  9.3742E-02  2.1951E+00  1.1739E-01  1.0034E-01
 -1.8685E+00 -1.0476E-01  1.5512E+00  1.1702E-01  1.0129E-01
  1.1278E+00  1.3187E-01  2.1492E+00  1.1702E-01  1.0129E-01
  1.7722E+00 -4.6355E-02 -1.6341E+00  1.1628E-01  1.0324E-01
 -1.4722E+00  8.7478E-03 -1.9094E+00  1.1628E-01  1.0324E-01
 -1.9166E+00  1.8814E-01 -1.4344E+00  1.1591E-01  1.0424E-01
 -6.0971E-01 -1.5764E-01  2.2565E+00  1.1368E-01  1.1050E-01
  1.5286E+00 -1.0109E-01  1.7468E+00  1.1293E-01  1.1270E-01
 -1.4063E+00  1.1633E-01  1.8336E+00  1.1256E-01  1.1382E-01
 -5.2322E-01 -2.0286E-01  2.2347E+00  1.1219E-01  1.1496E-01
  1.7059E+00 -3.5434E-02  1.5483E+00  1.1219E-01  1.1496E-01
 -1.7355E+00 -1.2629E-01 -1.4955E+00  1.1182E-01  1.1612E-01
 -8.0603E-01 -9.6866E-02  2.1357E+00  1.1144E-01  1.1729E-01
 -1.8207E+00 -1.7388E-01  1.3533E+00  1.1107E-01  1.1847E-01
  1.3380E+00  1.9547E-01 -1.8179E+00  1.1070E-01  1.1968E-01
 -1.7191E+00  1.1606E-01  1.4415E+00  1.0995E-01  1.2214E-01
  3.9977E-01 -1.8360E-01  2.1933E+00  1.0957E-01  1.2339E-01
 -8.2577E-01 -1.9092E-01  2.0599E+00  1.0920E-01  1.2466E-01
  1.4787E+00 -5.1899E-02  1.6650E+00  1.0920E-01  1.2466E-01
  1.3848E+00 -1.9545E-01  1.7214E+00  1.0882E-01  1.2596E-01
 -1.3168E+00  1.2008E-01 -1.7807E+00  1.0882E-01  1.2596E-01
 -5.3848E-01 -1.4641E-01  2.1368E+00  1.0845E-01  1.2727E-01
  1.3232E+00  1.3244E-02  1.7681E+00  1.0845E-01  1.2727E-01
 -1.7223E+00  2.9391E-02 -1.3516E+00  1.0770E-01  1.2994E-01
 -9.8881E-01 -5.7917E-03  1.9323E+00  1.0695E-01  1.3269E-01
 -8.7176E-01  1.7136E-01  1.9496E+00  1.0582E-01  1.3698E-01
 -1.0314E+00 -1.4176E-02  1.8672E+00  1.0545E-01  1.3845E-01
 -9.8163E-01  1.1242E-01 -1.8800E+00  1.0507E-01  1.3994E-01
  1.8242E+00 -6.0451E-02 -1.0858E+00  1.0507E-01  1.3994E-01
 -1.4539E+00  1.6780E-01 -1.5390E+00  1.0507E-01  1.3994E-01
  9.7916E-01  1.2445E-01  1.8700E+00  1.0470E-01  1.4145E-01
 -1.0979E+00  5.7886E-02  1.8062E+00  1.0470E-01  1.4145E-01
  7.4051E-01 -1.6072E-01  1.9741E+00  1.0470E-01  1.4145E-01
 -1.4553E+00 -8.4293E-02 -1.5060E+00  1.0394E-01  1.4454E-01
  9.2413E-01 -7.0512E-02  1.8799E+00  1.0394E-01  1.4454E-01
  1.7062E+00 -2.6268E-02  1.2010E+00  1.0357E-01  1.4613E-01
 -9.4030E-01 -1.0027E-01 -1.8394E+00  1.0281E-01  1.4936E-01
  1.8242E+00 -1.2162E-01  9.6693E-01  1.0281E-01  1.4936E-01
 -1.6646E+00 -6.0849E-02 -1.1946E+00  1.0206E-01  1.5269E-01
 -9.8145E-01  7.6047E-02 -1.7980E+00  1.0206E-01  1.5269E-01
  1.2424E+00 -1.3577E-01  1.6131E+00  1.0168E-01  1.5440E-01
  1.8174E+00  1.6502E-02 -8.8694E-01  1.0093E-01  1.5789E-01
  1.2611E+00 -1.1582E-01 -1.5651E+00  1.0055E-01  1.5967E-01
  1.6156E+00 -1.1439E-01 -1.1958E+00  1.0055E-01  1.5967E-01
 -1.3235E+00 -1.1398E-01 -1.5007E+00  1.0017E-01  1.6148E-01
  4.8226E-01 -1.7971E-01  1.9370E+00  1.0017E-01  1.6148E-01
 -7.4888E-01  1.3287E-02 -1.8492E+00  9.9797E-02  1.6332E-01
 -1.8234E+00 -5.7452E-02 -7.6209E-01  9.9041E-02  1.6709E-01
 -3.1128E-01 -5.4347E-02  1.9517E+00  9.9041E-02  1.6709E-01
 -8.0879E-01  8.9244E-02 -1.8019E+00  9.9041E-02  1.6709E-01
  5.2320E-02  8.4818E-02  1.9566E+00  9.8285E-02  1.7098E-01
 -5.8321E-01  7.0108E-03  1.8703E+00  9.8285E-02  1.7098E-01
 -1.8245E+00  1.7305E-01  6.9240E-01  9.8285E-02  1.7098E-01
 -1.1637E+00 -9.3110E-02  1.5621E+00  9.7907E-02  1.7297E-01
 -1.3830E+00 -1.0541E-01  1.3581E+00  9.7529E-02  1.7499E-01
 -1.8058E+00 -1.8102E-01 -6.8900E-01  9.7529E-02  1.7499E-01
  5.6211E-01  5.8460E-02 -1.8571E+00  9.7529E-02  1.7499E-01
  1.5474E+00 -1.0720E-01  1.1373E+00  9.6772E-02  1.7912E-01
  1.8974E-01 -1.2665E-02  1.9140E+00  9.6772E-02  1.7912E-01
 -7.1768E-01 -1.7711E-01 -1.7661E+00  9.6393E-02  1.8124E-01
 -4.6835E-01  1.8242E-01  1.8382E+00  9.6015E-02  1.8340E-01
  1.7128E+00 -1.4822E-01 -8.2220E-01  9.6015E-02  1.8340E-01
  4.1086E-01 -1.1955E-01  1.8480E+00  9.5636E-02  1.8558E-01
 -7.1895E-01 -1.4095E-01  1.7496E+00  9.5636E-02  1.8558E-01
  1.4897E+00 -1.1484E-01 -1.1543E+00  9.5257E-02  1.8781E-01
 -1.8803E+00  1.7085E-01 -1.3077E-02  9.5257E-02  1.8781E-01
  1.7239E+00  1.6049E-01  7.3089E-01  9.4878E-02  1.9007E-01
 -1.2315E+00 -1.6611E-01 -1.4097E+00  9.4878E-02  1.9007E-01
  1.8739E+00  1.4093E-01  2.1328E-02  9.4878E-02  1.9007E-01
 -7.6295E-01  8.8687E-02  1.7055E+00  9.4499E-02  1.9236E-01
  2.7602E-01 -4.9590E-02 -1.8405E+00  9.4120E-02  1.9470E-01
  5.4423E-01  1.8198E-01  1.7711E+00  9.4120E-02  1.9470E-01
 -1.8178E+00  2.1396E-02  4.0164E-01  9.4120E-02  1.9470E-01
  1.7961E+00  1.5437E-01  4.2897E-01  9.3741E-02  1.9707E-01
 -1.0953E+00  1.5599E-01  1.4866E+00  9.3741E-02  1.9707E-01
  7.3403E-01  1.4018E-01 -1.6957E+00  9.3741E-02  1.9707E-01
 -1.8328E+00 -1.4612E-01 -1.4567E-01  9.3361E-02  1.9948E-01
  7.0770E-01 -1.1281E-01  1.6901E+00  9.2982E-02  2.0193E-01
  8.3617E-01 -1.3393E-02  1.6245E+00  9.2603E-02  2.0443E-01
  1.6487E+00  1.1974E-01  7.7830E-01  9.2603E-02  2.0443E-01
 -1.2085E+00  1.5520E-02 -1.3587E+00  9.2223E-02  2.0696E-01
  4.4927E-01  1.7380E-01  1.7446E+00  9.1844E-02  2.0954E-01
 -5.0758E-01  1.1950E-01 -1.6975E+00  9.0325E-02  2.2029E-01
 -1.6843E+00 -1.1269E-01  5.5138E-01  9.0325E-02  2.2029E-01
 -1.4739E+00  1.0732E-01  9.8461E-01  9.0325E-02  2.2029E-01
  7.6554E-01 -3.9423E-02  1.5924E+00  8.9945E-02  2.2309E-01
 -1.5034E+00  1.2557E-01  9.0434E-01  8.9565E-02  2.2594E-01
 -7.3510E-01 -1.1501E-01  1.5845E+00  8.9185E-02  2.2884E-01
 -9.5208E-01 -1.5159E-01 -1.4310E+00  8.8044E-02  2.3785E-01
 -7.4790E-01 -3.7501E-02 -1.5453E+00  8.7664E-02  2.4095E-01
  4.7716E-01  1.6663E-01  1.6411E+00  8.7664E-02  2.4095E-01
 -3.0543E-01  1.6343E-01 -1.6734E+00  8.7284E-02  2.4412E-01
  1.3572E+00  1.2081E-01 -1.0313E+00  8.7284E-02  2.4412E-01
 -8.8034E-01 -1.2631E-01 -1.4592E+00  8.7284E-02  2.4412E-01
 -2.3286E-01  8.3434E-02  1.6909E+00  8.7284E-02  2.4412E-01
  7.5305E-01  1.7890E-01  1.5051E+00  8.6524E-02  2.5061E-01
 -1.2641E+00 -4.9834E-02  1.1242E+00  8.6524E-02  2.5061E-01
 -1.4781E+00 -2.5197E-02  8.2394E-01  8.6524E-02  2.5061E-01
  1.6630E+00  8.3842E-02 -3.0291E-01  8.6524E-02  2.5061E-01
  2.9642E-01 -6.3116E-02 -1.6651E+00  8.6524E-02  2.5061E-01
  1.6458E+00  1.0686E-01 -3.7987E-01  8.6524E-02  2.5061E-01
  1.4342E+00  9.0475E-02 -8.7842E-01  8.6143E-02  2.5395E-01
  1.6746E+00  1.7780E-02 -1.7868E-01  8.6143E-02  2.5395E-01
  1.6308E+00 -9.0862E-02  4.1111E-01  8.6143E-02  2.5395E-01
  1.6274E+00 -1.2900E-01  3.4197E-01  8.5382E-02  2.6079E-01
 -1.6103E+00 -2.3838E-02  4.0205E-01  8.5002E-02  2.6431E-01
 -1.5328E+00 -9.3658E-02 -6.2997E-01  8.5002E-02  2.6431E-01
  1.0822E+00  7.5358E-02 -1.2563E+00  8.5002E-02  2.6431E-01
 -2.7945E-01 -5.4161E-03 -1.6117E+00  8.3861E-02  2.7525E-01
  1.3451E+00 -8.9370E-02  9.2646E-01  8.3861E-02  2.7525E-01
 -7.5591E-01  1.8133E-01  1.4302E+00  8.3480E-02  2.7903E-01
  1.6102E+00  1.6241E-01  1.7465E-01  8.3480E-02  2.7903E-01
  1.2861E-01 -1.0846E-01  1.6191E+00  8.3480E-02  2.7903E-01
 -1.6121E+00 -5.5191E-02 -1.4757E-01  8.3100E-02  2.8288E-01
  6.4373E-01 -4.3356E-02  1.4858E+00  8.3100E-02  2.8288E-01
 -1.3692E+00  1.0383E-01  8.4429E-01  8.2719E-02  2.8681E-01
  7.3105E-01 -1.4280E-01  1.4206E+00  8.2338E-02  2.9080E-01
  1.7108E-01  7.6088E-02  1.5931E+00  8.2338E-02  2.9080E-01
  2.3596E-02 -5.3880E-02 -1.5951E+00  8.1958E-02  2.9487E-01
 -7.6153E-01  1.4894E-01  1.3949E+00  8.1958E-02  2.9487E-01
  1.4975E+00 -1.7451E-01 -5.2435E-01  8.1958E-02  2.9487E-01
  1.8414E-01  6.7800E-02 -1.5684E+00  8.1197E-02  3.0324E-01
 -1.5157E+00 -1.0746E-01 -4.3523E-01  8.1197E-02  3.0324E-01
 -1.5512E+00 -1.5311E-02 -3.0287E-01  8.1197E-02  3.0324E-01
  1.0001E+00  2.4877E-02 -1.2137E+00  8.0816E-02  3.0755E-01
 -1.5405E+00  1.1580E-01 -2.9549E-01  8.0816E-02  3.0755E-01
 -8.1038E-01 -1.8078E-01  1.3358E+00  8.0816E-02  3.0755E-01
 -1.5601E+00  7.8035E-02  9.7769E-02  8.0435E-02  3.1193E-01
  6.6083E-01  4.4506E-02  1.4181E+00  8.0435E-02  3.1193E-01
  1.1036E+00  1.1580E-01  1.1037E+00  8.0435E-02  3.1193E-01
 -1.5541E+00 -6.9172E-02 -7.5169E-02  8.0055E-02  3.1640E-01
  1.0936E+00  5.7261E-03  1.0981E+00  7.9674E-02  3.2096E-01
 -1.1633E+00 -1.5148E-01 -1.0010E+00  7.9293E-02  3.2561E-01
 -8.5585E-01  6.7399E-02  1.2811E+00  7.9293E-02  3.2561E-01
  1.1117E+00 -6.2313E-02 -1.0670E+00  7.9293E-02  3.2561E-01
  1.4735E+00 -1.0229E-01 -4.4327E-01  7.9293E-02  3.2561E-01
 -1.5325E+00  1.6877E-01  3.5198E-02  7.9293E-02  3.2561E-01
 -1.3657E+00 -6.0150E-02  6.9733E-01  7.8913E-02  3.3034E-01
  1.4887E+00  1.7781E-01 -3.2723E-01  7.8913E-02  3.3034E-01
 -1.3072E+00 -1.4510E-01 -7.7580E-01  7.8532E-02  3.3517E-01
  5.1055E-01 -6.4274E-02  1.4297E+00  7.8152E-02  3.4009E-01
 -6.7961E-01  2.4047E-02 -1.3505E+00  7.7771E-02  3.4511E-01
  1.4138E+00 -8.7922E-02 -5.2889E-01  7.7771E-02  3.4511E-01
  1.4968E+00 -1.5366E-01 -1.4933E-01  7.7771E-02  3.4511E-01
  1.4267E+00 -4.9838E-03 -4.7788E-01  7.7390E-02  3.5022E-01
  2.6590E-01  1.1992E-01 -1.4685E+00  7.7010E-02  3.5544E-01
 -1.4706E+00 -6.3073E-02  2.7373E-01  7.7010E-02  3.5544E-01
 -2.4189E-01  7.4199E-02 -1.4757E+00  7.7010E-02  3.5544E-01
  1.4430E+00  5.2515E-02 -3.9589E-01  7.7010E-02  3.5544E-01
  5.9924E-01  1.5103E-01 -1.3637E+00  7.7010E-02  3.5544E-01
 -1.3026E+00  3.4263E-03 -7.2311E-01  7.6629E-02  3.6076E-01
 -3.0887E-01 -1.1850E-01  1.4526E+00  7.6629E-02  3.6076E-01
  4.8178E-01  1.2256E-02 -1.4097E+00  7.6629E-02  3.6076E-01
 -5.4394E-01  6.0437E-02  1.3857E+00  7.6629E-02  3.6076E-01
 -1.2092E+00 -1.6319E-01 -8.4209E-01  7.6248E-02  3.6619E-01
  1.1626E+00 -1.7944E-01  9.0216E-01  7.6248E-02  3.6619E-01
 -1.1944E+00  1.8039E-01 -8.5949E-01  7.6248E-02  3.6619E-01
 -1.0489E+00  1.5965E-01 -1.0145E+00  7.5487E-02  3.7739E-01
  2.5317E-01 -2.2966E-02  1.4458E+00  7.5487E-02  3.7739E-01
 -1.4667E+00 -5.4783E-02  2.6008E-02  7.5487E-02  3.7739E-01
  1.1027E+00  1.4540E-02  9.6892E-01  7.5487E-02  3.7739E-01
 -1.1159E-01 -1.5121E-01  1.4486E+00  7.5106E-02  3.8315E-01
  1.3328E+00  1.4095E-01  5.8086E-01  7.5106E-02  3.8315E-01
 -1.4484E+00  9.8594E-02 -1.6209E-01  7.5106E-02  3.8315E-01
  1.4300E+00  1.3195E-01  2.6699E-01  7.5106E-02  3.8315E-01
  1.2902E+00 -1.7665E-01 -6.2941E-01  7.4345E-02  3.9504E-01
 -1.1774E+00  2.5696E-02  8.3971E-01  7.4345E-02  3.9504E-01
  1.3628E+00  1.3316E-01 -4.4353E-01  7.3965E-02  4.0117E-01
 -4.3279E-01 -1.5750E-01  1.3636E+00  7.3965E-02  4.0117E-01
  1.1498E+00  1.2113E-01 -8.5729E-01  7.3965E-02  4.0117E-01
 -8.1816E-01 -1.2053E-01 -1.1694E+00  7.3584E-02  4.0743E-01
 -7.6538E-01  1.7453E-01  1.1979E+00  7.3584E-02  4.0743E-01
  1.1416E+00  4.9764E-02 -8.4008E-01  7.2822E-02  4.2035E-01
 -1.0728E+00 -8.7955E-02  9.2341E-01  7.2822E-02  4.2035E-01
 -5.9463E-01 -1.7436E-01  1.2757E+00  7.2822E-02  4.2035E-01
 -4.6648E-01  1.2045E-01 -1.3339E+00  7.2822E-02  4.2035E-01
  2.0238E-01 -1.2340E-01 -1.3983E+00  7.2822E-02  4.2035E-01
 -8.5471E-01 -1.2770E-02 -1.1230E+00  7.2442E-02  4.2701E-01
  1.0520E+00  1.4671E-01 -9.2927E-01  7.2442E-02  4.2701E-01
 -1.3710E+00  8.0183E-02  3.2519E-01  7.2442E-02  4.2701E-01
  1.4020E+00  8.1668E-02  1.4250E-02  7.2061E-02  4.3381E-01
  2.2084E-01 -6.4783E-02  1.3854E+00  7.2061E-02  4.3381E-01
  1.4014E+00 -8.5851E-02  3.1596E-02  7.2061E-02  4.3381E-01
 -1.3573E+00 -1.4967E-01  2.9745E-01  7.1680E-02  4.4076E-01
 -1.1572E+00 -1.8456E-01 -7.4892E-01  7.1300E-02  4.4786E-01
 -1.2364E+00 -1.1313E-01 -6.2668E-01  7.1300E-02  4.4786E-01
 -1.3740E+00 -6.7880E-02 -1.5148E-01  7.0919E-02  4.5511E-01
  7.3553E-01 -4.5609E-02  1.1635E+00  7.0538E-02  4.6253E-01
 -7.7488E-01  1.0468E-02  1.1385E+00  7.0538E-02  4.6253E-01
  1.3270E+00 -8.0685E-02 -3.5949E-01  7.0538E-02  4.6253E-01
 -1.0799E+00 -1.7042E-02 -8.5452E-01  7.0538E-02  4.6253E-01
 -1.2419E+00  5.0380E-02  5.9332E-01  7.0538E-02  4.6253E-01
 -1.3203E+00 -1.7920E-01  3.4859E-01  7.0538E-02  4.6253E-01
  8.9843E-01  1.3231E-01 -1.0265E+00  7.0157E-02  4.7010E-01
  6.2255E-01 -1.6131E-01 -1.2103E+00  7.0157E-02  4.7010E-01
 -7.0127E-01  1.8518E-01  1.1629E+00  7.0157E-02  4.7010E-01
 -5.4270E-01  1.5960E-01  1.2484E+00  7.0157E-02  4.7010E-01
 -1.3377E+00 -4.1428E-02  2.6275E-01  6.9776E-02  4.7784E-01
  5.4722E-01 -1.7797E-01 -1.2366E+00  6.9776E-02  4.7784E-01
 -5.4599E-01  9.2937E-02  1.2464E+00  6.9776E-02  4.7784E-01
  9.4827E-01  1.5692E-02  9.7098E-01  6.9395E-02  4.8575E-01
  1.3379E+00 -1.3431E-01 -1.8528E-01  6.9395E-02  4.8575E-01
 -1.2598E+00 -1.5422E-01  4.8104E-01  6.9395E-02  4.8575E-01
 -8.8128E-01  1.0768E-01 -1.0180E+00  6.9014E-02  4.9384E-01
 -2.5971E-01 -1.1041E-01 -1.3209E+00  6.9014E-02  4.9384E-01
  7.6478E-01  1.6486E-01 -1.1011E+00  6.9014E-02  4.9384E-01
 -2.8179E-01 -1.2417E-01  1.3085E+00  6.8633E-02  5.0211E-01
  9.6275E-01  1.1347E-01  9.2190E-01  6.8252E-02  5.1057E-01
 -1.1596E+00  8.3683E-02  6.6182E-01  6.8252E-02  5.1057E-01
  5.8154E-02 -8.1530E-03 -1.3301E+00  6.7871E-02  5.1923E-01
  1.1448E+00  8.7794E-02 -6.7402E-01  6.7871E-02  5.1923E-01
  9.6881E-01  4.3838E-02 -9.0282E-01  6.7489E-02  5.2808E-01
 -9.1401E-01 -1.8436E-02 -9.5908E-01  6.7489E-02  5.2808E-01
 -8.8268E-01 -1.4147E-01 -9.6940E-01  6.7108E-02  5.3713E-01
  4.2436E-01  1.3203E-01 -1.2415E+00  6.7108E-02  5.3713E-01
 -9.1259E-01 -1.7571E-01 -9.3551E-01  6.7108E-02  5.3713E-01
  1.1267E-01  1.3613E-01 -1.3004E+00  6.6726E-02  5.4640E-01
 -1.0181E+00  8.6375E-02  8.2359E-01  6.6726E-02  5.4640E-01
  1.1618E+00 -1.6288E-01 -5.8816E-01  6.6726E-02  5.4640E-01
 -1.2850E+00  1.4307E-01 -2.2506E-01  6.6726E-02  5.4640E-01
 -2.4275E-01  1.9363E-02  1.2896E+00  6.6726E-02  5.4640E-01
 -6.5200E-01  1.3942E-01 -1.1232E+00  6.6345E-02  5.5588E-01
  1.0663E+00 -1.7032E-01 -7.2377E-01  6.5963E-02  5.6559E-01
 -1.2371E+00  9.1626E-02  3.4555E-01  6.5199E-02  5.8571E-01
 -1.1925E+00  1.4176E-01 -4.4805E-01  6.4817E-02  5.9614E-01
 -2.7129E-01  1.6399E-02 -1.2526E+00  6.4817E-02  5.9614E-01
 -1.9085E-01 -5.2539E-02 -1.2603E+00  6.4434E-02  6.0681E-01
 -1.1084E+00 -5.0482E-02  6.2968E-01  6.4434E-02  6.0681E-01
 -7.9244E-02  3.8282E-02  1.2727E+00  6.4434E-02  6.0681E-01
  1.7749E-01  8.4154E-02 -1.2605E+00  6.4434E-02  6.0681E-01
  1.1161E+00  1.0520E-01  5.9632E-01  6.4051E-02  6.1776E-01
 -1.0974E+00  8.5593E-02  6.3308E-01  6.4051E-02  6.1776E-01
  7.1904E-02  1.3052E-02 -1.2677E+00  6.4051E-02  6.1776E-01
 -3.9793E-01  3.7424E-02  1.1991E+00  6.3669E-02  6.2897E-01
 -9.6731E-01  1.3517E-01 -8.0221E-01  6.3669E-02  6.2897E-01
 -1.7465E-01  1.2830E-01  1.2452E+00  6.3669E-02  6.2897E-01
 -1.1683E+00 -1.0708E-01  4.7017E-01  6.3669E-02  6.2897E-01
 -6.5509E-02  8.3239E-02  1.2595E+00  6.3669E-02  6.2897E-01
 -1.0777E+00  1.8525E-01 -6.2219E-01  6.3285E-02  6.4046E-01
  1.2246E+00  1.6187E-01 -2.3874E-01  6.3285E-02  6.4046E-01
  7.4209E-01 -2.7556E-02 -1.0084E+00  6.2902E-02  6.5224E-01
  1.1979E+00  1.6147E-01  3.2737E-01  6.2902E-02  6.5224E-01
 -8.9456E-01 -1.2527E-01 -8.5909E-01  6.2518E-02  6.6433E-01
  1.1644E+00  1.6961E-01  3.9394E-01  6.2134E-02  6.7672E-01
 -6.5969E-01  6.2590E-02 -1.0492E+00  6.2134E-02  6.7672E-01
 -3.4479E-01 -3.8345E-02  1.1856E+00  6.1750E-02  6.8943E-01
 -9.4211E-01  7.8274E-02  7.7782E-01  6.0980E-02  7.1587E-01
  1.1620E+00 -5.2099E-02  3.8181E-01  6.0980E-02  7.1587E-01
  1.1867E+00  1.8618E-01  2.3636E-01  6.0980E-02  7.1587E-01
 -6.8585E-01 -1.0749E-01  1.0017E+00  6.0595E-02  7.2962E-01
  9.2358E-01 -2.0063E-02  7.9496E-01  6.0595E-02  7.2962E-01
  1.2071E+00 -1.5319E-01  6.9765E-02  6.0595E-02  7.2962E-01
  1.0241E+00  1.3529E-01  6.3652E-01  6.0209E-02  7.4374E-01
 -9.4398E-01  8.5159E-02  7.5754E-01  6.0209E-02  7.4374E-01
 -8.2949E-02  7.0558E-03  1.2105E+00  6.0209E-02  7.4374E-01
  1.1939E+00  8.5310E-02 -1.6287E-01  5.9822E-02  7.5825E-01
  1.1900E+00  1.6081E-01  1.3133E-01  5.9822E-02  7.5825E-01
  4.9597E-01 -1.0015E-01  1.0969E+00  5.9822E-02  7.5825E-01
 -7.6172E-01  1.0927E-01 -9.2432E-01  5.9436E-02  7.7315E-01
 -1.1610E+00  1.2884E-01  2.8656E-01  5.9436E-02  7.7315E-01
  9.2798E-01 -1.4141E-01 -7.5191E-01  5.9436E-02  7.7315E-01
  1.0869E+00  9.4574E-02  5.0615E-01  5.9436E-02  7.7315E-01
  2.8942E-01 -1.3464E-01 -1.1542E+00  5.9048E-02  7.8847E-01
  1.0335E+00 -5.7795E-02 -6.0203E-01  5.9048E-02  7.8847E-01
 -1.1271E+00  2.6963E-02  4.0360E-01  5.9048E-02  7.8847E-01
  7.7202E-01 -5.1461E-02  9.1394E-01  5.9048E-02  7.8847E-01
  6.8337E-02 -9.7324E-02  1.1916E+00  5.9048E-02  7.8847E-01
  1.1743E+00 -4.4340E-02 -2.3048E-01  5.9048E-02  7.8847E-01
  2.7856E-01  7.4323E-02  1.1569E+00  5.8660E-02  8.0422E-01
 -9.4777E-01 -1.5558E-01  7.0648E-01  5.8660E-02  8.0422E-01
 -7.8130E-02 -1.1917E-02 -1.1897E+00  5.8660E-02  8.0422E-01
 -1.0092E+00  5.5580E-02 -6.3247E-01  5.8660E-02  8.0422E-01
 -1.0020E+00  1.4040E-01 -6.2109E-01  5.8271E-02  8.2042E-01
 -1.1795E+00 -5.1315E-02  1.2443E-01  5.8271E-02  8.2042E-01
 -1.6898E-01 -1.7185E-01  1.1625E+00  5.8271E-02  8.2042E-01
 -2.8651E-01 -1.0821E-01 -1.1470E+00  5.8271E-02  8.2042E-01
 -8.9661E-01 -1.5910E-01  7.5379E-01  5.7882E-02  8.3709E-01
 -2.9141E-01  1.9488E-02  1.1455E+00  5.7882E-02  8.3709E-01
 -5.2488E-01 -1.7209E-01 -1.0451E+00  5.7882E-02  8.3709E-01
  1.1241E+00 -5.1474E-02 -3.6228E-01  5.7882E-02  8.3709E-01
  9.5243E-01  1.7988E-01  6.6794E-01  5.7492E-02  8.5424E-01
 -4.1514E-01 -1.2202E-01  1.0894E+00  5.7101E-02  8.7190E-01
  7.0844E-02 -8.0762E-02 -1.1672E+00  5.7101E-02  8.7190E-01
  1.1159E+00 -2.9555E-06 -3.5891E-01  5.7101E-02  8.7190E-01
  8.7228E-01  8.0457E-02  7.7889E-01  5.7101E-02  8.7190E-01
 -8.2040E-01  1.2258E-01 -8.2128E-01  5.6710E-02  8.9009E-01
  9.6815E-01 -9.0874E-02  6.4576E-01  5.6710E-02  8.9009E-01
  5.5110E-01 -1.0978E-01 -1.0231E+00  5.6710E-02  8.9009E-01
 -4.7179E-02 -4.0055E-02 -1.1657E+00  5.6710E-02  8.9009E-01
 -1.1917E-01  9.6599E-02 -1.1523E+00  5.6317E-02  9.0882E-01
 -1.1555E+00  1.0576E-01 -7.0299E-02  5.6317E-02  9.0882E-01
 -4.4320E-01 -8.5124E-02 -1.0713E+00  5.6317E-02  9.0882E-01
  2.4261E-02  2.2369E-02  1.1572E+00  5.5924E-02  9.2814E-01
  6.7043E-01  9.3214E-02 -9.3922E-01  5.5924E-02  9.2814E-01
 -1.1509E+00 -7.1708E-02  1.0307E-01  5.5924E-02  9.2814E-01
 -1.4215E-01  1.7788E-01 -1.1351E+00  5.5924E-02  9.2814E-01
  3.0562E-01 -1.3630E-01 -1.1083E+00  5.5924E-02  9.2814E-01
 -1.0939E+00  5.8884E-02  3.7457E-01  5.5924E-02  9.2814E-01
 -1.5197E-02 -1.7592E-01  1.1394E+00  5.5530E-02  9.4805E-01
 -5.0475E-01 -1.8566E-01 -1.0199E+00  5.5530E-02  9.4805E-01
 -5.2152E-01 -1.0595E-01  1.0229E+00  5.5530E-02  9.4805E-01
 -1.0207E+00  9.2147E-02 -5.1810E-01  5.5134E-02  9.6859E-01
 -4.2577E-01 -6.4342E-02  1.0597E+00  5.4738E-02  9.8980E-01
  1.0637E+00  1.6959E-01 -3.8480E-01  5.4738E-02  9.8980E-01
  9.0462E-01 -4.3872E-02 -6.9858E-01  5.4738E-02  9.8980E-01
  1.0870E-01 -1.3456E-01  1.1306E+00  5.4738E-02  9.8980E-01
 -8.3583E-01 -1.3916E-02  7.7405E-01  5.4340E-02  1.0117E+00
  8.2993E-01  1.6351E-01  7.6319E-01  5.4340E-02  1.0117E+00
  2.2159E-01 -9.9874E-03  1.1175E+00  5.4340E-02  1.0117E+00
  1.1196E+00  4.9014E-02  2.0517E-01  5.4340E-02  1.0117E+00
 -7.7558E-01  9.9931E-02 -8.2853E-01  5.4340E-02  1.0117E+00
  4.8701E-01  1.7587E-01  1.0148E+00  5.4340E-02  1.0117E+00
  3.3667E-01 -1.6319E-01 -1.0714E+00  5.3941E-02  1.0343E+00
 -1.0154E+00  1.6530E-01 -4.7901E-01  5.3941E-02  1.0343E+00
  7.3827E-01 -4.8887E-02  8.5468E-01  5.3541E-02  1.0577E+00
 -1.1073E+00 -1.2427E-01 -1.9091E-01  5.3541E-02  1.0577E+00
  8.0658E-01  1.1818E-01 -7.8318E-01  5.3541E-02  1.0577E+00
 -1.0376E+00 -1.7135E-01  4.1474E-01  5.3541E-02  1.0577E+00
  8.7450E-01 -2.5067E-02 -7.0907E-01  5.3139E-02  1.0818E+00
 -7.1834E-01  1.6758E-01 -8.4528E-01  5.2736E-02  1.1068E+00
 -1.1406E-01 -1.0821E-01  1.1108E+00  5.2736E-02  1.1068E+00
 -1.5469E-01  1.4766E-01  1.1013E+00  5.2736E-02  1.1068E+00
 -1.0126E+00 -7.9801E-02  4.6642E-01  5.2331E-02  1.1327E+00
  5.4048E-02 -1.3751E-02 -1.1163E+00  5.2331E-02  1.1327E+00
 -4.2378E-01 -1.5923E-01 -1.0219E+00  5.2331E-02  1.1327E+00
  5.8755E-01 -4.4514E-02  9.4974E-01  5.2331E-02  1.1327E+00
  8.6206E-01 -4.2469E-02 -7.0360E-01  5.1925E-02  1.1595E+00
 -1.0812E+00 -7.3187E-03  2.6644E-01  5.1925E-02  1.1595E+00
  1.0948E+00 -9.0068E-02  1.8258E-01  5.1925E-02  1.1595E+00
 -2.6881E-01 -1.4053E-01  1.0672E+00  5.1516E-02  1.1873E+00
 -3.7620E-01 -1.4632E-01  1.0335E+00  5.1516E-02  1.1873E+00
  1.0975E+00 -1.5661E-01 -4.3897E-02  5.1516E-02  1.1873E+00
  1.0347E+00 -6.9388E-02 -3.8316E-01  5.1106E-02  1.2161E+00
 -1.0902E+00 -1.3376E-01  1.2549E-01  5.1106E-02  1.2161E+00
 -1.0859E+00 -1.3223E-01  1.5927E-01  5.1106E-02  1.2161E+00
  1.1020E+00 -3.9702E-02 -7.8672E-02  5.1106E-02  1.2161E+00
  8.5520E-01 -1.0740E-01  6.8598E-01  5.0694E-02  1.2461E+00
  5.6977E-01 -1.8246E-01 -9.2035E-01  5.0279E-02  1.2771E+00
  6.6133E-01 -5.0685E-02 -8.7467E-01  5.0279E-02  1.2771E+00
  1.0368E+00 -1.4320E-01  3.3097E-01  5.0279E-02  1.2771E+00
 -1.0503E+00 -1.3242E-01 -2.9051E-01  5.0279E-02  1.2771E+00
  3.7184E-02  7.3099E-02 -1.0908E+00  4.9863E-02  1.3094E+00
 -1.0877E+00 -7.0505E-02 -2.2060E-02  4.9444E-02  1.3430E+00
  4.3006E-01 -2.1374E-02  1.0016E+00  4.9444E-02  1.3430E+00
  7.0539E-01 -1.1844E-02 -8.3116E-01  4.9444E-02  1.3430E+00
  8.6204E-01  2.9417E-02 -6.6676E-01  4.9444E-02  1.3430E+00
  9.6196E-01 -4.5301E-02 -5.1100E-01  4.9444E-02  1.3430E+00
 -8.1604E-01  1.5693E-01 -7.0569E-01  4.9444E-02  1.3430E+00
 -9.9855E-01 -7.5192E-02 -4.3104E-01  4.9444E-02  1.3430E+00
  7.0856E-01  1.5102E-01  8.0978E-01  4.9022E-02  1.3780E+00
 -9.8085E-01  1.2180E-02 -4.6730E-01  4.9022E-02  1.3780E+00
  8.7964E-01  7.6991E-03 -6.3166E-01  4.8597E-02  1.4144E+00
  4.9814E-02  2.8373E-02  1.0815E+00  4.8597E-02  1.4144E+00
 -9.9620E-01 -1.0543E-02  4.2461E-01  4.8597E-02  1.4144E+00
  4.2821E-01 -7.3194E-02  9.9202E-01  4.8597E-02  1.4144E+00
  9.0664E-01 -2.2732E-02 -5.9187E-01  4.8597E-02  1.4144E+00
  7.5781E-01 -9.9753E-02 -7.6223E-01  4.8170E-02  1.4524E+00
 -1.0492E+00  1.1274E-01 -2.2737E-01  4.8170E-02  1.4524E+00
  1.0651E+00  1.4039E-01 -6.1134E-02  4.7739E-02  1.4920E+00
  6.7287E-01 -1.7731E-01 -8.2074E-01  4.7739E-02  1.4920E+00
 -5.3194E-01  1.5886E-01 -9.2174E-01  4.7739E-02  1.4920E+00
 -1.0701E+00  1.1287E-01 -6.4777E-03  4.7739E-02  1.4920E+00
 -5.8824E-01 -4.7619E-02 -8.9570E-01  4.7306E-02  1.5334E+00
 -1.0301E+00 -1.4554E-01 -2.6128E-01  4.7306E-02  1.5334E+00
 -5.7702E-01 -1.2760E-01  8.9121E-01  4.6868E-02  1.5768E+00
  5.2166E-01  1.6692E-01 -9.1466E-01  4.6427E-02  1.6222E+00
 -2.3896E-01  1.3999E-01 -1.0295E+00  4.6427E-02  1.6222E+00
 -7.7663E-01 -6.2538E-02 -7.2307E-01  4.5982E-02  1.6697E+00
 -8.0017E-01 -1.2820E-01 -6.8310E-01  4.5533E-02  1.7196E+00
  9.8863E-01 -4.4037E-02  3.7949E-01  4.5533E-02  1.7196E+00
  7.1849E-01 -1.0209E-01  7.7246E-01  4.5533E-02  1.7196E+00
  1.6156E-01  1.1186E-01 -1.0384E+00  4.5079E-02  1.7721E+00
  1.4833E-02 -2.6581E-02 -1.0564E+00  4.5079E-02  1.7721E+00
 -1.0107E+00  1.1203E-01 -2.7698E-01  4.4620E-02  1.8273E+00
 -6.1568E-01  1.6348E-01  8.3963E-01  4.4620E-02  1.8273E+00
 -9.9026E-01 -9.3493E-02 -3.4844E-01  4.4620E-02  1.8273E+00
  2.9392E-01  1.1462E-01  1.0056E+00  4.4620E-02  1.8273E+00
  7.9016E-01  9.4737E-02 -6.8660E-01  4.4156E-02  1.8855E+00
 -8.3508E-01 -8.2842E-02 -6.3287E-01  4.4156E-02  1.8855E+00
  7.7341E-01 -1.9631E-02  7.1147E-01  4.4156E-02  1.8855E+00
 -4.7549E-01  1.1227E-01 -9.2747E-01  4.3687E-02  1.9469E+00
 -7.3213E-01 -1.0812E-01  7.4242E-01  4.3687E-02  1.9469E+00
 -9.5609E-01 -6.2151E-02  4.1862E-01  4.3212E-02  2.0119E+00
 -1.0333E+00  1.0933E-01 -9.0062E-02  4.2730E-02  2.0806E+00
  9.5099E-01 -1.2904E-01 -4.0825E-01  4.2730E-02  2.0806E+00
  5.7603E-01  7.8512E-02  8.6587E-01  4.2730E-02  2.0806E+00
 -1.4163E-01 -9.8872E-02  1.0259E+00  4.2242E-02  2.1536E+00
 -2.1953E-01 -1.5677E-01 -1.0048E+00  4.2242E-02  2.1536E+00
 -1.0119E+00 -1.6826E-01  1.7367E-01  4.2242E-02  2.1536E+00
 -9.6170E-01 -1.0106E-01  3.8376E-01  4.2242E-02  2.1536E+00
 -5.5395E-01 -6.6775E-02  8.7514E-01  4.1747E-02  2.2312E+00
 -5.2615E-01 -2.8704E-02 -8.9417E-01  4.1747E-02  2.2312E+00
 -9.0344E-01  1.5541E-01  4.8667E-01  4.1747E-02  2.2312E+00
 -7.4860E-01  1.4403E-01  7.0430E-01  4.1747E-02  2.2312E+00
 -7.5485E-01 -2.2134E-02 -7.0846E-01  4.1244E-02  2.3138E+00
 -5.2638E-01 -7.1378E-02  8.8884E-01  4.1244E-02  2.3138E+00
  6.8725E-01  2.5220E-02 -7.7411E-01  4.1244E-02  2.3138E+00
 -1.9680E-01  1.7833E-01  1.0008E+00  4.1244E-02  2.3138E+00
  6.8822E-01  5.6195E-03  7.7051E-01  4.0733E-02  2.4020E+00
  9.6402E-01  8.0150E-02 -3.6277E-01  4.0733E-02  2.4020E+00
  7.7442E-01  1.3964E-01 -6.6595E-01  4.0213E-02  2.4964E+00
 -3.7993E-01 -1.2325E-01 -9.5035E-01  4.0213E-02  2.4964E+00
  1.0053E+00  7.7454E-02 -2.1485E-01  4.0213E-02  2.4964E+00
  3.3914E-01  6.1104E-03 -9.7348E-01  4.0213E-02  2.4964E+00
  8.4694E-03  2.9442E-02 -1.0304E+00  4.0213E-02  2.4964E+00
  1.0174E+00  1.6495E-01  2.1794E-02  4.0213E-02  2.4964E+00
 -2.7004E-01  1.5438E-01  9.8283E-01  4.0213E-02  2.4964E+00
  6.9804E-01  1.5301E-01 -7.3996E-01  3.9683E-02  2.5977E+00
 -6.3223E-01 -1.7734E-01 -7.9187E-01  3.9683E-02  2.5977E+00
  1.0183E+00 -7.2036E-02 -1.2701E-01  3.9683E-02  2.5977E+00
 -8.1501E-01  6.7879E-02 -6.2400E-01  3.9683E-02  2.5977E+00
  1.5807E-01 -6.3784E-02 -1.0123E+00  3.9143E-02  2.7067E+00
 -7.3741E-01 -9.8032E-02  7.0747E-01  3.9143E-02  2.7067E+00
 -1.0143E+00 -1.2052E-01  1.0318E-01  3.9143E-02  2.7067E+00
 -9.1824E-01 -3.6833E-02 -4.5757E-01  3.9143E-02  2.7067E+00
  1.0152E+00 -1.5224E-01  3.0293E-03  3.9143E-02  2.7067E+00
 -9.6600E-01 -6.6735E-02  3.4101E-01  3.9143E-02  2.7067E+00
 -8.8454E-01  3.4598E-02 -5.1990E-01  3.9143E-02  2.7067E+00
  7.3294E-01 -1.3357E-02  7.1580E-01  3.8592E-02  2.8243E+00
 -4.0024E-01 -6.0606E-02  9.4121E-01  3.8592E-02  2.8243E+00
  2.9289E-01 -9.6396E-02 -9.7707E-01  3.8592E-02  2.8243E+00
  8.2784E-01 -1.9835E-02 -6.0004E-01  3.8029E-02  2.9517E+00
  6.9895E-01  4.2228E-02  7.4529E-01  3.8029E-02  2.9517E+00
 -5.9062E-01 -1.4742E-01  8.2170E-01  3.8029E-02  2.9517E+00
  8.4597E-02  1.6995E-01  1.0030E+00  3.7452E-02  3.0900E+00
  9.9975E-01 -1.7853E-01  1.0282E-01  3.7452E-02  3.0900E+00
  1.0078E+00 -1.2701E-01 -1.0113E-01  3.7452E-02  3.0900E+00
 -6.8697E-01  7.6027E-02 -7.5116E-01  3.7452E-02  3.0900E+00
 -8.6522E-01  1.2416E-01 -5.2372E-01  3.6862E-02  3.2409E+00
  5.6416E-01  1.2664E-01 -8.3904E-01  3.6862E-02  3.2409E+00
  9.7693E-01 -5.3886E-02  2.8463E-01  3.6862E-02  3.2409E+00
 -3.7977E-02  6.8297E-03 -1.0165E+00  3.6256E-02  3.4062E+00
  4.1944E-01 -1.4722E-02 -9.2486E-01  3.5633E-02  3.5880E+00
 -8.6066E-01 -1.2243E-01  5.2515E-01  3.5633E-02  3.5880E+00
  3.4066E-01  1.2727E-01  9.4829E-01  3.5633E-02  3.5880E+00
 -9.8974E-01  9.6826E-02 -2.0629E-01  3.5633E-02  3.5880E+00
 -5.2374E-01 -1.3887E-01 -8.5902E-01  3.5633E-02  3.5880E+00
 -7.6181E-01  1.5484E-01  6.5118E-01  3.4991E-02  3.7890E+00
  9.6278E-01 -9.5826E-02  3.0368E-01  3.4991E-02  3.7890E+00
  7.5302E-01 -9.0471E-02 -6.7315E-01  3.4991E-02  3.7890E+00
  9.9330E-01  8.0492E-02  1.8772E-01  3.4991E-02  3.7890E+00
  2.4766E-01 -1.3589E-01 -9.7394E-01  3.4991E-02  3.7890E+00
 -6.8794E-01 -1.2764E-01  7.3404E-01  3.4991E-02  3.7890E+00
  6.6566E-01 -4.1963E-02 -7.6192E-01  3.4329E-02  4.0125E+00
 -9.6270E-01 -1.1165E-01 -2.8862E-01  3.3644E-02  4.2626E+00
 -9.9969E-01  2.6945E-02  1.4988E-01  3.3644E-02  4.2626E+00
 -3.5602E-01 -6.6848E-02  9.4411E-01  3.3644E-02  4.2626E+00
  6.0422E-01  1.1942E-01 -8.0036E-01  3.2934E-02  4.5444E+00
 -8.8502E-01 -1.1234E-01 -4.7332E-01  3.2934E-02  4.5444E+00
  3.7543E-01  1.3514E-01  9.2640E-01  3.2195E-02  4.8645E+00
 -7.3544E-01 -1.7702E-02  6.9011E-01  3.2195E-02  4.8645E+00
  4.9267E-01 -1.4466E-01  8.6821E-01  3.2195E-02  4.8645E+00
  6.3084E-01 -1.3870E-01  7.7475E-01  3.2195E-02  4.8645E+00
 -9.2906E-01  1.7693E-01 -3.4737E-01  3.1425E-02  5.2312E+00
 -9.9282E-01  1.7146E-01  4.6834E-03  3.1425E-02  5.2312E+00
  9.6097E-01 -1.6239E-01  2.5550E-01  3.1425E-02  5.2312E+00
 -6.1566E-01  8.3631E-02  7.9315E-01  3.1425E-02  5.2312E+00
 -5.4195E-03  1.6951E-02  1.0074E+00  3.1425E-02  5.2312E+00
  4.1040E-01 -1.2464E-02  9.1890E-01  3.0618E-02  5.6557E+00
  7.1023E-01 -9.0789E-02 -7.0732E-01  3.0618E-02  5.6557E+00
 -9.0690E-01 -4.5087E-02  4.3414E-01  3.0618E-02  5.6557E+00
  9.7262E-01 -1.2826E-01  2.2033E-01  2.9770E-02  6.1530E+00
  4.5226E-01 -3.3699E-02 -8.9739E-01  2.9770E-02  6.1530E+00
 -7.4713E-01 -1.8537E-01  6.4685E-01  2.9770E-02  6.1530E+00
  7.9702E-01  1.5654E-01  5.9265E-01  2.9770E-02  6.1530E+00
  1.7660E-01 -1.6520E-01 -9.7503E-01  2.8874E-02  6.7438E+00
 -6.1333E-01  1.5801E-01  7.7976E-01  2.8874E-02  6.7438E+00
  5.5931E-01 -1.4626E-01  8.2155E-01  2.8874E-02  6.7438E+00
 -9.2786E-01  4.4964E-02  3.8239E-01  2.8874E-02  6.7438E+00
 -5.3360E-01  1.2179E-01 -8.4238E-01  2.8874E-02  6.7438E+00
 -7.9523E-01  5.3321E-02 -6.1014E-01  2.7921E-02  7.4574E+00
 -4.1716E-01 -1.6902E-01  8.9717E-01  2.7921E-02  7.4574E+00
  7.4113E-01 -1.7675E-01  6.5230E-01  2.6903E-02  8.3369E+00
 -5.1150E-03  1.1056E-01  9.9688E-01  2.6903E-02  8.3369E+00
  9.9053E-01  1.0260E-01 -1.1975E-01  2.6903E-02  8.3369E+00
 -9.7005E-01 -1.3826E-01  2.1116E-01  2.5804E-02  9.4481E+00
  9.1646E-02 -1.5951E-01  9.8532E-01  2.5804E-02  9.4481E+00
 -4.1371E-01 -1.5921E-01 -8.9899E-01  2.5804E-02  9.4481E+00
  4.6741E-01 -2.5299E-02 -8.8633E-01  2.5804E-02  9.4481E+00
  1.9563E-01  2.5875E-02 -9.8273E-01  2.5804E-02  9.4481E+00
  9.1012E-01  6.4494E-02  4.1499E-01  2.5804E-02  9.4481E+00
  2.1891E-01  7.7165E-03 -9.7812E-01  2.5804E-02  9.4481E+00
 -8.5797E-01 -1.8321E-01 -4.8360E-01  2.4606E-02  1.0897E+01
 -9.9355E-01 -8.2867E-02  9.7623E-02  2.4606E-02  1.0897E+01
 -1.0007E+00 -1.4805E-02 -4.3638E-02  2.4606E-02  1.0897E+01
  4.9501E-01 -8.8649E-03 -8.7087E-01  2.4606E-02  1.0897E+01
  7.9542E-01 -1.3538E-01 -5.9373E-01  2.4606E-02  1.0897E+01
  4.7024E-01 -8.7749E-02 -8.8018E-01  2.4606E-02  1.0897E+01
 -9.2765E-01  1.1016E-01  3.6176E-01  2.4606E-02  1.0897E+01
 -5.0680E-01 -1.7033E-01 -8.4716E-01  2.4606E-02  1.0897E+01
  5.6067E-01 -9.6229E-02 -8.2397E-01  2.3280E-02  1.2866E+01
  9.6270E-01  5.8104E-02  2.6901E-01  2.3280E-02  1.2866E+01
 -5.1330E-01  1.4785E-01 -8.4688E-01  2.3280E-02  1.2866E+01
  6.1172E-02  3.4362E-02  9.9881E-01  2.3280E-02  1.2866E+01
  4.7323E-01 -1.7385E-01  8.6508E-01  2.3280E-02  1.2866E+01
  9.4078E-01 -6.3297E-02 -3.3684E-01  2.3280E-02  1.2866E+01
 -3.6996E-01 -3.9500E-02  9.2958E-01  2.3280E-02  1.2866E+01
  7.6477E-01  1.3621E-01 -6.3110E-01  2.1787E-02  1.5696E+01
  1.5645E-01 -1.6328E-01 -9.7497E-01  2.1787E-02  1.5696E+01
 -7.9623E-01 -2.4794E-02 -6.0590E-01  2.1787E-02  1.5696E+01
 -4.3845E-01 -1.3539E-01 -8.8946E-01  2.1787E-02  1.5696E+01
 -9.7127E-01 -1.3121E-01  2.0280E-01  2.1787E-02  1.5696E+01
  6.3234E-01  1.2930E-01  7.6494E-01  2.1787E-02  1.5696E+01
  7.5836E-01 -4.1230E-02 -6.5133E-01  2.0058E-02  2.0115E+01
  9.5847E-02  1.0503E-01  9.9037E-01  2.0058E-02  2.0115E+01
 -9.8071E-01 -1.4912E-01  1.3044E-01  2.0058E-02  2.0115E+01
  3.5952E-01  3.4561E-02 -9.3305E-01  2.0058E-02  2.0115E+01
  9.7200E-01  6.7444E-02  2.2737E-01  2.0058E-02  2.0115E+01
  5.4297E-01 -1.3558E-01  8.2906E-01  1.7969E-02  2.7981E+01
  9.4434E-01 -1.2972E-01 -3.0321E-01  1.7969E-02  2.7981E+01
 -9.5873E-01 -3.6735E-02  2.8288E-01  1.7969E-02  2.7981E+01
 -5.1317E-01 -2.9711E-02 -8.5808E-01  1.7969E-02  2.7981E+01
  8.3646E-01  1.9262E-05 -5.4852E-01  1.7969E-02  2.7981E+01
