0.23328000000000D+01       616
(x,y,z) position of the X-ray source
  0.7664E+00  0.8524E-01  0.1626E+01
x | y | z | R | rho
 -3.6467E-01 -1.6280E-01  4.0273E+00  1.7128E-01  3.2308E-02
  1.9212E+00 -1.1797E-01  5.0809E+00  2.1125E-01  1.7218E-02
  1.0490E+00 -4.2394E-02  3.0405E+00  1.4481E-01  5.3455E-02
 -9.8937E-01  5.5257E-02  4.5145E+00  1.8839E-01  2.4279E-02
  1.5827E-01 -1.9796E-02  2.8977E+00  1.3409E-01  6.7337E-02
  1.1579E-01 -1.0818E-01  3.8535E+00  1.6541E-01  3.5866E-02
  1.7880E+00 -1.3665E-01  1.3941E+00  1.1092E-01  1.1895E-01
 -1.9080E+00  1.5686E-01  5.3742E+00  2.1863E-01  1.5534E-02
 -2.9716E-01 -1.1726E-01  4.5647E+00  1.8705E-01  2.4806E-02
 -3.5209E-01 -2.0678E-01  2.3747E+00  1.1622E-01  1.0340E-01
  1.5268E+00 -2.8253E-01  4.3934E+00  1.8948E-01  2.3861E-02
  1.6859E+00 -7.5434E-02  6.7651E+00  2.5150E-01  1.0205E-02
  1.3971E+00 -5.5586E-02  3.3815E+00  1.5921E-01  4.0225E-02
  1.3990E-01  2.0600E-01  2.2703E+00  1.1141E-01  1.1739E-01
  3.8647E-01  7.5917E-02  3.0883E+00  1.4134E-01  5.7496E-02
  1.1954E+00 -1.2773E-01  6.2862E+00  2.3694E-01  1.2203E-02
  1.3282E+00 -3.3585E-02  4.1563E+00  1.8080E-01  2.7467E-02
  1.7207E+00 -1.6673E-02  2.7183E+00  1.4483E-01  5.3436E-02
  7.7551E-02  1.6133E-01  2.1663E+00  1.0707E-01  1.3225E-01
 -1.5199E+00 -1.5226E-01  3.9848E+00  1.7794E-01  2.8812E-02
  3.8835E-01 -3.2287E-01  7.2170E+00  2.5803E-01  9.4496E-03
 -2.8429E-01  1.7853E-01  4.7978E+00  1.9380E-01  2.2303E-02
  1.1386E+00 -1.4873E-01  4.2084E+00  1.8076E-01  2.7484E-02
  4.4971E-02  1.3153E-01  6.9421E+00  2.5077E-01  1.0293E-02
 -1.8277E+00  2.1507E-02  6.0312E+00  2.3441E-01  1.2604E-02
  1.9136E-01 -1.7265E-01  3.3533E+00  1.4966E-01  4.8424E-02
 -3.6518E-01 -8.7387E-02  2.7683E+00  1.3028E-01  7.3420E-02
  1.7803E+00  7.0333E-02  1.4132E+00  1.1103E-01  1.1861E-01
 -1.7579E+00 -1.5329E-01  1.2028E+00  1.0554E-01  1.3807E-01
 -1.1232E+00 -2.1588E-01  6.4083E+00  2.3976E-01  1.1778E-02
  1.4096E+00  9.3359E-02  1.6460E+00  1.0689E-01  1.3292E-01
 -1.7639E+00  2.8696E-03  1.7083E+00  1.1796E-01  9.8901E-02
 -1.0149E+00 -6.6802E-02  1.9783E+00  1.0908E-01  1.2507E-01
  9.6965E-01 -1.7876E-01  2.4504E+00  1.2482E-01  8.3483E-02
  2.6018E-01  4.1159E-02  5.1477E+00  2.0355E-01  1.9250E-02
 -1.2073E+00 -2.1845E-01  6.2085E+00  2.3509E-01  1.2493E-02
 -6.4638E-01  9.3923E-02  6.2913E+00  2.3500E-01  1.2508E-02
 -6.3211E-01 -1.5214E-02  2.4221E+00  1.1974E-01  9.4550E-02
 -1.5951E+00  7.0622E-02  2.5702E+00  1.3836E-01  6.1293E-02
 -1.2678E-01 -2.7514E-01  9.5306E+00  3.1215E-01  5.3374E-03
  1.4704E+00 -3.3415E-02  1.5366E+00  1.0520E-01  1.3942E-01
 -6.9604E-01 -8.3605E-02  2.5124E+00  1.2362E-01  8.5938E-02
  4.9952E-01  4.8793E-02  2.0228E+00  1.0347E-01  1.4656E-01
  1.6554E+00  1.4564E-01  1.1922E+00  1.0187E-01  1.5355E-01
 -1.4979E-01  1.0009E-01  3.1513E+00  1.4279E-01  5.5753E-02
 -1.4744E+00  3.2730E-01  7.3769E+00  2.6527E-01  8.6959E-03
 -6.6922E-01 -1.7370E-01  5.5084E+00  2.1448E-01  1.6452E-02
 -6.1343E-02 -1.8641E-03  2.8558E+00  1.3249E-01  6.9799E-02
 -9.3468E-01 -8.0123E-02 -1.9083E+00  1.0518E-01  1.3951E-01
  1.2385E+00 -2.4089E-02 -1.6632E+00  1.0304E-01  1.4837E-01
  1.1150E+00 -1.0560E-01 -1.9028E+00  1.0843E-01  1.2733E-01
  4.5229E-01 -1.4029E-01  2.6311E+00  1.2597E-01  8.1200E-02
 -9.3578E-01  2.5751E-03  6.6811E+00  2.4580E-01  1.0931E-02
  4.4487E-01 -9.3141E-02  4.9436E+00  1.9821E-01  2.0848E-02
 -1.3216E+00  1.6229E-01  1.8458E+00  1.1110E-01  1.1839E-01
  1.5497E+00  1.5813E-01  2.0750E+00  1.2311E-01  8.6994E-02
  8.5511E-02  1.9538E-01  4.6291E+00  1.8874E-01  2.4144E-02
 -1.8074E+00 -2.0144E-01 -1.3918E+00  1.1164E-01  1.1665E-01
  1.4763E+00 -1.1755E-01  3.9522E+00  1.7653E-01  2.9507E-02
 -2.9355E-01 -6.7710E-02  3.8219E+00  1.6470E-01  3.6336E-02
  5.8860E-01  7.9075E-02  2.7016E+00  1.2930E-01  7.5101E-02
 -1.0886E+00 -9.3647E-02  1.8064E+00  1.0456E-01  1.4199E-01
 -7.6426E-01 -1.3498E-01  2.2452E+00  1.1493E-01  1.0693E-01
 -8.6444E-01 -1.4361E-03  2.0397E+00  1.0872E-01  1.2631E-01
  2.4300E-01 -2.0909E-01  3.8595E+00  1.6591E-01  3.5543E-02
 -9.8767E-01 -2.1072E-01  3.5567E+00  1.6042E-01  3.9324E-02
  1.6371E+00 -5.1166E-02 -1.2455E+00  1.0238E-01  1.5126E-01
  1.0218E+00  1.8752E-02 -1.7813E+00  1.0222E-01  1.5198E-01
  1.8542E+00  5.4160E-02  3.5003E+00  1.6865E-01  3.3839E-02
  3.5584E-01  1.8649E-01  6.0734E+00  2.2878E-01  1.3557E-02
  4.9645E-01 -1.2118E-01  5.8542E+00  2.2322E-01  1.4596E-02
  1.7382E+00  5.6196E-02  1.8315E+00  1.2057E-01  9.2613E-02
  1.6052E+00 -3.4622E-02  2.5623E+00  1.3829E-01  6.1383E-02
  1.5471E+00  3.0040E-01  9.8288E+00  3.2149E-01  4.8855E-03
 -5.5916E-01 -1.3303E-01  2.2582E+00  1.1320E-01  1.1192E-01
  1.1101E+00 -3.8700E-02  2.6564E+00  1.3329E-01  6.8553E-02
  7.8523E-01  1.1379E-01  2.4260E+00  1.2156E-01  9.0367E-02
  1.4293E+00 -2.8901E-01  7.5918E+00  2.7015E-01  8.2338E-03
  2.3092E-01  2.1833E-01  4.9982E+00  1.9945E-01  2.0461E-02
  6.3438E-01  3.4407E-01  8.7671E+00  2.9532E-01  6.3025E-03
  3.5536E-01  1.4884E-01  4.6876E+00  1.9075E-01  2.3390E-02
  1.6031E+00  2.4066E-01  3.3217E+00  1.6038E-01  3.9351E-02
 -9.0186E-03  1.8618E-01  3.0999E+00  1.4107E-01  5.7819E-02
 -1.4729E+00  2.3244E-01  9.3101E+00  3.0975E-01  5.4624E-03
  9.3114E-01  2.0795E-01  4.6750E+00  1.9270E-01  2.2685E-02
 -1.3001E+00  1.7893E-01  2.2297E+00  1.2284E-01  8.7574E-02
  2.1115E-02  3.6516E-01  8.6272E+00  2.9157E-01  6.5487E-03
  9.3858E-01 -1.6586E-01  3.8327E+00  1.6828E-01  3.4062E-02
 -9.2466E-01 -1.6489E-01  3.2127E+00  1.4914E-01  4.8939E-02
 -2.6336E-01  1.8989E-01  2.0920E+00  1.0480E-01  1.4104E-01
 -1.4346E-02 -2.7012E-01  7.7624E+00  2.7103E-01  8.1537E-03
 -1.7004E+00 -7.9048E-02  2.5065E+00  1.3850E-01  6.1105E-02
  1.1925E+00  1.7756E-01  1.7171E+00  1.0404E-01  1.4417E-01
  2.2598E-01  3.5192E-02  3.5988E+00  1.5752E-01  4.1535E-02
  1.4745E+00  8.6993E-02 -1.5374E+00  1.0540E-01  1.3862E-01
  1.1656E+00 -2.6140E-01  4.5386E+00  1.9045E-01  2.3499E-02
 -1.5900E+00  7.3185E-02  1.3580E+00  1.0380E-01  1.4516E-01
  8.7402E-01  8.0257E-02  2.4456E+00  1.2325E-01  8.6711E-02
  1.8087E-01 -2.5569E-01  5.0766E+00  2.0164E-01  1.9801E-02
 -2.0095E+00 -1.7102E-01  7.0241E+00  2.5983E-01  9.2537E-03
  1.3655E+00 -2.7688E-02  8.7497E+00  2.9668E-01  6.2162E-03
  1.7596E+00  1.2740E-01  2.3476E+00  1.3528E-01  6.5565E-02
  1.4505E+00 -1.1698E-01 -1.4676E+00  1.0276E-01  1.4961E-01
  1.9907E+00 -2.5985E-01  9.3723E+00  3.1326E-01  5.2808E-03
 -9.8444E-01  6.0865E-02  2.4331E+00  1.2424E-01  8.4655E-02
  1.8665E+00  1.6505E-01 -1.1806E+00  1.0870E-01  1.2640E-01
 -1.5013E+00 -2.1941E-01  3.0078E+00  1.4985E-01  4.8247E-02
 -1.9137E+00 -1.4002E-01  1.0106E+00  1.0687E-01  1.3298E-01
 -2.3035E-01  2.1022E-01  3.1639E+00  1.4356E-01  5.4868E-02
  1.6620E+00 -1.0275E-02 -1.7437E+00  1.1620E-01  1.0346E-01
  1.3835E+00 -1.4069E-01  1.7519E+00  1.0956E-01  1.2343E-01
 -2.2217E-01 -6.9950E-02  2.6614E+00  1.2591E-01  8.1324E-02
  1.5216E-01 -1.3014E-01  2.3189E+00  1.1309E-01  1.1223E-01
 -4.7703E-01  2.6279E-01  5.1802E+00  2.0506E-01  1.8826E-02
 -1.8520E+00  1.1857E-01  8.0738E+00  2.8337E-01  7.1345E-03
  1.7741E+00  5.5100E-02  3.1397E+00  1.5754E-01  4.1520E-02
  1.7494E+00 -1.6976E-02  3.9011E+00  1.7818E-01  2.8697E-02
  1.7483E+00 -9.5885E-02  5.9660E+00  2.3221E-01  1.2965E-02
  1.8230E+00  6.0045E-02  3.4705E+00  1.6739E-01  3.4608E-02
  2.8831E-01 -1.5610E-01  9.3008E+00  3.0699E-01  5.6112E-03
 -1.1171E+00 -5.2131E-02  2.0404E+00  1.1306E-01  1.1231E-01
 -6.5114E-01 -2.8497E-01  7.1402E+00  2.5656E-01  9.6124E-03
  1.8243E-01  5.6489E-02  3.4083E+00  1.5131E-01  4.6858E-02
 -9.2358E-01 -7.4936E-02  3.5438E+00  1.5933E-01  4.0135E-02
  1.9063E+00 -2.5276E-03  5.4903E+00  2.2149E-01  1.4939E-02
  6.3265E-01  2.5241E-01  3.9855E+00  1.7116E-01  3.2373E-02
 -8.5529E-01  1.3893E-01  2.4674E+00  1.2386E-01  8.5430E-02
 -1.4370E+00 -4.2937E-02  3.5449E+00  1.6444E-01  3.6510E-02
 -1.8068E+00 -5.8629E-02  5.3321E+00  2.1661E-01  1.5972E-02
  1.3772E+00 -5.7230E-02  2.2405E+00  1.2442E-01  8.4277E-02
  1.8353E+00  1.0147E-01  4.3093E+00  1.9021E-01  2.3588E-02
  7.6816E-01 -1.3454E-01  4.7800E+00  1.9476E-01  2.1974E-02
 -1.6165E+00  1.7782E-01 -1.3908E+00  1.0572E-01  1.3739E-01
 -1.2428E+00  9.0532E-02  5.2478E+00  2.1017E-01  1.7486E-02
 -1.3645E+00  1.5546E-01  1.7559E+00  1.0927E-01  1.2443E-01
 -5.4989E-01 -7.0593E-02  2.6469E+00  1.2709E-01  7.9084E-02
  1.1506E-01  1.9605E-01  2.2866E+00  1.1195E-01  1.1571E-01
 -1.7637E+00  7.3704E-02 -1.2615E+00  1.0691E-01  1.3284E-01
 -1.2737E+00 -2.4093E-02 -1.7089E+00  1.0538E-01  1.3871E-01
 -1.0940E+00 -1.8789E-01  2.5103E+00  1.2854E-01  7.6439E-02
 -3.5957E-01  1.0984E-01  9.8002E+00  3.1823E-01  5.0372E-03
  1.1409E-01  8.4507E-02  3.1164E+00  1.4155E-01  5.7233E-02
 -1.7384E+00 -1.6683E-01  2.6289E+00  1.4278E-01  5.5769E-02
 -1.4592E-01 -1.5774E-01  3.2856E+00  1.4734E-01  5.0756E-02
 -6.0597E-01 -1.4281E-01  2.1631E+00  1.1012E-01  1.2156E-01
 -9.7625E-01 -1.3919E-02  3.4710E+00  1.5751E-01  4.1543E-02
 -1.6761E+00  5.5913E-02  1.6253E+00  1.1340E-01  1.1133E-01
  1.1322E+00  1.1141E-01  3.4237E+00  1.5757E-01  4.1492E-02
 -1.3305E-02  9.6894E-02  2.1546E+00  1.0640E-01  1.3477E-01
  1.9124E+00  6.6915E-02  1.8160E+00  1.2470E-01  8.3724E-02
 -1.8877E+00 -1.0361E-01 -1.6644E+00  1.2032E-01  9.3199E-02
 -1.6270E+00 -2.5699E-02  2.5416E+00  1.3809E-01  6.1651E-02
 -1.0650E+00  9.0301E-04 -1.8715E+00  1.0626E-01  1.3531E-01
  1.5239E+00 -8.8471E-02 -1.4496E+00  1.0432E-01  1.4300E-01
  1.0548E-01 -1.3723E-01  4.0898E+00  1.7269E-01  3.1520E-02
 -2.0155E+00  9.8967E-02  5.6603E+00  2.2674E-01  1.3926E-02
  1.7794E-01  2.6094E-01  4.2658E+00  1.7824E-01  2.8668E-02
 -1.0065E+00  1.4082E-02  2.4668E+00  1.2564E-01  8.1842E-02
 -8.0271E-01  6.4850E-03  9.0292E+00  3.0148E-01  5.9240E-03
 -1.1176E+00 -9.5264E-02 -1.7047E+00  1.0168E-01  1.5440E-01
 -1.3979E+00  1.0442E-01 -1.4829E+00  1.0168E-01  1.5440E-01
 -7.4045E-02  3.3773E-03  2.0393E+00  1.0168E-01  1.5440E-01
  8.9611E-01 -1.2610E-02  1.8130E+00  1.0093E-01  1.5789E-01
  1.6391E+00 -6.1388E-03  1.1846E+00  1.0093E-01  1.5789E-01
 -8.1935E-01 -1.5537E-01 -1.8324E+00  1.0055E-01  1.5967E-01
  7.5195E-01  1.0812E-01 -1.8546E+00  1.0017E-01  1.6148E-01
 -5.5737E-01  8.9916E-02  1.9230E+00  1.0017E-01  1.6148E-01
  1.3579E+00  8.4325E-02 -1.4593E+00  9.9797E-02  1.6332E-01
  1.2755E+00  1.3630E-01  1.5281E+00  9.9797E-02  1.6332E-01
  5.9817E-02 -9.3407E-04  1.9852E+00  9.9419E-02  1.6519E-01
 -5.1878E-01  1.9232E-01  1.9075E+00  9.9419E-02  1.6519E-01
  9.9453E-01 -2.8756E-02  1.7085E+00  9.9041E-02  1.6709E-01
 -2.9892E-01  5.1353E-02  1.9446E+00  9.8663E-02  1.6902E-01
 -1.8793E+00 -1.5720E-01 -5.6288E-01  9.8663E-02  1.6902E-01
 -1.3692E+00  6.6001E-02 -1.3870E+00  9.7907E-02  1.7297E-01
  1.6307E-01  5.0570E-02  1.9337E+00  9.7529E-02  1.7499E-01
  1.7852E+00 -1.2062E-01 -7.5284E-01  9.7529E-02  1.7499E-01
 -1.8435E+00  6.4519E-02  5.7542E-01  9.7150E-02  1.7704E-01
  1.7779E+00  1.3698E-01  7.4429E-01  9.7150E-02  1.7704E-01
  1.8536E+00  1.2174E-01 -4.9891E-01  9.6772E-02  1.7912E-01
  1.7076E+00  1.8264E-01  8.4620E-01  9.6393E-02  1.8124E-01
  1.5057E+00 -5.4586E-02  1.1813E+00  9.6393E-02  1.8124E-01
 -1.4811E+00 -1.5878E-01 -1.2027E+00  9.6393E-02  1.8124E-01
  3.6727E-01  1.0475E-01 -1.8670E+00  9.6015E-02  1.8340E-01
  1.4952E+00 -1.4038E-01  1.1732E+00  9.6015E-02  1.8340E-01
 -8.3204E-01  3.3843E-02 -1.6945E+00  9.5257E-02  1.8781E-01
  1.5542E+00 -1.7608E-01  1.0574E+00  9.5257E-02  1.8781E-01
  1.7600E+00  7.7479E-02 -6.5418E-01  9.4878E-02  1.9007E-01
 -1.7455E+00  1.7535E-01 -6.4912E-01  9.4499E-02  1.9236E-01
 -1.8185E+00 -1.4627E-01  4.1308E-01  9.4499E-02  1.9236E-01
  1.8334E+00 -1.0683E-01 -3.0573E-01  9.4120E-02  1.9470E-01
  3.9894E-01  1.1895E-01  1.8146E+00  9.4120E-02  1.9470E-01
 -1.5985E+00  1.1115E-01 -9.4793E-01  9.4120E-02  1.9470E-01
  9.3485E-01  8.3878E-02 -1.6079E+00  9.4120E-02  1.9470E-01
  9.9650E-01  1.1063E-01 -1.5584E+00  9.3741E-02  1.9707E-01
  1.4303E+00  1.3247E-01  1.1569E+00  9.3361E-02  1.9948E-01
 -1.7684E+00 -4.8466E-02  5.2159E-01  9.3361E-02  1.9948E-01
 -1.7277E+00 -1.5669E-01  6.0026E-01  9.2982E-02  2.0193E-01
 -1.0482E+00  6.3399E-02  1.5057E+00  9.2982E-02  2.0193E-01
  1.3881E+00 -1.3508E-01  1.1936E+00  9.2982E-02  2.0193E-01
  1.3692E+00 -1.4862E-01 -1.2137E+00  9.2982E-02  2.0193E-01
 -1.6051E+00 -1.7858E-02 -8.7276E-01  9.2603E-02  2.0443E-01
 -1.6794E+00  2.7113E-02 -6.9696E-01  9.2223E-02  2.0696E-01
 -3.7645E-01  1.6809E-01  1.7623E+00  9.1844E-02  2.0954E-01
  8.2093E-02  4.0134E-02  1.7990E+00  9.1464E-02  2.1216E-01
  1.3355E+00 -1.1107E-01 -1.1909E+00  9.1084E-02  2.1482E-01
  6.5973E-01  8.1156E-02  1.6650E+00  9.1084E-02  2.1482E-01
 -1.5119E+00  9.3564E-02  9.5898E-01  9.1084E-02  2.1482E-01
 -1.7893E+00 -3.7910E-02 -1.0513E-01  9.1084E-02  2.1482E-01
 -1.7757E+00 -9.3238E-02  2.2849E-01  9.1084E-02  2.1482E-01
  4.6071E-01 -1.1730E-01 -1.7198E+00  9.0704E-02  2.1753E-01
 -1.3232E+00  5.7466E-03  1.1843E+00  9.0325E-02  2.2029E-01
  8.7796E-01 -1.9968E-02 -1.5434E+00  9.0325E-02  2.2029E-01
  1.6435E+00 -1.6159E-01  6.0535E-01  8.9565E-02  2.2594E-01
  9.6117E-01 -5.7800E-02  1.4518E+00  8.8805E-02  2.3179E-01
  1.5318E+00  1.2791E-01 -8.1979E-01  8.8805E-02  2.3179E-01
 -1.5836E+00 -1.7773E-01 -6.8312E-01  8.8425E-02  2.3479E-01
 -1.3132E+00 -1.2985E-01 -1.0987E+00  8.7664E-02  2.4095E-01
 -1.4375E+00  6.7060E-02  9.3685E-01  8.7664E-02  2.4095E-01
  1.3310E+00 -7.6871E-02 -1.0690E+00  8.7284E-02  2.4412E-01
  6.6718E-01 -1.3518E-01  1.5674E+00  8.7284E-02  2.4412E-01
  4.4610E-01 -1.4134E-01 -1.6350E+00  8.6904E-02  2.4734E-01
 -1.5459E+00 -1.5112E-01  6.9244E-01  8.6904E-02  2.4734E-01
  7.0166E-01  8.0612E-02  1.5380E+00  8.6524E-02  2.5061E-01
  1.6793E+00  1.6601E-01 -1.2929E-01  8.6524E-02  2.5061E-01
 -1.0796E+00 -1.5033E-01 -1.2839E+00  8.6143E-02  2.5395E-01
 -1.3333E+00 -6.8987E-02 -1.0268E+00  8.6143E-02  2.5395E-01
  3.6098E-01 -7.6727E-02  1.6433E+00  8.6143E-02  2.5395E-01
  1.5541E+00  3.7310E-03  6.2761E-01  8.5763E-02  2.5734E-01
  1.6643E+00 -7.9846E-02  1.8144E-01  8.5763E-02  2.5734E-01
  1.6589E+00 -1.2393E-01 -2.0474E-01  8.5763E-02  2.5734E-01
 -6.3665E-01  1.2400E-03 -1.5505E+00  8.5763E-02  2.5734E-01
 -7.6441E-01  7.8327E-02  1.4804E+00  8.5382E-02  2.6079E-01
  8.2078E-01 -4.2529E-02  1.4514E+00  8.5382E-02  2.6079E-01
  1.5851E+00 -3.8215E-02 -4.9091E-01  8.5002E-02  2.6431E-01
  3.8583E-01  1.4164E-01  1.6082E+00  8.5002E-02  2.6431E-01
 -1.6280E+00  8.5862E-02  3.1216E-01  8.5002E-02  2.6431E-01
  1.4384E+00  6.3962E-02  7.9296E-01  8.4241E-02  2.7154E-01
 -9.8936E-01  4.5728E-02  1.3119E+00  8.4241E-02  2.7154E-01
  1.0262E-01 -1.4062E-01  1.6345E+00  8.4241E-02  2.7154E-01
 -9.8363E-01 -1.4290E-01  1.3092E+00  8.4241E-02  2.7154E-01
 -9.6527E-01  1.5990E-01 -1.3109E+00  8.3861E-02  2.7525E-01
 -1.2360E+00 -4.2041E-02 -1.0584E+00  8.3480E-02  2.7903E-01
 -1.1232E+00  1.1881E-01  1.1721E+00  8.3480E-02  2.7903E-01
  4.4905E-01  1.8468E-01 -1.5453E+00  8.3100E-02  2.8288E-01
 -6.2233E-01 -1.8143E-01  1.4758E+00  8.2719E-02  2.8681E-01
 -1.5125E+00  1.7779E-01 -5.2825E-01  8.2719E-02  2.8681E-01
 -1.4030E+00  3.8805E-02  7.9262E-01  8.2719E-02  2.8681E-01
 -1.1712E+00 -1.8373E-02 -1.0959E+00  8.2338E-02  2.9080E-01
  2.6234E-01 -9.5237E-02  1.5796E+00  8.2338E-02  2.9080E-01
  1.5992E+00 -1.2354E-01 -8.5422E-03  8.2338E-02  2.9080E-01
  1.4350E+00 -1.0864E-01  6.9050E-01  8.1958E-02  2.9487E-01
  5.0666E-01 -4.0936E-02 -1.5048E+00  8.1577E-02  2.9902E-01
  1.5739E+00  6.8059E-02 -1.2886E-01  8.1197E-02  3.0324E-01
  8.3490E-01  2.7424E-03 -1.3421E+00  8.1197E-02  3.0324E-01
  1.2158E+00  1.8333E-01 -9.8086E-01  8.0816E-02  3.0755E-01
 -1.0847E-01 -1.4460E-01  1.5469E+00  8.0055E-02  3.1640E-01
 -1.2639E+00  1.5423E-01 -8.8344E-01  7.9674E-02  3.2096E-01
 -1.3369E+00  2.9981E-02  7.8337E-01  7.9674E-02  3.2096E-01
 -1.4160E+00  1.5908E-01  6.0956E-01  7.9674E-02  3.2096E-01
  4.2906E-01  1.6953E-02 -1.4812E+00  7.9293E-02  3.2561E-01
  9.8070E-01  1.4556E-01  1.1812E+00  7.9293E-02  3.2561E-01
 -1.3319E-01  5.0568E-02 -1.5356E+00  7.9293E-02  3.2561E-01
 -7.8951E-01  7.4165E-02  1.3138E+00  7.8913E-02  3.3034E-01
 -2.3322E-01 -1.0416E-01 -1.5132E+00  7.8913E-02  3.3034E-01
  1.1504E+00  7.3345E-02  1.0016E+00  7.8532E-02  3.3517E-01
 -1.5925E-01 -1.0147E-01 -1.5153E+00  7.8532E-02  3.3517E-01
  9.7721E-01 -3.7218E-04 -1.1734E+00  7.8532E-02  3.3517E-01
 -1.4995E+00 -1.7051E-01 -1.7690E-01  7.8152E-02  3.4009E-01
 -2.6310E-01 -1.6106E-01  1.4879E+00  7.8152E-02  3.4009E-01
 -1.4611E+00  1.2820E-01  3.9722E-01  7.8152E-02  3.4009E-01
  1.4353E+00 -1.6057E-01  4.7234E-01  7.8152E-02  3.4009E-01
  1.5126E+00  5.5178E-03 -1.4487E-01  7.8152E-02  3.4009E-01
 -1.3781E+00  1.6624E-01  6.1808E-01  7.8152E-02  3.4009E-01
  2.0130E-01 -1.4000E-01  1.4920E+00  7.7771E-02  3.4511E-01
  5.7719E-01 -1.1832E-01 -1.3925E+00  7.7771E-02  3.4511E-01
  1.2307E+00  7.1001E-03  8.6553E-01  7.7390E-02  3.5022E-01
  3.6263E-01  7.6522E-02 -1.4582E+00  7.7390E-02  3.5022E-01
  1.4354E+00  1.6017E-01  3.9431E-01  7.7010E-02  3.5544E-01
  1.1270E+00  5.5206E-02  9.7279E-01  7.6629E-02  3.6076E-01
 -1.0302E-01 -1.3611E-01  1.4726E+00  7.6248E-02  3.6619E-01
 -5.1095E-01  5.3829E-02  1.3828E+00  7.5868E-02  3.7173E-01
 -1.1843E+00 -1.7833E-01 -8.4885E-01  7.5487E-02  3.7739E-01
  1.1682E+00 -1.3053E-01  8.6711E-01  7.5106E-02  3.8315E-01
 -8.3422E-01  1.4778E-01  1.1899E+00  7.5106E-02  3.8315E-01
  8.4427E-01  1.2517E-01 -1.1854E+00  7.5106E-02  3.8315E-01
  1.3714E+00 -1.3538E-01 -4.6219E-01  7.4726E-02  3.8904E-01
 -9.2010E-03 -1.2525E-01 -1.4481E+00  7.4726E-02  3.8904E-01
  1.1228E+00 -1.4168E-01 -9.0075E-01  7.4345E-02  3.9504E-01
 -9.4945E-03  9.7225E-02  1.4431E+00  7.4345E-02  3.9504E-01
  3.0939E-01 -3.7686E-02 -1.4124E+00  7.4345E-02  3.9504E-01
  2.6813E-01  1.0399E-01 -1.4175E+00  7.4345E-02  3.9504E-01
 -1.3819E+00 -1.0370E-02  4.0223E-01  7.3965E-02  4.0117E-01
  7.2445E-01 -1.6424E-01  1.2328E+00  7.3965E-02  4.0117E-01
  1.2757E+00  6.5562E-04 -6.6653E-01  7.3965E-02  4.0117E-01
  8.7147E-01  4.7078E-02  1.1445E+00  7.3965E-02  4.0117E-01
  8.6176E-01  1.7793E-01  1.1301E+00  7.3584E-02  4.0743E-01
  1.4247E-01  3.6996E-02  1.4247E+00  7.3584E-02  4.0743E-01
  8.5728E-01  3.5799E-02 -1.1468E+00  7.3584E-02  4.0743E-01
  1.3086E+00 -2.9827E-02 -5.8149E-01  7.3584E-02  4.0743E-01
 -2.9688E-01 -3.3588E-02  1.3936E+00  7.3203E-02  4.1382E-01
 -1.0759E+00  7.6396E-02  9.2090E-01  7.2822E-02  4.2035E-01
 -1.0810E+00  9.8861E-02 -9.0188E-01  7.2442E-02  4.2701E-01
 -1.0564E+00  4.1079E-02 -9.3498E-01  7.2442E-02  4.2701E-01
  4.0908E-01 -2.7316E-03 -1.3507E+00  7.2442E-02  4.2701E-01
 -1.1400E+00 -2.8258E-02  8.1967E-01  7.2061E-02  4.3381E-01
  8.4357E-01  1.1479E-01 -1.1083E+00  7.1680E-02  4.4076E-01
 -9.2396E-01  2.9744E-02 -1.0481E+00  7.1680E-02  4.4076E-01
 -1.8457E-01  6.9312E-02  1.3836E+00  7.1680E-02  4.4076E-01
 -1.2838E+00  9.4396E-02 -5.4411E-01  7.1680E-02  4.4076E-01
  1.1670E+00  1.3382E-01  7.4459E-01  7.1300E-02  4.4786E-01
 -7.2642E-01 -5.1255E-02  1.1769E+00  7.0919E-02  4.5511E-01
  1.0753E+00 -1.6253E-01 -8.5597E-01  7.0919E-02  4.5511E-01
  1.1947E+00  1.4110E-02  6.9852E-01  7.0919E-02  4.5511E-01
  1.3642E+00 -1.0508E-01 -1.5689E-01  7.0538E-02  4.6253E-01
  1.3638E+00  1.1729E-01  1.5198E-01  7.0538E-02  4.6253E-01
  1.1522E+00 -1.7846E-01  7.3307E-01  7.0538E-02  4.6253E-01
 -4.4771E-01  8.6420E-02 -1.2996E+00  7.0538E-02  4.6253E-01
  9.9859E-01 -1.2962E-01  9.2974E-01  7.0157E-02  4.7010E-01
  5.9108E-01  1.1924E-01 -1.2308E+00  7.0157E-02  4.7010E-01
  7.0075E-01 -1.7609E-01  1.1568E+00  6.9776E-02  4.7784E-01
 -1.2021E+00  4.0269E-03  6.4429E-01  6.9776E-02  4.7784E-01
 -4.5426E-01 -1.3678E-01  1.2787E+00  6.9776E-02  4.7784E-01
 -9.5757E-01 -4.5243E-02  9.6088E-01  6.9395E-02  4.8575E-01
  1.2413E+00  1.7166E-01  5.2151E-01  6.9395E-02  4.8575E-01
 -2.9583E-01 -6.3705E-02 -1.3231E+00  6.9395E-02  4.8575E-01
  1.0800E+00 -8.6772E-02 -8.0666E-01  6.9014E-02  4.9384E-01
  5.1104E-01 -1.8590E-02 -1.2502E+00  6.9014E-02  4.9384E-01
 -1.3299E+00 -1.3892E-01 -1.9138E-01  6.9014E-02  4.9384E-01
 -1.2263E+00 -6.7626E-03  5.5056E-01  6.8633E-02  5.0211E-01
 -8.6551E-01  1.4451E-01 -1.0183E+00  6.8633E-02  5.0211E-01
  6.9213E-01  1.8373E-01  1.1300E+00  6.8252E-02  5.1057E-01
 -4.3518E-01 -1.3968E-01 -1.2573E+00  6.8252E-02  5.1057E-01
 -5.1520E-01  1.6973E-02 -1.2345E+00  6.8252E-02  5.1057E-01
  1.1708E+00  1.2568E-01  6.2129E-01  6.7871E-02  5.1923E-01
  1.0382E+00  4.2250E-02 -8.3243E-01  6.7871E-02  5.1923E-01
  4.3480E-02  1.9638E-02  1.3305E+00  6.7871E-02  5.1923E-01
  5.5419E-01 -1.3809E-01 -1.1956E+00  6.7489E-02  5.2808E-01
  3.2553E-01 -1.1717E-01 -1.2790E+00  6.7489E-02  5.2808E-01
  1.2195E+00 -1.7130E-01 -4.8899E-01  6.7489E-02  5.2808E-01
 -6.2103E-02 -3.9172E-02  1.3230E+00  6.7489E-02  5.2808E-01
 -1.3141E+00  3.7361E-02  1.0282E-01  6.7108E-02  5.3713E-01
 -9.7857E-01 -8.2156E-02  8.8007E-01  6.7108E-02  5.3713E-01
  1.1754E+00 -2.2237E-02  5.8327E-01  6.6726E-02  5.4640E-01
 -1.1805E+00 -7.6890E-02 -5.6818E-01  6.6726E-02  5.4640E-01
 -1.1643E-01  6.7577E-02 -1.3055E+00  6.6726E-02  5.4640E-01
  1.2438E+00 -1.6985E-01  3.6083E-01  6.6345E-02  5.5588E-01
  1.1225E+00 -1.2966E-03  6.6785E-01  6.6345E-02  5.5588E-01
  6.4349E-01 -6.4546E-02  1.1348E+00  6.6345E-02  5.5588E-01
  6.5277E-01 -5.4849E-02 -1.1229E+00  6.5963E-02  5.6559E-01
  8.5816E-01  1.5843E-01  9.5524E-01  6.5581E-02  5.7553E-01
  1.0270E+00  1.6483E-01  7.6945E-01  6.5581E-02  5.7553E-01
  2.0144E-01 -1.7014E-01 -1.2667E+00  6.5581E-02  5.7553E-01
 -7.7996E-01  1.8536E-01 -1.0155E+00  6.5581E-02  5.7553E-01
  1.2585E+00 -1.4727E-01  2.6181E-01  6.5581E-02  5.7553E-01
  1.2698E-01  5.8833E-02 -1.2863E+00  6.5581E-02  5.7553E-01
  3.8242E-01  4.4892E-02  1.2352E+00  6.5581E-02  5.7553E-01
 -1.2576E+00  1.5527E-01  2.2963E-01  6.5199E-02  5.8571E-01
  1.1091E+00 -1.3811E-01  6.3969E-01  6.5199E-02  5.8571E-01
 -4.8027E-01 -1.0348E-01 -1.1838E+00  6.4817E-02  5.9614E-01
 -3.3341E-01 -1.5198E-01 -1.2282E+00  6.4817E-02  5.9614E-01
  5.4711E-01 -1.3604E-01  1.1511E+00  6.4817E-02  5.9614E-01
 -7.6101E-01  5.9005E-02 -1.0222E+00  6.4434E-02  6.0681E-01
 -2.7781E-02 -5.2853E-02  1.2743E+00  6.4434E-02  6.0681E-01
  9.8453E-01 -1.3592E-02 -8.1119E-01  6.4434E-02  6.0681E-01
  1.0040E+00 -1.6905E-01 -7.6877E-01  6.4434E-02  6.0681E-01
  1.2053E+00  1.3875E-01  3.9449E-01  6.4434E-02  6.0681E-01
 -4.1918E-01  4.8476E-02 -1.1976E+00  6.4051E-02  6.1776E-01
 -9.9073E-01 -1.3488E-01  7.8273E-01  6.4051E-02  6.1776E-01
  7.0731E-01 -2.7280E-02  1.0542E+00  6.4051E-02  6.1776E-01
  3.1094E-01 -4.6834E-02  1.2303E+00  6.4051E-02  6.1776E-01
  1.1790E+00 -5.1914E-03 -4.5536E-01  6.3669E-02  6.2897E-01
 -6.2761E-01  2.6649E-02  1.0968E+00  6.3669E-02  6.2897E-01
 -1.2507E+00  1.3557E-01 -1.6795E-02  6.3285E-02  6.4046E-01
  1.4688E-01  1.8109E-01 -1.2304E+00  6.2902E-02  6.5224E-01
 -5.6547E-01  6.2681E-02  1.1156E+00  6.2902E-02  6.5224E-01
  1.1846E+00  9.7842E-02 -3.9423E-01  6.2902E-02  6.5224E-01
 -7.6097E-01  1.6851E-01  9.8021E-01  6.2902E-02  6.5224E-01
  4.8239E-01  1.7882E-02 -1.1493E+00  6.2518E-02  6.6433E-01
  1.2347E+00  1.5874E-01  6.5836E-02  6.2518E-02  6.6433E-01
 -1.1788E+00  8.9384E-02 -3.7714E-01  6.2134E-02  6.7672E-01
 -5.9618E-01 -1.7281E-01 -1.0745E+00  6.2134E-02  6.7672E-01
 -1.2343E+00 -3.9307E-02 -3.0084E-02  6.1750E-02  6.8943E-01
  5.1087E-01 -7.2281E-02  1.1224E+00  6.1750E-02  6.8943E-01
  1.1634E-01 -8.1191E-02 -1.2215E+00  6.1365E-02  7.0248E-01
  1.1238E+00  3.2330E-02 -4.9814E-01  6.1365E-02  7.0248E-01
  1.0275E+00  2.9903E-02 -6.7488E-01  6.1365E-02  7.0248E-01
 -1.0670E+00 -5.3440E-02  5.8647E-01  6.0595E-02  7.2962E-01
  5.6979E-01 -1.1171E-01 -1.0715E+00  6.0595E-02  7.2962E-01
  1.5264E-01  2.4921E-02 -1.2089E+00  6.0595E-02  7.2962E-01
 -9.8840E-01 -6.8892E-02 -7.0971E-01  6.0595E-02  7.2962E-01
  2.4504E-01 -4.4490E-03  1.1883E+00  6.0209E-02  7.4374E-01
  6.4983E-01  1.2241E-01 -1.0173E+00  6.0209E-02  7.4374E-01
  5.4584E-01 -6.0362E-02  1.0760E+00  5.9822E-02  7.5825E-01
 -8.4897E-01 -1.1143E-01 -8.4461E-01  5.9436E-02  7.7315E-01
 -2.3834E-01  1.5942E-01 -1.1680E+00  5.9436E-02  7.7315E-01
  2.1834E-01  5.5770E-03 -1.1827E+00  5.9436E-02  7.7315E-01
  1.1025E+00  3.4613E-02  4.7949E-01  5.9436E-02  7.7315E-01
  3.9434E-01 -1.9634E-02  1.1361E+00  5.9436E-02  7.7315E-01
 -1.0246E+00  1.5157E-01 -6.0092E-01  5.9048E-02  7.8847E-01
 -1.1672E+00  6.0470E-02 -2.6086E-01  5.9048E-02  7.8847E-01
 -4.4262E-01  8.2766E-02 -1.1096E+00  5.9048E-02  7.8847E-01
  7.2495E-01  9.0663E-02 -9.4878E-01  5.9048E-02  7.8847E-01
 -8.1135E-01 -9.0595E-02  8.6896E-01  5.8660E-02  8.0422E-01
  1.1748E+00  7.2066E-02 -1.9021E-01  5.8660E-02  8.0422E-01
  1.1346E+00 -2.1036E-02  3.6585E-01  5.8660E-02  8.0422E-01
 -1.1771E+00 -1.7776E-01 -6.5719E-02  5.8660E-02  8.0422E-01
 -1.0781E+00 -1.2025E-01 -4.8233E-01  5.8271E-02  8.2042E-01
  1.1652E-01  6.9007E-02  1.1794E+00  5.8271E-02  8.2042E-01
  9.0882E-01 -1.5837E-01  7.4724E-01  5.8271E-02  8.2042E-01
  1.1096E+00  1.4695E-01  3.9574E-01  5.8271E-02  8.2042E-01
 -9.1217E-01  2.4349E-02 -7.5151E-01  5.7882E-02  8.3709E-01
 -1.9946E-01  5.6049E-02 -1.1638E+00  5.7882E-02  8.3709E-01
 -1.0215E+00  1.4011E-01 -5.7827E-01  5.7882E-02  8.3709E-01
 -1.0861E+00 -7.9834E-02 -4.5975E-01  5.7882E-02  8.3709E-01
 -1.1074E+00  4.5334E-02  3.9640E-01  5.7492E-02  8.5424E-01
  1.0855E+00 -1.6893E-01  4.2280E-01  5.7492E-02  8.5424E-01
 -9.8181E-01  3.7420E-02  6.3926E-01  5.7101E-02  8.7190E-01
 -8.6587E-01  1.6325E-01  7.7306E-01  5.7101E-02  8.7190E-01
  1.1296E+00 -1.6370E-01 -2.6700E-01  5.7101E-02  8.7190E-01
 -7.2529E-01 -4.3125E-02 -9.1361E-01  5.6710E-02  8.9009E-01
  1.1483E+00  7.5177E-03  2.0957E-01  5.6710E-02  8.9009E-01
  9.3238E-01  6.8596E-02  6.9088E-01  5.6317E-02  9.0882E-01
  1.1554E+00 -1.1337E-01 -5.8882E-02  5.6317E-02  9.0882E-01
 -3.3012E-01 -1.1561E-01  1.1086E+00  5.6317E-02  9.0882E-01
  6.4974E-01 -6.5358E-03 -9.5818E-01  5.5924E-02  9.2814E-01
  3.1053E-01  1.8593E-01  1.0997E+00  5.5924E-02  9.2814E-01
  1.0959E+00  1.0770E-01  3.2581E-01  5.5134E-02  9.6859E-01
 -6.8149E-01 -4.4263E-02 -9.2324E-01  5.5134E-02  9.6859E-01
  1.1386E+00 -9.0798E-02  6.0783E-02  5.4738E-02  9.8980E-01
  6.1449E-01 -1.9319E-02 -9.6453E-01  5.4738E-02  9.8980E-01
 -1.1339E+00  2.1434E-02  1.4838E-01  5.4738E-02  9.8980E-01
  1.1348E+00  6.6349E-02 -1.2725E-01  5.4738E-02  9.8980E-01
  7.3696E-01  8.8862E-02 -8.6427E-01  5.4340E-02  1.0117E+00
  1.0678E+00 -5.0105E-02 -3.9400E-01  5.4340E-02  1.0117E+00
 -1.0585E+00  5.2639E-02 -4.1801E-01  5.4340E-02  1.0117E+00
 -4.6137E-01  5.0096E-02  1.0405E+00  5.4340E-02  1.0117E+00
  3.9957E-01  7.2974E-02  1.0597E+00  5.3941E-02  1.0343E+00
 -1.0834E+00  1.5718E-01 -2.9912E-01  5.3941E-02  1.0343E+00
 -1.1060E+00  6.6061E-02  2.4561E-01  5.3941E-02  1.0343E+00
  6.2212E-01 -5.1161E-02  9.4773E-01  5.3941E-02  1.0343E+00
 -6.1359E-01 -1.1177E-01 -9.4809E-01  5.3941E-02  1.0343E+00
 -1.0118E+00 -1.7749E-01  4.7182E-01  5.3541E-02  1.0577E+00
 -7.0694E-02  1.4772E-01 -1.1185E+00  5.3541E-02  1.0577E+00
  6.2331E-01 -1.4090E-02 -9.4297E-01  5.3541E-02  1.0577E+00
  4.5836E-01 -1.6344E-02  1.0332E+00  5.3541E-02  1.0577E+00
 -1.0782E+00  9.2868E-03 -3.3943E-01  5.3541E-02  1.0577E+00
  1.1172E+00 -1.1139E-01 -8.7926E-02  5.3139E-02  1.0818E+00
 -1.0715E+00  8.1737E-02 -3.2219E-01  5.2736E-02  1.1068E+00
  4.2775E-01  3.1225E-03 -1.0371E+00  5.2736E-02  1.1068E+00
  7.8137E-01 -1.3595E-01  7.8752E-01  5.2331E-02  1.1327E+00
  1.1613E-01  1.7326E-01  1.0938E+00  5.1925E-02  1.1595E+00
  1.0987E+00  9.8465E-02  1.5233E-01  5.1925E-02  1.1595E+00
  7.3094E-01 -7.9471E-02  8.3631E-01  5.1925E-02  1.1595E+00
 -1.0781E+00 -1.1655E-01 -2.3466E-01  5.1516E-02  1.1873E+00
 -1.0517E+00 -2.7468E-02  3.5241E-01  5.1516E-02  1.1873E+00
  1.3552E-01  1.5662E-01  1.0900E+00  5.1516E-02  1.1873E+00
  4.0606E-01  4.8182E-02  1.0314E+00  5.1516E-02  1.1873E+00
  1.5234E-01 -1.6797E-01  1.0861E+00  5.1516E-02  1.1873E+00
 -8.8401E-01  1.7798E-01 -6.4640E-01  5.1516E-02  1.1873E+00
 -4.7248E-01  3.1563E-02 -1.0034E+00  5.1516E-02  1.1873E+00
 -5.9982E-01  7.5042E-02 -9.2559E-01  5.1106E-02  1.2161E+00
  1.0763E+00  1.7472E-01 -1.8203E-01  5.1106E-02  1.2161E+00
 -1.0767E+00 -1.1423E-01 -2.0273E-01  5.0694E-02  1.2461E+00
  1.0068E+00  1.0261E-01 -4.2520E-01  5.0279E-02  1.2771E+00
 -1.0758E+00  1.5821E-01 -1.5008E-01  5.0279E-02  1.2771E+00
  8.5335E-01 -1.4368E-01 -6.7537E-01  5.0279E-02  1.2771E+00
 -3.1767E-01 -8.3266E-02  1.0474E+00  5.0279E-02  1.2771E+00
 -5.4447E-01 -1.7476E-01  9.3257E-01  4.9863E-02  1.3094E+00
  1.0640E+00 -7.5273E-02 -2.4286E-01  4.9863E-02  1.3094E+00
 -7.8973E-01 -1.0916E-01 -7.4361E-01  4.9444E-02  1.3430E+00
  8.2555E-01  3.0075E-02 -7.1141E-01  4.9444E-02  1.3430E+00
  4.0680E-01 -1.6787E-03 -1.0115E+00  4.9444E-02  1.3430E+00
 -7.2918E-01  6.1698E-02 -8.0811E-01  4.9444E-02  1.3430E+00
 -7.7205E-01 -1.8111E-01  7.4812E-01  4.9444E-02  1.3430E+00
  1.0495E+00  4.4918E-02 -2.7772E-01  4.9022E-02  1.3780E+00
 -2.4361E-01  4.4830E-02 -1.0579E+00  4.9022E-02  1.3780E+00
 -8.5048E-02  2.1052E-02  1.0830E+00  4.9022E-02  1.3780E+00
  2.3050E-01 -1.7362E-01  1.0438E+00  4.8597E-02  1.4144E+00
 -5.2211E-01  5.1393E-02 -9.4741E-01  4.8597E-02  1.4144E+00
  9.8211E-01  1.2080E-01 -4.3139E-01  4.8170E-02  1.4524E+00
 -1.0581E+00  1.8316E-01 -1.1021E-01  4.8170E-02  1.4524E+00
 -6.0578E-01  1.5811E-02 -8.9332E-01  4.8170E-02  1.4524E+00
  5.3002E-01 -1.0147E-02  9.3249E-01  4.7306E-02  1.5334E+00
  8.2669E-01 -7.6637E-02 -6.7918E-01  4.7306E-02  1.5334E+00
 -1.2547E-02  7.3631E-02  1.0700E+00  4.7306E-02  1.5334E+00
  5.4593E-01 -1.2418E-01  9.1493E-01  4.7306E-02  1.5334E+00
 -9.2555E-01  1.4466E-01 -5.2249E-01  4.7306E-02  1.5334E+00
 -1.0395E+00 -1.4862E-01  2.0188E-01  4.6868E-02  1.5768E+00
  1.0608E+00 -1.2147E-01  5.8401E-02  4.6868E-02  1.5768E+00
 -1.7094E-01 -9.0609E-02  1.0517E+00  4.6868E-02  1.5768E+00
  6.3531E-01  1.5962E-01 -8.4522E-01  4.6868E-02  1.5768E+00
 -1.3184E-01  5.8007E-02 -1.0596E+00  4.6868E-02  1.5768E+00
  3.6799E-01  4.5977E-02  1.0030E+00  4.6868E-02  1.5768E+00
  9.8761E-01  8.9396E-02  3.9144E-01  4.6427E-02  1.6222E+00
 -1.7827E-01 -5.8944E-02  1.0495E+00  4.6427E-02  1.6222E+00
 -1.0396E+00 -1.4335E-01  1.8798E-01  4.6427E-02  1.6222E+00
 -2.4711E-01 -1.4530E-01 -1.0236E+00  4.5982E-02  1.6697E+00
 -1.0538E+00  1.3916E-01 -9.2154E-04  4.5982E-02  1.6697E+00
 -4.5966E-01  1.4260E-01  9.4431E-01  4.5533E-02  1.7196E+00
  9.3951E-01 -1.5894E-01  4.6411E-01  4.5533E-02  1.7196E+00
  1.0472E+00 -1.4134E-01  2.1254E-02  4.5079E-02  1.7721E+00
 -9.2911E-01  1.1151E-01  4.9121E-01  4.5079E-02  1.7721E+00
  1.0219E+00  6.1382E-02  2.5024E-01  4.4620E-02  1.8273E+00
  7.7175E-01  1.0575E-01  7.0992E-01  4.4620E-02  1.8273E+00
  3.6873E-01 -2.3796E-02 -9.8704E-01  4.4620E-02  1.8273E+00
 -1.0002E+00 -1.1610E-01  3.1130E-01  4.4620E-02  1.8273E+00
  4.4218E-01  9.1148E-02 -9.5233E-01  4.4620E-02  1.8273E+00
  5.2742E-01 -1.3704E-01  9.0212E-01  4.4620E-02  1.8273E+00
  8.4357E-01  1.6368E-01  6.0526E-01  4.4156E-02  1.8855E+00
  8.1111E-01  1.6045E-01 -6.4440E-01  4.3687E-02  1.9469E+00
 -4.8297E-01 -1.1472E-01 -9.2329E-01  4.3687E-02  1.9469E+00
  9.0887E-01 -1.0967E-01  5.1070E-01  4.3687E-02  1.9469E+00
 -1.1451E-01 -9.2262E-02 -1.0379E+00  4.3687E-02  1.9469E+00
  1.0470E+00 -1.5417E-02  4.9063E-02  4.3687E-02  1.9469E+00
 -4.9531E-01  6.3148E-02 -9.2172E-01  4.3687E-02  1.9469E+00
 -8.0199E-01  1.6905E-01  6.4918E-01  4.3212E-02  2.0119E+00
  8.2942E-01 -5.3004E-02  6.3440E-01  4.3212E-02  2.0119E+00
 -8.4104E-01 -7.6027E-02  6.1650E-01  4.3212E-02  2.0119E+00
 -1.0017E+00  1.2004E-01 -2.6419E-01  4.2730E-02  2.0806E+00
  8.1117E-01 -1.0947E-01  6.4632E-01  4.2730E-02  2.0806E+00
  1.0323E+00 -7.9419E-03 -1.2910E-01  4.2242E-02  2.1536E+00
  1.0032E+00  1.6052E-01  2.2415E-01  4.2242E-02  2.1536E+00
  7.5895E-01 -7.8550E-02 -7.0723E-01  4.2242E-02  2.1536E+00
 -2.1592E-01  1.8014E-01 -1.0016E+00  4.2242E-02  2.1536E+00
  9.2396E-01 -1.1522E-01  4.5301E-01  4.1244E-02  2.3138E+00
  3.8172E-01 -4.1250E-02 -9.6166E-01  4.1244E-02  2.3138E+00
  1.7957E-01  3.2290E-02  1.0169E+00  4.0733E-02  2.4020E+00
  1.0290E+00  9.1995E-02  8.7087E-03  4.0733E-02  2.4020E+00
  2.2320E-01  1.7915E-03 -1.0064E+00  4.0213E-02  2.4964E+00
  1.9245E-01  8.7387E-02  1.0090E+00  4.0213E-02  2.4964E+00
 -7.2548E-01  8.0175E-02 -7.2798E-01  4.0213E-02  2.4964E+00
  6.3117E-01 -1.0300E-01 -8.0853E-01  4.0213E-02  2.4964E+00
  1.0258E+00 -3.0795E-02 -9.7008E-02  4.0213E-02  2.4964E+00
 -9.6512E-01  1.1959E-01  3.3535E-01  3.9683E-02  2.5977E+00
 -9.2347E-01  4.4620E-02 -4.5103E-01  3.9683E-02  2.5977E+00
 -9.4143E-01  5.2247E-02 -4.0606E-01  3.9143E-02  2.7067E+00
  3.6137E-01  7.8064E-02 -9.5771E-01  3.9143E-02  2.7067E+00
 -3.7470E-01  6.1602E-02 -9.5160E-01  3.8592E-02  2.8243E+00
 -3.5643E-01 -1.6389E-01  9.4649E-01  3.8592E-02  2.8243E+00
  5.7499E-01 -1.0735E-01 -8.3882E-01  3.8029E-02  2.9517E+00
 -7.9194E-01  1.7692E-01 -6.2233E-01  3.8029E-02  2.9517E+00
 -9.5968E-01 -1.5497E-01  3.1743E-01  3.8029E-02  2.9517E+00
 -7.0752E-01 -9.1239E-02 -7.3271E-01  3.8029E-02  2.9517E+00
 -1.4254E-01 -1.3222E-01  1.0021E+00  3.7452E-02  3.0900E+00
  3.7353E-01 -6.2288E-02  9.4792E-01  3.7452E-02  3.0900E+00
 -1.2074E-01 -9.1405E-02  1.0095E+00  3.7452E-02  3.0900E+00
 -8.4145E-01  8.0366E-02 -5.7223E-01  3.7452E-02  3.0900E+00
 -9.9329E-01  1.0114E-01 -2.1236E-01  3.7452E-02  3.0900E+00
 -9.1275E-01  1.6716E-01 -4.2100E-01  3.6862E-02  3.2409E+00
  5.2927E-01  1.4364E-01  8.5880E-01  3.6862E-02  3.2409E+00
  4.8167E-01  4.6011E-02  8.9676E-01  3.6862E-02  3.2409E+00
  5.6961E-01  2.4277E-02 -8.4454E-01  3.6862E-02  3.2409E+00
 -7.3885E-01  5.5310E-02 -6.9953E-01  3.6862E-02  3.2409E+00
  9.8849E-01 -7.8543E-02 -2.2702E-01  3.6256E-02  3.4062E+00
  9.9523E-01  1.4628E-02 -2.1004E-01  3.6256E-02  3.4062E+00
 -9.9771E-01  1.1114E-01  1.6446E-01  3.6256E-02  3.4062E+00
  9.4745E-01  2.6650E-02 -3.6938E-01  3.6256E-02  3.4062E+00
  3.6097E-01  1.3421E-01 -9.3978E-01  3.5633E-02  3.5880E+00
  1.5876E-01 -2.7476E-02 -1.0028E+00  3.5633E-02  3.5880E+00
  9.3373E-01 -7.0572E-03  3.9950E-01  3.5633E-02  3.5880E+00
  4.9820E-01 -1.4267E-01 -8.7166E-01  3.4991E-02  3.7890E+00
  8.6759E-01  1.0995E-01 -5.1338E-01  3.4991E-02  3.7890E+00
  6.4869E-01 -8.0189E-02 -7.7533E-01  3.4991E-02  3.7890E+00
 -9.5897E-01  1.1975E-01  3.0723E-01  3.4991E-02  3.7890E+00
  9.6033E-01 -3.2205E-02 -3.1954E-01  3.4329E-02  4.0125E+00
  8.5144E-01 -1.3283E-01  5.3177E-01  3.4329E-02  4.0125E+00
 -6.7301E-01  6.9284E-02 -7.5155E-01  3.3644E-02  4.2626E+00
  1.1469E-01 -1.5449E-01 -9.9275E-01  3.3644E-02  4.2626E+00
  7.8003E-01 -1.5327E-01  6.2288E-01  3.2934E-02  4.5444E+00
 -6.3670E-01  1.0598E-01  7.7673E-01  3.2934E-02  4.5444E+00
  3.7039E-01  1.0407E-01 -9.3375E-01  3.2934E-02  4.5444E+00
  5.2173E-01 -1.6763E-01 -8.4831E-01  3.2934E-02  4.5444E+00
 -6.7681E-01 -1.0356E-01 -7.4238E-01  3.2934E-02  4.5444E+00
 -6.1057E-01 -1.3022E-01  7.9227E-01  3.2195E-02  4.8645E+00
  5.7340E-01  4.3698E-02  8.2870E-01  3.2195E-02  4.8645E+00
  8.2095E-01 -5.8522E-02 -5.8314E-01  3.2195E-02  4.8645E+00
  3.3092E-01  7.5823E-02 -9.4983E-01  3.2195E-02  4.8645E+00
 -8.3643E-02  1.8877E-02  1.0050E+00  3.2195E-02  4.8645E+00
  2.7126E-01 -1.7052E-01 -9.5644E-01  3.2195E-02  4.8645E+00
 -2.5241E-01 -9.8333E-02  9.7043E-01  3.1425E-02  5.2312E+00
  6.1244E-01 -2.0685E-02 -7.9975E-01  3.1425E-02  5.2312E+00
  1.6844E-01 -3.0411E-02 -9.9180E-01  3.0618E-02  5.6557E+00
  9.6039E-01 -6.8194E-02 -2.9322E-01  3.0618E-02  5.6557E+00
 -2.9194E-02 -2.5520E-03  1.0051E+00  2.9770E-02  6.1530E+00
 -3.9839E-01 -1.5198E-01 -9.1059E-01  2.9770E-02  6.1530E+00
  7.6484E-01 -1.7007E-01 -6.2870E-01  2.8874E-02  6.7438E+00
  7.6832E-01 -7.1275E-02  6.4325E-01  2.8874E-02  6.7438E+00
  9.8568E-01  1.7112E-01  9.1199E-02  2.8874E-02  6.7438E+00
  6.9323E-01  2.0769E-02 -7.2561E-01  2.7921E-02  7.4574E+00
  7.4600E-01  1.4393E-01 -6.5595E-01  2.7921E-02  7.4574E+00
  5.6693E-01  1.3882E-01  8.1659E-01  2.7921E-02  7.4574E+00
 -8.6307E-01  1.6073E-02  5.1076E-01  2.6903E-02  8.3369E+00
  8.3973E-01  1.6571E-01  5.2289E-01  2.6903E-02  8.3369E+00
 -6.2132E-01 -1.6198E-01  7.7055E-01  2.6903E-02  8.3369E+00
 -7.4319E-01  6.1558E-02  6.7075E-01  2.6903E-02  8.3369E+00
  9.2436E-01 -1.8065E-01 -3.4488E-01  2.6903E-02  8.3369E+00
  9.8874E-01  1.6386E-01  1.5356E-02  2.5804E-02  9.4481E+00
  9.6578E-01 -1.5223E-01  2.2089E-01  2.5804E-02  9.4481E+00
  4.3807E-02  1.6041E-01  9.8846E-01  2.5804E-02  9.4481E+00
 -2.1111E-01  8.7396E-02 -9.7536E-01  2.4606E-02  1.0897E+01
  9.4041E-01 -7.5033E-02 -3.3695E-01  2.4606E-02  1.0897E+01
  4.3248E-02  1.1002E-01 -9.9477E-01  2.4606E-02  1.0897E+01
 -9.6522E-01 -1.0300E-01 -2.4754E-01  2.4606E-02  1.0897E+01
 -3.3777E-01  1.1754E-01 -9.3575E-01  2.4606E-02  1.0897E+01
 -5.7573E-01  4.3277E-02 -8.1805E-01  2.3280E-02  1.2866E+01
 -3.7687E-01 -2.5704E-02  9.2728E-01  2.3280E-02  1.2866E+01
  2.5563E-01 -1.1004E-02 -9.6803E-01  2.3280E-02  1.2866E+01
 -6.1481E-01  1.3566E-01  7.7802E-01  2.1787E-02  1.5696E+01
  9.2357E-01  1.2404E-01  3.6515E-01  2.1787E-02  1.5696E+01
  6.5010E-02 -1.2956E-01 -9.9030E-01  2.1787E-02  1.5696E+01
 -2.4889E-01  7.2080E-02  9.6639E-01  2.0058E-02  2.0115E+01
 -9.9095E-01 -5.4162E-02  1.2499E-01  1.7969E-02  2.7981E+01
  8.5613E-01 -1.2010E-01  5.0315E-01  1.7969E-02  2.7981E+01
 -3.4895E-01 -1.8417E-01  9.1916E-01  1.7969E-02  2.7981E+01
  8.2680E-01 -1.6162E-01 -5.3927E-01  1.7969E-02  2.7981E+01
