0.32659200000001D+02       639
(x,y,z) position of the X-ray source
 -0.2256E+00  0.9346E-01  0.1783E+01
x | y | z | R | rho
 -6.3096E-01  3.9676E-01  9.8935E+00  3.2076E-01  4.9188E-03
  2.0703E-01 -2.8175E-01  9.9154E+00  3.2076E-01  4.9188E-03
  4.8419E-01  1.5607E-01  9.8233E+00  3.1887E-01  5.0067E-03
  1.6679E+00 -2.0853E-01  9.4946E+00  3.1454E-01  5.2164E-03
 -1.3696E+00 -2.3911E-01  8.5868E+00  2.9305E-01  6.4502E-03
  2.3166E-01  3.7556E-01  8.6632E+00  2.9249E-01  6.4873E-03
  8.5098E-01 -5.6800E-02  8.5840E+00  2.9137E-01  6.5624E-03
  1.3717E+00 -1.2443E-01  7.8330E+00  2.7550E-01  7.7633E-03
  1.2337E+00 -3.6190E-01  7.7393E+00  2.7291E-01  7.9860E-03
 -1.4202E+00  1.1328E-01  7.5445E+00  2.6887E-01  8.3516E-03
 -4.7246E-01  2.2824E-01  7.5881E+00  2.6713E-01  8.5158E-03
 -5.1101E-01  4.3467E-02  7.4573E+00  2.6393E-01  8.8293E-03
 -1.8250E+00  1.2205E-01  7.1738E+00  2.6218E-01  9.0076E-03
  1.5390E-01  1.4189E-01  7.3407E+00  2.6072E-01  9.1601E-03
  1.4191E+00 -6.3960E-02  7.1565E+00  2.5954E-01  9.2849E-03
  3.2794E-01  1.8679E-01  7.1196E+00  2.5542E-01  9.7418E-03
 -3.6309E-02  1.1356E-01  6.7490E+00  2.4590E-01  1.0918E-02
  4.0661E-01  2.2841E-01  6.6392E+00  2.4349E-01  1.1245E-02
 -2.0152E+00  1.2455E-01  6.1186E+00  2.3805E-01  1.2033E-02
 -1.4572E+00 -1.0958E-01  5.7921E+00  2.2579E-01  1.4101E-02
  1.4259E+00  5.6995E-03  5.6203E+00  2.2113E-01  1.5012E-02
 -1.3880E+00  2.1807E-01  5.5775E+00  2.1988E-01  1.5269E-02
 -1.8635E+00 -2.7250E-02  5.4168E+00  2.1926E-01  1.5400E-02
  3.9405E-01  1.6075E-01  5.6660E+00  2.1801E-01  1.5667E-02
 -1.8140E+00 -6.3906E-02  5.2491E+00  2.1455E-01  1.6437E-02
 -1.4772E+00 -1.6277E-02  5.0172E+00  2.0565E-01  1.8663E-02
 -1.9398E+00  2.4641E-01  4.6768E+00  2.0116E-01  1.9943E-02
  1.2720E+00  1.1945E-01  4.8343E+00  1.9922E-01  2.0531E-02
 -9.1954E-01 -2.2707E-01  4.7931E+00  1.9597E-01  2.1568E-02
 -1.2393E+00  1.5220E-01  4.6881E+00  1.9500E-01  2.1894E-02
  1.6860E+00 -4.8608E-02  4.2930E+00  1.8811E-01  2.4386E-02
  6.2241E-01 -7.6468E-02  4.4667E+00  1.8514E-01  2.5581E-02
  1.7557E+00  7.9008E-02  4.1050E+00  1.8381E-01  2.6139E-02
  9.6603E-02  3.4256E-02  4.4190E+00  1.8248E-01  2.6715E-02
  2.8311E-02  9.1139E-02  4.3066E+00  1.7914E-01  2.8237E-02
  1.6944E+00  1.8436E-01  3.9317E+00  1.7847E-01  2.8557E-02
  1.8537E+00 -8.5251E-02  3.8377E+00  1.7780E-01  2.8881E-02
 -1.8727E+00 -6.0777E-02  3.7040E+00  1.7443E-01  3.0586E-02
  5.8894E-01 -2.0502E-01  4.0023E+00  1.7139E-01  3.2247E-02
  4.3613E-01 -6.5830E-02  4.0265E+00  1.7139E-01  3.2247E-02
  1.5219E-01 -1.4024E-01  4.0341E+00  1.7105E-01  3.2439E-02
 -1.5193E+00 -1.4323E-01  3.6561E+00  1.6866E-01  3.3833E-02
 -8.0379E-02  6.5416E-02  3.9493E+00  1.6832E-01  3.4039E-02
 -5.0203E-01 -1.9886E-01  3.8131E+00  1.6524E-01  3.5979E-02
 -6.7219E-02  1.3022E-01  3.8043E+00  1.6387E-01  3.6891E-02
  1.5165E+00  1.3592E-01  3.4654E+00  1.6318E-01  3.7360E-02
 -5.6320E-02 -2.2076E-01  3.7562E+00  1.6249E-01  3.7837E-02
  1.5566E+00  1.8351E-01  3.3970E+00  1.6180E-01  3.8324E-02
  7.1355E-01 -1.0776E-01  3.6597E+00  1.6146E-01  3.8570E-02
  1.7939E+00  5.7669E-02  3.2200E+00  1.6007E-01  3.9579E-02
  1.2707E+00  2.1242E-01  3.4306E+00  1.5938E-01  4.0097E-02
 -1.2960E+00 -1.2238E-01  3.4138E+00  1.5903E-01  4.0360E-02
 -1.9235E+00  1.4819E-01  3.0125E+00  1.5660E-01  4.2270E-02
  9.2182E-01  7.3478E-04  3.4115E+00  1.5520E-01  4.3420E-02
  5.8057E-01 -2.3241E-01  3.4670E+00  1.5486E-01  4.3715E-02
 -7.5491E-01  1.0689E-01  3.3951E+00  1.5346E-01  4.4921E-02
  1.2181E+00 -1.1025E-01  3.1883E+00  1.5135E-01  4.6822E-02
 -1.7930E-01  1.3777E-01  3.3750E+00  1.5030E-01  4.7815E-02
 -2.1144E-01 -1.5349E-01  3.3616E+00  1.4994E-01  4.8153E-02
 -1.1657E+00 -1.0125E-01  3.1508E+00  1.4959E-01  4.8494E-02
 -1.8447E-01 -1.3614E-01  3.3317E+00  1.4889E-01  4.9186E-02
  1.6732E+00  8.2697E-02  2.8766E+00  1.4853E-01  4.9538E-02
 -1.8945E+00  9.5610E-02  2.7224E+00  1.4818E-01  4.9893E-02
 -1.1750E+00  2.1458E-01  3.0383E+00  1.4641E-01  5.1724E-02
 -1.0368E-01  1.8066E-01  3.2153E+00  1.4499E-01  5.3258E-02
  3.0355E-01 -1.9476E-01  3.1483E+00  1.4321E-01  5.5267E-02
  1.5879E+00  5.0231E-02  2.6682E+00  1.4107E-01  5.7823E-02
  3.2969E-01  2.2655E-01  3.0795E+00  1.4107E-01  5.7823E-02
 -1.8896E+00  6.4121E-02  2.4236E+00  1.4000E-01  5.9164E-02
 -5.7540E-02 -1.1664E-01  3.0710E+00  1.4000E-01  5.9164E-02
 -1.9258E+00  1.9322E-01  2.3472E+00  1.3892E-01  6.0548E-02
 -1.5631E+00  1.3387E-01  2.5820E+00  1.3820E-01  6.1497E-02
 -1.7385E+00  5.1724E-02  2.4576E+00  1.3784E-01  6.1979E-02
  1.7421E+00 -3.5784E-02  2.4425E+00  1.3748E-01  6.2467E-02
 -1.7951E+00  1.6793E-01  2.3851E+00  1.3712E-01  6.2960E-02
  1.4590E+00 -1.1741E-01  2.4750E+00  1.3315E-01  6.8763E-02
  2.5049E-01 -1.8138E-01  2.8587E+00  1.3315E-01  6.8763E-02
 -1.5698E+00 -2.0150E-01  2.3882E+00  1.3279E-01  6.9327E-02
  1.2589E+00  1.5765E-01  2.5342E+00  1.3170E-01  7.1060E-02
 -1.6979E+00 -1.7626E-01  2.2623E+00  1.3170E-01  7.1060E-02
 -3.0603E-01 -5.2258E-02  2.8066E+00  1.3134E-01  7.1651E-02
  9.6934E-01  4.2733E-02  2.6409E+00  1.3098E-01  7.2249E-02
  1.7001E+00  2.0987E-01  2.2189E+00  1.3061E-01  7.2853E-02
 -1.5031E+00  1.3093E-01  2.3503E+00  1.3025E-01  7.3466E-02
  1.1053E+00  5.5753E-02  2.5643E+00  1.3025E-01  7.3466E-02
 -1.7860E+00 -9.1218E-02  2.0916E+00  1.2879E-01  7.5987E-02
 -1.7871E+00  1.3674E-01  2.0747E+00  1.2843E-01  7.6636E-02
 -2.1502E-01 -1.0766E-01  2.7311E+00  1.2843E-01  7.6636E-02
 -1.2114E+00  1.0524E-01  2.4573E+00  1.2843E-01  7.6636E-02
  1.9310E+00  5.2458E-02  1.8585E+00  1.2623E-01  8.0699E-02
 -3.6218E-01  2.0236E-01  2.6483E+00  1.2623E-01  8.0699E-02
 -7.2279E-01  7.6832E-02  2.5276E+00  1.2440E-01  8.4318E-02
 -1.1778E+00  8.1801E-02  2.3501E+00  1.2440E-01  8.4318E-02
 -4.4547E-01  8.7247E-02  2.5803E+00  1.2403E-01  8.5069E-02
  1.8986E+00  1.7525E-01 -1.7525E+00  1.2293E-01  8.7378E-02
  1.7342E+00 -1.7270E-01 -1.8884E+00  1.2220E-01  8.8967E-02
  1.6646E+00 -1.3245E-02  1.8650E+00  1.1961E-01  9.4853E-02
  7.1862E-01 -1.4009E-01  2.3591E+00  1.1851E-01  9.7542E-02
  1.5777E+00 -1.1863E-02  1.8878E+00  1.1814E-01  9.8461E-02
 -1.8717E+00  2.6514E-02  1.5813E+00  1.1776E-01  9.9393E-02
 -1.7927E+00 -4.5537E-03  1.6269E+00  1.1665E-01  1.0226E-01
  1.5321E+00  1.3113E-01 -1.8571E+00  1.1628E-01  1.0324E-01
 -6.2943E-01  1.2869E-01  2.2630E+00  1.1405E-01  1.0942E-01
  1.8872E+00  9.6645E-02  1.4011E+00  1.1405E-01  1.0942E-01
 -9.2883E-01 -1.5542E-01  2.1028E+00  1.1219E-01  1.1496E-01
  1.5876E+00 -5.9395E-02  1.6554E+00  1.1182E-01  1.1612E-01
  1.8769E+00 -1.2848E-01 -1.3134E+00  1.1182E-01  1.1612E-01
 -1.5440E+00  1.0748E-01 -1.6938E+00  1.1182E-01  1.1612E-01
 -1.6068E+00 -1.2806E-01 -1.6058E+00  1.1107E-01  1.1847E-01
  1.1896E+00  1.4679E-01  1.9113E+00  1.1032E-01  1.2090E-01
  1.0718E+00 -5.6774E-02  1.9518E+00  1.0920E-01  1.2466E-01
  6.0624E-01 -7.4974E-02  2.0829E+00  1.0695E-01  1.3269E-01
 -1.5874E+00 -1.5884E-01 -1.4580E+00  1.0658E-01  1.3410E-01
 -7.8423E-01 -2.4319E-02  2.0138E+00  1.0658E-01  1.3410E-01
 -1.2925E+00  4.8841E-02 -1.7080E+00  1.0582E-01  1.3698E-01
  1.0688E+00 -2.0615E-02 -1.8567E+00  1.0582E-01  1.3698E-01
 -1.2160E+00  3.9111E-02 -1.7635E+00  1.0582E-01  1.3698E-01
  1.1100E+00 -1.9798E-01  1.8108E+00  1.0545E-01  1.3845E-01
  1.2521E+00  3.2677E-02 -1.7152E+00  1.0507E-01  1.3994E-01
  1.7352E+00  1.0219E-01 -1.1876E+00  1.0432E-01  1.4299E-01
  7.4239E-02 -4.2823E-02  2.1034E+00  1.0432E-01  1.4299E-01
  1.9025E+00  1.3769E-01  8.6863E-01  1.0394E-01  1.4454E-01
 -1.5469E+00 -2.8484E-02  1.3864E+00  1.0319E-01  1.4773E-01
 -1.8414E+00  1.2867E-01 -9.5315E-01  1.0319E-01  1.4773E-01
  1.0337E+00 -7.5824E-02 -1.7898E+00  1.0281E-01  1.4936E-01
 -1.5008E+00  1.3155E-01 -1.4169E+00  1.0281E-01  1.4936E-01
 -1.6106E+00  1.2046E-01  1.2918E+00  1.0281E-01  1.4936E-01
  1.0360E+00  3.1134E-02 -1.7685E+00  1.0206E-01  1.5269E-01
  1.5048E+00 -1.6509E-01  1.3547E+00  1.0131E-01  1.5613E-01
  9.7496E-01 -5.1860E-02 -1.7815E+00  1.0131E-01  1.5613E-01
  2.4663E-01 -1.0178E-01  2.0139E+00  1.0131E-01  1.5613E-01
  1.1766E+00 -1.8898E-01  1.6340E+00  1.0093E-01  1.5789E-01
  7.0736E-01  9.0466E-02 -1.8925E+00  1.0093E-01  1.5789E-01
 -1.8752E+00 -1.0691E-01 -7.4977E-01  1.0093E-01  1.5789E-01
 -1.2108E+00 -5.4157E-03  1.6084E+00  1.0055E-01  1.5967E-01
 -1.8722E+00  6.8795E-02 -6.8618E-01  9.9797E-02  1.6332E-01
  1.8071E+00  1.5385E-01  8.3143E-01  9.9797E-02  1.6332E-01
  9.5537E-01 -1.1353E-01 -1.7375E+00  9.9419E-02  1.6519E-01
  5.2150E-01  5.1371E-02  1.9064E+00  9.9041E-02  1.6709E-01
  1.6463E+00 -4.6086E-02  1.0775E+00  9.8663E-02  1.6902E-01
  5.0058E-01  2.7667E-02 -1.9031E+00  9.8663E-02  1.6902E-01
  1.7917E+00 -7.6990E-02  8.1066E-01  9.8663E-02  1.6902E-01
 -1.8798E+00  1.8980E-02  5.5127E-01  9.8285E-02  1.7098E-01
  1.0796E+00 -9.3642E-02  1.6213E+00  9.7907E-02  1.7297E-01
  1.5460E+00  1.5824E-01  1.1632E+00  9.7529E-02  1.7499E-01
  1.5224E+00  6.4957E-02 -1.1881E+00  9.7150E-02  1.7704E-01
  9.0838E-01 -8.9902E-02 -1.7031E+00  9.7150E-02  1.7704E-01
 -5.8298E-01  9.0581E-03  1.8422E+00  9.7150E-02  1.7704E-01
  1.5702E+00  6.2747E-02  1.1090E+00  9.6772E-02  1.7912E-01
  4.8361E-01 -4.2239E-02  1.8520E+00  9.6393E-02  1.8124E-01
 -1.7100E+00 -1.2679E-01 -8.1102E-01  9.5636E-02  1.8558E-01
 -1.4834E+00  8.4697E-02  1.1649E+00  9.5257E-02  1.8781E-01
  3.7381E-01 -1.2292E-01  1.8466E+00  9.5257E-02  1.8781E-01
 -1.7427E+00  7.9089E-02 -7.2209E-01  9.5257E-02  1.8781E-01
  1.8618E+00  1.8829E-02  3.1293E-01  9.5257E-02  1.8781E-01
  1.0158E+00 -1.2632E-01 -1.5865E+00  9.5257E-02  1.8781E-01
  9.5083E-01 -9.0196E-02  1.6185E+00  9.4878E-02  1.9007E-01
 -1.2473E+00  1.4830E-01  1.3860E+00  9.4499E-02  1.9236E-01
 -6.0949E-01 -1.6611E-01 -1.7606E+00  9.4499E-02  1.9236E-01
 -8.5709E-01  6.8363E-02  1.6612E+00  9.4499E-02  1.9236E-01
  1.1380E+00  9.8431E-02 -1.4813E+00  9.4499E-02  1.9236E-01
 -1.0991E-02 -1.4253E-01  1.8563E+00  9.4120E-02  1.9470E-01
  9.0064E-01  5.0787E-02 -1.6286E+00  9.4120E-02  1.9470E-01
  1.4595E+00  2.0229E-02  1.1558E+00  9.4120E-02  1.9470E-01
 -1.7920E+00 -4.7502E-02 -4.6949E-01  9.3741E-02  1.9707E-01
 -1.7772E+00 -1.3808E-01 -5.0619E-01  9.3741E-02  1.9707E-01
 -1.0033E+00 -7.2320E-02  1.5356E+00  9.2982E-02  2.0193E-01
  1.4767E+00  1.2667E-01 -1.0832E+00  9.2982E-02  2.0193E-01
 -1.6438E+00  1.0269E-01  7.9101E-01  9.2603E-02  2.0443E-01
 -1.6471E+00  1.0273E-01  7.8416E-01  9.2603E-02  2.0443E-01
 -1.2749E+00 -9.4068E-02 -1.2933E+00  9.2223E-02  2.0696E-01
  8.3243E-01  1.7195E-01 -1.6076E+00  9.2223E-02  2.0696E-01
  6.2315E-01 -1.1564E-01  1.7045E+00  9.2223E-02  2.0696E-01
 -5.5926E-02 -8.7985E-02  1.8069E+00  9.1844E-02  2.0954E-01
  1.4620E+00  3.9543E-02  1.0661E+00  9.1844E-02  2.0954E-01
  1.1444E+00 -3.8204E-02 -1.3905E+00  9.1464E-02  2.1216E-01
  8.1854E-01 -1.0023E-01 -1.6015E+00  9.1464E-02  2.1216E-01
  1.2319E-01  1.4093E-01  1.7830E+00  9.1084E-02  2.1482E-01
  9.1127E-01  4.1897E-02 -1.5434E+00  9.1084E-02  2.1482E-01
 -1.7205E+00  5.2049E-03  4.7270E-01  9.0704E-02  2.1753E-01
  1.3095E+00  8.4164E-03 -1.2120E+00  9.0704E-02  2.1753E-01
  1.1091E+00 -6.3532E-02 -1.3962E+00  9.0704E-02  2.1753E-01
 -1.1153E+00  1.5396E-01  1.3732E+00  9.0325E-02  2.2029E-01
 -1.1058E+00 -4.5351E-02  1.3888E+00  9.0325E-02  2.2029E-01
 -9.4828E-01  3.6094E-02 -1.5010E+00  9.0325E-02  2.2029E-01
  1.5744E+00 -5.2089E-02  8.1971E-01  9.0325E-02  2.2029E-01
  1.1559E+00  1.3013E-01  1.3306E+00  8.9945E-02  2.2309E-01
  1.0878E+00 -1.8470E-01  1.3806E+00  8.9945E-02  2.2309E-01
  1.0613E+00  1.6762E-01 -1.3926E+00  8.9565E-02  2.2594E-01
  4.8752E-01 -1.0197E-01 -1.6869E+00  8.9565E-02  2.2594E-01
 -7.7572E-01 -3.4573E-02 -1.5782E+00  8.9565E-02  2.2594E-01
 -1.7484E+00  8.0197E-02 -3.1577E-02  8.9185E-02  2.2884E-01
 -4.7913E-01 -9.7583E-02 -1.6808E+00  8.9185E-02  2.2884E-01
  3.3789E-01 -1.1187E-01 -1.7139E+00  8.9185E-02  2.2884E-01
 -8.9225E-01 -5.2093E-02  1.5051E+00  8.9185E-02  2.2884E-01
  1.4978E+00  1.5000E-01  8.7701E-01  8.8805E-02  2.3179E-01
 -1.4264E+00 -1.4972E-01 -9.8887E-01  8.8805E-02  2.3179E-01
  7.0405E-01  1.5206E-01  1.5862E+00  8.8805E-02  2.3179E-01
 -1.1989E+00 -1.0159E-02  1.2524E+00  8.8425E-02  2.3479E-01
 -1.4651E+00 -8.3762E-02  9.2320E-01  8.8425E-02  2.3479E-01
  6.1064E-01  1.4096E-01  1.6076E+00  8.8044E-02  2.3785E-01
 -1.7066E+00 -4.2379E-02  2.5069E-01  8.8044E-02  2.3785E-01
 -1.5839E-01  7.9295E-02  1.7163E+00  8.8044E-02  2.3785E-01
  1.3077E+00 -6.0654E-02 -1.1241E+00  8.8044E-02  2.3785E-01
 -5.2669E-01 -6.2042E-02  1.6332E+00  8.7664E-02  2.4095E-01
  1.4233E+00  1.7110E-02 -9.6048E-01  8.7664E-02  2.4095E-01
 -1.7054E+00 -4.9244E-02  1.9416E-01  8.7664E-02  2.4095E-01
  1.3481E+00 -7.0210E-03  1.0502E+00  8.7284E-02  2.4412E-01
 -1.6247E+00 -6.1527E-02  4.9856E-01  8.6904E-02  2.4734E-01
  7.4938E-02 -1.2937E-01 -1.6858E+00  8.6524E-02  2.5061E-01
 -1.2136E+00  4.7950E-02 -1.1787E+00  8.6524E-02  2.5061E-01
  1.3574E+00 -1.4645E-01 -1.0001E+00  8.6524E-02  2.5061E-01
  1.4542E+00  1.0043E-01  8.4370E-01  8.6143E-02  2.5395E-01
 -9.3273E-02 -3.5220E-02  1.6813E+00  8.6143E-02  2.5395E-01
  1.5009E-01 -1.1418E-01 -1.6654E+00  8.5763E-02  2.5734E-01
  3.8046E-01 -1.2683E-01  1.6274E+00  8.5763E-02  2.5734E-01
  1.1244E+00 -1.2832E-02 -1.2429E+00  8.5763E-02  2.5734E-01
  1.0072E+00  1.5852E-01 -1.3303E+00  8.5763E-02  2.5734E-01
  1.1409E+00  2.2981E-02  1.2165E+00  8.5382E-02  2.6079E-01
  1.0549E+00  4.2439E-02 -1.2913E+00  8.5382E-02  2.6079E-01
 -8.7580E-01 -1.2226E-02  1.4099E+00  8.5002E-02  2.6431E-01
 -3.8359E-01  1.7333E-01  1.5973E+00  8.4622E-02  2.6789E-01
  1.1540E+00 -3.0604E-03 -1.1705E+00  8.4241E-02  2.7154E-01
  1.4813E+00 -7.7852E-03  6.9372E-01  8.3861E-02  2.7525E-01
 -7.9815E-02 -1.3425E-01 -1.6283E+00  8.3861E-02  2.7525E-01
 -1.3270E+00 -7.1419E-02 -9.3998E-01  8.3480E-02  2.7903E-01
 -1.5974E+00  1.4494E-01  2.7749E-01  8.3480E-02  2.7903E-01
 -1.6195E+00 -2.7633E-03  3.1041E-02  8.3100E-02  2.8288E-01
  7.1360E-01 -1.8148E-01 -1.4339E+00  8.2719E-02  2.8681E-01
  1.4492E+00  7.1193E-02 -7.0207E-01  8.2719E-02  2.8681E-01
 -1.2340E+00 -1.2710E-01  1.0169E+00  8.2338E-02  2.9080E-01
  7.9219E-01 -1.7857E-01  1.3742E+00  8.1958E-02  2.9487E-01
 -1.4293E+00 -7.1924E-02 -6.5258E-01  8.0816E-02  3.0755E-01
 -1.4848E+00 -6.3957E-03  5.1872E-01  8.0816E-02  3.0755E-01
 -1.4890E+00  4.4880E-02  5.0470E-01  8.0816E-02  3.0755E-01
 -1.5639E+00  1.4667E-01 -8.1610E-02  8.0816E-02  3.0755E-01
 -4.1532E-01  8.7854E-02  1.5064E+00  8.0435E-02  3.1193E-01
  1.1930E-01  1.4790E-01 -1.5535E+00  8.0435E-02  3.1193E-01
 -9.7201E-01  1.2488E-01  1.2203E+00  8.0435E-02  3.1193E-01
  1.5005E+00  1.8409E-01 -3.7448E-01  8.0055E-02  3.1640E-01
 -3.0649E-01  7.1146E-02 -1.5253E+00  8.0055E-02  3.1640E-01
  1.5470E+00 -1.5395E-01  9.3628E-02  8.0055E-02  3.1640E-01
 -1.5420E+00 -4.1756E-02  1.4902E-01  7.9674E-02  3.2096E-01
 -1.3053E-01 -1.0178E-01  1.5409E+00  7.9674E-02  3.2096E-01
 -2.9847E-01 -1.2004E-01  1.5160E+00  7.9674E-02  3.2096E-01
  6.8944E-01 -1.2062E-01  1.3742E+00  7.9293E-02  3.2561E-01
 -1.0032E-01 -9.6080E-03 -1.5389E+00  7.9293E-02  3.2561E-01
 -6.5543E-01 -4.7508E-02 -1.3951E+00  7.9293E-02  3.2561E-01
  1.0428E+00 -1.6712E-02 -1.1257E+00  7.8913E-02  3.3034E-01
 -1.5231E+00 -1.3084E-01 -1.3412E-01  7.8913E-02  3.3034E-01
  4.2988E-01  1.2192E-01 -1.4681E+00  7.8913E-02  3.3034E-01
 -1.4522E+00 -1.9358E-02  4.7185E-01  7.8532E-02  3.3517E-01
  7.2365E-01  1.0398E-01  1.3406E+00  7.8532E-02  3.3517E-01
  4.1244E-01 -5.4968E-02  1.4614E+00  7.8152E-02  3.4009E-01
  8.5974E-01  8.1400E-03 -1.2438E+00  7.7771E-02  3.4511E-01
 -1.8455E-01  1.4723E-01  1.4860E+00  7.7390E-02  3.5022E-01
 -3.9499E-01 -6.2553E-02  1.4505E+00  7.7390E-02  3.5022E-01
 -1.1393E+00  1.0783E-01 -9.6543E-01  7.7010E-02  3.5544E-01
  3.9313E-01  1.6780E-02 -1.4446E+00  7.7010E-02  3.5544E-01
 -1.4259E+00 -4.4099E-02  4.2944E-01  7.6629E-02  3.6076E-01
 -1.4077E+00 -2.4404E-02  4.8716E-01  7.6629E-02  3.6076E-01
 -1.1921E+00 -4.8725E-02  8.9220E-01  7.6629E-02  3.6076E-01
  1.0953E+00 -1.8381E-01 -9.9304E-01  7.6629E-02  3.6076E-01
 -1.4752E+00 -1.4402E-01 -3.1291E-02  7.6248E-02  3.6619E-01
  1.3017E+00  1.9424E-02  7.0927E-01  7.6248E-02  3.6619E-01
  2.0011E-01  1.5877E-02  1.4615E+00  7.5868E-02  3.7173E-01
  1.5543E-01  1.6480E-01 -1.4577E+00  7.5868E-02  3.7173E-01
 -1.1745E+00  2.6451E-02  8.8014E-01  7.5487E-02  3.7739E-01
 -1.1035E+00  1.7873E-01  9.5147E-01  7.5487E-02  3.7739E-01
  8.1614E-01 -8.2432E-02  1.2174E+00  7.5487E-02  3.7739E-01
  1.4607E+00  5.9753E-02 -1.3272E-01  7.5487E-02  3.7739E-01
 -7.2567E-01  1.6139E-02 -1.2759E+00  7.5487E-02  3.7739E-01
  1.2064E+00  2.6353E-02 -8.2312E-01  7.5106E-02  3.8315E-01
  7.1155E-01 -5.2515E-03  1.2757E+00  7.5106E-02  3.8315E-01
  5.0480E-01  1.1470E-01 -1.3659E+00  7.5106E-02  3.8315E-01
  1.4299E+00 -1.4783E-01 -2.1556E-01  7.4726E-02  3.8904E-01
 -9.6211E-01  1.1091E-01  1.0839E+00  7.4726E-02  3.8904E-01
 -1.0604E+00 -6.4517E-02  9.8155E-01  7.4345E-02  3.9504E-01
  2.4552E-01  1.7276E-01  1.4149E+00  7.4345E-02  3.9504E-01
  2.3233E-01 -1.4958E-01  1.4198E+00  7.4345E-02  3.9504E-01
  8.4302E-02 -1.5859E-01  1.4352E+00  7.4345E-02  3.9504E-01
  7.9951E-01 -1.2933E-01 -1.1898E+00  7.3965E-02  4.0117E-01
  1.1752E+00 -5.7138E-02 -8.2896E-01  7.3965E-02  4.0117E-01
  1.4135E+00  5.2585E-02  2.6620E-01  7.3965E-02  4.0117E-01
  1.5848E-01  7.4969E-02  1.4215E+00  7.3584E-02  4.0743E-01
  9.3922E-01  2.2157E-02  1.0811E+00  7.3584E-02  4.0743E-01
  1.1883E+00  1.5599E-01  7.8424E-01  7.3584E-02  4.0743E-01
  1.1601E+00  1.4998E-01 -8.2645E-01  7.3584E-02  4.0743E-01
  1.4130E+00  8.9538E-02  1.6298E-01  7.3203E-02  4.1382E-01
  1.4243E+00 -4.9752E-02  1.3236E-02  7.3203E-02  4.1382E-01
  1.1030E+00 -5.6692E-02 -9.0079E-01  7.3203E-02  4.1382E-01
  1.0033E+00  1.7640E-01 -9.9672E-01  7.3203E-02  4.1382E-01
  1.3134E+00  1.1004E-01 -5.4229E-01  7.3203E-02  4.1382E-01
  1.2009E+00 -5.6205E-02  7.5236E-01  7.2822E-02  4.2035E-01
 -1.4072E+00  1.5071E-01 -9.1662E-02  7.2822E-02  4.2035E-01
  5.3670E-01  6.6830E-03 -1.3128E+00  7.2822E-02  4.2035E-01
 -1.8128E-01 -1.6031E-02 -1.3995E+00  7.2442E-02  4.2701E-01
 -1.1316E+00 -9.3231E-02 -8.3821E-01  7.2442E-02  4.2701E-01
 -6.1914E-01  7.6136E-02  1.2660E+00  7.2442E-02  4.2701E-01
 -9.8947E-01 -1.5263E-01  9.9471E-01  7.2442E-02  4.2701E-01
  3.0344E-01  1.3934E-01  1.3712E+00  7.2442E-02  4.2701E-01
  7.8767E-01 -1.4263E-01  1.1539E+00  7.2061E-02  4.3381E-01
  1.8959E-01  1.8217E-01  1.3796E+00  7.2061E-02  4.3381E-01
 -1.6881E-01  7.2084E-02 -1.3924E+00  7.2061E-02  4.3381E-01
 -1.3189E+00 -1.4084E-01 -4.6141E-01  7.2061E-02  4.3381E-01
 -8.0621E-02  1.0098E-01  1.3984E+00  7.2061E-02  4.3381E-01
 -8.7348E-01 -4.1502E-02 -1.0902E+00  7.1680E-02  4.4076E-01
 -1.0041E+00  1.7651E-01  9.5596E-01  7.1680E-02  4.4076E-01
 -9.8700E-01  8.0771E-03 -9.8939E-01  7.1680E-02  4.4076E-01
  3.1880E-02  2.2926E-02 -1.3902E+00  7.1300E-02  4.4786E-01
  9.7698E-01 -1.8960E-02 -9.8959E-01  7.1300E-02  4.4786E-01
  1.3518E+00 -2.5046E-02  3.2588E-01  7.1300E-02  4.4786E-01
 -1.2183E+00  1.4243E-01  6.5553E-01  7.1300E-02  4.4786E-01
  1.0168E+00 -8.1214E-02  9.3532E-01  7.0919E-02  4.5511E-01
 -6.2621E-01 -6.3284E-02 -1.2250E+00  7.0538E-02  4.6253E-01
  1.0659E+00  1.2977E-01  8.6237E-01  7.0538E-02  4.6253E-01
 -1.3565E+00  6.3534E-02  2.2960E-01  7.0538E-02  4.6253E-01
 -1.3604E+00  1.6471E-02  1.6526E-01  7.0157E-02  4.7010E-01
 -1.0297E-02 -6.9420E-02 -1.3687E+00  7.0157E-02  4.7010E-01
 -1.3590E+00 -6.5577E-02  9.4828E-02  6.9776E-02  4.7784E-01
 -1.0355E+00  1.7345E-01 -8.6018E-01  6.9395E-02  4.8575E-01
  7.4969E-01 -5.5630E-03 -1.1315E+00  6.9395E-02  4.8575E-01
 -3.9392E-01  1.1177E-01  1.2872E+00  6.9014E-02  4.9384E-01
  1.2731E+00  9.5035E-02  4.4126E-01  6.9014E-02  4.9384E-01
  2.0345E-01 -3.2332E-02 -1.3284E+00  6.8633E-02  5.0211E-01
 -5.0595E-01 -1.1097E-01  1.2404E+00  6.8633E-02  5.0211E-01
  1.0470E-02  3.5865E-03  1.3442E+00  6.8633E-02  5.0211E-01
  1.0746E+00 -1.5165E-01  7.9320E-01  6.8633E-02  5.0211E-01
 -1.1396E+00 -5.7402E-02 -7.1067E-01  6.8633E-02  5.0211E-01
 -9.5494E-01 -2.4637E-02  9.3655E-01  6.8252E-02  5.1057E-01
  9.0924E-01 -1.2509E-02 -9.8121E-01  6.8252E-02  5.1057E-01
  1.0382E-01 -1.1082E-01  1.3227E+00  6.7871E-02  5.1923E-01
 -9.7624E-01 -2.7838E-02  9.0482E-01  6.7871E-02  5.1923E-01
 -8.5810E-01  1.7806E-01 -1.0022E+00  6.7871E-02  5.1923E-01
  1.1872E+00  1.2685E-01  5.7440E-01  6.7489E-02  5.2808E-01
 -7.9491E-02  2.0353E-02 -1.3224E+00  6.7489E-02  5.2808E-01
 -1.3098E+00 -1.4968E-01  1.3239E-01  6.7489E-02  5.2808E-01
  1.0575E+00  1.8393E-01  7.7681E-01  6.7489E-02  5.2808E-01
  1.0603E+00  2.1931E-02  7.9425E-01  6.7489E-02  5.2808E-01
  6.1750E-01 -1.1481E-03 -1.1651E+00  6.7108E-02  5.3713E-01
 -1.2229E+00  5.7343E-02  4.8998E-01  6.7108E-02  5.3713E-01
 -7.1049E-01  2.8796E-02 -1.1105E+00  6.7108E-02  5.3713E-01
 -1.7173E-01 -3.6664E-02 -1.3069E+00  6.7108E-02  5.3713E-01
 -6.5303E-01  1.1737E-01 -1.1396E+00  6.7108E-02  5.3713E-01
  6.3029E-01 -2.9748E-02  1.1579E+00  6.7108E-02  5.3713E-01
  9.3708E-01 -1.0123E-01 -9.1323E-01  6.6726E-02  5.4640E-01
  1.3031E+00 -9.5698E-02 -1.2309E-01  6.6726E-02  5.4640E-01
  3.9728E-02  3.2556E-02  1.3051E+00  6.6345E-02  5.5588E-01
  6.8328E-01  1.7144E-01  1.0999E+00  6.6345E-02  5.5588E-01
 -1.2748E+00 -1.1694E-03  2.8433E-01  6.6345E-02  5.5588E-01
 -1.0704E+00  2.4659E-02  7.2639E-01  6.5581E-02  5.7553E-01
  1.2756E+00 -1.7198E-01 -1.3113E-01  6.5581E-02  5.7553E-01
  1.1206E+00 -8.9836E-02  6.4041E-01  6.5581E-02  5.7553E-01
  1.0046E+00 -1.3379E-01  7.9447E-01  6.5199E-02  5.8571E-01
 -7.4418E-01 -1.5939E-01  1.0388E+00  6.5199E-02  5.8571E-01
  1.1424E+00 -4.9731E-02  5.9221E-01  6.5199E-02  5.8571E-01
 -1.2619E+00 -1.3740E-01  1.7788E-01  6.4817E-02  5.9614E-01
  8.6942E-02 -2.0324E-03 -1.2788E+00  6.4817E-02  5.9614E-01
 -2.1565E-01 -1.6063E-01 -1.2532E+00  6.4817E-02  5.9614E-01
 -2.7532E-01  8.9887E-02  1.2486E+00  6.4817E-02  5.9614E-01
 -1.2316E+00 -6.4409E-02 -3.4921E-01  6.4817E-02  5.9614E-01
  1.2459E+00 -1.4209E-01 -2.3459E-01  6.4434E-02  6.0681E-01
  1.1745E+00  7.5600E-02 -4.7664E-01  6.4051E-02  6.1776E-01
  1.1834E+00  1.6083E-01  4.3134E-01  6.4051E-02  6.1776E-01
 -1.2534E+00  1.6091E-01 -1.2463E-01  6.4051E-02  6.1776E-01
 -3.3134E-01 -1.5241E-01  1.2163E+00  6.4051E-02  6.1776E-01
 -6.0447E-01  1.0723E-02  1.1100E+00  6.3669E-02  6.2897E-01
 -7.9118E-01  7.9397E-02 -9.8246E-01  6.3669E-02  6.2897E-01
 -1.0880E+00 -1.5915E-01 -6.1131E-01  6.3285E-02  6.4046E-01
  6.9514E-01  1.3249E-01  1.0402E+00  6.3285E-02  6.4046E-01
  1.0934E+00  1.7215E-01 -5.8581E-01  6.2902E-02  6.5224E-01
 -1.7295E-01 -6.7740E-02 -1.2327E+00  6.2518E-02  6.6433E-01
  5.8928E-02  7.5180E-02 -1.2429E+00  6.2518E-02  6.6433E-01
  6.2226E-01 -6.7942E-02  1.0715E+00  6.2134E-02  6.7672E-01
 -9.6772E-01  1.8403E-01  7.5466E-01  6.2134E-02  6.7672E-01
  8.6017E-01  2.9705E-02  8.9392E-01  6.2134E-02  6.7672E-01
  1.1834E+00 -4.5896E-02 -3.7043E-01  6.2134E-02  6.7672E-01
 -1.0641E+00  1.5303E-01  5.9715E-01  6.1365E-02  7.0248E-01
  1.0569E+00 -1.5025E-01 -5.9927E-01  6.0980E-02  7.1587E-01
  2.3834E-01 -1.7571E-01  1.1879E+00  6.0980E-02  7.1587E-01
 -1.0754E+00 -1.1188E-01 -5.7422E-01  6.0980E-02  7.1587E-01
  1.1946E+00 -1.8024E-01  1.6094E-01  6.0595E-02  7.2962E-01
 -2.3709E-01 -4.4262E-02 -1.1947E+00  6.0595E-02  7.2962E-01
 -2.1399E-01 -1.8446E-01 -1.1800E+00  6.0209E-02  7.4374E-01
  1.1070E+00 -1.5033E-02  4.9662E-01  6.0209E-02  7.4374E-01
  1.1850E+00  3.1007E-02  2.5898E-01  6.0209E-02  7.4374E-01
  1.0924E+00  4.2567E-02  5.2646E-01  6.0209E-02  7.4374E-01
 -8.1301E-01 -1.6999E-01 -8.8450E-01  6.0209E-02  7.4374E-01
  7.9161E-01 -1.6096E-01 -8.9817E-01  5.9822E-02  7.5825E-01
  5.4323E-02  1.8628E-01  1.1923E+00  5.9822E-02  7.5825E-01
  1.0422E+00  1.3777E-01  5.9503E-01  5.9822E-02  7.5825E-01
  3.2275E-02  6.2887E-02  1.2006E+00  5.9436E-02  7.7315E-01
  6.5833E-01  1.4898E-01  9.8912E-01  5.9048E-02  7.8847E-01
 -1.1956E+00  2.7071E-02  6.0761E-02  5.9048E-02  7.8847E-01
 -4.5332E-01  9.8928E-02  1.1039E+00  5.9048E-02  7.8847E-01
 -9.9082E-01 -2.3172E-02  6.6281E-01  5.8660E-02  8.0422E-01
 -4.0210E-01  5.8205E-02  1.1209E+00  5.8660E-02  8.0422E-01
  4.3225E-01 -1.7865E-01  1.0967E+00  5.8660E-02  8.0422E-01
 -1.1678E+00  1.0751E-01 -2.1510E-01  5.8660E-02  8.0422E-01
 -6.7415E-01 -9.4646E-02  9.7261E-01  5.8271E-02  8.2042E-01
 -1.1770E+00  3.1945E-02 -1.5147E-01  5.8271E-02  8.2042E-01
  1.1780E+00 -1.4594E-01 -1.7762E-02  5.8271E-02  8.2042E-01
 -8.0759E-01  8.3700E-02 -8.6614E-01  5.8271E-02  8.2042E-01
  1.0837E+00 -1.6646E-01  4.4191E-01  5.7882E-02  8.3709E-01
  4.5342E-01  1.7175E-01  1.0781E+00  5.7882E-02  8.3709E-01
 -5.5462E-01  1.6286E-01 -1.0312E+00  5.7882E-02  8.3709E-01
  1.0523E+00 -1.8430E-01  4.9425E-01  5.7492E-02  8.5424E-01
 -8.8559E-01 -2.3592E-02  7.7510E-01  5.7492E-02  8.5424E-01
  1.1525E+00 -1.6184E-02  2.1338E-01  5.7101E-02  8.7190E-01
  7.5434E-01 -8.1988E-02  8.9345E-01  5.7101E-02  8.7190E-01
 -1.0277E+00 -1.2560E-01 -5.4963E-01  5.7101E-02  8.7190E-01
 -8.7040E-01 -1.4186E-01  7.7219E-01  5.7101E-02  8.7190E-01
 -1.1348E+00 -1.2519E-01  2.4332E-01  5.6710E-02  8.9009E-01
  3.2050E-01  1.1151E-01  1.1169E+00  5.6710E-02  8.9009E-01
 -9.3476E-01  1.4584E-01 -6.7550E-01  5.6317E-02  9.0882E-01
  1.1555E+00  3.1857E-02  1.2276E-01  5.6317E-02  9.0882E-01
 -8.2673E-01 -5.1060E-02 -8.0884E-01  5.5924E-02  9.2814E-01
  6.5804E-01 -8.6771E-02 -9.4281E-01  5.5530E-02  9.4805E-01
  3.7476E-02 -1.5642E-01 -1.1371E+00  5.5134E-02  9.6859E-01
 -1.0077E+00  6.0247E-02 -5.4749E-01  5.5134E-02  9.6859E-01
  1.1134E+00 -3.0066E-02  2.6009E-01  5.4738E-02  9.8980E-01
 -9.0840E-01  1.7385E-01 -6.7295E-01  5.4738E-02  9.8980E-01
 -1.0821E+00  6.1008E-02  3.5111E-01  5.4340E-02  1.0117E+00
  4.0541E-01 -8.5351E-02 -1.0613E+00  5.4340E-02  1.0117E+00
  6.5474E-01  1.6744E-01  9.1167E-01  5.3941E-02  1.0343E+00
 -5.1795E-02 -1.4130E-01 -1.1248E+00  5.3941E-02  1.0343E+00
 -1.0182E+00  1.5684E-01 -4.7603E-01  5.3941E-02  1.0343E+00
  1.1082E+00  1.8320E-01  1.2706E-01  5.3541E-02  1.0577E+00
  1.1255E-01  1.0449E-01 -1.1156E+00  5.3139E-02  1.0818E+00
 -5.8636E-01 -1.6412E-01 -9.4732E-01  5.3139E-02  1.0818E+00
  6.2556E-01 -9.3714E-02  9.3170E-01  5.3139E-02  1.0818E+00
  5.3810E-01  1.8511E-01 -9.7177E-01  5.3139E-02  1.0818E+00
 -9.2886E-01  7.2210E-02  6.3259E-01  5.3139E-02  1.0818E+00
 -3.4294E-01  7.7434E-02  1.0654E+00  5.2736E-02  1.1068E+00
  1.0993E+00 -1.7422E-01  1.4101E-01  5.2736E-02  1.1068E+00
  1.0187E+00  1.3065E-01 -4.4085E-01  5.2331E-02  1.1327E+00
  8.4294E-02  1.6675E-01  1.1020E+00  5.2331E-02  1.1327E+00
 -1.0682E+00 -6.3619E-02  3.2260E-01  5.2331E-02  1.1327E+00
 -1.0207E+00 -8.2882E-02  4.4785E-01  5.2331E-02  1.1327E+00
  9.5181E-01 -1.1216E-01  5.7505E-01  5.2331E-02  1.1327E+00
 -3.7628E-01  1.7139E-01 -1.0339E+00  5.1925E-02  1.1595E+00
 -2.2137E-01 -6.9720E-02  1.0891E+00  5.1925E-02  1.1595E+00
  1.6061E-01  6.9357E-02 -1.0997E+00  5.1925E-02  1.1595E+00
  8.4648E-01  8.3768E-03  7.2347E-01  5.1925E-02  1.1595E+00
 -1.1065E+00  1.0164E-02  1.2460E-01  5.1925E-02  1.1595E+00
 -1.5147E-01 -2.1688E-02 -1.0989E+00  5.1516E-02  1.1873E+00
 -8.4206E-01 -1.1218E-01 -7.1367E-01  5.1516E-02  1.1873E+00
  2.2210E-01  1.1217E-01  1.0771E+00  5.1106E-02  1.2161E+00
  8.9937E-01  4.8202E-02  6.4104E-01  5.1106E-02  1.2161E+00
  1.0953E+00  1.3911E-01 -5.5699E-02  5.1106E-02  1.2161E+00
 -9.8839E-01  8.0510E-03 -4.9512E-01  5.1106E-02  1.2161E+00
 -1.0831E+00 -7.2216E-02 -2.0912E-01  5.1106E-02  1.2161E+00
 -1.0682E+00  1.5833E-01 -2.1745E-01  5.0694E-02  1.2461E+00
  1.0894E+00 -3.5727E-02 -1.5963E-01  5.0694E-02  1.2461E+00
 -7.7539E-01 -1.0989E-01 -7.7470E-01  5.0694E-02  1.2461E+00
  8.6571E-01 -1.0484E-01 -6.7307E-01  5.0694E-02  1.2461E+00
 -9.7373E-01  1.0182E-01  5.0493E-01  5.0694E-02  1.2461E+00
  3.6548E-01 -1.1488E-01 -1.0328E+00  5.0694E-02  1.2461E+00
  5.9983E-01  1.6715E-01 -9.0869E-01  5.0694E-02  1.2461E+00
 -8.5507E-01 -1.1496E-01  6.8492E-01  5.0694E-02  1.2461E+00
  8.5986E-01 -1.5097E-01  6.7180E-01  5.0694E-02  1.2461E+00
  7.8992E-01 -3.2078E-02  7.6157E-01  5.0279E-02  1.2771E+00
 -5.2143E-01  1.3056E-01 -9.5710E-01  5.0279E-02  1.2771E+00
  1.0221E+00 -7.5754E-02  3.9302E-01  5.0279E-02  1.2771E+00
 -2.4961E-01  1.7144E-01  1.0551E+00  5.0279E-02  1.2771E+00
  1.0275E+00 -1.6444E-01  3.4949E-01  5.0279E-02  1.2771E+00
 -9.2485E-01  1.0846E-01  5.8126E-01  5.0279E-02  1.2771E+00
 -3.5436E-02  1.7396E-02 -1.0932E+00  4.9863E-02  1.3094E+00
  9.9747E-01 -1.5374E-01  4.2200E-01  4.9863E-02  1.3094E+00
 -5.8828E-01  1.2375E-01 -9.1394E-01  4.9863E-02  1.3094E+00
  4.1030E-01  1.3865E-01  1.0045E+00  4.9863E-02  1.3094E+00
  7.4595E-01 -1.0693E-02 -8.0008E-01  4.9863E-02  1.3094E+00
 -1.0191E+00  1.4933E-02  3.9734E-01  4.9863E-02  1.3094E+00
 -1.0200E+00  3.2839E-02 -3.8361E-01  4.9444E-02  1.3430E+00
 -1.0629E+00 -1.1384E-01  2.1430E-01  4.9444E-02  1.3430E+00
 -3.9764E-01 -9.7886E-02 -1.0104E+00  4.9444E-02  1.3430E+00
 -3.3309E-01  1.3484E-01  1.0254E+00  4.9022E-02  1.3780E+00
  3.7106E-01  6.7369E-02  1.0190E+00  4.9022E-02  1.3780E+00
  1.0845E+00 -5.6213E-02 -3.7126E-02  4.9022E-02  1.3780E+00
 -5.1423E-02 -9.7313E-03 -1.0817E+00  4.8597E-02  1.4144E+00
  5.0061E-01 -1.4197E-02 -9.6021E-01  4.8597E-02  1.4144E+00
 -7.7472E-01  1.2739E-01  7.4081E-01  4.8170E-02  1.4524E+00
 -8.6742E-01  8.8073E-02  6.3644E-01  4.8170E-02  1.4524E+00
 -6.7979E-01 -6.8162E-02 -8.3574E-01  4.8170E-02  1.4524E+00
 -4.9316E-01 -1.5028E-03  9.6022E-01  4.8170E-02  1.4524E+00
 -8.1723E-01  4.0999E-02 -7.0404E-01  4.8170E-02  1.4524E+00
  7.8979E-01  8.6125E-02 -7.3078E-01  4.8170E-02  1.4524E+00
  2.1813E-02 -8.9713E-02 -1.0720E+00  4.7739E-02  1.4920E+00
 -1.0302E+00  9.8179E-02  2.8210E-01  4.7306E-02  1.5334E+00
  9.0011E-01 -1.3942E-01 -5.6651E-01  4.7306E-02  1.5334E+00
  1.0653E+00  4.4971E-02 -1.1692E-01  4.7306E-02  1.5334E+00
 -1.0538E+00 -8.4107E-02  1.8148E-01  4.7306E-02  1.5334E+00
  8.9178E-01  1.0579E-01 -5.8054E-01  4.6868E-02  1.5768E+00
  3.8855E-02 -1.2399E-01 -1.0614E+00  4.6868E-02  1.5768E+00
 -1.2293E-01 -4.9859E-02 -1.0611E+00  4.6868E-02  1.5768E+00
  9.8288E-01  9.6040E-02  4.1013E-01  4.6868E-02  1.5768E+00
 -3.6741E-01  4.4181E-02 -1.0033E+00  4.6868E-02  1.5768E+00
 -4.2856E-01  1.6085E-01  9.6284E-01  4.6427E-02  1.6222E+00
  4.4183E-01  1.0789E-01  9.6424E-01  4.6427E-02  1.6222E+00
  1.0259E+00 -9.5627E-02 -2.7381E-01  4.6427E-02  1.6222E+00
  1.0045E+00 -2.6046E-05  3.4772E-01  4.5982E-02  1.6697E+00
 -4.5693E-02 -8.8135E-02 -1.0583E+00  4.5982E-02  1.6697E+00
 -6.5040E-01  1.8299E-01 -8.2059E-01  4.5982E-02  1.6697E+00
 -7.8547E-01 -7.7883E-02  7.0733E-01  4.5533E-02  1.7196E+00
  2.3515E-01 -9.0229E-02 -1.0295E+00  4.5533E-02  1.7196E+00
 -1.3211E-01  1.8323E-02 -1.0515E+00  4.5533E-02  1.7196E+00
 -4.7617E-01  5.4490E-02  9.4532E-01  4.5533E-02  1.7196E+00
  9.4600E-01 -3.5749E-02  4.6987E-01  4.5079E-02  1.7721E+00
  3.6803E-01  3.1941E-02  9.9020E-01  4.5079E-02  1.7721E+00
  7.8478E-01  2.4204E-02 -7.0746E-01  4.5079E-02  1.7721E+00
  1.0228E+00 -1.0066E-01  2.4642E-01  4.5079E-02  1.7721E+00
  3.6726E-01 -1.8366E-01 -9.6754E-01  4.4156E-02  1.8855E+00
 -8.9591E-01 -1.3529E-01  5.3272E-01  4.4156E-02  1.8855E+00
 -7.2426E-01 -2.1645E-02  7.6139E-01  4.4156E-02  1.8855E+00
 -6.8999E-01 -1.5323E-02  7.8903E-01  4.3687E-02  1.9469E+00
 -1.0417E+00  6.5190E-02 -9.7215E-02  4.3687E-02  1.9469E+00
  1.0366E+00  1.0308E-01 -1.1720E-01  4.3687E-02  1.9469E+00
 -1.0415E+00 -7.5628E-02  9.2158E-02  4.3687E-02  1.9469E+00
  7.7888E-01  1.6487E-01  6.8194E-01  4.3687E-02  1.9469E+00
 -1.0434E+00 -2.0479E-02  6.4151E-02  4.3212E-02  2.0119E+00
 -6.4860E-01  7.8615E-02  8.1630E-01  4.3212E-02  2.0119E+00
  6.3758E-01  9.7208E-02  8.1960E-01  4.2730E-02  2.0806E+00
  6.6897E-01  1.7364E-01 -7.7762E-01  4.2242E-02  2.1536E+00
  9.1435E-01  3.9056E-02 -4.9476E-01  4.2242E-02  2.1536E+00
  9.9219E-01 -1.1838E-01 -2.8061E-01  4.1747E-02  2.2312E+00
 -3.6350E-01 -1.3292E-01  9.6301E-01  4.1747E-02  2.2312E+00
  5.1649E-02 -1.7042E-01 -1.0225E+00  4.1747E-02  2.2312E+00
  7.9056E-01 -6.1238E-02 -6.6966E-01  4.1747E-02  2.2312E+00
 -8.3266E-01  5.9282E-02  6.1673E-01  4.1747E-02  2.2312E+00
 -1.0216E+00  1.6520E-01 -3.6438E-02  4.1244E-02  2.3138E+00
 -4.0891E-02  1.4581E-01 -1.0243E+00  4.1244E-02  2.3138E+00
 -5.0913E-01 -9.3822E-02  8.9676E-01  4.1244E-02  2.3138E+00
 -9.3535E-01 -7.1046E-02  4.3295E-01  4.0733E-02  2.4020E+00
  4.8496E-01  3.7038E-02 -9.1149E-01  4.0733E-02  2.4020E+00
 -5.8063E-01 -1.5345E-01  8.4065E-01  4.0733E-02  2.4020E+00
 -4.2920E-01  1.6803E-01  9.2462E-01  4.0733E-02  2.4020E+00
  1.0189E+00  5.8440E-02  1.6065E-01  4.0733E-02  2.4020E+00
  1.0057E+00  5.6359E-02  2.1921E-01  4.0213E-02  2.4964E+00
 -3.7755E-01  1.1797E-01  9.5197E-01  4.0213E-02  2.4964E+00
 -1.0285E+00 -5.3830E-02 -4.4589E-02  4.0213E-02  2.4964E+00
 -1.7536E-01  5.8961E-02 -1.0141E+00  4.0213E-02  2.4964E+00
 -8.1334E-02 -1.8142E-01 -1.0115E+00  4.0213E-02  2.4964E+00
 -9.9084E-01  1.7405E-02 -2.8399E-01  4.0213E-02  2.4964E+00
  5.5049E-01 -8.7774E-02 -8.6457E-01  3.9683E-02  2.5977E+00
  5.4551E-01 -7.8145E-02 -8.6614E-01  3.9143E-02  2.7067E+00
 -5.9899E-01  5.9192E-02  8.3163E-01  3.9143E-02  2.7067E+00
  1.3343E-01  1.3489E-01 -1.0089E+00  3.9143E-02  2.7067E+00
  1.1710E-01 -5.5041E-02  1.0184E+00  3.9143E-02  2.7067E+00
 -2.6599E-01  1.7980E-01  9.7297E-01  3.8592E-02  2.8243E+00
 -1.4046E-01  9.1776E-02 -1.0107E+00  3.8592E-02  2.8243E+00
  1.0156E+00 -9.2908E-02  9.8404E-02  3.8592E-02  2.8243E+00
  5.4941E-01 -6.4731E-02  8.6239E-01  3.8592E-02  2.8243E+00
 -5.8042E-01 -1.2239E-01 -8.3301E-01  3.8029E-02  2.9517E+00
 -3.6654E-01  7.3918E-03  9.5465E-01  3.8029E-02  2.9517E+00
  5.9281E-01  1.7125E-01  8.1548E-01  3.8029E-02  2.9517E+00
  1.0117E+00 -1.8815E-02 -1.3401E-01  3.7452E-02  3.0900E+00
  5.7361E-01  1.8163E-01  8.2458E-01  3.7452E-02  3.0900E+00
 -4.0657E-01  6.6615E-02 -9.3392E-01  3.7452E-02  3.0900E+00
  9.3410E-01  4.7339E-03 -4.1156E-01  3.7452E-02  3.0900E+00
 -4.6928E-01  8.8267E-02 -9.0218E-01  3.7452E-02  3.0900E+00
  2.7863E-01  3.2095E-02  9.8147E-01  3.7452E-02  3.0900E+00
 -8.7370E-01 -1.2872E-01  5.0832E-01  3.6862E-02  3.2409E+00
  1.0021E+00  1.6930E-01  7.3706E-02  3.6862E-02  3.2409E+00
  2.6837E-01  1.2512E-02 -9.8291E-01  3.6862E-02  3.2409E+00
  2.4404E-01  8.4093E-02  9.8574E-01  3.6862E-02  3.2409E+00
  2.3132E-01 -9.2689E-02 -9.8627E-01  3.6256E-02  3.4062E+00
  8.5679E-01 -6.5011E-02  5.4452E-01  3.6256E-02  3.4062E+00
  7.0815E-01  1.7807E-01  7.0592E-01  3.5633E-02  3.5880E+00
  1.2874E-01  1.5759E-01 -9.9504E-01  3.5633E-02  3.5880E+00
  8.3668E-01 -1.3903E-01 -5.5870E-01  3.5633E-02  3.5880E+00
  9.0099E-01  7.6270E-02  4.6250E-01  3.5633E-02  3.5880E+00
  8.2813E-01  1.4906E-01  5.6877E-01  3.5633E-02  3.5880E+00
  8.9864E-01 -8.7954E-02 -4.6159E-01  3.4991E-02  3.7890E+00
 -8.7702E-01  1.8494E-01  4.7433E-01  3.4991E-02  3.7890E+00
 -9.2511E-01  5.1142E-02  4.0858E-01  3.4329E-02  4.0125E+00
 -1.7913E-01  7.7040E-02  9.9366E-01  3.4329E-02  4.0125E+00
  2.0390E-01  3.5354E-02  9.9124E-01  3.4329E-02  4.0125E+00
 -8.5556E-01 -1.4901E-01  5.2076E-01  3.4329E-02  4.0125E+00
  4.9860E-01 -4.6898E-03  8.8134E-01  3.4329E-02  4.0125E+00
 -7.7830E-01  1.1815E-01 -6.3471E-01  3.3644E-02  4.2626E+00
  7.9691E-01  5.1177E-02 -6.2039E-01  3.3644E-02  4.2626E+00
  4.0266E-01  9.0126E-02  9.2320E-01  3.3644E-02  4.2626E+00
 -8.3877E-01  9.1361E-02 -5.5740E-01  3.3644E-02  4.2626E+00
 -2.0889E-01 -8.5370E-02  9.8572E-01  3.3644E-02  4.2626E+00
  2.0721E-01 -1.1442E-01  9.8313E-01  3.3644E-02  4.2626E+00
  7.3111E-01  1.2617E-03  6.9671E-01  3.2934E-02  4.5444E+00
  7.3447E-01  1.1791E-02 -6.9306E-01  3.2934E-02  4.5444E+00
 -9.3372E-01  1.3828E-01 -3.5911E-01  3.2934E-02  4.5444E+00
 -9.8059E-01  1.1589E-01  2.0604E-01  3.2195E-02  4.8645E+00
  3.8012E-01  1.7592E-01 -9.1760E-01  3.2195E-02  4.8645E+00
  3.1232E-01  1.4424E-01  9.4820E-01  3.2195E-02  4.8645E+00
  8.4533E-01  1.7607E-01  5.2139E-01  3.2195E-02  4.8645E+00
  9.9030E-01  5.0056E-02  1.8505E-01  3.2195E-02  4.8645E+00
  6.1403E-01  7.3110E-03 -8.0022E-01  3.2195E-02  4.8645E+00
 -3.6728E-01 -1.2972E-01  9.2919E-01  3.1425E-02  5.2312E+00
 -9.9694E-01  1.4077E-01 -3.7524E-02  3.1425E-02  5.2312E+00
  6.8074E-01  1.4251E-01 -7.2898E-01  3.1425E-02  5.2312E+00
 -3.8373E-01  6.2961E-02 -9.2946E-01  3.1425E-02  5.2312E+00
  5.7081E-01 -9.3246E-02  8.2499E-01  3.1425E-02  5.2312E+00
 -1.9370E-01 -9.0181E-02 -9.8462E-01  3.1425E-02  5.2312E+00
 -5.6218E-01  1.7827E-01 -8.1556E-01  3.0618E-02  5.6557E+00
  7.2245E-01  1.1051E-01 -6.9197E-01  3.0618E-02  5.6557E+00
 -8.0374E-01 -1.5032E-01 -5.8683E-01  3.0618E-02  5.6557E+00
 -9.9932E-01 -2.3449E-02  1.1735E-01  3.0618E-02  5.6557E+00
  9.3598E-01  4.6668E-02 -3.6706E-01  3.0618E-02  5.6557E+00
  7.8610E-01 -1.8416E-01  5.9926E-01  2.9770E-02  6.1530E+00
  8.5569E-01 -1.6974E-01 -4.9997E-01  2.9770E-02  6.1530E+00
 -9.3804E-01  2.3134E-03 -3.5951E-01  2.8874E-02  6.7438E+00
 -5.6557E-01 -7.1113E-03  8.3021E-01  2.8874E-02  6.7438E+00
  9.5830E-01 -2.9829E-02  2.9990E-01  2.8874E-02  6.7438E+00
  1.0003E+00 -2.7049E-02 -8.8714E-02  2.8874E-02  6.7438E+00
  9.7608E-01  1.5750E-01 -1.7784E-01  2.8874E-02  6.7438E+00
 -8.0697E-01  4.8755E-02  5.9632E-01  2.8874E-02  6.7438E+00
  8.2224E-01  2.8992E-02 -5.7641E-01  2.8874E-02  6.7438E+00
 -7.2396E-01 -4.6337E-02  6.9491E-01  2.8874E-02  6.7438E+00
  4.2575E-01  1.0091E-01  9.0336E-01  2.7921E-02  7.4574E+00
 -2.5343E-01  9.0764E-02 -9.6698E-01  2.7921E-02  7.4574E+00
 -7.6711E-01 -9.2997E-02 -6.3946E-01  2.6903E-02  8.3369E+00
  8.2038E-01 -1.0953E-01  5.6658E-01  2.6903E-02  8.3369E+00
 -9.4517E-01  1.4429E-01  3.0308E-01  2.6903E-02  8.3369E+00
 -6.7790E-01  1.6353E-01 -7.2093E-01  2.6903E-02  8.3369E+00
  5.4372E-01 -2.8094E-02  8.4159E-01  2.5804E-02  9.4481E+00
 -9.6599E-01 -5.5260E-02 -2.6172E-01  2.5804E-02  9.4481E+00
 -8.4044E-01  1.1845E-01 -5.3322E-01  2.5804E-02  9.4481E+00
 -7.3125E-01 -6.3466E-02 -6.8260E-01  2.5804E-02  9.4481E+00
  3.5570E-01 -1.4548E-01 -9.2512E-01  2.4606E-02  1.0897E+01
  9.8324E-01  1.2860E-01  1.4222E-01  2.4606E-02  1.0897E+01
  4.4808E-02  8.4481E-02  9.9719E-01  2.4606E-02  1.0897E+01
 -8.9887E-01 -1.8099E-01 -4.0351E-01  2.4606E-02  1.0897E+01
  9.3698E-01  1.1459E-01  3.3537E-01  2.4606E-02  1.0897E+01
 -5.1820E-01 -3.5288E-02 -8.5601E-01  2.3280E-02  1.2866E+01
  6.2833E-01 -2.4050E-02  7.7920E-01  2.3280E-02  1.2866E+01
  9.2609E-01 -1.7225E-01 -3.3823E-01  2.1787E-02  1.5696E+01
  8.5912E-01 -6.5659E-02  5.0923E-01  2.1787E-02  1.5696E+01
 -3.0473E-01 -1.3439E-01  9.4346E-01  2.0058E-02  2.0115E+01
 -4.0387E-01  1.7037E-01 -8.9939E-01  2.0058E-02  2.0115E+01
 -8.6898E-01 -5.9386E-02 -4.9234E-01  2.0058E-02  2.0115E+01
 -9.9169E-01  1.1895E-01 -5.4176E-02  1.7969E-02  2.7981E+01
  8.8192E-01 -2.9976E-03 -4.7196E-01  1.7969E-02  2.7981E+01
