0.59986285714286D+01       640
(x,y,z) position of the X-ray source
  0.1629E+01  0.4011E-01  0.7654E+00
x | y | z | R | rho
 -6.6354E-01 -2.9622E-01  7.3278E+00  2.6121E-01  9.1084E-03
 -1.7071E+00  9.5346E-02  7.7898E+00  2.7603E-01  7.7189E-03
  3.3317E-01 -4.1671E-02  6.0999E+00  2.2937E-01  1.3453E-02
  2.1493E-01 -2.0082E-01  7.1533E+00  2.5616E-01  9.6578E-03
 -5.1475E-01 -2.0312E-01  7.9071E+00  2.7486E-01  7.8177E-03
  7.8775E-01  1.5474E-01  6.2950E+00  2.3554E-01  1.2422E-02
  1.8357E+00 -1.9615E-01  9.6536E+00  3.1870E-01  5.0150E-03
 -4.8311E-01  3.0338E-01  8.1530E+00  2.8073E-01  7.3373E-03
  2.0099E+00 -2.6253E-01  7.4284E+00  2.6941E-01  8.3018E-03
 -7.8249E-01 -1.8725E-01  5.9318E+00  2.2613E-01  1.4039E-02
 -1.7154E+00 -3.2969E-01  9.7867E+00  3.2120E-01  4.8986E-03
  4.3082E-01  6.8152E-02  8.5238E+00  2.8924E-01  6.7082E-03
 -1.8609E+00 -3.3671E-01  9.5697E+00  3.1705E-01  5.0934E-03
 -9.9649E-01  1.4480E-01  9.6990E+00  3.1697E-01  5.0973E-03
 -1.4270E+00 -3.4345E-02  5.4678E+00  2.1717E-01  1.5848E-02
 -1.5406E+00 -1.8505E-01  5.5610E+00  2.2047E-01  1.5149E-02
  1.2335E+00  1.2049E-01  4.9950E+00  2.0332E-01  1.9313E-02
 -3.0343E-01  2.0276E-01  6.3836E+00  2.3679E-01  1.2227E-02
 -1.0788E+00 -2.8001E-01  8.8798E+00  2.9884E-01  6.0825E-03
 -1.3008E-01 -3.9530E-03  6.0561E+00  2.2801E-01  1.3694E-02
  9.8946E-01 -3.0690E-01  5.7560E+00  2.2247E-01  1.4743E-02
  7.4698E-01 -1.5639E-01  8.3008E+00  2.8458E-01  7.0438E-03
  1.4740E-01  3.3679E-01  7.9795E+00  2.7633E-01  7.6935E-03
 -5.4628E-01 -1.2601E-01  7.1125E+00  2.5554E-01  9.7278E-03
  1.2671E+00  1.7023E-01  5.8158E+00  2.2529E-01  1.4196E-02
  5.5567E-01  2.9121E-01  9.4840E+00  3.1146E-01  5.3729E-03
  7.8457E-01 -1.9150E-01  9.2517E+00  3.0654E-01  5.6357E-03
  1.7561E+00  2.5448E-01  5.4256E+00  2.1872E-01  1.5514E-02
  3.8647E-01  3.6539E-01  8.3650E+00  2.8566E-01  6.9639E-03
  6.0905E-01  2.5510E-01  8.0340E+00  2.7807E-01  7.5496E-03
  1.5871E+00  3.5446E-01  7.9685E+00  2.7978E-01  7.4125E-03
  1.7251E+00 -3.0485E-01  7.0445E+00  2.5863E-01  9.3837E-03
 -1.8246E+00 -3.2537E-01  6.3395E+00  2.4220E-01  1.1425E-02
  4.3165E-01  6.7220E-02  6.8740E+00  2.4938E-01  1.0467E-02
  1.9381E+00  1.7797E-01  5.4231E+00  2.2015E-01  1.5214E-02
 -4.8619E-01 -1.5307E-01  5.8241E+00  2.2242E-01  1.4754E-02
  3.5584E-01 -3.0435E-01  5.4229E+00  2.1152E-01  1.7153E-02
  3.5687E-01  1.1050E-01  6.6674E+00  2.4406E-01  1.1166E-02
 -1.7523E+00 -1.4218E-01  6.7237E+00  2.5093E-01  1.0274E-02
 -1.8908E+00  3.0712E-01  5.4546E+00  2.2067E-01  1.5106E-02
  1.3019E+00 -2.2802E-01  8.1013E+00  2.8157E-01  7.2718E-03
 -2.0242E+00  1.4745E-01  8.5473E+00  2.9505E-01  6.3199E-03
 -1.1964E+00 -1.5359E-01  5.7590E+00  2.2342E-01  1.4556E-02
  2.3234E-01  1.7209E-01  6.3465E+00  2.3573E-01  1.2393E-02
 -2.9004E-01 -3.1355E-01  6.5307E+00  2.4066E-01  1.1646E-02
 -1.8648E+00 -2.6588E-02  6.6303E+00  2.4937E-01  1.0468E-02
 -3.2303E-02  2.3524E-01  5.2309E+00  2.0582E-01  1.8618E-02
  1.9104E-01 -2.4854E-01  7.4069E+00  2.6243E-01  8.9819E-03
 -1.8477E-01  8.4274E-03  5.0887E+00  2.0180E-01  1.9753E-02
 -1.4034E+00  2.2639E-01  4.8418E+00  2.0051E-01  2.0137E-02
  1.5129E-01 -2.3625E-03  5.0209E+00  1.9987E-01  2.0333E-02
 -7.5947E-01  1.3047E-01  4.9405E+00  1.9922E-01  2.0531E-02
  4.1715E-01  1.2937E-01  4.9466E+00  1.9825E-01  2.0834E-02
  2.1798E-01  1.0657E-01  4.7769E+00  1.9304E-01  2.2567E-02
  1.7559E+00  2.1600E-01  4.4316E+00  1.9271E-01  2.2682E-02
  1.9217E+00  2.2078E-01  4.2123E+00  1.8877E-01  2.4132E-02
  9.9101E-01 -2.1064E-01  4.5115E+00  1.8844E-01  2.4258E-02
  7.3771E-01 -2.6781E-01  4.4417E+00  1.8514E-01  2.5581E-02
 -1.4959E+00  1.5759E-01  4.0485E+00  1.7948E-01  2.8079E-02
  4.2290E-01  1.0982E-01  4.2291E+00  1.7746E-01  2.9045E-02
 -8.8330E-01 -9.9932E-02  4.1461E+00  1.7713E-01  2.9211E-02
 -5.5410E-01  2.0808E-01  4.1536E+00  1.7578E-01  2.9887E-02
  1.3337E-01  6.0240E-02  4.0813E+00  1.7240E-01  3.1679E-02
 -1.9090E-01 -1.2041E-01  4.0666E+00  1.7206E-01  3.1867E-02
  1.1874E+00  1.3938E-01  3.8352E+00  1.7037E-01  3.2829E-02
 -8.6754E-02 -1.6505E-01  3.9796E+00  1.6934E-01  3.3426E-02
  9.7282E-01 -1.4653E-01  3.8491E+00  1.6900E-01  3.3629E-02
 -1.9672E+00  8.3531E-02  3.4378E+00  1.6866E-01  3.3833E-02
 -1.7789E+00  1.9719E-01  3.5096E+00  1.6798E-01  3.4247E-02
  1.6155E+00 -2.2858E-01  3.5493E+00  1.6695E-01  3.4882E-02
  7.8000E-01 -1.4162E-02  3.7826E+00  1.6558E-01  3.5755E-02
  1.7402E+00 -1.9244E-01  3.4302E+00  1.6524E-01  3.5979E-02
  1.2591E+00 -6.2690E-02  3.6273E+00  1.6490E-01  3.6204E-02
  3.7366E-01  2.2129E-01  3.7823E+00  1.6387E-01  3.6891E-02
 -1.4973E+00  1.6258E-01  3.3767E+00  1.6042E-01  3.9323E-02
  1.2980E+00  2.3705E-01  3.4422E+00  1.6007E-01  3.9579E-02
  1.4903E+00 -5.3139E-02  3.3593E+00  1.5973E-01  3.9837E-02
  1.3252E+00  1.5724E-01  3.3660E+00  1.5799E-01  4.1163E-02
 -2.7830E-01  6.8888E-02  3.5440E+00  1.5590E-01  4.2840E-02
  1.7354E+00 -3.3223E-02  3.0532E+00  1.5451E-01  4.4012E-02
 -4.1082E-02  2.4109E-01  3.5036E+00  1.5451E-01  4.4012E-02
  1.2049E+00  1.5054E-01  3.2840E+00  1.5416E-01  4.4312E-02
 -5.8367E-01 -1.9298E-01  3.4359E+00  1.5381E-01  4.4615E-02
  5.8419E-01  1.0505E-01  3.3082E+00  1.4959E-01  4.8494E-02
  1.2064E+00 -2.0117E-01  3.0615E+00  1.4747E-01  5.0614E-02
  1.5533E+00  1.4838E-01  2.8919E+00  1.4712E-01  5.0980E-02
  1.8256E+00  1.3912E-01  2.6384E+00  1.4464E-01  5.3651E-02
 -2.6630E-01  6.0100E-02  3.1997E+00  1.4464E-01  5.3651E-02
 -9.2315E-02 -8.0699E-03  3.1781E+00  1.4357E-01  5.4857E-02
 -1.1728E+00 -7.9991E-02  2.8857E+00  1.4143E-01  5.7386E-02
 -7.6987E-01  2.2296E-01  2.9893E+00  1.4071E-01  5.8265E-02
  9.0511E-01 -9.6371E-02  2.9029E+00  1.3892E-01  6.0548E-02
 -5.7757E-01  1.1300E-01  2.9741E+00  1.3856E-01  6.1020E-02
 -1.7005E+00  8.8524E-02  2.4957E+00  1.3820E-01  6.1497E-02
  3.6963E-01 -1.0600E-01  2.9756E+00  1.3748E-01  6.2467E-02
  1.6425E-01 -4.4687E-02  2.9955E+00  1.3748E-01  6.2467E-02
 -1.1501E+00 -1.7780E-01  2.7541E+00  1.3712E-01  6.2960E-02
  1.1454E+00  1.8945E-01  2.7326E+00  1.3640E-01  6.3962E-02
 -1.1425E+00 -5.5905E-02  2.7171E+00  1.3568E-01  6.4988E-02
  1.6347E+00 -2.1703E-02  2.4407E+00  1.3532E-01  6.5509E-02
  1.5781E+00  1.0780E-01  2.3889E+00  1.3279E-01  6.9327E-02
  1.6618E+00  5.3724E-02  2.3078E+00  1.3207E-01  7.0476E-02
  8.5600E-01  3.9303E-02  2.5721E+00  1.2733E-01  7.8631E-02
 -3.2747E-01  8.0579E-02  2.6695E+00  1.2660E-01  8.0001E-02
 -3.5949E-01 -8.0298E-02  2.6449E+00  1.2587E-01  8.1405E-02
  9.8888E-01 -1.1989E-01  2.4668E+00  1.2550E-01  8.2120E-02
  6.0611E-02  7.7952E-02  2.6585E+00  1.2550E-01  8.2120E-02
  1.5325E+00  3.2129E-02  2.1123E+00  1.2367E-01  8.5829E-02
 -7.3420E-01  6.4176E-02  2.4931E+00  1.2330E-01  8.6599E-02
 -1.5315E+00  5.1146E-02  2.0503E+00  1.2183E-01  8.9776E-02
 -1.6933E+00  1.8535E-01 -1.8837E+00  1.2109E-01  9.1425E-02
  1.5870E+00  2.1325E-01  1.9584E+00  1.2072E-01  9.2266E-02
 -1.9028E+00 -1.1749E-01  1.6476E+00  1.2035E-01  9.3117E-02
  8.5496E-01  6.0494E-02  2.3378E+00  1.1925E-01  9.5738E-02
  1.6806E+00  3.2935E-02 -1.8234E+00  1.1888E-01  9.6634E-02
 -4.2978E-01  1.3014E-01  2.4290E+00  1.1851E-01  9.7542E-02
 -1.8857E+00  1.3529E-01 -1.5744E+00  1.1814E-01  9.8461E-02
  1.5141E+00  2.9694E-02 -1.9138E+00  1.1739E-01  1.0034E-01
 -1.7721E+00 -2.1256E-02  1.6492E+00  1.1665E-01  1.0226E-01
 -1.2487E+00 -1.9643E-01  2.0647E+00  1.1665E-01  1.0226E-01
 -1.0512E+00 -1.5094E-01  2.1537E+00  1.1591E-01  1.0424E-01
 -1.3894E+00  1.6189E-02  1.9464E+00  1.1554E-01  1.0525E-01
 -4.5517E-01 -5.9447E-02  2.3370E+00  1.1517E-01  1.0627E-01
 -1.4832E+00  2.6757E-02  1.8633E+00  1.1517E-01  1.0627E-01
  1.5779E+00  1.3099E-01  1.7399E+00  1.1405E-01  1.0942E-01
 -1.7149E+00 -3.4589E-02  1.5528E+00  1.1256E-01  1.1382E-01
 -3.7477E-01  9.6973E-02  2.2811E+00  1.1256E-01  1.1382E-01
  1.3815E-01 -5.3892E-02  2.2800E+00  1.1144E-01  1.1729E-01
 -1.2484E+00  1.1291E-01  1.9103E+00  1.1144E-01  1.1729E-01
  1.8786E+00 -4.4218E-02  1.2828E+00  1.1107E-01  1.1847E-01
  1.4337E+00 -5.6243E-02 -1.7286E+00  1.0995E-01  1.2214E-01
 -1.1516E+00 -1.6249E-01  1.9108E+00  1.0957E-01  1.2339E-01
 -7.9678E-01  1.4335E-01  2.0649E+00  1.0882E-01  1.2596E-01
 -1.1813E+00 -9.8481E-02 -1.8746E+00  1.0882E-01  1.2596E-01
  1.1907E+00 -1.8196E-02  1.8711E+00  1.0882E-01  1.2596E-01
  1.8650E+00  7.2475E-02 -1.1806E+00  1.0845E-01  1.2727E-01
  5.7140E-01 -1.1503E-01  2.1203E+00  1.0808E-01  1.2859E-01
 -7.7339E-01 -1.9011E-01  2.0294E+00  1.0733E-01  1.3131E-01
  1.5457E+00 -5.1567E-02 -1.5365E+00  1.0733E-01  1.3131E-01
 -1.8593E+00  1.2848E-01  1.1128E+00  1.0695E-01  1.3269E-01
 -1.2541E+00  8.3538E-02  1.7582E+00  1.0658E-01  1.3410E-01
  1.1468E+00 -1.9661E-01 -1.8213E+00  1.0658E-01  1.3410E-01
 -1.0977E+00  8.0712E-02  1.8490E+00  1.0620E-01  1.3553E-01
 -1.5915E+00 -1.4054E-01 -1.4414E+00  1.0620E-01  1.3553E-01
  1.7330E+00 -1.1858E-01  1.2381E+00  1.0545E-01  1.3845E-01
  6.5236E-01 -3.1733E-02  2.0307E+00  1.0545E-01  1.3845E-01
  1.8365E+00  1.1581E-01 -1.0225E+00  1.0432E-01  1.4299E-01
  1.0306E+00  5.7076E-02  1.8135E+00  1.0357E-01  1.4613E-01
 -1.5847E+00 -1.7054E-01  1.3324E+00  1.0319E-01  1.4773E-01
 -1.3797E+00  4.7043E-02 -1.5400E+00  1.0281E-01  1.4936E-01
  1.1783E+00  1.8202E-01 -1.6674E+00  1.0206E-01  1.5269E-01
  1.1688E+00  8.7010E-02 -1.6705E+00  1.0168E-01  1.5440E-01
  1.1685E+00  7.9593E-02 -1.6375E+00  1.0055E-01  1.5967E-01
 -1.0899E+00 -1.2704E-01 -1.6880E+00  1.0055E-01  1.5967E-01
 -1.8372E+00  2.7636E-02  8.2287E-01  1.0055E-01  1.5967E-01
  1.2507E+00  1.4114E-01  1.5713E+00  1.0055E-01  1.5967E-01
 -1.2832E+00 -1.2023E-01 -1.5467E+00  1.0055E-01  1.5967E-01
  2.7408E-01  1.4976E-01  1.9614E+00  9.9419E-02  1.6519E-01
 -1.2111E+00  5.8831E-02  1.5502E+00  9.8663E-02  1.6902E-01
 -1.1835E+00 -3.9082E-02 -1.5719E+00  9.8663E-02  1.6902E-01
  1.1174E+00  1.3558E-01 -1.6144E+00  9.8663E-02  1.6902E-01
 -1.1663E+00  1.9211E-01  1.5511E+00  9.7907E-02  1.7297E-01
  2.5494E-01 -5.2599E-02  1.9237E+00  9.7529E-02  1.7499E-01
 -1.7788E-01  1.3162E-01  1.9196E+00  9.7150E-02  1.7704E-01
 -1.4898E+00 -8.3237E-03  1.2305E+00  9.7150E-02  1.7704E-01
  1.8476E+00  6.2075E-02 -5.6247E-01  9.7150E-02  1.7704E-01
  1.6381E+00  1.6856E-01  9.9376E-01  9.6772E-02  1.7912E-01
  9.4094E-01  1.8183E-02 -1.6672E+00  9.6393E-02  1.8124E-01
  1.8027E+00  9.9478E-02 -5.8171E-01  9.5636E-02  1.8558E-01
 -1.5663E+00 -1.5913E-01 -1.0421E+00  9.5257E-02  1.8781E-01
  1.4655E+00 -1.0306E-01  1.1859E+00  9.5257E-02  1.8781E-01
  6.9083E-01  1.0498E-01 -1.7540E+00  9.5257E-02  1.8781E-01
 -2.3877E-01  1.5891E-01 -1.8572E+00  9.4878E-02  1.9007E-01
 -1.8313E+00  2.5293E-03 -4.2207E-01  9.4878E-02  1.9007E-01
  1.6878E-01 -1.6635E-01  1.8466E+00  9.4120E-02  1.9470E-01
  1.1381E+00 -7.0078E-02 -1.4717E+00  9.4120E-02  1.9470E-01
 -1.1321E+00  1.3690E-01  1.4606E+00  9.3741E-02  1.9707E-01
 -7.1910E-02 -7.8863E-03  1.8517E+00  9.3741E-02  1.9707E-01
 -1.8205E+00  8.0753E-02 -3.3636E-01  9.3741E-02  1.9707E-01
 -1.7103E+00  4.8509E-02  6.8870E-01  9.3361E-02  1.9948E-01
  9.5253E-01 -1.2702E-02 -1.5692E+00  9.2982E-02  2.0193E-01
  3.6091E-01 -1.6754E-01 -1.7921E+00  9.2982E-02  2.0193E-01
  1.8159E+00  9.8757E-03  2.6874E-01  9.2982E-02  2.0193E-01
  1.5789E+00 -8.8689E-02  8.9782E-01  9.2223E-02  2.0696E-01
 -9.4728E-01  1.1543E-01  1.5480E+00  9.2223E-02  2.0696E-01
 -1.7922E+00  1.6560E-01  7.2970E-02  9.1464E-02  2.1216E-01
  4.5324E-01  1.3436E-01  1.7382E+00  9.1464E-02  2.1216E-01
 -1.2113E-01  1.1814E-01  1.7934E+00  9.1464E-02  2.1216E-01
 -1.4978E+00 -1.4078E-01  9.9072E-01  9.1464E-02  2.1216E-01
  9.4979E-01 -6.6223E-02 -1.5191E+00  9.1084E-02  2.1482E-01
  1.4014E+00 -8.1501E-02  1.1152E+00  9.1084E-02  2.1482E-01
  2.4944E-01  1.8310E-01 -1.7572E+00  9.0704E-02  2.1753E-01
 -1.6837E-01 -1.0719E-01 -1.7731E+00  9.0704E-02  2.1753E-01
  1.6922E+00 -1.0166E-01 -5.5653E-01  9.0704E-02  2.1753E-01
 -1.2558E+00  7.6349E-02  1.2532E+00  9.0325E-02  2.2029E-01
  1.5352E+00  4.6188E-02 -8.7443E-01  8.9945E-02  2.2309E-01
  9.7237E-01 -5.9409E-02 -1.4544E+00  8.9185E-02  2.2884E-01
  1.6387E+00  1.7578E-01 -5.8993E-01  8.9185E-02  2.2884E-01
  1.6870E+00 -6.5961E-02 -4.2958E-01  8.8805E-02  2.3179E-01
  1.6660E+00  1.7148E-02  4.7959E-01  8.8425E-02  2.3479E-01
  2.6946E-02 -2.9490E-02 -1.7333E+00  8.8425E-02  2.3479E-01
 -1.4868E+00 -6.0929E-02 -8.8974E-01  8.8425E-02  2.3479E-01
 -2.9850E-01 -1.1829E-01 -1.6953E+00  8.8044E-02  2.3785E-01
  9.7666E-01  1.9878E-02  1.4223E+00  8.8044E-02  2.3785E-01
  1.6467E+00 -9.7385E-02  5.0607E-01  8.8044E-02  2.3785E-01
 -3.3182E-01  8.6756E-02 -1.6910E+00  8.8044E-02  2.3785E-01
  7.7583E-01  1.1089E-01 -1.5372E+00  8.8044E-02  2.3785E-01
 -1.6805E+00 -1.2011E-01  3.3171E-01  8.7664E-02  2.4095E-01
  1.6426E+00  1.8567E-01  4.6462E-01  8.7664E-02  2.4095E-01
 -1.3414E+00  2.5651E-02  1.0717E+00  8.7664E-02  2.4095E-01
  1.6360E+00 -7.5150E-02 -4.5840E-01  8.6904E-02  2.4734E-01
 -7.9596E-01  8.4411E-02 -1.5005E+00  8.6904E-02  2.4734E-01
  1.2461E+00  1.1122E-01 -1.1398E+00  8.6524E-02  2.5061E-01
  1.6914E+00  5.8499E-02  1.0109E-02  8.6524E-02  2.5061E-01
 -1.3961E+00 -2.4716E-02  9.4185E-01  8.6143E-02  2.5395E-01
 -3.7836E-01 -1.6135E-02  1.6411E+00  8.6143E-02  2.5395E-01
 -7.4429E-03  1.4649E-01  1.6778E+00  8.6143E-02  2.5395E-01
  5.8467E-01 -5.8087E-02 -1.5697E+00  8.5763E-02  2.5734E-01
 -1.3948E+00  5.1802E-02  9.2796E-01  8.5763E-02  2.5734E-01
 -1.4642E+00 -4.1909E-02 -7.9782E-01  8.5382E-02  2.6079E-01
  3.7669E-01 -9.1020E-02  1.6223E+00  8.5382E-02  2.6079E-01
 -2.3063E-01  1.1095E-02  1.6519E+00  8.5382E-02  2.6079E-01
  7.0981E-01  8.5191E-02 -1.4980E+00  8.5002E-02  2.6431E-01
  1.5553E+00  1.3266E-01 -5.6431E-01  8.5002E-02  2.6431E-01
 -1.5604E+00 -1.4530E-01 -5.4684E-01  8.5002E-02  2.6431E-01
  1.4536E+00  1.0029E-01  7.7799E-01  8.4622E-02  2.6789E-01
 -5.1450E-01  2.9386E-02  1.5609E+00  8.4241E-02  2.7154E-01
  1.5964E+00 -7.3015E-02  3.8484E-01  8.4241E-02  2.7154E-01
  1.1211E+00 -1.0915E-03  1.2022E+00  8.4241E-02  2.7154E-01
  1.4104E+00 -1.4069E-01 -8.1646E-01  8.3861E-02  2.7525E-01
 -2.2074E-01 -5.2694E-05 -1.6127E+00  8.3480E-02  2.7903E-01
  2.6309E-01  9.5158E-02 -1.6036E+00  8.3480E-02  2.7903E-01
  1.5740E+00 -7.3338E-02 -3.7534E-01  8.3100E-02  2.8288E-01
 -1.0682E+00 -9.9705E-02  1.2136E+00  8.3100E-02  2.8288E-01
 -1.4138E+00  1.7680E-01 -7.5371E-01  8.2719E-02  2.8681E-01
  1.4307E+00  7.2402E-02 -7.3898E-01  8.2719E-02  2.8681E-01
  5.7449E-03  1.3015E-01 -1.6066E+00  8.2719E-02  2.8681E-01
 -3.8627E-01  1.1718E-01  1.5606E+00  8.2719E-02  2.8681E-01
 -8.2557E-01 -5.6273E-02  1.3741E+00  8.2338E-02  2.9080E-01
 -1.5772E+00  6.5166E-02  2.8473E-01  8.2338E-02  2.9080E-01
  1.0583E+00  2.4860E-02  1.2051E+00  8.2338E-02  2.9080E-01
 -1.3024E+00  6.3995E-02 -9.2063E-01  8.1958E-02  2.9487E-01
  1.1269E+00  7.3605E-02 -1.1280E+00  8.1958E-02  2.9487E-01
 -1.5838E+00 -4.6726E-02  1.9257E-01  8.1958E-02  2.9487E-01
 -7.7836E-01 -1.6153E-01  1.3571E+00  8.0816E-02  3.0755E-01
  1.5633E+00 -2.1833E-02  1.7151E-01  8.0816E-02  3.0755E-01
 -1.5514E+00 -1.2248E-01 -6.1055E-02  8.0055E-02  3.1640E-01
 -5.9146E-01  1.7145E-01  1.4305E+00  8.0055E-02  3.1640E-01
 -1.4159E+00 -4.1831E-02 -6.4731E-01  8.0055E-02  3.1640E-01
  6.7605E-01  9.7426E-02 -1.3911E+00  7.9674E-02  3.2096E-01
  1.5422E+00  2.2528E-02 -1.5173E-01  7.9674E-02  3.2096E-01
 -1.4917E+00 -1.7958E-01  3.7987E-01  7.9674E-02  3.2096E-01
 -7.8298E-01 -1.1671E-01  1.3235E+00  7.9293E-02  3.2561E-01
  1.3124E+00 -8.5066E-02  8.0545E-01  7.9293E-02  3.2561E-01
 -3.9329E-01 -3.9168E-02 -1.4907E+00  7.9293E-02  3.2561E-01
  8.5046E-01 -8.6274E-02  1.2836E+00  7.9293E-02  3.2561E-01
 -8.8591E-02  7.0235E-02 -1.5380E+00  7.9293E-02  3.2561E-01
  9.3393E-01 -1.8591E-01  1.2034E+00  7.8913E-02  3.3034E-01
 -1.4718E+00 -8.9270E-02 -3.9692E-01  7.8532E-02  3.3517E-01
 -4.6730E-01  4.0236E-02  1.4532E+00  7.8532E-02  3.3517E-01
 -1.5062E+00 -1.4503E-01 -1.3928E-01  7.8152E-02  3.4009E-01
 -1.5033E+00 -1.3633E-01  1.7482E-01  7.8152E-02  3.4009E-01
  1.3276E+00  6.0359E-02 -7.2125E-01  7.7771E-02  3.4511E-01
 -1.0050E+00  1.2591E-01 -1.1227E+00  7.7771E-02  3.4511E-01
  2.7341E-01 -1.6716E-01  1.4701E+00  7.7390E-02  3.5022E-01
  1.4812E+00 -1.6051E-01 -2.0989E-01  7.7390E-02  3.5022E-01
 -1.3876E+00 -7.7136E-02  5.7667E-01  7.7390E-02  3.5022E-01
  7.1710E-01  1.3755E-02 -1.3226E+00  7.7390E-02  3.5022E-01
  1.3973E+00  5.8281E-02  5.3444E-01  7.7010E-02  3.5544E-01
 -8.0285E-01 -4.2396E-02 -1.2630E+00  7.7010E-02  3.5544E-01
 -6.6076E-01 -3.5906E-02 -1.3430E+00  7.7010E-02  3.5544E-01
  4.0745E-01 -3.7713E-02  1.4325E+00  7.6629E-02  3.6076E-01
 -2.5165E-02 -5.2974E-02 -1.4887E+00  7.6629E-02  3.6076E-01
 -1.0068E+00  8.7851E-02 -1.0846E+00  7.6248E-02  3.6619E-01
 -1.4269E+00  6.5411E-02  3.3841E-01  7.5487E-02  3.7739E-01
  2.3393E-01 -4.7871E-02 -1.4484E+00  7.5487E-02  3.7739E-01
 -1.3155E+00 -1.3206E-01  6.3797E-01  7.5487E-02  3.7739E-01
  1.4599E+00  1.5322E-01 -2.2300E-03  7.5487E-02  3.7739E-01
  1.3339E+00  1.0035E-01 -5.8679E-01  7.5106E-02  3.8315E-01
 -4.9110E-01  1.8333E-01  1.3557E+00  7.4726E-02  3.8904E-01
  1.4120E+00  1.0678E-01 -2.9499E-01  7.4345E-02  3.9504E-01
  4.7176E-02  1.3629E-01  1.4392E+00  7.4345E-02  3.9504E-01
 -1.3339E+00  3.8284E-02  5.5789E-01  7.4345E-02  3.9504E-01
  1.3874E+00 -1.6146E-01 -3.4755E-01  7.3965E-02  4.0117E-01
 -1.5822E-01  1.4375E-01  1.4233E+00  7.3965E-02  4.0117E-01
  8.9121E-01 -2.4738E-03 -1.1212E+00  7.3584E-02  4.0743E-01
 -1.3345E+00  4.0942E-02 -5.1843E-01  7.3584E-02  4.0743E-01
 -1.2728E+00 -1.6815E-01  6.3482E-01  7.3584E-02  4.0743E-01
  7.0368E-01  3.1853E-02 -1.2390E+00  7.3203E-02  4.1382E-01
 -4.9510E-01 -1.3683E-01 -1.3220E+00  7.2822E-02  4.2035E-01
  4.8184E-01 -8.1008E-03  1.3339E+00  7.2822E-02  4.2035E-01
  8.8788E-01  7.8970E-02 -1.1031E+00  7.2822E-02  4.2035E-01
  1.9155E-01  1.0124E-01 -1.3946E+00  7.2442E-02  4.2701E-01
  2.3780E-01 -1.4047E-01  1.3770E+00  7.2061E-02  4.3381E-01
  5.1401E-01  1.4906E-01  1.2984E+00  7.2061E-02  4.3381E-01
  9.2191E-01  9.2397E-02 -1.0554E+00  7.2061E-02  4.3381E-01
  1.2896E+00  7.5292E-02  5.5098E-01  7.2061E-02  4.3381E-01
  9.3102E-01  1.5838E-02 -1.0422E+00  7.1680E-02  4.4076E-01
  8.4711E-01 -5.4108E-02 -1.1016E+00  7.1300E-02  4.4786E-01
  4.1019E-01 -1.2805E-01 -1.3227E+00  7.1300E-02  4.4786E-01
 -4.2231E-02 -2.8313E-02  1.3898E+00  7.1300E-02  4.4786E-01
  5.8973E-01  8.0817E-02 -1.2569E+00  7.1300E-02  4.4786E-01
  1.2890E+00 -4.6740E-03 -5.0374E-01  7.0919E-02  4.5511E-01
 -1.0182E+00 -1.5026E-01  9.2521E-01  7.0919E-02  4.5511E-01
 -7.9116E-01  4.9453E-02  1.1344E+00  7.0919E-02  4.5511E-01
  1.2037E+00 -9.6188E-02 -6.7608E-01  7.0919E-02  4.5511E-01
 -1.5665E-01  4.9614E-02 -1.3674E+00  7.0538E-02  4.6253E-01
  1.2566E+00  1.5266E-01 -5.2538E-01  7.0157E-02  4.7010E-01
  5.2396E-01  1.5114E-01 -1.2574E+00  7.0157E-02  4.7010E-01
 -6.9573E-01  7.8360E-02 -1.1705E+00  6.9776E-02  4.7784E-01
  1.3336E+00  4.4240E-02  2.8234E-01  6.9776E-02  4.7784E-01
 -1.0865E+00  4.9454E-03 -8.1348E-01  6.9395E-02  4.8575E-01
  9.3750E-01 -9.2441E-02  9.7715E-01  6.9395E-02  4.8575E-01
 -4.0289E-01 -1.2869E-01 -1.2828E+00  6.9014E-02  4.9384E-01
 -1.3479E+00  5.5690E-02 -6.6735E-02  6.9014E-02  4.9384E-01
 -7.2330E-01  3.2245E-02  1.1326E+00  6.8633E-02  5.0211E-01
  9.3993E-01 -1.4964E-01  9.4927E-01  6.8633E-02  5.0211E-01
 -1.0984E+00  1.5628E-01  7.4744E-01  6.8252E-02  5.1057E-01
  9.9398E-01 -8.8098E-02  8.9100E-01  6.8252E-02  5.1057E-01
  1.3211E+00 -6.8622E-02  1.9923E-01  6.8252E-02  5.1057E-01
  6.4656E-01 -6.1862E-02 -1.1695E+00  6.8252E-02  5.1057E-01
  1.0309E+00 -1.6538E-01  8.2605E-01  6.7871E-02  5.1923E-01
  1.1480E+00  1.6370E-01  6.5414E-01  6.7871E-02  5.1923E-01
  7.8329E-01  3.9314E-02 -1.0758E+00  6.7871E-02  5.1923E-01
 -1.0450E+00  1.7538E-02  8.1439E-01  6.7489E-02  5.2808E-01
  1.3152E+00  2.2293E-03  1.6101E-01  6.7489E-02  5.2808E-01
 -2.7713E-01  8.9011E-02  1.2926E+00  6.7489E-02  5.2808E-01
 -1.0109E+00 -1.7401E-01  8.3869E-01  6.7489E-02  5.2808E-01
 -1.5833E-01  3.3048E-02 -1.3151E+00  6.7489E-02  5.2808E-01
 -2.7495E-01 -1.7506E-02 -1.2960E+00  6.7489E-02  5.2808E-01
  1.9365E-01 -9.5847E-02 -1.3008E+00  6.7108E-02  5.3713E-01
  9.9395E-01 -1.6718E-01  8.5029E-01  6.7108E-02  5.3713E-01
  1.2990E+00 -8.5349E-02  1.6663E-01  6.6726E-02  5.4640E-01
  1.2321E+00 -1.4851E-01 -4.2698E-01  6.6726E-02  5.4640E-01
 -1.2972E+00  1.2198E-01  1.5709E-01  6.6726E-02  5.4640E-01
  2.6441E-01  2.2051E-02  1.2789E+00  6.6345E-02  5.5588E-01
  7.8439E-01  9.8512E-02  1.0397E+00  6.6345E-02  5.5588E-01
  8.9119E-01  1.8195E-03 -9.5490E-01  6.6345E-02  5.5588E-01
  1.1391E+00 -1.0395E-01  6.3056E-01  6.6345E-02  5.5588E-01
 -9.0498E-01  9.4925E-02  9.2840E-01  6.5963E-02  5.6559E-01
 -1.1600E+00  1.7776E-01 -5.5913E-01  6.5963E-02  5.6559E-01
 -1.5112E-01  1.5021E-01 -1.2824E+00  6.5963E-02  5.6559E-01
  1.2306E+00  1.5632E-01  3.8884E-01  6.5963E-02  5.6559E-01
 -2.1541E-01  8.6508E-02  1.2728E+00  6.5581E-02  5.7553E-01
 -9.1649E-01  1.4831E-01 -9.0115E-01  6.5581E-02  5.7553E-01
  1.7812E-01 -1.3316E-01 -1.2746E+00  6.5581E-02  5.7553E-01
 -1.2757E+00 -4.3895E-02 -2.1142E-01  6.5581E-02  5.7553E-01
  4.2822E-01 -2.0043E-02 -1.2079E+00  6.4817E-02  5.9614E-01
 -1.2660E+00 -1.4177E-01  1.4125E-01  6.4817E-02  5.9614E-01
  1.1653E-02  8.6677E-03 -1.2757E+00  6.4434E-02  6.0681E-01
  6.9069E-01 -2.6298E-03 -1.0655E+00  6.4051E-02  6.1776E-01
  8.3777E-01  2.0051E-02 -9.5401E-01  6.4051E-02  6.1776E-01
 -1.0684E-01  5.9988E-03  1.2653E+00  6.4051E-02  6.1776E-01
  6.8624E-01 -1.0149E-01 -1.0636E+00  6.4051E-02  6.1776E-01
 -2.6688E-02 -3.6615E-02  1.2631E+00  6.3669E-02  6.2897E-01
  1.2588E-01 -1.0593E-05 -1.2576E+00  6.3669E-02  6.2897E-01
  1.1661E+00 -6.1541E-02 -4.8370E-01  6.3669E-02  6.2897E-01
 -1.0250E+00 -9.5502E-02 -7.2326E-01  6.3285E-02  6.4046E-01
  2.3071E-01 -1.6497E-01 -1.2257E+00  6.3285E-02  6.4046E-01
 -1.0469E+00  1.6057E-01 -6.7896E-01  6.3285E-02  6.4046E-01
 -6.7369E-01  1.9168E-02 -1.0555E+00  6.2902E-02  6.5224E-01
 -9.9062E-01  9.7841E-02 -7.5986E-01  6.2902E-02  6.5224E-01
 -5.4135E-02 -1.7196E-01 -1.2393E+00  6.2902E-02  6.5224E-01
 -1.2412E+00  1.5426E-01 -6.2385E-02  6.2902E-02  6.5224E-01
 -2.7462E-01  6.8859E-02 -1.2199E+00  6.2902E-02  6.5224E-01
 -7.9634E-01  3.2090E-02  9.5854E-01  6.2518E-02  6.6433E-01
  1.1985E+00 -1.8251E-01  2.9038E-01  6.2518E-02  6.6433E-01
  5.0611E-01 -5.8678E-02 -1.1315E+00  6.2134E-02  6.7672E-01
 -5.1683E-01 -5.8493E-03 -1.1281E+00  6.2134E-02  6.7672E-01
 -1.2241E+00  4.6412E-02  1.5956E-01  6.1750E-02  6.8943E-01
  3.8879E-01 -3.9785E-02  1.1718E+00  6.1750E-02  6.8943E-01
 -2.2671E-01 -1.7019E-02 -1.2142E+00  6.1750E-02  6.8943E-01
 -7.4517E-03 -5.2610E-02  1.2341E+00  6.1750E-02  6.8943E-01
  1.1341E+00 -1.5286E-01  4.6506E-01  6.1750E-02  6.8943E-01
  1.0064E+00 -5.1238E-02 -7.0478E-01  6.1365E-02  7.0248E-01
  7.3536E-01 -2.1488E-02  9.8539E-01  6.1365E-02  7.0248E-01
 -1.1204E+00  3.6696E-02  5.0557E-01  6.1365E-02  7.0248E-01
 -1.2124E+00  1.0613E-01  1.3246E-01  6.0980E-02  7.1587E-01
 -1.0109E+00  3.9309E-02  6.8935E-01  6.0980E-02  7.1587E-01
 -7.1851E-02 -1.2678E-02 -1.2166E+00  6.0595E-02  7.2962E-01
  7.2150E-01  1.3738E-01  9.6581E-01  6.0209E-02  7.4374E-01
  4.5776E-01 -1.7043E-01 -1.1107E+00  6.0209E-02  7.4374E-01
 -3.2902E-01  1.2875E-01  1.1608E+00  6.0209E-02  7.4374E-01
  7.9997E-01 -1.0508E-01 -8.9904E-01  5.9822E-02  7.5825E-01
 -6.3229E-01 -1.8114E-01 -1.0132E+00  5.9822E-02  7.5825E-01
  1.6673E-01  1.2663E-01 -1.1897E+00  5.9822E-02  7.5825E-01
 -6.0705E-01 -1.3981E-01 -1.0288E+00  5.9436E-02  7.7315E-01
  9.9190E-01 -1.0404E-01 -6.6277E-01  5.9048E-02  7.8847E-01
  1.0183E+00 -2.3630E-02 -6.2959E-01  5.9048E-02  7.8847E-01
  1.0813E+00 -1.8334E-02  5.1425E-01  5.9048E-02  7.8847E-01
 -5.9558E-02  4.9578E-02 -1.1950E+00  5.9048E-02  7.8847E-01
 -4.5051E-01 -6.9402E-02  1.1017E+00  5.8660E-02  8.0422E-01
 -8.7902E-01  6.1565E-02  8.0320E-01  5.8660E-02  8.0422E-01
 -1.0058E+00 -8.6561E-02 -6.3443E-01  5.8660E-02  8.0422E-01
 -1.1822E+00 -1.5403E-01  1.2748E-02  5.8660E-02  8.0422E-01
  1.1716E+00 -1.5916E-01 -1.0716E-01  5.8271E-02  8.2042E-01
  1.1589E+00 -3.2762E-02  2.5572E-01  5.8271E-02  8.2042E-01
 -1.0644E-01 -1.5833E-01  1.1718E+00  5.8271E-02  8.2042E-01
 -1.1767E+00  1.1272E-01 -9.0819E-03  5.7882E-02  8.3709E-01
  1.0054E+00 -1.8282E-01  5.9429E-01  5.7882E-02  8.3709E-01
  2.8919E-02  1.3056E-01 -1.1695E+00  5.7492E-02  8.5424E-01
  4.2825E-01 -4.9945E-02  1.0953E+00  5.7492E-02  8.5424E-01
  8.1852E-01  1.4533E-01  8.3338E-01  5.7492E-02  8.5424E-01
 -8.9577E-02 -3.1448E-02 -1.1733E+00  5.7492E-02  8.5424E-01
  9.2002E-01  1.4446E-01  7.1993E-01  5.7492E-02  8.5424E-01
 -1.1540E+00  1.7958E-01 -9.9872E-02  5.7101E-02  8.7190E-01
  1.0864E+00  1.1671E-01 -4.2437E-01  5.7101E-02  8.7190E-01
  8.0274E-01  1.5844E-01 -8.3935E-01  5.7101E-02  8.7190E-01
  4.7200E-01  1.1784E-01 -1.0611E+00  5.6710E-02  8.9009E-01
  1.1490E+00  8.8355E-02  1.5289E-01  5.6317E-02  9.0882E-01
 -1.0592E+00  2.2333E-02 -4.7842E-01  5.6317E-02  9.0882E-01
  1.0546E+00 -1.2851E-01  4.7182E-01  5.6317E-02  9.0882E-01
  1.0696E+00 -4.3904E-02 -4.5312E-01  5.6317E-02  9.0882E-01
 -7.5527E-01 -7.3323E-02 -8.7435E-01  5.5924E-02  9.2814E-01
 -2.4623E-01  5.1391E-02  1.1252E+00  5.5530E-02  9.4805E-01
 -9.3831E-01  1.7119E-01  6.4784E-01  5.5530E-02  9.4805E-01
  1.1018E+00 -1.5521E-01 -3.0216E-01  5.5530E-02  9.4805E-01
 -7.4202E-01 -1.6193E-01 -8.6754E-01  5.5530E-02  9.4805E-01
  1.0125E+00 -1.3572E-01 -5.2464E-01  5.5134E-02  9.6859E-01
  2.7792E-01  1.6788E-01  1.1015E+00  5.5134E-02  9.6859E-01
  8.2413E-01 -7.2980E-02 -7.9640E-01  5.5134E-02  9.6859E-01
 -1.0488E+00 -1.7419E-01 -4.3412E-01  5.5134E-02  9.6859E-01
 -7.9390E-01  8.0103E-02 -8.2587E-01  5.5134E-02  9.6859E-01
 -6.3699E-01  3.5005E-02  9.5487E-01  5.5134E-02  9.6859E-01
 -1.1415E+00 -6.6774E-02  2.8405E-02  5.4738E-02  9.8980E-01
 -1.0480E-02  1.5796E-02  1.1436E+00  5.4738E-02  9.8980E-01
  1.0784E+00  1.7752E-01  3.2184E-01  5.4340E-02  1.0117E+00
  4.3758E-01 -1.4509E-01  1.0418E+00  5.4340E-02  1.0117E+00
  1.3241E-01 -4.3788E-02  1.1307E+00  5.4340E-02  1.0117E+00
 -1.0950E+00 -1.6637E-01 -2.6690E-01  5.4340E-02  1.0117E+00
 -1.4787E-01  1.5183E-01 -1.1149E+00  5.3941E-02  1.0343E+00
  2.6779E-01 -1.1328E-01 -1.0970E+00  5.3941E-02  1.0343E+00
  1.1267E+00 -3.1442E-02  1.3198E-01  5.3941E-02  1.0343E+00
  1.0596E+00 -5.9458E-02 -3.8945E-01  5.3541E-02  1.0577E+00
 -4.8247E-01  1.0838E-01  1.0166E+00  5.3541E-02  1.0577E+00
 -1.3232E-01 -1.0036E-01  1.1182E+00  5.3541E-02  1.0577E+00
  1.0771E+00 -7.2583E-02  3.3544E-01  5.3541E-02  1.0577E+00
 -1.0221E+00 -1.6004E-02  4.8265E-01  5.3541E-02  1.0577E+00
  4.3533E-01  8.4416E-02  1.0398E+00  5.3541E-02  1.0577E+00
  9.7525E-01 -1.7931E-01 -5.4282E-01  5.3541E-02  1.0577E+00
  5.5566E-01  1.8153E-01 -9.6758E-01  5.3541E-02  1.0577E+00
  3.7936E-01  1.5620E-01 -1.0487E+00  5.3139E-02  1.0818E+00
  1.1187E+00 -3.2037E-02 -1.2522E-01  5.3139E-02  1.0818E+00
 -9.5096E-01  1.8318E-01  5.7471E-01  5.3139E-02  1.0818E+00
 -5.9141E-01 -1.2727E-01 -9.4479E-01  5.2736E-02  1.1068E+00
  1.0222E+00 -1.7904E-01 -4.2612E-01  5.2736E-02  1.1068E+00
  7.1061E-01 -6.4753E-02 -8.6570E-01  5.2736E-02  1.1068E+00
  1.6058E-01  1.3488E-02  1.1102E+00  5.2736E-02  1.1068E+00
 -1.1059E+00 -2.3780E-02  1.5992E-01  5.2331E-02  1.1327E+00
 -4.5820E-01  3.6528E-02  1.0188E+00  5.2331E-02  1.1327E+00
  8.7080E-01 -1.7033E-01 -6.7963E-01  5.2331E-02  1.1327E+00
 -8.9950E-01 -2.6297E-02  6.6289E-01  5.2331E-02  1.1327E+00
  1.0516E+00  1.4752E-01 -3.3527E-01  5.1925E-02  1.1595E+00
 -4.1915E-01  2.8621E-02 -1.0313E+00  5.1925E-02  1.1595E+00
  7.0694E-01 -1.5221E-01  8.4680E-01  5.1925E-02  1.1595E+00
  8.3166E-01  1.3273E-01 -7.2851E-01  5.1925E-02  1.1595E+00
 -4.3752E-01 -1.6659E-01  1.0104E+00  5.1925E-02  1.1595E+00
  5.2152E-01 -1.0495E-01 -9.7826E-01  5.1925E-02  1.1595E+00
 -8.8093E-01  4.3733E-02  6.7308E-01  5.1516E-02  1.1873E+00
  9.8519E-01 -4.7641E-02  5.0803E-01  5.1516E-02  1.1873E+00
  8.2724E-01  1.8051E-01 -7.1698E-01  5.1516E-02  1.1873E+00
 -2.2701E-01 -7.5786E-02 -1.0793E+00  5.1106E-02  1.2161E+00
 -7.9629E-01  1.7926E-01  7.4560E-01  5.1106E-02  1.2161E+00
 -1.1010E+00  9.7637E-02 -2.0018E-02  5.1106E-02  1.2161E+00
 -9.1380E-01 -3.3052E-02  6.2130E-01  5.1106E-02  1.2161E+00
 -1.0899E+00 -1.2281E-01  1.0201E-01  5.0694E-02  1.2461E+00
 -7.7361E-01 -1.1410E-01 -7.7587E-01  5.0694E-02  1.2461E+00
  1.0983E+00  6.6688E-02 -5.2624E-02  5.0694E-02  1.2461E+00
  3.5510E-01  5.0696E-02 -1.0415E+00  5.0694E-02  1.2461E+00
  1.0391E+00  1.4583E-01 -3.3528E-01  5.0694E-02  1.2461E+00
 -1.0547E+00  1.5086E-01  2.7979E-01  5.0694E-02  1.2461E+00
  8.9631E-01 -2.4975E-03  6.3372E-01  5.0279E-02  1.2771E+00
  4.8654E-01  1.7642E-02  9.8384E-01  5.0279E-02  1.2771E+00
  2.5695E-01  1.5928E-01 -1.0513E+00  4.9863E-02  1.3094E+00
  1.0228E+00 -1.1712E-01 -3.7002E-01  4.9863E-02  1.3094E+00
 -3.3020E-01  1.6656E-01 -1.0295E+00  4.9863E-02  1.3094E+00
  5.1802E-01 -1.6664E-01 -9.4898E-01  4.9863E-02  1.3094E+00
  7.8832E-01 -2.4158E-02  7.5267E-01  4.9444E-02  1.3430E+00
  7.9885E-01 -1.3733E-01 -7.2359E-01  4.9022E-02  1.3780E+00
 -1.0434E+00  8.3681E-02 -2.9142E-01  4.9022E-02  1.3780E+00
 -1.0432E+00  3.2270E-02  3.0230E-01  4.9022E-02  1.3780E+00
 -9.9068E-01 -5.0011E-02 -4.3460E-01  4.8597E-02  1.4144E+00
 -1.0107E+00 -1.5340E-01  3.5740E-01  4.8597E-02  1.4144E+00
 -7.1460E-01 -1.1977E-01 -8.0014E-01  4.8170E-02  1.4524E+00
 -3.9823E-01 -7.1956E-03  1.0033E+00  4.8170E-02  1.4524E+00
  5.8210E-01 -1.1751E-01  9.0143E-01  4.8170E-02  1.4524E+00
  5.0402E-02 -1.2187E-01 -1.0714E+00  4.8170E-02  1.4524E+00
  6.5113E-01 -4.5577E-02 -8.5543E-01  4.7739E-02  1.4920E+00
  1.0643E+00 -1.3872E-01 -7.6653E-02  4.7739E-02  1.4920E+00
  1.0603E+00  1.7558E-01 -5.3003E-02  4.7739E-02  1.4920E+00
  4.7920E-01  2.2755E-02 -9.6315E-01  4.7739E-02  1.4920E+00
  4.0092E-01  1.0011E-01  9.9350E-01  4.7739E-02  1.4920E+00
  9.3975E-01 -4.1216E-02 -5.2248E-01  4.7739E-02  1.4920E+00
  9.7554E-01 -6.6375E-02  4.4914E-01  4.7739E-02  1.4920E+00
 -8.9127E-01 -1.4784E-01  5.7823E-01  4.7306E-02  1.5334E+00
 -8.6738E-01 -1.4289E-01 -6.0887E-01  4.6868E-02  1.5768E+00
 -9.8291E-01 -8.0530E-02 -4.1340E-01  4.6868E-02  1.5768E+00
  1.0204E+00 -1.0596E-01  3.0191E-01  4.6868E-02  1.5768E+00
  8.9862E-01 -1.4214E-01 -5.5577E-01  4.6427E-02  1.6222E+00
  5.4432E-01  1.3503E-01 -9.0669E-01  4.6427E-02  1.6222E+00
 -3.4818E-01  7.3724E-02  1.0050E+00  4.6427E-02  1.6222E+00
  9.5776E-01  1.4865E-01 -4.3644E-01  4.5982E-02  1.6697E+00
 -5.7743E-01 -5.7189E-02  8.9061E-01  4.5982E-02  1.6697E+00
  8.8260E-01 -1.4714E-01  5.6808E-01  4.5533E-02  1.7196E+00
  1.0475E+00 -1.2938E-01  9.7030E-02  4.5533E-02  1.7196E+00
 -5.7628E-01  9.2286E-02 -8.8472E-01  4.5533E-02  1.7196E+00
  1.0452E+00  9.2198E-02 -1.4966E-01  4.5533E-02  1.7196E+00
 -3.6953E-01 -1.7139E-01  9.7847E-01  4.5533E-02  1.7196E+00
 -6.9924E-02  1.6862E-01 -1.0410E+00  4.5079E-02  1.7721E+00
 -5.0189E-01 -9.1651E-02  9.2557E-01  4.5079E-02  1.7721E+00
  6.7964E-01  1.3764E-01  7.9756E-01  4.5079E-02  1.7721E+00
  7.5475E-03  5.5049E-02  1.0525E+00  4.4620E-02  1.8273E+00
  4.4813E-01  1.2087E-01  9.4622E-01  4.4620E-02  1.8273E+00
  7.7539E-01 -1.8021E-03 -7.1382E-01  4.4620E-02  1.8273E+00
  1.0516E+00  5.3637E-02 -4.6176E-02  4.4620E-02  1.8273E+00
  9.7192E-01 -1.4622E-02 -3.9987E-01  4.4156E-02  1.8855E+00
 -1.0201E+00  1.7843E-01 -1.7969E-01  4.4156E-02  1.8855E+00
 -5.8815E-01  5.7531E-02 -8.6920E-01  4.4156E-02  1.8855E+00
  4.7143E-01 -8.4238E-02 -9.3250E-01  4.3687E-02  1.9469E+00
 -9.0425E-01 -8.7663E-03  5.3023E-01  4.3687E-02  1.9469E+00
  3.6207E-01 -3.4102E-02  9.8318E-01  4.3687E-02  1.9469E+00
  1.0323E+00 -2.5955E-02  1.8076E-01  4.3687E-02  1.9469E+00
  1.3021E-01  1.4283E-01 -1.0275E+00  4.3212E-02  2.0119E+00
 -1.9091E-01 -3.5898E-02 -1.0274E+00  4.3212E-02  2.0119E+00
  2.2147E-01  1.2818E-01  1.0138E+00  4.3212E-02  2.0119E+00
  1.1432E-01  1.5392E-01 -1.0278E+00  4.3212E-02  2.0119E+00
  1.0231E+00  2.2604E-02 -2.0093E-01  4.2730E-02  2.0806E+00
  1.0283E+00 -1.2822E-01 -1.1810E-01  4.2730E-02  2.0806E+00
  2.7480E-01 -7.2929E-02 -1.0034E+00  4.2730E-02  2.0806E+00
 -2.0537E-01  1.6336E-01 -1.0094E+00  4.2730E-02  2.0806E+00
 -1.0069E+00  1.7373E-01  2.0882E-01  4.2730E-02  2.0806E+00
  9.3023E-02  5.3348E-02  1.0348E+00  4.2242E-02  2.1536E+00
  6.7415E-01 -1.8534E-01  7.7041E-01  4.2242E-02  2.1536E+00
 -7.7096E-01 -3.2627E-02  6.9779E-01  4.2242E-02  2.1536E+00
  9.9541E-01 -1.2773E-01  2.6465E-01  4.1747E-02  2.2312E+00
 -4.8599E-01  1.7422E-01 -9.0036E-01  4.1747E-02  2.2312E+00
 -1.0087E+00 -4.8602E-02  2.3946E-01  4.1747E-02  2.2312E+00
 -8.8060E-01  1.2721E-01  5.2968E-01  4.1244E-02  2.3138E+00
  5.0224E-01 -4.0709E-02 -9.0460E-01  4.1244E-02  2.3138E+00
 -9.5304E-01 -1.6115E-01 -3.7140E-01  4.1244E-02  2.3138E+00
  2.0567E-01 -1.4349E-01 -1.0046E+00  4.1244E-02  2.3138E+00
  9.9089E-01  3.6475E-02 -2.9835E-01  4.1244E-02  2.3138E+00
  2.3854E-02 -2.4430E-02 -1.0326E+00  4.0733E-02  2.4020E+00
  6.2149E-01  1.2391E-01  8.1594E-01  4.0733E-02  2.4020E+00
 -1.0099E+00 -1.4226E-02 -2.0665E-01  4.0213E-02  2.4964E+00
  9.5057E-01 -1.8353E-01  3.5419E-01  4.0213E-02  2.4964E+00
  7.9657E-01  6.7517E-02 -6.4740E-01  3.9683E-02  2.5977E+00
 -7.0799E-01  9.4739E-02  7.4027E-01  3.9683E-02  2.5977E+00
 -1.0107E+00 -1.4091E-01  1.2963E-01  3.9683E-02  2.5977E+00
  9.4360E-02 -1.6592E-01 -1.0108E+00  3.9683E-02  2.5977E+00
  5.4003E-01 -5.0890E-02  8.7159E-01  3.9143E-02  2.7067E+00
 -3.9544E-01  4.9575E-02  9.4608E-01  3.9143E-02  2.7067E+00
  1.9712E-01  6.4787E-02  1.0054E+00  3.9143E-02  2.7067E+00
 -5.4885E-01  5.9050E-02  8.6555E-01  3.9143E-02  2.7067E+00
 -4.2402E-01  1.5799E-01 -9.2149E-01  3.9143E-02  2.7067E+00
 -8.4299E-01  6.1650E-02 -5.8263E-01  3.9143E-02  2.7067E+00
 -9.9838E-01  1.1331E-01  2.1046E-01  3.9143E-02  2.7067E+00
 -6.3419E-01 -1.3227E-01  7.9376E-01  3.8592E-02  2.8243E+00
  4.1637E-02  1.3620E-01 -1.0146E+00  3.8592E-02  2.8243E+00
  7.5196E-01  9.2055E-02 -6.8981E-01  3.8592E-02  2.8243E+00
 -9.9317E-01 -1.3290E-01  2.1378E-01  3.8592E-02  2.8243E+00
 -9.7568E-02 -7.9433E-02 -1.0168E+00  3.8592E-02  2.8243E+00
  9.8674E-01 -6.7543E-02  2.6747E-01  3.8592E-02  2.8243E+00
 -1.2415E-01 -1.5431E-01  1.0052E+00  3.8592E-02  2.8243E+00
 -5.2378E-01  1.7262E-02  8.7814E-01  3.8029E-02  2.9517E+00
  3.1051E-01 -1.5862E-01 -9.6135E-01  3.8029E-02  2.9517E+00
 -8.2018E-02 -1.7822E-01 -1.0017E+00  3.7452E-02  3.0900E+00
 -1.0156E+00  2.8091E-02  9.8424E-02  3.7452E-02  3.0900E+00
  2.8406E-01  5.0033E-02 -9.7730E-01  3.6862E-02  3.2409E+00
 -1.0103E+00 -1.3238E-01  1.2354E-02  3.6862E-02  3.2409E+00
  9.5769E-01 -5.2453E-02 -3.4405E-01  3.6862E-02  3.2409E+00
 -9.5551E-01  7.4391E-02  3.4101E-01  3.6256E-02  3.4062E+00
 -5.1234E-01  1.1310E-01  8.6961E-01  3.5633E-02  3.5880E+00
  1.5585E-01 -7.4318E-02 -1.0008E+00  3.5633E-02  3.5880E+00
 -6.5107E-02 -2.1596E-03 -1.0135E+00  3.5633E-02  3.5880E+00
  1.0040E+00  1.5309E-01 -6.1979E-03  3.5633E-02  3.5880E+00
  2.8136E-01  1.7989E-01 -9.5916E-01  3.5633E-02  3.5880E+00
 -5.2764E-01  1.1406E-01  8.5846E-01  3.4991E-02  3.7890E+00
 -9.8897E-01 -1.6347E-01 -1.5352E-01  3.4991E-02  3.7890E+00
  7.2728E-01 -6.2504E-02  7.0393E-01  3.4991E-02  3.7890E+00
 -6.6357E-01 -8.4948E-03  7.6484E-01  3.4329E-02  4.0125E+00
  2.3441E-01 -3.5978E-03  9.8510E-01  3.4329E-02  4.0125E+00
 -8.2521E-01  3.6313E-02  5.8574E-01  3.4329E-02  4.0125E+00
  4.3936E-01  3.6456E-02  9.1160E-01  3.4329E-02  4.0125E+00
  8.7096E-01  2.9600E-02  5.1568E-01  3.4329E-02  4.0125E+00
  1.0988E-01 -1.5381E-01  9.9481E-01  3.4329E-02  4.0125E+00
  8.7305E-01  3.9222E-02 -5.0873E-01  3.3644E-02  4.2626E+00
  8.2859E-01  1.7928E-01  5.5124E-01  3.3644E-02  4.2626E+00
  1.0046E+00  1.1515E-01 -8.1340E-03  3.3644E-02  4.2626E+00
 -9.9864E-01  1.0701E-01  1.0576E-01  3.2934E-02  4.5444E+00
 -8.7837E-01  1.4151E-01 -4.7787E-01  3.2934E-02  4.5444E+00
  9.5421E-02  8.3475E-02 -1.0019E+00  3.2934E-02  4.5444E+00
  6.2709E-01  1.6417E-01 -7.7442E-01  3.2934E-02  4.5444E+00
 -5.2757E-01 -1.5478E-01 -8.4713E-01  3.2934E-02  4.5444E+00
 -4.8666E-01 -1.3196E-01 -8.7361E-01  3.2195E-02  4.8645E+00
  6.7105E-01  1.3288E-01  7.4126E-01  3.2195E-02  4.8645E+00
 -9.8551E-01  1.5779E-01 -1.4598E-01  3.2195E-02  4.8645E+00
 -5.4037E-01 -1.5780E-02 -8.5022E-01  3.1425E-02  5.2312E+00
 -7.5781E-01  3.9453E-02  6.6279E-01  3.1425E-02  5.2312E+00
 -8.7534E-01  1.6312E-01 -4.7147E-01  3.1425E-02  5.2312E+00
 -7.7882E-01 -1.8126E-01 -6.1294E-01  3.1425E-02  5.2312E+00
  8.2253E-01 -1.4798E-01  5.6273E-01  3.1425E-02  5.2312E+00
  9.8645E-01 -7.9214E-02  1.8911E-01  3.1425E-02  5.2312E+00
  5.8923E-01 -1.2180E-01  8.0814E-01  3.1425E-02  5.2312E+00
 -2.5135E-01 -1.1887E-01 -9.6841E-01  3.1425E-02  5.2312E+00
  7.5864E-01 -1.3378E-01 -6.4772E-01  3.0618E-02  5.6557E+00
  6.3135E-01 -1.1245E-01  7.7571E-01  3.0618E-02  5.6557E+00
 -7.3175E-01  7.8035E-02 -6.8660E-01  3.0618E-02  5.6557E+00
  9.0364E-01 -7.2787E-02 -4.3488E-01  2.9770E-02  6.1530E+00
 -9.8394E-01 -1.8517E-01 -9.2513E-02  2.9770E-02  6.1530E+00
  1.0028E+00  4.8563E-02  3.5362E-02  2.8874E-02  6.7438E+00
 -3.1770E-02  1.6175E-01 -9.9096E-01  2.8874E-02  6.7438E+00
 -6.7041E-01 -1.6972E-01 -7.2750E-01  2.7921E-02  7.4574E+00
 -9.7847E-01  1.4588E-01  1.6979E-01  2.7921E-02  7.4574E+00
 -2.9644E-01  1.5109E-01  9.4700E-01  2.7921E-02  7.4574E+00
 -5.5175E-01 -8.7767E-02 -8.3300E-01  2.6903E-02  8.3369E+00
 -9.2462E-01  1.7604E-01 -3.4656E-01  2.6903E-02  8.3369E+00
 -1.0752E-01 -1.2076E-01 -9.8989E-01  2.6903E-02  8.3369E+00
  8.8931E-01  8.7926E-02 -4.5398E-01  2.5804E-02  9.4481E+00
 -2.3315E-01 -5.6936E-02  9.7319E-01  2.5804E-02  9.4481E+00
  8.9080E-01 -7.9457E-02  4.5133E-01  2.4606E-02  1.0897E+01
 -5.6177E-01  5.8857E-02  8.2734E-01  2.4606E-02  1.0897E+01
  8.3113E-01 -7.4038E-02  5.5433E-01  2.4606E-02  1.0897E+01
 -8.4406E-01 -1.1836E-01  5.2639E-01  2.4606E-02  1.0897E+01
 -7.9003E-01 -3.1071E-02 -6.1435E-01  2.3280E-02  1.2866E+01
 -9.1539E-01 -9.9911E-02  3.9322E-01  2.3280E-02  1.2866E+01
  9.1251E-01  1.0322E-01  3.9901E-01  2.3280E-02  1.2866E+01
  3.7026E-01  4.6089E-02  9.2915E-01  2.3280E-02  1.2866E+01
  4.5633E-02 -2.9834E-02 -9.9978E-01  2.3280E-02  1.2866E+01
  9.6532E-01  1.6447E-01  2.0692E-01  2.1787E-02  1.5696E+01
  5.9660E-01  1.4026E-01  7.9127E-01  2.1787E-02  1.5696E+01
 -9.4251E-01  6.6719E-02 -3.3004E-01  2.1787E-02  1.5696E+01
 -9.9083E-02  1.1487E-01  9.8895E-01  2.0058E-02  2.0115E+01
  5.4011E-01  1.5692E-01 -8.2746E-01  2.0058E-02  2.0115E+01
 -9.3667E-01 -7.6203E-02 -3.4333E-01  2.0058E-02  2.0115E+01
  9.2420E-01  1.5038E-01  3.5183E-01  1.7969E-02  2.7981E+01
 -2.3722E-01 -3.2900E-02 -9.7118E-01  1.7969E-02  2.7981E+01
  3.3081E-02  1.7965E-01 -9.8345E-01  1.7969E-02  2.7981E+01
  9.9968E-01 -1.9362E-02  2.8213E-02  1.7969E-02  2.7981E+01
  8.5764E-01  5.7180E-02  5.1159E-01  1.7969E-02  2.7981E+01
