0.22661485714286D+02       622
(x,y,z) position of the X-ray source
 -0.1629E+01 -0.4011E-01 -0.7654E+00
x | y | z | R | rho
 -1.0324E+00  1.5999E-01  9.5610E+00  3.1400E-01  5.2435E-03
 -2.0514E+00 -2.4619E-01  9.1201E+00  3.0800E-01  5.5561E-03
  1.1784E+00 -2.6668E-01  8.8457E+00  2.9834E-01  6.1129E-03
  2.5074E-02  3.0085E-01  8.6813E+00  2.9277E-01  6.4687E-03
 -9.0179E-01  8.3426E-02  8.4695E+00  2.8884E-01  6.7361E-03
 -1.7654E+00  6.1595E-02  8.2834E+00  2.8772E-01  6.8155E-03
  1.7971E+00  9.1668E-02  7.9438E+00  2.8007E-01  7.3893E-03
 -1.7375E+00 -2.0401E-01  7.8935E+00  2.7865E-01  7.5033E-03
 -1.6747E+00  2.7808E-01  7.8926E+00  2.7836E-01  7.5264E-03
 -1.4526E+00 -1.6664E-01  7.9030E+00  2.7750E-01  7.5963E-03
  1.2061E+00 -9.8036E-03  7.8854E+00  2.7607E-01  7.7151E-03
  1.0456E+00 -1.9504E-01  7.7488E+00  2.7234E-01  8.0368E-03
 -1.9066E+00 -1.5301E-01  7.4852E+00  2.7003E-01  8.2447E-03
 -1.2662E-01  1.4410E-01  7.7114E+00  2.6974E-01  8.2712E-03
 -4.2583E-01  1.8982E-01  7.6637E+00  2.6887E-01  8.3516E-03
  1.0622E+00 -7.4802E-02  7.5916E+00  2.6858E-01  8.3786E-03
 -1.8874E+00  5.8886E-02  7.2694E+00  2.6481E-01  8.7422E-03
 -7.1468E-01  2.4674E-01  7.4485E+00  2.6422E-01  8.8001E-03
 -5.0635E-01  1.3682E-01  7.0388E+00  2.5364E-01  9.9478E-03
 -1.6625E+00  3.2030E-01  6.5832E+00  2.4709E-01  1.0760E-02
  6.6980E-01  6.4700E-02  6.7521E+00  2.4680E-01  1.0799E-02
 -2.5019E-01 -2.2769E-01  6.7179E+00  2.4530E-01  1.0998E-02
  1.2436E-01  6.2770E-02  6.7250E+00  2.4530E-01  1.0998E-02
  3.0608E-01  3.1078E-01  6.5465E+00  2.4108E-01  1.1585E-02
  2.0229E-01  3.2922E-02  6.4753E+00  2.3896E-01  1.1896E-02
  2.5976E-01  2.3243E-01  6.4455E+00  2.3836E-01  1.1987E-02
  1.4476E+00 -1.5892E-01  6.1555E+00  2.3501E-01  1.2507E-02
 -6.4414E-01  3.8662E-02  6.2452E+00  2.3379E-01  1.2703E-02
 -2.9206E-01 -3.2250E-01  6.1691E+00  2.3134E-01  1.3111E-02
  9.9416E-02  1.4198E-01  6.1468E+00  2.3042E-01  1.3269E-02
 -1.1235E+00 -1.9839E-01  5.8279E+00  2.2487E-01  1.4277E-02
  5.9967E-01 -1.5540E-01  5.8826E+00  2.2424E-01  1.4396E-02
  1.4155E+00 -4.3626E-02  5.4185E+00  2.1581E-01  1.6151E-02
 -4.6115E-01 -7.1864E-02  5.5461E+00  2.1486E-01  1.6365E-02
  1.2957E-01  2.3068E-01  5.4549E+00  2.1202E-01  1.7032E-02
 -9.2297E-01 -6.2184E-04  5.1833E+00  2.0661E-01  1.8405E-02
  5.3629E-02  7.8317E-02  5.2293E+00  2.0565E-01  1.8663E-02
  9.5218E-01  1.0236E-01  5.0715E+00  2.0373E-01  1.9197E-02
 -8.5166E-01 -6.2891E-02  5.0200E+00  2.0180E-01  1.9753E-02
 -1.4000E+00  2.6697E-01  4.8168E+00  1.9987E-01  2.0333E-02
  1.4234E+00 -1.2935E-01  4.7677E+00  1.9857E-01  2.0733E-02
 -1.6672E+00 -8.8676E-02  4.6038E+00  1.9630E-01  2.1461E-02
 -1.9728E+00 -1.5008E-01  4.4173E+00  1.9467E-01  2.2004E-02
  6.0937E-01  1.3313E-01  4.6733E+00  1.9107E-01  2.3270E-02
 -1.5340E+00 -1.9021E-01  4.2615E+00  1.8580E-01  2.5308E-02
 -9.5221E-01  2.0694E-01  4.3230E+00  1.8281E-01  2.6569E-02
  1.7764E+00  2.7483E-01  4.0012E+00  1.8148E-01  2.7159E-02
 -1.1980E+00  1.1311E-01  4.1596E+00  1.7981E-01  2.7923E-02
  1.6339E+00 -1.4564E-01  3.8859E+00  1.7645E-01  2.9546E-02
 -1.5897E+00 -9.8461E-02  3.7969E+00  1.7342E-01  3.1126E-02
  1.2335E+00  1.8481E-01  3.9122E+00  1.7308E-01  3.1308E-02
 -1.3501E+00  1.7929E-01  3.8620E+00  1.7274E-01  3.1493E-02
 -3.6444E-01  1.2883E-02  4.0118E+00  1.7071E-01  3.2633E-02
 -1.1448E+00  7.3590E-02  3.7226E+00  1.6661E-01  3.5098E-02
 -5.3196E-01  1.9086E-01  3.7872E+00  1.6456E-01  3.6431E-02
 -6.1705E-01  1.5493E-01  3.7090E+00  1.6249E-01  3.7837E-02
  1.5300E-01  7.1526E-02  3.7593E+00  1.6249E-01  3.7837E-02
 -1.5585E+00 -1.6624E-01  3.3487E+00  1.6042E-01  3.9323E-02
 -6.6395E-01 -1.7022E-01  3.5999E+00  1.5938E-01  4.0097E-02
  6.4542E-02  1.4650E-01  3.6610E+00  1.5938E-01  4.0097E-02
  1.2602E+00  1.5887E-01  3.3675E+00  1.5730E-01  4.1712E-02
  5.4023E-01  1.4312E-02  3.4265E+00  1.5311E-01  4.5230E-02
 -1.5386E+00  1.1930E-01  3.1066E+00  1.5311E-01  4.5230E-02
 -8.6517E-01  8.4504E-03  3.3146E+00  1.5170E-01  4.6497E-02
  2.6320E-01  9.5215E-02  3.4034E+00  1.5135E-01  4.6822E-02
 -9.4245E-01 -1.7502E-02  3.2710E+00  1.5100E-01  4.7150E-02
 -8.2616E-01 -1.1398E-01  3.3003E+00  1.5100E-01  4.7150E-02
 -7.2421E-01 -2.3236E-01  3.2959E+00  1.5030E-01  4.7815E-02
  1.4809E+00  6.7518E-02  3.0045E+00  1.4924E-01  4.8838E-02
  1.6646E+00 -5.1244E-03  2.8208E+00  1.4676E-01  5.1350E-02
  7.5588E-01  1.8750E-01  3.1484E+00  1.4570E-01  5.2483E-02
 -1.9115E+00  1.4691E-01  2.5099E+00  1.4286E-01  5.5682E-02
  1.2327E+00 -2.0649E-01  2.8543E+00  1.4143E-01  5.7386E-02
  1.3912E+00  2.1572E-01  2.7206E+00  1.3964E-01  5.9620E-02
  3.4994E-01  1.5975E-01  3.0178E+00  1.3892E-01  6.0548E-02
  1.2932E+00 -1.6745E-01  2.5860E+00  1.3388E-01  6.7653E-02
 -9.3351E-01  1.7660E-01  2.7359E+00  1.3388E-01  6.7653E-02
  7.2707E-03  9.6529E-03  2.8650E+00  1.3279E-01  6.9327E-02
 -1.2343E+00  1.6142E-01  2.5805E+00  1.3279E-01  6.9327E-02
  1.1625E-01  5.7282E-02  2.8518E+00  1.3243E-01  6.9898E-02
  8.3109E-01  1.5588E-01  2.7266E+00  1.3243E-01  6.9898E-02
 -1.0574E+00 -1.8755E-01  2.6339E+00  1.3207E-01  7.0476E-02
  5.7717E-01 -1.3996E-01  2.7501E+00  1.3098E-01  7.2249E-02
  3.4563E-01  3.0843E-02  2.7713E+00  1.3025E-01  7.3466E-02
  2.2093E-01 -2.1056E-01  2.7659E+00  1.2988E-01  7.4085E-02
 -1.5182E+00 -1.5627E-01  2.2899E+00  1.2879E-01  7.5987E-02
 -7.9399E-01 -8.0047E-02  2.6230E+00  1.2843E-01  7.6636E-02
  6.4007E-01 -7.4285E-02  2.6544E+00  1.2806E-01  7.7293E-02
  2.1339E-01 -1.6229E-01  2.6876E+00  1.2697E-01  7.9312E-02
 -7.6980E-01 -1.9707E-01  2.5177E+00  1.2477E-01  8.3577E-02
 -1.6390E+00 -1.9976E-02  2.0568E+00  1.2440E-01  8.4318E-02
  1.8201E+00 -4.2021E-02 -1.8840E+00  1.2403E-01  8.5069E-02
 -1.8038E+00  1.8400E-01 -1.8911E+00  1.2403E-01  8.5069E-02
 -4.8211E-01  2.0466E-01  2.4851E+00  1.2109E-01  9.1425E-02
 -4.1548E-01  3.7446E-03  2.4953E+00  1.2072E-01  9.2266E-02
 -8.7770E-01 -4.1951E-02  2.3509E+00  1.1998E-01  9.3979E-02
 -7.9682E-01 -9.0556E-02  2.3573E+00  1.1925E-01  9.5738E-02
 -9.0975E-01 -2.1722E-03  2.3178E+00  1.1925E-01  9.5738E-02
 -1.6986E-01  2.0766E-01  2.4357E+00  1.1776E-01  9.9393E-02
  1.9228E+00 -2.0102E-01 -1.5056E+00  1.1776E-01  9.9393E-02
  1.5472E+00 -1.1437E-01  1.8840E+00  1.1739E-01  1.0034E-01
  1.5688E+00 -3.8242E-02  1.8045E+00  1.1554E-01  1.0525E-01
 -1.8435E+00  1.8894E-01 -1.5115E+00  1.1554E-01  1.0525E-01
 -6.2167E-01 -7.6789E-02  2.2978E+00  1.1517E-01  1.0627E-01
 -1.8432E+00 -1.8365E-01  1.4185E+00  1.1331E-01  1.1159E-01
 -1.4840E+00  1.8717E-02 -1.7876E+00  1.1293E-01  1.1270E-01
  1.9071E+00  1.4521E-02 -1.2407E+00  1.1107E-01  1.1847E-01
 -1.8974E+00 -1.3435E-01  1.2308E+00  1.1070E-01  1.1968E-01
 -1.8571E+00 -5.6116E-02 -1.2628E+00  1.0995E-01  1.2214E-01
 -1.8320E+00  1.4658E-01  1.2919E+00  1.0995E-01  1.2214E-01
 -1.7692E+00  1.7210E-01 -1.3580E+00  1.0957E-01  1.2339E-01
  1.4123E+00 -7.9626E-03 -1.7225E+00  1.0920E-01  1.2466E-01
  1.0480E+00  1.5004E-01  1.9381E+00  1.0845E-01  1.2727E-01
 -1.6913E+00 -1.2936E-01  1.4142E+00  1.0845E-01  1.2727E-01
  1.4942E-01 -1.3319E-01  2.1709E+00  1.0733E-01  1.3131E-01
 -1.8156E+00  2.5107E-02  1.2065E+00  1.0733E-01  1.3131E-01
  6.9357E-01  1.2469E-01  2.0233E+00  1.0582E-01  1.3698E-01
  2.8538E-03 -4.9147E-02  2.1326E+00  1.0545E-01  1.3845E-01
  4.3740E-01  1.8099E-01  2.0608E+00  1.0470E-01  1.4145E-01
  3.8878E-02  1.8240E-01  2.0969E+00  1.0432E-01  1.4299E-01
 -1.2839E+00 -1.7480E-01 -1.6592E+00  1.0432E-01  1.4299E-01
  9.2159E-01  7.9530E-02 -1.8704E+00  1.0357E-01  1.4613E-01
  8.2221E-02 -1.3370E-01  2.0715E+00  1.0319E-01  1.4773E-01
 -1.4343E+00 -3.7833E-02 -1.4767E+00  1.0244E-01  1.5102E-01
  1.6709E+00  8.3184E-02  1.1844E+00  1.0206E-01  1.5269E-01
  1.5751E+00  1.1514E-01  1.2923E+00  1.0168E-01  1.5440E-01
  1.2976E+00  6.2603E-02  1.5618E+00  1.0131E-01  1.5613E-01
  9.9065E-01  2.9083E-02  1.7629E+00  1.0093E-01  1.5789E-01
  1.4794E-01  1.5652E-01  2.0109E+00  1.0093E-01  1.5789E-01
  1.4594E+00  1.6343E-01 -1.3905E+00  1.0093E-01  1.5789E-01
 -1.8609E+00 -1.1903E-01 -7.5913E-01  1.0055E-01  1.5967E-01
 -1.5152E+00 -6.9265E-02 -1.3239E+00  1.0055E-01  1.5967E-01
  1.1467E+00  1.8724E-01 -1.6330E+00  1.0017E-01  1.6148E-01
  1.6007E+00  8.8458E-02  1.2028E+00  1.0017E-01  1.6148E-01
 -1.5686E-02 -1.5703E-02  1.9590E+00  9.8285E-02  1.7098E-01
 -9.5610E-01  3.6688E-02 -1.6993E+00  9.7907E-02  1.7297E-01
  1.0605E+00  1.8427E-01 -1.6154E+00  9.7529E-02  1.7499E-01
 -1.3932E-01  8.9596E-03  1.9362E+00  9.7529E-02  1.7499E-01
  1.7872E+00  3.2366E-02  7.1022E-01  9.6772E-02  1.7912E-01
 -1.8901E+00 -1.8629E-01  3.0373E-01  9.6772E-02  1.7912E-01
  1.6532E+00  8.8198E-02 -9.7909E-01  9.6772E-02  1.7912E-01
  1.0184E+00  6.0868E-02 -1.6200E+00  9.6393E-02  1.8124E-01
 -1.7092E+00  5.7588E-02  8.6060E-01  9.6393E-02  1.8124E-01
  1.2968E+00  1.2399E-01 -1.4029E+00  9.6393E-02  1.8124E-01
 -7.6439E-01 -1.5388E-01 -1.7389E+00  9.6015E-02  1.8340E-01
  1.6026E+00 -5.4649E-02 -1.0297E+00  9.6015E-02  1.8340E-01
 -1.7947E+00  3.8918E-02  6.3972E-01  9.6015E-02  1.8340E-01
  8.0473E-01  8.7562E-02 -1.7252E+00  9.6015E-02  1.8340E-01
  1.3412E+00  1.2961E-01  1.3351E+00  9.5636E-02  1.8558E-01
 -1.4083E+00  1.1022E-01 -1.2527E+00  9.5257E-02  1.8781E-01
 -1.3900E+00  1.7891E-01  1.2520E+00  9.4878E-02  1.9007E-01
 -1.8481E+00  6.3006E-02 -3.3483E-01  9.4878E-02  1.9007E-01
 -1.8319E+00  1.4529E-01 -3.4883E-01  9.4499E-02  1.9236E-01
 -1.2243E+00 -6.0483E-03  1.4142E+00  9.4499E-02  1.9236E-01
 -6.5249E-01 -1.1125E-01  1.7401E+00  9.4120E-02  1.9470E-01
 -1.1604E+00  6.7219E-02  1.4544E+00  9.4120E-02  1.9470E-01
  1.7550E+00 -7.3048E-02  6.1722E-01  9.4120E-02  1.9470E-01
  1.0811E+00 -1.0353E-01  1.5015E+00  9.3741E-02  1.9707E-01
  1.1664E-01  9.3486E-02  1.8296E+00  9.2982E-02  2.0193E-01
  1.3659E+00 -1.3145E-01 -1.2194E+00  9.2982E-02  2.0193E-01
 -1.2001E+00  1.0204E-01 -1.3739E+00  9.2603E-02  2.0443E-01
 -7.4673E-01 -4.1038E-02  1.6670E+00  9.2603E-02  2.0443E-01
 -2.1692E-01  1.6372E-01 -1.8068E+00  9.2603E-02  2.0443E-01
 -1.4201E+00  1.4528E-01  1.1265E+00  9.2223E-02  2.0696E-01
  3.2133E-01  5.6659E-02 -1.7890E+00  9.2223E-02  2.0696E-01
  1.6859E-01  1.5362E-01 -1.8041E+00  9.2223E-02  2.0696E-01
  9.0332E-01 -1.2588E-01  1.5732E+00  9.2223E-02  2.0696E-01
 -7.5425E-01  1.2547E-01 -1.6404E+00  9.1844E-02  2.0954E-01
 -7.7503E-01 -1.1488E-02  1.6260E+00  9.1464E-02  2.1216E-01
 -6.2513E-01 -5.3082E-03  1.6894E+00  9.1464E-02  2.1216E-01
 -1.7705E+00  1.5063E-01  2.9543E-01  9.1464E-02  2.1216E-01
  1.5892E+00 -1.6818E-01  8.1252E-01  9.1084E-02  2.1482E-01
 -7.5798E-01 -4.1195E-02 -1.6241E+00  9.1084E-02  2.1482E-01
  5.5793E-01 -1.1969E-01 -1.6906E+00  9.0704E-02  2.1753E-01
  1.6271E+00 -1.8583E-01  6.8658E-01  9.0325E-02  2.2029E-01
 -1.1651E+00 -9.0170E-02 -1.3371E+00  9.0325E-02  2.2029E-01
 -1.1313E+00  1.6560E-01 -1.3588E+00  9.0325E-02  2.2029E-01
 -1.7036E+00  1.7891E-01 -4.3507E-01  8.9945E-02  2.2309E-01
  1.1248E+00 -8.6786E-02 -1.3604E+00  8.9945E-02  2.2309E-01
 -1.6338E+00  1.6709E-01 -6.2976E-01  8.9565E-02  2.2594E-01
 -4.9788E-01 -1.7127E-01  1.6783E+00  8.9565E-02  2.2594E-01
 -1.7317E+00 -1.2587E-01 -2.2275E-01  8.9185E-02  2.2884E-01
  1.0759E+00  1.4383E-01 -1.3626E+00  8.8805E-02  2.3179E-01
  6.4639E-01 -1.5212E-01  1.6106E+00  8.8805E-02  2.3179E-01
 -1.0453E+00 -3.5475E-02 -1.3932E+00  8.8805E-02  2.3179E-01
  1.0720E-01  1.1358E-01 -1.7267E+00  8.8425E-02  2.3479E-01
 -1.7253E+00 -1.7624E-02  1.0730E-02  8.8044E-02  2.3785E-01
 -1.7141E+00 -8.1243E-02 -1.8014E-01  8.8044E-02  2.3785E-01
 -1.9883E-01 -3.4051E-04 -1.7139E+00  8.8044E-02  2.3785E-01
  1.3707E+00  1.1667E-01 -1.0415E+00  8.8044E-02  2.3785E-01
  3.6908E-01  1.0356E-01  1.6738E+00  8.7664E-02  2.4095E-01
  1.2740E+00 -1.8508E-01  1.1363E+00  8.7664E-02  2.4095E-01
 -7.2853E-01 -7.1051E-02 -1.5442E+00  8.7284E-02  2.4412E-01
  1.1822E-01  5.5551E-03 -1.6965E+00  8.6904E-02  2.4734E-01
  5.4835E-01 -8.8351E-03 -1.6098E+00  8.6904E-02  2.4734E-01
  1.4791E+00  6.8466E-02  8.1970E-01  8.6524E-02  2.5061E-01
  6.8446E-02 -5.1249E-02  1.6903E+00  8.6524E-02  2.5061E-01
  1.5694E+00  4.4584E-02 -6.0952E-01  8.6143E-02  2.5395E-01
  6.0117E-01 -9.7008E-02  1.5703E+00  8.6143E-02  2.5395E-01
  1.0913E+00 -1.8624E-01  1.2585E+00  8.5763E-02  2.5734E-01
  1.6663E+00  1.3331E-01  1.2205E-01  8.5763E-02  2.5734E-01
  1.6582E+00  8.1005E-02 -2.3065E-01  8.5763E-02  2.5734E-01
  1.1299E+00 -6.3538E-02  1.2253E+00  8.5382E-02  2.6079E-01
  6.7423E-01 -8.8946E-02  1.5230E+00  8.5382E-02  2.6079E-01
 -7.5983E-01 -1.4955E-01 -1.4773E+00  8.5382E-02  2.6079E-01
  1.5319E+00 -2.1225E-02 -6.3864E-01  8.5002E-02  2.6431E-01
  5.7909E-01  1.6708E-01  1.5466E+00  8.5002E-02  2.6431E-01
  5.2323E-02 -1.2936E-01 -1.6378E+00  8.4241E-02  2.7154E-01
  7.3328E-01  4.3970E-03  1.4711E+00  8.4241E-02  2.7154E-01
  4.4073E-01  3.8178E-02  1.5831E+00  8.4241E-02  2.7154E-01
  1.3583E+00 -6.7453E-02  9.0890E-01  8.3861E-02  2.7525E-01
 -1.0797E+00 -1.4347E-02  1.2181E+00  8.3480E-02  2.7903E-01
 -2.0410E-01 -9.2714E-02 -1.6042E+00  8.3100E-02  2.8288E-01
 -3.5297E-02 -1.7857E-01  1.6096E+00  8.3100E-02  2.8288E-01
  1.1247E+00 -8.9316E-02 -1.1623E+00  8.3100E-02  2.8288E-01
  6.9840E-01 -7.5602E-02  1.4596E+00  8.3100E-02  2.8288E-01
  9.1382E-01 -9.1095E-02  1.3343E+00  8.3100E-02  2.8288E-01
 -1.0534E+00  8.4623E-02  1.2276E+00  8.3100E-02  2.8288E-01
 -1.6017E+00  1.8154E-01 -1.3364E-03  8.2719E-02  2.8681E-01
  1.5447E+00  1.7020E-01 -4.2814E-01  8.2719E-02  2.8681E-01
  7.1432E-01  1.0531E-01  1.4412E+00  8.2719E-02  2.8681E-01
  1.2423E+00  1.2084E-01  1.0075E+00  8.2338E-02  2.9080E-01
 -1.3243E+00  1.7347E-01 -8.8832E-01  8.2338E-02  2.9080E-01
  1.4130E+00 -7.5288E-02  7.5540E-01  8.2338E-02  2.9080E-01
  9.1654E-01 -1.4633E-01 -1.3082E+00  8.2338E-02  2.9080E-01
 -1.2849E+00 -1.0662E-01  9.2769E-01  8.1577E-02  2.9902E-01
  1.5744E+00 -1.6553E-01 -1.2946E-01  8.1577E-02  2.9902E-01
 -1.2203E+00  6.0523E-02 -1.0149E+00  8.1577E-02  2.9902E-01
  9.4434E-01  4.6167E-02 -1.2666E+00  8.1197E-02  3.0324E-01
 -1.3794E+00 -3.4035E-02 -7.5498E-01  8.0816E-02  3.0755E-01
  1.3414E+00 -1.0260E-01 -7.9984E-01  8.0435E-02  3.1193E-01
  1.5454E+00  1.4422E-01 -2.0146E-01  8.0435E-02  3.1193E-01
  1.4070E+00  1.3898E-01  6.7127E-01  8.0435E-02  3.1193E-01
 -1.4009E+00  1.5558E-01  6.8028E-01  8.0435E-02  3.1193E-01
  6.1690E-01  4.3083E-02 -1.4294E+00  8.0055E-02  3.1640E-01
 -1.2429E+00  6.1452E-02 -9.2375E-01  7.9674E-02  3.2096E-01
 -1.3300E+00 -1.4248E-01 -7.6745E-01  7.9293E-02  3.2561E-01
 -1.4753E+00  9.4460E-02 -4.1183E-01  7.8913E-02  3.3034E-01
 -1.4709E+00 -1.6532E-01  3.7525E-01  7.8532E-02  3.3517E-01
 -1.3833E+00  1.6261E-01 -6.2605E-01  7.8532E-02  3.3517E-01
  4.6259E-01 -4.4929E-02 -1.4546E+00  7.8532E-02  3.3517E-01
  1.4115E+00 -1.4874E-01  5.4267E-01  7.8152E-02  3.4009E-01
  7.7533E-01  1.9611E-02  1.3067E+00  7.8152E-02  3.4009E-01
 -9.3787E-01 -2.1062E-02 -1.1954E+00  7.8152E-02  3.4009E-01
 -1.2751E+00 -1.1983E-01 -8.1770E-01  7.8152E-02  3.4009E-01
 -1.4817E-01  7.2990E-02 -1.5030E+00  7.7771E-02  3.4511E-01
  5.7151E-01 -7.3479E-02  1.3819E+00  7.7010E-02  3.5544E-01
  6.5364E-01 -1.7105E-01  1.3278E+00  7.6629E-02  3.6076E-01
 -1.2584E+00  1.1562E-01  7.8905E-01  7.6629E-02  3.6076E-01
 -2.8403E-01  2.0368E-02  1.4549E+00  7.6248E-02  3.6619E-01
 -9.6678E-01 -3.8097E-02  1.1136E+00  7.5868E-02  3.7173E-01
  1.4714E+00  1.0604E-01  1.3374E-03  7.5868E-02  3.7173E-01
  1.0724E+00 -5.4899E-03  1.0024E+00  7.5487E-02  3.7739E-01
 -1.3741E+00  1.3399E-01 -4.9868E-01  7.5487E-02  3.7739E-01
 -1.4129E+00 -1.6999E-01  3.6021E-01  7.5487E-02  3.7739E-01
 -7.2037E-01  1.0179E-01  1.2667E+00  7.5106E-02  3.8315E-01
  1.1150E+00 -3.1614E-02  9.4309E-01  7.5106E-02  3.8315E-01
 -1.3656E+00 -3.9672E-02  4.9637E-01  7.4726E-02  3.8904E-01
 -1.0421E+00 -2.1308E-02 -1.0131E+00  7.4726E-02  3.8904E-01
  8.3477E-01  1.3919E-01  1.1730E+00  7.4345E-02  3.9504E-01
 -4.5774E-01  5.3592E-02  1.3710E+00  7.4345E-02  3.9504E-01
 -1.3177E+00  1.0837E-01  5.8657E-01  7.4345E-02  3.9504E-01
 -3.7487E-02  1.6405E-01  1.4366E+00  7.4345E-02  3.9504E-01
 -6.2228E-01 -9.2462E-02 -1.3024E+00  7.4345E-02  3.9504E-01
  7.8202E-01  7.2257E-02 -1.2062E+00  7.3965E-02  4.0117E-01
  1.4183E+00  9.0447E-02 -2.2748E-01  7.3965E-02  4.0117E-01
 -7.1190E-01 -1.7585E-02  1.2508E+00  7.3965E-02  4.0117E-01
 -2.4392E-01  8.1759E-02  1.4090E+00  7.3584E-02  4.0743E-01
  3.7102E-01 -1.5631E-01 -1.3745E+00  7.3584E-02  4.0743E-01
 -1.3033E+00 -1.6132E-01  5.7164E-01  7.3584E-02  4.0743E-01
 -7.8020E-01  9.8251E-02  1.1971E+00  7.3584E-02  4.0743E-01
  1.5251E-01 -7.2387E-04 -1.4170E+00  7.3203E-02  4.1382E-01
  1.4245E+00 -5.2428E-03 -4.4360E-02  7.3203E-02  4.1382E-01
 -3.2968E-01 -5.1174E-02 -1.3784E+00  7.2822E-02  4.2035E-01
 -1.3976E+00 -8.0540E-02 -1.7925E-01  7.2442E-02  4.2701E-01
 -1.2384E+00 -8.0066E-02 -6.7208E-01  7.2442E-02  4.2701E-01
 -8.6357E-01 -9.5493E-03 -1.1075E+00  7.2061E-02  4.3381E-01
  8.6691E-01 -9.5491E-02  1.1008E+00  7.2061E-02  4.3381E-01
  9.4067E-01  1.5677E-01  1.0310E+00  7.2061E-02  4.3381E-01
  1.1373E+00 -4.6929E-02 -8.1080E-01  7.1680E-02  4.4076E-01
  1.3821E+00 -2.9476E-02 -2.0512E-01  7.1680E-02  4.4076E-01
 -1.3888E+00 -2.9650E-02  1.5338E-01  7.1680E-02  4.4076E-01
  6.6213E-01 -1.1030E-01  1.2180E+00  7.1300E-02  4.4786E-01
 -1.0286E+00  1.1235E-01  9.2930E-01  7.1300E-02  4.4786E-01
  1.7967E-01 -1.1845E-01  1.3671E+00  7.0919E-02  4.5511E-01
  1.1836E+00 -2.2675E-02  7.1690E-01  7.0919E-02  4.5511E-01
  1.2854E+00 -4.9048E-03  5.1295E-01  7.0919E-02  4.5511E-01
 -1.1920E+00  6.0111E-03 -6.8980E-01  7.0538E-02  4.6253E-01
 -1.2041E+00 -3.0114E-02 -6.5401E-01  7.0157E-02  4.7010E-01
 -7.8895E-01  9.9667E-02 -1.1163E+00  7.0157E-02  4.7010E-01
  1.4900E-01  9.2250E-02 -1.3593E+00  7.0157E-02  4.7010E-01
 -4.3686E-01  2.2832E-02 -1.2989E+00  7.0157E-02  4.7010E-01
 -9.1162E-01  9.8989E-02  1.0186E+00  7.0157E-02  4.7010E-01
  1.2160E-01 -1.0409E-01 -1.3545E+00  6.9776E-02  4.7784E-01
 -1.9664E-01  1.0666E-01 -1.3454E+00  6.9776E-02  4.7784E-01
  1.3002E+00 -1.2984E-01 -3.4216E-01  6.9014E-02  4.9384E-01
 -1.3199E+00 -1.1964E-01 -1.8210E-01  6.8252E-02  5.1057E-01
 -8.5076E-02  5.3498E-02  1.3340E+00  6.8252E-02  5.1057E-01
 -1.0690E+00  1.3833E-01  7.9234E-01  6.8252E-02  5.1057E-01
 -1.3284E+00  1.3512E-01 -8.1599E-02  6.8252E-02  5.1057E-01
  2.7915E-02 -3.7991E-02  1.3369E+00  6.8252E-02  5.1057E-01
 -1.0222E+00 -2.8619E-03 -8.5298E-01  6.7871E-02  5.1923E-01
 -9.1242E-01 -1.1205E-01  9.6304E-01  6.7871E-02  5.1923E-01
  8.5424E-01 -6.7587E-02 -1.0106E+00  6.7489E-02  5.2808E-01
  5.4509E-01 -3.4554E-02  1.2072E+00  6.7489E-02  5.2808E-01
 -1.2231E+00  1.6662E-01  4.8155E-01  6.7489E-02  5.2808E-01
 -1.3174E+00 -5.8411E-02  3.7544E-03  6.7108E-02  5.3713E-01
 -1.1965E+00 -4.1304E-02 -5.5273E-01  6.7108E-02  5.3713E-01
  1.3094E+00  8.3254E-02  3.1126E-02  6.6726E-02  5.4640E-01
  1.2527E+00 -1.1854E-01 -3.7289E-01  6.6726E-02  5.4640E-01
  7.3833E-01 -5.0768E-02 -1.0838E+00  6.6726E-02  5.4640E-01
 -5.0970E-02  7.5290E-02  1.3030E+00  6.6345E-02  5.5588E-01
 -1.1437E+00  1.7942E-01 -6.0480E-01  6.6345E-02  5.5588E-01
  2.8489E-03 -7.9260E-03 -1.3061E+00  6.6345E-02  5.5588E-01
  1.2904E+00  1.1974E-01 -1.0177E-01  6.5963E-02  5.6559E-01
 -1.1146E+00 -9.2583E-02 -6.6262E-01  6.5963E-02  5.6559E-01
 -5.1233E-01 -6.9926E-02  1.1927E+00  6.5963E-02  5.6559E-01
  1.2806E+00  1.8186E-01 -2.9968E-02  6.5581E-02  5.7553E-01
  6.3688E-02  2.0528E-02  1.2921E+00  6.5581E-02  5.7553E-01
 -5.5520E-01  7.0998E-03 -1.1686E+00  6.5581E-02  5.7553E-01
  4.8166E-01 -1.4863E-01 -1.1916E+00  6.5581E-02  5.7553E-01
 -7.3884E-01 -1.1872E-02  1.0547E+00  6.5199E-02  5.8571E-01
  1.0101E+00 -5.1948E-02 -7.8728E-01  6.4817E-02  5.9614E-01
  2.6968E-01 -1.1954E-01  1.2473E+00  6.4817E-02  5.9614E-01
 -3.8593E-01 -1.9019E-02 -1.2221E+00  6.4817E-02  5.9614E-01
  2.2240E-01  1.0487E-01  1.2518E+00  6.4434E-02  6.0681E-01
 -1.1636E+00 -1.6262E-01 -4.6584E-01  6.3669E-02  6.2897E-01
 -7.9569E-01  1.4070E-01  9.7190E-01  6.3669E-02  6.2897E-01
  1.2571E+00  2.2409E-02  4.4216E-02  6.3285E-02  6.4046E-01
  1.1570E+00  1.9903E-02  4.9362E-01  6.3285E-02  6.4046E-01
 -1.1002E+00 -4.4665E-02  6.0862E-01  6.3285E-02  6.4046E-01
  2.7577E-02  8.8288E-02  1.2547E+00  6.3285E-02  6.4046E-01
  1.0153E+00  1.5718E-01 -7.2607E-01  6.3285E-02  6.4046E-01
 -1.2464E+00  1.1657E-01  3.3114E-02  6.2902E-02  6.5224E-01
  1.0602E+00  2.5947E-03 -6.6651E-01  6.2902E-02  6.5224E-01
 -1.2132E+00  7.1871E-03  3.1043E-01  6.2902E-02  6.5224E-01
 -1.0096E+00 -1.0812E-01  7.2315E-01  6.2518E-02  6.6433E-01
 -1.1815E+00 -4.3158E-02 -3.9533E-01  6.2518E-02  6.6433E-01
 -4.1419E-03  1.7688E-01 -1.2340E+00  6.2518E-02  6.6433E-01
 -1.2968E-01  1.4621E-01  1.2254E+00  6.2134E-02  6.7672E-01
  5.7518E-01 -1.4677E-01 -1.0897E+00  6.2134E-02  6.7672E-01
 -1.1848E+00 -1.0129E-01 -3.3459E-01  6.1750E-02  6.8943E-01
  3.1926E-01 -1.5644E-01  1.1830E+00  6.1750E-02  6.8943E-01
  5.4827E-01 -1.3389E-01  1.0988E+00  6.1750E-02  6.8943E-01
  2.6851E-01 -1.8400E-02  1.1999E+00  6.1365E-02  7.0248E-01
 -1.1958E+00  4.8591E-03  2.8661E-01  6.1365E-02  7.0248E-01
 -1.2187E+00 -4.5136E-02 -1.5825E-01  6.1365E-02  7.0248E-01
 -6.2678E-01  3.9999E-02  1.0572E+00  6.1365E-02  7.0248E-01
  9.9643E-02  1.3278E-01  1.2129E+00  6.0980E-02  7.1587E-01
  4.2252E-01  1.0826E-03 -1.1432E+00  6.0595E-02  7.2962E-01
  1.1618E+00  1.5007E-02  3.6782E-01  6.0595E-02  7.2962E-01
  1.0540E+00 -9.9449E-02 -6.0379E-01  6.0595E-02  7.2962E-01
 -1.3795E-01 -3.8313E-02 -1.2103E+00  6.0595E-02  7.2962E-01
 -8.5214E-01  1.8881E-02 -8.7112E-01  6.0595E-02  7.2962E-01
  9.6168E-01  1.1642E-01  7.3958E-01  6.0595E-02  7.2962E-01
  8.7833E-01 -4.0148E-02  8.3615E-01  6.0209E-02  7.4374E-01
 -4.5845E-01  1.4523E-02 -1.1233E+00  6.0209E-02  7.4374E-01
 -1.1976E+00  1.0224E-01  1.2074E-01  5.9822E-02  7.5825E-01
 -2.4120E-01 -9.7541E-02 -1.1797E+00  5.9822E-02  7.5825E-01
  3.7232E-01 -1.7870E-01  1.1352E+00  5.9822E-02  7.5825E-01
 -1.0326E+00 -1.1732E-01  6.1576E-01  5.9822E-02  7.5825E-01
  3.2009E-01 -1.4793E-02 -1.1592E+00  5.9436E-02  7.7315E-01
 -9.7564E-01  1.3233E-01  6.9075E-01  5.9436E-02  7.7315E-01
  2.0805E-01 -2.6011E-02  1.1843E+00  5.9436E-02  7.7315E-01
 -4.8127E-02  1.4390E-03 -1.2017E+00  5.9436E-02  7.7315E-01
  4.1263E-01  8.8046E-02 -1.1263E+00  5.9436E-02  7.7315E-01
 -9.6087E-01  1.1706E-01 -7.1382E-01  5.9436E-02  7.7315E-01
  8.9382E-01 -6.6707E-02  8.0197E-01  5.9436E-02  7.7315E-01
 -1.0282E+00  3.3796E-03  6.1385E-01  5.9048E-02  7.8847E-01
 -3.4132E-01  9.8677E-02 -1.1436E+00  5.9048E-02  7.8847E-01
  5.7557E-01  1.1266E-01 -1.0440E+00  5.9048E-02  7.8847E-01
 -1.1021E+00  6.4528E-02  4.5041E-01  5.8660E-02  8.0422E-01
 -1.1792E+00 -1.3710E-01  1.1063E-01  5.8660E-02  8.0422E-01
  1.1778E+00  1.6767E-01 -7.8829E-02  5.8660E-02  8.0422E-01
  9.8545E-01  1.2730E-01 -6.5898E-01  5.8660E-02  8.0422E-01
  1.0920E+00  2.4314E-02  4.7800E-01  5.8660E-02  8.0422E-01
  1.1676E+00  4.7279E-02 -2.0948E-01  5.8271E-02  8.2042E-01
  4.8374E-02 -1.7453E-01 -1.1733E+00  5.8271E-02  8.2042E-01
  6.5417E-01 -5.2247E-02  9.8931E-01  5.8271E-02  8.2042E-01
  1.0487E+00  1.0262E-01 -5.4692E-01  5.8271E-02  8.2042E-01
  1.1815E+00 -4.0011E-02  1.0939E-01  5.8271E-02  8.2042E-01
  1.0679E+00  1.6479E-01 -4.7949E-01  5.7882E-02  8.3709E-01
 -1.1249E+00  1.2218E-01 -3.4228E-01  5.7882E-02  8.3709E-01
  1.1794E+00  4.3319E-02  6.6940E-02  5.7882E-02  8.3709E-01
  9.1217E-02 -7.6763E-02  1.1761E+00  5.7882E-02  8.3709E-01
 -9.9238E-01  3.7394E-02  6.4125E-01  5.7882E-02  8.3709E-01
  1.1320E+00  9.4073E-02 -3.2732E-01  5.7882E-02  8.3709E-01
  4.3711E-01  1.6228E-01  1.0808E+00  5.7492E-02  8.5424E-01
  6.3561E-01  5.7004E-02 -9.8913E-01  5.7492E-02  8.5424E-01
 -4.0742E-01  5.8255E-02  1.1028E+00  5.7492E-02  8.5424E-01
  1.9232E-01  1.8583E-01 -1.1463E+00  5.7492E-02  8.5424E-01
  1.4586E-01  1.6773E-01 -1.1509E+00  5.7101E-02  8.7190E-01
  1.1220E+00 -6.8948E-03 -3.2188E-01  5.6710E-02  8.9009E-01
  1.1078E+00  9.9685E-02 -3.3808E-01  5.6317E-02  9.0882E-01
  1.1099E+00 -1.6735E-01 -3.0259E-01  5.6317E-02  9.0882E-01
  9.0368E-02 -2.4407E-02 -1.1587E+00  5.6317E-02  9.0882E-01
  1.0929E+00 -9.6481E-02 -3.8431E-01  5.6317E-02  9.0882E-01
 -8.9364E-01 -6.9932E-02 -7.4018E-01  5.6317E-02  9.0882E-01
  1.1429E+00  4.3523E-02  2.0768E-01  5.6317E-02  9.0882E-01
 -1.1544E+00  1.0747E-01  8.5164E-02  5.6317E-02  9.0882E-01
 -3.5765E-01 -1.6471E-01 -1.0938E+00  5.6317E-02  9.0882E-01
  2.7106E-01 -2.1619E-03 -1.1255E+00  5.5924E-02  9.2814E-01
  4.4912E-01  2.6749E-02 -1.0667E+00  5.5924E-02  9.2814E-01
 -1.0764E+00 -8.0830E-02 -4.1844E-01  5.5924E-02  9.2814E-01
 -1.6119E-01 -1.4543E-01  1.1372E+00  5.5924E-02  9.2814E-01
 -3.0944E-01 -9.5413E-02 -1.1066E+00  5.5530E-02  9.4805E-01
 -1.0727E+00  1.8325E-01  3.6679E-01  5.5134E-02  9.6859E-01
  7.4464E-01 -5.6343E-02 -8.7242E-01  5.5134E-02  9.6859E-01
 -9.2309E-01  2.8609E-03 -6.8313E-01  5.5134E-02  9.6859E-01
  7.0908E-01  1.4189E-01 -8.9210E-01  5.5134E-02  9.6859E-01
  3.3036E-01  1.2910E-01 -1.0874E+00  5.4738E-02  9.8980E-01
 -1.1423E+00 -5.0764E-02 -3.0311E-02  5.4738E-02  9.8980E-01
  1.1273E+00  5.7757E-02 -1.8497E-01  5.4738E-02  9.8980E-01
  1.1305E+00  7.9381E-02 -1.5457E-01  5.4738E-02  9.8980E-01
 -7.2610E-01  2.6449E-02  8.7753E-01  5.4340E-02  1.0117E+00
 -7.4433E-01 -1.4527E-01  8.5020E-01  5.4340E-02  1.0117E+00
  1.1358E+00 -6.3270E-02 -6.2548E-02  5.4340E-02  1.0117E+00
  4.5018E-01 -9.9068E-02 -1.0419E+00  5.4340E-02  1.0117E+00
  1.1304E+00  1.4182E-01  6.3212E-03  5.4340E-02  1.0117E+00
 -1.0678E+00 -2.4680E-03 -3.8426E-01  5.3941E-02  1.0343E+00
 -1.0688E+00 -9.0372E-02  3.7072E-01  5.3941E-02  1.0343E+00
 -1.0841E+00  1.4202E-01  3.0392E-01  5.3941E-02  1.0343E+00
 -1.0886E+00 -1.7562E-01  2.6808E-01  5.3941E-02  1.0343E+00
  1.0193E+00 -1.7901E-02 -4.8840E-01  5.3541E-02  1.0577E+00
  9.9500E-01  1.0778E-01  5.2561E-01  5.3541E-02  1.0577E+00
  1.0891E+00 -2.2628E-02  2.8548E-01  5.3139E-02  1.0818E+00
  1.1123E+00  1.4322E-01 -1.0203E-01  5.3139E-02  1.0818E+00
 -1.0361E+00  6.9780E-02  4.3567E-01  5.3139E-02  1.0818E+00
  3.4768E-01 -3.5710E-03  1.0711E+00  5.3139E-02  1.0818E+00
  9.6004E-01 -7.6181E-02 -5.7543E-01  5.2736E-02  1.1068E+00
 -1.1053E+00  4.7417E-02 -1.8600E-01  5.2736E-02  1.1068E+00
  5.6337E-01  1.5266E-01  9.5316E-01  5.2331E-02  1.1327E+00
  7.6937E-01 -8.6171E-02  8.0613E-01  5.2331E-02  1.1327E+00
  2.8473E-01 -1.7677E-01 -1.0663E+00  5.2331E-02  1.1327E+00
 -8.6967E-01 -7.6600E-03  6.9543E-01  5.1925E-02  1.1595E+00
  3.3558E-01  1.3386E-01 -1.0533E+00  5.1925E-02  1.1595E+00
  1.0832E+00 -1.7434E-01 -1.9035E-01  5.1925E-02  1.1595E+00
 -9.9932E-01  7.1219E-02  4.8609E-01  5.1925E-02  1.1595E+00
  3.6083E-01 -1.0363E-01 -1.0440E+00  5.1516E-02  1.1873E+00
  7.0558E-01  1.1114E-01 -8.4899E-01  5.1516E-02  1.1873E+00
 -1.1003E+00 -7.6670E-02  1.2035E-01  5.1516E-02  1.1873E+00
 -1.0677E+00  5.9191E-02  2.8027E-01  5.1106E-02  1.2161E+00
  7.8493E-01  6.3937E-02  7.7023E-01  5.0694E-02  1.2461E+00
  2.0369E-01 -1.7340E-01  1.0686E+00  5.0694E-02  1.2461E+00
  1.0120E+00  1.4981E-01  3.9802E-01  5.0279E-02  1.2771E+00
 -9.9742E-01  1.2550E-02 -4.4907E-01  4.9863E-02  1.3094E+00
 -2.2741E-01 -1.4312E-01  1.0604E+00  4.9863E-02  1.3094E+00
  8.8045E-01  1.4715E-01  6.3233E-01  4.9863E-02  1.3094E+00
  1.0797E+00  2.8193E-02  1.7371E-01  4.9863E-02  1.3094E+00
  9.3365E-01 -1.6214E-01  5.4652E-01  4.9863E-02  1.3094E+00
 -1.2221E-01  8.7580E-02 -1.0798E+00  4.9444E-02  1.3430E+00
  6.8599E-01 -1.8603E-01 -8.2665E-01  4.9444E-02  1.3430E+00
 -6.3996E-01 -9.9654E-02 -8.7696E-01  4.9444E-02  1.3430E+00
  9.4192E-02 -8.2239E-02 -1.0793E+00  4.9022E-02  1.3780E+00
  3.5911E-01  1.0504E-01  1.0201E+00  4.9022E-02  1.3780E+00
 -1.0688E+00 -1.7352E-01 -1.8814E-02  4.8597E-02  1.4144E+00
  4.7455E-01 -1.1331E-02  9.7340E-01  4.8597E-02  1.4144E+00
 -5.6882E-01  5.0043E-02 -9.2020E-01  4.8597E-02  1.4144E+00
  1.0122E+00 -1.5783E-01  3.4026E-01  4.8170E-02  1.4524E+00
  2.5503E-01 -5.0520E-02 -1.0477E+00  4.8170E-02  1.4524E+00
  9.4550E-01 -1.1652E-01 -5.0762E-01  4.8170E-02  1.4524E+00
 -9.9333E-01 -1.6225E-01 -3.8049E-01  4.7739E-02  1.4920E+00
  9.9849E-01 -1.7963E-01 -3.5855E-01  4.7739E-02  1.4920E+00
  4.6844E-01  4.1330E-02  9.6782E-01  4.7739E-02  1.4920E+00
  5.8611E-01 -6.4734E-02 -9.0005E-01  4.7739E-02  1.4920E+00
 -5.6004E-01 -1.6442E-01  8.9993E-01  4.7306E-02  1.5334E+00
  6.0007E-01 -1.8589E-01  8.6944E-01  4.7306E-02  1.5334E+00
 -8.2454E-01 -4.6231E-02  6.8451E-01  4.7306E-02  1.5334E+00
  9.7572E-01  1.8222E-01 -4.0661E-01  4.7306E-02  1.5334E+00
  4.9768E-01  5.8194E-02  9.4842E-01  4.7306E-02  1.5334E+00
 -8.9133E-01  1.5022E-01  5.7752E-01  4.7306E-02  1.5334E+00
  8.6249E-01  3.8492E-02  6.3097E-01  4.6868E-02  1.5768E+00
  2.9380E-01  8.5223E-02 -1.0247E+00  4.6868E-02  1.5768E+00
 -5.3435E-01 -1.7058E-01  9.1042E-01  4.6868E-02  1.5768E+00
 -2.0165E-01  9.6632E-02 -1.0457E+00  4.6868E-02  1.5768E+00
  6.0225E-01 -6.2338E-02 -8.8142E-01  4.6868E-02  1.5768E+00
 -4.8262E-01  6.4234E-02 -9.5208E-01  4.6868E-02  1.5768E+00
  7.8362E-01 -2.0497E-02 -7.2258E-01  4.6427E-02  1.6222E+00
  3.4198E-01 -1.6151E-01  9.9678E-01  4.6427E-02  1.6222E+00
 -1.0448E+00 -8.0079E-02 -1.9629E-01  4.6427E-02  1.6222E+00
 -6.5095E-01  3.8681E-03 -8.4430E-01  4.6427E-02  1.6222E+00
 -8.4840E-01  8.3284E-02 -6.3495E-01  4.5982E-02  1.6697E+00
 -1.0235E+00 -1.6115E-01 -2.3737E-01  4.5982E-02  1.6697E+00
  5.2763E-01 -1.5683E-02 -9.1908E-01  4.5533E-02  1.7196E+00
  3.3535E-01 -1.0466E-01 -9.9996E-01  4.5533E-02  1.7196E+00
  1.0505E+00  3.6552E-02 -1.0975E-01  4.5079E-02  1.7721E+00
  9.0837E-01  1.7307E-02 -5.3994E-01  4.5079E-02  1.7721E+00
  8.4058E-01  1.6494E-01 -6.1902E-01  4.5079E-02  1.7721E+00
 -1.8060E-01 -1.3614E-01  1.0294E+00  4.4620E-02  1.8273E+00
  5.9051E-01 -2.2463E-02 -8.7267E-01  4.4620E-02  1.8273E+00
  1.8662E-01 -1.8541E-01 -1.0206E+00  4.4620E-02  1.8273E+00
  1.0490E+00  3.9300E-02 -5.2423E-02  4.4156E-02  1.8855E+00
  7.4482E-01  1.5489E-01 -7.2525E-01  4.4156E-02  1.8855E+00
  1.9783E-01  1.7138E-01 -1.0151E+00  4.3687E-02  1.9469E+00
  1.0278E+00  1.0550E-01 -1.7726E-01  4.3687E-02  1.9469E+00
 -1.2535E-01  5.3683E-02 -1.0366E+00  4.3212E-02  2.0119E+00
 -2.7211E-01 -7.0355E-02  1.0071E+00  4.3212E-02  2.0119E+00
  1.7837E-01  1.3769E-01 -1.0210E+00  4.3212E-02  2.0119E+00
 -1.0149E+00  1.2552E-01  2.0481E-01  4.2730E-02  2.0806E+00
  9.0303E-01  1.4832E-01 -5.0023E-01  4.2730E-02  2.0806E+00
 -1.0259E+00  1.7393E-01  7.0513E-02  4.2730E-02  2.0806E+00
 -6.4783E-01  1.5383E-01  7.9938E-01  4.2242E-02  2.1536E+00
 -9.1556E-01 -3.3850E-02 -4.9291E-01  4.2242E-02  2.1536E+00
 -2.1403E-01  1.5819E-02 -1.0180E+00  4.2242E-02  2.1536E+00
 -4.0116E-01 -5.5451E-03 -9.5990E-01  4.2242E-02  2.1536E+00
 -1.0092E+00  1.3503E-01  2.1384E-01  4.2242E-02  2.1536E+00
 -9.6672E-01  1.3244E-01  3.6093E-01  4.2242E-02  2.1536E+00
  6.8446E-01 -4.5267E-02  7.8219E-01  4.2242E-02  2.1536E+00
 -4.9065E-04  7.4172E-02 -1.0377E+00  4.2242E-02  2.1536E+00
 -4.9106E-01  1.2407E-01 -9.0875E-01  4.2242E-02  2.1536E+00
  1.0203E+00  1.2555E-01  1.4267E-01  4.1747E-02  2.2312E+00
  9.6848E-01 -3.2267E-02 -3.7175E-01  4.1747E-02  2.2312E+00
  1.5388E-01 -7.4795E-02 -1.0237E+00  4.1747E-02  2.2312E+00
 -9.5444E-01 -1.1053E-01 -3.9246E-01  4.1747E-02  2.2312E+00
 -9.5536E-01 -5.5244E-02 -4.0178E-01  4.1747E-02  2.2312E+00
  9.4140E-01  1.1292E-01  4.2214E-01  4.1747E-02  2.2312E+00
 -6.3084E-01  5.2184E-02  8.2250E-01  4.1747E-02  2.2312E+00
 -2.3514E-01 -9.1169E-02  1.0043E+00  4.1244E-02  2.3138E+00
 -1.0189E+00  1.3415E-01 -1.2686E-01  4.1244E-02  2.3138E+00
  7.6665E-01 -1.5924E-02  6.9583E-01  4.1244E-02  2.3138E+00
  5.0643E-01  1.2792E-01  8.9407E-01  4.1244E-02  2.3138E+00
  1.8259E-01  1.3563E-02 -1.0168E+00  4.0733E-02  2.4020E+00
 -7.8147E-01 -5.6866E-02 -6.7338E-01  4.0733E-02  2.4020E+00
  1.0044E+00 -7.3945E-02 -2.3024E-01  4.0733E-02  2.4020E+00
 -5.0999E-01 -8.7145E-02 -8.9164E-01  4.0213E-02  2.4964E+00
 -3.6367E-01 -4.3705E-02  9.6361E-01  4.0213E-02  2.4964E+00
  1.0169E+00  1.5761E-01  6.1745E-02  4.0213E-02  2.4964E+00
 -4.5294E-01  1.6960E-01 -9.0791E-01  3.9683E-02  2.5977E+00
  2.2394E-01 -4.2583E-02 -1.0031E+00  3.9683E-02  2.5977E+00
 -8.2321E-01 -7.8615E-02  6.1186E-01  3.9683E-02  2.5977E+00
 -9.9648E-01 -1.7204E-01  1.7698E-01  3.9143E-02  2.7067E+00
  6.0626E-01  8.8572E-02 -8.2371E-01  3.9143E-02  2.7067E+00
 -9.0383E-02 -1.3767E-01 -1.0113E+00  3.8592E-02  2.8243E+00
  9.6971E-01 -4.3623E-02  3.2787E-01  3.8592E-02  2.8243E+00
  9.6005E-01  2.2964E-02  3.5710E-01  3.8592E-02  2.8243E+00
 -9.2803E-01 -1.3149E-01  4.1379E-01  3.8592E-02  2.8243E+00
 -1.2949E-01  3.7577E-02 -1.0137E+00  3.8029E-02  2.9517E+00
 -9.6953E-01  1.5556E-01  2.8561E-01  3.8029E-02  2.9517E+00
  9.1225E-01 -1.4756E-01  4.3793E-01  3.8029E-02  2.9517E+00
 -7.8257E-01  5.2830E-02  6.5617E-01  3.8029E-02  2.9517E+00
 -9.1092E-01 -1.7651E-01  4.2991E-01  3.8029E-02  2.9517E+00
  1.8242E-01 -8.3779E-02  1.0008E+00  3.7452E-02  3.0900E+00
 -6.4214E-01  1.4205E-01  7.7832E-01  3.6862E-02  3.2409E+00
 -3.7776E-01 -8.7339E-02  9.4232E-01  3.6862E-02  3.2409E+00
  9.5862E-01 -1.1162E-01 -3.2695E-01  3.6862E-02  3.2409E+00
 -3.5033E-01  1.5118E-01 -9.4483E-01  3.6862E-02  3.2409E+00
  6.7643E-01 -2.3742E-02  7.6169E-01  3.6862E-02  3.2409E+00
  3.2262E-01  1.4860E-01 -9.5506E-01  3.6862E-02  3.2409E+00
 -3.5355E-01  1.7704E-01  9.3727E-01  3.6256E-02  3.4062E+00
  1.0119E+00  7.7456E-02  7.0547E-02  3.6256E-02  3.4062E+00
 -3.1845E-01 -8.9818E-02 -9.6195E-01  3.6256E-02  3.4062E+00
  9.3226E-01  1.0194E-01  3.9410E-01  3.6256E-02  3.4062E+00
  6.3515E-01 -8.9645E-02  7.8953E-01  3.6256E-02  3.4062E+00
  9.9394E-01  1.4360E-01 -1.6211E-01  3.6256E-02  3.4062E+00
  3.9693E-01 -7.6933E-04 -9.3663E-01  3.6256E-02  3.4062E+00
 -6.0393E-01  5.5076E-02 -8.1673E-01  3.6256E-02  3.4062E+00
 -8.8219E-01 -1.3999E-01 -4.8679E-01  3.6256E-02  3.4062E+00
  5.9683E-01  1.2463E-01 -8.1226E-01  3.5633E-02  3.5880E+00
 -2.4764E-01 -6.7332E-02  9.8267E-01  3.5633E-02  3.5880E+00
  6.0853E-01  6.0909E-03  8.1312E-01  3.5633E-02  3.5880E+00
  6.8421E-01 -1.7333E-01  7.3029E-01  3.5633E-02  3.5880E+00
  9.9864E-01  6.0707E-02 -1.6552E-01  3.4991E-02  3.7890E+00
 -1.5292E-01 -4.5994E-02 -1.0014E+00  3.4991E-02  3.7890E+00
  5.1224E-01  1.8553E-01 -8.5530E-01  3.4991E-02  3.7890E+00
 -7.9654E-01  1.3593E-02 -6.2508E-01  3.4329E-02  4.0125E+00
 -1.6105E-02 -1.5902E-01  9.9992E-01  3.4329E-02  4.0125E+00
 -9.6806E-01  1.1595E-01 -2.6828E-01  3.3644E-02  4.2626E+00
  1.0027E+00  1.0146E-01 -8.2467E-02  3.3644E-02  4.2626E+00
 -4.6005E-01 -2.6946E-03  8.9904E-01  3.2934E-02  4.5444E+00
  9.1348E-01 -4.5100E-02 -4.2829E-01  3.2934E-02  4.5444E+00
 -8.0055E-01  1.6910E-01  5.9198E-01  3.2934E-02  4.5444E+00
 -9.8970E-01  1.4636E-01  1.2847E-01  3.2195E-02  4.8645E+00
  8.9344E-01  1.1174E-01  4.5467E-01  3.2195E-02  4.8645E+00
  7.2112E-01  1.4277E-01  6.9069E-01  3.2195E-02  4.8645E+00
  8.9901E-01 -6.8640E-02  4.5223E-01  3.2195E-02  4.8645E+00
 -9.5152E-01 -7.2319E-02 -3.2683E-01  3.2195E-02  4.8645E+00
  9.9518E-01  2.5710E-03 -1.5728E-01  3.1425E-02  5.2312E+00
  5.6996E-01 -1.6471E-01  8.1434E-01  3.1425E-02  5.2312E+00
 -9.9031E-01  1.2040E-01 -1.4112E-01  3.1425E-02  5.2312E+00
 -4.3378E-01 -1.5884E-01  8.9539E-01  3.1425E-02  5.2312E+00
 -4.0952E-01  8.0500E-02  9.1585E-01  3.0618E-02  5.6557E+00
 -9.9101E-01 -1.3425E-01  1.1339E-01  3.0618E-02  5.6557E+00
 -9.8224E-01 -1.2642E-01 -1.7379E-01  2.9770E-02  6.1530E+00
  1.0021E+00 -6.0627E-02 -5.6457E-02  2.9770E-02  6.1530E+00
 -4.8614E-01 -6.6822E-03  8.8012E-01  2.9770E-02  6.1530E+00
 -4.6432E-01  5.3176E-02 -8.8924E-01  2.8874E-02  6.7438E+00
  8.6288E-01 -2.8594E-02 -5.1360E-01  2.8874E-02  6.7438E+00
  9.1478E-01 -1.7399E-01 -3.7692E-01  2.8874E-02  6.7438E+00
 -1.7938E-01 -1.1691E-01  9.8149E-01  2.8874E-02  6.7438E+00
 -6.8769E-01  7.9371E-02 -7.2797E-01  2.8874E-02  6.7438E+00
  4.6481E-01  5.9079E-02  8.8768E-01  2.7921E-02  7.4574E+00
  3.8303E-01  1.5018E-01 -9.1556E-01  2.7921E-02  7.4574E+00
 -5.2118E-01  2.7478E-02  8.5740E-01  2.7921E-02  7.4574E+00
  2.1761E-01  1.3186E-01  9.7096E-01  2.7921E-02  7.4574E+00
  3.5152E-01 -7.6294E-02  9.3708E-01  2.7921E-02  7.4574E+00
 -1.0024E+00 -3.9370E-02 -3.2676E-02  2.7921E-02  7.4574E+00
 -6.7449E-01 -1.6351E-01 -7.2412E-01  2.6903E-02  8.3369E+00
  9.3275E-01 -1.5425E-01 -3.3496E-01  2.6903E-02  8.3369E+00
 -1.0002E+00  7.0093E-02 -2.4807E-02  2.6903E-02  8.3369E+00
 -9.8737E-01 -1.7632E-01 -5.4357E-03  2.6903E-02  8.3369E+00
  1.2371E-01  7.6112E-02 -9.9243E-01  2.6903E-02  8.3369E+00
 -6.9596E-01 -4.0312E-02 -7.2021E-01  2.5804E-02  9.4481E+00
 -6.2538E-02 -1.7676E-01 -9.8465E-01  2.5804E-02  9.4481E+00
 -7.1930E-01  1.4957E-01 -6.8185E-01  2.5804E-02  9.4481E+00
 -9.8785E-01  8.6602E-02  1.4611E-01  2.5804E-02  9.4481E+00
 -3.9772E-03 -1.3730E-01  9.9289E-01  2.5804E-02  9.4481E+00
  3.3805E-01  4.3023E-02 -9.4264E-01  2.5804E-02  9.4481E+00
  4.3478E-01  9.6606E-02  8.9796E-01  2.5804E-02  9.4481E+00
  4.4196E-01 -3.3721E-02  8.9902E-01  2.5804E-02  9.4481E+00
  4.7220E-02  2.2028E-02 -1.0004E+00  2.4606E-02  1.0897E+01
  9.5515E-01 -7.6994E-02  2.9206E-01  2.4606E-02  1.0897E+01
 -9.6252E-01 -3.9362E-02 -2.7486E-01  2.4606E-02  1.0897E+01
  8.1910E-01 -1.2611E-02  5.7659E-01  2.4606E-02  1.0897E+01
 -1.4301E-01 -5.9660E-02 -9.8921E-01  2.3280E-02  1.2866E+01
  2.8339E-01  1.5741E-01 -9.4690E-01  2.1787E-02  1.5696E+01
 -4.5503E-01 -4.8525E-02 -8.9011E-01  2.1787E-02  1.5696E+01
  8.8278E-01 -5.8857E-02  4.6792E-01  2.1787E-02  1.5696E+01
  5.8598E-01  1.2414E-01  8.0141E-01  2.0058E-02  2.0115E+01
 -8.1229E-01 -2.9693E-02 -5.8296E-01  1.7969E-02  2.7981E+01
 -9.7124E-01 -8.5970E-02 -2.2324E-01  1.7969E-02  2.7981E+01
 -4.7893E-01  3.7110E-02 -8.7737E-01  1.7969E-02  2.7981E+01
  8.6916E-01  1.5194E-01  4.7118E-01  1.7969E-02  2.7981E+01
