0.28660114285715D+02       622
(x,y,z) position of the X-ray source
 -0.1387E+01  0.6005E-01  0.1146E+01
x | y | z | R | rho
 -8.6245E-01  3.0487E-02  9.4939E+00  3.1209E-01  5.3401E-03
 -1.5155E+00  3.8051E-01  9.1092E+00  3.0553E-01  5.6919E-03
  3.7576E-01  1.7567E-01  9.2329E+00  3.0553E-01  5.6919E-03
  1.6086E-01  3.6512E-01  9.1246E+00  3.0305E-01  5.8327E-03
  1.3885E+00  3.6785E-02  8.8069E+00  2.9807E-01  6.1300E-03
  6.8253E-01  2.4691E-01  8.8256E+00  2.9668E-01  6.2166E-03
  2.0883E-02  2.7726E-02  8.2291E+00  2.8206E-01  7.2339E-03
  3.3462E-01  1.6488E-01  8.2087E+00  2.8178E-01  7.2558E-03
  1.0080E+00  8.9948E-02  8.0820E+00  2.8007E-01  7.3893E-03
  1.8918E+00 -2.1955E-01  7.8452E+00  2.7836E-01  7.5264E-03
 -1.2866E+00  1.1595E-02  7.7270E+00  2.7263E-01  8.0114E-03
 -1.9978E+00 -2.4677E-01  7.3845E+00  2.6829E-01  8.4058E-03
  9.8247E-03 -1.6920E-01  7.3418E+00  2.6072E-01  9.1601E-03
 -5.6991E-02 -5.7051E-02  7.1172E+00  2.5512E-01  9.7757E-03
 -5.0912E-01  3.2742E-02  7.0755E+00  2.5453E-01  9.8440E-03
  2.7299E-01 -2.0440E-01  6.7415E+00  2.4590E-01  1.0918E-02
  1.7908E+00  1.5513E-01  6.4327E+00  2.4410E-01  1.1162E-02
 -1.2322E+00  8.8359E-02  6.3116E+00  2.3775E-01  1.2079E-02
 -2.0167E+00  2.3611E-01  6.0404E+00  2.3623E-01  1.2314E-02
 -3.9330E-01  2.4732E-01  6.1670E+00  2.3134E-01  1.3111E-02
  1.2905E-01 -1.7563E-01  6.1806E+00  2.3134E-01  1.3111E-02
  3.0038E-01  9.6822E-02  6.0942E+00  2.2919E-01  1.3484E-02
  1.3043E+00 -8.9378E-02  5.8287E+00  2.2579E-01  1.4101E-02
  1.0232E+00 -1.2793E-01  5.8245E+00  2.2424E-01  1.4396E-02
  1.7686E+00 -1.8165E-02  5.4486E+00  2.1926E-01  1.5400E-02
 -1.9021E+00 -2.2859E-01  5.0400E+00  2.1012E-01  1.7499E-02
 -7.8908E-01 -1.3777E-01  4.9473E+00  1.9954E-01  2.0432E-02
  1.3323E-01  2.1599E-01  4.9823E+00  1.9889E-01  2.0632E-02
 -1.4851E+00  1.7853E-02  4.7626E+00  1.9889E-01  2.0632E-02
  4.8763E-01 -3.2547E-02  4.9188E+00  1.9760E-01  2.1040E-02
 -1.9882E+00  2.3111E-01  4.4445E+00  1.9565E-01  2.1676E-02
 -6.3471E-01  2.2742E-01  4.6088E+00  1.8943E-01  2.3881E-02
  1.8015E+00 -1.2133E-01  4.1581E+00  1.8580E-01  2.5308E-02
  4.8109E-01  2.1396E-01  4.4797E+00  1.8514E-01  2.5581E-02
  1.8806E+00  1.2666E-01  4.0356E+00  1.8348E-01  2.6281E-02
  1.4738E+00 -1.8554E-01  4.1272E+00  1.8148E-01  2.7159E-02
 -1.5851E+00  1.7611E-01  4.0379E+00  1.8014E-01  2.7768E-02
  7.4294E-01 -6.7393E-02  4.2426E+00  1.7914E-01  2.8237E-02
  6.6151E-01 -1.9405E-01  4.1499E+00  1.7612E-01  2.9716E-02
 -7.4922E-01  5.9761E-02  3.9802E+00  1.7139E-01  3.2247E-02
 -2.4746E-01  1.1955E-01  3.9744E+00  1.6934E-01  3.3426E-02
 -1.2473E+00  1.1731E-01  3.7584E+00  1.6866E-01  3.3833E-02
 -2.0534E-01  2.6091E-01  3.9478E+00  1.6866E-01  3.3833E-02
 -1.0904E+00 -1.2126E-01  3.7492E+00  1.6695E-01  3.4882E-02
 -2.6403E-01  2.2459E-02  3.8531E+00  1.6558E-01  3.5755E-02
  8.9202E-01  2.3800E-01  3.7048E+00  1.6421E-01  3.6660E-02
 -9.3581E-01  6.2581E-02  3.6784E+00  1.6352E-01  3.7125E-02
  7.8401E-02  7.2286E-02  3.7397E+00  1.6180E-01  3.8324E-02
 -1.3804E+00 -2.0860E-01  3.4355E+00  1.6076E-01  3.9070E-02
  7.1912E-01 -3.2412E-02  3.6266E+00  1.6042E-01  3.9323E-02
  1.9149E+00 -1.4508E-01  3.0954E+00  1.5869E-01  4.0625E-02
  1.4069E+00 -6.9922E-02  3.2764E+00  1.5625E-01  4.2554E-02
  1.6305E-01  9.2867E-02  3.5397E+00  1.5555E-01  4.3129E-02
  1.4016E+00 -2.3957E-01  3.2470E+00  1.5555E-01  4.3129E-02
 -1.8054E+00 -2.1763E-01  2.8522E+00  1.5030E-01  4.7815E-02
 -1.7140E+00 -2.3243E-01  2.8943E+00  1.4994E-01  4.8153E-02
 -1.2962E+00 -1.9628E-01  3.0482E+00  1.4818E-01  4.9893E-02
 -1.1381E+00 -2.1370E-01  3.0181E+00  1.4535E-01  5.2868E-02
 -1.7217E-02  5.3849E-02  3.2002E+00  1.4428E-01  5.4049E-02
  1.3008E+00 -3.9506E-02  2.9126E+00  1.4392E-01  5.4451E-02
  1.9037E-01  1.0694E-01  3.1083E+00  1.4143E-01  5.7386E-02
 -1.1513E+00 -1.2292E-01  2.8929E+00  1.4143E-01  5.7386E-02
  1.3352E+00  1.4193E-01  2.7533E+00  1.3964E-01  5.9620E-02
  1.0015E-01 -1.9953E-01  2.9815E+00  1.3712E-01  6.2960E-02
 -1.3359E+00  1.3963E-01  2.6477E+00  1.3640E-01  6.3962E-02
 -1.7489E+00 -2.2103E-01  2.3500E+00  1.3532E-01  6.5509E-02
 -9.1557E-01  5.6586E-02  2.7798E+00  1.3496E-01  6.6036E-02
 -1.1046E+00  1.0385E-01  2.5295E+00  1.2916E-01  7.5345E-02
 -9.9339E-01 -2.0445E-01  2.5472E+00  1.2843E-01  7.6636E-02
  1.5104E+00  1.0221E-01  2.2614E+00  1.2770E-01  7.7958E-02
  1.6182E+00  2.8719E-02  2.1750E+00  1.2733E-01  7.8631E-02
 -1.1684E-01 -1.7154E-01  2.6827E+00  1.2660E-01  8.0001E-02
  1.0992E+00  2.1015E-01  2.3912E+00  1.2477E-01  8.3577E-02
 -1.3456E+00 -2.8078E-02  2.2478E+00  1.2403E-01  8.5069E-02
  5.5139E-01  1.4167E-01  2.5367E+00  1.2330E-01  8.6599E-02
  1.4884E+00 -7.0814E-02  2.1058E+00  1.2256E-01  8.8168E-02
 -1.3023E+00 -8.9001E-02  2.1901E+00  1.2146E-01  9.0595E-02
  1.1930E+00  1.1841E-01  2.2502E+00  1.2146E-01  9.0595E-02
 -6.1468E-01 -4.6224E-02  2.4432E+00  1.2035E-01  9.3117E-02
 -1.2697E+00 -1.3596E-01  2.1606E+00  1.1998E-01  9.3979E-02
  1.7730E+00 -3.0490E-03  1.7623E+00  1.1961E-01  9.4853E-02
  1.7946E+00 -1.2932E-01  1.7068E+00  1.1888E-01  9.6634E-02
 -1.0885E+00 -1.1935E-01  2.2031E+00  1.1814E-01  9.8461E-02
 -1.4424E+00  1.0145E-01  1.9905E+00  1.1814E-01  9.8461E-02
  1.5610E+00  1.9731E-01 -1.8269E+00  1.1628E-01  1.0324E-01
 -1.6902E+00  2.1088E-01  1.7064E+00  1.1628E-01  1.0324E-01
  1.6366E+00  4.4507E-02 -1.7566E+00  1.1591E-01  1.0424E-01
 -1.7859E+00  1.7399E-01  1.5957E+00  1.1591E-01  1.0424E-01
 -1.7395E+00 -8.2685E-02  1.6390E+00  1.1554E-01  1.0525E-01
 -1.1958E+00  9.4210E-02  2.0463E+00  1.1480E-01  1.0731E-01
  5.8330E-01  2.3315E-03  2.2991E+00  1.1480E-01  1.0731E-01
  1.8834E+00  3.8031E-02 -1.4413E+00  1.1480E-01  1.0731E-01
  4.3271E-01 -1.9255E-01  2.3142E+00  1.1442E-01  1.0836E-01
 -5.6301E-01  8.8454E-02  2.2624E+00  1.1331E-01  1.1159E-01
 -7.5268E-01 -1.1006E-02  2.1878E+00  1.1256E-01  1.1382E-01
 -9.2067E-01 -1.7748E-01  2.1047E+00  1.1219E-01  1.1496E-01
 -1.4794E+00 -1.9675E-01  1.7554E+00  1.1219E-01  1.1496E-01
  3.4822E-01 -1.4486E-01  2.2632E+00  1.1182E-01  1.1612E-01
 -1.7004E+00 -8.3206E-02 -1.5239E+00  1.1144E-01  1.1729E-01
  1.5779E-01  6.4369E-02  2.2688E+00  1.1107E-01  1.1847E-01
 -1.0327E+00 -1.7775E-01  1.9763E+00  1.0957E-01  1.2339E-01
  4.8018E-01  1.5137E-01  2.1698E+00  1.0920E-01  1.2466E-01
 -1.2320E+00 -8.9358E-02  1.8535E+00  1.0920E-01  1.2466E-01
 -1.3166E-01  1.5668E-01  2.1989E+00  1.0845E-01  1.2727E-01
  1.9084E+00  7.1196E-02  1.0710E+00  1.0770E-01  1.2994E-01
 -7.0893E-01 -2.4976E-02  2.0515E+00  1.0695E-01  1.3269E-01
  1.0681E+00 -1.1558E-01  1.8862E+00  1.0695E-01  1.3269E-01
  1.2461E+00  9.9071E-03  1.7773E+00  1.0695E-01  1.3269E-01
  1.3175E+00  1.9847E-01 -1.7136E+00  1.0695E-01  1.3269E-01
 -1.6304E+00 -7.1574E-02  1.4169E+00  1.0658E-01  1.3410E-01
 -1.5726E+00 -9.8266E-02  1.4793E+00  1.0658E-01  1.3410E-01
 -1.7729E+00  1.3342E-01  1.1617E+00  1.0507E-01  1.3994E-01
  1.4202E-01 -1.2273E-01  2.1061E+00  1.0470E-01  1.4145E-01
  9.2795E-01 -3.7649E-02  1.8789E+00  1.0394E-01  1.4454E-01
 -1.3015E+00  1.5376E-01 -1.6356E+00  1.0394E-01  1.4454E-01
  1.0110E+00 -1.1916E-01 -1.8215E+00  1.0357E-01  1.4613E-01
  1.7741E+00 -6.6783E-02 -1.0788E+00  1.0319E-01  1.4773E-01
 -9.2171E-01  5.1218E-02  1.8610E+00  1.0319E-01  1.4773E-01
 -1.2880E+00  1.5132E-01  1.6229E+00  1.0319E-01  1.4773E-01
 -1.1509E+00 -4.0613E-02  1.7068E+00  1.0244E-01  1.5102E-01
  8.2192E-01 -7.8812E-02 -1.8762E+00  1.0206E-01  1.5269E-01
  1.1295E+00  1.3325E-02  1.6885E+00  1.0131E-01  1.5613E-01
  9.4176E-01  3.1687E-02  1.7689E+00  1.0017E-01  1.6148E-01
 -1.2516E+00  9.4197E-02 -1.5625E+00  1.0017E-01  1.6148E-01
 -6.7723E-01 -4.4167E-02 -1.8858E+00  1.0017E-01  1.6148E-01
  1.0260E+00  6.0320E-03 -1.7111E+00  9.9797E-02  1.6332E-01
  1.6713E+00  1.8151E-01  1.0744E+00  9.9797E-02  1.6332E-01
 -1.1403E+00 -4.2643E-02 -1.6366E+00  9.9797E-02  1.6332E-01
  1.0530E+00 -6.3304E-02  1.6615E+00  9.8663E-02  1.6902E-01
 -1.5662E+00 -1.1500E-02  1.1769E+00  9.8285E-02  1.7098E-01
  1.7444E+00 -2.3220E-03  8.7186E-01  9.7907E-02  1.7297E-01
 -1.2775E+00  1.4372E-01  1.4664E+00  9.7907E-02  1.7297E-01
 -1.4204E+00 -9.6757E-03 -1.2968E+00  9.6772E-02  1.7912E-01
  1.1686E+00  1.3756E-03 -1.5277E+00  9.6772E-02  1.7912E-01
  1.6351E+00  1.5068E-01 -9.8450E-01  9.6393E-02  1.8124E-01
 -5.4072E-01 -5.9580E-03  1.8366E+00  9.6393E-02  1.8124E-01
 -1.8862E+00 -6.7971E-02  3.2097E-01  9.6393E-02  1.8124E-01
  1.7624E+00 -1.4043E-01 -7.1122E-01  9.6015E-02  1.8340E-01
  1.5179E+00  1.1709E-01  1.1315E+00  9.5636E-02  1.8558E-01
  1.7529E+00 -1.7621E-01 -7.0307E-01  9.5636E-02  1.8558E-01
 -5.2525E-01  4.5223E-02 -1.8129E+00  9.5257E-02  1.8781E-01
 -6.5535E-01 -7.4995E-02 -1.7691E+00  9.5257E-02  1.8781E-01
 -1.8181E+00 -1.8700E-01 -4.3745E-01  9.4878E-02  1.9007E-01
 -5.7730E-01  1.2312E-01  1.7749E+00  9.4499E-02  1.9236E-01
  1.2439E+00 -5.5226E-02 -1.3959E+00  9.4499E-02  1.9236E-01
  5.2424E-01 -1.8657E-01 -1.7858E+00  9.4499E-02  1.9236E-01
 -9.5305E-01 -3.4912E-02  1.5990E+00  9.4120E-02  1.9470E-01
  1.2362E+00  1.0092E-01  1.3768E+00  9.3741E-02  1.9707E-01
  6.5437E-01  5.6716E-02 -1.7328E+00  9.3741E-02  1.9707E-01
  5.2776E-01 -4.6123E-02 -1.7667E+00  9.3361E-02  1.9948E-01
 -9.4198E-01  2.1050E-02 -1.5856E+00  9.3361E-02  1.9948E-01
 -1.7311E-01  1.6287E-01  1.8116E+00  9.2603E-02  2.0443E-01
 -1.4796E+00  8.9737E-02  1.0534E+00  9.2223E-02  2.0696E-01
  1.2530E+00  1.8616E-01  1.3047E+00  9.2223E-02  2.0696E-01
 -1.8054E+00  7.6024E-03 -1.2757E-01  9.1844E-02  2.0954E-01
  1.7179E+00 -5.4166E-02  5.6705E-01  9.1844E-02  2.0954E-01
 -1.5132E+00  1.0621E-02 -9.7721E-01  9.1464E-02  2.1216E-01
 -4.8020E-01 -9.9363E-02 -1.7333E+00  9.1464E-02  2.1216E-01
  1.5232E+00 -2.7828E-02  9.6122E-01  9.1464E-02  2.1216E-01
 -6.8606E-01  8.7149E-02  1.6540E+00  9.1084E-02  2.1482E-01
  1.3514E+00 -2.2367E-02 -1.1649E+00  9.0704E-02  2.1753E-01
  2.8846E-01  1.4320E-01  1.7463E+00  9.0325E-02  2.2029E-01
  1.6897E+00  7.7824E-02 -5.1230E-01  8.9945E-02  2.2309E-01
 -1.9382E-01  1.8225E-01  1.7472E+00  8.9945E-02  2.2309E-01
  1.6162E+00  1.5941E-01 -6.9701E-01  8.9945E-02  2.2309E-01
 -1.6239E+00 -1.0452E-01  6.8965E-01  8.9945E-02  2.2309E-01
  1.7398E+00 -1.5564E-01 -2.0661E-01  8.9565E-02  2.2594E-01
  1.1644E+00  1.5734E-01 -1.3089E+00  8.9565E-02  2.2594E-01
 -6.7592E-01 -1.4768E-01  1.6080E+00  8.9185E-02  2.2884E-01
 -4.2803E-01 -1.7197E-01 -1.6886E+00  8.9185E-02  2.2884E-01
 -1.4087E+00 -1.4719E-01 -1.0286E+00  8.9185E-02  2.2884E-01
  4.7031E-01  1.4110E-01  1.6802E+00  8.9185E-02  2.2884E-01
 -1.6288E+00 -1.6338E-01 -5.9605E-01  8.8805E-02  2.3179E-01
  4.4316E-01  4.1616E-02  1.6843E+00  8.8805E-02  2.3179E-01
  1.7324E+00  5.0151E-02 -4.8057E-02  8.8425E-02  2.3479E-01
  1.7024E+00 -1.3108E-01 -3.0074E-01  8.8425E-02  2.3479E-01
  1.4116E+00 -8.1664E-02 -9.8891E-01  8.8044E-02  2.3785E-01
  1.7031E+00 -1.2672E-01  6.0157E-02  8.7284E-02  2.4412E-01
  1.2305E+00 -6.8390E-02 -1.1719E+00  8.6904E-02  2.4734E-01
 -7.5255E-01 -1.1256E-01 -1.5209E+00  8.6904E-02  2.4734E-01
 -1.3979E+00  7.2300E-02  9.6579E-01  8.6904E-02  2.4734E-01
 -1.2257E+00  1.4218E-01  1.1583E+00  8.6524E-02  2.5061E-01
  1.6560E+00 -4.2053E-02 -3.0438E-01  8.6143E-02  2.5395E-01
 -1.6657E+00  5.6086E-02 -1.7719E-01  8.5763E-02  2.5734E-01
  1.6548E+00  4.1281E-02 -2.6296E-01  8.5763E-02  2.5734E-01
  1.7295E-02  1.4814E-01 -1.6613E+00  8.5382E-02  2.6079E-01
 -3.1240E-01 -7.7144E-02  1.6284E+00  8.5002E-02  2.6431E-01
  1.6528E+00  4.9689E-02  1.4413E-01  8.5002E-02  2.6431E-01
 -1.5704E+00  1.2073E-01 -5.2398E-01  8.5002E-02  2.6431E-01
  2.2635E-01 -9.6896E-03 -1.6362E+00  8.4622E-02  2.6789E-01
  6.5647E-01 -3.9356E-02 -1.5065E+00  8.4241E-02  2.7154E-01
  1.1909E+00 -8.8527E-02  1.1295E+00  8.4241E-02  2.7154E-01
  1.2613E+00 -1.0132E-02  1.0415E+00  8.3861E-02  2.7525E-01
 -4.1786E-01  5.1316E-02  1.5806E+00  8.3861E-02  2.7525E-01
 -2.0094E-01 -1.3145E-02 -1.6153E+00  8.3480E-02  2.7903E-01
 -4.9699E-01 -1.7123E-01 -1.5406E+00  8.3480E-02  2.7903E-01
 -1.5782E+00 -2.5077E-02 -3.6412E-01  8.3100E-02  2.8288E-01
  1.3494E+00 -4.8314E-02  8.9471E-01  8.3100E-02  2.8288E-01
  1.7702E-01 -1.4804E-01  1.6033E+00  8.3100E-02  2.8288E-01
  4.6610E-01  8.5828E-02 -1.5407E+00  8.2719E-02  2.8681E-01
 -1.5635E+00  1.1068E-01 -3.7619E-01  8.2719E-02  2.8681E-01
  1.5761E+00  7.8031E-02  2.8780E-01  8.2338E-02  2.9080E-01
  8.4426E-01 -1.7944E-01 -1.3520E+00  8.2338E-02  2.9080E-01
 -8.2139E-01 -1.1878E-01 -1.3452E+00  8.1197E-02  3.0324E-01
 -1.4634E+00  8.4484E-02 -5.9129E-01  8.1197E-02  3.0324E-01
 -1.5186E+00 -5.1486E-02  4.3536E-01  8.1197E-02  3.0324E-01
 -1.5451E+00 -7.3702E-02 -2.8470E-01  8.0816E-02  3.0755E-01
 -1.2040E+00 -6.1920E-02  1.0102E+00  8.0816E-02  3.0755E-01
 -1.4624E+00  1.2791E-01  5.4275E-01  8.0435E-02  3.1193E-01
 -7.2922E-01 -6.8347E-02 -1.3832E+00  8.0435E-02  3.1193E-01
 -1.2651E+00  1.2002E-01 -9.0034E-01  8.0055E-02  3.1640E-01
  7.7072E-01 -3.2680E-02 -1.3441E+00  7.9674E-02  3.2096E-01
  1.4457E+00 -2.9782E-03  5.5838E-01  7.9674E-02  3.2096E-01
 -6.5943E-01 -5.5486E-02 -1.3930E+00  7.9293E-02  3.2561E-01
  4.7540E-01  9.9295E-02  1.4637E+00  7.9293E-02  3.2561E-01
  1.0336E+00 -1.6718E-01 -1.1219E+00  7.8913E-02  3.3034E-01
 -1.0013E+00 -1.5530E-01  1.1525E+00  7.8913E-02  3.3034E-01
 -1.5009E+00  1.4250E-01 -2.4230E-01  7.8532E-02  3.3517E-01
 -6.9023E-01  1.1182E-02  1.3537E+00  7.8152E-02  3.4009E-01
 -1.0198E+00  5.2323E-02  1.1151E+00  7.7771E-02  3.4511E-01
  9.1910E-01 -1.4216E-01  1.1922E+00  7.7771E-02  3.4511E-01
 -1.4392E+00  1.2498E-01  4.2056E-01  7.7390E-02  3.5022E-01
 -1.4432E+00 -8.9376E-02 -3.8831E-01  7.7010E-02  3.5544E-01
 -1.0447E+00  6.7386E-02 -1.0703E+00  7.7010E-02  3.5544E-01
 -1.1995E+00 -1.8487E-01 -8.7665E-01  7.7010E-02  3.5544E-01
 -9.9411E-01 -1.6200E-01 -1.0978E+00  7.6629E-02  3.6076E-01
 -8.3472E-01 -1.8113E-01 -1.2207E+00  7.6629E-02  3.6076E-01
  6.0630E-01 -2.3695E-02 -1.3446E+00  7.5868E-02  3.7173E-01
  2.9333E-01  1.5707E-01 -1.4372E+00  7.5868E-02  3.7173E-01
 -1.4570E+00 -1.9765E-02 -2.3032E-01  7.5868E-02  3.7173E-01
  9.2653E-01  6.0384E-02 -1.1463E+00  7.5868E-02  3.7173E-01
  5.3924E-01 -1.5546E-02  1.3730E+00  7.5868E-02  3.7173E-01
 -4.9275E-01  1.5527E-01  1.3740E+00  7.5487E-02  3.7739E-01
 -9.9218E-01  1.4937E-01 -1.0715E+00  7.5487E-02  3.7739E-01
 -1.4126E+00  3.4447E-02  3.9795E-01  7.5487E-02  3.7739E-01
 -1.3874E+00 -1.8032E-01 -4.4446E-01  7.5487E-02  3.7739E-01
 -1.1912E+00  6.2071E-02  8.4315E-01  7.5106E-02  3.8315E-01
 -9.5416E-01 -7.4956E-02 -1.1035E+00  7.5106E-02  3.8315E-01
  1.3142E+00  7.1020E-02 -6.1702E-01  7.4726E-02  3.8904E-01
  1.4186E+00  1.3825E-01 -2.8507E-01  7.4726E-02  3.8904E-01
  5.2454E-01 -1.3022E-01 -1.3493E+00  7.4726E-02  3.8904E-01
 -1.4222E+00  1.6732E-01  2.4909E-01  7.4726E-02  3.8904E-01
 -1.3338E+00 -1.0684E-01  5.4934E-01  7.4345E-02  3.9504E-01
  6.4709E-01 -1.0003E-01  1.2897E+00  7.4345E-02  3.9504E-01
 -1.4335E+00  9.8855E-03 -1.9281E-01  7.4345E-02  3.9504E-01
 -1.0720E+00 -1.6760E-01 -9.5643E-01  7.4345E-02  3.9504E-01
  1.3342E+00 -1.7268E-01 -5.1168E-01  7.3965E-02  4.0117E-01
 -1.3180E+00  1.2269E-01 -5.6507E-01  7.3965E-02  4.0117E-01
  1.3951E+00  1.8121E-01 -3.0398E-01  7.3965E-02  4.0117E-01
 -1.3638E+00  1.0898E-01 -4.2382E-01  7.3584E-02  4.0743E-01
  1.1508E+00 -1.6555E-01 -8.3639E-01  7.3584E-02  4.0743E-01
 -1.4313E+00 -4.7987E-02 -2.1163E-02  7.3584E-02  4.0743E-01
 -3.6444E-01  1.8227E-01 -1.3731E+00  7.3584E-02  4.0743E-01
  1.3806E+00 -4.6996E-02  3.5076E-01  7.3203E-02  4.1382E-01
 -9.1364E-01  1.8181E-02  1.0937E+00  7.3203E-02  4.1382E-01
  1.5396E-01 -7.3901E-02 -1.4150E+00  7.3203E-02  4.1382E-01
 -6.8217E-01 -1.1004E-02 -1.2513E+00  7.3203E-02  4.1382E-01
 -1.4044E+00 -1.2132E-01  1.5579E-01  7.2822E-02  4.2035E-01
  1.2742E+00  1.6146E-01 -6.0149E-01  7.2822E-02  4.2035E-01
 -9.8980E-01  8.7432E-02  1.0120E+00  7.2822E-02  4.2035E-01
 -4.5961E-01 -1.1905E-01 -1.3290E+00  7.2442E-02  4.2701E-01
  3.9475E-01 -1.7111E-02 -1.3549E+00  7.2442E-02  4.2701E-01
  1.9475E-01 -2.3926E-02  1.3976E+00  7.2442E-02  4.2701E-01
  9.3080E-01  5.4411E-02  1.0595E+00  7.2442E-02  4.2701E-01
 -4.0535E-01  7.7096E-02 -1.3496E+00  7.2442E-02  4.2701E-01
 -7.9529E-01  1.4268E-01 -1.1487E+00  7.2061E-02  4.3381E-01
 -8.6505E-01  6.3369E-02 -1.0958E+00  7.1680E-02  4.4076E-01
 -1.3900E+00 -1.3285E-01  5.9117E-02  7.1680E-02  4.4076E-01
 -7.6577E-01 -1.0900E-01  1.1558E+00  7.1300E-02  4.4786E-01
  1.3700E+00  1.3422E-01 -1.9776E-01  7.1300E-02  4.4786E-01
 -7.1780E-01 -2.6730E-02 -1.1909E+00  7.1300E-02  4.4786E-01
  5.7033E-01 -9.3434E-02 -1.2575E+00  7.0919E-02  4.5511E-01
  1.3113E+00 -1.7959E-01  4.0437E-01  7.0919E-02  4.5511E-01
  5.4414E-01  2.4487E-02  1.2723E+00  7.0919E-02  4.5511E-01
 -1.3675E+00  3.8632E-02 -1.5869E-01  7.0538E-02  4.6253E-01
 -1.3213E+00  8.3580E-02  3.5439E-01  7.0157E-02  4.7010E-01
  7.8674E-01  2.5022E-02 -1.1138E+00  6.9776E-02  4.7784E-01
  9.1089E-01  5.4241E-02 -1.0048E+00  6.9395E-02  4.8575E-01
  1.2773E+00  2.8652E-02 -4.5825E-01  6.9395E-02  4.8575E-01
  1.5702E-01  1.6819E-01  1.3377E+00  6.9395E-02  4.8575E-01
 -1.2672E+00  9.6471E-02  4.7663E-01  6.9395E-02  4.8575E-01
  2.9664E-02  1.0519E-02  1.3569E+00  6.9395E-02  4.8575E-01
  3.2190E-01  1.4598E-01 -1.3037E+00  6.9014E-02  4.9384E-01
 -8.6786E-01  1.6771E-01 -1.0214E+00  6.9014E-02  4.9384E-01
  1.2286E-01 -1.5072E-01  1.3367E+00  6.9014E-02  4.9384E-01
 -1.3415E+00 -1.3292E-01  8.4332E-02  6.9014E-02  4.9384E-01
 -1.3160E+00 -1.7998E-02  3.0367E-01  6.9014E-02  4.9384E-01
 -1.0768E+00  1.5064E-01 -8.0145E-01  6.9014E-02  4.9384E-01
  1.3071E+00  7.4132E-03 -3.1385E-01  6.8633E-02  5.0211E-01
  1.0475E-01 -1.5554E-01 -1.3311E+00  6.8633E-02  5.0211E-01
  1.2284E+00  1.3936E-01  5.2788E-01  6.8633E-02  5.0211E-01
  4.8628E-02 -1.4162E-01  1.3165E+00  6.7489E-02  5.2808E-01
  1.2499E+00 -1.0228E-01 -4.2778E-01  6.7489E-02  5.2808E-01
 -1.3235E+00 -5.3647E-02  3.2451E-02  6.7489E-02  5.2808E-01
 -8.6730E-01  1.4858E-01 -9.8213E-01  6.7108E-02  5.3713E-01
 -1.1343E-01  1.7758E-01 -1.3017E+00  6.7108E-02  5.3713E-01
  7.9456E-01 -2.9302E-02  1.0520E+00  6.7108E-02  5.3713E-01
  1.2982E+00  7.1160E-02  1.2558E-01  6.6345E-02  5.5588E-01
 -7.2295E-01  1.1552E-01  1.0742E+00  6.5963E-02  5.6559E-01
  1.4029E-01 -1.6682E-02 -1.2923E+00  6.5963E-02  5.6559E-01
  8.5033E-03  2.7374E-02  1.2935E+00  6.5581E-02  5.7553E-01
  2.9113E-01  1.2157E-02 -1.2606E+00  6.5581E-02  5.7553E-01
  1.2869E+00 -2.0726E-02  1.3261E-01  6.5581E-02  5.7553E-01
  2.1294E-01 -9.5297E-02  1.2726E+00  6.5581E-02  5.7553E-01
 -8.5037E-01  1.5768E-01  9.6230E-01  6.5581E-02  5.7553E-01
  1.1937E+00 -1.4476E-01 -4.7773E-01  6.5581E-02  5.7553E-01
  1.6518E-01 -1.0663E-01 -1.2788E+00  6.5581E-02  5.7553E-01
 -6.7637E-01 -1.5849E-01 -1.0843E+00  6.5199E-02  5.8571E-01
  1.2533E+00 -1.6089E-01  2.4831E-01  6.5199E-02  5.8571E-01
  5.0681E-01  5.5143E-02  1.1760E+00  6.4817E-02  5.9614E-01
 -5.7435E-01  5.2424E-02 -1.1446E+00  6.4817E-02  5.9614E-01
 -1.1576E+00 -3.7331E-02  5.4901E-01  6.4817E-02  5.9614E-01
 -8.4881E-01  1.1707E-01  9.5322E-01  6.4817E-02  5.9614E-01
 -9.4518E-01 -8.9389E-02 -8.6108E-01  6.4817E-02  5.9614E-01
  1.8870E-01  1.6674E-01 -1.2567E+00  6.4817E-02  5.9614E-01
  5.7242E-02 -1.5532E-01  1.2650E+00  6.4434E-02  6.0681E-01
 -1.2286E+00 -1.4255E-01  3.1281E-01  6.4434E-02  6.0681E-01
  1.2273E+00 -6.8589E-02 -3.4129E-01  6.4434E-02  6.0681E-01
  9.2341E-01  1.1489E-02  8.8016E-01  6.4434E-02  6.0681E-01
  7.6913E-01  7.1801E-02  1.0078E+00  6.4051E-02  6.1776E-01
 -1.0472E+00  2.5985E-02  7.1776E-01  6.4051E-02  6.1776E-01
  5.5219E-01 -2.5395E-02  1.1432E+00  6.4051E-02  6.1776E-01
  8.1821E-01 -1.0736E-01 -9.6510E-01  6.4051E-02  6.1776E-01
 -2.6672E-02 -7.9446E-02 -1.2611E+00  6.3669E-02  6.2897E-01
 -1.0682E+00 -7.7038E-02 -6.6015E-01  6.3285E-02  6.4046E-01
 -1.1706E+00  1.5877E-02 -4.6074E-01  6.3285E-02  6.4046E-01
  8.1544E-01  6.0045E-02 -9.5616E-01  6.3285E-02  6.4046E-01
 -7.5505E-01 -6.8720E-02  1.0040E+00  6.3285E-02  6.4046E-01
 -3.6843E-01  8.7081E-02  1.1998E+00  6.3285E-02  6.4046E-01
  1.1898E+00  1.8269E-01 -3.4550E-01  6.2902E-02  6.5224E-01
 -1.2393E+00 -1.0274E-01 -1.4754E-01  6.2902E-02  6.5224E-01
  1.0243E+00  1.5397E-01 -7.0379E-01  6.2902E-02  6.5224E-01
  1.1516E+00 -1.2206E-01 -4.7666E-01  6.2902E-02  6.5224E-01
  1.2504E+00 -6.0441E-02  3.5055E-02  6.2902E-02  6.5224E-01
  1.0597E+00 -7.3677E-02  6.5229E-01  6.2518E-02  6.6433E-01
  8.6429E-01  3.5707E-02 -8.9761E-01  6.2518E-02  6.6433E-01
  9.8608E-02  8.6683E-02 -1.2397E+00  6.2518E-02  6.6433E-01
  1.0796E+00  1.7455E-01  5.7449E-01  6.1750E-02  6.8943E-01
  1.1855E+00  1.4407E-01 -3.1593E-01  6.1750E-02  6.8943E-01
 -6.5859E-01 -1.6874E-01  1.0247E+00  6.1365E-02  7.0248E-01
  1.1453E+00  9.4713E-02 -4.3767E-01  6.1365E-02  7.0248E-01
  6.0302E-01 -1.3238E-01  1.0635E+00  6.1365E-02  7.0248E-01
 -7.4711E-01 -1.6254E-01  9.5608E-01  6.0980E-02  7.1587E-01
  1.9476E-02  1.4951E-01 -1.2149E+00  6.0980E-02  7.1587E-01
 -1.1260E+00  1.8157E-01 -4.4476E-01  6.0980E-02  7.1587E-01
  6.7652E-01 -1.7422E-01 -1.0053E+00  6.0980E-02  7.1587E-01
  2.4675E-01  9.6739E-02  1.1896E+00  6.0595E-02  7.2962E-01
  9.2649E-01 -7.2159E-02  7.8852E-01  6.0595E-02  7.2962E-01
  2.2670E-01 -7.9066E-02  1.1949E+00  6.0595E-02  7.2962E-01
 -1.5332E-01 -1.5897E-01 -1.1931E+00  6.0209E-02  7.4374E-01
 -5.4740E-01 -1.7766E-02  1.0827E+00  6.0209E-02  7.4374E-01
 -4.8459E-01 -1.6670E-01 -1.0998E+00  6.0209E-02  7.4374E-01
  1.1536E+00 -8.9756E-02 -3.4698E-01  5.9822E-02  7.5825E-01
 -9.8494E-01 -6.9429E-02 -6.9595E-01  5.9822E-02  7.5825E-01
 -7.0532E-01  5.6139E-02  9.7911E-01  5.9822E-02  7.5825E-01
 -1.2136E-01  1.3860E-01 -1.1939E+00  5.9822E-02  7.5825E-01
  7.8419E-01  5.2313E-02 -9.1738E-01  5.9822E-02  7.5825E-01
  1.2058E+00  4.7604E-03 -7.2439E-02  5.9822E-02  7.5825E-01
 -5.7219E-01 -1.2195E-01  1.0508E+00  5.9436E-02  7.7315E-01
 -5.7949E-01 -1.6512E-01 -1.0409E+00  5.9436E-02  7.7315E-01
 -8.6485E-01  1.4513E-01  8.2310E-01  5.9436E-02  7.7315E-01
  3.1120E-01  1.8025E-02 -1.1562E+00  5.9048E-02  7.8847E-01
  1.0657E+00 -1.2431E-01 -5.3186E-01  5.9048E-02  7.8847E-01
  1.1325E+00 -2.7624E-02 -3.8815E-01  5.9048E-02  7.8847E-01
  9.1726E-01 -1.4181E-01 -7.4841E-01  5.8660E-02  8.0422E-01
 -1.1029E+00 -1.2953E-01 -4.3414E-01  5.8660E-02  8.0422E-01
  8.8248E-01  1.2846E-01 -7.9140E-01  5.8660E-02  8.0422E-01
 -3.8557E-01  1.4774E-01 -1.1185E+00  5.8660E-02  8.0422E-01
  1.0742E+00 -4.4032E-02  5.1554E-01  5.8660E-02  8.0422E-01
 -6.7007E-01 -1.2093E-01  9.7251E-01  5.8271E-02  8.2042E-01
 -1.3476E-01  1.4701E-02 -1.1794E+00  5.8271E-02  8.2042E-01
  1.5086E-01 -1.4359E-01 -1.1636E+00  5.7882E-02  8.3709E-01
 -8.3835E-01  1.0639E-01  8.2660E-01  5.7882E-02  8.3709E-01
  1.0180E+00  6.4599E-02 -5.9750E-01  5.7882E-02  8.3709E-01
  1.6448E-01 -1.7847E-01 -1.1569E+00  5.7882E-02  8.3709E-01
 -1.1765E+00  3.6504E-02 -5.8644E-03  5.7492E-02  8.5424E-01
  1.0309E+00  1.8461E-01  5.3744E-01  5.7492E-02  8.5424E-01
  1.1594E+00 -1.9480E-02 -2.0240E-01  5.7492E-02  8.5424E-01
  1.1463E+00 -9.6576E-02 -2.2513E-01  5.7101E-02  8.7190E-01
  1.0246E+00  3.1075E-02 -5.6855E-01  5.7101E-02  8.7190E-01
 -1.0723E+00  9.7485E-02 -4.6344E-01  5.7101E-02  8.7190E-01
 -1.5417E-01  1.7504E-01 -1.1487E+00  5.7101E-02  8.7190E-01
  1.6972E-01 -5.9082E-02  1.1534E+00  5.6710E-02  8.9009E-01
  1.2569E-01 -1.8971E-02  1.1604E+00  5.6710E-02  8.9009E-01
 -8.9701E-01  1.5727E-01  7.3022E-01  5.6710E-02  8.9009E-01
 -9.4886E-01 -1.5386E-01 -6.6225E-01  5.6710E-02  8.9009E-01
  4.3797E-02 -4.0359E-02  1.1609E+00  5.6317E-02  9.0882E-01
 -1.1287E+00 -5.5321E-02  2.7268E-01  5.6317E-02  9.0882E-01
 -6.1715E-01  1.4307E-01  9.7468E-01  5.6317E-02  9.0882E-01
 -9.1304E-01 -7.7396E-02  7.1534E-01  5.6317E-02  9.0882E-01
 -6.4023E-01  6.1388E-02  9.6262E-01  5.5924E-02  9.2814E-01
  1.7237E-01  1.6378E-01  1.1282E+00  5.5530E-02  9.4805E-01
  3.1578E-01 -1.1452E-01 -1.1030E+00  5.5530E-02  9.4805E-01
  1.1280E+00 -1.0393E-01  1.2177E-01  5.4340E-02  1.0117E+00
 -1.1073E+00 -7.3656E-02 -2.5784E-01  5.4340E-02  1.0117E+00
 -2.5324E-01 -5.5620E-02 -1.1094E+00  5.4340E-02  1.0117E+00
  1.1246E+00  9.0791E-02  1.5843E-01  5.4340E-02  1.0117E+00
 -1.0955E+00 -1.2839E-01 -2.8535E-01  5.4340E-02  1.0117E+00
  6.7065E-01 -1.5782E-01  9.0176E-01  5.3941E-02  1.0343E+00
 -4.3351E-01 -4.0870E-02  1.0432E+00  5.3541E-02  1.0577E+00
  1.0643E+00 -2.1486E-02  3.8036E-01  5.3541E-02  1.0577E+00
  8.2761E-01 -5.3291E-02 -7.6820E-01  5.3541E-02  1.0577E+00
  5.3779E-01  9.3066E-02 -9.8997E-01  5.3541E-02  1.0577E+00
 -2.2912E-02  1.8647E-02  1.1257E+00  5.3139E-02  1.0818E+00
 -7.8231E-01  1.3428E-01  7.9883E-01  5.3139E-02  1.0818E+00
 -8.9864E-01  5.7958E-02  6.6909E-01  5.2736E-02  1.1068E+00
  9.4316E-01 -1.0326E-01 -5.9076E-01  5.2331E-02  1.1327E+00
  4.3390E-01 -1.0202E-01 -1.0250E+00  5.2331E-02  1.1327E+00
 -7.2194E-01  3.8957E-02  8.4693E-01  5.1925E-02  1.1595E+00
 -9.8213E-01 -1.4662E-01  4.9487E-01  5.1516E-02  1.1873E+00
  1.0937E+00  1.2626E-01 -1.3707E-01  5.1516E-02  1.1873E+00
  1.0783E+00 -6.9661E-02 -2.5170E-01  5.1516E-02  1.1873E+00
  1.8285E-01  8.8549E-02  1.0907E+00  5.1516E-02  1.1873E+00
  3.1772E-01 -8.4466E-02 -1.0597E+00  5.1516E-02  1.1873E+00
 -1.0779E+00  9.2855E-02  2.4577E-01  5.1516E-02  1.1873E+00
  1.0898E+00  1.8563E-01  4.4579E-03  5.1106E-02  1.2161E+00
  1.0936E+00  1.3438E-01  9.0575E-02  5.1106E-02  1.2161E+00
 -9.2801E-01 -1.4167E-01  5.7636E-01  5.0694E-02  1.2461E+00
 -6.5272E-01 -1.5302E-01 -8.7408E-01  5.0694E-02  1.2461E+00
 -3.8995E-01  1.6540E-01  1.0169E+00  5.0694E-02  1.2461E+00
 -5.6173E-01 -9.5779E-02  9.4274E-01  5.0694E-02  1.2461E+00
  7.3430E-01 -1.8270E-01 -7.9524E-01  5.0279E-02  1.2771E+00
  1.0336E+00  1.1938E-01  3.4986E-01  5.0279E-02  1.2771E+00
  1.0070E+00  4.6856E-02  4.2483E-01  4.9863E-02  1.3094E+00
  1.0107E+00 -6.2679E-02  4.1379E-01  4.9863E-02  1.3094E+00
 -1.0227E+00 -7.2969E-03 -3.8815E-01  4.9863E-02  1.3094E+00
  3.6333E-01  8.9431E-02 -1.0279E+00  4.9863E-02  1.3094E+00
 -4.2742E-01  1.1674E-01 -9.9611E-01  4.9444E-02  1.3430E+00
 -1.0886E+00  3.1240E-02 -4.9483E-02  4.9444E-02  1.3430E+00
 -1.0364E+00  1.6656E-02  3.3773E-01  4.9444E-02  1.3430E+00
 -1.4211E-01 -5.6293E-02  1.0794E+00  4.9444E-02  1.3430E+00
 -4.8730E-01  8.4310E-02  9.7159E-01  4.9444E-02  1.3430E+00
  4.6348E-01  1.6861E-01  9.6817E-01  4.9022E-02  1.3780E+00
  9.4904E-01  2.5293E-03  5.2907E-01  4.9022E-02  1.3780E+00
  6.9643E-01 -1.1519E-01  8.2602E-01  4.9022E-02  1.3780E+00
 -1.0816E+00  3.8710E-02 -9.6190E-02  4.9022E-02  1.3780E+00
 -8.1878E-01 -1.8126E-01 -6.8525E-01  4.8597E-02  1.4144E+00
 -5.7847E-01  8.1543E-02 -9.1189E-01  4.8597E-02  1.4144E+00
 -7.3688E-01  7.9173E-02  7.8966E-01  4.8597E-02  1.4144E+00
 -4.0292E-01  1.5028E-01  9.9393E-01  4.8597E-02  1.4144E+00
 -3.9237E-01  1.1661E-01 -9.9883E-01  4.8170E-02  1.4524E+00
 -8.9975E-01  1.5748E-01  5.6874E-01  4.7739E-02  1.4920E+00
 -2.9212E-01  1.3358E-01 -1.0270E+00  4.7739E-02  1.4920E+00
 -1.8998E-02  3.6804E-02  1.0752E+00  4.7739E-02  1.4920E+00
 -6.0876E-01  1.3443E-01  8.7701E-01  4.7739E-02  1.4920E+00
  4.7481E-02  1.7166E-01  1.0578E+00  4.7306E-02  1.5334E+00
  4.2842E-01  3.8399E-02  9.7902E-01  4.6868E-02  1.5768E+00
  1.0477E+00 -1.0160E-01  1.8855E-01  4.6868E-02  1.5768E+00
 -1.0243E+00 -2.9081E-02 -3.0581E-01  4.6868E-02  1.5768E+00
  3.9601E-01 -9.4227E-02  9.8534E-01  4.6427E-02  1.6222E+00
 -6.7797E-01 -1.8568E-01 -8.0155E-01  4.6427E-02  1.6222E+00
  8.6164E-01  9.5697E-02 -6.2050E-01  4.6427E-02  1.6222E+00
  1.0510E+00 -5.7887E-03  1.7860E-01  4.6427E-02  1.6222E+00
  9.5544E-01  1.4146E-01 -4.5136E-01  4.6427E-02  1.6222E+00
  4.9434E-01 -4.7594E-02 -9.4338E-01  4.6427E-02  1.6222E+00
 -1.5908E-02 -6.2357E-02  1.0610E+00  4.5982E-02  1.6697E+00
 -1.0434E+00  9.8328E-02 -1.7743E-01  4.5982E-02  1.6697E+00
 -1.0423E+00 -1.8358E-01 -9.9386E-02  4.5982E-02  1.6697E+00
 -5.8517E-01  6.8652E-02 -8.8473E-01  4.5982E-02  1.6697E+00
 -7.4465E-01  4.5463E-02  7.5718E-01  4.5982E-02  1.6697E+00
  1.0586E+00  4.2817E-02  3.1081E-02  4.5533E-02  1.7196E+00
 -1.0405E+00 -3.1755E-02  1.9897E-01  4.5533E-02  1.7196E+00
  2.6760E-01  1.4040E-01 -1.0159E+00  4.5533E-02  1.7196E+00
 -1.0572E+00 -1.9223E-02 -7.3343E-02  4.5533E-02  1.7196E+00
  7.4407E-01 -6.1782E-02 -7.5225E-01  4.5533E-02  1.7196E+00
  6.2553E-01 -1.7437E-01  8.3383E-01  4.5079E-02  1.7721E+00
  4.3972E-01  5.1841E-02  9.5965E-01  4.5079E-02  1.7721E+00
 -8.3788E-01 -1.0324E-01  6.3582E-01  4.5079E-02  1.7721E+00
  6.3404E-01  1.6063E-01  8.3016E-01  4.5079E-02  1.7721E+00
  5.2206E-01  7.8583E-02  9.1556E-01  4.5079E-02  1.7721E+00
 -5.0400E-01  1.6410E-01  9.1095E-01  4.4620E-02  1.8273E+00
  2.0161E-01 -3.0446E-02  1.0340E+00  4.4620E-02  1.8273E+00
  7.4430E-01  1.0397E-03  7.4619E-01  4.4620E-02  1.8273E+00
 -8.5354E-01 -2.3972E-02  6.1779E-01  4.4620E-02  1.8273E+00
  4.8685E-01 -8.2912E-02  9.2782E-01  4.4156E-02  1.8855E+00
 -6.9137E-01  1.8882E-02  7.9145E-01  4.4156E-02  1.8855E+00
  8.6546E-01 -1.2660E-01  5.8284E-01  4.4156E-02  1.8855E+00
  4.4921E-01 -8.8291E-02  9.4613E-01  4.4156E-02  1.8855E+00
  9.6989E-01 -8.6091E-02  3.9579E-01  4.4156E-02  1.8855E+00
 -6.1488E-01 -8.0520E-02 -8.4518E-01  4.3687E-02  1.9469E+00
 -6.3446E-01 -6.8046E-02  8.3170E-01  4.3687E-02  1.9469E+00
 -1.0370E+00  5.7223E-03  1.5341E-01  4.3687E-02  1.9469E+00
  9.2418E-01  1.1302E-01 -4.8167E-01  4.3687E-02  1.9469E+00
 -3.3758E-01  1.7082E-01  9.7763E-01  4.3687E-02  1.9469E+00
  9.5385E-01 -3.3882E-02  4.3349E-01  4.3687E-02  1.9469E+00
  9.8024E-01  9.8959E-02 -3.5005E-01  4.3212E-02  2.0119E+00
  5.7215E-01  1.0049E-02 -8.7507E-01  4.3212E-02  2.0119E+00
  1.0319E+00  1.6635E-01 -2.6835E-02  4.3212E-02  2.0119E+00
 -9.0743E-01 -1.1486E-01  5.0654E-01  4.3212E-02  2.0119E+00
  2.7086E-01 -5.5707E-03 -1.0099E+00  4.3212E-02  2.0119E+00
 -3.3935E-01  8.1215E-02 -9.8283E-01  4.2730E-02  2.0806E+00
 -6.8820E-01 -1.8788E-02 -7.8341E-01  4.2730E-02  2.0806E+00
  5.0751E-01  1.6315E-02  9.1097E-01  4.2730E-02  2.0806E+00
  9.4172E-01  6.1044E-02 -4.3795E-01  4.2242E-02  2.1536E+00
  3.6568E-01 -3.5281E-02 -9.7334E-01  4.2242E-02  2.1536E+00
  9.0614E-01 -8.9223E-02 -5.0329E-01  4.2242E-02  2.1536E+00
  2.4820E-01  1.3919E-01  9.9811E-01  4.1747E-02  2.2312E+00
  3.5990E-01  6.0163E-02  9.7162E-01  4.1747E-02  2.2312E+00
 -8.8601E-01  9.4221E-02  5.3225E-01  4.1747E-02  2.2312E+00
  2.0337E-02  1.0947E-01 -1.0319E+00  4.1747E-02  2.2312E+00
 -3.6731E-01 -3.4684E-02  9.6751E-01  4.1244E-02  2.3138E+00
  2.7847E-01 -1.6430E-01  9.8369E-01  4.1244E-02  2.3138E+00
  9.6273E-01  2.6299E-02  3.8034E-01  4.1244E-02  2.3138E+00
 -1.0236E+00  1.3571E-01  3.3789E-02  4.0733E-02  2.4020E+00
 -4.8373E-02  1.7298E-01 -1.0151E+00  4.0213E-02  2.4964E+00
  1.0180E+00 -1.4971E-01 -6.2668E-02  4.0213E-02  2.4964E+00
  3.1527E-01  1.2366E-01 -9.7366E-01  4.0213E-02  2.4964E+00
 -9.9695E-01 -8.7488E-02 -2.4729E-01  4.0213E-02  2.4964E+00
  5.7435E-01 -8.4823E-02 -8.4920E-01  3.9683E-02  2.5977E+00
  5.1542E-01  1.2022E-01  8.8211E-01  3.9683E-02  2.5977E+00
 -6.4562E-01  1.3465E-01  7.8947E-01  3.9683E-02  2.5977E+00
 -7.3943E-01  1.1775E-01  7.0541E-01  3.9683E-02  2.5977E+00
 -6.4185E-01  7.6581E-03 -8.0386E-01  3.9683E-02  2.5977E+00
  1.0021E+00 -1.5448E-01 -1.6082E-01  3.9143E-02  2.7067E+00
 -9.5879E-01 -3.5339E-02 -3.6519E-01  3.9143E-02  2.7067E+00
  8.1805E-01  9.4098E-02  6.0638E-01  3.8029E-02  2.9517E+00
  8.9847E-01 -1.4580E-01 -4.6611E-01  3.8029E-02  2.9517E+00
  6.7127E-01 -1.2483E-01 -7.6130E-01  3.8029E-02  2.9517E+00
  1.0006E+00  1.2357E-01  1.7100E-01  3.8029E-02  2.9517E+00
 -9.2772E-01 -1.0018E-02 -4.3011E-01  3.8029E-02  2.9517E+00
 -7.5491E-01  7.2593E-04  6.8983E-01  3.8029E-02  2.9517E+00
  3.6861E-01  9.1759E-02  9.4745E-01  3.7452E-02  3.0900E+00
  2.4106E-01 -1.6173E-01 -9.7861E-01  3.7452E-02  3.0900E+00
  7.0831E-01  4.2933E-02  7.3376E-01  3.7452E-02  3.0900E+00
 -3.0332E-01 -1.7197E-01 -9.5936E-01  3.7452E-02  3.0900E+00
 -5.4885E-01  4.2285E-02  8.5961E-01  3.7452E-02  3.0900E+00
 -1.0113E+00 -6.6513E-02  1.0525E-01  3.6862E-02  3.2409E+00
  9.3915E-01  1.8080E-02  3.9050E-01  3.6256E-02  3.4062E+00
 -9.9108E-01  9.5950E-02 -2.0826E-01  3.6256E-02  3.4062E+00
 -6.6685E-01  6.9768E-02 -7.6503E-01  3.6256E-02  3.4062E+00
 -8.4632E-01 -2.3805E-02 -5.6391E-01  3.6256E-02  3.4062E+00
  9.4278E-01  1.2100E-01  3.6242E-01  3.6256E-02  3.4062E+00
  4.0804E-02 -9.6118E-02 -1.0119E+00  3.6256E-02  3.4062E+00
  9.4656E-01 -1.2774E-01 -3.5004E-01  3.6256E-02  3.4062E+00
 -7.0563E-01 -1.4746E-01 -7.1775E-01  3.6256E-02  3.4062E+00
 -1.0014E+00 -1.6499E-01 -3.8407E-02  3.5633E-02  3.5880E+00
 -6.4208E-01  6.1109E-02  7.8454E-01  3.5633E-02  3.5880E+00
 -7.8052E-01 -4.1666E-02 -6.4850E-01  3.5633E-02  3.5880E+00
  2.6453E-01  2.1086E-04  9.7897E-01  3.4991E-02  3.7890E+00
 -2.6952E-01  1.1781E-01 -9.7048E-01  3.4991E-02  3.7890E+00
 -9.0064E-01  9.6513E-02  4.5595E-01  3.4991E-02  3.7890E+00
  1.6687E-01 -6.6801E-02  9.9653E-01  3.4329E-02  4.0125E+00
 -9.5628E-01 -1.5436E-01  2.9509E-01  3.4329E-02  4.0125E+00
 -5.9560E-01 -9.2889E-02 -8.1364E-01  3.4329E-02  4.0125E+00
 -8.9976E-01  1.0051E-01 -4.5355E-01  3.4329E-02  4.0125E+00
 -9.4760E-01 -1.8293E-01 -3.0655E-01  3.4329E-02  4.0125E+00
  8.5896E-02  1.1373E-01  1.0011E+00  3.3644E-02  4.2626E+00
  8.5623E-01  1.3374E-01 -5.2110E-01  3.3644E-02  4.2626E+00
 -1.8090E-01  1.7769E-01 -9.7891E-01  3.3644E-02  4.2626E+00
  2.6761E-01 -1.2694E-01 -9.6550E-01  3.2934E-02  4.5444E+00
 -9.2946E-01 -1.2716E-01 -3.7397E-01  3.2934E-02  4.5444E+00
  6.1759E-01 -1.7214E-01 -7.8030E-01  3.2934E-02  4.5444E+00
  4.8600E-01 -2.8707E-03 -8.8528E-01  3.2934E-02  4.5444E+00
 -8.8797E-01  9.6495E-02 -4.7129E-01  3.2934E-02  4.5444E+00
 -6.7474E-01 -4.3714E-02 -7.5016E-01  3.2934E-02  4.5444E+00
  9.1754E-01 -1.6361E-01  3.8573E-01  3.2195E-02  4.8645E+00
 -1.0215E-01  1.7588E-02 -1.0033E+00  3.2195E-02  4.8645E+00
  1.6660E-02 -2.1240E-02 -1.0083E+00  3.2195E-02  4.8645E+00
 -8.6058E-01  5.8583E-02 -5.2288E-01  3.2195E-02  4.8645E+00
  9.9927E-01  1.1989E-01 -4.6892E-02  3.1425E-02  5.2312E+00
 -2.1858E-01  3.0949E-02  9.8305E-01  3.1425E-02  5.2312E+00
  6.8000E-01  9.3114E-02 -7.3760E-01  3.1425E-02  5.2312E+00
  8.0915E-01  8.0966E-02  5.9484E-01  3.1425E-02  5.2312E+00
  1.6858E-01 -1.6304E-01  9.7986E-01  3.1425E-02  5.2312E+00
  5.5641E-02 -1.6321E-01 -9.9267E-01  3.1425E-02  5.2312E+00
 -6.8072E-01 -1.8051E-01 -7.1903E-01  3.0618E-02  5.6557E+00
 -1.0018E+00  2.7636E-02  9.3012E-02  3.0618E-02  5.6557E+00
  8.0250E-01 -1.0141E-01 -5.9890E-01  3.0618E-02  5.6557E+00
 -1.9671E-01 -1.3010E-01  9.7844E-01  3.0618E-02  5.6557E+00
  1.4063E-01 -1.7223E-01 -9.8160E-01  3.0618E-02  5.6557E+00
 -9.3876E-01  1.5131E-01  3.2683E-01  2.9770E-02  6.1530E+00
 -1.9018E-02 -1.1017E-01  9.9924E-01  2.9770E-02  6.1530E+00
 -9.7888E-01  7.4727E-02 -2.1726E-01  2.9770E-02  6.1530E+00
  8.8473E-01  1.4928E-01 -4.5383E-01  2.9770E-02  6.1530E+00
  9.8641E-01 -1.2523E-01  1.4930E-01  2.9770E-02  6.1530E+00
  1.4014E-02  1.0973E-01 -9.9846E-01  2.8874E-02  6.7438E+00
  7.8223E-01 -4.8530E-02  6.2844E-01  2.8874E-02  6.7438E+00
 -9.2472E-01  1.0171E-01  3.7690E-01  2.7921E-02  7.4574E+00
 -7.4766E-01  9.6304E-02 -6.6275E-01  2.7921E-02  7.4574E+00
  6.1728E-01  4.9228E-02 -7.8997E-01  2.7921E-02  7.4574E+00
 -4.9831E-01 -1.2693E-01 -8.6203E-01  2.7921E-02  7.4574E+00
 -9.7363E-01 -9.7067E-02  2.2392E-01  2.7921E-02  7.4574E+00
 -8.2587E-01 -7.3385E-02 -5.6574E-01  2.7921E-02  7.4574E+00
  8.6339E-01 -1.4303E-01  4.9154E-01  2.7921E-02  7.4574E+00
  9.5055E-01  5.2961E-02 -3.1571E-01  2.6903E-02  8.3369E+00
 -5.4000E-01  1.8408E-01  8.2495E-01  2.6903E-02  8.3369E+00
 -3.8959E-01  1.4581E-01  9.1268E-01  2.6903E-02  8.3369E+00
  4.8912E-03  1.1261E-01  9.9665E-01  2.6903E-02  8.3369E+00
 -4.4215E-01  4.5647E-02 -8.9914E-01  2.6903E-02  8.3369E+00
 -1.2925E-01 -1.5812E-01  9.8199E-01  2.6903E-02  8.3369E+00
  3.5753E-01 -3.2361E-02  9.3585E-01  2.5804E-02  9.4481E+00
  9.9069E-01 -1.2670E-01  8.4742E-02  2.5804E-02  9.4481E+00
  9.7104E-01 -3.8115E-02  2.4561E-01  2.5804E-02  9.4481E+00
 -3.8584E-01  1.1253E-01 -9.1761E-01  2.4606E-02  1.0897E+01
  8.7256E-01  8.5308E-02 -4.8466E-01  2.4606E-02  1.0897E+01
 -1.4612E-01 -1.4886E-01 -9.7981E-01  2.4606E-02  1.0897E+01
  9.1567E-01  7.5910E-02  3.9914E-01  2.4606E-02  1.0897E+01
 -9.9456E-01  6.8668E-02 -9.8363E-02  2.4606E-02  1.0897E+01
 -9.9596E-01 -1.5632E-02 -1.0653E-01  2.4606E-02  1.0897E+01
  6.4636E-01  1.0802E-01  7.5702E-01  2.3280E-02  1.2866E+01
 -9.4422E-01 -1.0815E-01 -3.1510E-01  2.3280E-02  1.2866E+01
  9.9801E-01  6.3071E-02 -4.1388E-02  2.1787E-02  1.5696E+01
 -5.3052E-02  4.0763E-02  9.9861E-01  2.1787E-02  1.5696E+01
 -5.9269E-01  8.9839E-02 -8.0147E-01  2.1787E-02  1.5696E+01
 -6.4567E-01 -1.8207E-01 -7.4274E-01  2.1787E-02  1.5696E+01
 -8.2464E-01 -1.5018E-01 -5.4692E-01  2.1787E-02  1.5696E+01
 -7.7227E-01 -1.6029E-01 -6.1612E-01  2.1787E-02  1.5696E+01
  8.5914E-01 -1.1192E-01 -5.0107E-01  2.1787E-02  1.5696E+01
 -8.8385E-01 -1.6853E-01  4.3830E-01  2.1787E-02  1.5696E+01
  1.9469E-01  1.5289E-03 -9.8139E-01  2.0058E-02  2.0115E+01
  9.8774E-01  1.5875E-01 -1.4124E-02  2.0058E-02  2.0115E+01
 -1.4741E-01 -8.8719E-02 -9.8562E-01  2.0058E-02  2.0115E+01
 -6.2776E-01 -3.8712E-02 -7.7811E-01  2.0058E-02  2.0115E+01
 -1.6739E-01  1.0969E-01 -9.8030E-01  2.0058E-02  2.0115E+01
  9.7859E-01  3.6173E-02  2.0516E-01  2.0058E-02  2.0115E+01
 -6.2741E-02 -4.5546E-02  9.9751E-01  2.0058E-02  2.0115E+01
  8.8497E-01 -2.9694E-02  4.6528E-01  1.7969E-02  2.7981E+01
  8.4055E-01 -8.7258E-02  5.3517E-01  1.7969E-02  2.7981E+01
 -9.2336E-01  1.6555E-01  3.4718E-01  1.7969E-02  2.7981E+01
 -7.7451E-01 -9.8053E-02  6.2534E-01  1.7969E-02  2.7981E+01
  1.6360E-01 -1.6942E-01 -9.7215E-01  1.7969E-02  2.7981E+01
 -3.4691E-01 -3.0133E-02  9.3770E-01  1.7969E-02  2.7981E+01
