0.29659885714286D+02       612
(x,y,z) position of the X-ray source
 -0.1147E+01  0.7259E-01  0.1385E+01
x | y | z | R | rho
  1.5357E+00  4.0684E-02  9.7404E+00  3.1941E-01  4.9813E-03
  7.5534E-01  2.7325E-01  9.7671E+00  3.1806E-01  5.0451E-03
  2.3270E-02  3.0894E-02  9.1696E+00  3.0388E-01  5.7852E-03
  3.7292E-01  1.8375E-01  9.1481E+00  3.0360E-01  5.8010E-03
  1.1243E+00  1.0033E-01  9.0146E+00  3.0194E-01  5.8969E-03
 -1.4405E+00  1.2983E-02  8.6518E+00  2.9473E-01  6.3408E-03
  1.1074E-02 -1.9071E-01  8.2750E+00  2.8320E-01  7.1473E-03
 -6.4448E-02 -6.4516E-02  8.0486E+00  2.7779E-01  7.5729E-03
 -5.7595E-01  3.7040E-02  8.0043E+00  2.7722E-01  7.6199E-03
  3.1051E-01 -2.3250E-01  7.6681E+00  2.6887E-01  8.3516E-03
  2.0394E+00  1.7666E-01  7.3255E+00  2.6713E-01  8.5158E-03
 -1.4092E+00  1.0106E-01  7.2187E+00  2.6101E-01  9.1293E-03
 -4.5189E-01  2.8416E-01  7.0857E+00  2.5483E-01  9.8098E-03
  1.4827E-01 -2.0179E-01  7.1014E+00  2.5483E-01  9.8098E-03
  3.4568E-01  1.1142E-01  7.0133E+00  2.5276E-01  1.0053E-02
  1.5049E+00 -1.0312E-01  6.7251E+00  2.4948E-01  1.0454E-02
  1.1820E+00 -1.4778E-01  6.7283E+00  2.4799E-01  1.0644E-02
 -9.3131E-01 -1.6260E-01  5.8391E+00  2.2424E-01  1.4396E-02
  1.5735E-01  2.5508E-01  5.8841E+00  2.2362E-01  1.4516E-02
 -1.7539E+00  2.1084E-02  5.6246E+00  2.2362E-01  1.4516E-02
  5.7662E-01 -3.8487E-02  5.8164E+00  2.2238E-01  1.4761E-02
 -7.5684E-01  2.7117E-01  5.4956E+00  2.1455E-01  1.6437E-02
  5.7632E-01  2.5631E-01  5.3665E+00  2.1044E-01  1.7420E-02
  1.7728E+00 -2.2318E-01  4.9646E+00  2.0693E-01  1.8320E-02
 -1.9096E+00  2.1217E-01  4.8645E+00  2.0565E-01  1.8663E-02
  8.9608E-01 -8.1284E-02  5.1171E+00  2.0469E-01  1.8928E-02
  8.0073E-01 -2.3489E-01  5.0232E+00  2.0180E-01  1.9753E-02
 -9.1218E-01  7.2759E-02  4.8459E+00  1.9727E-01  2.1144E-02
 -3.0207E-01  1.4593E-01  4.8514E+00  1.9532E-01  2.1784E-02
 -1.5238E+00  1.4331E-01  4.5917E+00  1.9467E-01  2.2004E-02
 -1.3350E+00 -1.4847E-01  4.5906E+00  1.9304E-01  2.2567E-02
 -3.2387E-01  2.7549E-02  4.7263E+00  1.9173E-01  2.3032E-02
 -1.1510E+00  7.6975E-02  4.5245E+00  1.8976E-01  2.3757E-02
  9.6660E-02  8.9120E-02  4.6106E+00  1.8811E-01  2.4386E-02
 -1.7043E+00 -2.5755E-01  4.2416E+00  1.8712E-01  2.4775E-02
  8.8829E-01 -4.0037E-02  4.4797E+00  1.8679E-01  2.4907E-02
  1.7481E+00 -8.6882E-02  4.0712E+00  1.8281E-01  2.6569E-02
  2.0280E-01  1.1551E-01  4.4028E+00  1.8215E-01  2.6862E-02
 -1.6302E+00 -2.4686E-01  3.8337E+00  1.7511E-01  3.0234E-02
 -2.1788E-02  6.8147E-02  4.0499E+00  1.7139E-01  3.2247E-02
  1.6472E+00 -5.0024E-02  3.6880E+00  1.7105E-01  3.2439E-02
  2.4204E-01  1.3596E-01  3.9520E+00  1.6866E-01  3.3833E-02
 -1.4638E+00 -1.5629E-01  3.6781E+00  1.6866E-01  3.3833E-02
  1.7026E+00  1.8100E-01  3.5112E+00  1.6695E-01  3.4882E-02
  1.2826E-01 -2.5554E-01  3.8185E+00  1.6456E-01  3.6431E-02
 -1.7131E+00  1.7905E-01  3.3952E+00  1.6387E-01  3.6891E-02
 -1.1770E+00  7.2743E-02  3.5736E+00  1.6249E-01  3.7837E-02
 -1.4350E+00  1.3491E-01  3.2860E+00  1.5695E-01  4.1990E-02
 -1.5251E-01 -2.2390E-01  3.5017E+00  1.5451E-01  4.4012E-02
 -1.7649E+00 -3.6829E-02  2.9483E+00  1.5205E-01  4.6176E-02
  7.2425E-01  1.8609E-01  3.3320E+00  1.5135E-01  4.6822E-02
 -1.7168E+00 -1.1732E-01  2.8871E+00  1.4959E-01  4.8494E-02
  1.5727E+00  1.5610E-01  2.9663E+00  1.4959E-01  4.8494E-02
 -8.1206E-01 -6.1067E-02  3.2277E+00  1.4853E-01  4.9538E-02
 -1.6787E+00 -1.7975E-01  2.8565E+00  1.4818E-01  4.9893E-02
 -1.4444E+00 -1.5837E-01  2.9234E+00  1.4641E-01  5.1724E-02
 -1.9139E+00  1.3462E-01  2.6413E+00  1.4641E-01  5.1724E-02
 -1.5976E+00  1.2586E-01  2.7338E+00  1.4321E-01  5.5267E-02
  7.7928E-01  3.1149E-03  3.0716E+00  1.4321E-01  5.5267E-02
 -7.5449E-01  1.1854E-01  3.0318E+00  1.4178E-01  5.6953E-02
 -1.0102E+00 -1.4772E-02  2.9365E+00  1.4107E-01  5.7823E-02
  4.6810E-01 -1.9473E-01  3.0424E+00  1.4035E-01  5.8712E-02
  2.1244E-01  8.6664E-02  3.0547E+00  1.3964E-01  5.9620E-02
  6.4905E-01  2.0461E-01  2.9329E+00  1.3784E-01  6.1979E-02
 -1.6653E+00 -1.2078E-01  2.5054E+00  1.3784E-01  6.1979E-02
 -1.7825E-01  2.1212E-01  2.9770E+00  1.3712E-01  6.2960E-02
 -9.6285E-01 -3.3921E-02  2.7862E+00  1.3568E-01  6.4988E-02
  1.4506E+00 -1.5698E-01  2.5617E+00  1.3568E-01  6.4988E-02
  1.6924E+00  1.3456E-02  2.4139E+00  1.3568E-01  6.4988E-02
  1.9382E-01 -1.6750E-01  2.8744E+00  1.3351E-01  6.8205E-02
  1.2685E+00 -5.1466E-02  2.5684E+00  1.3279E-01  6.9327E-02
 -1.2620E+00  7.0127E-02  2.5481E+00  1.3207E-01  7.0476E-02
 -1.7635E+00  2.0718E-01  2.2221E+00  1.3207E-01  7.0476E-02
 -1.5784E+00 -5.5699E-02  2.3408E+00  1.3134E-01  7.1651E-02
  1.5529E+00  1.8320E-02  2.3213E+00  1.3025E-01  7.3466E-02
  1.2979E+00  4.3670E-02  2.4378E+00  1.2916E-01  7.5345E-02
  1.4560E+00 -8.7532E-02  2.2974E+00  1.2770E-01  7.7958E-02
 -1.7693E+00  1.9905E-01  2.0310E+00  1.2697E-01  7.9312E-02
 -7.5136E-01 -8.2790E-03  2.5520E+00  1.2550E-01  8.2120E-02
 -8.0548E-01  1.7178E-01  2.4765E+00  1.2367E-01  8.5829E-02
 -1.3308E+00 -4.8751E-02  2.2328E+00  1.2330E-01  8.6599E-02
  1.7276E+00  1.4104E-01  1.9241E+00  1.2293E-01  8.7378E-02
 -9.6425E-01  1.2249E-01  2.3247E+00  1.2035E-01  9.3117E-02
  1.9009E+00 -3.1462E-02 -1.6385E+00  1.1998E-01  9.3979E-02
  4.0607E-01  2.0159E-01  2.4584E+00  1.1961E-01  9.4853E-02
 -9.5379E-01 -2.0839E-01  2.2690E+00  1.1851E-01  9.7542E-02
  6.6366E-01  1.9910E-01  2.3710E+00  1.1851E-01  9.7542E-02
  6.2584E-01  5.8771E-02  2.3786E+00  1.1814E-01  9.8461E-02
  1.7445E+00 -9.6960E-02 -1.6615E+00  1.1628E-01  1.0324E-01
 -1.7391E+00  2.0172E-01  1.6434E+00  1.1591E-01  1.0424E-01
 -4.4458E-01 -1.0979E-01  2.3174E+00  1.1442E-01  1.0836E-01
  1.6973E+00 -1.2617E-01  1.6099E+00  1.1368E-01  1.1050E-01
  1.7990E+00 -1.4452E-02  1.4855E+00  1.1331E-01  1.1159E-01
 -5.9599E-01  7.3192E-02  2.2545E+00  1.1331E-01  1.1159E-01
 -1.7270E+00 -8.8817E-02  1.4490E+00  1.1032E-01  1.2090E-01
 -1.8171E+00  1.7238E-01 -1.2932E+00  1.0957E-01  1.2339E-01
  6.8372E-01  1.4281E-01  2.1051E+00  1.0882E-01  1.2596E-01
 -9.9456E-01  1.6112E-02  1.9505E+00  1.0770E-01  1.2994E-01
 -1.4704E+00  7.5440E-02  1.6078E+00  1.0733E-01  1.3131E-01
 -1.5081E+00  9.7274E-02 -1.5451E+00  1.0658E-01  1.3410E-01
  1.3398E+00  8.7315E-02 -1.6576E+00  1.0545E-01  1.3845E-01
  7.7974E-01 -2.2480E-02  1.9854E+00  1.0545E-01  1.3845E-01
 -1.7243E+00  8.9851E-02  1.2205E+00  1.0470E-01  1.4145E-01
 -1.3812E+00 -1.0850E-01 -1.5974E+00  1.0470E-01  1.4145E-01
  1.9033E+00  1.0286E-01 -8.9364E-01  1.0432E-01  1.4299E-01
  9.3767E-01 -1.4494E-01  1.8689E+00  1.0394E-01  1.4454E-01
 -1.9109E+00  1.7787E-01 -8.1922E-01  1.0357E-01  1.4613E-01
 -1.3258E+00  2.6383E-02  1.5871E+00  1.0281E-01  1.4936E-01
 -9.8993E-01 -1.5969E-02 -1.8158E+00  1.0281E-01  1.4936E-01
 -1.4370E+00  1.2693E-01  1.4692E+00  1.0244E-01  1.5102E-01
  2.8285E-01 -3.4751E-02  2.0299E+00  1.0206E-01  1.5269E-01
  1.3519E+00  7.9028E-02  1.5388E+00  1.0206E-01  1.5269E-01
 -1.2575E+00  9.2115E-02 -1.5929E+00  1.0131E-01  1.5613E-01
 -1.1136E+00 -1.5850E-01  1.6807E+00  1.0093E-01  1.5789E-01
 -1.0438E+00 -3.8870E-02 -1.7317E+00  1.0093E-01  1.5789E-01
  8.2967E-01 -1.3592E-01 -1.8293E+00  1.0055E-01  1.5967E-01
  7.9157E-01  3.5622E-02  1.8508E+00  1.0055E-01  1.5967E-01
  1.1456E+00  3.6437E-02 -1.6220E+00  9.9419E-02  1.6519E-01
  1.3268E+00  7.9009E-02 -1.4636E+00  9.9041E-02  1.6709E-01
  1.8605E+00  4.1734E-02 -6.6749E-01  9.9041E-02  1.6709E-01
 -1.8458E+00  1.4052E-01  6.9427E-01  9.9041E-02  1.6709E-01
  4.3208E-02  1.5322E-02  1.9765E+00  9.9041E-02  1.6709E-01
  1.9049E+00  1.0804E-02 -4.5740E-01  9.8285E-02  1.7098E-01
  1.8227E+00 -1.4915E-01 -6.2385E-01  9.7150E-02  1.7704E-01
  1.1589E+00 -4.2740E-02  1.5344E+00  9.6772E-02  1.7912E-01
  1.8940E+00  1.0382E-01  1.8323E-01  9.6015E-02  1.8340E-01
 -1.0549E+00  1.6856E-01  1.5674E+00  9.5636E-02  1.8558E-01
  2.0470E-01 -2.4341E-02 -1.8856E+00  9.5636E-02  1.8558E-01
  1.2409E-02  3.9946E-02  1.8876E+00  9.5257E-02  1.8781E-01
  4.2484E-01  1.7740E-02 -1.8395E+00  9.5257E-02  1.8781E-01
  1.8779E+00 -3.0245E-02  1.9352E-01  9.5257E-02  1.8781E-01
  3.1073E-01 -1.3906E-01  1.8571E+00  9.5257E-02  1.8781E-01
  2.4103E-01 -1.5560E-01 -1.8661E+00  9.5257E-02  1.8781E-01
  7.3963E-01  8.0474E-02  1.7162E+00  9.4499E-02  1.9236E-01
 -8.3819E-01  7.6505E-02 -1.6704E+00  9.4499E-02  1.9236E-01
 -1.6894E+00 -5.4479E-02  8.0120E-01  9.4499E-02  1.9236E-01
 -1.2387E+00  1.7085E-01  1.3911E+00  9.4499E-02  1.9236E-01
 -1.3794E+00 -1.3045E-01 -1.2566E+00  9.4499E-02  1.9236E-01
  1.7911E+00 -1.0010E-01 -4.9807E-01  9.4120E-02  1.9470E-01
  1.3476E+00  1.6767E-02  1.2845E+00  9.4120E-02  1.9470E-01
  1.1224E+00  1.0478E-01  1.4707E+00  9.3741E-02  1.9707E-01
 -1.5282E+00  3.7920E-02  1.0474E+00  9.3741E-02  1.9707E-01
  8.0583E-01 -3.7059E-02  1.6683E+00  9.3741E-02  1.9707E-01
  1.1940E+00 -1.5667E-01 -1.4084E+00  9.3741E-02  1.9707E-01
 -3.8921E-02 -1.1593E-01 -1.8403E+00  9.3361E-02  1.9948E-01
 -1.5587E+00 -1.1241E-01 -9.6325E-01  9.2982E-02  2.0193E-01
 -1.7080E+00  2.3167E-02 -6.7229E-01  9.2982E-02  2.0193E-01
  1.1898E+00  8.7614E-02 -1.3952E+00  9.2982E-02  2.0193E-01
 -1.1017E+00 -1.0027E-01  1.4649E+00  9.2982E-02  2.0193E-01
 -5.3759E-01  1.2706E-01  1.7506E+00  9.2982E-02  2.0193E-01
 -1.8082E+00 -1.4989E-01 -2.1526E-01  9.2603E-02  2.0443E-01
  1.6802E+00 -1.7808E-01 -6.9543E-01  9.2603E-02  2.0443E-01
  1.8242E+00 -8.8182E-02  5.1144E-02  9.2603E-02  2.0443E-01
  1.5459E+00 -1.0748E-01  9.5154E-01  9.2223E-02  2.0696E-01
  1.2608E+00  5.2089E-02 -1.3094E+00  9.2223E-02  2.0696E-01
  1.4385E-01  1.2645E-01 -1.8084E+00  9.2223E-02  2.0696E-01
  1.6697E+00  1.3808E-01 -6.3807E-01  9.1084E-02  2.1482E-01
  3.5953E-01  1.4096E-01  1.7333E+00  9.0325E-02  2.2029E-01
  1.3500E+00 -1.0514E-01  1.1489E+00  9.0325E-02  2.2029E-01
  3.3032E-01 -1.1520E-01  1.7410E+00  9.0325E-02  2.2029E-01
 -7.9733E-01 -2.5877E-02  1.5770E+00  8.9945E-02  2.2309E-01
  1.6797E+00 -1.3069E-01 -5.0521E-01  8.9565E-02  2.2594E-01
 -1.4341E+00 -1.0109E-01 -1.0133E+00  8.9565E-02  2.2594E-01
 -1.0270E+00  8.1740E-02  1.4256E+00  8.9565E-02  2.2594E-01
  1.1418E+00  7.6170E-02 -1.3357E+00  8.9565E-02  2.2594E-01
  1.7557E+00  6.9313E-03 -1.0547E-01  8.9565E-02  2.2594E-01
 -8.3279E-01 -1.7749E-01  1.5294E+00  8.9185E-02  2.2884E-01
  4.5274E-01  2.6224E-02 -1.6821E+00  8.8805E-02  2.3179E-01
  1.5503E+00 -1.8084E-01 -7.7376E-01  8.8805E-02  2.3179E-01
  1.6476E+00 -4.0188E-02 -5.6469E-01  8.8805E-02  2.3179E-01
  1.5620E+00 -6.4028E-02  7.4967E-01  8.8425E-02  2.3479E-01
 -9.7388E-01 -1.7576E-01  1.4134E+00  8.8044E-02  2.3785E-01
 -1.9587E-01  2.1366E-02 -1.7142E+00  8.8044E-02  2.3785E-01
 -1.2178E+00  1.5454E-01  1.2007E+00  8.7664E-02  2.4095E-01
  1.4787E+00  9.3836E-02 -8.6793E-01  8.7664E-02  2.4095E-01
 -1.7080E+00  5.2995E-02 -8.5136E-03  8.7284E-02  2.4412E-01
  1.6832E+00 -2.8280E-02 -2.9384E-01  8.7284E-02  2.4412E-01
  1.6631E+00 -1.4012E-01 -3.2663E-01  8.6904E-02  2.4734E-01
  1.4865E+00  4.5084E-02 -8.2487E-01  8.6904E-02  2.4734E-01
 -1.5557E+00  1.4143E-01 -6.7238E-01  8.6904E-02  2.4734E-01
  2.4607E-01 -8.5661E-02  1.6722E+00  8.6524E-02  2.5061E-01
  1.8223E-01 -2.7505E-02  1.6824E+00  8.6524E-02  2.5061E-01
  6.3455E-02 -5.8474E-02  1.6820E+00  8.6143E-02  2.5395E-01
 -1.6353E+00 -8.0151E-02  3.9507E-01  8.6143E-02  2.5395E-01
 -1.3228E+00 -1.1213E-01  1.0364E+00  8.6143E-02  2.5395E-01
 -9.2689E-01  8.8875E-02  1.3936E+00  8.5763E-02  2.5734E-01
  4.5680E-01 -1.6566E-01 -1.5956E+00  8.5382E-02  2.6079E-01
  1.6274E+00 -1.4994E-01  1.7569E-01  8.4241E-02  2.7154E-01
 -1.5976E+00 -1.0627E-01 -3.7201E-01  8.4241E-02  2.7154E-01
 -3.6538E-01 -8.0248E-02 -1.6006E+00  8.4241E-02  2.7154E-01
  1.6225E+00  1.3099E-01  2.2858E-01  8.4241E-02  2.7154E-01
 -1.5805E+00 -1.8524E-01 -4.1171E-01  8.4241E-02  2.7154E-01
 -6.2422E-01 -5.8850E-02  1.5022E+00  8.3480E-02  2.7903E-01
  1.5326E+00 -3.0938E-02  5.4770E-01  8.3480E-02  2.7903E-01
  1.1917E+00 -7.6736E-02 -1.1062E+00  8.3480E-02  2.7903E-01
  7.7438E-01  1.3401E-01 -1.4255E+00  8.3480E-02  2.7903E-01
 -3.2957E-02  2.6821E-02  1.6193E+00  8.3100E-02  2.8288E-01
 -1.2912E+00  8.3275E-02  9.6135E-01  8.2719E-02  2.8681E-01
  1.3536E+00 -1.4820E-01 -8.4783E-01  8.2338E-02  2.9080E-01
  6.2271E-01 -1.4641E-01 -1.4710E+00  8.2338E-02  2.9080E-01
 -1.0348E+00  5.5841E-02  1.2140E+00  8.1958E-02  2.9487E-01
  1.5658E+00  1.8076E-01 -1.9623E-01  8.1577E-02  2.9902E-01
  1.5437E+00 -9.9728E-02 -3.6034E-01  8.1577E-02  2.9902E-01
  2.6177E-01  1.2677E-01  1.5615E+00  8.1577E-02  2.9902E-01
  4.5486E-01 -1.2092E-01 -1.5170E+00  8.1577E-02  2.9902E-01
 -1.5432E+00  1.3293E-01  3.5185E-01  8.1577E-02  2.9902E-01
 -8.0203E-01 -1.3675E-01  1.3460E+00  8.0816E-02  3.0755E-01
  1.4737E+00  1.7021E-01  4.9882E-01  8.0435E-02  3.1193E-01
  1.4336E+00  6.6709E-02  6.0483E-01  8.0055E-02  3.1640E-01
  1.4389E+00 -8.9237E-02  5.8912E-01  8.0055E-02  3.1640E-01
 -1.4561E+00 -1.0389E-02 -5.5262E-01  8.0055E-02  3.1640E-01
  5.1727E-01  1.2732E-01 -1.4635E+00  8.0055E-02  3.1640E-01
 -6.0759E-01  1.6596E-01 -1.4160E+00  7.9674E-02  3.2096E-01
 -1.5475E+00  4.4410E-02 -7.0342E-02  7.9674E-02  3.2096E-01
 -1.4733E+00  2.3677E-02  4.8010E-01  7.9674E-02  3.2096E-01
 -2.0202E-01 -8.0023E-02  1.5345E+00  7.9674E-02  3.2096E-01
 -6.9271E-01  1.1985E-01  1.3812E+00  7.9674E-02  3.2096E-01
  1.3470E+00  3.5899E-03  7.5092E-01  7.9293E-02  3.2561E-01
  9.8846E-01 -1.6348E-01  1.1724E+00  7.9293E-02  3.2561E-01
 -1.5351E+00  5.4942E-02 -1.3652E-01  7.9293E-02  3.2561E-01
 -8.1969E-01  1.1555E-01 -1.2922E+00  7.8913E-02  3.3034E-01
 -1.0442E+00  1.1219E-01  1.1190E+00  7.8913E-02  3.3034E-01
 -5.5506E-01  1.6497E-01 -1.4130E+00  7.8532E-02  3.3517E-01
 -2.6829E-02  5.1973E-02  1.5184E+00  7.8152E-02  3.4009E-01
  6.0280E-01  5.4029E-02  1.3775E+00  7.7390E-02  3.5022E-01
  1.4741E+00 -1.4296E-01  2.6529E-01  7.7390E-02  3.5022E-01
 -1.4412E+00 -4.0918E-02 -4.3028E-01  7.7390E-02  3.5022E-01
  5.5614E-01 -1.3233E-01  1.3838E+00  7.7010E-02  3.5544E-01
  1.2100E+00  1.3439E-01 -8.7140E-01  7.7010E-02  3.5544E-01
  1.4760E+00 -8.1294E-03  2.5082E-01  7.7010E-02  3.5544E-01
  6.9422E-01 -6.6839E-02 -1.3248E+00  7.7010E-02  3.5544E-01
 -2.2297E-02 -8.7398E-02  1.4871E+00  7.6629E-02  3.6076E-01
 -1.4624E+00  1.3782E-01 -2.4869E-01  7.6629E-02  3.6076E-01
 -8.2016E-01  9.6221E-02 -1.2400E+00  7.6629E-02  3.6076E-01
 -1.0437E+00  6.3720E-02  1.0612E+00  7.6629E-02  3.6076E-01
  1.4806E+00  5.9890E-02  4.3474E-02  7.6248E-02  3.6619E-01
 -1.4555E+00 -4.4418E-02  2.7831E-01  7.6248E-02  3.6619E-01
 -1.4787E+00 -2.6888E-02 -1.0259E-01  7.6248E-02  3.6619E-01
  1.0408E+00 -8.6417E-02 -1.0522E+00  7.6248E-02  3.6619E-01
  6.1378E-01  7.2361E-02  1.3395E+00  7.5868E-02  3.7173E-01
 -1.1695E+00 -1.4410E-01  8.8749E-01  7.5868E-02  3.7173E-01
  7.2870E-01  1.0969E-01  1.2780E+00  7.5868E-02  3.7173E-01
  2.8080E-01 -4.2407E-02  1.4402E+00  7.5487E-02  3.7739E-01
  1.0367E+00  1.4482E-03  1.0393E+00  7.5487E-02  3.7739E-01
 -1.1888E+00 -3.3389E-02  8.6047E-01  7.5487E-02  3.7739E-01
  6.7660E-01 -1.1523E-01  1.2894E+00  7.5106E-02  3.8315E-01
 -9.6083E-01  2.6242E-02  1.0999E+00  7.5106E-02  3.8315E-01
  1.2028E+00 -1.7595E-01  8.1001E-01  7.5106E-02  3.8315E-01
  6.2430E-01 -1.2270E-01  1.3149E+00  7.5106E-02  3.8315E-01
  1.3479E+00 -1.1965E-01  5.5005E-01  7.5106E-02  3.8315E-01
 -8.5260E-01 -1.1165E-01 -1.1719E+00  7.4726E-02  3.8904E-01
 -8.7975E-01 -9.4353E-02  1.1532E+00  7.4726E-02  3.8904E-01
 -1.4379E+00  7.9346E-03  2.1271E-01  7.4726E-02  3.8904E-01
  1.2815E+00  1.5671E-01 -6.6788E-01  7.4726E-02  3.8904E-01
  1.3226E+00 -4.6981E-02  6.0108E-01  7.4726E-02  3.8904E-01
  1.3560E+00  1.3690E-01 -4.8425E-01  7.4345E-02  3.9504E-01
  7.9150E-01  1.3902E-02 -1.2106E+00  7.4345E-02  3.9504E-01
 -1.2553E+00 -1.5890E-01  7.0073E-01  7.4345E-02  3.9504E-01
  3.7470E-01 -7.7063E-03 -1.3970E+00  7.4345E-02  3.9504E-01
 -4.6832E-01  1.1208E-01 -1.3564E+00  7.3965E-02  4.0117E-01
 -9.4976E-01 -2.5929E-02 -1.0812E+00  7.3965E-02  4.0117E-01
  7.0039E-01  2.2516E-02  1.2572E+00  7.3965E-02  4.0117E-01
  1.2964E+00  8.4038E-02 -6.0291E-01  7.3584E-02  4.0743E-01
  5.0343E-01 -4.8570E-02 -1.3400E+00  7.3584E-02  4.0743E-01
  1.2475E+00 -1.2283E-01 -6.9287E-01  7.3584E-02  4.0743E-01
  4.9422E-01  8.2616E-02  1.3342E+00  7.3203E-02  4.1382E-01
 -1.2167E+00  1.2939E-01  7.3089E-01  7.3203E-02  4.1382E-01
  2.7928E-02  1.5033E-01 -1.4170E+00  7.3203E-02  4.1382E-01
 -5.0309E-01 -4.7506E-02  1.3252E+00  7.2822E-02  4.2035E-01
  1.3186E+00  3.6021E-02  5.2094E-01  7.2822E-02  4.2035E-01
 -1.3983E+00  1.8538E-01  4.6157E-02  7.2442E-02  4.2701E-01
  4.2951E-01  1.6847E-01 -1.3265E+00  7.2061E-02  4.3381E-01
 -1.3582E+00 -1.1919E-01 -3.3689E-01  7.2061E-02  4.3381E-01
  7.8029E-01 -1.1524E-01 -1.1537E+00  7.1680E-02  4.4076E-01
  7.0023E-01  1.6332E-01  1.1984E+00  7.1680E-02  4.4076E-01
 -8.7712E-01  1.8293E-01  1.0725E+00  7.1680E-02  4.4076E-01
 -1.0046E+00  1.5997E-01  9.5834E-01  7.1680E-02  4.4076E-01
 -8.7199E-01  1.0404E-02 -1.0921E+00  7.1680E-02  4.4076E-01
 -1.2989E+00 -4.7874E-02 -4.9472E-01  7.1300E-02  4.4786E-01
  1.1017E+00  1.2673E-01  8.1665E-01  7.0538E-02  4.6253E-01
  9.0404E-01 -1.6812E-01 -1.0253E+00  7.0538E-02  4.6253E-01
  1.3476E+00  1.6642E-01  2.3029E-01  7.0538E-02  4.6253E-01
 -1.2494E+00 -1.3492E-02 -5.7925E-01  7.0538E-02  4.6253E-01
 -1.0167E+00  9.7765E-04  9.2904E-01  7.0538E-02  4.6253E-01
  4.9492E-01  1.2320E-01  1.2721E+00  7.0157E-02  4.7010E-01
  9.5103E-01  5.7645E-02  9.8520E-01  7.0157E-02  4.7010E-01
 -7.3692E-01  5.6774E-02  1.1542E+00  7.0157E-02  4.7010E-01
 -1.3537E+00 -8.9028E-02  1.4087E-01  6.9776E-02  4.7784E-01
  1.2531E+00  2.4124E-02  5.2103E-01  6.9395E-02  4.8575E-01
 -1.3224E+00  1.2802E-01 -2.7787E-01  6.9395E-02  4.8575E-01
 -8.8976E-01  9.3089E-02 -1.0208E+00  6.9395E-02  4.8575E-01
 -1.1292E+00 -3.1762E-02 -7.5241E-01  6.9395E-02  4.8575E-01
  1.2579E+00  1.6145E-01  4.8357E-01  6.9395E-02  4.8575E-01
  5.4443E-02 -1.2825E-01 -1.3501E+00  6.9395E-02  4.8575E-01
  1.2630E+00 -1.7043E-01 -4.6704E-01  6.9395E-02  4.8575E-01
 -8.5395E-01  8.1272E-02  1.0434E+00  6.9014E-02  4.9384E-01
 -1.0381E+00 -5.5414E-02 -8.6248E-01  6.9014E-02  4.9384E-01
  3.5065E-01  2.7951E-04  1.2977E+00  6.8633E-02  5.0211E-01
 -3.5726E-01  1.5617E-01 -1.2864E+00  6.8633E-02  5.0211E-01
 -1.1939E+00  1.2794E-01  6.0439E-01  6.8633E-02  5.0211E-01
  2.2046E-01 -8.8252E-02  1.3165E+00  6.8252E-02  5.1057E-01
 -7.8685E-01 -1.2272E-01 -1.0749E+00  6.8252E-02  5.1057E-01
 -1.1887E+00  1.3279E-01 -5.9920E-01  6.8252E-02  5.1057E-01
  1.1309E-01  1.4973E-01  1.3181E+00  6.7871E-02  5.1923E-01
  1.1273E+00  1.7608E-01 -6.8607E-01  6.7871E-02  5.1923E-01
  3.5110E-01 -1.6654E-01 -1.2667E+00  6.7489E-02  5.2808E-01
 -1.2194E+00 -1.6683E-01 -4.9065E-01  6.7489E-02  5.2808E-01
  6.3762E-01 -3.7663E-03 -1.1615E+00  6.7489E-02  5.2808E-01
 -1.1650E+00  1.2660E-01 -6.1833E-01  6.7489E-02  5.2808E-01
 -8.8524E-01 -5.7352E-02 -9.8420E-01  6.7489E-02  5.2808E-01
 -1.3354E-01  2.2993E-02 -1.3117E+00  6.7108E-02  5.3713E-01
  2.1780E-02 -2.7768E-02 -1.3182E+00  6.7108E-02  5.3713E-01
 -1.1251E+00  7.6586E-02 -6.8356E-01  6.7108E-02  5.3713E-01
  1.3016E+00  1.5616E-01 -6.1081E-02  6.6726E-02  5.4640E-01
 -2.8472E-01  4.0313E-02  1.2805E+00  6.6726E-02  5.4640E-01
  8.8575E-01  1.2129E-01 -9.6077E-01  6.6726E-02  5.4640E-01
  1.0540E+00  1.0546E-01  7.7483E-01  6.6726E-02  5.4640E-01
 -1.3001E+00  3.5865E-02  1.2071E-01  6.6345E-02  5.5588E-01
  1.0415E+00 -1.3160E-01 -7.7723E-01  6.6345E-02  5.5588E-01
 -2.5529E-01 -1.6885E-01  1.2698E+00  6.6345E-02  5.5588E-01
 -2.4588E-02 -1.4243E-01  1.2919E+00  6.5963E-02  5.6559E-01
 -1.2656E+00  9.6614E-02 -2.8089E-01  6.5963E-02  5.6559E-01
  1.2753E+00 -1.6191E-01  1.9303E-01  6.5963E-02  5.6559E-01
  1.8049E-02  1.4133E-01 -1.2860E+00  6.5581E-02  5.7553E-01
  1.0075E+00 -6.2504E-02  8.0940E-01  6.5581E-02  5.7553E-01
 -1.1864E+00  1.3049E-01  4.8355E-01  6.5199E-02  5.8571E-01
 -9.5921E-01  1.2355E-01 -8.5028E-01  6.5199E-02  5.8571E-01
  7.9194E-01  6.3157E-02 -1.0135E+00  6.5199E-02  5.8571E-01
 -6.3930E-01 -1.6285E-01 -1.1059E+00  6.5199E-02  5.8571E-01
 -1.2491E+00 -1.2453E-01  2.8728E-01  6.5199E-02  5.8571E-01
 -1.0596E+00 -9.4149E-02 -7.2582E-01  6.5199E-02  5.8571E-01
  1.1077E+00 -1.8349E-01  6.3062E-01  6.5199E-02  5.8571E-01
  1.2147E+00  6.7678E-02 -4.0344E-01  6.4817E-02  5.9614E-01
 -4.9786E-01  1.8633E-01  1.1663E+00  6.4817E-02  5.9614E-01
  6.2503E-03  1.4391E-01  1.2736E+00  6.4817E-02  5.9614E-01
 -5.6501E-01  5.8332E-02 -1.1490E+00  6.4817E-02  5.9614E-01
  4.5505E-01 -4.1187E-02  1.1911E+00  6.4434E-02  6.0681E-01
  1.2609E+00 -1.6126E-01  1.0786E-01  6.4434E-02  6.0681E-01
  1.2359E+00 -4.8512E-02  3.1260E-01  6.4434E-02  6.0681E-01
 -4.8908E-01  1.4263E-01 -1.1631E+00  6.4051E-02  6.1776E-01
  1.1060E+00  1.0813E-01 -6.1434E-01  6.4051E-02  6.1776E-01
  1.1607E+00  9.6221E-02  5.0594E-01  6.4051E-02  6.1776E-01
 -1.2607E+00  8.7041E-02 -1.2468E-01  6.4051E-02  6.1776E-01
 -1.2625E+00 -1.9815E-02 -1.3503E-01  6.4051E-02  6.1776E-01
  8.1592E-01  1.3636E-01  9.5561E-01  6.3669E-02  6.2897E-01
 -1.1919E+00 -1.3652E-01 -3.9775E-01  6.3669E-02  6.2897E-01
  1.2545E+00  7.9282E-02 -5.2025E-02  6.3285E-02  6.4046E-01
 -6.6687E-02  5.1240E-02  1.2553E+00  6.3285E-02  6.4046E-01
 -7.4502E-01  1.1293E-01 -1.0075E+00  6.3285E-02  6.4046E-01
  1.0800E+00 -1.4068E-01 -6.2985E-01  6.3285E-02  6.4046E-01
  2.4369E-01  1.9137E-03 -1.2284E+00  6.2902E-02  6.5224E-01
 -1.8451E-01 -1.1105E-01 -1.2337E+00  6.2902E-02  6.5224E-01
 -7.8574E-01 -4.8455E-02 -9.7394E-01  6.2902E-02  6.5224E-01
 -2.0952E-01  1.3729E-01 -1.2270E+00  6.2902E-02  6.5224E-01
  1.2249E+00  4.5277E-02  2.5679E-01  6.2902E-02  6.5224E-01
 -7.8531E-02 -5.7009E-02  1.2485E+00  6.2902E-02  6.5224E-01
  1.1029E+00 -3.7006E-02  5.7986E-01  6.2518E-02  6.6433E-01
  1.0475E+00 -1.0874E-01  6.6695E-01  6.2518E-02  6.6433E-01
 -9.6524E-01 -1.2220E-01  7.7933E-01  6.2518E-02  6.6433E-01
 -4.3234E-01 -3.7553E-02  1.1686E+00  6.2518E-02  6.6433E-01
 -1.0127E+00 -9.2369E-02 -7.1116E-01  6.2134E-02  6.7672E-01
  6.4000E-01 -1.2079E-01 -1.0496E+00  6.1750E-02  6.8943E-01
  7.5357E-01  9.2411E-02 -9.7444E-01  6.1750E-02  6.8943E-01
 -1.2022E+00 -1.4032E-01 -2.4709E-01  6.1750E-02  6.8943E-01
 -6.8235E-02 -5.0357E-02  1.2324E+00  6.1750E-02  6.8943E-01
 -1.1972E+00 -3.5068E-02 -2.7881E-01  6.1365E-02  7.0248E-01
  6.1812E-01  3.0550E-02  1.0626E+00  6.1365E-02  7.0248E-01
 -8.4855E-01 -1.8705E-02 -8.8985E-01  6.1365E-02  7.0248E-01
 -6.9899E-01  3.5275E-02  1.0044E+00  6.0980E-02  7.1587E-01
 -2.5016E-01 -8.5280E-02 -1.1953E+00  6.0980E-02  7.1587E-01
 -1.1981E+00 -1.6304E-01 -1.5283E-01  6.0595E-02  7.2962E-01
  5.2849E-01  2.2417E-02 -1.0980E+00  6.0595E-02  7.2962E-01
  7.9385E-01  4.8409E-02  9.2348E-01  6.0595E-02  7.2962E-01
  2.9305E-02 -2.8123E-02 -1.2073E+00  5.9822E-02  7.5825E-01
  5.6245E-01  1.5083E-01  1.0584E+00  5.9822E-02  7.5825E-01
 -6.1879E-01  4.6688E-02 -1.0364E+00  5.9822E-02  7.5825E-01
  3.9825E-01 -3.6806E-02 -1.1399E+00  5.9822E-02  7.5825E-01
 -4.7474E-01  1.0237E-02 -1.1108E+00  5.9822E-02  7.5825E-01
 -1.1985E+00 -2.2780E-02 -1.4958E-01  5.9822E-02  7.5825E-01
 -1.0081E+00  3.5140E-02 -6.5504E-01  5.9436E-02  7.7315E-01
  1.1197E+00  2.5525E-02  4.3844E-01  5.9436E-02  7.7315E-01
 -9.3765E-01 -9.5058E-02 -7.3874E-01  5.9048E-02  7.8847E-01
 -4.3098E-01  7.8708E-02  1.1145E+00  5.9048E-02  7.8847E-01
 -2.7555E-01 -1.4389E-01 -1.1564E+00  5.9048E-02  7.8847E-01
 -1.1688E+00  1.0387E-01 -2.1138E-01  5.8660E-02  8.0422E-01
 -7.1705E-01  3.4657E-02  9.5196E-01  5.8660E-02  8.0422E-01
 -2.9863E-01  1.5326E-01  1.1441E+00  5.8660E-02  8.0422E-01
  9.0955E-01  3.0045E-02  7.7033E-01  5.8660E-02  8.0422E-01
 -3.8112E-01 -2.6827E-02 -1.1294E+00  5.8660E-02  8.0422E-01
 -7.1510E-01 -2.7322E-02  9.4726E-01  5.8271E-02  8.2042E-01
 -1.1108E+00 -1.5706E-01 -3.8854E-01  5.8271E-02  8.2042E-01
 -1.1760E+00  8.2682E-02 -1.4035E-01  5.8271E-02  8.2042E-01
 -5.0920E-02  1.8151E-01 -1.1670E+00  5.7882E-02  8.3709E-01
  6.6132E-01 -1.0880E-01 -9.7377E-01  5.7882E-02  8.3709E-01
 -1.0679E+00  1.0276E-01  4.9640E-01  5.7882E-02  8.3709E-01
 -1.0147E+00  1.0511E-01  5.9725E-01  5.7882E-02  8.3709E-01
  9.8056E-01 -1.2921E-01  6.4748E-01  5.7882E-02  8.3709E-01
  7.2387E-01 -2.6338E-02  9.2786E-01  5.7492E-02  8.5424E-01
  1.1339E+00 -7.1943E-02 -3.0778E-01  5.7492E-02  8.5424E-01
 -3.2949E-01 -8.3659E-02 -1.1270E+00  5.7492E-02  8.5424E-01
 -1.0277E+00  1.4607E-01  5.5512E-01  5.7492E-02  8.5424E-01
 -3.7878E-02  6.6000E-02  1.1747E+00  5.7492E-02  8.5424E-01
  8.0419E-01 -7.2181E-02 -8.5656E-01  5.7492E-02  8.5424E-01
  2.2342E-01  1.8334E-01 -1.1360E+00  5.7101E-02  8.7190E-01
 -3.6067E-02 -1.7577E-01 -1.1584E+00  5.7101E-02  8.7190E-01
 -1.1040E+00 -1.0382E-01 -3.7993E-01  5.7101E-02  8.7190E-01
  1.1228E+00  2.3167E-02  3.3579E-01  5.7101E-02  8.7190E-01
 -2.9729E-01 -1.5474E-01  1.1181E+00  5.6710E-02  8.9009E-01
 -9.3191E-01  1.1248E-01 -6.9388E-01  5.6710E-02  8.9009E-01
 -2.8672E-01  6.4192E-02 -1.1297E+00  5.6710E-02  8.9009E-01
 -6.5243E-01  1.7315E-01  9.4641E-01  5.6317E-02  9.0882E-01
  2.5449E-01  8.4435E-02 -1.1311E+00  5.6317E-02  9.0882E-01
 -5.7118E-01  9.3924E-02  1.0026E+00  5.5924E-02  9.2814E-01
 -7.4633E-01  1.5696E-01  8.7101E-01  5.5924E-02  9.2814E-01
 -7.8630E-01  1.1299E-01  8.4218E-01  5.5924E-02  9.2814E-01
 -8.3782E-01 -5.4766E-02  7.9709E-01  5.5924E-02  9.2814E-01
  1.0887E+00 -1.5440E-01 -3.6220E-01  5.5924E-02  9.2814E-01
 -8.9552E-01 -1.5505E-01 -7.0954E-01  5.5530E-02  9.4805E-01
 -1.1269E+00  1.0222E-01  2.2150E-01  5.5530E-02  9.4805E-01
  1.1045E-01 -7.0864E-02  1.1455E+00  5.5530E-02  9.4805E-01
  8.1045E-01  9.3432E-02  8.1479E-01  5.5530E-02  9.4805E-01
  1.1392E+00  1.3387E-01 -5.5747E-02  5.5134E-02  9.6859E-01
 -6.2619E-01  3.3668E-02 -9.5657E-01  5.4738E-02  9.8980E-01
  2.8889E-01  1.3383E-01  1.0986E+00  5.4738E-02  9.8980E-01
 -4.7840E-01  6.2665E-02 -1.0371E+00  5.4738E-02  9.8980E-01
  6.1417E-01  1.8527E-01 -9.4151E-01  5.4340E-02  1.0117E+00
 -8.3812E-01 -2.1628E-02 -7.7140E-01  5.4340E-02  1.0117E+00
  5.2300E-01  1.5855E-01  9.9458E-01  5.3941E-02  1.0343E+00
  1.1165E+00 -4.6658E-03  2.0335E-01  5.3941E-02  1.0343E+00
  1.5406E-01 -9.9186E-02 -1.1199E+00  5.3941E-02  1.0343E+00
 -9.7758E-01 -5.0323E-02 -5.7416E-01  5.3941E-02  1.0343E+00
  9.0975E-01 -6.0520E-02 -6.6829E-01  5.3541E-02  1.0577E+00
 -1.0649E+00 -4.6464E-02 -3.6341E-01  5.3139E-02  1.0818E+00
  6.5369E-01  1.7865E-01  8.9941E-01  5.3139E-02  1.0818E+00
  1.0597E+00  6.7447E-02 -3.7511E-01  5.3139E-02  1.0818E+00
  5.7584E-01  1.8215E-02  9.6760E-01  5.3139E-02  1.0818E+00
  1.1956E-01  8.2154E-02  1.1167E+00  5.3139E-02  1.0818E+00
 -1.0503E+00 -2.5687E-02 -4.0533E-01  5.3139E-02  1.0818E+00
 -1.0167E+00 -7.1069E-02 -4.6891E-01  5.2736E-02  1.1068E+00
 -9.6615E-01  8.9280E-03  5.7015E-01  5.2736E-02  1.1068E+00
 -6.1801E-01  1.6647E-01  9.2138E-01  5.2736E-02  1.1068E+00
  1.1031E+00 -1.7357E-01 -4.7774E-02  5.2331E-02  1.1327E+00
 -1.0376E+00 -1.1075E-01  4.0034E-01  5.2331E-02  1.1327E+00
  1.1021E+00  7.3729E-02 -1.7075E-01  5.2331E-02  1.1327E+00
 -6.8454E-01  2.3229E-02  8.7799E-01  5.1925E-02  1.1595E+00
  4.1021E-01 -8.9877E-02 -1.0313E+00  5.1925E-02  1.1595E+00
 -2.0845E-02 -4.2255E-02  1.1126E+00  5.1925E-02  1.1595E+00
 -1.2127E-01  7.4922E-02 -1.1003E+00  5.1516E-02  1.1873E+00
  9.6418E-01  1.7221E-02  5.4866E-01  5.1516E-02  1.1873E+00
 -8.3519E-01 -1.7704E-01 -7.0858E-01  5.1516E-02  1.1873E+00
  1.0780E+00  8.3446E-02 -2.4871E-01  5.1516E-02  1.1873E+00
  5.0241E-01 -2.3632E-02 -9.8446E-01  5.1106E-02  1.2161E+00
  8.1425E-01  4.7261E-02  7.4626E-01  5.1106E-02  1.2161E+00
 -9.4994E-01 -1.0907E-01 -5.5484E-01  5.1106E-02  1.2161E+00
 -1.0168E-02 -1.5135E-01 -1.0950E+00  5.1106E-02  1.2161E+00
  7.3879E-01  8.9686E-02 -8.1217E-01  5.0694E-02  1.2461E+00
 -6.9732E-01  6.9962E-02  8.4989E-01  5.0694E-02  1.2461E+00
 -8.6143E-01  1.0225E-01 -6.7893E-01  5.0694E-02  1.2461E+00
 -9.4208E-01 -1.0975E-01  5.5265E-01  5.0279E-02  1.2771E+00
 -1.0261E+00 -1.2739E-01  3.6872E-01  5.0279E-02  1.2771E+00
 -5.6597E-01  4.8472E-02  9.3488E-01  4.9863E-02  1.3094E+00
 -1.0888E+00 -4.4228E-02  9.6142E-02  4.9863E-02  1.3094E+00
  1.8034E-01  1.3665E-01 -1.0703E+00  4.9863E-02  1.3094E+00
  7.6204E-01  1.5828E-01 -7.6871E-01  4.9863E-02  1.3094E+00
 -6.2950E-01  1.8729E-02  8.8990E-01  4.9444E-02  1.3430E+00
 -1.0152E+00 -1.4760E-01  3.6896E-01  4.9444E-02  1.3430E+00
 -8.0123E-01  4.3414E-02 -7.3804E-01  4.9444E-02  1.3430E+00
 -7.8148E-01 -1.5695E-01 -7.4377E-01  4.9444E-02  1.3430E+00
 -7.7718E-01  4.7918E-02 -7.6304E-01  4.9444E-02  1.3430E+00
  2.5209E-01  8.0028E-03 -1.0606E+00  4.9444E-02  1.3430E+00
 -1.0307E+00  2.3471E-02 -3.5438E-01  4.9444E-02  1.3430E+00
  9.9843E-01 -1.9025E-02 -4.2823E-01  4.9022E-02  1.3780E+00
  6.3091E-01 -1.2959E-02  8.8453E-01  4.9022E-02  1.3780E+00
  9.8118E-01  1.1637E-01 -4.5203E-01  4.9022E-02  1.3780E+00
  1.0390E+00  1.0804E-01  2.9915E-01  4.9022E-02  1.3780E+00
  1.0196E+00 -5.6139E-02 -3.6058E-01  4.8597E-02  1.4144E+00
 -6.5021E-01  6.0825E-02  8.6392E-01  4.8597E-02  1.4144E+00
  4.5265E-02  1.2468E-01 -1.0748E+00  4.8597E-02  1.4144E+00
 -7.8009E-01  4.5277E-02 -7.4473E-01  4.8170E-02  1.4524E+00
  1.0536E+00  1.4049E-01 -1.8828E-01  4.8170E-02  1.4524E+00
 -4.4776E-01  1.0957E-01 -9.7608E-01  4.8170E-02  1.4524E+00
  9.0178E-01  1.0885E-02 -5.8072E-01  4.7306E-02  1.5334E+00
  8.1952E-02  1.3778E-01 -1.0573E+00  4.6868E-02  1.5768E+00
 -1.0491E+00  9.5556E-02  1.8368E-01  4.6868E-02  1.5768E+00
 -3.5426E-01  3.1165E-02 -1.0017E+00  4.5982E-02  1.6697E+00
  9.6507E-01  1.2926E-01 -4.2639E-01  4.5982E-02  1.6697E+00
 -7.7820E-01  5.2572E-02 -7.2216E-01  4.5982E-02  1.6697E+00
 -1.0094E+00  1.4724E-01 -2.9896E-01  4.5982E-02  1.6697E+00
 -5.2296E-02  1.6256E-01 -1.0492E+00  4.5982E-02  1.6697E+00
 -1.0373E+00 -3.2907E-02  2.1488E-01  4.5533E-02  1.7196E+00
  1.1569E-01  1.8466E-01 -1.0372E+00  4.5533E-02  1.7196E+00
 -8.6041E-01 -1.5330E-01 -5.9962E-01  4.5533E-02  1.7196E+00
 -5.7174E-01 -4.7163E-02 -8.9119E-01  4.5533E-02  1.7196E+00
  7.6642E-01  6.2783E-02 -7.2500E-01  4.5079E-02  1.7721E+00
 -1.0019E+00  3.8799E-02  3.2485E-01  4.4620E-02  1.8273E+00
  9.4493E-01  6.7874E-02 -4.6181E-01  4.4620E-02  1.8273E+00
 -8.1594E-01  1.0674E-01 -6.5849E-01  4.4620E-02  1.8273E+00
  1.0314E+00  7.9181E-02  2.0168E-01  4.4620E-02  1.8273E+00
  8.4484E-01  4.8445E-02  6.2823E-01  4.4620E-02  1.8273E+00
 -3.7032E-01 -1.4194E-01  9.7337E-01  4.4156E-02  1.8855E+00
  1.0496E+00 -3.5230E-02 -4.3757E-02  4.4156E-02  1.8855E+00
 -6.2503E-01  4.6386E-03 -8.4155E-01  4.3687E-02  1.9469E+00
  5.3191E-01 -4.2805E-02  9.0229E-01  4.3687E-02  1.9469E+00
  1.0166E+00  8.3844E-02  2.4148E-01  4.3687E-02  1.9469E+00
 -1.3072E-01  5.1078E-03 -1.0401E+00  4.3687E-02  1.9469E+00
  8.7354E-01 -6.7777E-02  5.7552E-01  4.3687E-02  1.9469E+00
  9.1321E-02 -6.6126E-02  1.0422E+00  4.3687E-02  1.9469E+00
  2.7777E-01  2.9461E-03 -1.0080E+00  4.3212E-02  2.0119E+00
 -1.0351E+00  1.4545E-01  2.3592E-02  4.3212E-02  2.0119E+00
  8.4667E-01  2.5606E-02  6.1294E-01  4.3212E-02  2.0119E+00
 -8.0555E-01 -1.3010E-01 -6.5374E-01  4.3212E-02  2.0119E+00
 -5.6456E-01  5.7271E-02 -8.7818E-01  4.3212E-02  2.0119E+00
  4.5099E-01  9.4058E-02  9.3860E-01  4.3212E-02  2.0119E+00
 -5.7289E-01 -7.3535E-02  8.7155E-01  4.3212E-02  2.0119E+00
 -3.5588E-01  5.2234E-02 -9.8175E-01  4.3212E-02  2.0119E+00
  7.2908E-01  4.2132E-02 -7.4456E-01  4.2730E-02  2.0806E+00
 -6.1336E-01  2.8330E-03 -8.4349E-01  4.2730E-02  2.0806E+00
  4.9368E-01  7.0043E-04 -9.1577E-01  4.2242E-02  2.1536E+00
 -8.1812E-01 -3.6221E-02  6.4167E-01  4.2242E-02  2.1536E+00
  3.1244E-01 -1.7977E-01  9.7327E-01  4.1747E-02  2.2312E+00
  4.6103E-01  5.7734E-02  9.2807E-01  4.1747E-02  2.2312E+00
 -6.2181E-01 -6.4548E-02  8.2848E-01  4.1747E-02  2.2312E+00
  8.2871E-01 -1.4793E-01 -6.0708E-01  4.1747E-02  2.2312E+00
 -8.6438E-01 -1.4702E-01  5.5536E-01  4.1747E-02  2.2312E+00
 -9.4856E-01 -1.1079E-01  4.0019E-01  4.1244E-02  2.3138E+00
  9.9481E-01 -1.1898E-01  2.6151E-01  4.1244E-02  2.3138E+00
 -9.3005E-01  1.3479E-01  4.3479E-01  4.1244E-02  2.3138E+00
 -1.1222E-01 -1.9163E-02  1.0292E+00  4.1244E-02  2.3138E+00
  9.0523E-01  1.6741E-01 -4.7406E-01  4.1244E-02  2.3138E+00
 -3.3550E-01  1.6966E-01  9.6230E-01  4.0733E-02  2.4020E+00
  3.5595E-01  1.5692E-02  9.6975E-01  4.0733E-02  2.4020E+00
 -5.1595E-03 -1.8188E-01  1.0170E+00  4.0733E-02  2.4020E+00
  9.3617E-01  1.8269E-01  3.9104E-01  4.0213E-02  2.4964E+00
  6.2521E-01  7.7181E-02  8.1600E-01  4.0213E-02  2.4964E+00
 -8.8915E-01 -8.7428E-02  5.1427E-01  4.0213E-02  2.4964E+00
  2.7130E-01  1.4763E-01  9.8352E-01  4.0213E-02  2.4964E+00
 -5.5363E-01  4.8226E-02  8.6567E-01  3.9683E-02  2.5977E+00
  4.0711E-01  2.0535E-02  9.4449E-01  3.9683E-02  2.5977E+00
 -8.4160E-01 -1.1114E-01 -5.8102E-01  3.9683E-02  2.5977E+00
 -1.0144E+00  1.2260E-01  7.6173E-02  3.8592E-02  2.8243E+00
 -9.1750E-01 -1.1528E-01 -4.3667E-01  3.8029E-02  2.9517E+00
  1.0110E+00 -1.2078E-01 -9.4676E-02  3.8029E-02  2.9517E+00
  1.6719E-01  1.0049E-01  1.0038E+00  3.8029E-02  2.9517E+00
 -1.9186E-01  1.3604E-01 -9.9329E-01  3.7452E-02  3.0900E+00
 -6.6248E-01 -3.3835E-02  7.7584E-01  3.7452E-02  3.0900E+00
 -6.6419E-01  5.0821E-02  7.7108E-01  3.6862E-02  3.2409E+00
  7.4047E-01 -3.4645E-02 -6.9914E-01  3.6862E-02  3.2409E+00
 -9.7067E-01 -1.6757E-01 -2.6082E-01  3.6862E-02  3.2409E+00
 -7.9913E-02 -4.0013E-02  1.0150E+00  3.6862E-02  3.2409E+00
 -4.5022E-01  3.9112E-02  9.1328E-01  3.6862E-02  3.2409E+00
 -8.5636E-01  2.6511E-02  5.5159E-01  3.6862E-02  3.2409E+00
 -1.0171E+00  1.4446E-02 -5.9189E-02  3.6862E-02  3.2409E+00
  7.1301E-01  1.4138E-01 -7.1166E-01  3.6256E-02  3.4062E+00
 -8.5075E-01  1.5327E-01  5.3624E-01  3.6256E-02  3.4062E+00
 -8.1261E-01  1.6093E-01  5.9042E-01  3.6256E-02  3.4062E+00
  3.0807E-01  5.1511E-02 -9.6812E-01  3.6256E-02  3.4062E+00
 -8.7396E-02  9.4534E-02  1.0091E+00  3.6256E-02  3.4062E+00
  7.7990E-01  2.7677E-02  6.5000E-01  3.5633E-02  3.5880E+00
 -1.2715E-01 -1.1463E-01 -1.0011E+00  3.5633E-02  3.5880E+00
  4.7681E-01  6.0636E-02 -8.9294E-01  3.4991E-02  3.7890E+00
 -6.5369E-02 -1.0892E-01 -1.0061E+00  3.4991E-02  3.7890E+00
  5.0610E-01  8.7492E-02 -8.7439E-01  3.4991E-02  3.7890E+00
 -1.9327E-01  1.3943E-01 -9.8417E-01  3.4329E-02  4.0125E+00
 -7.2205E-01 -8.5547E-02 -7.0478E-01  3.4329E-02  4.0125E+00
  8.6091E-01 -1.0632E-02  5.3036E-01  3.3644E-02  4.2626E+00
  9.2616E-01  1.5974E-01  3.7321E-01  3.3644E-02  4.2626E+00
  7.2751E-01  1.9763E-02  7.0019E-01  3.2934E-02  4.5444E+00
  2.5855E-01  1.3568E-01 -9.6678E-01  3.2934E-02  4.5444E+00
 -1.3645E-01  7.6240E-02  9.9774E-01  3.2934E-02  4.5444E+00
  6.7990E-01  1.4511E-02 -7.4496E-01  3.2195E-02  4.8645E+00
  9.8249E-02 -1.5510E-01  9.9183E-01  3.2195E-02  4.8645E+00
 -1.8875E-01  1.7554E-01  9.7519E-01  3.2195E-02  4.8645E+00
  2.4368E-01 -1.4332E-01  9.6825E-01  3.2195E-02  4.8645E+00
  9.2947E-01  6.1188E-02 -3.8400E-01  3.1425E-02  5.2312E+00
 -1.0055E+00 -6.4225E-02 -4.0327E-03  3.1425E-02  5.2312E+00
 -8.5706E-01 -6.5506E-02  5.2562E-01  3.1425E-02  5.2312E+00
 -9.2280E-01 -1.5036E-01  3.7544E-01  3.1425E-02  5.2312E+00
 -3.0461E-01  1.1540E-01  9.5229E-01  3.0618E-02  5.6557E+00
  4.3769E-01 -1.5891E-01  8.9227E-01  3.0618E-02  5.6557E+00
  1.9957E-01 -9.9297E-02  9.8147E-01  3.0618E-02  5.6557E+00
  9.3183E-01  1.3739E-01  3.5186E-01  2.9770E-02  6.1530E+00
  9.7471E-01  6.6089E-02  2.3784E-01  2.9770E-02  6.1530E+00
 -9.3086E-01  5.5043E-02 -3.7611E-01  2.9770E-02  6.1530E+00
  8.3768E-01  1.7916E-01  5.2648E-01  2.9770E-02  6.1530E+00
 -8.4705E-01  6.6836E-02  5.3761E-01  2.9770E-02  6.1530E+00
 -2.7608E-01  2.9347E-02  9.6544E-01  2.8874E-02  6.7438E+00
  9.8267E-01  2.9706E-03 -2.0862E-01  2.8874E-02  6.7438E+00
 -4.4989E-01  3.1245E-02  8.9766E-01  2.8874E-02  6.7438E+00
 -2.7352E-01  1.0347E-01  9.6107E-01  2.8874E-02  6.7438E+00
  8.8365E-01 -1.6694E-01 -4.4587E-01  2.7921E-02  7.4574E+00
 -8.6334E-01  1.6317E-01 -4.8531E-01  2.7921E-02  7.4574E+00
 -1.7067E-01  3.3426E-02  9.8857E-01  2.7921E-02  7.4574E+00
  7.8357E-01  8.0821E-02 -6.2210E-01  2.7921E-02  7.4574E+00
 -9.9627E-01 -4.5629E-02  1.0675E-01  2.6903E-02  8.3369E+00
 -8.5936E-02 -1.7426E-01 -9.8401E-01  2.6903E-02  8.3369E+00
 -9.6797E-01 -1.3635E-01 -2.2464E-01  2.6903E-02  8.3369E+00
  8.5765E-01  1.5065E-01 -4.9642E-01  2.5804E-02  9.4481E+00
 -5.3735E-01  1.2901E-01 -8.3624E-01  2.5804E-02  9.4481E+00
  7.3443E-01  6.7792E-02 -6.7790E-01  2.4606E-02  1.0897E+01
  6.4065E-01  4.4534E-02 -7.6885E-01  2.4606E-02  1.0897E+01
 -8.2132E-01  2.8978E-02 -5.7123E-01  2.1787E-02  1.5696E+01
  6.7546E-01 -6.7264E-02 -7.3549E-01  2.1787E-02  1.5696E+01
  9.5520E-01 -1.3865E-01  2.6473E-01  2.1787E-02  1.5696E+01
  9.8443E-01  1.1523E-01  1.3903E-01  2.1787E-02  1.5696E+01
  4.6778E-01  1.1180E-02 -8.8436E-01  2.0058E-02  2.0115E+01
  7.6039E-01  1.2763E-01 -6.3762E-01  2.0058E-02  2.0115E+01
  9.6601E-01  9.4284E-02  2.4286E-01  2.0058E-02  2.0115E+01
 -1.6229E-01 -1.6571E-01  9.7326E-01  2.0058E-02  2.0115E+01
 -9.6830E-01  1.6325E-01  1.9048E-01  1.7969E-02  2.7981E+01
  7.8841E-01 -1.3107E-01 -6.0148E-01  1.7969E-02  2.7981E+01
 -8.3178E-01 -6.9127E-02 -5.5127E-01  1.7969E-02  2.7981E+01
 -6.4360E-01 -1.1857E-01  7.5648E-01  1.7969E-02  2.7981E+01
