0.19995428571429D+01       627
(x,y,z) position of the X-ray source
  0.6626E+00  0.8759E-01  0.1671E+01
x | y | z | R | rho
 -3.3878E-01 -1.5124E-01  3.7413E+00  1.6238E-01  3.7914E-02
  1.8151E+00 -1.1146E-01  4.8003E+00  2.0295E-01  1.9418E-02
  9.5970E-01 -3.8786E-02  2.7817E+00  1.3550E-01  6.5249E-02
 -9.2651E-01  5.1746E-02  4.2277E+00  1.7976E-01  2.7948E-02
  1.4375E-01 -1.7979E-02  2.6319E+00  1.2461E-01  8.3887E-02
  1.9474E+00 -1.6804E-01  3.1138E+00  1.5976E-01  3.9812E-02
  1.0723E-01 -1.0019E-01  3.5689E+00  1.5643E-01  4.2411E-02
  1.5888E+00 -1.0022E-01 -1.7965E+00  1.1588E-01  1.0433E-01
  1.5963E+00 -1.2200E-01  1.2447E+00  1.0116E-01  1.5683E-01
 -1.8071E+00  1.4857E-01  5.0900E+00  2.1043E-01  1.7421E-02
 -2.7812E-01 -1.0975E-01  4.2722E+00  1.7839E-01  2.8594E-02
 -3.1560E-01 -1.8535E-01  2.1286E+00  1.0652E-01  1.3432E-01
  1.4305E+00 -2.6471E-01  4.1162E+00  1.8087E-01  2.7436E-02
  1.6115E+00 -7.2104E-02  6.4664E+00  2.4372E-01  1.1213E-02
  1.8915E+00 -7.2275E-03  2.4226E+00  1.3999E-01  5.9172E-02
  1.2895E+00 -5.1304E-02  3.1210E+00  1.5012E-01  4.7980E-02
  1.2495E-01  1.8398E-01  2.0277E+00  1.0165E-01  1.5456E-01
  1.7855E+00  6.2115E-02 -1.0809E+00  1.0363E-01  1.4587E-01
  3.5276E-01  6.9296E-02  2.8189E+00  1.3197E-01  7.0623E-02
  1.1383E+00 -1.2164E-01  5.9862E+00  2.2899E-01  1.3520E-02
  1.2396E+00 -3.1345E-02  3.8790E+00  1.7205E-01  3.1874E-02
  1.5743E+00 -1.5254E-02  2.4870E+00  1.3552E-01  6.5223E-02
  6.9041E-02  1.4363E-01  1.9285E+00  9.7271E-02  1.7638E-01
 -1.4166E+00 -1.4191E-01  3.7140E+00  1.6915E-01  3.3543E-02
 -1.9287E+00 -2.1392E-03  9.7354E+00  3.2083E-01  4.9157E-03
  3.7177E-01 -3.0909E-01  6.9089E+00  2.5033E-01  1.0348E-02
 -2.6683E-01  1.6756E-01  4.5031E+00  1.8524E-01  2.5537E-02
  1.0627E+00 -1.3881E-01  3.9276E+00  1.7201E-01  3.1895E-02
  4.2978E-02  1.2570E-01  6.6345E+00  2.4299E-01  1.1314E-02
 -1.7393E+00  2.0466E-02  5.7393E+00  2.2642E-01  1.3985E-02
  1.7561E-01 -1.5844E-01  3.0774E+00  1.4043E-01  5.8621E-02
 -3.3077E-01 -7.9153E-02  2.5075E+00  1.2075E-01  9.2203E-02
  1.5896E+00  6.2797E-02  1.2618E+00  1.0126E-01  1.5633E-01
 -1.5633E+00 -1.3632E-01  1.0697E+00  9.5732E-02  1.8503E-01
 -1.0704E+00 -2.0574E-01  6.1071E+00  2.3184E-01  1.3026E-02
 -2.0025E+00  1.3678E-01  7.1676E+00  2.6316E-01  8.9073E-03
  1.2548E+00  8.3103E-02  1.4652E+00  9.7088E-02  1.7738E-01
 -1.5832E+00  2.5756E-03  1.5333E+00  1.0827E-01  1.2789E-01
 -9.0489E-01 -5.9559E-02  1.7638E+00  9.9300E-02  1.6579E-01
  8.7478E-01 -1.6127E-01  2.2107E+00  1.1521E-01  1.0614E-01
  1.7318E+00 -1.1081E-01  1.0993E+00  1.0224E-01  1.5189E-01
  2.4513E-01  3.8778E-02  4.8500E+00  1.9514E-01  2.1847E-02
 -1.1491E+00 -2.0792E-01  5.9093E+00  2.2711E-01  1.3857E-02
 -6.1520E-01  8.9393E-02  5.9878E+00  2.2702E-01  1.3874E-02
 -5.6810E-01 -1.3673E-02  2.1768E+00  1.1008E-01  1.2171E-01
 -1.4530E+00  6.4333E-02  2.3413E+00  1.2895E-01  7.5712E-02
  1.9572E+00  1.0570E-01  3.0446E+00  1.5799E-01  4.1161E-02
 -1.2259E-01 -2.6605E-01  9.2158E+00  3.0503E-01  5.7197E-03
  1.3073E+00 -2.9709E-02  1.3662E+00  9.5388E-02  1.8703E-01
 -6.2738E-01 -7.5357E-02  2.2646E+00  1.1400E-01  1.0957E-01
  4.4357E-01  4.3328E-02  1.7963E+00  9.3638E-02  1.9772E-01
  1.4684E+00  1.2919E-01  1.0575E+00  9.2032E-02  2.0825E-01
 -1.3686E-01  9.1453E-02  2.8793E+00  1.3345E-01  6.8300E-02
  1.9276E+00 -1.1950E-01  3.0347E+00  1.5723E-01  4.1761E-02
 -1.4137E+00  3.1383E-01  7.0733E+00  2.5766E-01  9.4895E-03
 -6.3296E-01 -1.6429E-01  5.2100E+00  2.0623E-01  1.8508E-02
 -5.5651E-02 -1.6911E-03  2.5909E+00  1.2300E-01  8.7243E-02
 -8.3098E-01 -7.1234E-02 -1.6966E+00  9.5364E-02  1.8718E-01
  1.0994E+00 -2.1385E-02 -1.4765E+00  9.3212E-02  2.0044E-01
  9.9365E-01 -9.4105E-02 -1.6957E+00  9.8645E-02  1.6911E-01
  4.0839E-01 -1.2667E-01  2.3757E+00  1.1639E-01  1.0296E-01
 -4.3137E-01 -1.9309E-01  2.0012E+00  1.0233E-01  1.5151E-01
 -8.9321E-01  2.4579E-03  6.3771E+00  2.3796E-01  1.2048E-02
 -1.8219E+00 -3.0313E-02  1.0947E+00  1.0515E-01  1.3963E-01
  4.1828E-01 -8.7576E-02  4.6482E+00  1.8972E-01  2.3773E-02
  1.9581E+00  2.9740E-01  5.5285E+00  2.2311E-01  1.4616E-02
 -1.1800E+00  1.4491E-01  1.6481E+00  1.0133E-01  1.5600E-01
 -1.7787E+00 -1.7131E-01  9.5452E-01  1.0107E-01  1.5721E-01
  1.3963E+00  1.4248E-01  1.8696E+00  1.1349E-01  1.1105E-01
  8.0090E-02  1.8299E-01  4.3357E+00  1.8011E-01  2.7783E-02
 -1.6145E+00 -1.7994E-01 -1.2432E+00  1.0189E-01  1.5347E-01
  1.3750E+00 -1.0949E-01  3.6812E+00  1.6772E-01  3.4408E-02
 -2.7176E-01 -6.2685E-02  3.5382E+00  1.5570E-01  4.3008E-02
 -1.8186E+00 -2.1053E-01  1.8653E+00  1.2380E-01  8.5544E-02
 -7.1901E-01  9.2631E-02 -1.8264E+00  9.8534E-02  1.6969E-01
  1.8892E+00  1.7438E-01 -5.8778E-01  9.9426E-02  1.6516E-01
  3.1605E-01  2.4988E-02 -1.8225E+00  9.3602E-02  1.9794E-01
  5.3276E-01  7.1574E-02  2.4453E+00  1.1976E-01  9.4517E-02
 -1.3065E+00 -1.8714E-01  1.4275E+00  9.7653E-02  1.7432E-01
 -9.6744E-01 -8.3221E-02  1.6053E+00  9.4744E-02  1.9088E-01
 -6.8437E-01 -1.2087E-01  2.0105E+00  1.0521E-01  1.3939E-01
 -7.7051E-01 -1.2801E-03  1.8181E+00  9.8938E-02  1.6762E-01
  2.2512E-01 -1.9370E-01  3.5754E+00  1.5693E-01  4.2001E-02
 -9.1221E-01 -1.9462E-01  3.2850E+00  1.5135E-01  4.6823E-02
 -1.7411E+00 -2.0671E-01 -1.6311E+00  1.1566E-01  1.0491E-01
  1.4526E+00 -4.5401E-02 -1.1052E+00  9.2547E-02  2.0479E-01
  9.0661E-01  1.6638E-02 -1.5805E+00  9.2383E-02  2.0589E-01
  1.7202E+00  5.0246E-02  3.2473E+00  1.5972E-01  3.9843E-02
  3.3808E-01  1.7718E-01  5.7702E+00  2.2072E-01  1.5097E-02
  4.7087E-01 -1.1494E-01  5.5526E+00  2.1508E-01  1.6315E-02
  1.5632E+00  5.0537E-02  1.6470E+00  1.1092E-01  1.1897E-01
  1.4621E+00 -3.1537E-02  2.3340E+00  1.2888E-01  7.5833E-02
  2.7179E-02  2.3440E-02 -1.8553E+00  9.3853E-02  1.9636E-01
  1.4981E+00  2.9087E-01  9.5170E+00  3.1446E-01  5.2205E-03
 -5.0006E-01 -1.1897E-01  2.0195E+00  1.0346E-01  1.4660E-01
  1.0077E+00 -3.5129E-02  2.4113E+00  1.2381E-01  8.5544E-02
  1.8151E+00  9.1135E-02  9.1782E-01  1.0149E-01  1.5527E-01
  7.0668E-01  1.0240E-01  2.1833E+00  1.1192E-01  1.1579E-01
  1.3719E+00 -2.7740E-01  7.2869E+00  2.6259E-01  8.9652E-03
  1.2231E+00  9.6800E-02 -1.8540E+00  1.0903E-01  1.2524E-01
  1.1444E+00 -1.6248E-02 -1.7460E+00  1.0361E-01  1.4594E-01
  2.1723E-01  2.0538E-01  4.7019E+00  1.9098E-01  2.3306E-02
  6.1178E-01  3.3181E-01  8.4548E+00  2.8804E-01  6.7928E-03
  3.3312E-01  1.3953E-01  4.3941E+00  1.8215E-01  2.6862E-02
  1.4806E+00  2.2226E-01  3.0678E+00  1.5131E-01  4.6858E-02
 -1.8536E+00  1.6415E-01  2.5922E+00  1.4395E-01  5.4418E-02
 -8.2306E-03  1.6992E-01  2.8291E+00  1.3171E-01  7.1054E-02
 -1.2264E+00  1.8848E-01 -1.5538E+00  9.9519E-02  1.6470E-01
 -1.4238E+00  2.2468E-01  8.9993E+00  3.0261E-01  5.8583E-03
  8.7357E-01  1.9510E-01  4.3859E+00  1.8413E-01  2.6002E-02
 -1.7907E+00 -4.5594E-02  2.1966E+00  1.3171E-01  7.1040E-02
 -1.1712E+00  1.6118E-01  2.0086E+00  1.1321E-01  1.1187E-01
  2.0350E-02  3.5192E-01  8.3145E+00  2.8425E-01  7.0680E-03
  8.7058E-01 -1.5384E-01  3.5551E+00  1.5934E-01  4.0126E-02
 -1.8912E+00 -1.6268E-01 -3.3178E-01  9.6924E-02  1.7828E-01
 -8.4829E-01 -1.5127E-01  2.9474E+00  1.3989E-01  5.9296E-02
 -1.8499E+00  1.8929E-01 -1.5569E+00  1.1682E-01  1.0183E-01
 -2.3408E-01  1.6878E-01  1.8594E+00  9.4981E-02  1.8945E-01
 -1.7171E+00 -6.6287E-02 -8.5449E-01  9.6591E-02  1.8013E-01
 -1.3772E-02 -2.5931E-01  7.4520E+00  2.6348E-01  8.8745E-03
 -1.7080E+00 -1.7926E-01 -6.4495E-01  9.2926E-02  2.0230E-01
 -1.5491E+00 -7.2015E-02  2.2835E+00  1.2909E-01  7.5459E-02
  1.0594E+00  1.5774E-01  1.5254E+00  9.4211E-02  1.9413E-01
  2.0837E-01  3.2449E-02  3.3183E+00  1.4841E-01  4.9666E-02
  1.3112E+00  7.7354E-02 -1.3671E+00  9.5590E-02  1.8585E-01
  1.0925E+00 -2.4501E-01  4.2539E+00  1.8185E-01  2.6995E-02
 -1.4123E+00  6.5003E-02  1.2062E+00  9.3973E-02  1.9561E-01
  7.8758E-01  7.2319E-02  2.2037E+00  1.1363E-01  1.1066E-01
  1.7029E-01 -2.4073E-01  4.7796E+00  1.9320E-01  2.2511E-02
 -1.9245E+00 -1.6378E-01  6.7270E+00  2.5216E-01  1.0125E-02
  1.8412E+00  3.0406E-02 -7.9161E-01  1.0018E-01  1.6145E-01
 -1.8122E+00  2.5901E-02 -1.8069E-01  9.2350E-02  2.0611E-01
 -8.3061E-01  1.3798E-01 -1.8140E+00  9.9994E-02  1.6236E-01
  5.1412E-02  1.4257E-01 -1.8964E+00  9.5876E-02  1.8419E-01
  1.3172E+00 -2.6708E-02  8.4399E+00  2.8941E-01  6.6966E-03
  9.4509E-01 -2.6114E-01  9.7342E+00  3.1769E-01  5.0626E-03
  1.8076E+00  1.5628E-02 -3.0783E-01  9.2892E-02  2.0252E-01
 -1.7074E+00 -6.7915E-03  6.4132E-01  9.2463E-02  2.0535E-01
  1.5995E+00  1.1581E-01  2.1340E+00  1.2583E-01  8.1482E-02
  1.2874E+00 -1.0383E-01 -1.3026E+00  9.2923E-02  2.0232E-01
  1.9252E+00 -2.5131E-01  9.0642E+00  3.0615E-01  5.6571E-03
 -8.8774E-01  5.4886E-02  2.1941E+00  1.1463E-01  1.0778E-01
  4.6192E-01 -1.6874E-01 -1.8913E+00  9.8078E-02  1.7206E-01
  1.6637E+00  1.4712E-01 -1.0523E+00  9.8913E-02  1.6774E-01
 -1.3779E+00 -2.0138E-01  2.7606E+00  1.4061E-01  5.8388E-02
 -1.7035E+00 -1.2464E-01  8.9960E-01  9.7072E-02  1.7747E-01
  1.7922E+00 -1.2107E-01  1.3533E+00  1.1004E-01  1.2181E-01
 -2.1057E-01  1.9217E-01  2.8922E+00  1.3423E-01  6.7123E-02
 -1.8266E+00 -1.8999E-01 -7.2152E-01  9.8875E-02  1.6794E-01
  1.4897E+00 -9.2097E-03 -1.5630E+00  1.0650E-01  1.3440E-01
  1.2339E+00 -1.2548E-01  1.5625E+00  9.9787E-02  1.6338E-01
 -2.0060E-01 -6.3157E-02  2.4030E+00  1.1632E-01  1.0313E-01
  1.3607E-01 -1.1638E-01  2.0736E+00  1.0335E-01  1.4705E-01
 -4.4969E-01  2.4773E-01  4.8834E+00  1.9667E-01  2.1339E-02
 -1.7822E+00  1.1411E-01  7.7697E+00  2.7596E-01  7.7248E-03
  1.6358E+00  5.0806E-02  2.8950E+00  1.4842E-01  4.9646E-02
  1.6307E+00 -1.5824E-02  3.6364E+00  1.6939E-01  3.3400E-02
  1.6626E+00 -9.1188E-02  5.6737E+00  2.2419E-01  1.4406E-02
  1.6902E+00  5.5669E-02  3.2175E+00  1.5844E-01  4.0816E-02
  2.7857E-01 -1.5082E-01  8.9865E+00  2.9982E-01  6.0232E-03
 -9.9891E-01 -4.6616E-02  1.8246E+00  1.0332E-01  1.4717E-01
 -6.2313E-01 -2.7272E-01  6.8331E+00  2.4885E-01  1.0534E-02
 -1.8564E+00 -1.3490E-01  1.8859E+00  1.2512E-01  8.2874E-02
  1.6759E-01  5.1893E-02  3.1310E+00  1.4210E-01  5.6572E-02
 -8.5249E-01 -6.9167E-02  3.2710E+00  1.5024E-01  4.7864E-02
  1.8071E+00 -2.3961E-03  5.2046E+00  2.1333E-01  1.6720E-02
 -1.0095E-01 -7.3024E-02 -1.8825E+00  9.5197E-02  1.8816E-01
  5.8769E-01  2.3448E-01  3.7022E+00  1.6226E-01  3.7996E-02
 -7.7106E-01  1.2524E-01  2.2244E+00  1.1425E-01  1.0886E-01
  1.9013E+00  3.1274E-02  2.8376E+00  1.5138E-01  4.6793E-02
 -1.3302E+00 -3.9744E-02  3.2814E+00  1.5543E-01  4.3229E-02
 -1.7101E+00 -5.5492E-02  5.0467E+00  2.0838E-01  1.7939E-02
  1.2421E+00 -5.1615E-02  2.0207E+00  1.1482E-01  1.0725E-01
 -1.7100E+00  3.0302E-01  5.1482E+00  2.1125E-01  1.7219E-02
  1.7200E+00  9.5093E-02  4.0386E+00  1.8161E-01  2.7102E-02
  1.8854E+00 -1.6295E-01  3.8604E-01  9.7112E-02  1.7725E-01
  7.2127E-01 -1.2633E-01  4.4882E+00  1.8622E-01  2.5137E-02
 -1.4377E+00  1.5815E-01 -1.2370E+00  9.5907E-02  1.8401E-01
 -1.1737E+00  8.5500E-02  4.9562E+00  2.0185E-01  1.9737E-02
 -1.2167E+00  1.3862E-01  1.5657E+00  9.9489E-02  1.6485E-01
 -4.9692E-01 -6.3793E-02  2.3919E+00  1.1752E-01  1.0002E-01
  1.0281E-01  1.7517E-01  2.0430E+00  1.0219E-01  1.5210E-01
 -1.5700E+00  6.5608E-02 -1.1229E+00  9.7110E-02  1.7726E-01
 -7.0094E-01 -1.0664E-01 -1.7125E+00  9.3760E-02  1.9695E-01
 -6.5576E-01  4.4449E-02 -1.7198E+00  9.3216E-02  2.0041E-01
 -3.6443E-01  1.8897E-01  1.8281E+00  9.4634E-02  1.9154E-01
 -1.1325E+00 -2.1423E-02 -1.5196E+00  9.5569E-02  1.8597E-01
 -9.8965E-01 -1.6997E-01  2.2709E+00  1.1899E-01  9.6362E-02
 -3.4800E-01  1.0631E-01  9.4850E+00  3.1117E-01  5.3878E-03
 -1.7726E+00 -9.3501E-02  1.2389E+00  1.0671E-01  1.3359E-01
  1.0415E-01  7.7148E-02  2.8451E+00  1.3219E-01  7.0272E-02
 -1.5883E+00 -1.5242E-01  2.4019E+00  1.3344E-01  6.8321E-02
 -1.3371E-01 -1.4455E-01  3.0108E+00  1.3806E-01  6.1683E-02
 -5.4068E-01 -1.2742E-01  1.9301E+00  1.0035E-01  1.6064E-01
 -9.0016E-01 -1.2834E-02  3.2005E+00  1.4840E-01  4.9676E-02
 -1.9760E+00  2.0665E-01  4.7517E+00  2.0343E-01  1.9282E-02
 -1.4992E+00  5.0011E-02  1.4537E+00  1.0366E-01  1.4575E-01
 -1.4192E+00 -3.0282E-01  5.3875E+00  2.1524E-01  1.6280E-02
  1.0440E+00  1.0273E-01  3.1569E+00  1.4846E-01  4.9610E-02
  1.8476E+00  2.1328E-01  1.8204E+00  1.2340E-01  8.6387E-02
 -1.1839E-02  8.6219E-02  1.9172E+00  9.6593E-02  1.8012E-01
 -1.8707E+00 -1.7722E-02 -3.6059E-01  9.5997E-02  1.8350E-01
  1.7251E+00  6.0363E-02  1.6381E+00  1.1509E-01  1.0648E-01
 -1.6973E+00 -9.3159E-02 -1.4965E+00  1.1066E-01  1.1979E-01
 -1.4818E+00 -2.3406E-02  2.3149E+00  1.2867E-01  7.6194E-02
 -6.6571E-01  1.0374E-01 -1.7527E+00  9.4811E-02  1.9047E-01
 -9.4754E-01  8.0345E-04 -1.6651E+00  9.6450E-02  1.8093E-01
  1.3540E+00 -7.8608E-02 -1.2880E+00  9.4495E-02  1.9239E-01
  9.8063E-02 -1.2758E-01  3.8021E+00  1.6382E-01  3.6925E-02
 -1.9137E+00  9.3969E-02  5.3745E+00  2.1865E-01  1.5529E-02
 -5.8567E-01  5.0361E-02 -1.9071E+00  9.9820E-02  1.6321E-01
  1.6587E-01  2.4324E-01  3.9765E+00  1.6945E-01  3.3364E-02
 -9.0859E-01  1.2712E-02  2.2268E+00  1.1605E-01  1.0385E-01
 -7.7490E-01  6.2604E-03  8.7164E+00  2.9426E-01  6.3710E-03
 -9.9124E-01 -8.4491E-02 -1.5120E+00  9.1844E-02  2.0954E-01
 -1.2399E+00  9.2616E-02 -1.3153E+00  9.1844E-02  2.0954E-01
 -6.5672E-02  2.9954E-03  1.8087E+00  9.1844E-02  2.0954E-01
  1.7720E+00  1.5455E-02  3.2326E-01  9.1464E-02  2.1216E-01
  7.9438E-01 -1.1178E-02  1.6072E+00  9.1084E-02  2.1482E-01
 -3.3242E-02  7.2994E-02 -1.7910E+00  9.1084E-02  2.1482E-01
  1.4530E+00 -5.4419E-03  1.0501E+00  9.1084E-02  2.1482E-01
 -7.2615E-01 -1.3770E-01 -1.6240E+00  9.0704E-02  2.1753E-01
  6.6626E-01  9.5801E-02 -1.6433E+00  9.0325E-02  2.2029E-01
 -4.9385E-01  7.9669E-02  1.7039E+00  9.0325E-02  2.2029E-01
 -1.7611E+00  1.1262E-01  9.7137E-02  8.9945E-02  2.2309E-01
  1.2028E+00  7.4697E-02 -1.2927E+00  8.9945E-02  2.2309E-01
  1.1299E+00  1.2073E-01  1.3536E+00  8.9945E-02  2.2309E-01
  5.2975E-02 -8.2723E-04  1.7581E+00  8.9565E-02  2.2594E-01
 -4.5944E-01  1.7032E-01  1.6893E+00  8.9565E-02  2.2594E-01
  8.8056E-01 -2.5460E-02  1.5127E+00  8.9185E-02  2.2884E-01
 -2.6460E-01  4.5457E-02  1.7213E+00  8.8805E-02  2.3179E-01
 -1.6635E+00 -1.3915E-01 -4.9825E-01  8.8805E-02  2.3179E-01
 -1.2115E+00  5.8397E-02 -1.2272E+00  8.8044E-02  2.3785E-01
  1.6704E+00  1.7252E-01 -3.9654E-01  8.8044E-02  2.3785E-01
  2.7816E-01 -1.8135E-01 -1.6932E+00  8.8044E-02  2.3785E-01
 -1.5386E+00 -1.8137E-01  7.5966E-01  8.8044E-02  2.3785E-01
  1.4424E-01  4.4733E-02  1.7105E+00  8.7664E-02  2.4095E-01
  1.5791E+00 -1.0670E-01 -6.6595E-01  8.7664E-02  2.4095E-01
 -1.6303E+00  5.7060E-02  5.0889E-01  8.7284E-02  2.4412E-01
  1.7076E+00 -6.8916E-03  6.5842E-02  8.7284E-02  2.4412E-01
  1.5724E+00  1.2114E-01  6.5824E-01  8.7284E-02  2.4412E-01
  1.6389E+00  1.0764E-01 -4.4113E-01  8.6904E-02  2.4734E-01
  1.5095E+00  1.6145E-01  7.4803E-01  8.6524E-02  2.5061E-01
  1.3310E+00 -4.8254E-02  1.0442E+00  8.6524E-02  2.5061E-01
 -1.3093E+00 -1.4036E-01 -1.0632E+00  8.6524E-02  2.5061E-01
  3.2459E-01  9.2576E-02 -1.6501E+00  8.6143E-02  2.5395E-01
  1.3214E+00 -1.2407E-01  1.0369E+00  8.6143E-02  2.5395E-01
 -7.3505E-01  2.9898E-02 -1.4970E+00  8.5382E-02  2.6079E-01
  1.3731E+00 -1.5555E-01  9.3411E-01  8.5382E-02  2.6079E-01
  1.5545E+00  6.8433E-02 -5.7780E-01  8.5002E-02  2.6431E-01
  1.6110E+00 -1.6961E-01 -3.2319E-01  8.4622E-02  2.6789E-01
 -1.5414E+00  1.5484E-01 -5.7322E-01  8.4622E-02  2.6789E-01
 -1.6058E+00 -1.2917E-01  3.6478E-01  8.4622E-02  2.6789E-01
  1.6187E+00 -9.4318E-02 -2.6993E-01  8.4241E-02  2.7154E-01
  3.5222E-01  1.0502E-01  1.6021E+00  8.4241E-02  2.7154E-01
 -1.4113E+00  9.8136E-02 -8.3692E-01  8.4241E-02  2.7154E-01
  8.2538E-01  7.4056E-02 -1.4196E+00  8.4241E-02  2.7154E-01
  8.7963E-01  9.7653E-02 -1.3756E+00  8.3861E-02  2.7525E-01
  1.2623E+00  1.1691E-01  1.0210E+00  8.3480E-02  2.7903E-01
 -1.5607E+00 -4.2774E-02  4.6033E-01  8.3480E-02  2.7903E-01
 -1.5245E+00 -1.3826E-01  5.2967E-01  8.3100E-02  2.8288E-01
 -9.2493E-01  5.5943E-02  1.3286E+00  8.3100E-02  2.8288E-01
 -1.6059E+00 -1.8630E-01  1.0151E-01  8.3100E-02  2.8288E-01
  1.2249E+00 -1.1920E-01  1.0533E+00  8.3100E-02  2.8288E-01
  1.2082E+00 -1.3114E-01 -1.0709E+00  8.3100E-02  2.8288E-01
 -1.4160E+00 -1.5755E-02 -7.6998E-01  8.2719E-02  2.8681E-01
 -1.4814E+00  2.3916E-02 -6.1477E-01  8.2338E-02  2.9080E-01
 -3.3200E-01  1.4824E-01  1.5542E+00  8.1958E-02  2.9487E-01
  7.2388E-02  3.5390E-02  1.5863E+00  8.1577E-02  2.9902E-01
  1.2089E+00  1.7115E-01  1.0037E+00  8.1197E-02  3.0324E-01
  1.1774E+00 -9.7924E-02 -1.0500E+00  8.1197E-02  3.0324E-01
  5.8164E-01  7.1550E-02  1.4679E+00  8.1197E-02  3.0324E-01
 -1.3329E+00  8.2489E-02  8.4547E-01  8.1197E-02  3.0324E-01
 -1.5775E+00 -3.3423E-02 -9.2682E-02  8.1197E-02  3.0324E-01
 -1.5655E+00 -8.2202E-02  2.0144E-01  8.1197E-02  3.0324E-01
  4.0611E-01 -1.0340E-01 -1.5160E+00  8.0816E-02  3.0755E-01
 -1.1662E+00  5.0649E-03  1.0438E+00  8.0435E-02  3.1193E-01
  7.7380E-01 -1.7599E-02 -1.3603E+00  8.0435E-02  3.1193E-01
  1.5478E+00 -1.6643E-01  4.6741E-02  8.0055E-02  3.1640E-01
  1.4481E+00 -1.4238E-01  5.3338E-01  7.9674E-02  3.2096E-01
 -1.4915E+00  1.8357E-01 -3.7891E-01  7.9674E-02  3.2096E-01
  8.4666E-01 -5.0915E-02  1.2789E+00  7.8913E-02  3.3034E-01
  1.3494E+00  1.1267E-01 -7.2212E-01  7.8913E-02  3.3034E-01
 -1.3947E+00 -1.5653E-01 -6.0166E-01  7.8532E-02  3.3517E-01
 -1.1564E+00 -1.1434E-01 -9.6745E-01  7.7771E-02  3.4511E-01
 -1.2658E+00  5.9050E-02  8.2495E-01  7.7771E-02  3.4511E-01
 -1.4854E+00  1.8629E-01  2.1247E-01  7.7771E-02  3.4511E-01
  1.1719E+00 -6.7682E-02 -9.4120E-01  7.7390E-02  3.5022E-01
  5.8743E-01 -1.1902E-01  1.3801E+00  7.7390E-02  3.5022E-01
  3.9273E-01 -1.2443E-01 -1.4394E+00  7.7010E-02  3.5544E-01
 -1.3610E+00 -1.3304E-01  6.0961E-01  7.7010E-02  3.5544E-01
  6.1767E-01  7.0962E-02  1.3539E+00  7.6629E-02  3.6076E-01
  1.4783E+00  1.4613E-01 -1.1381E-01  7.6629E-02  3.6076E-01
 -9.5032E-01 -1.3232E-01 -1.1301E+00  7.6248E-02  3.6619E-01
 -1.1736E+00 -6.0724E-02 -9.0379E-01  7.6248E-02  3.6619E-01
  3.1774E-01 -6.7536E-02  1.4465E+00  7.6248E-02  3.6619E-01
  1.3679E+00  3.2838E-03  5.5239E-01  7.5868E-02  3.7173E-01
  1.4648E+00 -7.0277E-02  1.5970E-01  7.5868E-02  3.7173E-01
  1.4601E+00 -1.0908E-01 -1.8021E-01  7.5868E-02  3.7173E-01
 -5.6035E-01  1.0914E-03 -1.3646E+00  7.5868E-02  3.7173E-01
 -6.7275E-01  6.8935E-02  1.3029E+00  7.5487E-02  3.7739E-01
  7.2236E-01 -3.7430E-02  1.2774E+00  7.5487E-02  3.7739E-01
  1.3950E+00 -3.3630E-02 -4.3202E-01  7.5106E-02  3.8315E-01
  3.3955E-01  1.2465E-01  1.4152E+00  7.5106E-02  3.8315E-01
 -1.9876E-01  1.8593E-01  1.4351E+00  7.5106E-02  3.8315E-01
 -1.4327E+00  7.5561E-02  2.7471E-01  7.5106E-02  3.8315E-01
  1.2657E+00  5.6283E-02  6.9775E-01  7.4345E-02  3.9504E-01
 -8.7058E-01  4.0238E-02  1.1544E+00  7.4345E-02  3.9504E-01
  9.0302E-02 -1.2373E-01  1.4383E+00  7.4345E-02  3.9504E-01
 -8.6554E-01 -1.2574E-01  1.1520E+00  7.4345E-02  3.9504E-01
 -8.4935E-01  1.4069E-01 -1.1534E+00  7.3965E-02  4.0117E-01
 -1.0876E+00 -3.6991E-02 -9.3123E-01  7.3584E-02  4.0743E-01
  1.4202E+00  1.8229E-01  3.2240E-02  7.3584E-02  4.0743E-01
 -9.8829E-01  1.0454E-01  1.0313E+00  7.3584E-02  4.0743E-01
 -1.1136E+00  1.6746E-01 -8.7357E-01  7.3203E-02  4.1382E-01
  3.9510E-01  1.6249E-01 -1.3597E+00  7.3203E-02  4.1382E-01
 -5.4756E-01 -1.5963E-01  1.2985E+00  7.2822E-02  4.2035E-01
 -1.3308E+00  1.5643E-01 -4.6478E-01  7.2822E-02  4.2035E-01
 -1.2345E+00  3.4143E-02  6.9739E-01  7.2822E-02  4.2035E-01
 -1.0305E+00 -1.6165E-02 -9.6419E-01  7.2442E-02  4.2701E-01
  2.3082E-01 -8.3794E-02  1.3898E+00  7.2442E-02  4.2701E-01
  1.4071E+00 -1.0869E-01 -7.5158E-03  7.2442E-02  4.2701E-01
  1.2626E+00 -9.5583E-02  6.0754E-01  7.2061E-02  4.3381E-01
  4.4579E-01 -3.6018E-02 -1.3241E+00  7.1680E-02  4.4076E-01
  1.3848E+00  5.9884E-02 -1.1339E-01  7.1300E-02  4.4786E-01
  8.2939E-01 -1.7684E-01  1.1023E+00  7.1300E-02  4.4786E-01
  7.3461E-01  2.4130E-03 -1.1809E+00  7.1300E-02  4.4786E-01
  1.0698E+00  1.6132E-01 -8.6308E-01  7.0919E-02  4.5511E-01
 -9.5450E-02 -1.2725E-01  1.3613E+00  7.0157E-02  4.7010E-01
 -1.1124E+00  1.3573E-01 -7.7748E-01  6.9776E-02  4.7784E-01
 -1.1765E+00  2.6385E-02  6.8942E-01  6.9776E-02  4.7784E-01
  1.3401E+00  1.6672E-01  1.9099E-01  6.9776E-02  4.7784E-01
 -1.2461E+00  1.4000E-01  5.3645E-01  6.9776E-02  4.7784E-01
  3.7763E-01  1.4921E-02 -1.3036E+00  6.9395E-02  4.8575E-01
  8.6315E-01  1.2811E-01  1.0396E+00  6.9395E-02  4.8575E-01
 -1.1723E-01  4.4506E-02 -1.3515E+00  6.9395E-02  4.8575E-01
 -6.9494E-01  6.5281E-02  1.1564E+00  6.9014E-02  4.9384E-01
  4.6810E-01  1.7710E-01  1.2546E+00  6.9014E-02  4.9384E-01
 -2.0528E-01 -9.1686E-02 -1.3319E+00  6.9014E-02  4.9384E-01
  1.0127E+00  6.4565E-02  8.8166E-01  6.8633E-02  5.0211E-01
 -1.4019E-01 -8.9325E-02 -1.3339E+00  6.8633E-02  5.0211E-01
  8.6024E-01 -3.2763E-04 -1.0329E+00  6.8633E-02  5.0211E-01
 -1.3202E+00 -1.5012E-01 -1.5574E-01  6.8252E-02  5.1057E-01
 -2.3163E-01 -1.4180E-01  1.3099E+00  6.8252E-02  5.1057E-01
 -1.2863E+00  1.1286E-01  3.4971E-01  6.8252E-02  5.1057E-01
  1.2636E+00 -1.4136E-01  4.1585E-01  6.8252E-02  5.1057E-01
  1.3317E+00  4.8578E-03 -1.2754E-01  6.8252E-02  5.1057E-01
 -1.2133E+00  1.4636E-01  5.4415E-01  6.8252E-02  5.1057E-01
  1.7725E-01 -1.2327E-01  1.3137E+00  6.7871E-02  5.1923E-01
  5.0822E-01 -1.0418E-01 -1.2261E+00  6.7871E-02  5.1923E-01
  1.0838E+00  6.2525E-03  7.6221E-01  6.7489E-02  5.2808E-01
  3.1934E-01  6.7387E-02 -1.2842E+00  6.7489E-02  5.2808E-01
  1.2643E+00  1.4107E-01  3.4729E-01  6.7108E-02  5.3713E-01
  9.9281E-01  4.8630E-02  8.5693E-01  6.6726E-02  5.4640E-01
 -9.0766E-02 -1.1992E-01  1.2975E+00  6.6345E-02  5.5588E-01
  1.2837E+00 -1.7188E-01  1.6887E-01  6.6345E-02  5.5588E-01
 -4.5026E-01  4.7435E-02  1.2186E+00  6.5963E-02  5.6559E-01
  3.2297E-01 -1.6799E-01  1.2480E+00  6.5963E-02  5.6559E-01
 -1.0438E+00 -1.5718E-01 -7.4817E-01  6.5581E-02  5.7553E-01
  1.0299E+00 -1.1507E-01  7.6444E-01  6.5199E-02  5.8571E-01
 -7.3544E-01  1.3028E-01  1.0490E+00  6.5199E-02  5.8571E-01
  7.4430E-01  1.1035E-01 -1.0451E+00  6.5199E-02  5.8571E-01
  1.2093E+00 -1.1938E-01 -4.0755E-01  6.4817E-02  5.9614E-01
 -8.1133E-03 -1.1044E-01 -1.2769E+00  6.4817E-02  5.9614E-01
  9.9031E-01 -1.2496E-01 -7.9447E-01  6.4434E-02  6.0681E-01
 -8.3742E-03  8.5753E-02  1.2728E+00  6.4434E-02  6.0681E-01
  2.7289E-01 -3.3240E-02 -1.2458E+00  6.4434E-02  6.0681E-01
  2.3649E-01  9.1716E-02 -1.2503E+00  6.4434E-02  6.0681E-01
  4.8800E-01  1.7397E-01  1.1593E+00  6.4051E-02  6.1776E-01
 -1.2192E+00 -9.1489E-03  3.5486E-01  6.4051E-02  6.1776E-01
  6.3914E-01 -1.4490E-01  1.0876E+00  6.4051E-02  6.1776E-01
  1.1254E+00  5.7841E-04 -5.8803E-01  6.4051E-02  6.1776E-01
  7.6884E-01  4.1533E-02  1.0097E+00  6.4051E-02  6.1776E-01
  7.6049E-01  1.5702E-01  9.9725E-01  6.3669E-02  6.2897E-01
  1.2572E-01  3.2648E-02  1.2572E+00  6.3669E-02  6.2897E-01
  7.5653E-01  3.1591E-02 -1.0120E+00  6.3669E-02  6.2897E-01
  1.1548E+00 -2.6322E-02 -5.1315E-01  6.3669E-02  6.2897E-01
 -2.6207E-01 -2.9649E-02  1.2301E+00  6.3285E-02  6.4046E-01
 -9.5001E-01  6.7458E-02  8.1315E-01  6.2902E-02  6.5224E-01
 -9.5485E-01  8.7322E-02 -7.9662E-01  6.2518E-02  6.6433E-01
 -9.3307E-01  3.6285E-02 -8.2585E-01  6.2518E-02  6.6433E-01
  3.6133E-01 -2.4128E-03 -1.1931E+00  6.2518E-02  6.6433E-01
 -7.4309E-01  1.7137E-01 -9.7894E-01  6.2134E-02  6.7672E-01
 -1.0073E+00 -2.4968E-02  7.2425E-01  6.2134E-02  6.7672E-01
  7.4563E-01  1.0147E-01 -9.7963E-01  6.1750E-02  6.8943E-01
 -8.1669E-01  2.6291E-02 -9.2643E-01  6.1750E-02  6.8943E-01
  1.0018E+00 -1.7069E-01 -7.0231E-01  6.1750E-02  6.8943E-01
 -1.6314E-01  6.1265E-02  1.2229E+00  6.1750E-02  6.8943E-01
 -1.1348E+00  8.3437E-02 -4.8094E-01  6.1750E-02  6.8943E-01
  1.0319E+00  1.1833E-01  6.5839E-01  6.1365E-02  7.0248E-01
 -6.4257E-01 -4.5339E-02  1.0410E+00  6.0980E-02  7.1587E-01
  9.5117E-01 -1.4377E-01 -7.5716E-01  6.0980E-02  7.1587E-01
  1.0568E+00  1.2482E-02  6.1789E-01  6.0980E-02  7.1587E-01
 -5.2541E-01 -1.7671E-01  1.0915E+00  6.0980E-02  7.1587E-01
  1.2072E+00 -9.2990E-02 -1.3884E-01  6.0595E-02  7.2962E-01
  1.2069E+00  1.0379E-01  1.3449E-01  6.0595E-02  7.2962E-01
  1.0196E+00 -1.5792E-01  6.4872E-01  6.0595E-02  7.2962E-01
 -3.9619E-01  7.6476E-02 -1.1500E+00  6.0595E-02  7.2962E-01
  8.8406E-01 -1.1475E-01  8.2310E-01  6.0209E-02  7.4374E-01
  5.2329E-01  1.0557E-01 -1.0896E+00  6.0209E-02  7.4374E-01
  6.2065E-01 -1.5596E-01  1.0246E+00  5.9822E-02  7.5825E-01
  1.1658E+00  1.7930E-01 -2.6094E-01  5.9822E-02  7.5825E-01
 -1.0647E+00  3.5666E-03  5.7065E-01  5.9822E-02  7.5825E-01
 -4.0234E-01 -1.2114E-01  1.1326E+00  5.9822E-02  7.5825E-01
  1.0960E+00 -1.7705E-01 -4.7614E-01  5.9822E-02  7.5825E-01
 -8.4851E-01 -4.0090E-02  8.5144E-01  5.9436E-02  7.7315E-01
  1.0999E+00  1.5211E-01  4.6211E-01  5.9436E-02  7.7315E-01
  4.1050E-01  1.7162E-01  1.1174E+00  5.9436E-02  7.7315E-01
 -2.6213E-01 -5.6450E-02 -1.1724E+00  5.9436E-02  7.7315E-01
  9.5741E-01 -7.6926E-02 -7.1513E-01  5.9048E-02  7.8847E-01
  4.5305E-01 -1.6480E-02 -1.1083E+00  5.9048E-02  7.8847E-01
 -1.1790E+00 -1.2316E-01 -1.6966E-01  5.9048E-02  7.8847E-01
 -1.0877E+00 -5.9983E-03  4.8833E-01  5.8660E-02  8.0422E-01
 -7.6768E-01  1.2817E-01 -9.0323E-01  5.8660E-02  8.0422E-01
  6.1421E-01  1.6305E-01  1.0028E+00  5.8271E-02  8.2042E-01
 -3.8619E-01 -1.2396E-01 -1.1157E+00  5.8271E-02  8.2042E-01
 -4.5720E-01  1.5062E-02 -1.0955E+00  5.8271E-02  8.2042E-01
  1.0395E+00  1.1159E-01  5.5165E-01  5.7882E-02  8.3709E-01
  9.2180E-01  3.7514E-02 -7.3912E-01  5.7882E-02  8.3709E-01
  3.8606E-02  1.7437E-02  1.1814E+00  5.7882E-02  8.3709E-01
  4.9234E-01 -1.2268E-01 -1.0622E+00  5.7492E-02  8.5424E-01
  2.8920E-01 -1.0409E-01 -1.1363E+00  5.7492E-02  8.5424E-01
  1.0834E+00 -1.5219E-01 -4.3442E-01  5.7492E-02  8.5424E-01
 -5.5172E-02 -3.4801E-02  1.1753E+00  5.7492E-02  8.5424E-01
 -1.1681E+00  3.3211E-02  9.1399E-02  5.7101E-02  8.7190E-01
 -8.6986E-01 -7.3030E-02  7.8231E-01  5.7101E-02  8.7190E-01
  1.0455E+00 -1.9778E-02  5.1879E-01  5.6710E-02  8.9009E-01
 -1.0500E+00 -6.8389E-02 -5.0537E-01  5.6710E-02  8.9009E-01
 -1.0355E-01  6.0106E-02 -1.1611E+00  5.6710E-02  8.9009E-01
  1.1070E+00 -1.5116E-01  3.2113E-01  5.6317E-02  9.0882E-01
  9.9902E-01 -1.1540E-03  5.9439E-01  5.6317E-02  9.0882E-01
  5.7270E-01 -5.7445E-02  1.0100E+00  5.6317E-02  9.0882E-01
  5.8134E-01 -4.8846E-02 -9.9998E-01  5.5924E-02  9.2814E-01
  7.6475E-01  1.4119E-01  8.5127E-01  5.5530E-02  9.4805E-01
  9.1525E-01  1.4689E-01  6.8570E-01  5.5530E-02  9.4805E-01
  1.7951E-01 -1.5162E-01 -1.1288E+00  5.5530E-02  9.4805E-01
 -6.9507E-01  1.6518E-01 -9.0501E-01  5.5530E-02  9.4805E-01
  1.1215E+00 -1.3124E-01  2.3331E-01  5.5530E-02  9.4805E-01
  1.1316E-01  5.2429E-02 -1.1462E+00  5.5530E-02  9.4805E-01
  3.4079E-01  4.0006E-02  1.1008E+00  5.5530E-02  9.4805E-01
 -1.1215E+00  1.3846E-01  2.0478E-01  5.5134E-02  9.6859E-01
  9.8903E-01 -1.2316E-01  5.7045E-01  5.5134E-02  9.6859E-01
 -4.2859E-01 -9.2343E-02 -1.0564E+00  5.4738E-02  9.8980E-01
 -2.9753E-01 -1.3562E-01 -1.0961E+00  5.4738E-02  9.8980E-01
  4.8824E-01 -1.2140E-01  1.0272E+00  5.4738E-02  9.8980E-01
 -6.7961E-01  5.2694E-02 -9.1287E-01  5.4340E-02  1.0117E+00
 -2.4809E-02 -4.7200E-02  1.1380E+00  5.4340E-02  1.0117E+00
  8.7922E-01 -1.2138E-02 -7.2443E-01  5.4340E-02  1.0117E+00
  8.9657E-01 -1.5097E-01 -6.8654E-01  5.4340E-02  1.0117E+00
  1.0763E+00  1.2391E-01  3.5229E-01  5.4340E-02  1.0117E+00
  1.1265E+00 -1.6902E-01 -1.7390E-02  5.4340E-02  1.0117E+00
 -3.7462E-01  4.3323E-02 -1.0703E+00  5.3941E-02  1.0343E+00
 -8.8543E-01 -1.2054E-01  6.9953E-01  5.3941E-02  1.0343E+00
  6.3213E-01 -2.4381E-02  9.4216E-01  5.3941E-02  1.0343E+00
  9.7238E-01  1.7187E-01 -5.5928E-01  5.3941E-02  1.0343E+00
  2.7789E-01 -4.1856E-02  1.0995E+00  5.3941E-02  1.0343E+00
  1.0545E+00 -4.6432E-03 -4.0727E-01  5.3541E-02  1.0577E+00
 -5.6133E-01  2.3835E-02  9.8095E-01  5.3541E-02  1.0577E+00
  8.3078E-01 -1.6966E-01 -7.4762E-01  5.3541E-02  1.0577E+00
  9.7246E-01 -1.7087E-01 -5.4157E-01  5.3139E-02  1.0818E+00
 -1.1063E+00  1.6955E-01  1.2482E-01  5.3139E-02  1.0818E+00
  8.5380E-01  1.7072E-01 -7.1417E-01  5.3139E-02  1.0818E+00
 -1.1195E+00  1.2135E-01 -1.5033E-02  5.3139E-02  1.0818E+00
  7.3011E-01  1.7038E-01 -8.3457E-01  5.2736E-02  1.1068E+00
  1.3158E-01  1.6223E-01 -1.1023E+00  5.2736E-02  1.1068E+00
 -5.0657E-01  5.6152E-02  9.9942E-01  5.2736E-02  1.1068E+00
  1.0612E+00  8.7651E-02 -3.5317E-01  5.2736E-02  1.1068E+00
 -6.8171E-01  1.5096E-01  8.7811E-01  5.2736E-02  1.1068E+00
  9.9975E-01 -1.8295E-01  4.6501E-01  5.2331E-02  1.1327E+00
  4.3250E-01  1.6033E-02 -1.0305E+00  5.2331E-02  1.1327E+00
  1.1070E+00  1.4233E-01  5.9028E-02  5.2331E-02  1.1327E+00
 -3.2576E-01  1.7010E-01  1.0512E+00  5.1925E-02  1.1595E+00
 -1.0578E+00  8.0211E-02 -3.3843E-01  5.1925E-02  1.1595E+00
 -5.3499E-01 -1.5507E-01 -9.6423E-01  5.1925E-02  1.1595E+00
 -1.1086E+00 -3.5304E-02 -2.7021E-02  5.1516E-02  1.1873E+00
  4.5885E-01 -6.4920E-02  1.0081E+00  5.1516E-02  1.1873E+00
  1.0458E-01 -7.2989E-02 -1.0981E+00  5.1106E-02  1.2161E+00
  1.0103E+00  2.9064E-02 -4.4782E-01  5.1106E-02  1.2161E+00
  9.2375E-01  2.6882E-02 -6.0671E-01  5.1106E-02  1.2161E+00
 -9.6106E-01 -4.8132E-02  5.2823E-01  5.0279E-02  1.2771E+00
  5.1321E-01 -1.0062E-01 -9.6513E-01  5.0279E-02  1.2771E+00
  1.3748E-01  2.2446E-02 -1.0888E+00  5.0279E-02  1.2771E+00
 -8.9024E-01 -6.2050E-02 -6.3922E-01  5.0279E-02  1.2771E+00
  2.2093E-01 -4.0111E-03  1.0714E+00  4.9863E-02  1.3094E+00
  5.8587E-01  1.1036E-01 -9.1720E-01  4.9863E-02  1.3094E+00
  4.9261E-01 -5.4476E-02  9.7104E-01  4.9444E-02  1.3430E+00
 -7.6697E-01 -1.0066E-01 -7.6303E-01  4.9022E-02  1.3780E+00
 -2.1532E-01  1.4402E-01 -1.0552E+00  4.9022E-02  1.3780E+00
  1.9726E-01  5.0384E-03 -1.0685E+00  4.9022E-02  1.3780E+00
  9.9598E-01  3.1270E-02  4.3318E-01  4.9022E-02  1.3780E+00
  3.5625E-01 -1.7738E-02  1.0263E+00  4.9022E-02  1.3780E+00
 -9.2665E-01  1.3707E-01 -5.4346E-01  4.8597E-02  1.4144E+00
 -1.0555E+00  5.4687E-02 -2.3591E-01  4.8597E-02  1.4144E+00
 -4.0030E-01  7.4852E-02 -1.0035E+00  4.8597E-02  1.4144E+00
  6.5562E-01  8.1993E-02 -8.5806E-01  4.8597E-02  1.4144E+00
 -7.3456E-01 -8.2021E-02  7.8672E-01  4.8170E-02  1.4524E+00
  1.0636E+00  6.5245E-02 -1.7221E-01  4.8170E-02  1.4524E+00
  1.0272E+00 -1.9045E-02  3.3122E-01  4.8170E-02  1.4524E+00
 -1.0657E+00 -1.6093E-01 -5.9499E-02  4.8170E-02  1.4524E+00
 -9.7715E-01 -1.0899E-01 -4.3716E-01  4.7739E-02  1.4920E+00
  1.0561E-01  6.2545E-02  1.0690E+00  4.7739E-02  1.4920E+00
  8.2372E-01 -1.4354E-01  6.7727E-01  4.7739E-02  1.4920E+00
 -1.0601E+00 -1.7871E-01 -4.6403E-02  4.7739E-02  1.4920E+00
  1.0057E+00  1.3319E-01  3.5868E-01  4.7739E-02  1.4920E+00
 -8.2769E-01  2.2093E-02 -6.8191E-01  4.7306E-02  1.5334E+00
 -1.8099E-01  5.0858E-02 -1.0560E+00  4.7306E-02  1.5334E+00
 -9.2686E-01  1.2714E-01 -5.2472E-01  4.7306E-02  1.5334E+00
 -9.8554E-01 -7.2441E-02 -4.1717E-01  4.7306E-02  1.5334E+00
 -1.0060E+00  4.1183E-02  3.6010E-01  4.6868E-02  1.5768E+00
 -1.0407E+00 -1.7152E-01  1.7627E-01  4.6868E-02  1.5768E+00
  9.8611E-01 -1.5346E-01  3.8409E-01  4.6868E-02  1.5768E+00
 -8.9297E-01  3.4034E-02  5.8141E-01  4.6427E-02  1.6222E+00
  7.0439E-01 -1.7653E-01  7.8056E-01  4.6427E-02  1.6222E+00
 -7.8752E-01  1.4848E-01  7.0311E-01  4.6427E-02  1.6222E+00
  1.0274E+00 -1.4889E-01 -2.4284E-01  4.6427E-02  1.6222E+00
 -6.6046E-01 -3.9270E-02 -8.3194E-01  4.5982E-02  1.6697E+00
  1.0457E+00  6.8457E-03  1.9084E-01  4.5982E-02  1.6697E+00
  8.5009E-01  6.2542E-02  6.2990E-01  4.5533E-02  1.7196E+00
  1.0535E+00 -1.0336E-01 -5.3685E-02  4.5533E-02  1.7196E+00
 -3.0098E-01 -1.0541E-01  1.0108E+00  4.5533E-02  1.7196E+00
  5.9314E-01 -5.9664E-03 -8.7471E-01  4.5079E-02  1.7721E+00
  2.8348E-01  1.6973E-01  1.0039E+00  4.5079E-02  1.7721E+00
  1.0030E+00  9.8571E-02  2.9820E-01  4.4156E-02  1.8855E+00
 -6.2374E-01 -4.0512E-02 -8.4501E-01  4.4156E-02  1.8855E+00
 -6.3260E-01 -1.8170E-01 -8.1590E-01  4.3687E-02  1.9469E+00
  1.0435E+00 -8.3216E-02  5.5707E-02  4.3687E-02  1.9469E+00
  5.6317E-01 -1.7706E-02 -8.8398E-01  4.3687E-02  1.9469E+00
 -1.0392E+00  1.9644E-02  1.3599E-01  4.3687E-02  1.9469E+00
  1.0400E+00  6.0808E-02 -1.1663E-01  4.3687E-02  1.9469E+00
  6.7634E-01  8.1552E-02 -7.9317E-01  4.3212E-02  2.0119E+00
  9.7998E-01 -4.5983E-02 -3.6158E-01  4.3212E-02  2.0119E+00
 -9.7145E-01  4.8309E-02 -3.8362E-01  4.3212E-02  2.0119E+00
 -4.2342E-01  4.5975E-02  9.5489E-01  4.3212E-02  2.0119E+00
  3.6721E-01  6.7064E-02  9.7384E-01  4.2730E-02  2.0806E+00
 -9.9562E-01  1.4445E-01 -2.7490E-01  4.2730E-02  2.0806E+00
 -1.0164E+00  6.0711E-02  2.2572E-01  4.2730E-02  2.0806E+00
  5.7174E-01 -4.7018E-02  8.7098E-01  4.2730E-02  2.0806E+00
 -5.6390E-01 -1.0272E-01 -8.7130E-01  4.2730E-02  2.0806E+00
 -9.3120E-01 -1.6334E-01  4.3422E-01  4.2242E-02  2.1536E+00
 -6.5060E-02  1.3595E-01 -1.0294E+00  4.2242E-02  2.1536E+00
  5.7364E-01 -1.2967E-02 -8.6783E-01  4.2242E-02  2.1536E+00
  4.2184E-01 -1.5041E-02  9.5089E-01  4.2242E-02  2.1536E+00
 -9.9232E-01  8.5467E-03 -3.1238E-01  4.2242E-02  2.1536E+00
  1.0296E+00 -1.0266E-01 -8.1036E-02  4.1747E-02  2.2312E+00
 -9.8898E-01  7.5442E-02 -2.9737E-01  4.1244E-02  2.3138E+00
  3.9480E-01  2.8820E-03 -9.5724E-01  4.1244E-02  2.3138E+00
  7.2227E-01 -1.2567E-01  7.2795E-01  4.0733E-02  2.4020E+00
  1.0751E-01  1.6040E-01  1.0126E+00  4.0213E-02  2.4964E+00
  1.0171E+00  9.1155E-02  1.4102E-01  4.0213E-02  2.4964E+00
  6.7667E-01 -7.3571E-02  7.7422E-01  4.0213E-02  2.4964E+00
 -9.9960E-01 -1.0806E-01 -2.1757E-01  3.9683E-02  2.5977E+00
 -9.7509E-01 -2.5467E-02  3.2675E-01  3.9683E-02  2.5977E+00
  1.2565E-01  1.4521E-01  1.0106E+00  3.9683E-02  2.5977E+00
  3.7649E-01  4.4673E-02  9.5629E-01  3.9683E-02  2.5977E+00
  1.4125E-01 -1.5574E-01  1.0070E+00  3.9683E-02  2.5977E+00
 -8.1963E-01  1.6502E-01 -5.9933E-01  3.9683E-02  2.5977E+00
 -4.3807E-01  2.9265E-02 -9.3030E-01  3.9683E-02  2.5977E+00
 -5.5701E-01  6.9686E-02 -8.5953E-01  3.9143E-02  2.7067E+00
  9.9950E-01  1.6225E-01 -1.6904E-01  3.9143E-02  2.7067E+00
 -1.0015E+00 -1.0624E-01 -1.8856E-01  3.8592E-02  2.8243E+00
  9.3793E-01  9.5592E-02 -3.9612E-01  3.8029E-02  2.9517E+00
 -1.0022E+00  1.4739E-01 -1.3982E-01  3.8029E-02  2.9517E+00
  7.9498E-01 -1.3385E-01 -6.2917E-01  3.8029E-02  2.9517E+00
 -2.9594E-01 -7.7570E-02  9.7579E-01  3.8029E-02  2.9517E+00
 -5.0805E-01 -1.6307E-01  8.7019E-01  3.7452E-02  3.0900E+00
  9.9281E-01 -7.0238E-02 -2.2661E-01  3.7452E-02  3.0900E+00
 -7.3813E-01 -1.0203E-01 -6.9502E-01  3.6862E-02  3.2409E+00
  7.7161E-01  2.8110E-02 -6.6492E-01  3.6862E-02  3.2409E+00
  3.8022E-01 -1.5690E-03 -9.4538E-01  3.6862E-02  3.2409E+00
 -6.8153E-01  5.7667E-02 -7.5531E-01  3.6862E-02  3.2409E+00
 -7.2161E-01 -1.6928E-01  6.9923E-01  3.6862E-02  3.2409E+00
  9.8257E-01  4.2054E-02 -2.6001E-01  3.6256E-02  3.4062E+00
 -2.2807E-01  4.1971E-02 -9.9048E-01  3.6256E-02  3.4062E+00
 -7.9624E-02  1.9709E-02  1.0139E+00  3.6256E-02  3.4062E+00
  2.1617E-01 -1.6283E-01  9.7891E-01  3.5633E-02  3.5880E+00
 -4.8965E-01  4.8197E-02 -8.8850E-01  3.5633E-02  3.5880E+00
  9.2263E-01  1.1348E-01 -4.0527E-01  3.4991E-02  3.7890E+00
 -9.9400E-01  1.7207E-01 -1.0353E-01  3.4991E-02  3.7890E+00
 -5.6909E-01  1.4853E-02 -8.3921E-01  3.4991E-02  3.7890E+00
  9.9476E-01  1.8495E-01 -4.0330E-02  3.4329E-02  4.0125E+00
  4.9967E-01 -9.5658E-03  8.7909E-01  3.3644E-02  4.2626E+00
  7.7935E-01 -7.2249E-02 -6.4029E-01  3.3644E-02  4.2626E+00
 -1.1828E-02  6.9415E-02  1.0088E+00  3.3644E-02  4.2626E+00
  5.1467E-01 -1.1707E-01  8.6254E-01  3.3644E-02  4.2626E+00
 -8.7255E-01  1.3638E-01 -4.9257E-01  3.3644E-02  4.2626E+00
 -9.8177E-01 -1.4036E-01  1.9066E-01  3.2934E-02  4.5444E+00
  1.0019E+00 -1.1472E-01  5.5155E-02  3.2934E-02  4.5444E+00
 -1.6144E-01 -8.5573E-02  9.9324E-01  3.2934E-02  4.5444E+00
  6.0000E-01  1.5075E-01 -7.9825E-01  3.2934E-02  4.5444E+00
 -1.2451E-01  5.4783E-02 -1.0007E+00  3.2934E-02  4.5444E+00
  3.4754E-01  4.3422E-02  9.4723E-01  3.2934E-02  4.5444E+00
  9.3441E-01  8.4580E-02  3.7036E-01  3.2195E-02  4.8645E+00
 -1.6867E-01 -5.5769E-02  9.9291E-01  3.2195E-02  4.8645E+00
 -9.8357E-01 -1.3563E-01  1.7785E-01  3.2195E-02  4.8645E+00
 -2.3423E-01 -1.3772E-01 -9.7020E-01  3.1425E-02  5.2312E+00
 -9.9886E-01  1.3190E-01 -8.7349E-04  3.1425E-02  5.2312E+00
 -4.3649E-01  1.3542E-01  8.9672E-01  3.0618E-02  5.6557E+00
  8.9216E-01 -1.5093E-01  4.4072E-01  3.0618E-02  5.6557E+00
 -8.0956E-01 -1.7810E-01  5.6911E-01  2.9770E-02  6.1530E+00
  9.9624E-01 -1.3447E-01  2.0220E-02  2.9770E-02  6.1530E+00
 -8.8393E-01  1.0609E-01  4.6733E-01  2.9770E-02  6.1530E+00
  9.7409E-01  5.8508E-02  2.3852E-01  2.8874E-02  6.7438E+00
  7.3561E-01  1.0079E-01  6.7667E-01  2.8874E-02  6.7438E+00
  3.5146E-01 -2.2682E-02 -9.4081E-01  2.8874E-02  6.7438E+00
 -9.5335E-01 -1.1066E-01  2.9672E-01  2.8874E-02  6.7438E+00
  4.2147E-01  8.6879E-02 -9.0773E-01  2.8874E-02  6.7438E+00
  5.0272E-01 -1.3062E-01  8.5987E-01  2.8874E-02  6.7438E+00
  8.0560E-01  1.5631E-01  5.7801E-01  2.7921E-02  7.4574E+00
  7.7608E-01  1.5352E-01 -6.1657E-01  2.6903E-02  8.3369E+00
 -4.6211E-01 -1.0976E-01 -8.8342E-01  2.6903E-02  8.3369E+00
  8.6962E-01 -1.0493E-01  4.8864E-01  2.6903E-02  8.3369E+00
 -1.0956E-01 -8.8278E-02 -9.9309E-01  2.6903E-02  8.3369E+00
  1.0018E+00 -1.4751E-02  4.6944E-02  2.6903E-02  8.3369E+00
 -4.7391E-01  6.0421E-02 -8.8192E-01  2.6903E-02  8.3369E+00
 -7.6884E-01  1.6206E-01  6.2235E-01  2.5804E-02  9.4481E+00
  7.9513E-01 -5.0813E-02  6.0818E-01  2.5804E-02  9.4481E+00
 -8.0628E-01 -7.2884E-02  5.9102E-01  2.5804E-02  9.4481E+00
 -9.6221E-01  1.1530E-01 -2.5376E-01  2.4606E-02  1.0897E+01
  7.7915E-01 -1.0515E-01  6.2081E-01  2.4606E-02  1.0897E+01
  9.9350E-01 -7.6435E-03 -1.2425E-01  2.3280E-02  1.2866E+01
  9.6547E-01  1.5449E-01  2.1572E-01  2.3280E-02  1.2866E+01
  7.3043E-01 -7.5598E-02 -6.8066E-01  2.3280E-02  1.2866E+01
 -2.0781E-01  1.7337E-01 -9.6400E-01  2.3280E-02  1.2866E+01
  8.9277E-01 -1.1133E-01  4.3772E-01  2.0058E-02  2.0115E+01
  3.6883E-01 -3.9858E-02 -9.2920E-01  2.0058E-02  2.0115E+01
  1.7386E-01  3.1263E-02  9.8455E-01  1.7969E-02  2.7981E+01
  9.9626E-01  8.9068E-02  8.4317E-03  1.7969E-02  2.7981E+01
