0.20995200000000D+02       564
(x,y,z) position of the X-ray source
 -0.1312E+01 -0.6449E-01 -0.1230E+01
x | y | z | R | rho
 -7.5147E-01  2.2808E-01  9.9636E+00  3.2237E-01  4.8453E-03
  6.2695E-01  1.2283E-02  9.9139E+00  3.2103E-01  4.9065E-03
 -2.0903E-02  2.9413E-01  9.8685E+00  3.1968E-01  4.9687E-03
  1.5308E+00  1.4819E-01  9.3959E+00  3.1182E-01  5.3541E-03
  2.3042E-01  2.1053E-01  9.4794E+00  3.1100E-01  5.3965E-03
  1.4483E+00  2.0882E-01  9.0644E+00  3.0415E-01  5.7695E-03
  1.8466E+00  2.5781E-01  8.9410E+00  3.0305E-01  5.8327E-03
  7.0368E-01 -1.9548E-01  9.0677E+00  3.0222E-01  5.8807E-03
 -1.5231E-01  2.0325E-01  8.8156E+00  2.9584E-01  6.2694E-03
  9.8608E-01 -2.1460E-01  8.5306E+00  2.9053E-01  6.6195E-03
 -1.0659E+00 -1.6868E-01  8.4735E+00  2.8941E-01  6.6969E-03
 -8.6397E-01  1.3389E-01  8.0015E+00  2.7779E-01  7.5729E-03
 -1.7079E+00 -2.0497E-01  7.5931E+00  2.7147E-01  8.1138E-03
 -2.0226E+00 -2.1482E-01  7.4284E+00  2.6945E-01  8.2979E-03
  1.9447E+00 -3.4100E-01  7.1599E+00  2.6276E-01  8.9476E-03
  9.7244E-01 -2.2007E-01  7.2998E+00  2.6130E-01  9.0986E-03
  2.0580E-02  2.4692E-01  7.1252E+00  2.5542E-01  9.7418E-03
  1.9110E+00  2.6976E-01  6.8387E+00  2.5483E-01  9.8098E-03
 -7.3722E-01  6.8201E-02  6.9239E+00  2.5127E-01  1.0232E-02
 -1.4415E+00  5.0295E-02  6.7638E+00  2.5008E-01  1.0379E-02
  1.4554E+00  7.4239E-02  6.4335E+00  2.4199E-01  1.1456E-02
 -1.4049E+00 -1.6496E-01  6.3826E+00  2.4048E-01  1.1673E-02
 -1.3537E+00  2.2478E-01  6.3797E+00  2.4018E-01  1.1717E-02
 -1.1731E+00 -1.3457E-01  6.3820E+00  2.3927E-01  1.1851E-02
  9.7241E-01 -7.9039E-03  6.3574E+00  2.3775E-01  1.2079E-02
  8.3931E-01 -1.5656E-01  6.2201E+00  2.3379E-01  1.2703E-02
 -1.5262E+00 -1.2248E-01  5.9919E+00  2.3134E-01  1.3111E-02
  5.3235E-02 -3.1272E-01  6.1646E+00  2.3103E-01  1.3164E-02
 -1.0132E-01  1.1531E-01  6.1708E+00  2.3103E-01  1.3164E-02
 -3.4040E-01  1.5173E-01  6.1262E+00  2.3011E-01  1.3322E-02
  8.4882E-01 -5.9774E-02  6.0664E+00  2.2981E-01  1.3376E-02
 -1.5011E+00  4.6835E-02  5.7817E+00  2.2579E-01  1.4101E-02
 -5.6799E-01  1.9610E-01  5.9198E+00  2.2518E-01  1.4218E-02
 -1.8794E+00 -1.4539E-01  5.4958E+00  2.2145E-01  1.4949E-02
 -3.9678E-01  1.0721E-01  5.5156E+00  2.1392E-01  1.6583E-02
  1.6044E+00 -1.8053E-01  5.1323E+00  2.0980E-01  1.7579E-02
 -1.2905E+00  2.4863E-01  5.1100E+00  2.0693E-01  1.8320E-02
  5.1968E-01  5.0199E-02  5.2388E+00  2.0661E-01  1.8405E-02
 -1.9368E-01 -1.7626E-01  5.2006E+00  2.0501E-01  1.8839E-02
  9.6268E-02  4.8592E-02  5.2060E+00  2.0501E-01  1.8839E-02
 -1.8861E+00  2.2731E-02  4.7793E+00  2.0309E-01  1.9380E-02
  2.3541E-01  2.3902E-01  5.0350E+00  2.0051E-01  2.0137E-02
  1.6495E+00  1.0320E-01  4.7314E+00  1.9954E-01  2.0432E-02
  1.5506E-01  2.5236E-02  4.9634E+00  1.9825E-01  2.0834E-02
  1.9892E-01  1.7799E-01  4.9358E+00  1.9760E-01  2.1040E-02
  1.1025E+00 -1.2103E-01  4.6879E+00  1.9402E-01  2.2227E-02
 -4.8955E-01  2.9383E-02  4.7464E+00  1.9271E-01  2.2682E-02
  1.6166E+00 -2.7262E-01  4.4690E+00  1.9238E-01  2.2798E-02
 -2.2104E-01 -2.4408E-01  4.6690E+00  1.9009E-01  2.3634E-02
  7.5121E-02  1.0729E-01  4.6447E+00  1.8910E-01  2.4006E-02
  1.8635E+00  5.7384E-02  4.1941E+00  1.8745E-01  2.4645E-02
  1.8927E+00 -1.0782E-01  4.1426E+00  1.8646E-01  2.5040E-02
 -8.4051E-01 -1.4842E-01  4.3600E+00  1.8315E-01  2.6425E-02
  4.4812E-01 -1.1613E-01  4.3959E+00  1.8248E-01  2.6715E-02
  1.0406E+00 -3.2073E-02  3.9836E+00  1.7342E-01  3.1126E-02
 -3.3838E-01 -5.2732E-02  4.0696E+00  1.7240E-01  3.1679E-02
  9.4516E-02  1.6828E-01  3.9792E+00  1.6934E-01  3.3426E-02
 -1.5296E+00  7.3425E-02  3.5577E+00  1.6593E-01  3.5534E-02
 -1.6279E+00  2.3663E-01  3.4944E+00  1.6558E-01  3.5755E-02
 -6.6550E-01 -4.4837E-04  3.7373E+00  1.6352E-01  3.7125E-02
  3.8586E-02  5.6350E-02  3.7625E+00  1.6249E-01  3.7837E-02
  6.8213E-01  7.3326E-02  3.6331E+00  1.6042E-01  3.9323E-02
 -6.0742E-01 -4.4855E-02  3.5803E+00  1.5834E-01  4.0893E-02
 -9.9397E-01  1.8955E-01  3.4199E+00  1.5625E-01  4.2554E-02
  1.0075E+00 -9.1556E-02  3.3746E+00  1.5486E-01  4.3715E-02
 -1.7412E+00  1.0072E-01  2.9860E+00  1.5276E-01  4.5542E-02
 -1.1736E+00 -6.2420E-02  3.2407E+00  1.5240E-01  4.5858E-02
 -1.3831E+00 -1.0522E-01  3.0969E+00  1.5065E-01  4.7481E-02
  4.2333E-01  9.2485E-02  3.2465E+00  1.4676E-01  5.1350E-02
  1.6866E+00  1.8384E-02  2.6451E+00  1.4214E-01  5.6525E-02
 -1.8043E+00 -8.7278E-02  2.5390E+00  1.4143E-01  5.7386E-02
 -1.0509E+00 -1.3030E-01  2.9193E+00  1.4107E-01  5.7823E-02
  1.8887E+00 -7.9916E-02  2.4371E+00  1.4035E-01  5.8712E-02
  2.7888E-01 -2.1409E-01  3.0430E+00  1.3964E-01  5.9620E-02
  4.7925E-01 -2.2810E-01  2.9743E+00  1.3820E-01  6.1497E-02
 -6.4694E-01  1.4060E-01  2.9371E+00  1.3784E-01  6.1979E-02
  1.2024E+00  1.8602E-01  2.7082E+00  1.3640E-01  6.3962E-02
 -8.0702E-01  7.6192E-02  2.8020E+00  1.3460E-01  6.6569E-02
  1.8532E+00  4.8032E-02  2.1300E+00  1.3134E-01  7.1651E-02
 -1.6803E+00  1.6353E-01  2.2506E+00  1.3098E-01  7.2249E-02
  1.0898E+00 -9.7146E-02  2.5920E+00  1.3098E-01  7.2249E-02
 -1.0506E+00 -6.5075E-02  2.5094E+00  1.2770E-01  7.7958E-02
  8.1440E-01  1.2202E-01  2.5830E+00  1.2733E-01  7.8631E-02
 -8.9043E-01  1.1825E-01  2.5472E+00  1.2697E-01  7.9312E-02
 -5.6398E-01  2.0646E-01  2.5813E+00  1.2514E-01  8.2844E-02
 -2.3885E-01  8.4433E-03  2.6293E+00  1.2477E-01  8.3577E-02
  1.6366E+00  1.9815E-01  2.0233E+00  1.2367E-01  8.5829E-02
 -1.6966E+00 -1.2057E-01  1.9662E+00  1.2330E-01  8.6599E-02
 -1.7130E+00 -4.1766E-02  1.9015E+00  1.2183E-01  8.9776E-02
  1.8137E+00  5.1318E-02 -1.7913E+00  1.2146E-01  9.0595E-02
 -7.4051E-01  4.7603E-02  2.4080E+00  1.2035E-01  9.3117E-02
 -1.6642E+00 -1.8860E-01  1.8692E+00  1.1998E-01  9.3979E-02
 -3.4179E-01  1.2263E-01  2.4333E+00  1.1814E-01  9.8461E-02
 -1.5833E+00  3.2167E-02 -1.8050E+00  1.1591E-01  1.0424E-01
 -3.9374E-01  9.8861E-02  2.3667E+00  1.1591E-01  1.0424E-01
  9.7627E-02  4.5640E-02  2.3988E+00  1.1591E-01  1.0424E-01
 -1.6604E+00 -1.6737E-01 -1.7130E+00  1.1554E-01  1.0525E-01
 -9.8751E-01 -1.0534E-01  2.1219E+00  1.1368E-01  1.1050E-01
 -4.1921E-01 -1.0747E-01  2.2729E+00  1.1256E-01  1.1382E-01
  4.0751E-02  9.2495E-02  2.3115E+00  1.1256E-01  1.1382E-01
  1.5138E+00 -1.8098E-01  1.7403E+00  1.1256E-01  1.1382E-01
  5.2329E-01  1.7582E-01  2.2370E+00  1.1219E-01  1.1496E-01
  1.8089E+00  1.6215E-01 -1.4022E+00  1.1182E-01  1.1612E-01
  7.8995E-01  9.9586E-02  2.1109E+00  1.1032E-01  1.2090E-01
 -1.8910E+00  3.7513E-02  1.2122E+00  1.0995E-01  1.2214E-01
  1.8867E+00  7.0741E-02  1.1998E+00  1.0957E-01  1.2339E-01
 -1.8276E+00  4.0342E-02 -1.2726E+00  1.0920E-01  1.2466E-01
 -1.3759E+00  5.4696E-02 -1.7508E+00  1.0920E-01  1.2466E-01
  1.4601E+00 -2.4415E-03  1.6821E+00  1.0920E-01  1.2466E-01
  1.6241E+00  1.4484E-01 -1.4471E+00  1.0733E-01  1.3131E-01
  3.3367E-01  8.8395E-03  2.1163E+00  1.0582E-01  1.3698E-01
 -9.5033E-01  7.3682E-02  1.9188E+00  1.0582E-01  1.3698E-01
  1.6183E+00 -7.7773E-02 -1.3876E+00  1.0545E-01  1.3845E-01
  1.5603E+00  1.3488E-01 -1.4345E+00  1.0507E-01  1.3994E-01
 -1.4415E+00  4.3513E-02  1.5463E+00  1.0470E-01  1.4145E-01
 -5.3168E-01  5.1931E-03  2.0369E+00  1.0432E-01  1.4299E-01
 -9.2157E-01  1.8821E-01 -1.8730E+00  1.0394E-01  1.4454E-01
  1.6154E-01  5.8440E-02  2.0889E+00  1.0394E-01  1.4454E-01
  1.7866E+00  1.4220E-01 -1.0866E+00  1.0394E-01  1.4454E-01
  1.5208E+00 -4.8868E-03  1.4422E+00  1.0394E-01  1.4454E-01
 -5.7771E-01 -1.0729E-02  2.0051E+00  1.0357E-01  1.4613E-01
 -1.3415E+00 -1.2765E-01  1.5932E+00  1.0357E-01  1.4613E-01
 -5.0643E-01 -6.9868E-02  2.0231E+00  1.0357E-01  1.4613E-01
  1.7543E+00  1.3972E-01 -1.0865E+00  1.0281E-01  1.4936E-01
 -4.4281E-01 -1.4207E-01  2.0152E+00  1.0281E-01  1.4936E-01
  1.6293E+00 -1.4390E-01 -1.2507E+00  1.0244E-01  1.5102E-01
 -1.2039E+00  1.5712E-01  1.6516E+00  1.0206E-01  1.5269E-01
  8.9652E-01  3.7461E-02 -1.8430E+00  1.0206E-01  1.5269E-01
  1.8238E+00  8.5310E-02  9.3177E-01  1.0206E-01  1.5269E-01
  9.0200E-01  4.1125E-02  1.8300E+00  1.0168E-01  1.5440E-01
  1.4654E+00  1.1456E-01  1.4023E+00  1.0131E-01  1.5613E-01
  6.9724E-01 -1.8174E-01 -1.8994E+00  1.0131E-01  1.5613E-01
  1.6637E+00  1.7964E-01 -1.1357E+00  1.0093E-01  1.5789E-01
 -1.6459E+00 -1.9256E-01  1.1273E+00  1.0017E-01  1.6148E-01
  1.7810E+00  1.8690E-01  8.7955E-01  9.9797E-02  1.6332E-01
  1.4883E+00 -6.8868E-02  1.3269E+00  9.9797E-02  1.6332E-01
 -1.7639E+00  1.0820E-01  9.0641E-01  9.9419E-02  1.6519E-01
 -1.2659E+00 -5.7252E-02  1.5293E+00  9.9419E-02  1.6519E-01
 -1.3002E+00 -3.5745E-02  1.5009E+00  9.9419E-02  1.6519E-01
  6.2477E-01  1.8913E-01 -1.8662E+00  9.9041E-02  1.6709E-01
  1.0048E+00 -3.0932E-03  1.7027E+00  9.9041E-02  1.6709E-01
  1.3445E+00 -1.5678E-01  1.4287E+00  9.8663E-02  1.6902E-01
 -1.8964E+00 -1.8318E-01  4.9331E-01  9.8663E-02  1.6902E-01
 -1.5979E+00 -1.4409E-01  1.1243E+00  9.8285E-02  1.7098E-01
  1.6512E+00 -1.7701E-01  1.0223E+00  9.7907E-02  1.7297E-01
  4.5449E-01  1.1274E-01  1.8931E+00  9.7907E-02  1.7297E-01
  9.0090E-01 -3.5354E-02 -1.7292E+00  9.7907E-02  1.7297E-01
 -1.4038E+00 -1.0757E-01 -1.3364E+00  9.7529E-02  1.7499E-01
  9.4527E-01  1.6139E-01 -1.6775E+00  9.7150E-02  1.7704E-01
  2.0399E-01  1.7975E-01 -1.9041E+00  9.6772E-02  1.7912E-01
  1.7519E+00 -5.3826E-02  7.9213E-01  9.6772E-02  1.7912E-01
  1.2704E+00  1.4954E-01 -1.4245E+00  9.6393E-02  1.8124E-01
 -1.4219E+00  9.7117E-02 -1.2783E+00  9.6393E-02  1.8124E-01
  2.0145E-01  1.4355E-01 -1.8895E+00  9.6015E-02  1.8340E-01
  1.8949E+00 -4.7425E-02 -1.9650E-01  9.6015E-02  1.8340E-01
 -1.7275E+00 -1.2449E-01 -7.7356E-01  9.5636E-02  1.8558E-01
  1.7596E+00 -7.2936E-02  7.0468E-01  9.5636E-02  1.8558E-01
 -1.3787E+00 -9.5735E-03 -1.2899E+00  9.5257E-02  1.8781E-01
 -1.6042E+00  3.9492E-02 -9.9483E-01  9.5257E-02  1.8781E-01
 -4.7801E-01  1.7888E-01 -1.8178E+00  9.5257E-02  1.8781E-01
  1.0524E+00 -3.1329E-02 -1.5567E+00  9.4878E-02  1.9007E-01
 -1.1374E+00  8.7416E-02  1.4934E+00  9.4878E-02  1.9007E-01
  1.2853E+00  7.4967E-02 -1.3569E+00  9.4499E-02  1.9236E-01
  1.7393E+00 -4.3466E-02 -6.3776E-01  9.3741E-02  1.9707E-01
  1.7096E+00  1.1191E-01  7.0611E-01  9.3741E-02  1.9707E-01
  1.7646E+00  8.5998E-03  5.6576E-01  9.3741E-02  1.9707E-01
  7.2965E-01 -1.2223E-01  1.6895E+00  9.3361E-02  1.9948E-01
  8.2578E-01  2.4677E-02 -1.6393E+00  9.2982E-02  2.0193E-01
 -1.5738E+00 -7.0604E-02 -9.4239E-01  9.2982E-02  2.0193E-01
 -1.7895E+00  1.3893E-01 -2.9210E-01  9.2223E-02  2.0696E-01
 -1.4822E+00 -1.5441E-01  1.0422E+00  9.2223E-02  2.0696E-01
  1.7580E+00 -4.3759E-03  4.6521E-01  9.2223E-02  2.0696E-01
  1.7863E+00 -1.5006E-01  2.4937E-01  9.1844E-02  2.0954E-01
  7.5478E-01  1.9533E-02 -1.6449E+00  9.1844E-02  2.0954E-01
  8.1809E-01  1.2685E-01  1.5998E+00  9.1464E-02  2.1216E-01
  2.0524E-01  9.3694E-02  1.7700E+00  9.0704E-02  2.1753E-01
  1.4052E+00 -1.4148E-01  1.0765E+00  9.0325E-02  2.2029E-01
  1.4736E+00  1.0471E-01 -9.8532E-01  9.0325E-02  2.2029E-01
  1.7497E-01  8.5874E-03 -1.7502E+00  8.9565E-02  2.2594E-01
 -1.1557E+00 -1.4598E-01  1.3067E+00  8.9185E-02  2.2884E-01
  1.3499E+00 -5.7809E-02  1.0998E+00  8.8805E-02  2.3179E-01
  1.5453E+00  2.9776E-02  8.0386E-01  8.8805E-02  2.3179E-01
  9.5641E-01 -1.6011E-01 -1.4372E+00  8.8425E-02  2.3479E-01
 -1.0917E+00  2.4111E-02 -1.3467E+00  8.8425E-02  2.3479E-01
  1.6455E+00 -1.7299E-02  4.9068E-01  8.7664E-02  2.4095E-01
  9.3799E-01  1.5301E-01 -1.4103E+00  8.6904E-02  2.4734E-01
 -1.6993E+00  6.7181E-02 -6.1522E-03  8.6904E-02  2.4734E-01
 -1.0142E+00 -1.7551E-01  1.3538E+00  8.6904E-02  2.4734E-01
  1.6720E+00  7.4734E-02 -8.9885E-02  8.5763E-02  2.5734E-01
 -1.3017E+00 -1.2171E-02  1.0428E+00  8.5382E-02  2.6079E-01
  7.4478E-01 -9.6438E-02  1.4893E+00  8.5382E-02  2.6079E-01
  1.6547E+00 -1.1967E-01 -1.7280E-01  8.5382E-02  2.6079E-01
  1.5495E+00 -1.1310E-01  6.0683E-01  8.5382E-02  2.6079E-01
 -5.3764E-01  1.0171E-01  1.5757E+00  8.5382E-02  2.6079E-01
  1.6546E+00 -2.6501E-02 -1.2905E-01  8.5002E-02  2.6431E-01
 -1.2536E+00 -4.1211E-02  1.0749E+00  8.4622E-02  2.6789E-01
  2.4254E-01  1.6890E-01  1.6251E+00  8.4622E-02  2.6789E-01
  1.6353E+00 -3.1864E-02 -2.3089E-01  8.4622E-02  2.6789E-01
  1.6153E+00  6.5676E-02 -2.9725E-01  8.4241E-02  2.7154E-01
  1.3315E+00 -4.0278E-03 -9.6379E-01  8.4241E-02  2.7154E-01
  4.1714E-03  5.5381E-03  1.6437E+00  8.4241E-02  2.7154E-01
 -7.0813E-01  9.2613E-02  1.4805E+00  8.4241E-02  2.7154E-01
  6.6611E-02  3.2823E-02  1.6341E+00  8.3861E-02  2.7525E-01
 -4.6694E-01 -2.0946E-02 -1.5675E+00  8.3861E-02  2.7525E-01
  4.7622E-01  8.9321E-02  1.5623E+00  8.3861E-02  2.7525E-01
  1.5676E+00  1.8520E-01  4.2905E-01  8.3861E-02  2.7525E-01
  1.5485E+00 -9.9216E-02 -5.1766E-01  8.3861E-02  2.7525E-01
 -6.0512E-01 -1.0733E-01  1.5073E+00  8.3480E-02  2.7903E-01
  1.4931E+00 -1.4090E-01  6.3290E-01  8.3480E-02  2.7903E-01
 -1.1778E+00  8.8555E-02  1.1086E+00  8.3100E-02  2.8288E-01
 -1.5858E+00  1.6223E-01 -2.3904E-01  8.2719E-02  2.8681E-01
 -1.2277E+00 -9.5418E-02  1.0401E+00  8.2719E-02  2.8681E-01
  3.2906E-01 -7.9795E-02  1.5679E+00  8.2338E-02  2.9080E-01
 -1.2268E+00  1.3621E-02 -1.0333E+00  8.2338E-02  2.9080E-01
  7.0929E-01  1.8117E-01 -1.4184E+00  8.1958E-02  2.9487E-01
 -1.3084E-01 -2.9671E-02 -1.5827E+00  8.1577E-02  2.9902E-01
  1.9656E-01  1.7541E-02  1.5761E+00  8.1577E-02  2.9902E-01
  1.4280E+00  1.8102E-01 -6.5296E-01  8.1197E-02  3.0324E-01
 -1.7972E-01  1.3485E-01  1.5645E+00  8.1197E-02  3.0324E-01
  1.2549E-01 -1.1960E-01  1.5710E+00  8.1197E-02  3.0324E-01
 -1.1801E+00  1.0047E-02 -1.0514E+00  8.1197E-02  3.0324E-01
 -1.2687E+00  1.7934E-01 -9.2553E-01  8.1197E-02  3.0324E-01
 -1.8932E-01  1.5557E-01 -1.5536E+00  8.0816E-02  3.0755E-01
 -1.2235E+00  4.5500E-02  9.7498E-01  8.0435E-02  3.1193E-01
  1.4731E+00 -1.6562E-02  5.2850E-01  8.0435E-02  3.1193E-01
 -8.5919E-01 -8.8438E-02  1.2960E+00  8.0055E-02  3.1640E-01
 -1.5318E+00 -8.0696E-02  2.2135E-01  7.9674E-02  3.2096E-01
 -4.4881E-01 -4.5248E-02  1.4827E+00  7.9674E-02  3.2096E-01
 -4.7872E-01  1.8167E-01  1.4627E+00  7.9674E-02  3.2096E-01
  3.6137E-01 -4.1940E-02  1.4986E+00  7.9293E-02  3.2561E-01
  8.8074E-01  1.7239E-01 -1.2541E+00  7.9293E-02  3.2561E-01
  1.4777E+00  1.3741E-01  4.1928E-01  7.9293E-02  3.2561E-01
  1.3696E+00 -6.7508E-03 -6.9215E-01  7.8913E-02  3.3034E-01
  5.1644E-01 -9.9117E-02 -1.4417E+00  7.8913E-02  3.3034E-01
 -8.2694E-01 -5.3510E-02 -1.2916E+00  7.8913E-02  3.3034E-01
  1.2265E+00 -2.0761E-03  9.0971E-01  7.8532E-02  3.3517E-01
  1.2258E+00  2.6715E-02  8.9759E-01  7.8152E-02  3.4009E-01
  1.2005E-01 -9.1301E-02  1.5120E+00  7.8152E-02  3.4009E-01
 -3.3166E-01  1.7394E-01 -1.4649E+00  7.7771E-02  3.4511E-01
 -1.2342E+00  2.3598E-02  8.6029E-01  7.7390E-02  3.5022E-01
 -1.2914E+00 -4.0298E-02  7.7095E-01  7.7390E-02  3.5022E-01
 -1.0035E-01 -1.7892E-01 -1.4831E+00  7.7010E-02  3.5544E-01
 -4.4587E-02  1.7920E-01  1.4858E+00  7.7010E-02  3.5544E-01
  1.3413E+00 -1.1408E-01 -6.3842E-01  7.6629E-02  3.6076E-01
 -7.6456E-01 -1.1681E-01 -1.2648E+00  7.6248E-02  3.6619E-01
 -3.1179E-01 -9.8031E-02 -1.4385E+00  7.5868E-02  3.7173E-01
 -4.3014E-01 -1.1012E-01  1.4068E+00  7.5868E-02  3.7173E-01
  9.6414E-01  2.5340E-02 -1.1163E+00  7.5868E-02  3.7173E-01
  1.4665E+00 -5.9585E-03 -6.5414E-02  7.5487E-02  3.7739E-01
 -9.1481E-01 -1.1150E-02  1.1480E+00  7.5487E-02  3.7739E-01
 -1.4606E+00  5.2345E-02  1.3687E-01  7.5487E-02  3.7739E-01
 -1.4279E+00 -1.0546E-01 -3.2381E-01  7.5487E-02  3.7739E-01
 -1.1771E+00 -2.8102E-02 -8.7669E-01  7.5487E-02  3.7739E-01
  1.4586E+00 -7.1392E-02 -3.2281E-02  7.5106E-02  3.8315E-01
  1.0148E+00 -2.3429E-02 -1.0504E+00  7.5106E-02  3.8315E-01
 -1.0057E+00  1.0259E-01 -1.0544E+00  7.5106E-02  3.8315E-01
  5.0382E-01 -1.2225E-01  1.3579E+00  7.4726E-02  3.8904E-01
  1.3456E+00 -1.0582E-01  5.1996E-01  7.4345E-02  3.9504E-01
  6.3479E-01 -1.6374E-01 -1.2813E+00  7.3965E-02  4.0117E-01
 -1.4247E+00  1.6854E-01 -1.1585E-01  7.3965E-02  4.0117E-01
 -1.4221E+00  1.5555E-01 -6.8375E-02  7.3584E-02  4.0743E-01
 -9.6480E-01  1.6358E-01  1.0458E+00  7.3584E-02  4.0743E-01
  2.0968E-01 -1.2395E-01  1.4043E+00  7.3203E-02  4.1382E-01
 -1.1017E+00  1.0646E-01 -8.7564E-01  7.2442E-02  4.2701E-01
 -8.7398E-01  1.6398E-01  1.0959E+00  7.2442E-02  4.2701E-01
 -2.6660E-01  1.1318E-01  1.3742E+00  7.2061E-02  4.3381E-01
  7.5950E-01  9.3761E-02 -1.1776E+00  7.2061E-02  4.3381E-01
  1.3778E+00 -1.6148E-01  2.1869E-01  7.2061E-02  4.3381E-01
 -2.2953E-01  2.0687E-03  1.3786E+00  7.1680E-02  4.4076E-01
  1.0756E-01  1.6600E-01 -1.3835E+00  7.1680E-02  4.4076E-01
  3.3254E-01 -2.5630E-02 -1.3432E+00  7.0919E-02  4.5511E-01
 -4.8399E-01 -2.3133E-02  1.2964E+00  7.0919E-02  4.5511E-01
 -5.7178E-01  1.2190E-01 -1.2470E+00  7.0538E-02  4.6253E-01
 -4.3859E-01 -4.9845E-02  1.2975E+00  7.0157E-02  4.7010E-01
 -5.0076E-01 -1.1956E-03  1.2758E+00  7.0157E-02  4.7010E-01
 -1.1801E+00  6.3172E-02  6.9413E-01  7.0157E-02  4.7010E-01
 -1.2391E+00 -5.6694E-02 -5.8291E-01  7.0157E-02  4.7010E-01
  1.0764E-01 -1.3050E-01 -1.3601E+00  7.0157E-02  4.7010E-01
  1.0670E+00  5.2425E-02  8.5862E-01  7.0157E-02  4.7010E-01
  6.2219E-01 -1.6209E-01 -1.2028E+00  6.9776E-02  4.7784E-01
  8.4129E-01  1.2788E-01 -1.0574E+00  6.9395E-02  4.8575E-01
  4.2027E-01  1.4206E-01 -1.2828E+00  6.9395E-02  4.8575E-01
 -1.3066E+00  1.2502E-01 -3.4555E-01  6.9395E-02  4.8575E-01
  9.3865E-02 -1.5343E-01 -1.3453E+00  6.9395E-02  4.8575E-01
 -1.3090E+00 -1.1311E-01 -3.4074E-01  6.9395E-02  4.8575E-01
  1.3315E+00  3.5302E-02  2.6089E-01  6.9395E-02  4.8575E-01
 -1.2615E+00  2.6538E-02  5.0006E-01  6.9395E-02  4.8575E-01
  5.3961E-01 -1.2982E-01  1.2315E+00  6.9014E-02  4.9384E-01
  6.9665E-01  3.8378E-02 -1.1566E+00  6.9014E-02  4.9384E-01
 -3.6328E-01  5.5373E-02 -1.2998E+00  6.9014E-02  4.9384E-01
 -9.3183E-02  1.1392E-01  1.3362E+00  6.8633E-02  5.0211E-01
  1.0548E+00 -1.1028E-01 -8.2595E-01  6.8633E-02  5.0211E-01
 -1.1826E+00  8.3710E-02  6.3362E-01  6.8633E-02  5.0211E-01
  8.4810E-01 -6.2694E-02  1.0327E+00  6.8252E-02  5.1057E-01
 -8.4015E-01  1.3037E-01  1.0245E+00  6.7871E-02  5.1923E-01
  1.2646E+00  1.6420E-01  3.5968E-01  6.7489E-02  5.2808E-01
  1.1172E+00  7.2060E-02  7.0877E-01  6.7489E-02  5.2808E-01
 -1.2603E+00  1.2678E-01 -3.8893E-01  6.7489E-02  5.2808E-01
  2.0850E-01  1.6575E-02 -1.3084E+00  6.7489E-02  5.2808E-01
 -1.2750E+00  6.0416E-02  3.3120E-01  6.7108E-02  5.3713E-01
  9.8714E-01 -1.3248E-01 -8.5461E-01  6.6726E-02  5.4640E-01
 -1.3027E+00  1.2460E-01 -9.8372E-02  6.6726E-02  5.4640E-01
  1.2860E+00 -1.6685E-01 -1.5640E-01  6.6345E-02  5.5588E-01
  6.4065E-01  1.5315E-01  1.1279E+00  6.6345E-02  5.5588E-01
 -1.2931E+00  1.8333E-01  1.9841E-02  6.6345E-02  5.5588E-01
  8.5686E-01 -2.0887E-02  9.8559E-01  6.6345E-02  5.5588E-01
 -1.0069E+00  1.0319E-01 -8.2556E-01  6.6345E-02  5.5588E-01
 -1.1278E+00  7.4917E-03 -6.4647E-01  6.5963E-02  5.6559E-01
 -3.3932E-01 -4.1913E-02  1.2542E+00  6.5963E-02  5.6559E-01
 -7.3363E-01 -3.6594E-02 -1.0651E+00  6.5581E-02  5.7553E-01
  1.2784E+00 -4.2594E-02  1.9480E-01  6.5581E-02  5.7553E-01
 -1.2360E+00  1.2677E-01 -3.6097E-01  6.5581E-02  5.7553E-01
 -1.2233E+00 -7.3846E-02  3.9534E-01  6.5199E-02  5.8571E-01
 -1.1663E+00  1.4169E-01  5.2733E-01  6.5199E-02  5.8571E-01
  1.2290E+00 -1.3363E-01  3.3854E-01  6.4817E-02  5.9614E-01
 -1.2182E+00  9.4943E-02 -3.8696E-01  6.4817E-02  5.9614E-01
  7.9039E-01  1.4023E-01  9.9153E-01  6.4434E-02  6.0681E-01
 -1.0032E+00 -9.9952E-02  7.7202E-01  6.4051E-02  6.1776E-01
 -6.9619E-01 -1.7658E-01  1.0472E+00  6.4051E-02  6.1776E-01
 -8.0732E-01  1.0182E-02 -9.7243E-01  6.3669E-02  6.2897E-01
 -6.3689E-01  1.8194E-01  1.0696E+00  6.3285E-02  6.4046E-01
  1.1919E+00 -8.8502E-02  3.9279E-01  6.3285E-02  6.4046E-01
  7.4603E-01  1.4398E-01 -1.0027E+00  6.3285E-02  6.4046E-01
 -8.8095E-01 -1.5656E-01 -8.8443E-01  6.3285E-02  6.4046E-01
 -1.1457E+00  6.2182E-02  5.1606E-01  6.3285E-02  6.4046E-01
 -8.3331E-01  1.4824E-01  9.3082E-01  6.3285E-02  6.4046E-01
 -1.1696E+00 -3.7566E-02  4.4599E-01  6.2902E-02  6.5224E-01
  1.2484E+00 -8.8579E-02  4.5399E-02  6.2902E-02  6.5224E-01
  1.1586E+00 -4.6890E-02  4.7293E-01  6.2902E-02  6.5224E-01
 -1.2173E+00 -8.8457E-02 -2.5361E-01  6.2518E-02  6.6433E-01
  9.5584E-02  1.8627E-01  1.2289E+00  6.2518E-02  6.6433E-01
 -1.4329E-01 -1.4425E-01 -1.2299E+00  6.2518E-02  6.6433E-01
  1.0096E+00 -1.2880E-01 -7.0985E-01  6.2134E-02  6.7672E-01
 -1.2265E+00 -6.7608E-02 -1.7589E-01  6.2134E-02  6.7672E-01
  1.0354E+00  7.8841E-03 -6.7360E-01  6.1750E-02  6.8943E-01
  2.6563E-02  7.4327E-02 -1.2328E+00  6.1750E-02  6.8943E-01
 -1.2121E+00 -1.5838E-01  1.7816E-01  6.1750E-02  6.8943E-01
 -1.0299E+00 -7.2923E-02  6.6805E-01  6.1365E-02  7.0248E-01
 -1.2197E+00  1.1723E-01 -1.0393E-01  6.1365E-02  7.0248E-01
 -4.5855E-01  1.5171E-01  1.1309E+00  6.1365E-02  7.0248E-01
 -1.1638E+00  1.0034E-01  3.8442E-01  6.1365E-02  7.0248E-01
 -1.0075E+00 -3.0444E-02 -6.8507E-01  6.0595E-02  7.2962E-01
  5.5176E-01 -1.2875E-02 -1.0866E+00  6.0595E-02  7.2962E-01
 -9.9388E-01  7.9523E-02  7.0089E-01  6.0595E-02  7.2962E-01
 -1.0400E+00  4.2531E-02  6.2354E-01  6.0209E-02  7.4374E-01
 -4.6055E-01  1.0655E-02 -1.1225E+00  6.0209E-02  7.4374E-01
 -9.5965E-01  9.3348E-02 -7.3660E-01  6.0209E-02  7.4374E-01
 -1.2050E+00 -2.5405E-02  8.1028E-02  5.9822E-02  7.5825E-01
  7.6592E-01 -4.3183E-03 -9.3415E-01  5.9822E-02  7.5825E-01
 -8.0109E-01  1.7786E-01  8.7929E-01  5.9436E-02  7.7315E-01
  3.1262E-01  2.0345E-04 -1.1614E+00  5.9436E-02  7.7315E-01
  5.6825E-01  8.1359E-02  1.0509E+00  5.9048E-02  7.8847E-01
 -9.1705E-01 -7.0142E-02  7.6685E-01  5.9048E-02  7.8847E-01
 -5.7504E-01 -1.6354E-01  1.0376E+00  5.9048E-02  7.8847E-01
 -4.8967E-01  1.2394E-01  1.0857E+00  5.9048E-02  7.8847E-01
 -1.1798E+00  1.1228E-02  2.0457E-01  5.9048E-02  7.8847E-01
  8.5590E-01 -1.8274E-01  8.1731E-01  5.9048E-02  7.8847E-01
 -1.7113E-01  1.1668E-01  1.1742E+00  5.8660E-02  8.0422E-01
  1.0420E+00  1.6165E-01 -5.5644E-01  5.8660E-02  8.0422E-01
 -1.1818E+00  5.2233E-02 -1.4925E-01  5.8660E-02  8.0422E-01
  1.1652E+00  9.7584E-02 -2.3336E-01  5.8660E-02  8.0422E-01
  9.8740E-01 -1.1800E-01 -6.4848E-01  5.8271E-02  8.2042E-01
  8.1021E-02 -7.2221E-02  1.1771E+00  5.7882E-02  8.3709E-01
  1.1259E+00  1.4836E-01  3.2835E-01  5.7882E-02  8.3709E-01
 -1.0438E+00  7.5757E-02 -5.4964E-01  5.7882E-02  8.3709E-01
 -9.8448E-01  1.3614E-02  6.5423E-01  5.7882E-02  8.3709E-01
  1.4056E-01  1.3363E-01  1.1610E+00  5.7492E-02  8.5424E-01
  1.1632E+00 -1.6418E-02  1.7996E-01  5.7492E-02  8.5424E-01
 -1.1607E+00 -1.4485E-01  1.3181E-01  5.7492E-02  8.5424E-01
  4.5513E-01 -1.3224E-01  1.0721E+00  5.7101E-02  8.7190E-01
 -6.8588E-01 -1.8128E-01 -9.2698E-01  5.6710E-02  8.9009E-01
  3.7632E-01  6.7657E-02  1.0978E+00  5.6317E-02  9.0882E-01
 -1.0932E+00 -2.5537E-02 -3.9452E-01  5.6317E-02  9.0882E-01
  1.1550E+00  5.7550E-02  5.4602E-02  5.5924E-02  9.2814E-01
  1.5488E-03 -2.6674E-02  1.1574E+00  5.5924E-02  9.2814E-01
 -1.1454E+00 -1.2961E-01  2.6803E-02  5.5530E-02  9.4805E-01
 -1.0961E+00 -4.0704E-02  3.5543E-01  5.5530E-02  9.4805E-01
  1.1247E+00 -1.1338E-02  2.5349E-01  5.5530E-02  9.4805E-01
  2.3755E-01  9.8296E-02  1.1192E+00  5.5134E-02  9.6859E-01
 -2.4073E-01 -1.6549E-01  1.1106E+00  5.5134E-02  9.6859E-01
 -5.1896E-01  1.7911E-01  1.0034E+00  5.4738E-02  9.8980E-01
  1.1345E+00 -1.3388E-01 -5.6189E-02  5.4738E-02  9.8980E-01
  4.6397E-01  2.9786E-02 -1.0450E+00  5.4738E-02  9.8980E-01
  2.1123E-02  9.9102E-02  1.1393E+00  5.4738E-02  9.8980E-01
  6.9889E-01  1.7388E-01 -8.8859E-01  5.4738E-02  9.8980E-01
 -6.9755E-01 -9.4972E-02 -9.0149E-01  5.4738E-02  9.8980E-01
  2.8600E-01  1.6167E-01 -1.0956E+00  5.4738E-02  9.8980E-01
  1.0953E+00 -1.1441E-01  3.0917E-01  5.4738E-02  9.8980E-01
  9.6537E-01  1.2211E-01 -5.9255E-01  5.4340E-02  1.0117E+00
  1.1191E+00 -1.5881E-01  1.0125E-01  5.3941E-02  1.0343E+00
  9.6606E-01 -1.1719E-01 -5.8383E-01  5.3941E-02  1.0343E+00
  5.0121E-01  4.3253E-02 -1.0172E+00  5.3941E-02  1.0343E+00
 -4.2645E-01 -1.2734E-01  1.0439E+00  5.3941E-02  1.0343E+00
 -8.7296E-01 -1.5811E-01 -7.0061E-01  5.3541E-02  1.0577E+00
 -6.2047E-01  1.1368E-01  9.3809E-01  5.3541E-02  1.0577E+00
  4.4741E-02 -7.2757E-02  1.1272E+00  5.3541E-02  1.0577E+00
  9.6689E-02 -1.8063E-01  1.1073E+00  5.3139E-02  1.0818E+00
 -4.3869E-01  1.7211E-01 -1.0228E+00  5.3139E-02  1.0818E+00
 -7.8152E-01 -2.0614E-02 -8.0461E-01  5.2736E-02  1.1068E+00
 -6.5520E-01  1.3375E-01  9.0078E-01  5.2736E-02  1.1068E+00
 -5.4036E-01 -1.0939E-01  9.7224E-01  5.2331E-02  1.1327E+00
 -1.1005E+00 -3.8059E-02 -1.9159E-01  5.2331E-02  1.1327E+00
  1.0534E+00 -1.4851E-01  3.4283E-01  5.2331E-02  1.1327E+00
  9.1109E-01  4.5357E-02  6.4581E-01  5.2331E-02  1.1327E+00
 -1.0609E+00 -1.5718E-01  3.1452E-01  5.2331E-02  1.1327E+00
  8.0851E-01  1.3478E-01  7.5984E-01  5.2331E-02  1.1327E+00
 -3.8554E-01  1.3622E-01 -1.0358E+00  5.1925E-02  1.1595E+00
 -5.3641E-01  1.7713E-01  9.5963E-01  5.1925E-02  1.1595E+00
  8.5952E-01  6.2829E-02  7.0517E-01  5.1925E-02  1.1595E+00
  7.0867E-01  3.4190E-02  8.5299E-01  5.1516E-02  1.1873E+00
 -4.1685E-03  1.5443E-01  1.0987E+00  5.1516E-02  1.1873E+00
  5.4152E-01  1.5898E-02  9.6365E-01  5.1106E-02  1.2161E+00
 -1.0952E+00  1.5003E-01 -6.9296E-03  5.1106E-02  1.2161E+00
  8.0868E-02  8.5560E-02  1.0992E+00  5.1106E-02  1.2161E+00
 -3.5196E-01 -1.3911E-01  1.0387E+00  5.1106E-02  1.2161E+00
 -1.0781E+00 -1.6618E-01 -1.7948E-01  5.1106E-02  1.2161E+00
 -7.3672E-01  1.3846E-01  8.1253E-01  5.1106E-02  1.2161E+00
  7.9774E-01  8.9337E-02 -7.6010E-01  5.1106E-02  1.2161E+00
  1.9130E-01  1.0365E-02 -1.0888E+00  5.1106E-02  1.2161E+00
 -1.0182E+00 -6.5127E-02 -4.1536E-01  5.0694E-02  1.2461E+00
  1.5563E-01  6.2974E-02 -1.0887E+00  5.0694E-02  1.2461E+00
  7.7163E-01 -1.1718E-01 -7.7738E-01  5.0694E-02  1.2461E+00
 -8.2902E-01 -3.7898E-02 -7.2439E-01  5.0694E-02  1.2461E+00
  6.2808E-01  1.0255E-01 -8.9441E-01  5.0279E-02  1.2771E+00
  8.7670E-01  4.8449E-02  6.5881E-01  5.0279E-02  1.2771E+00
 -1.0969E+00 -4.1658E-02 -2.8714E-03  5.0279E-02  1.2771E+00
 -1.0958E+00  6.1907E-02  2.0123E-02  5.0279E-02  1.2771E+00
  1.0868E+00 -5.7681E-02 -1.1013E-01  4.9863E-02  1.3094E+00
  6.0357E-01 -1.3788E-01 -8.9735E-01  4.9444E-02  1.3430E+00
 -9.3482E-01 -1.8020E-01  5.2368E-01  4.9022E-02  1.3780E+00
  2.6725E-01 -7.8793E-02 -1.0502E+00  4.9022E-02  1.3780E+00
 -5.8787E-02 -8.3452E-02 -1.0746E+00  4.8170E-02  1.4524E+00
  1.0761E+00 -8.3504E-02 -1.3305E-02  4.8170E-02  1.4524E+00
 -8.6431E-03 -8.6522E-03  1.0794E+00  4.8170E-02  1.4524E+00
 -5.2754E-01  2.0243E-02 -9.3760E-01  4.7739E-02  1.4920E+00
  5.8599E-01  1.0182E-01 -8.9264E-01  4.7306E-02  1.5334E+00
 -7.6982E-02  4.9508E-03  1.0699E+00  4.7306E-02  1.5334E+00
  9.9061E-01  1.7940E-02  3.9367E-01  4.6427E-02  1.6222E+00
 -1.0477E+00 -1.0326E-01  1.6836E-01  4.6427E-02  1.6222E+00
  9.1635E-01  4.8887E-02 -5.4270E-01  4.6427E-02  1.6222E+00
  5.6544E-01  3.3795E-02 -8.9946E-01  4.5982E-02  1.6697E+00
 -1.0070E+00  1.3328E-01 -3.1319E-01  4.5982E-02  1.6697E+00
 -9.4898E-01  3.1973E-02  4.7781E-01  4.5982E-02  1.6697E+00
  7.2002E-01  6.8842E-02 -7.7892E-01  4.5982E-02  1.6697E+00
 -4.2513E-01 -8.5586E-02 -9.6710E-01  4.5533E-02  1.7196E+00
  2.7701E-01  1.4083E-01 -1.0133E+00  4.5533E-02  1.7196E+00
  8.9132E-01 -3.0394E-02 -5.7268E-01  4.5533E-02  1.7196E+00
 -9.9814E-01  2.1645E-02  3.5580E-01  4.5533E-02  1.7196E+00
  4.4757E-01  4.8699E-02 -9.5950E-01  4.5533E-02  1.7196E+00
 -5.3616E-01 -1.6665E-01  8.9539E-01  4.5079E-02  1.7721E+00
  8.6621E-01  1.3752E-01 -5.8969E-01  4.5079E-02  1.7721E+00
  7.4726E-01  7.2217E-02  7.4388E-01  4.5079E-02  1.7721E+00
 -7.8615E-01  6.1524E-02 -6.9925E-01  4.4620E-02  1.8273E+00
  2.6187E-01  1.6082E-01  1.0081E+00  4.4620E-02  1.8273E+00
  9.9410E-01  1.8162E-01 -2.9923E-01  4.4620E-02  1.8273E+00
 -7.7744E-01  1.0007E-01  7.0022E-01  4.4156E-02  1.8855E+00
 -1.0336E+00  3.5239E-02 -1.8727E-01  4.4156E-02  1.8855E+00
 -1.0267E+00  8.1426E-02 -1.9549E-01  4.3687E-02  1.9469E+00
  1.0374E+00 -1.3642E-01 -6.4449E-02  4.3687E-02  1.9469E+00
 -6.8611E-01 -3.3896E-03  7.9255E-01  4.3687E-02  1.9469E+00
 -8.7464E-01 -1.5288E-01 -5.5725E-01  4.3687E-02  1.9469E+00
 -3.6644E-01 -6.2480E-02  9.7726E-01  4.3212E-02  2.0119E+00
 -6.5166E-01  3.7750E-02  8.1678E-01  4.3212E-02  2.0119E+00
  9.8558E-01 -4.1023E-02  3.4663E-01  4.3212E-02  2.0119E+00
  6.0845E-01 -5.8267E-02  8.4504E-01  4.2730E-02  2.0806E+00
  8.4817E-01  1.3470E-01  5.8722E-01  4.2242E-02  2.1536E+00
  7.6020E-01 -1.3105E-01  6.9806E-01  4.2242E-02  2.1536E+00
  6.5948E-02  5.2855E-02  1.0344E+00  4.1747E-02  2.2312E+00
  7.7224E-01 -7.4319E-02 -6.8944E-01  4.1747E-02  2.2312E+00
 -5.8224E-01 -1.1608E-01 -8.5130E-01  4.1747E-02  2.2312E+00
  7.3972E-01  1.6914E-01 -7.0810E-01  4.1747E-02  2.2312E+00
 -6.8014E-01  5.7832E-02 -7.7863E-01  4.1244E-02  2.3138E+00
 -4.2320E-01 -2.3257E-02  9.4475E-01  4.1244E-02  2.3138E+00
 -1.2293E-01  9.2783E-02 -1.0239E+00  4.1244E-02  2.3138E+00
 -9.8374E-01 -1.6541E-01 -2.6881E-01  4.0733E-02  2.4020E+00
 -8.0682E-01  8.2538E-02  6.4000E-01  4.0733E-02  2.4020E+00
  1.8256E-01  3.2190E-02 -1.0164E+00  4.0733E-02  2.4020E+00
  9.5781E-02  8.7277E-02 -1.0250E+00  4.0733E-02  2.4020E+00
  5.1320E-01 -7.1515E-02  8.9380E-01  4.0733E-02  2.4020E+00
 -3.6995E-01 -1.8206E-01  9.4729E-01  4.0733E-02  2.4020E+00
  9.9782E-01 -1.3672E-01  2.3029E-01  4.0733E-02  2.4020E+00
 -6.8409E-01 -1.4850E-01 -7.5675E-01  4.0213E-02  2.4964E+00
 -4.2960E-01  7.1466E-02 -9.3437E-01  4.0213E-02  2.4964E+00
 -4.4260E-01 -6.5608E-03  9.2859E-01  3.9683E-02  2.5977E+00
 -3.5700E-01 -3.0314E-03  9.6476E-01  3.9683E-02  2.5977E+00
 -1.0111E+00  8.6020E-02  1.6871E-01  3.9683E-02  2.5977E+00
  1.4777E-01  1.3247E-01 -1.0072E+00  3.9143E-02  2.7067E+00
  9.1003E-01 -9.6306E-02  4.6527E-01  3.9143E-02  2.7067E+00
 -1.1410E-01  1.0872E-01 -1.0144E+00  3.9143E-02  2.7067E+00
 -4.3404E-01 -2.3589E-02 -9.3003E-01  3.9143E-02  2.7067E+00
  3.2038E-01 -6.8731E-02 -9.7076E-01  3.8592E-02  2.8243E+00
  2.3255E-01  1.7378E-01 -9.8258E-01  3.8592E-02  2.8243E+00
  9.3701E-01 -1.0701E-01  3.9538E-01  3.8029E-02  2.9517E+00
 -6.7093E-01 -5.1926E-02 -7.7002E-01  3.8029E-02  2.9517E+00
  3.2841E-01 -1.8149E-01  9.5130E-01  3.8029E-02  2.9517E+00
 -6.5146E-01  9.5364E-02 -7.8248E-01  3.8029E-02  2.9517E+00
 -9.8393E-01  1.0333E-01 -2.5128E-01  3.7452E-02  3.0900E+00
  6.4967E-01 -5.0125E-02 -7.8573E-01  3.7452E-02  3.0900E+00
 -8.3577E-01 -1.2918E-01  5.7162E-01  3.7452E-02  3.0900E+00
 -9.4648E-01  9.6800E-02 -3.6484E-01  3.6862E-02  3.2409E+00
  1.0027E+00 -1.7783E-01  3.4871E-02  3.6862E-02  3.2409E+00
 -2.8843E-01 -9.9223E-02  9.7225E-01  3.6862E-02  3.2409E+00
 -1.0063E+00 -7.3145E-02 -1.2945E-01  3.6256E-02  3.4062E+00
  6.2723E-01  8.3853E-02 -7.9439E-01  3.5633E-02  3.5880E+00
  3.7684E-01 -8.8684E-02  9.3896E-01  3.5633E-02  3.5880E+00
 -6.0941E-01 -2.0682E-02 -8.1221E-01  3.5633E-02  3.5880E+00
 -4.6421E-01 -1.2300E-01 -8.9316E-01  3.4991E-02  3.7890E+00
  6.2701E-02  6.6434E-02 -1.0100E+00  3.4991E-02  3.7890E+00
  9.8207E-01 -1.1985E-01  2.2257E-01  3.4991E-02  3.7890E+00
 -3.9739E-01 -1.5837E-01 -9.1781E-01  3.4329E-02  4.0125E+00
 -1.0125E+00 -1.0343E-02  6.2971E-03  3.4329E-02  4.0125E+00
  8.4489E-01  1.6508E-01  5.3318E-01  3.4329E-02  4.0125E+00
 -1.0059E+00 -4.7679E-02 -1.0572E-01  3.4329E-02  4.0125E+00
 -1.1668E-01 -1.9983E-04 -1.0059E+00  3.4329E-02  4.0125E+00
  8.0442E-01  6.8472E-02 -6.1122E-01  3.4329E-02  4.0125E+00
 -3.9465E-01  1.6664E-01  9.1600E-01  3.3644E-02  4.2626E+00
  2.1735E-01  6.0987E-02  9.8570E-01  3.3644E-02  4.2626E+00
  7.5025E-01 -1.0899E-01  6.6919E-01  3.3644E-02  4.2626E+00
 -4.3054E-01 -4.1990E-02 -9.1257E-01  3.2934E-02  4.5444E+00
  5.1239E-02  1.6942E-01 -9.9303E-01  3.2195E-02  4.8645E+00
  7.0116E-02  3.2949E-03 -1.0062E+00  3.2195E-02  4.8645E+00
  3.2524E-01 -5.2403E-03 -9.5479E-01  3.2195E-02  4.8645E+00
  9.3235E-01 -1.4530E-01  3.5317E-01  3.1425E-02  5.2312E+00
 -3.4575E-01  1.8139E-01 -9.2880E-01  3.1425E-02  5.2312E+00
  8.8053E-01  4.0759E-02  4.8798E-01  3.1425E-02  5.2312E+00
  4.0747E-02 -3.0509E-02  1.0062E+00  3.1425E-02  5.2312E+00
  9.3787E-01  2.6642E-02 -3.6424E-01  3.0618E-02  5.6557E+00
 -4.2597E-01 -1.4407E-01 -9.0042E-01  3.0618E-02  5.6557E+00
  5.5333E-01 -1.2236E-01 -8.3176E-01  3.0618E-02  5.6557E+00
  3.5925E-01 -5.7970E-02  9.3838E-01  3.0618E-02  5.6557E+00
  8.2858E-01  1.6239E-01  5.4778E-01  3.0618E-02  5.6557E+00
  6.5464E-01 -1.1172E-01  7.5495E-01  2.9770E-02  6.1530E+00
  9.9961E-01  7.9971E-02  7.3217E-02  2.9770E-02  6.1530E+00
  9.9473E-01  4.8595E-02 -1.3837E-01  2.9770E-02  6.1530E+00
  6.8051E-01 -3.8268E-02  7.3798E-01  2.8874E-02  6.7438E+00
  4.0607E-01 -5.3570E-02  9.1728E-01  2.8874E-02  6.7438E+00
 -4.5763E-01 -9.0072E-02 -8.8973E-01  2.8874E-02  6.7438E+00
 -2.5950E-01 -1.2743E-01  9.6207E-01  2.8874E-02  6.7438E+00
 -3.1062E-01 -1.8222E-01 -9.3780E-01  2.8874E-02  6.7438E+00
  9.2639E-01 -1.2835E-02 -3.8620E-01  2.7921E-02  7.4574E+00
  3.5019E-01  1.0104E-01  9.3524E-01  2.7921E-02  7.4574E+00
  2.7048E-01 -1.7603E-01  9.4967E-01  2.6903E-02  8.3369E+00
  3.1906E-02 -7.8883E-02 -9.9873E-01  2.5804E-02  9.4481E+00
  4.4714E-01  2.6813E-03  8.9708E-01  2.5804E-02  9.4481E+00
  2.6875E-01  2.3280E-02  9.6536E-01  2.5804E-02  9.4481E+00
  8.3186E-01 -4.1310E-02  5.5663E-01  2.4606E-02  1.0897E+01
 -8.9927E-01 -1.7961E-01 -4.0323E-01  2.4606E-02  1.0897E+01
  7.3882E-01  1.6633E-01  6.5575E-01  2.4606E-02  1.0897E+01
 -6.6414E-01 -8.8249E-03  7.4926E-01  2.3280E-02  1.2866E+01
 -1.2611E-01 -5.7286E-02 -9.9122E-01  2.1787E-02  1.5696E+01
 -2.1809E-02 -1.1033E-01  9.9451E-01  2.1787E-02  1.5696E+01
 -9.0603E-01 -1.8030E-01  3.8512E-01  2.1787E-02  1.5696E+01
  6.9492E-01 -5.5186E-02 -7.1816E-01  2.1787E-02  1.5696E+01
  4.3153E-01 -4.6713E-02  9.0184E-01  2.1787E-02  1.5696E+01
  5.6463E-01 -5.6285E-02  8.2446E-01  2.1787E-02  1.5696E+01
 -6.5088E-01  5.2286E-02  7.5850E-01  2.1787E-02  1.5696E+01
 -9.9415E-01  1.1268E-01 -8.2950E-04  2.0058E-02  2.0115E+01
  9.5878E-01  1.0564E-01 -2.6575E-01  2.0058E-02  2.0115E+01
  4.4338E-01  6.5365E-02  8.9453E-01  2.0058E-02  2.0115E+01
  7.7470E-01  7.5354E-02  6.2825E-01  1.7969E-02  2.7981E+01
 -8.2581E-01  1.0818E-01 -5.5396E-01  1.7969E-02  2.7981E+01
  8.8116E-01 -4.6950E-02  4.7106E-01  1.7969E-02  2.7981E+01
  9.8285E-01  1.5002E-01 -1.0968E-01  1.7969E-02  2.7981E+01
  5.7155E-01 -9.1252E-02 -8.1581E-01  1.7969E-02  2.7981E+01
