0.11997257142857D+02       627
(x,y,z) position of the X-ray source
  0.1387E+01 -0.6005E-01 -0.1146E+01
x | y | z | R | rho
  9.7239E-01  2.5251E-01  9.7240E+00  3.1752E-01  5.0709E-03
 -2.0338E+00 -2.3010E-01  9.5466E+00  3.1725E-01  5.0839E-03
  3.1331E-01  1.4151E-01  9.5875E+00  3.1345E-01  5.2709E-03
 -4.4909E-01 -2.8327E-01  9.5668E+00  3.1318E-01  5.2846E-03
 -2.0654E-01 -3.9294E-01  9.4741E+00  3.1100E-01  5.3965E-03
  1.8885E+00 -3.4288E-02  9.1585E+00  3.0800E-01  5.5561E-03
 -7.0543E-01  1.7461E-01  8.9831E+00  3.0029E-01  5.9952E-03
  1.5287E+00  2.7489E-01  8.6568E+00  2.9529E-01  6.3049E-03
 -7.1532E-01  1.6144E-01  8.5950E+00  2.9137E-01  6.5624E-03
 -2.4941E-01 -2.1803E-02  8.5864E+00  2.9053E-01  6.6195E-03
 -1.6043E+00  3.1390E-01  8.2613E+00  2.8659E-01  6.8963E-03
  1.0331E+00 -2.9625E-01  8.3163E+00  2.8574E-01  6.9578E-03
  4.5907E-01 -1.2489E-01  8.3719E+00  2.8574E-01  6.9578E-03
 -9.7667E-01  2.4032E-01  7.9618E+00  2.7722E-01  7.6199E-03
 -1.0771E+00 -2.4058E-01  7.9246E+00  2.7664E-01  7.6672E-03
  1.8202E-01  2.3410E-01  7.9836E+00  2.7636E-01  7.6911E-03
 -1.4628E+00 -1.9104E-01  7.5105E+00  2.6829E-01  8.4058E-03
 -1.2262E+00  3.1729E-01  7.4636E+00  2.6626E-01  8.5997E-03
  4.5558E-01 -1.7772E-01  7.5186E+00  2.6539E-01  8.6847E-03
  9.3167E-01 -1.9222E-01  7.0298E+00  2.5453E-01  9.8440E-03
 -2.7068E-01 -2.9685E-02  6.9699E+00  2.5157E-01  1.0196E-02
 -1.5137E+00 -6.4552E-02  6.5657E+00  2.4560E-01  1.0958E-02
 -9.2844E-01  4.4663E-02  6.6500E+00  2.4500E-01  1.1039E-02
 -1.9897E+00  1.7133E-01  6.1878E+00  2.3957E-01  1.1806E-02
  1.7621E+00 -1.6310E-01  6.1954E+00  2.3805E-01  1.2033E-02
 -1.9065E-01 -1.2782E-01  6.2742E+00  2.3379E-01  1.2703E-02
  1.2401E+00  1.0342E-01  5.9981E+00  2.2981E-01  1.3376E-02
 -5.0948E-01  2.8607E-02  6.0340E+00  2.2796E-01  1.3704E-02
 -1.2761E-01 -1.7508E-01  6.0399E+00  2.2765E-01  1.3760E-02
  1.8838E+00 -1.9277E-01  5.6778E+00  2.2610E-01  1.4044E-02
 -3.6105E-02 -2.5491E-01  5.9797E+00  2.2610E-01  1.4044E-02
 -1.2383E+00  2.5844E-01  5.6587E+00  2.2113E-01  1.5012E-02
 -5.2911E-02  7.9754E-02  5.7743E+00  2.2051E-01  1.5140E-02
  6.6982E-01 -2.2151E-01  5.7201E+00  2.2020E-01  1.5204E-02
  8.1827E-01  6.8735E-02  5.6576E+00  2.1895E-01  1.5466E-02
  3.9359E-02  2.8707E-01  5.4884E+00  2.1297E-01  1.6805E-02
  1.8903E+00 -1.7804E-01  5.1330E+00  2.1234E-01  1.6956E-02
  4.8625E-01  2.7886E-01  5.4092E+00  2.1139E-01  1.7186E-02
  1.2214E+00 -1.8747E-02  5.1330E+00  2.0693E-01  1.8320E-02
 -1.2005E+00 -2.9316E-01  5.0110E+00  2.0373E-01  1.9197E-02
  1.9000E+00  2.3651E-01  4.7680E+00  2.0309E-01  1.9380E-02
 -4.3506E-02  1.7480E-01  4.9741E+00  1.9857E-01  2.0733E-02
  1.7995E+00 -2.4660E-01  4.5726E+00  1.9695E-01  2.1249E-02
  1.6157E+00  2.2861E-01  4.5204E+00  1.9369E-01  2.2339E-02
  1.6079E+00  2.7569E-01  4.1203E+00  1.8281E-01  2.6569E-02
 -9.2487E-01 -2.1172E-01  4.2941E+00  1.8181E-01  2.7010E-02
  1.8617E+00  2.6271E-01  3.9630E+00  1.8148E-01  2.7159E-02
 -4.4444E-01 -3.8667E-02  4.3297E+00  1.8048E-01  2.7614E-02
 -1.3458E+00 -1.7295E-01  4.1002E+00  1.7948E-01  2.8079E-02
  1.2404E+00  1.3709E-01  4.0878E+00  1.7813E-01  2.8718E-02
  1.5320E+00  3.3599E-02  3.9779E+00  1.7780E-01  2.8881E-02
 -3.9971E-02 -1.0156E-01  4.1718E+00  1.7511E-01  3.0234E-02
  1.8811E+00  1.3937E-01  3.6599E+00  1.7342E-01  3.1126E-02
  3.2752E-02 -1.1869E-02  4.0615E+00  1.7172E-01  3.2056E-02
  6.1395E-01  1.5213E-01  4.0009E+00  1.7139E-01  3.2247E-02
  1.9090E+00  2.3335E-01  3.5396E+00  1.7071E-01  3.2633E-02
  7.8950E-02  2.0348E-01  3.9779E+00  1.6934E-01  3.3426E-02
  1.6892E+00 -1.7469E-01  3.5793E+00  1.6866E-01  3.3833E-02
 -4.7018E-01 -3.7098E-02  3.9336E+00  1.6866E-01  3.3833E-02
 -1.4476E+00  4.8544E-03  3.5807E+00  1.6558E-01  3.5755E-02
 -1.1036E+00 -1.2538E-01  3.6300E+00  1.6352E-01  3.7125E-02
 -1.8523E+00  1.9710E-01  3.2445E+00  1.6180E-01  3.8324E-02
  9.8884E-01  5.7195E-02  3.6077E+00  1.6180E-01  3.8324E-02
  1.6244E+00 -1.0888E-01  3.3318E+00  1.6076E-01  3.9070E-02
 -1.6000E+00 -2.3603E-01  3.3370E+00  1.6076E-01  3.9070E-02
 -1.0176E+00  5.1188E-02  3.5087E+00  1.5903E-01  4.0360E-02
  1.1169E+00  1.9565E-01  3.4502E+00  1.5834E-01  4.0893E-02
  7.9309E-01  2.9450E-02  3.5328E+00  1.5799E-01  4.1163E-02
  9.9105E-01  1.3366E-01  3.4120E+00  1.5590E-01  4.2840E-02
  1.2167E+00 -2.9902E-03  3.3293E+00  1.5555E-01  4.3129E-02
 -1.6885E+00  2.0865E-01  3.0849E+00  1.5486E-01  4.3715E-02
 -3.4494E-01  4.0280E-03  3.4951E+00  1.5451E-01  4.4012E-02
  6.9488E-01  2.4696E-01  3.4117E+00  1.5381E-01  4.4615E-02
  3.6525E-01 -1.0201E-01  3.4589E+00  1.5346E-01  4.4921E-02
  1.1789E+00 -1.9401E-01  3.2681E+00  1.5346E-01  4.4921E-02
  1.8815E+00  8.9739E-02  2.7966E+00  1.4994E-01  4.8153E-02
  1.0253E+00 -7.2196E-02  3.1437E+00  1.4783E-01  5.0252E-02
 -3.2879E-01  1.3540E-01  3.2667E+00  1.4712E-01  5.0980E-02
  1.8442E+00  1.2455E-01  2.6651E+00  1.4570E-01  5.2483E-02
  7.8704E-01  2.2540E-01  2.9956E+00  1.4107E-01  5.7823E-02
  1.0866E+00  2.2604E-01  2.8890E+00  1.4071E-01  5.8265E-02
  5.4528E-01 -2.6786E-02  3.0356E+00  1.4035E-01  5.8712E-02
  1.7911E+00  2.1221E-01  2.4890E+00  1.4000E-01  5.9164E-02
 -1.5234E+00 -5.4629E-02  2.6206E+00  1.3856E-01  6.1020E-02
 -1.8482E+00 -2.0381E-01  2.3280E+00  1.3676E-01  6.3458E-02
 -8.5064E-01  7.8310E-02  2.8216E+00  1.3568E-01  6.4988E-02
 -5.9554E-01 -1.8867E-01  2.7432E+00  1.3098E-01  7.2249E-02
 -3.3520E-01  1.3577E-01  2.7798E+00  1.3061E-01  7.2853E-02
  1.0956E+00  1.3913E-01  2.5765E+00  1.3061E-01  7.2853E-02
  1.6441E+00  3.9491E-02  2.2446E+00  1.2988E-01  7.4085E-02
  1.3308E-01 -3.2423E-02  2.7485E+00  1.2879E-01  7.5987E-02
 -9.5565E-01  4.4827E-02  2.5803E+00  1.2879E-01  7.5987E-02
  1.2260E+00  5.1397E-02  2.4175E+00  1.2733E-01  7.8631E-02
 -1.9221E+00 -3.1520E-02  1.8972E+00  1.2697E-01  7.9312E-02
 -1.0494E+00 -1.0602E-01  2.4865E+00  1.2697E-01  7.9312E-02
  1.8967E+00  7.8110E-02 -1.8926E+00  1.2623E-01  8.0699E-02
  3.5277E-01  5.9617E-03  2.6573E+00  1.2623E-01  8.0699E-02
  5.1372E-01  1.1191E-01  2.5872E+00  1.2477E-01  8.3577E-02
 -9.7512E-03  1.8329E-01  2.6034E+00  1.2367E-01  8.5829E-02
 -1.8069E+00  9.6636E-02  1.8667E+00  1.2330E-01  8.6599E-02
 -1.8726E+00 -1.6134E-01 -1.7670E+00  1.2256E-01  8.8168E-02
 -1.9046E+00  1.9276E-01  1.6992E+00  1.2183E-01  8.9776E-02
 -1.8333E+00 -1.4385E-01 -1.7661E+00  1.2146E-01  9.0595E-02
  1.5807E+00  1.6086E-01 -1.9171E+00  1.1925E-01  9.5738E-02
  1.2765E+00 -5.0997E-02  2.1026E+00  1.1814E-01  9.8461E-02
  1.8654E+00  1.9874E-01  1.5302E+00  1.1665E-01  1.0226E-01
 -5.5864E-01 -6.5538E-02  2.3445E+00  1.1628E-01  1.0324E-01
  3.4414E-01 -1.0774E-01  2.3641E+00  1.1554E-01  1.0525E-01
  1.1958E-02  8.8712E-02  2.3898E+00  1.1554E-01  1.0525E-01
 -1.9172E+00 -7.5552E-02  1.4111E+00  1.1517E-01  1.0627E-01
 -3.1928E-01 -1.3777E-01  2.3070E+00  1.1331E-01  1.1159E-01
  2.6499E-01 -1.0776E-01  2.3155E+00  1.1331E-01  1.1159E-01
  1.7155E+00  2.3832E-02 -1.5811E+00  1.1331E-01  1.1159E-01
  9.7304E-01  7.1530E-02  2.1086E+00  1.1293E-01  1.1270E-01
 -1.6456E+00  1.3404E-01  1.6347E+00  1.1293E-01  1.1270E-01
 -1.8606E+00 -7.3782E-02 -1.3895E+00  1.1293E-01  1.1270E-01
  1.6570E+00  1.9716E-01  1.5747E+00  1.1182E-01  1.1612E-01
  1.8570E+00  1.2289E-02  1.3476E+00  1.1182E-01  1.1612E-01
  1.7632E+00 -6.8687E-03  1.4227E+00  1.1070E-01  1.1968E-01
 -8.2064E-01 -3.2997E-02  2.1012E+00  1.1032E-01  1.2090E-01
 -1.5442E+00  1.0597E-01 -1.6413E+00  1.1032E-01  1.2090E-01
 -1.9056E+00  7.1505E-02 -1.0759E+00  1.0770E-01  1.2994E-01
 -1.6227E+00  1.7827E-01  1.4449E+00  1.0733E-01  1.3131E-01
 -3.4427E-01  3.1885E-02  2.1429E+00  1.0695E-01  1.3269E-01
  1.0626E+00  5.3361E-02 -1.8812E+00  1.0658E-01  1.3410E-01
  1.9121E+00  2.9114E-02 -9.6613E-01  1.0582E-01  1.3698E-01
 -1.7344E+00 -4.1807E-02 -1.2571E+00  1.0582E-01  1.3698E-01
 -1.2175E+00  2.4381E-02 -1.7514E+00  1.0545E-01  1.3845E-01
  2.7345E-01  1.7844E-01  2.0986E+00  1.0507E-01  1.3994E-01
  1.2786E+00  1.3973E-01  1.6783E+00  1.0470E-01  1.4145E-01
 -1.5521E+00  1.9114E-01  1.4232E+00  1.0470E-01  1.4145E-01
  9.4302E-01  3.4159E-02 -1.8611E+00  1.0357E-01  1.4613E-01
  8.7588E-01 -4.9241E-02 -1.8933E+00  1.0357E-01  1.4613E-01
  1.1748E+00 -4.1929E-02 -1.7240E+00  1.0357E-01  1.4613E-01
  7.5544E-01  8.6506E-02  1.9134E+00  1.0244E-01  1.5102E-01
 -8.5963E-01  7.9296E-03  1.8608E+00  1.0206E-01  1.5269E-01
  9.5844E-01  1.8329E-01 -1.7818E+00  1.0131E-01  1.5613E-01
  1.4025E+00 -1.1075E-01 -1.4655E+00  1.0131E-01  1.5613E-01
 -7.7842E-01  9.0562E-02  1.8644E+00  1.0093E-01  1.5789E-01
 -8.9789E-01 -5.1146E-02 -1.8114E+00  1.0093E-01  1.5789E-01
  1.8017E+00  1.7724E-01 -8.5984E-01  1.0017E-01  1.6148E-01
 -1.5069E-01  4.5737E-02  1.9980E+00  1.0017E-01  1.6148E-01
 -1.7735E+00  1.1763E-01  9.0635E-01  9.9797E-02  1.6332E-01
  1.2364E-01  2.4225E-03  1.9552E+00  9.8285E-02  1.7098E-01
 -8.8968E-01  1.5469E-01 -1.7386E+00  9.8285E-02  1.7098E-01
  1.7143E+00 -8.4024E-03  9.2960E-01  9.7907E-02  1.7297E-01
 -1.5327E+00 -6.9589E-02  1.1893E+00  9.7529E-02  1.7499E-01
  1.6753E+00 -1.8123E-01 -9.6371E-01  9.7529E-02  1.7499E-01
 -1.0078E+00 -1.4600E-01  1.6527E+00  9.7529E-02  1.7499E-01
 -1.9024E+00  8.3261E-02 -3.2832E-01  9.7150E-02  1.7704E-01
 -4.0535E-03  5.7037E-02  1.9137E+00  9.6393E-02  1.8124E-01
  9.6484E-01  3.4017E-02  1.6533E+00  9.6393E-02  1.8124E-01
 -5.3445E-01  1.2064E-02  1.8292E+00  9.6015E-02  1.8340E-01
  1.7792E+00  3.0337E-02 -6.8198E-01  9.6015E-02  1.8340E-01
 -1.8734E+00  1.9001E-01 -2.9292E-01  9.6015E-02  1.8340E-01
  1.8515E+00  1.0977E-01 -3.9740E-01  9.5636E-02  1.8558E-01
 -1.7834E+00 -1.4864E-01 -6.0167E-01  9.5257E-02  1.8781E-01
  9.4569E-02  9.4343E-02 -1.8833E+00  9.5257E-02  1.8781E-01
 -3.8400E-01  6.0812E-02 -1.8386E+00  9.4878E-02  1.9007E-01
  1.8307E+00  1.1673E-01  3.6568E-01  9.4499E-02  1.9236E-01
 -6.2855E-01  5.7082E-02 -1.7608E+00  9.4499E-02  1.9236E-01
 -1.1534E+00  9.6793E-02  1.4694E+00  9.4499E-02  1.9236E-01
  1.7425E+00 -1.5483E-01  6.3706E-01  9.4120E-02  1.9470E-01
  1.1257E+00  1.8614E-01  1.4712E+00  9.4120E-02  1.9470E-01
 -1.5871E+00 -9.6690E-02 -9.6842E-01  9.4120E-02  1.9470E-01
  1.7996E+00 -1.8381E-02  4.4175E-01  9.3741E-02  1.9707E-01
  9.7057E-01  1.8186E-01  1.5578E+00  9.3361E-02  1.9948E-01
 -1.5814E-01  1.8589E-01  1.8282E+00  9.3361E-02  1.9948E-01
 -1.4136E+00  7.2021E-02 -1.1689E+00  9.2982E-02  2.0193E-01
 -1.8303E+00  5.8292E-02 -1.2807E-01  9.2982E-02  2.0193E-01
 -7.3201E-02 -1.7218E-01 -1.8262E+00  9.2982E-02  2.0193E-01
 -8.8866E-01 -1.7857E-01  1.5864E+00  9.2603E-02  2.0443E-01
 -1.0337E+00 -5.8912E-02 -1.5054E+00  9.2603E-02  2.0443E-01
  1.3956E+00 -4.3010E-04 -1.1658E+00  9.2223E-02  2.0696E-01
 -1.0406E+00 -8.0280E-02  1.4786E+00  9.1844E-02  2.0954E-01
  5.5310E-01 -1.3921E-01  1.7177E+00  9.1844E-02  2.0954E-01
 -1.2099E+00 -1.2321E-01 -1.3404E+00  9.1844E-02  2.0954E-01
  1.2540E+00 -1.8062E-01 -1.2925E+00  9.1844E-02  2.0954E-01
 -4.2036E-01 -6.6444E-02 -1.7591E+00  9.1844E-02  2.0954E-01
  1.1073E+00 -7.3132E-02  1.4189E+00  9.1464E-02  2.1216E-01
  1.5687E+00 -1.7503E-01  8.6799E-01  9.1464E-02  2.1216E-01
 -1.2429E+00  1.7249E-01 -1.2924E+00  9.1464E-02  2.1216E-01
 -7.5011E-01  1.6342E-01  1.6295E+00  9.1464E-02  2.1216E-01
  4.9994E-01  6.4686E-02  1.7205E+00  9.1084E-02  2.1482E-01
 -9.7865E-01 -5.2531E-02  1.5012E+00  9.1084E-02  2.1482E-01
  6.3863E-01 -9.3954E-02 -1.6725E+00  9.1084E-02  2.1482E-01
 -1.3280E+00  1.4928E-01 -1.1823E+00  9.0704E-02  2.1753E-01
  1.4212E+00 -8.7755E-02  1.0753E+00  9.0704E-02  2.1753E-01
  1.2609E+00  9.7374E-02 -1.2587E+00  9.0704E-02  2.1753E-01
  8.9246E-01  3.8409E-02 -1.5446E+00  9.0704E-02  2.1753E-01
 -3.4465E-01  1.6766E-01 -1.7339E+00  9.0325E-02  2.2029E-01
  1.4008E+00  1.1699E-01 -1.0851E+00  9.0325E-02  2.2029E-01
  1.9275E-01 -7.0566E-02 -1.7554E+00  8.9945E-02  2.2309E-01
  1.3398E+00  1.8537E-01 -1.1375E+00  8.9945E-02  2.2309E-01
 -6.6617E-01 -2.9257E-02  1.6276E+00  8.9565E-02  2.2594E-01
  1.7299E+00 -1.3715E-01  2.8696E-01  8.9565E-02  2.2594E-01
 -6.5137E-01 -1.2525E-01 -1.6109E+00  8.8805E-02  2.3179E-01
  1.6413E+00 -7.8050E-03  5.8410E-01  8.8805E-02  2.3179E-01
  2.5117E-01 -1.2821E-01 -1.7191E+00  8.8805E-02  2.3179E-01
  1.5574E+00  3.7523E-02  7.6087E-01  8.8425E-02  2.3479E-01
  1.6087E+00 -1.1743E-01  6.1272E-01  8.8044E-02  2.3785E-01
  1.7111E+00 -3.6828E-02 -1.3897E-01  8.7664E-02  2.4095E-01
  8.0193E-01  5.8575E-02 -1.5173E+00  8.7664E-02  2.4095E-01
 -1.6934E+00  3.6737E-02 -2.8202E-01  8.7664E-02  2.4095E-01
  1.3401E+00 -2.4935E-02 -1.0734E+00  8.7664E-02  2.4095E-01
 -1.0220E+00 -9.0407E-02  1.3666E+00  8.7284E-02  2.4412E-01
 -1.6834E+00  1.1980E-01  2.6827E-01  8.7284E-02  2.4412E-01
 -9.7356E-01  1.0354E-01  1.4006E+00  8.7284E-02  2.4412E-01
  9.2823E-01 -2.6708E-03 -1.4250E+00  8.6904E-02  2.4734E-01
  4.6447E-01 -1.4927E-01  1.6206E+00  8.6524E-02  2.5061E-01
 -1.5183E+00 -1.2100E-02  7.4753E-01  8.6524E-02  2.5061E-01
 -1.1502E+00  9.6534E-02 -1.2377E+00  8.6524E-02  2.5061E-01
  1.6082E+00  3.6454E-02  4.9909E-01  8.6143E-02  2.5395E-01
  8.9651E-01  3.5449E-02  1.4254E+00  8.6143E-02  2.5395E-01
  1.1659E+00  1.4926E-03 -1.2041E+00  8.5763E-02  2.5734E-01
  9.8201E-01  8.5793E-02  1.3556E+00  8.5763E-02  2.5734E-01
 -1.2900E+00  2.5409E-02 -1.0698E+00  8.5763E-02  2.5734E-01
 -1.6565E+00  1.6927E-01 -9.7144E-02  8.5382E-02  2.6079E-01
  2.6819E-01  2.5961E-02  1.6460E+00  8.5382E-02  2.6079E-01
  1.6540E+00 -8.6169E-02 -1.0921E-01  8.5002E-02  2.6431E-01
 -1.4685E+00  6.1123E-02  7.5371E-01  8.4622E-02  2.6789E-01
  8.9335E-01 -1.7321E-01  1.3689E+00  8.4241E-02  2.7154E-01
  3.9933E-02  3.6487E-02  1.6429E+00  8.4241E-02  2.7154E-01
  1.3041E+00  2.1401E-02 -9.8722E-01  8.3861E-02  2.7525E-01
  1.6348E+00  5.0512E-02  2.0497E-02  8.3861E-02  2.7525E-01
  7.2571E-01 -8.7859E-03 -1.4659E+00  8.3861E-02  2.7525E-01
 -1.0987E+00 -4.5627E-03 -1.2010E+00  8.3480E-02  2.7903E-01
 -1.1720E+00  9.6202E-02 -1.1256E+00  8.3480E-02  2.7903E-01
 -9.1718E-01  1.6861E-01 -1.3148E+00  8.2719E-02  2.8681E-01
  1.4303E+00 -8.6092E-02 -7.3832E-01  8.2719E-02  2.8681E-01
  1.4350E+00  1.4735E-01 -7.1922E-01  8.2719E-02  2.8681E-01
 -1.1938E+00 -1.7445E-01  1.0689E+00  8.2719E-02  2.8681E-01
  1.5190E+00  1.7057E-01 -4.8615E-01  8.2338E-02  2.9080E-01
 -4.6438E-01 -1.6037E-01  1.5269E+00  8.2338E-02  2.9080E-01
 -1.2972E+00 -6.4146E-02  9.4130E-01  8.2338E-02  2.9080E-01
  3.3047E-01  8.1308E-02 -1.5595E+00  8.1958E-02  2.9487E-01
  1.4767E+00 -1.2471E-01  5.9305E-01  8.1958E-02  2.9487E-01
  1.5327E+00  1.8205E-01  3.7502E-01  8.1577E-02  2.9902E-01
  1.1823E+00  1.7995E-01  1.0453E+00  8.1577E-02  2.9902E-01
 -1.4509E+00 -1.4747E-01 -5.8895E-01  8.0816E-02  3.0755E-01
  8.4219E-01  6.1718E-02 -1.3269E+00  8.0816E-02  3.0755E-01
  1.3868E+00  8.1551E-02  7.2099E-01  8.0435E-02  3.1193E-01
 -7.0941E-01 -4.5359E-02 -1.3944E+00  8.0435E-02  3.1193E-01
  1.5468E+00  1.7567E-01 -1.6156E-01  8.0435E-02  3.1193E-01
 -1.4167E-01  2.0529E-02 -1.5508E+00  8.0055E-02  3.1640E-01
  1.1791E+00  1.4201E-01 -1.0075E+00  8.0055E-02  3.1640E-01
  1.5556E+00  6.9043E-02  2.8630E-02  8.0055E-02  3.1640E-01
  1.4351E+00  1.3243E-02  5.8497E-01  7.9674E-02  3.2096E-01
 -1.3181E+00 -8.0516E-02  8.1107E-01  7.9674E-02  3.2096E-01
 -1.4527E+00 -4.2563E-02 -5.1577E-01  7.9293E-02  3.2561E-01
 -1.3730E+00  1.3355E-01 -6.8944E-01  7.9293E-02  3.2561E-01
  1.5084E+00 -7.8828E-02 -3.1128E-01  7.9293E-02  3.2561E-01
 -2.2585E-01  1.8587E-01 -1.5142E+00  7.9293E-02  3.2561E-01
  1.5240E+00  1.1249E-01 -1.4006E-01  7.8913E-02  3.3034E-01
  1.3769E+00 -9.0134E-02 -6.1820E-01  7.7771E-02  3.4511E-01
  1.1065E+00 -1.5243E-01 -1.0081E+00  7.7390E-02  3.5022E-01
  6.0981E-01 -3.8938E-02 -1.3749E+00  7.7390E-02  3.5022E-01
  1.4814E+00 -1.7450E-01  1.9732E-01  7.7390E-02  3.5022E-01
  1.4099E+00 -6.0337E-02  5.2185E-01  7.7390E-02  3.5022E-01
 -1.0952E+00  1.8014E-01 -1.0048E+00  7.7010E-02  3.5544E-01
 -6.6352E-01  7.4201E-02 -1.3401E+00  7.7010E-02  3.5544E-01
  1.2534E+00 -1.2259E-01 -8.0964E-01  7.7010E-02  3.5544E-01
  1.4553E+00  1.6520E-01 -2.7265E-01  7.6629E-02  3.6076E-01
  9.6428E-01  7.9995E-02 -1.1232E+00  7.6248E-02  3.6619E-01
 -6.6270E-01  1.2177E-01 -1.3205E+00  7.6248E-02  3.6619E-01
 -1.3132E+00  1.8045E-01 -6.6384E-01  7.6248E-02  3.6619E-01
  1.3243E+00  7.2291E-02 -6.6236E-01  7.6248E-02  3.6619E-01
  1.2289E+00  1.4510E-01 -8.0312E-01  7.5868E-02  3.7173E-01
 -7.6382E-03 -6.5019E-02 -1.4737E+00  7.5868E-02  3.7173E-01
 -1.2499E+00 -8.9569E-02 -7.7841E-01  7.5868E-02  3.7173E-01
  8.3092E-01 -1.7245E-01 -1.2067E+00  7.5868E-02  3.7173E-01
 -4.8379E-01  4.6323E-02 -1.3852E+00  7.5487E-02  3.7739E-01
  1.4495E+00 -1.1369E-01  2.0234E-01  7.5487E-02  3.7739E-01
 -1.3172E+00  2.4135E-02 -6.3089E-01  7.5106E-02  3.8315E-01
  2.8633E-01  1.0352E-01  1.4286E+00  7.5106E-02  3.8315E-01
 -1.4346E+00 -3.5957E-02  2.7282E-01  7.5106E-02  3.8315E-01
 -1.4320E+00 -1.6672E-01  2.3505E-01  7.5106E-02  3.8315E-01
  2.2928E-01  3.3058E-02  1.4350E+00  7.4726E-02  3.8904E-01
 -1.4439E+00 -1.6347E-01 -3.3922E-02  7.4726E-02  3.8904E-01
  5.3729E-01  1.5149E-01  1.3421E+00  7.4726E-02  3.8904E-01
  1.4437E+00  1.1489E-01  1.2434E-01  7.4726E-02  3.8904E-01
 -1.3513E+00  4.6178E-02  5.1372E-01  7.4345E-02  3.9504E-01
  1.1397E+00  6.7616E-02  8.8804E-01  7.4345E-02  3.9504E-01
  1.2780E+00 -1.6029E-01  6.4237E-01  7.3965E-02  4.0117E-01
 -8.1656E-01 -4.4901E-02  1.1844E+00  7.3965E-02  4.0117E-01
 -7.9156E-01 -1.1520E-01  1.1966E+00  7.3965E-02  4.0117E-01
 -2.5851E-01  8.9568E-02  1.4131E+00  7.3965E-02  4.0117E-01
  6.6461E-01 -4.2586E-02 -1.2680E+00  7.3584E-02  4.0743E-01
 -1.2669E+00 -1.5908E-01 -6.3321E-01  7.3203E-02  4.1382E-01
  2.8816E-01  4.0230E-02  1.3952E+00  7.3203E-02  4.1382E-01
  3.8727E-02 -5.9152E-02 -1.4235E+00  7.3203E-02  4.1382E-01
 -8.1200E-01 -2.6309E-02 -1.1710E+00  7.3203E-02  4.1382E-01
 -8.0131E-01 -8.0599E-02  1.1759E+00  7.3203E-02  4.1382E-01
  7.2811E-01  1.0860E-01 -1.2122E+00  7.2822E-02  4.2035E-01
 -3.7496E-01  1.3220E-01 -1.3614E+00  7.2822E-02  4.2035E-01
  1.1040E+00  1.2470E-01 -8.7036E-01  7.2442E-02  4.2701E-01
  1.1774E+00  9.2716E-04 -7.7812E-01  7.2442E-02  4.2701E-01
 -7.9956E-01  7.5298E-02 -1.1605E+00  7.2442E-02  4.2701E-01
 -1.3951E+00 -1.5030E-01  1.5130E-01  7.2442E-02  4.2701E-01
  8.3433E-01 -5.8265E-02 -1.1282E+00  7.2061E-02  4.3381E-01
  1.0863E-01 -3.0178E-02  1.3999E+00  7.2061E-02  4.3381E-01
 -1.1194E+00 -1.7027E-01 -8.3083E-01  7.2061E-02  4.3381E-01
  6.9938E-01 -3.6048E-02 -1.2094E+00  7.1680E-02  4.4076E-01
  4.9504E-01 -6.2365E-02  1.3054E+00  7.1680E-02  4.4076E-01
 -9.8216E-01  1.3389E-01 -9.8518E-01  7.1680E-02  4.4076E-01
  8.9567E-01 -1.3974E-01 -1.0637E+00  7.1680E-02  4.4076E-01
  1.3394E+00  5.4652E-02 -3.7032E-01  7.1300E-02  4.4786E-01
  3.3153E-01 -5.2971E-02 -1.3496E+00  7.1300E-02  4.4786E-01
  1.1131E+00  1.7994E-02 -8.2227E-01  7.0919E-02  4.5511E-01
 -1.1611E+00  1.7319E-01  7.2021E-01  7.0538E-02  4.6253E-01
  1.0694E-01  7.7330E-02  1.3709E+00  7.0538E-02  4.6253E-01
  7.3948E-01 -1.0598E-03  1.1539E+00  7.0157E-02  4.7010E-01
 -1.1222E+00  2.1160E-02 -7.7490E-01  6.9776E-02  4.7784E-01
 -1.3590E+00  1.2768E-02  1.1480E-01  6.9776E-02  4.7784E-01
  6.0746E-01 -1.3184E-01  1.2066E+00  6.9395E-02  4.8575E-01
  1.2421E+00 -3.0284E-02  5.4630E-01  6.9395E-02  4.8575E-01
 -1.3012E+00  4.5100E-02  3.5953E-01  6.9014E-02  4.9384E-01
 -1.0385E+00  1.0615E-01  8.5713E-01  6.9014E-02  4.9384E-01
  1.3431E+00  1.5058E-02  1.4237E-01  6.9014E-02  4.9384E-01
  1.1218E+00  1.0735E-01 -7.4476E-01  6.9014E-02  4.9384E-01
  5.6013E-01  1.3562E-01 -1.2144E+00  6.8633E-02  5.0211E-01
  1.1555E+00  1.7816E-01 -6.6343E-01  6.8633E-02  5.0211E-01
  2.3424E-01 -2.4052E-03 -1.3237E+00  6.8633E-02  5.0211E-01
 -1.3350E+00 -7.9888E-02  3.1909E-02  6.8252E-02  5.1057E-01
  1.2144E+00  2.1708E-02 -5.6070E-01  6.8252E-02  5.1057E-01
  1.1785E+00 -1.4283E-01 -5.8851E-01  6.7489E-02  5.2808E-01
  1.3198E+00 -1.1045E-01  3.9531E-02  6.7489E-02  5.2808E-01
 -9.1165E-01 -1.2533E-01 -9.5330E-01  6.7489E-02  5.2808E-01
  8.4873E-01 -8.6337E-02 -1.0055E+00  6.7108E-02  5.3713E-01
 -1.3022E+00  1.3029E-01  1.6168E-01  6.7108E-02  5.3713E-01
  5.2323E-01 -1.2818E-01 -1.1967E+00  6.6726E-02  5.4640E-01
  1.2693E+00 -3.4187E-02 -3.3195E-01  6.6726E-02  5.4640E-01
 -1.0007E+00 -1.5654E-01  8.3450E-01  6.6726E-02  5.4640E-01
  1.2177E+00  3.7442E-02  4.7112E-01  6.6345E-02  5.5588E-01
 -1.1003E+00  1.0681E-01 -6.9574E-01  6.6345E-02  5.5588E-01
  7.9493E-01  1.2878E-01 -1.0284E+00  6.6345E-02  5.5588E-01
 -7.0209E-01 -1.1685E-01 -1.0878E+00  6.5963E-02  5.6559E-01
 -9.6733E-01 -1.5588E-01 -8.5435E-01  6.5963E-02  5.6559E-01
  1.2338E+00  1.1660E-01 -3.9266E-01  6.5963E-02  5.6559E-01
 -1.2808E+00  6.0750E-02 -2.1387E-01  6.5963E-02  5.6559E-01
  2.2452E-01  7.5489E-02 -1.2782E+00  6.5963E-02  5.6559E-01
  9.8976E-01 -1.4486E-01  8.3026E-01  6.5963E-02  5.6559E-01
 -4.7985E-01 -1.2641E-01 -1.1949E+00  6.5581E-02  5.7553E-01
  8.4656E-01 -1.0724E-01  9.7255E-01  6.5581E-02  5.7553E-01
  3.1950E-01 -1.4112E-01  1.2395E+00  6.5199E-02  5.8571E-01
  1.0785E+00 -1.1181E-01 -6.9475E-01  6.5199E-02  5.8571E-01
  2.1040E-01  1.4239E-01 -1.2624E+00  6.5199E-02  5.8571E-01
 -2.3778E-01 -1.5365E-01 -1.2501E+00  6.4817E-02  5.9614E-01
  9.6592E-01 -1.4944E-01 -8.2914E-01  6.4817E-02  5.9614E-01
 -8.9093E-01  2.9784E-02  9.2096E-01  6.4817E-02  5.9614E-01
 -3.1986E-01  1.3394E-01 -1.2277E+00  6.4434E-02  6.0681E-01
  7.4051E-01 -4.5556E-02  1.0378E+00  6.4434E-02  6.0681E-01
 -7.9946E-01 -1.2441E-01 -9.8636E-01  6.4434E-02  6.0681E-01
 -1.0384E+00  2.9695E-02 -7.4056E-01  6.4434E-02  6.0681E-01
 -6.3341E-01  9.8084E-02  1.1030E+00  6.4434E-02  6.0681E-01
 -2.5348E-01  2.1940E-03 -1.2442E+00  6.4051E-02  6.1776E-01
  1.2257E+00 -1.4554E-01 -2.9807E-01  6.4051E-02  6.1776E-01
 -1.2254E+00  1.6251E-01  2.6352E-01  6.3669E-02  6.2897E-01
 -1.1736E+00 -8.2923E-02 -4.6189E-01  6.3669E-02  6.2897E-01
 -2.1727E-02  2.8994E-02  1.2576E+00  6.3285E-02  6.4046E-01
 -8.8964E-01  4.5950E-02 -8.8838E-01  6.3285E-02  6.4046E-01
 -6.3730E-01  2.7213E-02 -1.0777E+00  6.2902E-02  6.5224E-01
  1.0033E+00 -6.5241E-02  7.4666E-01  6.2902E-02  6.5224E-01
 -9.9467E-01  8.9646E-02 -7.5557E-01  6.2902E-02  6.5224E-01
  1.1385E+00  1.3332E-01 -4.8996E-01  6.2518E-02  6.6433E-01
 -1.1467E+00 -4.4877E-02  4.8690E-01  6.2518E-02  6.6433E-01
 -9.9200E-01  3.4525E-02 -7.5414E-01  6.2518E-02  6.6433E-01
  2.5399E-01  9.7189E-02 -1.2107E+00  6.2134E-02  6.7672E-01
  5.1675E-02  3.0548E-02 -1.2395E+00  6.2134E-02  6.7672E-01
 -5.7503E-01 -6.0075E-02 -1.0916E+00  6.1750E-02  6.8943E-01
  8.0168E-01 -1.0335E-01  9.3412E-01  6.1750E-02  6.8943E-01
  8.3142E-01  1.2126E-01 -9.0553E-01  6.1750E-02  6.8943E-01
  1.2114E+00 -6.5314E-02 -2.3273E-01  6.1750E-02  6.8943E-01
 -1.1934E+00  8.7800E-02  2.8350E-01  6.1365E-02  7.0248E-01
  1.1002E+00 -1.5619E-01  5.2665E-01  6.1365E-02  7.0248E-01
  2.4357E-01  1.3933E-01  1.1973E+00  6.1365E-02  7.0248E-01
 -1.1986E+00 -3.4961E-02 -2.7255E-01  6.1365E-02  7.0248E-01
  1.0615E+00 -1.3732E-01  5.9424E-01  6.0980E-02  7.1587E-01
 -4.6159E-01 -8.0308E-02 -1.1310E+00  6.0980E-02  7.1587E-01
  1.0647E+00  6.6824E-02 -6.0053E-01  6.0980E-02  7.1587E-01
  3.8359E-01 -6.3676E-02  1.1608E+00  6.0980E-02  7.1587E-01
 -1.5800E-01  4.7100E-02 -1.2131E+00  6.0980E-02  7.1587E-01
 -6.1787E-01 -7.1821E-02  1.0481E+00  6.0595E-02  7.2962E-01
  1.1869E+00  1.7842E-01  2.1168E-01  6.0595E-02  7.2962E-01
 -1.0626E+00  1.1519E-01 -5.8562E-01  6.0595E-02  7.2962E-01
  7.5095E-01  1.7343E-01  9.4412E-01  6.0595E-02  7.2962E-01
  1.1591E+00  1.5696E-01 -3.4235E-01  6.0595E-02  7.2962E-01
  9.4301E-01 -6.6809E-02 -7.6917E-01  6.0595E-02  7.2962E-01
 -1.1208E+00  4.8360E-02 -4.6228E-01  6.0209E-02  7.4374E-01
  5.9758E-01  1.2188E-01  1.0489E+00  6.0209E-02  7.4374E-01
 -8.2819E-01 -1.8190E-01  8.6789E-01  6.0209E-02  7.4374E-01
  1.1965E+00  1.2716E-02  1.6571E-01  5.9822E-02  7.5825E-01
 -1.1192E+00  1.2933E-02  4.5446E-01  5.9822E-02  7.5825E-01
 -4.3249E-01 -1.0009E-01  1.1235E+00  5.9822E-02  7.5825E-01
  1.1778E+00 -1.4636E-02  2.6809E-01  5.9822E-02  7.5825E-01
  6.6431E-01  1.2529E-01 -9.9474E-01  5.9436E-02  7.7315E-01
  1.1432E+00 -1.4159E-01 -3.4581E-01  5.9436E-02  7.7315E-01
  2.6561E-01  8.2854E-02 -1.1701E+00  5.9436E-02  7.7315E-01
 -3.1429E-01 -1.0055E-01  1.1566E+00  5.9436E-02  7.7315E-01
 -8.3748E-01  2.2242E-03 -8.6322E-01  5.9436E-02  7.7315E-01
 -1.1959E+00  1.2565E-01 -2.1814E-02  5.9436E-02  7.7315E-01
  1.1969E+00  3.6337E-02 -7.5332E-04  5.9048E-02  7.8847E-01
  2.9102E-01  6.5634E-02 -1.1597E+00  5.9048E-02  7.8847E-01
 -5.7526E-01  1.3521E-01  1.0415E+00  5.9048E-02  7.8847E-01
 -8.4128E-01 -1.6684E-01 -8.3569E-01  5.9048E-02  7.8847E-01
 -3.2600E-01 -7.4363E-02  1.1498E+00  5.9048E-02  7.8847E-01
 -9.9103E-01  1.4116E-01  6.5718E-01  5.9048E-02  7.8847E-01
  1.4510E-01 -6.1218E-02  1.1871E+00  5.9048E-02  7.8847E-01
 -1.1044E+00 -2.5462E-02 -4.3473E-01  5.8271E-02  8.2042E-01
 -8.3697E-01 -8.1872E-02  8.3797E-01  5.8271E-02  8.2042E-01
  1.0960E+00  8.6974E-02 -4.4785E-01  5.8271E-02  8.2042E-01
 -8.2628E-01 -4.5115E-02  8.5126E-01  5.8271E-02  8.2042E-01
 -7.0562E-01  7.7341E-02 -9.4527E-01  5.7882E-02  8.3709E-01
 -1.1599E+00  1.8377E-01  1.3526E-01  5.7882E-02  8.3709E-01
  1.1076E+00  4.6625E-04  4.1317E-01  5.7882E-02  8.3709E-01
 -1.0767E+00 -1.0421E-01  4.6427E-01  5.7492E-02  8.5424E-01
  1.0556E+00  1.2113E-01 -5.0662E-01  5.7492E-02  8.5424E-01
  1.8398E-01 -1.3711E-01 -1.1495E+00  5.7101E-02  8.7190E-01
  1.1023E-02 -1.0146E-01 -1.1628E+00  5.6710E-02  8.9009E-01
  1.7707E-01 -1.2750E-01  1.1467E+00  5.6710E-02  8.9009E-01
 -5.0804E-01 -7.9676E-02  1.0479E+00  5.6710E-02  8.9009E-01
 -1.8795E-01  7.9852E-02  1.1493E+00  5.6710E-02  8.9009E-01
 -1.1169E+00  1.8123E-01  2.6643E-01  5.6317E-02  9.0882E-01
 -1.1530E+00 -9.5260E-02 -4.3968E-02  5.5924E-02  9.2814E-01
  1.3290E-01 -2.8922E-02  1.1497E+00  5.5924E-02  9.2814E-01
  1.0089E+00  4.1221E-02 -5.6628E-01  5.5924E-02  9.2814E-01
 -5.8070E-01 -1.8542E-01  9.7870E-01  5.5530E-02  9.4805E-01
 -1.0084E+00 -1.3576E-01 -5.4231E-01  5.5530E-02  9.4805E-01
 -1.1247E+00 -1.2390E-01  1.9615E-01  5.5134E-02  9.6859E-01
 -5.6731E-01 -1.4255E-01  9.8823E-01  5.5134E-02  9.6859E-01
 -1.0928E-01  1.6949E-01  1.1305E+00  5.5134E-02  9.6859E-01
 -1.0802E+00  1.8051E-01 -3.3005E-01  5.4738E-02  9.8980E-01
 -2.7927E-01  1.6191E-01 -1.0973E+00  5.4738E-02  9.8980E-01
  1.0976E+00 -1.7774E-01 -2.4833E-01  5.4340E-02  1.0117E+00
 -1.4217E-01 -2.2498E-02  1.1302E+00  5.4340E-02  1.0117E+00
  3.6839E-01  9.4841E-02 -1.0739E+00  5.4340E-02  1.0117E+00
 -1.0967E+00 -5.8743E-02 -3.0303E-01  5.4340E-02  1.0117E+00
  9.2549E-01  1.6539E-01 -6.2772E-01  5.3541E-02  1.0577E+00
  5.1297E-01  4.7843E-02 -1.0062E+00  5.3541E-02  1.0577E+00
 -1.1167E+00  1.5305E-01  8.6845E-02  5.3541E-02  1.0577E+00
 -4.8414E-01  9.5871E-02 -1.0122E+00  5.3139E-02  1.0818E+00
 -9.4605E-01  1.3869E-01  5.9491E-01  5.3139E-02  1.0818E+00
 -2.0285E-02 -4.3361E-03 -1.1259E+00  5.3139E-02  1.0818E+00
 -8.2793E-01  1.5644E-01  7.4714E-01  5.3139E-02  1.0818E+00
  5.5742E-01 -7.3127E-02  9.7084E-01  5.2736E-02  1.1068E+00
  8.4689E-01  9.4765E-02 -7.2965E-01  5.2736E-02  1.1068E+00
 -3.3919E-01  6.2813E-03  1.0693E+00  5.2736E-02  1.1068E+00
 -1.1144E+00  8.8213E-02 -9.4241E-02  5.2736E-02  1.1068E+00
 -1.0932E+00 -3.1682E-02 -2.4993E-01  5.2736E-02  1.1068E+00
 -9.9477E-01  2.2082E-02  5.0906E-01  5.2331E-02  1.1327E+00
 -1.0347E+00  8.3625E-02 -4.1421E-01  5.2331E-02  1.1327E+00
 -4.8696E-01  1.0133E-01  1.0009E+00  5.2331E-02  1.1327E+00
 -5.4356E-01 -1.4466E-01  9.6583E-01  5.2331E-02  1.1327E+00
  8.7593E-01 -1.6396E-01  6.7459E-01  5.2331E-02  1.1327E+00
 -1.1127E+00 -9.9564E-02  3.4798E-02  5.2331E-02  1.1327E+00
  7.9403E-01 -5.6842E-02 -7.7865E-01  5.1925E-02  1.1595E+00
 -3.8323E-01  7.7631E-02 -1.0426E+00  5.1925E-02  1.1595E+00
 -9.8849E-01  9.2987E-02 -4.9519E-01  5.1516E-02  1.1873E+00
  5.1696E-01 -4.6877E-03 -9.8169E-01  5.1516E-02  1.1873E+00
  9.7053E-01 -2.3849E-02  5.3710E-01  5.1516E-02  1.1873E+00
  6.1356E-01  1.1080E-01 -9.1290E-01  5.1106E-02  1.2161E+00
 -4.8583E-01  1.3215E-02  9.9294E-01  5.1106E-02  1.2161E+00
 -6.9187E-01  7.3971E-02  8.5906E-01  5.1106E-02  1.2161E+00
 -5.6108E-01  1.5313E-01  9.3552E-01  5.0694E-02  1.2461E+00
 -9.3493E-02  1.9316E-02 -1.0936E+00  5.0279E-02  1.2771E+00
  2.6359E-01  1.2405E-01  1.0584E+00  5.0279E-02  1.2771E+00
  1.1845E-01 -3.6542E-02 -1.0907E+00  5.0279E-02  1.2771E+00
  6.6031E-01 -9.4716E-02 -8.7178E-01  5.0279E-02  1.2771E+00
  1.0902E+00 -3.9865E-03  8.9868E-02  4.9863E-02  1.3094E+00
 -1.4377E-01  1.8177E-01 -1.0691E+00  4.9863E-02  1.3094E+00
  2.3339E-01 -1.6959E-01 -1.0552E+00  4.9863E-02  1.3094E+00
  4.9578E-02 -1.6684E-01 -1.0800E+00  4.9863E-02  1.3094E+00
  3.5383E-01  1.7535E-01 -1.0202E+00  4.9863E-02  1.3094E+00
  3.6189E-01  1.2941E-01  1.0202E+00  4.9444E-02  1.3430E+00
  7.5524E-01  5.7350E-02  7.8413E-01  4.9444E-02  1.3430E+00
 -4.9387E-01  9.7752E-02 -9.6700E-01  4.9444E-02  1.3430E+00
  9.6709E-01  6.2778E-02 -4.9934E-01  4.9444E-02  1.3430E+00
 -1.8707E-01 -2.1928E-03 -1.0740E+00  4.9444E-02  1.3430E+00
  1.0745E+00 -2.4122E-02 -1.5959E-01  4.9022E-02  1.3780E+00
  1.0739E+00 -1.5087E-01 -6.6920E-02  4.9022E-02  1.3780E+00
 -8.9542E-01  5.9730E-02  6.1258E-01  4.9022E-02  1.3780E+00
  1.0108E+00  6.7858E-02 -3.9272E-01  4.9022E-02  1.3780E+00
  9.0313E-01 -1.7989E-01  5.7670E-01  4.9022E-02  1.3780E+00
 -3.0492E-01 -1.0370E-01  1.0340E+00  4.8597E-02  1.4144E+00
  8.3237E-01 -1.7590E-01  6.7010E-01  4.8597E-02  1.4144E+00
  1.0734E+00 -6.6453E-02  3.3716E-02  4.7739E-02  1.4920E+00
 -6.1572E-01 -1.4875E-01 -8.6981E-01  4.7739E-02  1.4920E+00
 -9.2257E-01  7.9531E-02 -5.4804E-01  4.7739E-02  1.4920E+00
 -4.0887E-01 -7.5329E-02 -9.9245E-01  4.7739E-02  1.4920E+00
 -1.2534E-01 -1.4513E-01 -1.0588E+00  4.7739E-02  1.4920E+00
  3.5459E-02 -1.0753E-01 -1.0666E+00  4.7306E-02  1.5334E+00
 -9.2396E-01 -1.1388E-01 -5.3282E-01  4.7306E-02  1.5334E+00
  8.8363E-01 -1.4934E-02 -6.0790E-01  4.7306E-02  1.5334E+00
 -1.0656E+00 -1.0600E-01 -6.1053E-02  4.7306E-02  1.5334E+00
 -3.9225E-01 -1.0177E-01  9.8959E-01  4.6868E-02  1.5768E+00
  9.2853E-01 -3.7315E-02 -5.2910E-01  4.6868E-02  1.5768E+00
 -2.6672E-01  4.4128E-02 -1.0346E+00  4.6868E-02  1.5768E+00
  8.8248E-01 -1.2644E-01 -5.9054E-01  4.6868E-02  1.5768E+00
  1.0619E+00  1.2345E-01  2.3263E-02  4.6868E-02  1.5768E+00
 -8.9865E-01 -7.7746E-02 -5.6832E-01  4.6427E-02  1.6222E+00
  1.0585E+00  5.6297E-02 -1.1448E-01  4.6427E-02  1.6222E+00
  3.7137E-01  1.0125E-01 -9.9082E-01  4.5982E-02  1.6697E+00
  9.1362E-01  1.1429E-01  5.3116E-01  4.5982E-02  1.6697E+00
  5.5978E-01  2.5812E-02 -9.0325E-01  4.5982E-02  1.6697E+00
 -8.9437E-01  1.0253E-01  5.5939E-01  4.5533E-02  1.7196E+00
 -9.6850E-01  1.0095E-01 -4.1852E-01  4.5533E-02  1.7196E+00
  9.4145E-01  1.1545E-01 -4.7295E-01  4.5533E-02  1.7196E+00
 -1.8645E-01  8.9368E-02  1.0364E+00  4.5079E-02  1.7721E+00
 -1.0415E+00  1.5480E-01 -9.1393E-02  4.5079E-02  1.7721E+00
 -8.6627E-01 -1.6570E-01  5.8232E-01  4.5079E-02  1.7721E+00
 -3.3139E-01 -7.9493E-03 -1.0035E+00  4.5079E-02  1.7721E+00
 -7.7663E-01 -3.6317E-02  7.1589E-01  4.5079E-02  1.7721E+00
 -9.8844E-01 -3.8633E-02 -3.7210E-01  4.5079E-02  1.7721E+00
  9.1190E-01 -1.5006E-01  5.1272E-01  4.5079E-02  1.7721E+00
 -7.7017E-01  9.4668E-02  7.1320E-01  4.4620E-02  1.8273E+00
  9.5569E-01  1.7299E-01  4.0927E-01  4.4620E-02  1.8273E+00
 -5.7173E-01 -1.6571E-01 -8.6973E-01  4.4620E-02  1.8273E+00
 -3.7871E-01 -1.1783E-01  9.7646E-01  4.4620E-02  1.8273E+00
  1.0489E+00 -6.3932E-02 -1.9463E-02  4.4156E-02  1.8855E+00
 -3.1298E-01 -9.8855E-03  1.0033E+00  4.4156E-02  1.8855E+00
 -4.3833E-01  1.0803E-02  9.5524E-01  4.4156E-02  1.8855E+00
 -8.1280E-02  1.5010E-01  1.0343E+00  4.3687E-02  1.9469E+00
  5.8529E-01 -3.1909E-02  8.6581E-01  4.3212E-02  2.0119E+00
  9.4309E-01 -1.2746E-01  4.3307E-01  4.3212E-02  2.0119E+00
  5.5013E-01 -7.3645E-02 -8.8608E-01  4.3212E-02  2.0119E+00
 -9.6190E-01 -1.7036E-01  3.7275E-01  4.3212E-02  2.0119E+00
 -1.3034E-01 -1.0588E-01  1.0293E+00  4.2730E-02  2.0806E+00
 -9.6425E-01  1.0711E-02 -3.9724E-01  4.2730E-02  2.0806E+00
  1.0181E+00  7.8020E-02 -2.1225E-01  4.2730E-02  2.0806E+00
 -1.0266E+00  1.1896E-01 -1.4012E-01  4.2730E-02  2.0806E+00
  2.4932E-01  2.6664E-02 -1.0123E+00  4.2730E-02  2.0806E+00
 -2.5979E-02 -7.7219E-02 -1.0372E+00  4.2242E-02  2.1536E+00
 -1.0195E+00 -1.8449E-01 -9.4339E-02  4.2242E-02  2.1536E+00
  6.4447E-01 -8.1767E-02 -8.1260E-01  4.2242E-02  2.1536E+00
  9.3069E-01  1.2603E-01 -4.4754E-01  4.2242E-02  2.1536E+00
  4.3516E-01 -9.7441E-03  9.4493E-01  4.2242E-02  2.1536E+00
 -9.2713E-01  9.3785E-02 -4.5698E-01  4.1747E-02  2.2312E+00
 -9.4910E-01 -5.9442E-02 -4.1577E-01  4.1747E-02  2.2312E+00
  3.9232E-01  7.1697E-02 -9.5820E-01  4.1747E-02  2.2312E+00
  3.1144E-01 -7.0044E-02 -9.8503E-01  4.1244E-02  2.3138E+00
  9.4419E-01 -3.0824E-02  4.2396E-01  4.1244E-02  2.3138E+00
 -1.0149E+00 -1.2049E-01  1.6627E-01  4.1244E-02  2.3138E+00
 -5.9527E-01 -5.5656E-02  8.4257E-01  4.0733E-02  2.4020E+00
  2.9816E-01 -1.2833E-01  9.8082E-01  4.0733E-02  2.4020E+00
  5.5684E-01  1.1022E-01  8.6322E-01  4.0733E-02  2.4020E+00
 -4.5240E-01 -6.3874E-02  9.2662E-01  4.0733E-02  2.4020E+00
  8.7261E-01  9.3652E-02 -5.4082E-01  4.0213E-02  2.4964E+00
  7.0289E-01  1.0607E-01 -7.4659E-01  4.0213E-02  2.4964E+00
 -3.8021E-01 -1.4740E-01  9.4679E-01  4.0213E-02  2.4964E+00
 -8.0424E-01 -9.3926E-02 -6.3451E-01  3.9683E-02  2.5977E+00
  7.8601E-01 -1.0461E-01 -6.5534E-01  3.9683E-02  2.5977E+00
  3.4778E-01 -3.2516E-02  9.6758E-01  3.9683E-02  2.5977E+00
  9.4059E-01 -6.9331E-02 -4.1073E-01  3.9683E-02  2.5977E+00
  4.2616E-01 -1.2028E-01  9.2619E-01  3.9143E-02  2.7067E+00
 -6.7711E-01  1.7788E-01 -7.4809E-01  3.8592E-02  2.8243E+00
 -1.2767E-01 -3.7042E-02 -1.0159E+00  3.8592E-02  2.8243E+00
  1.0084E+00 -1.6419E-01 -4.3658E-02  3.8029E-02  2.9517E+00
  1.9781E-01 -1.2140E-01  9.9594E-01  3.8029E-02  2.9517E+00
  8.8696E-01  1.4730E-01  4.8720E-01  3.8029E-02  2.9517E+00
 -7.4578E-01 -1.8067E-01 -6.7597E-01  3.8029E-02  2.9517E+00
  3.0028E-01 -1.8170E-02 -9.7542E-01  3.7452E-02  3.0900E+00
 -7.8782E-01 -9.6100E-02 -6.4192E-01  3.7452E-02  3.0900E+00
  5.8319E-01  1.6155E-01  8.2203E-01  3.7452E-02  3.0900E+00
  1.0134E+00  1.2212E-01 -9.9689E-03  3.7452E-02  3.0900E+00
  6.9894E-01  1.5784E-01  7.2448E-01  3.6862E-02  3.2409E+00
  7.1157E-01 -1.5686E-01 -7.1229E-01  3.6862E-02  3.2409E+00
 -9.9883E-01 -1.8211E-01 -8.6422E-02  3.6862E-02  3.2409E+00
  5.3556E-01 -8.8901E-02 -8.6028E-01  3.6256E-02  3.4062E+00
 -9.3422E-01  2.1015E-02 -4.0200E-01  3.6256E-02  3.4062E+00
  1.6625E-01  5.4062E-02 -1.0005E+00  3.5633E-02  3.5880E+00
 -1.0074E+00  1.2353E-01  3.5975E-02  3.5633E-02  3.5880E+00
 -9.7847E-01 -9.6164E-02 -2.5465E-01  3.5633E-02  3.5880E+00
  4.4694E-01 -6.8378E-02 -9.0771E-01  3.4991E-02  3.7890E+00
 -1.0885E-01  1.6868E-02  1.0081E+00  3.4991E-02  3.7890E+00
 -8.4057E-01  3.9260E-02 -5.6328E-01  3.4329E-02  4.0125E+00
  1.8500E-01  1.1787E-01 -9.8856E-01  3.4329E-02  4.0125E+00
  9.9777E-01  1.3565E-01  9.2818E-02  3.3644E-02  4.2626E+00
 -9.3342E-01  9.4966E-02 -3.7720E-01  3.3644E-02  4.2626E+00
 -5.6154E-01  1.3231E-01  8.3050E-01  3.3644E-02  4.2626E+00
  9.8498E-01  8.5337E-02  2.1236E-01  3.3644E-02  4.2626E+00
  1.3347E-01  1.0375E-01 -9.9566E-01  3.2934E-02  4.5444E+00
 -5.7478E-01 -1.5749E-01  8.1532E-01  3.2934E-02  4.5444E+00
  8.4859E-01  9.1174E-02 -5.3991E-01  3.2934E-02  4.5444E+00
  5.9338E-01  2.7757E-02 -8.1673E-01  3.2934E-02  4.5444E+00
 -9.9736E-01  5.2756E-03 -1.5864E-01  3.2934E-02  4.5444E+00
 -5.3378E-01 -4.7173E-02  8.5457E-01  3.2195E-02  4.8645E+00
 -5.5681E-01  1.1832E-01 -8.3270E-01  3.2195E-02  4.8645E+00
  6.7773E-01  8.9845E-02 -7.4165E-01  3.2195E-02  4.8645E+00
 -4.8809E-01  1.6874E-01  8.6645E-01  3.2195E-02  4.8645E+00
  9.9073E-01  1.3856E-01 -1.1991E-01  3.1425E-02  5.2312E+00
  6.9709E-01 -1.3166E-01 -7.1544E-01  3.1425E-02  5.2312E+00
 -3.3016E-01 -1.3465E-01 -9.4119E-01  3.0618E-02  5.6557E+00
  9.6547E-01 -1.6612E-01  2.3073E-01  3.0618E-02  5.6557E+00
  9.6049E-01  8.9615E-03  2.9727E-01  2.9770E-02  6.1530E+00
  5.1657E-01 -3.1684E-02  8.6205E-01  2.9770E-02  6.1530E+00
  9.8212E-01  1.5083E-01  1.4781E-01  2.8874E-02  6.7438E+00
 -6.3142E-01  9.6790E-03 -7.8127E-01  2.8874E-02  6.7438E+00
 -9.7386E-01 -1.0874E-02  2.4626E-01  2.8874E-02  6.7438E+00
  2.3344E-01  1.8032E-01 -9.6029E-01  2.8874E-02  6.7438E+00
 -3.3073E-01  1.7327E-01 -9.3261E-01  2.8874E-02  6.7438E+00
 -9.9746E-01  1.1882E-01  1.1287E-02  2.8874E-02  6.7438E+00
  9.8114E-01  1.8404E-01 -1.0488E-01  2.7921E-02  7.4574E+00
  7.7370E-01  8.8286E-02 -6.3333E-01  2.7921E-02  7.4574E+00
 -9.9017E-01  7.3338E-02 -1.4215E-01  2.6903E-02  8.3369E+00
 -8.8995E-01 -7.1227E-02 -4.5709E-01  2.6903E-02  8.3369E+00
  2.0943E-02  3.7953E-02 -1.0014E+00  2.5804E-02  9.4481E+00
 -2.1582E-01 -9.0318E-02  9.7466E-01  2.5804E-02  9.4481E+00
 -7.3627E-01  4.7166E-02 -6.7852E-01  2.5804E-02  9.4481E+00
  9.8421E-01 -1.8077E-01 -4.6797E-02  2.4606E-02  1.0897E+01
  5.5855E-01 -3.2704E-03 -8.3159E-01  2.4606E-02  1.0897E+01
 -7.2699E-01 -2.7125E-02  6.8868E-01  2.4606E-02  1.0897E+01
  8.6772E-01  9.5078E-02  4.9149E-01  2.4606E-02  1.0897E+01
  2.0031E-01 -7.6503E-02 -9.7855E-01  2.4606E-02  1.0897E+01
  7.7687E-01  9.9774E-02 -6.2454E-01  2.4606E-02  1.0897E+01
  9.4680E-01  1.3399E-01  2.9691E-01  2.3280E-02  1.2866E+01
  9.7949E-01  1.4132E-01 -1.4948E-01  2.1787E-02  1.5696E+01
  3.7652E-01 -4.6839E-02 -9.2615E-01  2.1787E-02  1.5696E+01
 -2.6488E-01  8.8126E-02 -9.6114E-01  2.1787E-02  1.5696E+01
 -3.9865E-01  1.2556E-01  9.0941E-01  2.1787E-02  1.5696E+01
  9.3000E-01 -4.9581E-02 -3.6655E-01  2.1787E-02  1.5696E+01
 -4.3979E-01  1.2492E-01 -8.8996E-01  2.0058E-02  2.0115E+01
 -8.6270E-01  1.0203E-01 -4.9636E-01  2.0058E-02  2.0115E+01
  6.1151E-01  1.1254E-01 -7.8354E-01  1.7969E-02  2.7981E+01
  4.1401E-01  1.5531E-01  8.9723E-01  1.7969E-02  2.7981E+01
 -3.4540E-02 -6.2960E-02 -9.9769E-01  1.7969E-02  2.7981E+01
 -3.0791E-01  1.1857E-01  9.4428E-01  1.7969E-02  2.7981E+01
 -9.9359E-01  1.1473E-01 -1.2078E-02  1.7969E-02  2.7981E+01
