0.86646857142858D+01       610
(x,y,z) position of the X-ray source
  0.1796E+01 -0.5915E-02 -0.1129E+00
x | y | z | R | rho
 -8.8929E-01 -3.9700E-01  9.8209E+00  3.1960E-01  4.9727E-03
  4.6820E-01 -5.8559E-02  8.5720E+00  2.9041E-01  6.6276E-03
  2.9002E-01 -2.7098E-01  9.6523E+00  3.1495E-01  5.1962E-03
  1.0959E+00  2.1527E-01  8.7573E+00  2.9605E-01  6.2562E-03
 -1.1057E+00 -2.6458E-01  8.3818E+00  2.8746E-01  6.8341E-03
 -2.0487E+00 -4.9309E-02  7.8502E+00  2.7931E-01  7.4495E-03
  1.8194E+00  1.7772E-01  7.3676E+00  2.6676E-01  8.5511E-03
 -4.2129E-01  2.8151E-01  8.8630E+00  2.9719E-01  6.1847E-03
 -1.8322E-01 -5.5678E-03  8.5300E+00  2.8917E-01  6.7131E-03
 -7.3776E-01 -1.7017E-01  9.6053E+00  3.1438E-01  5.2243E-03
  1.7930E+00  2.4088E-01  8.2296E+00  2.8670E-01  6.8885E-03
  5.8802E-01  9.1572E-02  9.3643E+00  3.0872E-01  5.5172E-03
 -6.9145E-01 -2.1770E-01  8.2830E+00  2.8408E-01  7.0809E-03
  4.8997E-01  1.5172E-01  9.1539E+00  3.0384E-01  5.7870E-03
 -1.6986E+00 -2.1805E-01  8.1759E+00  2.8499E-01  7.0132E-03
  3.2312E-01  2.3934E-01  8.8264E+00  2.9622E-01  6.2455E-03
 -4.7404E-02  3.4521E-01  7.6763E+00  2.6902E-01  8.3374E-03
  2.5562E-01 -3.3256E-01  9.9109E+00  3.2072E-01  4.9206E-03
 -2.7339E-01  1.2470E-02  7.5296E+00  2.6539E-01  8.6847E-03
  2.2477E-01 -3.5099E-03  7.4596E+00  2.6364E-01  8.8587E-03
 -1.1299E+00  1.9411E-01  7.3502E+00  2.6306E-01  8.9178E-03
  6.2190E-01  1.9286E-01  7.3746E+00  2.6218E-01  9.0076E-03
  3.2871E-01  1.6070E-01  7.2035E+00  2.5748E-01  9.5094E-03
  1.5102E+00 -3.2100E-01  6.8752E+00  2.5335E-01  9.9827E-03
  6.6202E-01  1.7192E-01  6.6203E+00  2.4349E-01  1.1245E-02
 -1.3839E+00 -1.5657E-01  6.4961E+00  2.4319E-01  1.1286E-02
 -8.7118E-01  3.2715E-01  6.5305E+00  2.4199E-01  1.1456E-02
  2.1157E-01  9.5560E-02  6.4743E+00  2.3896E-01  1.1896E-02
 -3.0310E-01 -1.9118E-01  6.4568E+00  2.3866E-01  1.1942E-02
  1.8939E+00  2.2233E-01  6.1175E+00  2.3714E-01  1.2172E-02
 -1.3877E-01 -2.6401E-01  6.3655E+00  2.3623E-01  1.2314E-02
  1.5575E+00 -2.3460E-01  6.1626E+00  2.3593E-01  1.2362E-02
  1.2609E+00 -2.2892E-02  6.1145E+00  2.3287E-01  1.2854E-02
 -4.6299E-01  1.1460E-01  5.8959E+00  2.2424E-01  1.4396E-02
  2.0154E+00  2.5182E-01  5.4933E+00  2.2269E-01  1.4699E-02
  9.9163E-01  1.7831E-01  5.6155E+00  2.1863E-01  1.5533E-02
 -4.5960E-01  1.0373E-01  5.5224E+00  2.1423E-01  1.6510E-02
 -1.5991E-01 -1.3979E-02  5.5053E+00  2.1329E-01  1.6731E-02
  1.5938E+00 -1.6970E-01  5.1118E+00  2.0916E-01  1.7740E-02
 -1.0184E+00  1.9925E-01  5.2439E+00  2.0885E-01  1.7821E-02
  6.5430E-01 -1.8763E-01  5.2672E+00  2.0789E-01  1.8068E-02
  2.9075E-01 -7.9101E-02  5.3024E+00  2.0789E-01  1.8068E-02
  1.5752E+00  7.2323E-02  4.7331E+00  1.9889E-01  2.0632E-02
 -6.0436E-01  1.4871E-01  4.9267E+00  1.9825E-01  2.0834E-02
 -6.6542E-01 -1.4863E-01  4.8957E+00  1.9760E-01  2.1040E-02
  1.8331E+00 -2.2225E-01  4.5728E+00  1.9727E-01  2.1144E-02
  1.1236E-01  1.4450E-01  4.9281E+00  1.9727E-01  2.1144E-02
 -1.3733E+00  1.2004E-01  4.6634E+00  1.9532E-01  2.1784E-02
  1.6267E+00  1.1510E-01  4.4480E+00  1.9173E-01  2.3032E-02
 -8.2031E-01  2.4840E-01  4.6362E+00  1.9107E-01  2.3270E-02
 -8.8150E-01 -1.1513E-01  4.5260E+00  1.8811E-01  2.4386E-02
 -7.3428E-01  1.8999E-01  4.4693E+00  1.8580E-01  2.5308E-02
  2.7205E-01 -1.0612E-01  4.4898E+00  1.8481E-01  2.5719E-02
  1.1427E+00 -2.3004E-01  4.2404E+00  1.8181E-01  2.7010E-02
  1.3208E+00 -6.4248E-02  4.1115E+00  1.7948E-01  2.8079E-02
  5.3636E-01 -1.1066E-01  4.0471E+00  1.7240E-01  3.1679E-02
 -1.5417E-01 -1.6908E-02  3.9698E+00  1.6900E-01  3.3629E-02
 -2.6268E-01  2.5620E-01  3.8891E+00  1.6695E-01  3.4882E-02
 -8.4292E-01 -3.5945E-02  3.6561E+00  1.6215E-01  3.8079E-02
  8.4244E-01 -2.0356E-01  3.6281E+00  1.6146E-01  3.8570E-02
 -5.1578E-01  2.4812E-02  3.6943E+00  1.6146E-01  3.8570E-02
 -1.1573E+00  6.6099E-02  3.5109E+00  1.6042E-01  3.9323E-02
 -1.8748E+00 -1.2779E-01  3.1206E+00  1.5869E-01  4.0625E-02
  1.9608E+00 -1.9891E-01  2.9593E+00  1.5590E-01  4.2840E-02
 -1.0814E+00  9.3114E-02  3.3630E+00  1.5520E-01  4.3420E-02
  9.5164E-01 -8.8083E-02  3.3458E+00  1.5346E-01  4.4921E-02
  1.1455E+00 -1.9259E-02  3.1712E+00  1.4994E-01  4.8153E-02
 -1.0108E-01 -6.7769E-02  3.3266E+00  1.4853E-01  4.9538E-02
 -1.8969E+00  1.1857E-01  2.7199E+00  1.4818E-01  4.9893E-02
 -1.7509E+00  7.8056E-02  2.7417E+00  1.4606E-01  5.2102E-02
 -6.7390E-01  2.1645E-01  3.1433E+00  1.4499E-01  5.3258E-02
  6.4578E-01  5.3857E-02  3.1236E+00  1.4392E-01  5.4451E-02
 -5.2758E-01  2.1188E-01  3.1175E+00  1.4321E-01  5.5267E-02
 -2.6305E-01  1.4770E-02  3.1154E+00  1.4178E-01  5.6953E-02
 -6.5793E-02 -9.0268E-02  3.1140E+00  1.4143E-01  5.7386E-02
  9.6411E-01 -9.8660E-02  2.9059E+00  1.3964E-01  5.9620E-02
 -1.8479E-02 -1.3046E-01  3.0604E+00  1.3964E-01  5.9620E-02
  1.8255E+00 -5.3343E-02  2.4462E+00  1.3928E-01  6.0082E-02
 -1.1258E+00 -1.7343E-01  2.7531E+00  1.3676E-01  6.3458E-02
  1.0726E+00 -1.2509E-01  2.7432E+00  1.3568E-01  6.4988E-02
 -6.1848E-01  1.2908E-01  2.8264E+00  1.3388E-01  6.7653E-02
 -1.6007E+00  8.7964E-02  2.3995E+00  1.3351E-01  6.8205E-02
 -2.6345E-02  3.9709E-02  2.8750E+00  1.3315E-01  6.8763E-02
  3.3297E-01 -1.1012E-01  2.8435E+00  1.3279E-01  6.9327E-02
  1.0954E+00  2.1241E-01  2.6164E+00  1.3207E-01  7.0476E-02
  4.0418E-01  3.3951E-02  2.7945E+00  1.3134E-01  7.1651E-02
 -1.1534E+00  9.1950E-02  2.5645E+00  1.3098E-01  7.2249E-02
  1.2243E+00  4.4393E-02  2.4756E+00  1.2916E-01  7.5345E-02
 -1.0002E+00 -1.8072E-02  2.5198E+00  1.2733E-01  7.8631E-02
 -8.7214E-01  1.8467E-01  2.5173E+00  1.2587E-01  8.1405E-02
 -1.4452E+00 -1.4313E-01  2.2290E+00  1.2550E-01  8.2120E-02
  1.8834E-02  1.3737E-01  2.6263E+00  1.2440E-01  8.4318E-02
  9.0142E-01 -8.4901E-02  2.4478E+00  1.2367E-01  8.5829E-02
  2.3066E-01  1.3228E-01  2.5660E+00  1.2256E-01  8.8168E-02
 -1.9117E+00 -8.0902E-02  1.7302E+00  1.2256E-01  8.8168E-02
  1.3255E+00 -1.2491E-01  2.1393E+00  1.2035E-01  9.3117E-02
 -9.7058E-01  1.2168E-01  2.3221E+00  1.2035E-01  9.3117E-02
  4.8383E-01  1.5902E-01  2.4677E+00  1.2035E-01  9.3117E-02
 -1.3471E+00  1.4494E-01  2.1245E+00  1.2035E-01  9.3117E-02
 -1.2804E+00  4.2197E-02  2.1466E+00  1.1961E-01  9.4853E-02
  1.7574E+00 -1.5103E-01  1.7010E+00  1.1776E-01  9.9393E-02
 -1.5993E+00 -2.0474E-02  1.8434E+00  1.1739E-01  1.0034E-01
  5.6497E-01 -8.6711E-03  2.3742E+00  1.1739E-01  1.0034E-01
  1.0589E+00  8.7863E-02  2.1971E+00  1.1739E-01  1.0034E-01
 -1.8061E+00  9.4029E-02  1.5796E+00  1.1591E-01  1.0424E-01
 -1.7387E+00  1.8542E-01 -1.6314E+00  1.1554E-01  1.0525E-01
 -5.4493E-01 -1.3307E-01  2.2746E+00  1.1368E-01  1.1050E-01
 -1.3083E+00  1.3708E-01  1.9268E+00  1.1331E-01  1.1159E-01
 -1.8332E+00 -7.2098E-02 -1.4256E+00  1.1293E-01  1.1270E-01
  8.5917E-01  1.0695E-01  2.1560E+00  1.1293E-01  1.1270E-01
  1.5420E+00 -1.1382E-02 -1.6860E+00  1.1144E-01  1.1729E-01
  1.3319E+00  1.4875E-01 -1.8386E+00  1.1107E-01  1.1847E-01
 -1.7722E+00 -1.1696E-01  1.4221E+00  1.1107E-01  1.1847E-01
  1.3197E+00 -1.2778E-01 -1.8371E+00  1.1070E-01  1.1968E-01
  1.8700E+00  1.3420E-01 -1.2377E+00  1.0995E-01  1.2214E-01
  1.3710E+00 -4.1416E-02 -1.7671E+00  1.0957E-01  1.2339E-01
  1.0903E+00  2.2221E-02  1.9313E+00  1.0882E-01  1.2596E-01
  1.2993E+00  1.4442E-01  1.7799E+00  1.0845E-01  1.2727E-01
  1.9130E+00  1.9533E-01  1.0469E+00  1.0770E-01  1.2994E-01
 -1.9138E-02  7.6892E-02  2.1881E+00  1.0770E-01  1.2994E-01
  1.8503E+00 -1.7436E-01 -1.1215E+00  1.0695E-01  1.3269E-01
  1.4081E+00  1.6123E-02 -1.6395E+00  1.0658E-01  1.3410E-01
  1.3219E+00  1.1780E-01 -1.7058E+00  1.0658E-01  1.3410E-01
 -1.0245E+00  4.0916E-03 -1.8923E+00  1.0620E-01  1.3553E-01
  7.8360E-01 -1.0738E-01  1.9912E+00  1.0582E-01  1.3698E-01
 -4.5987E-01 -1.4156E-01  2.0878E+00  1.0582E-01  1.3698E-01
 -1.7617E+00 -1.9611E-01 -1.1867E+00  1.0545E-01  1.3845E-01
  1.9012E+00  1.2597E-01  9.3806E-01  1.0507E-01  1.3994E-01
 -1.8530E+00 -8.5809E-02 -1.0149E+00  1.0470E-01  1.4145E-01
  1.8242E+00 -1.3824E-01  1.0417E+00  1.0432E-01  1.4299E-01
  3.8207E-01 -1.6070E-01  2.0640E+00  1.0432E-01  1.4299E-01
  6.5435E-01 -1.5888E-01  1.9848E+00  1.0394E-01  1.4454E-01
  1.7878E+00  6.6141E-02  1.0560E+00  1.0319E-01  1.4773E-01
 -1.9004E+00 -1.4441E-02  8.1593E-01  1.0281E-01  1.4936E-01
  1.5271E+00 -4.3613E-02  1.3804E+00  1.0244E-01  1.5102E-01
  1.7654E+00 -1.3699E-01  1.0326E+00  1.0206E-01  1.5269E-01
  6.8913E-01  9.7506E-02  1.9280E+00  1.0206E-01  1.5269E-01
 -1.3640E+00 -9.6495E-02  1.5148E+00  1.0168E-01  1.5440E-01
  1.5873E+00  8.3356E-02 -1.2651E+00  1.0131E-01  1.5613E-01
 -1.4899E+00 -1.3349E-01 -1.3746E+00  1.0131E-01  1.5613E-01
  1.6841E+00 -8.6225E-02  1.1328E+00  1.0131E-01  1.5613E-01
 -1.8556E+00  1.9443E-01  7.5637E-01  1.0055E-01  1.5967E-01
 -1.2323E+00 -1.1518E-01 -1.5533E+00  9.9419E-02  1.6519E-01
 -1.1744E+00 -1.6484E-01  1.5706E+00  9.8663E-02  1.6902E-01
 -1.2324E+00 -5.5534E-02  1.5335E+00  9.8663E-02  1.6902E-01
 -9.6917E-01 -7.5737E-02 -1.7112E+00  9.8663E-02  1.6902E-01
  1.4320E+00 -1.1970E-01  1.3184E+00  9.7907E-02  1.7297E-01
  1.6201E+00  9.8578E-02  1.0810E+00  9.7907E-02  1.7297E-01
  1.6538E+00 -1.2090E-01  1.0263E+00  9.7907E-02  1.7297E-01
  1.7081E+00 -7.4344E-02 -9.3802E-01  9.7907E-02  1.7297E-01
 -8.9272E-01  1.1255E-01 -1.7100E+00  9.7150E-02  1.7704E-01
 -1.6792E+00  7.0043E-02 -9.5349E-01  9.7150E-02  1.7704E-01
 -1.8889E+00  6.5248E-02  3.5678E-01  9.6772E-02  1.7912E-01
 -1.9048E+00  1.3747E-01 -2.2864E-01  9.6772E-02  1.7912E-01
  1.6593E+00  7.4499E-02  9.3426E-01  9.6015E-02  1.8340E-01
 -8.9013E-01 -5.3660E-02 -1.6842E+00  9.6015E-02  1.8340E-01
  1.8736E+00 -8.0113E-02  3.3892E-01  9.6015E-02  1.8340E-01
 -1.7039E+00 -3.0738E-02 -8.5289E-01  9.6015E-02  1.8340E-01
 -1.3592E+00  1.7500E-01  1.3115E+00  9.5636E-02  1.8558E-01
  1.8965E+00  3.6318E-02 -1.2785E-03  9.5636E-02  1.8558E-01
 -7.0988E-01  1.2373E-01 -1.7546E+00  9.5636E-02  1.8558E-01
 -1.6616E+00  8.0689E-02  8.9294E-01  9.5257E-02  1.8781E-01
  6.8381E-01  7.8317E-02 -1.7487E+00  9.4878E-02  1.9007E-01
 -1.7517E+00  5.3803E-02  6.5368E-01  9.4499E-02  1.9236E-01
 -1.4821E+00  1.1737E-01 -1.1206E+00  9.4120E-02  1.9470E-01
 -1.5090E+00 -1.0602E-01 -1.0853E+00  9.4120E-02  1.9470E-01
 -1.5251E+00 -3.9314E-04  1.0526E+00  9.3741E-02  1.9707E-01
  3.8335E-02 -1.2308E-01 -1.8486E+00  9.3741E-02  1.9707E-01
  5.1346E-01 -1.2659E-01 -1.7760E+00  9.3741E-02  1.9707E-01
  1.4807E+00 -1.7321E-01 -1.0860E+00  9.3361E-02  1.9948E-01
 -1.2638E+00 -6.2777E-02 -1.3419E+00  9.3361E-02  1.9948E-01
 -1.5159E+00  1.2611E-01 -1.0430E+00  9.3361E-02  1.9948E-01
 -9.3906E-01 -5.3522E-03  1.5874E+00  9.3361E-02  1.9948E-01
 -9.0416E-01  1.2520E-01  1.5927E+00  9.2982E-02  2.0193E-01
 -1.8073E+00 -1.4955E-02  3.2125E-01  9.2982E-02  2.0193E-01
 -8.1998E-02  1.7398E-01 -1.8169E+00  9.2603E-02  2.0443E-01
  1.2618E+00 -1.4866E-01  1.3010E+00  9.2223E-02  2.0696E-01
  1.8072E+00 -7.4929E-02  6.5282E-02  9.1844E-02  2.0954E-01
 -9.1148E-01  1.0410E-01 -1.5502E+00  9.1464E-02  2.1216E-01
  1.6707E+00 -6.4974E-03  6.7335E-01  9.1464E-02  2.1216E-01
  1.6436E+00  2.2119E-02  7.1557E-01  9.1084E-02  2.1482E-01
  1.4700E+00 -1.6547E-01 -1.0129E+00  9.1084E-02  2.1482E-01
  1.5212E+00 -4.3972E-02 -9.4775E-01  9.1084E-02  2.1482E-01
 -1.7497E+00  8.0423E-02 -3.4003E-01  9.0704E-02  2.1753E-01
  6.8269E-01  7.0263E-02 -1.6470E+00  9.0704E-02  2.1753E-01
  9.5578E-01  7.0513E-02  1.5050E+00  9.0704E-02  2.1753E-01
  9.3142E-01  1.0238E-01  1.4985E+00  8.9945E-02  2.2309E-01
 -7.8561E-01  1.3658E-01 -1.5772E+00  8.9945E-02  2.2309E-01
  1.6146E+00 -1.0637E-02  7.1872E-01  8.9945E-02  2.2309E-01
 -1.1889E+00 -8.5877E-02  1.3048E+00  8.9945E-02  2.2309E-01
 -3.3391E-01  1.5904E-01  1.7282E+00  8.9945E-02  2.2309E-01
  1.2975E+00 -7.9219E-02 -1.1848E+00  8.9565E-02  2.2594E-01
  1.2539E+00 -7.7479E-02 -1.2310E+00  8.9565E-02  2.2594E-01
  6.3821E-01  1.0942E-01  1.6354E+00  8.9565E-02  2.2594E-01
 -1.8823E-01  1.7708E-01 -1.7313E+00  8.9185E-02  2.2884E-01
  6.7324E-01 -1.6739E-01  1.5980E+00  8.8805E-02  2.3179E-01
 -1.6417E+00  1.6343E-01 -5.5949E-01  8.8805E-02  2.3179E-01
 -1.6648E+00 -1.0492E-01 -5.0228E-01  8.8805E-02  2.3179E-01
 -1.4493E+00  4.8528E-02 -9.5039E-01  8.8425E-02  2.3479E-01
 -3.6463E-01 -8.3468E-02  1.6929E+00  8.8425E-02  2.3479E-01
  7.3232E-01  1.0334E-01  1.5589E+00  8.8044E-02  2.3785E-01
 -2.5114E-01 -1.3724E-01  1.7015E+00  8.8044E-02  2.3785E-01
 -1.7042E+00  2.7017E-02  2.6877E-01  8.8044E-02  2.3785E-01
 -1.7010E+00  7.4954E-02 -2.7922E-01  8.8044E-02  2.3785E-01
  1.5694E+00 -9.5145E-02  6.9035E-01  8.7664E-02  2.4095E-01
  5.8401E-01 -1.3315E-01 -1.6093E+00  8.7664E-02  2.4095E-01
 -1.5785E+00 -2.8797E-02  6.5402E-01  8.7284E-02  2.4412E-01
  1.1569E+00 -1.2324E-01 -1.2517E+00  8.7284E-02  2.4412E-01
 -3.4560E-01  1.3999E-01  1.6593E+00  8.6904E-02  2.4734E-01
 -1.7365E-01 -1.5108E-02  1.6917E+00  8.6904E-02  2.4734E-01
  1.4616E+00  9.7924E-02 -8.6385E-01  8.6904E-02  2.4734E-01
  5.3575E-01  1.1276E-01 -1.6014E+00  8.6524E-02  2.5061E-01
  7.8457E-01 -1.6785E-01  1.4809E+00  8.6143E-02  2.5395E-01
  1.2692E+00  6.8597E-02 -1.0926E+00  8.5763E-02  2.5734E-01
 -5.2227E-01 -6.7117E-02  1.5912E+00  8.5763E-02  2.5734E-01
  1.5370E+00 -1.2243E-01 -6.3614E-01  8.5382E-02  2.6079E-01
 -1.3470E+00  1.1447E-01 -9.7699E-01  8.5382E-02  2.6079E-01
 -9.6904E-01  6.1641E-02 -1.3462E+00  8.5002E-02  2.6431E-01
 -5.5454E-01 -5.6493E-02 -1.5549E+00  8.4622E-02  2.6789E-01
  1.0841E+00 -1.5241E-01 -1.2369E+00  8.4622E-02  2.6789E-01
  5.8365E-01  2.2726E-02 -1.5365E+00  8.4241E-02  2.7154E-01
 -1.1576E+00  3.1667E-02 -1.1665E+00  8.4241E-02  2.7154E-01
 -1.6215E+00 -7.5232E-02 -2.5892E-01  8.4241E-02  2.7154E-01
 -1.1083E+00 -5.2387E-02 -1.2128E+00  8.4241E-02  2.7154E-01
  4.7706E-01  5.2724E-02  1.5721E+00  8.4241E-02  2.7154E-01
  1.1360E-01 -1.6940E-01 -1.6311E+00  8.4241E-02  2.7154E-01
  5.8785E-01  1.2893E-02  1.5264E+00  8.3861E-02  2.7525E-01
  1.4865E+00 -1.1681E-01  6.7262E-01  8.3861E-02  2.7525E-01
 -1.5639E+00 -4.7625E-02 -4.4905E-01  8.3480E-02  2.7903E-01
  1.6128E+00 -5.1478E-03  2.2012E-01  8.3480E-02  2.7903E-01
  1.6149E+00  1.1696E-01 -4.5927E-02  8.3100E-02  2.8288E-01
  6.4664E-01 -9.8674E-02 -1.4819E+00  8.3100E-02  2.8288E-01
 -1.1700E+00 -1.8301E-01  1.0936E+00  8.2719E-02  2.8681E-01
  1.5982E+00  1.0444E-01 -8.7422E-02  8.2338E-02  2.9080E-01
 -1.2179E+00  1.1824E-01  1.0371E+00  8.2338E-02  2.9080E-01
 -1.3770E+00 -5.1800E-02  8.0569E-01  8.1958E-02  2.9487E-01
  1.0921E+00 -1.3698E-01  1.1560E+00  8.1958E-02  2.9487E-01
 -1.5330E+00 -9.6984E-02  4.3378E-01  8.1958E-02  2.9487E-01
 -1.2006E+00 -5.8090E-02  1.0502E+00  8.1958E-02  2.9487E-01
  6.1107E-01 -1.6400E-01 -1.4569E+00  8.1577E-02  2.9902E-01
  1.7680E-01  2.4426E-02 -1.5783E+00  8.1577E-02  2.9902E-01
  1.5763E+00 -1.0961E-01  3.7089E-02  8.1197E-02  3.0324E-01
  6.3244E-01  1.2830E-03 -1.4485E+00  8.1197E-02  3.0324E-01
 -1.5065E-02 -3.8278E-02  1.5723E+00  8.0816E-02  3.0755E-01
  1.5625E+00 -1.4609E-01 -1.0553E-01  8.0816E-02  3.0755E-01
  5.4330E-01  8.1450E-02 -1.4738E+00  8.0816E-02  3.0755E-01
  1.4760E+00 -3.1841E-02 -5.1950E-01  8.0435E-02  3.1193E-01
  1.5154E+00  2.0068E-02  3.5873E-01  8.0055E-02  3.1640E-01
 -1.8254E-01  1.7072E-01  1.5372E+00  8.0055E-02  3.1640E-01
 -1.5142E+00 -1.0610E-01 -3.4842E-01  8.0055E-02  3.1640E-01
  3.1405E-01 -6.8282E-02 -1.5239E+00  8.0055E-02  3.1640E-01
  1.5334E+00 -1.1912E-01  1.9067E-01  7.9674E-02  3.2096E-01
  1.2784E+00 -4.9834E-02 -8.7470E-01  7.9674E-02  3.2096E-01
 -2.5759E-01  1.0216E-01  1.5248E+00  7.9674E-02  3.2096E-01
  1.4854E+00  9.6481E-02 -4.0327E-01  7.9293E-02  3.2561E-01
  1.4378E+00  3.0049E-03  5.5764E-01  7.9293E-02  3.2561E-01
  7.6078E-02 -1.2073E-01  1.5355E+00  7.9293E-02  3.2561E-01
  6.5712E-01 -1.8172E-01 -1.3833E+00  7.9293E-02  3.2561E-01
  7.0108E-01  5.1943E-02  1.3641E+00  7.8913E-02  3.3034E-01
  1.5006E+00  1.4666E-01 -2.8590E-01  7.8913E-02  3.3034E-01
 -1.4924E+00 -3.0378E-02  3.5601E-01  7.8913E-02  3.3034E-01
 -1.4926E+00 -1.9809E-02  3.2178E-01  7.8532E-02  3.3517E-01
  8.0954E-01 -7.6957E-02 -1.2925E+00  7.8532E-02  3.3517E-01
  6.0323E-01 -1.4197E-01 -1.3956E+00  7.8532E-02  3.3517E-01
  1.0139E+00  8.5527E-02  1.1386E+00  7.8532E-02  3.3517E-01
  1.0108E+00  1.1091E-01  1.1292E+00  7.8152E-02  3.4009E-01
  5.0757E-01  3.9468E-02 -1.4238E+00  7.7771E-02  3.4511E-01
 -1.3494E+00  6.7540E-03 -6.8225E-01  7.7771E-02  3.4511E-01
  1.4562E+00  1.3319E-01 -3.5441E-01  7.7390E-02  3.5022E-01
  1.2931E+00 -9.1465E-02  7.6385E-01  7.7390E-02  3.5022E-01
 -1.7961E-02  8.5491E-03 -1.4971E+00  7.7010E-02  3.5544E-01
 -1.4793E+00  6.6236E-02 -2.2133E-01  7.7010E-02  3.5544E-01
  1.2073E-02 -4.3752E-03  1.4971E+00  7.7010E-02  3.5544E-01
  2.2582E-01  5.5956E-02  1.4716E+00  7.6629E-02  3.6076E-01
  7.6390E-01  6.6455E-02 -1.2773E+00  7.6629E-02  3.6076E-01
  8.9496E-01  6.4766E-02  1.1801E+00  7.6248E-02  3.6619E-01
 -1.4636E+00  1.6780E-01  1.6551E-01  7.6248E-02  3.6619E-01
 -1.1896E+00 -8.5666E-02 -8.6815E-01  7.5868E-02  3.7173E-01
  6.9910E-01  8.5452E-02  1.2962E+00  7.5868E-02  3.7173E-01
  1.3323E+00 -5.0070E-02  6.3138E-01  7.5868E-02  3.7173E-01
 -7.1436E-01 -1.0647E-01 -1.2697E+00  7.5106E-02  3.8315E-01
  1.4294E+00 -4.6904E-02 -2.9719E-01  7.5106E-02  3.8315E-01
  1.3434E+00  1.2022E-01 -5.2249E-01  7.4345E-02  3.9504E-01
  8.3264E-01 -1.3930E-01  1.1745E+00  7.4345E-02  3.9504E-01
  2.8664E-02  7.3877E-02  1.4442E+00  7.4345E-02  3.9504E-01
  6.3669E-01  1.1931E-01  1.2853E+00  7.3965E-02  4.0117E-01
  6.1070E-01 -6.3155E-02  1.2940E+00  7.3584E-02  4.0743E-01
  3.8268E-01  1.1850E-01  1.3751E+00  7.3584E-02  4.0743E-01
  6.1661E-01 -3.9843E-02 -1.2921E+00  7.3584E-02  4.0743E-01
 -1.6998E-01 -1.3412E-02  1.4221E+00  7.3584E-02  4.0743E-01
  1.2006E+00 -9.3083E-02  7.7537E-01  7.3584E-02  4.0743E-01
  1.2928E+00  2.5221E-02 -6.1602E-01  7.3584E-02  4.0743E-01
  9.5499E-01 -4.4578E-03  1.0579E+00  7.3203E-02  4.1382E-01
  1.3457E+00 -1.6986E-01  4.3762E-01  7.3203E-02  4.1382E-01
  1.4044E+00 -1.7360E-01  9.5226E-02  7.2822E-02  4.2035E-01
 -1.9291E-01  1.8187E-01 -1.3862E+00  7.2442E-02  4.2701E-01
 -8.4708E-01  5.9193E-02  1.1273E+00  7.2442E-02  4.2701E-01
 -1.1345E+00  1.5406E-01  8.2517E-01  7.2442E-02  4.2701E-01
  1.1984E+00  2.7328E-02  7.3173E-01  7.2061E-02  4.3381E-01
  7.8464E-01  9.9872E-02 -1.1605E+00  7.2061E-02  4.3381E-01
  1.3505E+00  8.2037E-02 -3.5013E-01  7.1680E-02  4.4076E-01
  1.3622E+00  1.5920E-01 -2.3042E-01  7.1300E-02  4.4786E-01
  7.1138E-01 -7.1493E-02  1.1929E+00  7.1300E-02  4.4786E-01
 -7.3187E-01  1.7436E-01 -1.1616E+00  7.0919E-02  4.5511E-01
  8.2709E-01  1.4101E-01 -1.1006E+00  7.0919E-02  4.5511E-01
  1.2670E+00  1.1358E-01 -5.4516E-01  7.0919E-02  4.5511E-01
 -1.2729E+00  4.2280E-02  5.2412E-01  7.0538E-02  4.6253E-01
 -5.1369E-01  1.7226E-03  1.2706E+00  7.0157E-02  4.7010E-01
  3.2453E-01 -3.4220E-02 -1.3243E+00  6.9776E-02  4.7784E-01
 -1.3567E+00  1.4041E-01 -2.0596E-03  6.9776E-02  4.7784E-01
 -9.5687E-01  1.3994E-01 -9.5241E-01  6.9395E-02  4.8575E-01
 -7.5262E-01 -9.8764E-02  1.1252E+00  6.9395E-02  4.8575E-01
  1.0625E+00 -7.2838E-02 -8.3085E-01  6.9014E-02  4.9384E-01
  7.3259E-01 -5.9431E-02  1.1333E+00  6.9014E-02  4.9384E-01
  1.2196E+00  1.0815E-01  5.7043E-01  6.9014E-02  4.9384E-01
  1.2281E+00 -8.2976E-02  5.4024E-01  6.8633E-02  5.0211E-01
 -1.0367E+00  9.7165E-02  8.5021E-01  6.8633E-02  5.0211E-01
  1.0619E+00 -2.8393E-02 -8.2378E-01  6.8633E-02  5.0211E-01
  1.2887E+00 -1.1223E-01 -3.4085E-01  6.8252E-02  5.1057E-01
 -1.8462E-01  1.6913E-01  1.3076E+00  6.7871E-02  5.1923E-01
 -3.8705E-01 -4.3972E-02  1.2731E+00  6.7871E-02  5.1923E-01
 -1.3092E+00  3.7430E-02 -2.0054E-01  6.7489E-02  5.2808E-01
 -8.7507E-01  1.8296E-01 -9.7794E-01  6.7489E-02  5.2808E-01
 -8.9386E-01  7.3103E-02 -9.7532E-01  6.7489E-02  5.2808E-01
  1.2871E+00  1.7497E-01 -2.6146E-01  6.7489E-02  5.2808E-01
  8.3595E-01 -6.7723E-02  1.0258E+00  6.7489E-02  5.2808E-01
  1.2163E+00 -5.3924E-02  5.0643E-01  6.7108E-02  5.3713E-01
  1.1800E+00 -9.4273E-02  5.8110E-01  6.7108E-02  5.3713E-01
  1.7820E-01  5.9003E-02 -1.3052E+00  6.7108E-02  5.3713E-01
  1.2032E+00  1.3747E-01 -5.2173E-01  6.7108E-02  5.3713E-01
 -1.1798E+00  5.7433E-02  5.4282E-01  6.5963E-02  5.6559E-01
 -5.9749E-01 -7.8864E-02 -1.1518E+00  6.5963E-02  5.6559E-01
 -6.4362E-01  6.8486E-02  1.1274E+00  6.5963E-02  5.6559E-01
 -7.5553E-01 -6.0864E-02 -1.0561E+00  6.5963E-02  5.6559E-01
  3.4360E-01  1.9874E-02  1.2536E+00  6.5963E-02  5.6559E-01
  1.1892E+00 -1.2623E-01 -5.0979E-01  6.5963E-02  5.6559E-01
 -1.1905E+00 -1.3072E-01 -4.8966E-01  6.5581E-02  5.7553E-01
 -4.9751E-01  1.7762E-01  1.1811E+00  6.5581E-02  5.7553E-01
 -1.1712E+00  3.2442E-02 -5.4885E-01  6.5581E-02  5.7553E-01
  1.2049E+00  1.7805E-01 -4.3646E-01  6.5581E-02  5.7553E-01
  1.2775E+00 -1.2964E-01 -1.5881E-01  6.5581E-02  5.7553E-01
 -1.2390E+00  1.7969E-01 -2.7455E-01  6.4817E-02  5.9614E-01
  5.6146E-01 -3.7634E-02  1.1516E+00  6.4817E-02  5.9614E-01
  1.0535E+00  1.2493E-01  7.1920E-01  6.4817E-02  5.9614E-01
 -5.5301E-01 -8.1581E-02  1.1534E+00  6.4817E-02  5.9614E-01
  1.0148E+00 -6.4270E-02 -7.7046E-01  6.4434E-02  6.0681E-01
 -3.5912E-01 -7.3808E-03 -1.2241E+00  6.4434E-02  6.0681E-01
  1.1962E+00 -7.4134E-02 -4.3724E-01  6.4434E-02  6.0681E-01
  1.1124E+00 -1.2260E-01 -6.1233E-01  6.4434E-02  6.0681E-01
  1.6627E-01  1.7637E-01  1.2465E+00  6.4051E-02  6.1776E-01
 -1.1063E+00 -5.5437E-02  6.2085E-01  6.4051E-02  6.1776E-01
  7.0724E-02 -1.7103E-01  1.2562E+00  6.4051E-02  6.1776E-01
  6.8138E-01  1.7786E-01 -1.0496E+00  6.3669E-02  6.2897E-01
  6.8936E-01 -1.5355E-01  1.0482E+00  6.3669E-02  6.2897E-01
 -5.5662E-01 -7.3494E-02 -1.1259E+00  6.3285E-02  6.4046E-01
  6.9636E-01  9.1891E-02 -1.0438E+00  6.3285E-02  6.4046E-01
 -7.6253E-01 -1.3554E-01 -9.9145E-01  6.3285E-02  6.4046E-01
  5.9192E-01  1.8428E-01  1.0947E+00  6.3285E-02  6.4046E-01
 -3.4880E-01  1.7545E-02  1.2026E+00  6.2902E-02  6.5224E-01
  3.1863E-01  8.8960E-02 -1.2078E+00  6.2902E-02  6.5224E-01
 -9.6084E-01 -2.9791E-02 -8.0261E-01  6.2902E-02  6.5224E-01
  4.6271E-01 -1.3914E-01  1.1491E+00  6.2518E-02  6.6433E-01
  9.0832E-01  5.8594E-02 -8.5176E-01  6.2518E-02  6.6433E-01
  9.3689E-01 -1.1123E-02 -8.2225E-01  6.2518E-02  6.6433E-01
 -3.8781E-01  6.4950E-02 -1.1829E+00  6.2518E-02  6.6433E-01
  1.2340E+00  1.7601E-01  1.4168E-02  6.2518E-02  6.6433E-01
 -1.1927E+00 -1.1655E-01  3.2226E-01  6.2134E-02  6.7672E-01
  3.8162E-01  6.6849E-02  1.1789E+00  6.2134E-02  6.7672E-01
 -3.5641E-03 -3.7554E-02 -1.2403E+00  6.2134E-02  6.7672E-01
 -1.1193E+00 -1.9958E-02 -5.2219E-01  6.1750E-02  6.8943E-01
 -6.3583E-01  1.2793E-01  1.0513E+00  6.1750E-02  6.8943E-01
  2.7057E-01  1.0047E-02  1.2053E+00  6.1750E-02  6.8943E-01
 -4.1306E-02 -3.3456E-02 -1.2341E+00  6.1750E-02  6.8943E-01
  2.1639E-02  1.2518E-01 -1.2287E+00  6.1750E-02  6.8943E-01
  7.3234E-01 -1.3896E-01  9.8505E-01  6.1750E-02  6.8943E-01
 -1.0477E+00 -1.7864E-01  6.2953E-01  6.1750E-02  6.8943E-01
  1.1973E+00 -9.9798E-02  2.6213E-01  6.1365E-02  7.0248E-01
  6.0215E-01 -1.1238E-01  1.0663E+00  6.1365E-02  7.0248E-01
  8.6353E-01  6.1615E-02  8.7334E-01  6.1365E-02  7.0248E-01
 -8.4000E-01 -1.4292E-01  8.7901E-01  6.0980E-02  7.1587E-01
  4.3007E-01  1.1585E-01 -1.1403E+00  6.0980E-02  7.1587E-01
  1.1365E+00  2.3627E-02  4.5443E-01  6.0980E-02  7.1587E-01
 -7.4403E-02 -9.0853E-02 -1.2131E+00  6.0595E-02  7.2962E-01
 -8.4202E-01  7.8526E-02  8.7761E-01  6.0595E-02  7.2962E-01
 -6.6916E-01 -1.2522E-01  1.0044E+00  6.0209E-02  7.4374E-01
 -1.1841E+00 -1.2182E-01 -2.3504E-01  6.0209E-02  7.4374E-01
 -2.7842E-02 -8.6961E-02 -1.2045E+00  5.9822E-02  7.5825E-01
 -7.7479E-01 -1.6934E-01 -9.1120E-01  5.9822E-02  7.5825E-01
 -8.2647E-01  5.9052E-02 -8.7905E-01  5.9822E-02  7.5825E-01
  1.1955E+00  4.1937E-02 -1.6798E-01  5.9822E-02  7.5825E-01
  1.2181E-01  1.6028E-01  1.1857E+00  5.9436E-02  7.7315E-01
 -5.7692E-02 -1.1438E-01 -1.1959E+00  5.9436E-02  7.7315E-01
  6.5375E-01 -1.6934E-01  9.9522E-01  5.9436E-02  7.7315E-01
  3.3524E-01  4.5211E-02  1.1542E+00  5.9436E-02  7.7315E-01
 -2.2141E-01  5.0061E-02 -1.1811E+00  5.9436E-02  7.7315E-01
 -8.1260E-01 -3.5938E-02 -8.7883E-01  5.9048E-02  7.8847E-01
  1.1944E+00  1.5686E-02 -8.3843E-02  5.9048E-02  7.8847E-01
 -5.8544E-01  1.4323E-01 -1.0347E+00  5.9048E-02  7.8847E-01
  4.1104E-01 -1.0102E-03  1.1247E+00  5.9048E-02  7.8847E-01
  7.3699E-01 -1.7796E-01  9.2020E-01  5.8660E-02  8.0422E-01
 -1.0527E+00 -8.2343E-02 -5.5383E-01  5.8660E-02  8.0422E-01
  1.1861E+00 -4.9011E-02 -1.4446E-02  5.8271E-02  8.2042E-01
 -5.6899E-01  7.0310E-02  1.0396E+00  5.8271E-02  8.2042E-01
 -1.0716E+00  1.3663E-01  4.9237E-01  5.8271E-02  8.2042E-01
  1.0246E+00 -1.7328E-01 -5.7405E-01  5.8271E-02  8.2042E-01
 -3.2399E-01  1.8087E-01 -1.1224E+00  5.7882E-02  8.3709E-01
 -1.1610E-01  1.3558E-03  1.1764E+00  5.7882E-02  8.3709E-01
 -3.2389E-01  8.9167E-02 -1.1334E+00  5.7882E-02  8.3709E-01
 -5.6153E-01  1.5459E-01  1.0229E+00  5.7492E-02  8.5424E-01
  4.6705E-01 -1.8546E-01  1.0645E+00  5.7492E-02  8.5424E-01
 -9.5235E-01 -2.9770E-02 -6.9120E-01  5.7492E-02  8.5424E-01
  1.0664E+00  1.1339E-01 -4.8538E-01  5.7492E-02  8.5424E-01
  2.3336E-01  8.2935E-02  1.1457E+00  5.7101E-02  8.7190E-01
  7.3715E-01 -1.3947E-01  8.9428E-01  5.6710E-02  8.9009E-01
 -8.8017E-01 -1.6140E-01 -7.4956E-01  5.6710E-02  8.9009E-01
  1.2253E-01 -3.4221E-02  1.1603E+00  5.6710E-02  8.9009E-01
  3.9548E-01 -6.5082E-02  1.0963E+00  5.6710E-02  8.9009E-01
 -3.6738E-01  1.5811E-01  1.0915E+00  5.6317E-02  9.0882E-01
  1.0522E+00 -1.2768E-01 -4.7731E-01  5.6317E-02  9.0882E-01
 -8.8148E-01 -6.1755E-02  7.5534E-01  5.6317E-02  9.0882E-01
 -7.9893E-01  7.8190E-02 -8.3421E-01  5.5924E-02  9.2814E-01
  6.7157E-01 -8.6078E-02 -9.3909E-01  5.5924E-02  9.2814E-01
 -1.0200E+00  4.6186E-02  5.4576E-01  5.5924E-02  9.2814E-01
 -3.4105E-01  8.9184E-02  1.0978E+00  5.5530E-02  9.4805E-01
 -2.3448E-01 -1.1439E-01 -1.1183E+00  5.5134E-02  9.6859E-01
 -3.5228E-01  4.4102E-02 -1.0921E+00  5.5134E-02  9.6859E-01
 -7.2840E-01 -1.6248E-01  8.6678E-01  5.4738E-02  9.8980E-01
 -7.6470E-01  1.3029E-02 -8.5049E-01  5.4738E-02  9.8980E-01
 -4.6486E-01  1.2861E-01 -1.0322E+00  5.4340E-02  1.0117E+00
  3.4541E-01 -1.7756E-01 -1.0710E+00  5.4340E-02  1.0117E+00
  1.1297E+00 -8.1838E-02 -7.0444E-02  5.3941E-02  1.0343E+00
 -2.0138E-01  1.3388E-01  1.1043E+00  5.3541E-02  1.0577E+00
  6.2266E-01  5.9461E-02 -9.4164E-01  5.3541E-02  1.0577E+00
  1.1246E+00  1.3218E-02  5.6959E-02  5.3139E-02  1.0818E+00
 -5.0697E-01 -1.5998E-01  9.9275E-01  5.3139E-02  1.0818E+00
  7.4978E-01 -1.0821E-01  8.3324E-01  5.3139E-02  1.0818E+00
  1.6791E-01 -1.4503E-01 -1.1041E+00  5.3139E-02  1.0818E+00
 -3.2160E-01 -7.8485E-02 -1.0764E+00  5.3139E-02  1.0818E+00
 -1.0592E+00  1.4153E-01 -3.5521E-01  5.3139E-02  1.0818E+00
  6.2602E-01  2.9858E-02  9.3048E-01  5.2736E-02  1.1068E+00
  2.4434E-01 -1.6395E-01 -1.0826E+00  5.2736E-02  1.1068E+00
 -6.6809E-01 -2.3223E-02  9.0095E-01  5.2736E-02  1.1068E+00
  7.7602E-01 -2.4535E-02 -8.0399E-01  5.2331E-02  1.1327E+00
  1.1132E+00 -2.7349E-02  1.7202E-03  5.1925E-02  1.1595E+00
  1.0834E+00  1.6247E-01 -1.9944E-01  5.1925E-02  1.1595E+00
  8.9354E-01 -1.4857E-01  6.4769E-01  5.1925E-02  1.1595E+00
  7.7485E-01  1.8258E-01 -7.7281E-01  5.1516E-02  1.1873E+00
 -1.0921E+00 -1.7993E-01  7.7133E-02  5.1516E-02  1.1873E+00
 -1.0945E+00  1.5322E-01 -9.7707E-02  5.1516E-02  1.1873E+00
 -2.2372E-01 -1.0028E-01  1.0821E+00  5.1516E-02  1.1873E+00
 -1.0199E+00  1.0165E-01 -4.2479E-01  5.1516E-02  1.1873E+00
 -5.8972E-01 -6.3420E-04 -9.3979E-01  5.1516E-02  1.1873E+00
  7.8767E-01  1.2148E-01 -7.6612E-01  5.1106E-02  1.2161E+00
  9.3162E-01 -4.6564E-02 -5.9334E-01  5.1106E-02  1.2161E+00
  3.4203E-01 -8.0375E-02 -1.0440E+00  5.0694E-02  1.2461E+00
 -1.0306E+00  1.1258E-01 -3.6071E-01  5.0279E-02  1.2771E+00
  8.0459E-01  8.5665E-03 -7.4669E-01  5.0279E-02  1.2771E+00
  3.4028E-01 -2.3962E-02  1.0434E+00  5.0279E-02  1.2771E+00
 -4.0055E-01  1.6745E-03 -1.0220E+00  5.0279E-02  1.2771E+00
 -4.7880E-01 -1.1496E-01 -9.8108E-01  5.0279E-02  1.2771E+00
 -3.6673E-01  2.3589E-02 -1.0344E+00  5.0279E-02  1.2771E+00
  1.0941E-01 -1.7412E-01 -1.0744E+00  4.9863E-02  1.3094E+00
  3.6065E-02  1.3451E-01  1.0850E+00  4.9863E-02  1.3094E+00
 -1.1051E-01 -9.0466E-02 -1.0846E+00  4.9863E-02  1.3094E+00
  1.1832E-01 -9.3530E-02  1.0835E+00  4.9863E-02  1.3094E+00
  7.2533E-01  1.3526E-01  8.0763E-01  4.9863E-02  1.3094E+00
 -1.0800E+00  1.1610E-01  9.3613E-02  4.9444E-02  1.3430E+00
 -1.0240E+00 -1.7632E-02  3.7378E-01  4.9444E-02  1.3430E+00
 -2.7431E-01 -9.8220E-02 -1.0505E+00  4.9444E-02  1.3430E+00
 -1.0908E-01  4.4920E-02  1.0838E+00  4.9444E-02  1.3430E+00
  8.9455E-01 -7.5266E-02 -6.1860E-01  4.9444E-02  1.3430E+00
  7.3539E-01  1.5998E-01  7.8371E-01  4.9022E-02  1.3780E+00
  4.6165E-01  1.1842E-01 -9.7645E-01  4.9022E-02  1.3780E+00
 -9.6244E-01 -5.1133E-04  5.0429E-01  4.9022E-02  1.3780E+00
 -1.0369E+00  4.2181E-02  3.0970E-01  4.8597E-02  1.4144E+00
  1.0277E+00  2.6868E-02  3.4035E-01  4.8597E-02  1.4144E+00
 -5.9351E-01  1.6995E-01  8.8977E-01  4.8597E-02  1.4144E+00
 -1.0093E+00  1.6645E-01 -3.4478E-01  4.8170E-02  1.4524E+00
 -9.4732E-01 -1.5299E-01  4.9436E-01  4.8170E-02  1.4524E+00
 -3.9373E-01  1.1858E-01  9.9435E-01  4.7739E-02  1.4920E+00
 -1.0233E+00 -1.7789E-01  2.8105E-01  4.7739E-02  1.4920E+00
  8.5103E-01 -1.4068E-01  6.4324E-01  4.7739E-02  1.4920E+00
  6.1183E-01  4.1320E-02  8.8417E-01  4.7739E-02  1.4920E+00
 -2.8176E-01 -1.2199E-01 -1.0278E+00  4.7306E-02  1.5334E+00
  3.0138E-01  1.5938E-01 -1.0170E+00  4.7306E-02  1.5334E+00
  1.0456E+00  7.1467E-03  2.3917E-01  4.7306E-02  1.5334E+00
 -1.8264E-01  1.2019E-01 -1.0501E+00  4.7306E-02  1.5334E+00
  9.2941E-01 -1.2253E-01  5.1446E-01  4.6868E-02  1.5768E+00
  1.0676E+00 -3.3845E-02 -5.1638E-02  4.6868E-02  1.5768E+00
 -1.0673E+00  5.9521E-02  2.7242E-02  4.6868E-02  1.5768E+00
 -3.8305E-01 -1.4454E-01 -9.8786E-01  4.6868E-02  1.5768E+00
 -7.6955E-01 -1.7135E-02  7.4229E-01  4.6868E-02  1.5768E+00
  2.1791E-01  1.6620E-01 -1.0336E+00  4.6868E-02  1.5768E+00
 -6.1862E-01 -2.5096E-02 -8.6792E-01  4.6427E-02  1.6222E+00
 -1.0446E+00  5.5604E-02 -2.0564E-01  4.6427E-02  1.6222E+00
  1.0322E+00 -1.8601E-01 -1.9119E-01  4.6427E-02  1.6222E+00
 -8.5847E-01 -1.7335E-01 -6.0237E-01  4.5982E-02  1.6697E+00
 -7.5749E-01 -2.2672E-02  7.4537E-01  4.5982E-02  1.6697E+00
  3.2772E-01  7.5439E-02 -1.0084E+00  4.5982E-02  1.6697E+00
  8.8376E-01 -3.5578E-02  5.8956E-01  4.5982E-02  1.6697E+00
 -4.6648E-01  8.8515E-02  9.4757E-01  4.5533E-02  1.7196E+00
  9.2934E-01 -9.0582E-02 -5.0146E-01  4.5533E-02  1.7196E+00
  9.6380E-01  9.0271E-02 -4.3161E-01  4.5533E-02  1.7196E+00
  1.0528E+00  9.8444E-02  7.1914E-02  4.5533E-02  1.7196E+00
  8.0672E-01 -1.8489E-01 -6.5725E-01  4.5079E-02  1.7721E+00
  1.0299E+00  1.8471E-01  1.2648E-01  4.4620E-02  1.8273E+00
  6.8060E-01  4.5383E-02 -8.0342E-01  4.4620E-02  1.8273E+00
 -6.6032E-01 -1.6124E-01 -8.0545E-01  4.4620E-02  1.8273E+00
 -9.1932E-01  2.4174E-02  5.1481E-01  4.4620E-02  1.8273E+00
  8.4700E-01  1.0235E-01 -6.1389E-01  4.4156E-02  1.8855E+00
 -6.7482E-01 -5.3905E-02  8.0403E-01  4.4156E-02  1.8855E+00
  7.6623E-01  6.1785E-02  7.1271E-01  4.3687E-02  1.9469E+00
 -6.2345E-01  9.3942E-02 -8.3748E-01  4.3687E-02  1.9469E+00
 -9.6322E-01  1.3859E-01 -3.8974E-01  4.3687E-02  1.9469E+00
  9.9047E-01 -1.6310E-01 -2.9252E-01  4.3212E-02  2.0119E+00
  1.0382E+00 -1.0107E-01 -7.2344E-02  4.3212E-02  2.0119E+00
  7.4779E-01 -1.2768E-01  7.1952E-01  4.3212E-02  2.0119E+00
  4.5946E-01 -1.5957E-01  9.2257E-01  4.2730E-02  2.0806E+00
 -7.3279E-02  1.0011E-01  1.0355E+00  4.2730E-02  2.0806E+00
  1.0268E+00  1.7333E-01 -5.6974E-02  4.2730E-02  2.0806E+00
 -4.3824E-01 -1.8449E-01  9.2535E-01  4.2242E-02  2.1536E+00
 -7.7981E-01  2.0929E-02 -6.8834E-01  4.2242E-02  2.1536E+00
  4.7000E-01  1.4562E-01 -9.1383E-01  4.1747E-02  2.2312E+00
  1.0248E+00 -9.2479E-02  1.3548E-01  4.1747E-02  2.2312E+00
  8.8852E-01 -2.4419E-02  5.3584E-01  4.1747E-02  2.2312E+00
  2.6304E-01  7.5331E-02  1.0012E+00  4.1747E-02  2.2312E+00
 -3.0343E-01  1.7684E-01 -9.7665E-01  4.1747E-02  2.2312E+00
  1.8438E-01  1.7634E-01 -1.0035E+00  4.1244E-02  2.3138E+00
  3.6354E-01  7.5628E-02  9.6660E-01  4.1244E-02  2.3138E+00
  7.1726E-01 -5.5530E-02  7.4150E-01  4.0733E-02  2.4020E+00
 -8.0978E-01  1.4710E-01 -6.2449E-01  4.0733E-02  2.4020E+00
  1.8265E-01 -8.9723E-03  1.0168E+00  4.0733E-02  2.4020E+00
  1.0138E+00 -1.7225E-01  7.2564E-02  4.0213E-02  2.4964E+00
 -2.5058E-01 -1.5226E-03 -9.9996E-01  4.0213E-02  2.4964E+00
  1.0141E+00  1.7380E-01 -6.4508E-02  4.0213E-02  2.4964E+00
 -6.0365E-01  1.4404E-01  8.2315E-01  4.0213E-02  2.4964E+00
  1.0300E+00  2.6736E-02  3.3824E-02  4.0213E-02  2.4964E+00
  6.0070E-01  7.1170E-02  8.3475E-01  4.0213E-02  2.4964E+00
 -7.1619E-01  5.3126E-02 -7.3652E-01  3.9683E-02  2.5977E+00
 -9.5372E-01  1.0763E-01  3.6432E-01  3.9143E-02  2.7067E+00
  1.0085E+00  1.5075E-01  1.1862E-01  3.9143E-02  2.7067E+00
 -5.8231E-01 -1.4472E-01 -8.3049E-01  3.8592E-02  2.8243E+00
  1.0072E+00 -1.2609E-01  1.2432E-01  3.8029E-02  2.9517E+00
 -5.1386E-01 -1.8427E-02  8.8395E-01  3.8029E-02  2.9517E+00
 -9.8400E-01  2.8800E-02  2.7692E-01  3.8029E-02  2.9517E+00
  5.7218E-01 -3.6815E-02 -8.4677E-01  3.8029E-02  2.9517E+00
  7.5264E-01 -8.4292E-02 -6.8716E-01  3.8029E-02  2.9517E+00
 -9.8903E-01  4.5997E-03  2.5248E-01  3.7452E-02  3.0900E+00
 -2.6997E-01  1.2015E-01  9.7705E-01  3.7452E-02  3.0900E+00
  8.0152E-01 -5.4360E-02  6.2973E-01  3.7452E-02  3.0900E+00
  1.0073E+00 -1.5092E-01 -2.9538E-02  3.6862E-02  3.2409E+00
  9.3424E-01 -1.5255E-02 -4.0652E-01  3.6862E-02  3.2409E+00
 -7.6841E-01 -1.5696E-01 -6.5055E-01  3.6862E-02  3.2409E+00
  8.9633E-01  5.0134E-02  4.8205E-01  3.6862E-02  3.2409E+00
 -9.9723E-01  1.0631E-01  1.7044E-01  3.6256E-02  3.4062E+00
  2.4833E-01 -1.0886E-01  9.8046E-01  3.6256E-02  3.4062E+00
  7.8542E-01 -1.0405E-01 -6.3805E-01  3.6256E-02  3.4062E+00
  9.8906E-01  1.7847E-01 -1.5729E-01  3.6256E-02  3.4062E+00
 -3.5178E-01  8.6222E-02 -9.4885E-01  3.5633E-02  3.5880E+00
  8.9689E-01 -3.7110E-03 -4.7654E-01  3.5633E-02  3.5880E+00
  7.7097E-01  7.4225E-02  6.5697E-01  3.5633E-02  3.5880E+00
  2.4966E-02  1.2068E-01  1.0081E+00  3.5633E-02  3.5880E+00
 -2.8007E-01 -5.6922E-02 -9.7298E-01  3.4991E-02  3.7890E+00
 -6.2905E-01 -6.9371E-02  7.9236E-01  3.4991E-02  3.7890E+00
  3.2842E-03  1.2316E-01 -1.0066E+00  3.4991E-02  3.7890E+00
  3.6851E-02 -1.3255E-01 -1.0032E+00  3.4329E-02  4.0125E+00
  1.7906E-01  1.2626E-01 -9.8862E-01  3.4329E-02  4.0125E+00
  9.7097E-01  1.0836E-01  2.6085E-01  3.3644E-02  4.2626E+00
 -5.7123E-01  1.4134E-01  8.2236E-01  3.3644E-02  4.2626E+00
 -6.8917E-01 -1.4455E-01 -7.2575E-01  3.3644E-02  4.2626E+00
  6.7197E-01 -1.2422E-01 -7.4360E-01  3.2934E-02  4.5444E+00
 -2.9140E-01  2.6826E-02  9.6658E-01  3.2934E-02  4.5444E+00
  3.9254E-01  1.4851E-01  9.1857E-01  3.2934E-02  4.5444E+00
 -6.9526E-02 -5.0877E-02 -1.0050E+00  3.2195E-02  4.8645E+00
  5.7355E-01 -8.6047E-02 -8.2527E-01  3.2195E-02  4.8645E+00
  7.3057E-01  1.8410E-01  6.7068E-01  3.2195E-02  4.8645E+00
 -9.5477E-01 -1.0677E-01 -3.0356E-01  3.1425E-02  5.2312E+00
  4.9369E-01 -1.5371E-01  8.6473E-01  3.1425E-02  5.2312E+00
  3.7996E-01 -4.2395E-02 -9.3218E-01  3.1425E-02  5.2312E+00
 -9.6264E-01  4.9463E-02  2.8955E-01  3.0618E-02  5.6557E+00
  6.8093E-01  1.1280E-01 -7.3116E-01  2.9770E-02  6.1530E+00
  7.1603E-01 -3.1074E-02  7.0521E-01  2.9770E-02  6.1530E+00
  4.6580E-01  4.5859E-02 -8.8887E-01  2.8874E-02  6.7438E+00
  6.4219E-01 -1.0801E-01  7.6491E-01  2.8874E-02  6.7438E+00
  8.2455E-01 -3.6217E-02  5.7269E-01  2.8874E-02  6.7438E+00
 -4.8512E-01  1.3202E-01 -8.6971E-01  2.8874E-02  6.7438E+00
  6.9966E-01  2.2034E-02  7.1937E-01  2.7921E-02  7.4574E+00
 -8.5929E-01 -1.3988E-01 -4.9957E-01  2.7921E-02  7.4574E+00
 -9.9704E-01 -1.0621E-01 -2.5560E-02  2.6903E-02  8.3369E+00
  6.8846E-01 -6.0042E-02  7.2694E-01  2.6903E-02  8.3369E+00
  3.9811E-01 -6.7548E-02 -9.1813E-01  2.6903E-02  8.3369E+00
 -9.5997E-01  6.9281E-02 -2.7991E-01  2.5804E-02  9.4481E+00
  3.5431E-01 -1.2301E-01 -9.2953E-01  2.5804E-02  9.4481E+00
  1.1480E-01 -1.5485E-01 -9.8304E-01  2.4606E-02  1.0897E+01
  8.6475E-01 -1.0507E-01 -4.9468E-01  2.4606E-02  1.0897E+01
  9.7850E-01 -1.2640E-01 -1.7349E-01  2.4606E-02  1.0897E+01
  7.3694E-01  1.2521E-02  6.7846E-01  2.4606E-02  1.0897E+01
 -7.8315E-01 -1.4833E-01 -6.0681E-01  2.4606E-02  1.0897E+01
  9.7761E-01  3.2234E-02 -2.1199E-01  2.1787E-02  1.5696E+01
  7.8808E-01  1.8071E-01 -5.8990E-01  2.1787E-02  1.5696E+01
  9.7946E-01  1.1178E-01 -1.7286E-01  2.1787E-02  1.5696E+01
  6.3332E-01  6.5150E-02 -7.7225E-01  2.1787E-02  1.5696E+01
  6.0555E-01  1.1463E-01 -7.8859E-01  2.1787E-02  1.5696E+01
 -4.9228E-01  6.3967E-02 -8.6907E-01  2.1787E-02  1.5696E+01
 -6.1612E-01  4.4659E-02 -7.8705E-01  2.0058E-02  2.0115E+01
 -9.9057E-01 -1.3764E-01  2.9483E-02  2.0058E-02  2.0115E+01
  9.6585E-01  9.8112E-02  2.4198E-01  2.0058E-02  2.0115E+01
 -9.1446E-01  1.0605E-01 -3.9122E-01  1.7969E-02  2.7981E+01
 -2.1173E-01 -6.7079E-02  9.7530E-01  1.7969E-02  2.7981E+01
 -9.8266E-01 -1.8120E-01 -4.5545E-02  1.7969E-02  2.7981E+01
