0.18329142857143D+02       626
(x,y,z) position of the X-ray source
 -0.5562E+00 -0.8959E-01 -0.1710E+01
x | y | z | R | rho
 -9.5844E-02 -2.4353E-01  1.0003E+01  3.2264E-01  4.8332E-03
  7.9710E-02 -2.8887E-02  9.8847E+00  3.1995E-01  4.9562E-03
  1.4965E+00  3.7081E-01  9.7518E+00  3.1968E-01  4.9687E-03
 -1.1602E+00 -9.1540E-02  9.7062E+00  3.1752E-01  5.0709E-03
  2.0589E+00  7.6451E-02  9.1711E+00  3.0909E-01  5.4973E-03
 -9.1128E-01  1.0641E-02  9.2337E+00  3.0635E-01  5.6461E-03
  9.7015E-01 -2.7095E-01  9.1872E+00  3.0553E-01  5.6919E-03
 -9.0298E-01  3.7184E-01  8.9715E+00  3.0056E-01  5.9786E-03
  1.5549E+00 -7.6381E-02  8.6562E+00  2.9529E-01  6.3049E-03
  4.0669E-01 -9.9081E-02  8.3991E+00  2.8631E-01  6.9167E-03
  1.0956E+00  1.8516E-02  8.2529E+00  2.8433E-01  7.0621E-03
  1.6106E+00  3.5086E-01  8.1114E+00  2.8320E-01  7.1473E-03
 -1.8539E+00 -2.1749E-01  7.7803E+00  2.7664E-01  7.6672E-03
  1.1479E+00 -3.5939E-01  7.8859E+00  2.7607E-01  7.7151E-03
  3.9888E-02  2.9591E-01  7.9716E+00  2.7607E-01  7.7151E-03
  8.9786E-01 -3.6514E-01  7.8456E+00  2.7435E-01  7.8612E-03
 -1.2215E+00  1.1313E-01  7.6035E+00  2.6945E-01  8.2979E-03
 -5.6292E-01  1.7085E-01  7.4636E+00  2.6422E-01  8.8001E-03
  4.6875E-01  9.1839E-03  7.4123E+00  2.6276E-01  8.9476E-03
 -1.5599E-02  2.1949E-01  7.3643E+00  2.6130E-01  9.0986E-03
 -2.0629E+00  4.6567E-02  7.0603E+00  2.6101E-01  9.1293E-03
  2.0081E+00  2.5982E-01  6.9104E+00  2.5719E-01  9.5421E-03
  1.1292E+00  1.0930E-01  6.9304E+00  2.5276E-01  1.0053E-02
  1.6974E-01  1.5509E-01  6.9833E+00  2.5186E-01  1.0160E-02
  1.0554E+00  1.5217E-01  6.6055E+00  2.4440E-01  1.1120E-02
  1.3433E+00  1.8753E-01  6.5038E+00  2.4319E-01  1.1286E-02
  5.1116E-01 -1.4200E-01  6.5869E+00  2.4229E-01  1.1413E-02
 -1.0944E-01  1.4605E-01  6.3346E+00  2.3532E-01  1.2458E-02
  1.9636E+00 -3.2595E-01  5.9421E+00  2.3348E-01  1.2753E-02
  7.5224E-01 -3.1737E-01  6.1540E+00  2.3195E-01  1.3008E-02
  7.0185E-01 -1.5274E-01  6.0717E+00  2.2950E-01  1.3430E-02
 -7.5710E-01 -1.1981E-01  6.0186E+00  2.2827E-01  1.3648E-02
 -1.8202E+00  3.3708E-02  5.7385E+00  2.2703E-01  1.3872E-02
 -1.7232E+00 -5.4425E-02  5.5240E+00  2.2082E-01  1.5076E-02
  1.9209E+00 -1.7960E-01  5.3443E+00  2.1801E-01  1.5667E-02
 -5.9990E-01  9.2968E-02  5.5559E+00  2.1549E-01  1.6222E-02
 -1.1702E+00 -1.4043E-01  5.2022E+00  2.0853E-01  1.7903E-02
 -1.4355E+00 -2.9140E-01  5.1050E+00  2.0789E-01  1.8068E-02
  1.9019E+00 -6.2951E-02  4.9460E+00  2.0757E-01  1.8151E-02
 -1.3796E+00 -1.4652E-01  5.0668E+00  2.0629E-01  1.8490E-02
  1.3062E+00 -2.2905E-01  4.8093E+00  1.9889E-01  2.0632E-02
 -1.8566E+00 -2.0013E-01  4.6262E+00  1.9889E-01  2.0632E-02
  6.5091E-01 -1.4731E-01  4.8862E+00  1.9727E-01  2.1144E-02
  1.3577E-02  1.6289E-01  4.7005E+00  1.9075E-01  2.3391E-02
  1.2588E+00  1.7769E-01  4.5047E+00  1.9009E-01  2.3634E-02
 -6.6196E-01  2.5345E-01  4.5462E+00  1.8778E-01  2.4515E-02
  1.3198E+00  2.2756E-01  4.3782E+00  1.8712E-01  2.4775E-02
 -1.4428E+00  1.8572E-02  4.3452E+00  1.8712E-01  2.4775E-02
 -4.8113E-01  4.4510E-02  4.5187E+00  1.8613E-01  2.5174E-02
 -4.1458E-01  2.7317E-01  4.5173E+00  1.8613E-01  2.5174E-02
 -9.3779E-01  3.2720E-02  4.4003E+00  1.8481E-01  2.5719E-02
  1.6645E+00  2.4157E-01  4.1365E+00  1.8381E-01  2.6139E-02
 -1.5480E+00 -3.7946E-02  4.0920E+00  1.8115E-01  2.7309E-02
 -1.3223E+00  2.5626E-01  4.1508E+00  1.8081E-01  2.7461E-02
 -1.7289E+00 -2.5968E-01  3.9615E+00  1.7981E-01  2.7923E-02
  1.7952E+00 -2.0578E-02  3.8910E+00  1.7847E-01  2.8557E-02
  1.5411E+00  4.2904E-02  3.9141E+00  1.7612E-01  2.9716E-02
  9.2571E-01  4.7219E-02  4.0919E+00  1.7578E-01  2.9887E-02
 -8.8965E-01 -1.0446E-01  4.0416E+00  1.7409E-01  3.0764E-02
 -8.5645E-01  1.4221E-01  4.0362E+00  1.7376E-01  3.0944E-02
 -7.4016E-01 -8.4905E-02  4.0268E+00  1.7274E-01  3.1493E-02
  1.5969E+00  7.9857E-03  3.7588E+00  1.7240E-01  3.1679E-02
  6.1076E-01 -4.9644E-03  3.9930E+00  1.7105E-01  3.2439E-02
 -6.5039E-01  2.2635E-01  3.9127E+00  1.6900E-01  3.3629E-02
 -1.3458E+00 -1.1920E-01  3.7125E+00  1.6832E-01  3.4039E-02
  5.2074E-01 -9.7136E-02  3.8592E+00  1.6661E-01  3.5098E-02
 -9.7795E-01  2.0281E-01  3.6738E+00  1.6387E-01  3.6891E-02
 -9.3954E-01 -7.5400E-02  3.6886E+00  1.6387E-01  3.6891E-02
  3.2738E-02 -1.9232E-01  3.7911E+00  1.6352E-01  3.7125E-02
 -6.2312E-02  7.0916E-02  3.7949E+00  1.6352E-01  3.7125E-02
 -1.1786E+00  2.4683E-01  3.5885E+00  1.6318E-01  3.7360E-02
 -2.0871E-01  9.3034E-02  3.7562E+00  1.6249E-01  3.7837E-02
  5.1991E-01 -3.6613E-02  3.7158E+00  1.6215E-01  3.8079E-02
 -1.9206E+00  9.2667E-02  3.1324E+00  1.5973E-01  3.9837E-02
 -9.0717E-01  2.8303E-02  3.4940E+00  1.5764E-01  4.1436E-02
 -3.4252E-01  1.1825E-01  3.5698E+00  1.5695E-01  4.1990E-02
 -1.3288E+00  5.9782E-02  3.2622E+00  1.5486E-01  4.3715E-02
  1.6611E+00 -1.8723E-01  3.0765E+00  1.5416E-01  4.4312E-02
 -1.5265E+00  1.4680E-01  3.1356E+00  1.5381E-01  4.4615E-02
 -1.1186E+00 -8.6530E-02  3.2710E+00  1.5276E-01  4.5542E-02
  2.6456E-01 -2.0296E-01  3.3661E+00  1.5030E-01  4.7815E-02
 -1.4442E+00  2.2795E-02  3.0110E+00  1.4889E-01  4.9186E-02
 -1.0852E+00 -2.2714E-01  3.1274E+00  1.4818E-01  4.9893E-02
 -2.2962E-01  6.2043E-02  3.1919E+00  1.4428E-01  5.4049E-02
  1.6772E+00  5.6048E-03  2.5759E+00  1.4000E-01  5.9164E-02
 -1.8391E+00 -1.2306E-01  2.4467E+00  1.3964E-01  5.9620E-02
  9.1347E-01 -1.0279E-01  2.9221E+00  1.3964E-01  5.9620E-02
 -1.0004E+00 -2.2080E-01  2.8646E+00  1.3892E-01  6.0548E-02
  1.1395E-01 -2.3229E-01  3.0207E+00  1.3856E-01  6.1020E-02
  1.6644E+00  1.9923E-01  2.4757E+00  1.3712E-01  6.2960E-02
 -7.2616E-01  1.3990E-01  2.8754E+00  1.3640E-01  6.3962E-02
  7.2746E-01  1.9603E-01  2.8610E+00  1.3604E-01  6.4472E-02
  2.9203E-01  2.8209E-02  2.9439E+00  1.3604E-01  6.4472E-02
 -1.0811E-01 -9.8385E-02  2.9028E+00  1.3424E-01  6.7108E-02
  5.3734E-02  2.7123E-02  2.9059E+00  1.3424E-01  6.7108E-02
 -1.0441E+00  1.2584E-02  2.6458E+00  1.3207E-01  7.0476E-02
 -1.1944E+00 -2.0090E-01  2.5736E+00  1.3207E-01  7.0476E-02
 -2.3089E-01  1.7246E-01  2.7883E+00  1.3061E-01  7.2853E-02
  1.2886E-01  1.3084E-01  2.7560E+00  1.2916E-01  7.5345E-02
  8.9900E-01  5.6246E-02  2.5787E+00  1.2806E-01  7.7293E-02
 -1.7833E+00  1.6002E-01  2.0086E+00  1.2660E-01  8.0001E-02
  8.4020E-02  1.3674E-02  2.6894E+00  1.2660E-01  8.0001E-02
  1.5257E+00  5.1342E-02  2.2034E+00  1.2623E-01  8.0699E-02
  1.0747E-01  9.6160E-02  2.6666E+00  1.2587E-01  8.1405E-02
  1.2687E+00 -2.5625E-02  2.2690E+00  1.2330E-01  8.6599E-02
  5.8581E-01 -6.4308E-02  2.4909E+00  1.2183E-01  8.9776E-02
 -1.9163E+00 -1.1591E-01  1.6929E+00  1.2183E-01  8.9776E-02
 -9.5133E-01 -1.7085E-01  2.3486E+00  1.2109E-01  9.1425E-02
 -1.7822E+00  1.5842E-01 -1.8024E+00  1.2109E-01  9.1425E-02
 -2.5852E-01  1.5516E-02  2.5064E+00  1.2035E-01  9.3117E-02
 -1.6416E+00  8.0639E-03  1.9116E+00  1.2035E-01  9.3117E-02
  8.5236E-01 -1.4373E-01  2.3562E+00  1.1998E-01  9.3979E-02
  1.8764E+00 -1.2497E-01  1.6168E+00  1.1888E-01  9.6634E-02
 -1.3709E+00 -3.3218E-02  2.0664E+00  1.1888E-01  9.6634E-02
 -1.1525E-01 -1.2726E-01  2.4345E+00  1.1739E-01  1.0034E-01
  3.8980E-02  5.5670E-02  2.4101E+00  1.1628E-01  1.0324E-01
 -1.2673E+00  1.7648E-01  2.0319E+00  1.1591E-01  1.0424E-01
  1.4830E+00  3.3172E-02 -1.8758E+00  1.1554E-01  1.0525E-01
  1.7043E+00  1.1591E-01  1.6597E+00  1.1517E-01  1.0627E-01
  9.5909E-01  2.9533E-02  2.1585E+00  1.1442E-01  1.0836E-01
  1.8568E+00  4.0017E-02  1.4597E+00  1.1442E-01  1.0836E-01
  1.1053E+00 -5.5772E-02  2.0869E+00  1.1442E-01  1.0836E-01
  1.3598E+00  1.8330E-01  1.9109E+00  1.1405E-01  1.0942E-01
  9.6926E-01 -5.5215E-02  2.1215E+00  1.1331E-01  1.1159E-01
  1.0739E+00 -8.3451E-03  2.0712E+00  1.1331E-01  1.1159E-01
  2.1036E-03 -1.8241E-01  2.2968E+00  1.1219E-01  1.1496E-01
  1.3086E+00 -1.8946E-01 -1.8751E+00  1.1182E-01  1.1612E-01
 -1.6906E+00  1.4365E-01  1.5445E+00  1.1182E-01  1.1612E-01
 -1.8761E+00  4.3973E-02 -1.2864E+00  1.1107E-01  1.1847E-01
  1.7881E+00 -8.6492E-02  1.3414E+00  1.0957E-01  1.2339E-01
 -4.2320E-01 -7.4732E-02  2.1953E+00  1.0957E-01  1.2339E-01
  2.2485E-01 -5.8270E-02  2.2057E+00  1.0882E-01  1.2596E-01
 -1.2414E+00  5.6545E-03  1.8265E+00  1.0845E-01  1.2727E-01
 -1.6307E+00  3.9586E-02 -1.4888E+00  1.0845E-01  1.2727E-01
 -1.2649E+00  6.7746E-02  1.7859E+00  1.0770E-01  1.2994E-01
 -1.3785E+00 -4.0164E-03  1.7011E+00  1.0770E-01  1.2994E-01
  1.4218E+00 -1.8412E-01  1.6298E+00  1.0695E-01  1.3269E-01
 -1.3225E+00  8.9716E-02  1.6951E+00  1.0620E-01  1.3553E-01
  1.2748E+00  1.3742E-01 -1.7281E+00  1.0620E-01  1.3553E-01
  1.1877E+00 -1.5742E-01 -1.7649E+00  1.0545E-01  1.3845E-01
 -1.1664E+00 -7.6319E-02  1.7732E+00  1.0507E-01  1.3994E-01
  9.8708E-01 -5.8557E-02  1.8796E+00  1.0507E-01  1.3994E-01
 -3.6686E-01 -1.7401E-01  2.0751E+00  1.0470E-01  1.4145E-01
 -1.1067E+00  7.5397E-02 -1.7674E+00  1.0357E-01  1.4613E-01
 -1.7024E+00 -1.4699E-01  1.1652E+00  1.0281E-01  1.4936E-01
  9.1583E-01 -1.3499E-02 -1.8543E+00  1.0281E-01  1.4936E-01
 -7.8545E-01  1.6649E-01  1.9060E+00  1.0281E-01  1.4936E-01
  1.7369E+00 -1.0440E-02  1.1057E+00  1.0244E-01  1.5102E-01
 -1.5545E+00  5.6803E-02 -1.3208E+00  1.0168E-01  1.5440E-01
  1.8435E+00 -5.0410E-02  8.7364E-01  1.0168E-01  1.5440E-01
  1.8942E+00 -6.9060E-02 -7.3080E-01  1.0131E-01  1.5613E-01
 -7.6147E-01 -5.2343E-02 -1.8728E+00  1.0093E-01  1.5789E-01
  9.4002E-01 -1.1622E-01 -1.7869E+00  1.0093E-01  1.5789E-01
  1.8577E+00  1.8225E-01 -7.5439E-01  1.0055E-01  1.5967E-01
  1.3124E+00 -4.6745E-02 -1.5140E+00  1.0017E-01  1.6148E-01
 -1.6880E+00 -3.8395E-02  1.0798E+00  1.0017E-01  1.6148E-01
  1.3597E+00  1.4302E-01  1.4406E+00  9.9419E-02  1.6519E-01
 -1.8836E+00  1.7763E-01 -5.7368E-01  9.9041E-02  1.6709E-01
  4.9740E-01 -1.5331E-02  1.9041E+00  9.8663E-02  1.6902E-01
  1.3172E+00 -9.8450E-02 -1.4590E+00  9.8663E-02  1.6902E-01
 -1.8632E+00 -3.4139E-02  6.0451E-01  9.8285E-02  1.7098E-01
  8.3807E-01  1.7965E-01 -1.7517E+00  9.7907E-02  1.7297E-01
 -1.8024E+00 -1.2947E-01  7.3311E-01  9.7907E-02  1.7297E-01
 -1.4641E+00 -1.1372E-01  1.2832E+00  9.7907E-02  1.7297E-01
 -1.4117E+00 -8.3162E-02  1.3429E+00  9.7907E-02  1.7297E-01
  1.8679E+00 -5.0146E-02  5.5824E-01  9.7907E-02  1.7297E-01
 -1.4383E+00 -5.1130E-02 -1.3159E+00  9.7907E-02  1.7297E-01
  1.6828E+00 -1.7284E-01  9.5222E-01  9.7529E-02  1.7499E-01
 -1.2708E+00 -7.7616E-02 -1.4654E+00  9.7529E-02  1.7499E-01
 -1.6084E-01 -2.5065E-02  1.9344E+00  9.7529E-02  1.7499E-01
  1.2440E+00 -1.4721E-01 -1.4713E+00  9.7150E-02  1.7704E-01
  1.5754E+00 -1.3288E-01 -1.0953E+00  9.6772E-02  1.7912E-01
  1.2898E+00 -1.6808E-02 -1.4267E+00  9.6772E-02  1.7912E-01
 -1.9042E+00 -6.9509E-02 -2.6445E-02  9.6015E-02  1.8340E-01
 -1.8681E+00 -1.6657E-02 -3.7634E-01  9.6015E-02  1.8340E-01
 -1.1691E+00  1.1572E-01  1.5005E+00  9.6015E-02  1.8340E-01
 -1.5353E+00 -1.3898E-01  1.1203E+00  9.6015E-02  1.8340E-01
 -1.4377E+00 -1.2128E-01  1.2314E+00  9.5636E-02  1.8558E-01
  1.5695E+00 -5.2014E-02  1.0323E+00  9.4878E-02  1.9007E-01
  4.4170E-02  7.8640E-02  1.8596E+00  9.4120E-02  1.9470E-01
 -1.7507E+00  9.8019E-03 -6.3327E-01  9.4120E-02  1.9470E-01
 -1.7958E+00  4.0377E-02  4.5519E-01  9.3741E-02  1.9707E-01
 -1.4878E+00 -1.1750E-01  1.0984E+00  9.3741E-02  1.9707E-01
  9.5914E-01 -1.7000E-01 -1.5764E+00  9.3741E-02  1.9707E-01
  1.3131E+00 -1.1532E-01  1.2901E+00  9.3361E-02  1.9948E-01
 -1.6830E+00 -3.8440E-02  7.3211E-01  9.2982E-02  2.0193E-01
  1.1703E+00 -1.7409E-01  1.3923E+00  9.2603E-02  2.0443E-01
  1.2823E+00 -1.9593E-02 -1.3013E+00  9.2603E-02  2.0443E-01
  3.6113E-01 -1.0658E-02 -1.7910E+00  9.2603E-02  2.0443E-01
  7.6695E-01 -1.0439E-01 -1.6455E+00  9.2223E-02  2.0696E-01
 -1.0912E+00 -6.8513E-02 -1.4424E+00  9.1844E-02  2.0954E-01
 -1.3675E+00  1.7361E-01  1.1728E+00  9.1844E-02  2.0954E-01
 -1.2097E+00 -1.4764E-01  1.3381E+00  9.1844E-02  2.0954E-01
  1.0935E+00  9.5565E-02  1.4283E+00  9.1464E-02  2.1216E-01
 -1.4647E+00 -1.5639E-01  1.0369E+00  9.1464E-02  2.1216E-01
  5.9106E-01  1.7791E-01  1.6923E+00  9.1464E-02  2.1216E-01
 -1.4997E+00  6.5717E-02  9.8013E-01  9.1084E-02  2.1482E-01
  1.7716E+00  1.1132E-01 -1.8086E-01  9.0704E-02  2.1753E-01
 -1.5634E+00 -9.2633E-02  8.5493E-01  9.0704E-02  2.1753E-01
 -3.9915E-01 -3.3376E-02 -1.7300E+00  9.0325E-02  2.2029E-01
  7.0507E-01 -1.8097E-01  1.6197E+00  9.0325E-02  2.2029E-01
 -7.0130E-01  3.3664E-02  1.6311E+00  9.0325E-02  2.2029E-01
  1.0075E+00 -4.5174E-02 -1.4616E+00  9.0325E-02  2.2029E-01
 -1.3102E+00 -4.4670E-02 -1.1852E+00  8.9945E-02  2.2309E-01
 -7.4491E-01  1.0828E-01  1.5990E+00  8.9945E-02  2.2309E-01
  7.3771E-01  1.3165E-01 -1.5820E+00  8.9185E-02  2.2884E-01
  1.2727E+00 -7.5120E-02  1.1995E+00  8.9185E-02  2.2884E-01
 -5.4328E-01  9.2468E-02 -1.6527E+00  8.8805E-02  2.3179E-01
  1.6866E+00  1.5067E-01  4.0954E-01  8.8805E-02  2.3179E-01
 -1.4117E+00 -4.9479E-02 -1.0196E+00  8.8805E-02  2.3179E-01
  7.2455E-01 -7.2576E-02 -1.5734E+00  8.8425E-02  2.3479E-01
 -4.7486E-02 -7.3761E-02 -1.7315E+00  8.8425E-02  2.3479E-01
  8.4294E-02  1.8056E-01 -1.7139E+00  8.8044E-02  2.3785E-01
  5.7203E-01 -2.0149E-02 -1.6189E+00  8.7664E-02  2.4095E-01
 -3.0103E-01 -2.0282E-04  1.6906E+00  8.7664E-02  2.4095E-01
  1.7080E+00  3.5249E-02  3.9850E-02  8.7284E-02  2.4412E-01
 -3.0484E-01  7.0909E-02 -1.6800E+00  8.7284E-02  2.4412E-01
 -9.0755E-01  7.1538E-02  1.4364E+00  8.6904E-02  2.4734E-01
 -1.6572E+00  8.1272E-02  3.7302E-01  8.6904E-02  2.4734E-01
 -1.6982E+00 -8.8041E-02 -2.5969E-02  8.6904E-02  2.4734E-01
  3.1523E-01 -7.8971E-02 -1.6693E+00  8.6904E-02  2.4734E-01
 -8.8958E-01 -2.0808E-02  1.4396E+00  8.6524E-02  2.5061E-01
 -1.2801E+00 -9.5237E-03  1.1071E+00  8.6524E-02  2.5061E-01
  1.6806E+00 -3.2599E-02  1.9718E-01  8.6524E-02  2.5061E-01
  1.7354E-02  2.5342E-02  1.6921E+00  8.6524E-02  2.5061E-01
 -1.4902E+00  1.8395E-01  7.6305E-01  8.6143E-02  2.5395E-01
  5.2969E-01  1.4549E-01  1.5921E+00  8.6143E-02  2.5395E-01
 -2.0706E-01  5.8281E-02 -1.6704E+00  8.6143E-02  2.5395E-01
  1.1709E+00  1.3220E-01 -1.1919E+00  8.5763E-02  2.5734E-01
 -1.6470E+00  1.6290E-01 -2.6455E-01  8.5763E-02  2.5734E-01
  9.8448E-01 -1.7990E-01  1.3445E+00  8.5763E-02  2.5734E-01
  8.0334E-01 -6.6664E-02 -1.4602E+00  8.5382E-02  2.6079E-01
  8.4661E-02 -7.7274E-02 -1.6640E+00  8.5382E-02  2.6079E-01
 -1.4561E+00 -1.3396E-02  7.9661E-01  8.5002E-02  2.6431E-01
 -1.6363E+00 -1.7140E-01 -1.4660E-01  8.4622E-02  2.6789E-01
  1.5999E+00 -1.7782E-01 -3.3245E-01  8.4241E-02  2.7154E-01
  3.0326E-01  3.2599E-02  1.6152E+00  8.4241E-02  2.7154E-01
 -6.8149E-01 -7.6578E-02 -1.4939E+00  8.4241E-02  2.7154E-01
 -1.3669E+00 -1.0340E-01  9.0715E-01  8.4241E-02  2.7154E-01
 -1.6170E+00 -9.2644E-03 -2.4678E-01  8.3861E-02  2.7525E-01
 -1.1967E+00  3.9167E-02 -1.1145E+00  8.3861E-02  2.7525E-01
 -1.6221E+00  7.2332E-02 -1.1423E-01  8.3480E-02  2.7903E-01
  1.3007E-01  9.1821E-02 -1.6120E+00  8.3100E-02  2.8288E-01
 -7.5144E-01 -1.4439E-01  1.4277E+00  8.3100E-02  2.8288E-01
  1.2980E+00 -1.5171E-01 -9.4361E-01  8.2719E-02  2.8681E-01
 -5.9516E-01 -1.4119E-01 -1.4828E+00  8.2338E-02  2.9080E-01
 -1.0294E+00 -1.6899E-01 -1.2185E+00  8.2338E-02  2.9080E-01
 -1.5059E+00 -1.0914E-01  5.1776E-01  8.1958E-02  2.9487E-01
  1.5947E+00 -5.3978E-03  6.8582E-02  8.1958E-02  2.9487E-01
  1.5401E+00  4.2551E-02 -4.1719E-01  8.1958E-02  2.9487E-01
 -2.6697E-01 -1.9714E-02  1.5736E+00  8.1958E-02  2.9487E-01
  2.3330E-01  1.1707E-01  1.5668E+00  8.1577E-02  2.9902E-01
  1.5199E+00  1.7837E-01  4.2536E-01  8.1577E-02  2.9902E-01
 -5.4524E-02  1.7343E-01 -1.5779E+00  8.1577E-02  2.9902E-01
  1.3711E+00  8.7658E-02 -7.9704E-01  8.1577E-02  2.9902E-01
 -1.5531E+00 -1.7700E-01 -2.3438E-01  8.1197E-02  3.0324E-01
  8.0559E-01  1.5448E-01 -1.3511E+00  8.1197E-02  3.0324E-01
  1.3921E+00 -7.9836E-02 -7.4432E-01  8.1197E-02  3.0324E-01
  1.0913E+00  6.5226E-02  1.1307E+00  8.0816E-02  3.0755E-01
  1.5602E+00  3.4078E-04 -1.9921E-01  8.0816E-02  3.0755E-01
 -1.0374E-01  1.8568E-01  1.5428E+00  8.0055E-02  3.1640E-01
 -4.3193E-01  8.2367E-02  1.4861E+00  7.9674E-02  3.2096E-01
  1.3788E+00  7.0594E-02  6.8720E-01  7.9293E-02  3.2561E-01
  1.3421E+00 -9.5723E-02 -7.3798E-01  7.8913E-02  3.3034E-01
 -8.9543E-01  8.6620E-02  1.2432E+00  7.8913E-02  3.3034E-01
  4.3455E-01 -3.9490E-02  1.4555E+00  7.8152E-02  3.4009E-01
 -1.8214E-01  1.6178E-01  1.4923E+00  7.7771E-02  3.4511E-01
 -6.5799E-01 -1.5486E-01  1.3442E+00  7.7390E-02  3.5022E-01
 -1.3522E+00 -1.8204E-01 -6.1643E-01  7.7010E-02  3.5544E-01
 -1.4391E+00  9.3988E-02  4.0216E-01  7.7010E-02  3.5544E-01
 -1.4531E+00  1.4723E-01 -3.2932E-01  7.7010E-02  3.5544E-01
  6.9570E-01 -1.6894E-01  1.3065E+00  7.6629E-02  3.6076E-01
 -4.3461E-02 -1.7689E-01 -1.4713E+00  7.6248E-02  3.6619E-01
  1.4159E+00 -1.5164E-01 -4.1229E-01  7.6248E-02  3.6619E-01
  5.0953E-01 -1.2406E-01 -1.3866E+00  7.6248E-02  3.6619E-01
  1.1396E+00 -1.7450E-01  9.3205E-01  7.6248E-02  3.6619E-01
 -1.4211E+00  4.6967E-02 -3.9312E-01  7.5868E-02  3.7173E-01
 -7.4279E-01  4.2966E-02  1.2738E+00  7.5868E-02  3.7173E-01
 -5.5328E-01  7.5150E-02 -1.3655E+00  7.5868E-02  3.7173E-01
  5.8973E-01  1.5885E-01 -1.3428E+00  7.5868E-02  3.7173E-01
  1.1629E+00  5.5203E-02 -8.9412E-01  7.5487E-02  3.7739E-01
 -4.9975E-01 -2.6581E-02  1.3800E+00  7.5487E-02  3.7739E-01
  6.6736E-01 -4.4620E-02 -1.2986E+00  7.5106E-02  3.8315E-01
 -9.5600E-01 -1.8585E-01  1.0790E+00  7.4726E-02  3.8904E-01
 -1.4455E+00  1.2103E-01  9.2806E-02  7.4726E-02  3.8904E-01
 -1.0082E+00 -1.6538E-01 -1.0239E+00  7.4345E-02  3.9504E-01
  5.7430E-01 -1.1371E-02 -1.3197E+00  7.3965E-02  4.0117E-01
  1.2325E+00 -3.7222E-02 -7.2860E-01  7.3584E-02  4.0743E-01
  1.3965E+00 -1.0069E-01  3.0182E-01  7.3584E-02  4.0743E-01
 -5.8377E-01 -4.4411E-02  1.3071E+00  7.3584E-02  4.0743E-01
 -5.1857E-01  2.1312E-02 -1.3274E+00  7.3203E-02  4.1382E-01
 -1.1994E+00  5.5561E-02 -7.6786E-01  7.3203E-02  4.1382E-01
  5.8773E-01  1.4204E-02 -1.2830E+00  7.2442E-02  4.2701E-01
 -3.3729E-01  3.2694E-02 -1.3700E+00  7.2442E-02  4.2701E-01
 -1.4040E+00 -1.4348E-01  7.4001E-03  7.2442E-02  4.2701E-01
 -1.3237E+00  1.8198E-01  4.3235E-01  7.2061E-02  4.3381E-01
  1.4017E+00 -8.6749E-02  1.3371E-02  7.2061E-02  4.3381E-01
  8.6894E-01 -1.5289E-01  1.0927E+00  7.2061E-02  4.3381E-01
  8.4220E-01 -1.5685E-01 -1.1042E+00  7.1680E-02  4.4076E-01
 -1.2895E+00  1.3587E-02 -5.3877E-01  7.1680E-02  4.4076E-01
  8.7126E-01  1.6728E-01 -1.0798E+00  7.1680E-02  4.4076E-01
 -1.2737E+00 -1.0301E-01  5.6589E-01  7.1680E-02  4.4076E-01
 -1.0678E+00 -1.2263E-01  8.8253E-01  7.1300E-02  4.4786E-01
  1.3660E+00  1.1981E-01  1.8714E-01  7.0919E-02  4.5511E-01
 -1.3120E-01 -1.7801E-01 -1.3594E+00  7.0538E-02  4.6253E-01
  7.9049E-01 -1.7143E-01 -1.1147E+00  7.0538E-02  4.6253E-01
 -1.3175E+00  1.0569E-01  3.6237E-01  7.0157E-02  4.7010E-01
  1.3648E+00  1.1083E-01 -5.8391E-02  7.0157E-02  4.7010E-01
  9.4953E-01  4.6036E-02  9.8725E-01  7.0157E-02  4.7010E-01
  3.7504E-01  2.6741E-02 -1.3180E+00  7.0157E-02  4.7010E-01
 -1.3537E+00  1.3158E-01  1.0207E-01  6.9776E-02  4.7784E-01
 -2.7793E-01 -1.8320E-01 -1.3227E+00  6.9776E-02  4.7784E-01
 -1.3436E+00  5.6658E-02  1.8358E-01  6.9395E-02  4.8575E-01
  1.7543E-01  3.8326E-02  1.3454E+00  6.9395E-02  4.8575E-01
  5.7951E-01 -1.6209E-01  1.2166E+00  6.9395E-02  4.8575E-01
  8.8037E-01  4.2606E-02  1.0235E+00  6.9014E-02  4.9384E-01
 -1.3402E+00  1.5496E-01  6.6914E-02  6.9014E-02  4.9384E-01
  1.1460E+00  1.4270E-02  7.1476E-01  6.9014E-02  4.9384E-01
  2.2074E-02  7.0335E-02 -1.3422E+00  6.8633E-02  5.0211E-01
 -1.4671E-01 -5.3869E-02 -1.3351E+00  6.8633E-02  5.0211E-01
  1.3321E+00 -2.8779E-02 -1.1970E-01  6.8252E-02  5.1057E-01
  1.2507E+00 -1.0271E-01  4.4467E-01  6.7871E-02  5.1923E-01
  1.3249E+00  1.1124E-02  7.3597E-03  6.7489E-02  5.2808E-01
  1.1325E+00  9.1814E-02 -6.6921E-01  6.7108E-02  5.3713E-01
  1.1895E+00 -8.8744E-02  5.6227E-01  6.7108E-02  5.3713E-01
 -5.8758E-01  3.6514E-02 -1.1729E+00  6.6726E-02  5.4640E-01
  1.2722E+00 -1.5463E-01  2.8273E-01  6.6726E-02  5.4640E-01
  3.6459E-01 -1.5951E-02 -1.2541E+00  6.6345E-02  5.5588E-01
  4.4758E-01  1.1233E-02 -1.2270E+00  6.6345E-02  5.5588E-01
 -8.6876E-01 -1.6912E-01  9.6058E-01  6.6345E-02  5.5588E-01
 -1.1461E+00 -1.3404E-01 -5.9876E-01  6.5963E-02  5.6559E-01
 -4.4266E-01  1.6540E-01 -1.2110E+00  6.5963E-02  5.6559E-01
 -1.0125E+00 -9.3484E-02 -8.0012E-01  6.5581E-02  5.7553E-01
 -1.2249E+00  1.6383E-01  3.8312E-01  6.5581E-02  5.7553E-01
  2.8047E-01 -8.5229E-03 -1.2568E+00  6.5199E-02  5.8571E-01
  8.0541E-01 -9.6836E-03  1.0048E+00  6.5199E-02  5.8571E-01
  1.2470E+00  2.4203E-02  2.9519E-01  6.4817E-02  5.9614E-01
  1.2787E+00 -6.0646E-02 -6.4180E-02  6.4817E-02  5.9614E-01
  8.9954E-01 -1.8154E-01 -8.9482E-01  6.4817E-02  5.9614E-01
  6.8585E-01  7.4760E-03  1.0757E+00  6.4434E-02  6.0681E-01
  1.0985E+00  4.3346E-02  6.4725E-01  6.4434E-02  6.0681E-01
 -3.5506E-01 -1.7539E-01  1.2127E+00  6.4434E-02  6.0681E-01
 -9.7595E-01 -1.2272E-01  8.1239E-01  6.4434E-02  6.0681E-01
  1.1805E+00  1.1424E-01  4.5365E-01  6.4051E-02  6.1776E-01
 -2.3291E-01  3.0914E-02 -1.2419E+00  6.3669E-02  6.2897E-01
 -7.3186E-01 -3.5402E-02  1.0299E+00  6.3669E-02  6.2897E-01
  7.5042E-01 -5.6073E-02 -1.0155E+00  6.3669E-02  6.2897E-01
 -2.4717E-01  1.1529E-01 -1.2282E+00  6.3285E-02  6.4046E-01
  6.3126E-01  3.6895E-02 -1.0876E+00  6.3285E-02  6.4046E-01
 -4.2573E-01 -5.2788E-02  1.1827E+00  6.3285E-02  6.4046E-01
  1.9530E-01  4.2791E-02 -1.2421E+00  6.3285E-02  6.4046E-01
  1.2882E-01  1.9810E-02 -1.2513E+00  6.3285E-02  6.4046E-01
 -1.2291E+00 -3.4370E-02 -2.6630E-01  6.3285E-02  6.4046E-01
 -6.4329E-02 -9.7924E-02 -1.2468E+00  6.2902E-02  6.5224E-01
  1.1475E+00 -1.2846E-01 -4.6975E-01  6.2518E-02  6.6433E-01
  7.6337E-01 -3.2300E-02  9.8499E-01  6.2518E-02  6.6433E-01
 -1.0910E+00 -1.4978E-01  5.8411E-01  6.2518E-02  6.6433E-01
 -2.2392E-01  1.3037E-01 -1.2194E+00  6.2518E-02  6.6433E-01
  1.0327E+00 -1.5286E-01  6.7080E-01  6.2134E-02  6.7672E-01
 -9.1688E-01 -1.6843E-01 -8.1904E-01  6.2134E-02  6.7672E-01
 -8.3297E-01  1.0619E-01 -9.1364E-01  6.2134E-02  6.7672E-01
  9.3847E-01 -1.6623E-01  7.9467E-01  6.2134E-02  6.7672E-01
  1.2065E+00  1.2824E-01 -2.6024E-01  6.2134E-02  6.7672E-01
  1.7351E-01 -2.1012E-02 -1.2229E+00  6.1750E-02  6.8943E-01
  8.5384E-01 -9.4348E-02 -8.8770E-01  6.1750E-02  6.8943E-01
  1.1246E-01 -8.6333E-02  1.2271E+00  6.1750E-02  6.8943E-01
 -1.1383E+00 -8.3969E-02  4.7251E-01  6.1750E-02  6.8943E-01
  9.0130E-01  8.9811E-02 -8.3996E-01  6.1750E-02  6.8943E-01
  4.2121E-01 -1.4135E-01  1.1467E+00  6.1365E-02  7.0248E-01
  1.1950E+00 -9.9714E-02  2.7245E-01  6.1365E-02  7.0248E-01
  1.1496E+00  2.2567E-02  4.3597E-01  6.1365E-02  7.0248E-01
  8.5716E-01  1.7742E-01 -8.6372E-01  6.1365E-02  7.0248E-01
 -8.4578E-01 -1.8616E-01 -8.6527E-01  6.0980E-02  7.1587E-01
  1.1792E+00 -9.9615E-02  3.1350E-01  6.0980E-02  7.1587E-01
  1.2071E+00  1.6762E-01 -7.5121E-03  6.0595E-02  7.2962E-01
  1.2081E+00  1.5350E-01  4.6858E-02  6.0595E-02  7.2962E-01
  1.9247E-01 -9.1607E-02  1.1945E+00  6.0209E-02  7.4374E-01
  9.5971E-01 -1.2526E-01 -7.3177E-01  6.0209E-02  7.4374E-01
 -1.2039E+00  2.8369E-02  1.4878E-01  6.0209E-02  7.4374E-01
 -2.5957E-01  5.6411E-02  1.1784E+00  5.9822E-02  7.5825E-01
  1.1326E+00 -1.7133E-01  3.8351E-01  5.9822E-02  7.5825E-01
  1.2073E+00  3.7478E-02  1.8105E-02  5.9822E-02  7.5825E-01
  1.1590E+00  1.1712E-02  3.2095E-01  5.9436E-02  7.7315E-01
  3.8213E-01  1.5348E-01  1.1300E+00  5.9436E-02  7.7315E-01
  1.0118E+00  1.8015E-01 -6.2473E-01  5.9436E-02  7.7315E-01
 -1.2795E-02 -1.7623E-01 -1.1897E+00  5.9436E-02  7.7315E-01
  4.0728E-01  1.0635E-01  1.1211E+00  5.9048E-02  7.8847E-01
 -1.0751E+00  1.1263E-01 -5.0299E-01  5.8660E-02  8.0422E-01
 -5.8003E-01  1.3852E-01  1.0325E+00  5.8660E-02  8.0422E-01
 -1.1617E+00  1.6707E-01  2.1017E-01  5.8660E-02  8.0422E-01
 -1.5433E-01 -1.0901E-01  1.1772E+00  5.8660E-02  8.0422E-01
  1.0341E+00 -1.8229E-01  5.5383E-01  5.8271E-02  8.2042E-01
  8.9066E-01  7.9041E-02 -7.8095E-01  5.8271E-02  8.2042E-01
  4.8079E-01  7.4383E-02  1.0829E+00  5.8271E-02  8.2042E-01
  3.1249E-01  1.8200E-01  1.1255E+00  5.7882E-02  8.3709E-01
  1.1688E+00 -8.4557E-02  1.5550E-01  5.7882E-02  8.3709E-01
  1.0807E+00 -1.3050E-01  4.6086E-01  5.7882E-02  8.3709E-01
 -1.1263E+00 -1.6142E-01  3.2048E-01  5.7882E-02  8.3709E-01
 -8.2267E-01 -3.3986E-02 -8.4822E-01  5.7882E-02  8.3709E-01
 -2.1716E-01  2.2437E-02 -1.1567E+00  5.7492E-02  8.5424E-01
  1.1385E+00 -1.3098E-01  2.6893E-01  5.7492E-02  8.5424E-01
 -6.7429E-02 -1.2049E-01 -1.1690E+00  5.7492E-02  8.5424E-01
  8.5248E-01  1.3628E-01  8.0020E-01  5.7492E-02  8.5424E-01
  6.4242E-01  1.4226E-01 -9.7008E-01  5.7101E-02  8.7190E-01
  5.8279E-01 -1.1068E-01  1.0110E+00  5.7101E-02  8.7190E-01
 -9.6604E-01  1.2124E-01 -6.4393E-01  5.6710E-02  8.9009E-01
  9.3662E-01 -4.2571E-02  6.9535E-01  5.6710E-02  8.9009E-01
 -3.2162E-01  3.0365E-02  1.1167E+00  5.6317E-02  9.0882E-01
  2.3461E-01  1.8035E-01  1.1242E+00  5.6317E-02  9.0882E-01
 -1.1391E+00 -1.4296E-01  1.8244E-01  5.6317E-02  9.0882E-01
 -1.1492E+00  1.2308E-01 -1.2454E-01  5.6317E-02  9.0882E-01
 -1.0481E+00 -1.5464E-01 -4.7844E-01  5.6317E-02  9.0882E-01
  1.0426E+00  1.6314E-01  4.8746E-01  5.6317E-02  9.0882E-01
  9.9612E-01 -9.4698E-02  5.8231E-01  5.5924E-02  9.2814E-01
 -1.0803E+00 -5.3038E-02  4.1284E-01  5.5924E-02  9.2814E-01
  5.5443E-01  1.4078E-01 -1.0065E+00  5.5924E-02  9.2814E-01
 -6.2586E-01 -1.7417E-01  9.5826E-01  5.5924E-02  9.2814E-01
  6.3312E-01 -1.4408E-01 -9.5849E-01  5.5924E-02  9.2814E-01
  1.0211E+00  1.8106E-01  5.0406E-01  5.5530E-02  9.4805E-01
 -1.1492E+00 -9.3770E-02  2.1429E-03  5.5530E-02  9.4805E-01
  9.1536E-01 -2.5284E-02  7.0065E-01  5.5530E-02  9.4805E-01
  1.0726E+00  1.0840E-01  3.9554E-01  5.5134E-02  9.6859E-01
  1.0868E+00 -1.4001E-01  3.4362E-01  5.5134E-02  9.6859E-01
 -1.1476E+00  2.5228E-02  3.3432E-02  5.5134E-02  9.6859E-01
  8.6306E-01 -5.1009E-02 -7.5583E-01  5.5134E-02  9.6859E-01
 -5.7857E-01  9.5059E-02 -9.8209E-01  5.4738E-02  9.8980E-01
  9.8380E-01  1.1117E-01  5.6370E-01  5.4340E-02  1.0117E+00
  1.1110E+00  5.3589E-02  2.4669E-01  5.4340E-02  1.0117E+00
  6.9678E-01  1.6944E-01  8.8530E-01  5.4340E-02  1.0117E+00
 -5.4174E-01 -1.5004E-01  9.9095E-01  5.4340E-02  1.0117E+00
  1.1294E+00  1.3960E-01  5.4053E-02  5.4340E-02  1.0117E+00
 -6.3680E-01 -1.8218E-01  9.2149E-01  5.3941E-02  1.0343E+00
  1.1329E+00 -6.0118E-02  2.6394E-02  5.3941E-02  1.0343E+00
 -1.1300E+00 -3.1928E-02 -9.4409E-03  5.3541E-02  1.0577E+00
 -6.4021E-01  5.6996E-02 -9.2994E-01  5.3541E-02  1.0577E+00
 -9.7643E-01  1.1371E-01  5.4938E-01  5.3139E-02  1.0818E+00
  7.3627E-01  1.9083E-02  8.4625E-01  5.2736E-02  1.1068E+00
  1.0211E+00  8.7920E-02 -4.5632E-01  5.2736E-02  1.1068E+00
  7.0691E-01  1.3183E-01 -8.6110E-01  5.2736E-02  1.1068E+00
  7.6940E-01 -1.7188E-01  7.9817E-01  5.2736E-02  1.1068E+00
 -5.6353E-01 -1.0968E-01  9.6384E-01  5.2736E-02  1.1068E+00
 -6.6753E-01  6.4963E-02  8.9409E-01  5.2331E-02  1.1327E+00
  1.0553E+00  6.9559E-02  3.6165E-01  5.2331E-02  1.1327E+00
 -2.3433E-01  6.9385E-02 -1.0906E+00  5.2331E-02  1.1327E+00
  1.1062E+00  1.3238E-01 -8.9771E-02  5.2331E-02  1.1327E+00
 -7.9909E-01 -1.9453E-02  7.8120E-01  5.2331E-02  1.1327E+00
 -1.0224E+00 -1.0279E-01  4.3974E-01  5.2331E-02  1.1327E+00
  4.3294E-01 -3.8592E-02  1.0297E+00  5.2331E-02  1.1327E+00
  1.1035E+00 -1.3205E-01  6.8963E-02  5.1925E-02  1.1595E+00
 -1.1102E+00  1.5533E-02  8.4898E-02  5.1925E-02  1.1595E+00
  1.1090E+00 -1.2808E-02  3.0157E-02  5.1516E-02  1.1873E+00
  7.5872E-01  1.2103E-01 -8.0042E-01  5.1516E-02  1.1873E+00
  5.9305E-01  1.6156E-01 -9.2367E-01  5.1516E-02  1.1873E+00
  4.0920E-01 -1.6013E-01  1.0144E+00  5.1106E-02  1.2161E+00
  9.2781E-01 -4.7434E-02  5.9921E-01  5.1106E-02  1.2161E+00
  4.6886E-01 -1.4748E-01 -9.9023E-01  5.1106E-02  1.2161E+00
  6.3284E-01  1.3356E-01 -8.9655E-01  5.1106E-02  1.2161E+00
  6.7981E-01  1.4395E-01 -8.5475E-01  5.0694E-02  1.2461E+00
 -1.6977E-01 -9.1054E-02 -1.0846E+00  5.0694E-02  1.2461E+00
  1.0737E+00  8.7522E-02  2.3009E-01  5.0694E-02  1.2461E+00
 -1.0414E+00  2.6125E-03 -3.5898E-01  5.0694E-02  1.2461E+00
  5.0288E-01 -1.4799E-01 -9.6885E-01  5.0694E-02  1.2461E+00
  6.5552E-01 -1.0535E-01 -8.7417E-01  5.0279E-02  1.2771E+00
  1.0939E+00  8.8341E-02 -2.5220E-02  5.0279E-02  1.2771E+00
  6.8148E-02  1.7327E-01 -1.0780E+00  4.9863E-02  1.3094E+00
  3.9829E-01  4.4956E-02 -1.0179E+00  4.9863E-02  1.3094E+00
 -9.9340E-01  4.2023E-02 -4.5613E-01  4.9863E-02  1.3094E+00
 -7.8425E-01 -4.0606E-02  7.6156E-01  4.9863E-02  1.3094E+00
 -1.0738E+00  1.6775E-01  8.5194E-02  4.9444E-02  1.3430E+00
 -9.7589E-01 -1.2343E-01 -4.7006E-01  4.9444E-02  1.3430E+00
  7.8058E-01 -1.8694E-04  7.5584E-01  4.9022E-02  1.3780E+00
  5.6404E-01 -9.4654E-02 -9.2385E-01  4.9022E-02  1.3780E+00
 -1.0768E+00  8.0317E-02 -1.2109E-01  4.9022E-02  1.3780E+00
  1.0220E+00  4.2724E-02 -3.5563E-01  4.8597E-02  1.4144E+00
  1.0295E+00 -1.8390E-01 -2.8130E-01  4.8597E-02  1.4144E+00
  6.2442E-01  1.3460E-01 -8.7453E-01  4.8597E-02  1.4144E+00
 -4.1812E-01 -2.5897E-02  9.9866E-01  4.8597E-02  1.4144E+00
  1.0770E+00 -1.1705E-04 -1.1370E-01  4.8597E-02  1.4144E+00
 -9.9398E-01  8.7730E-02 -4.2087E-01  4.8597E-02  1.4144E+00
  9.2170E-01  1.7109E-01 -5.3518E-01  4.8170E-02  1.4524E+00
  4.5379E-01 -9.7289E-02 -9.7459E-01  4.8170E-02  1.4524E+00
  3.2426E-01  4.8582E-02  1.0285E+00  4.8170E-02  1.4524E+00
  8.0489E-01  8.1972E-02  7.1461E-01  4.8170E-02  1.4524E+00
  1.0595E+00 -6.7613E-02 -1.9530E-01  4.8170E-02  1.4524E+00
 -7.1402E-01 -8.1060E-02 -8.0088E-01  4.7739E-02  1.4920E+00
  8.5387E-02 -1.6208E-01  1.0603E+00  4.7739E-02  1.4920E+00
  1.1808E-01 -1.1409E-01 -1.0634E+00  4.7739E-02  1.4920E+00
  2.1133E-01  4.7224E-02 -1.0540E+00  4.7739E-02  1.4920E+00
  1.0749E+00  3.2492E-02 -3.7065E-02  4.7739E-02  1.4920E+00
 -3.5474E-01  4.7108E-02  1.0148E+00  4.7739E-02  1.4920E+00
 -3.4696E-01 -8.1139E-02 -1.0117E+00  4.7306E-02  1.5334E+00
  1.0313E+00  1.0358E-01 -2.7612E-01  4.7306E-02  1.5334E+00
  9.6341E-01 -2.0701E-02 -4.6358E-01  4.6868E-02  1.5768E+00
  1.0155E+00  4.0461E-02 -3.3268E-01  4.6868E-02  1.5768E+00
 -1.0337E+00  2.5303E-02 -2.7245E-01  4.6868E-02  1.5768E+00
  4.1882E-01  2.7923E-02 -9.8351E-01  4.6868E-02  1.5768E+00
  5.6896E-01  1.8109E-01 -8.8323E-01  4.6427E-02  1.6222E+00
  9.0979E-01  9.3278E-02  5.4790E-01  4.6427E-02  1.6222E+00
  3.7342E-01  2.5330E-02 -9.9826E-01  4.6427E-02  1.6222E+00
 -5.9227E-01 -2.0736E-03 -8.8267E-01  4.5982E-02  1.6697E+00
 -6.2382E-01 -1.6945E-01 -8.4381E-01  4.5982E-02  1.6697E+00
 -4.6203E-01 -1.0457E-02 -9.5724E-01  4.5982E-02  1.6697E+00
  9.9944E-04 -1.0666E-01 -1.0576E+00  4.5982E-02  1.6697E+00
 -8.0858E-01  1.1500E-01 -6.7551E-01  4.5533E-02  1.7196E+00
  9.2506E-01 -8.2249E-02 -5.1072E-01  4.5533E-02  1.7196E+00
  8.8361E-01 -5.7052E-02  5.8250E-01  4.5533E-02  1.7196E+00
 -9.4408E-01  4.6852E-03 -4.8170E-01  4.5533E-02  1.7196E+00
 -2.2555E-01  8.2570E-02  1.0323E+00  4.5533E-02  1.7196E+00
 -9.9530E-01 -7.5365E-02 -3.4736E-01  4.5079E-02  1.7721E+00
  9.0376E-02 -1.5280E-01 -1.0419E+00  4.5079E-02  1.7721E+00
 -9.5614E-02  3.3800E-03  1.0525E+00  4.5079E-02  1.7721E+00
  1.0053E+00  1.0243E-01 -2.9927E-01  4.4620E-02  1.8273E+00
  1.0385E+00 -1.2283E-01 -1.3146E-01  4.4620E-02  1.8273E+00
 -8.8300E-01 -1.2069E-01 -5.5721E-01  4.4156E-02  1.8855E+00
  1.0303E+00 -2.3509E-02 -1.9179E-01  4.3687E-02  1.9469E+00
  6.5735E-01  7.9591E-02  8.1268E-01  4.3687E-02  1.9469E+00
  6.3904E-01 -7.9683E-02 -8.2715E-01  4.3687E-02  1.9469E+00
  3.1327E-01  1.7652E-02 -9.9738E-01  4.3212E-02  2.0119E+00
  7.9762E-01  1.5806E-01  6.5729E-01  4.3212E-02  2.0119E+00
 -6.8232E-01 -4.8491E-02  7.9076E-01  4.3212E-02  2.0119E+00
 -9.7739E-01  8.9856E-02 -3.6033E-01  4.3212E-02  2.0119E+00
 -6.6492E-01 -1.3408E-01  7.9221E-01  4.2730E-02  2.0806E+00
 -3.0026E-01  1.6145E-01 -9.8564E-01  4.2730E-02  2.0806E+00
  1.0158E-01  1.4657E-01 -1.0250E+00  4.2242E-02  2.1536E+00
 -1.0319E+00 -1.0442E-01 -8.1433E-02  4.2242E-02  2.1536E+00
  3.5045E-01 -2.3576E-02 -9.7928E-01  4.2242E-02  2.1536E+00
 -9.4706E-01  2.0589E-02  4.3014E-01  4.2242E-02  2.1536E+00
  8.3062E-01 -1.7484E-01 -6.0154E-01  4.2242E-02  2.1536E+00
 -5.3363E-01  4.2870E-02 -8.8915E-01  4.1747E-02  2.2312E+00
  9.5840E-01 -1.2715E-01  3.7748E-01  4.1747E-02  2.2312E+00
 -1.0346E+00 -1.9839E-02  7.9560E-02  4.1747E-02  2.2312E+00
 -9.6490E-01  3.1273E-02 -3.8103E-01  4.1747E-02  2.2312E+00
 -6.9298E-01 -1.6896E-02  7.6922E-01  4.1244E-02  2.3138E+00
  7.8476E-01  1.7158E-01 -6.4968E-01  4.0733E-02  2.4020E+00
  4.1079E-01  1.4530E-01  9.3675E-01  4.0733E-02  2.4020E+00
  1.0023E+00 -1.8517E-01 -1.6850E-01  4.0733E-02  2.4020E+00
  7.3491E-01  2.0794E-02 -7.2584E-01  4.0733E-02  2.4020E+00
 -1.0281E+00 -8.9281E-03  1.0110E-01  4.0733E-02  2.4020E+00
  9.7718E-01  5.3411E-02 -3.2400E-01  4.0213E-02  2.4964E+00
  4.8121E-02 -1.6896E-01  1.0158E+00  4.0213E-02  2.4964E+00
  1.0189E+00  1.2373E-01  9.5718E-02  4.0213E-02  2.4964E+00
 -8.8243E-01  1.5660E-01  5.0498E-01  3.9683E-02  2.5977E+00
 -5.6437E-01  1.3831E-01 -8.4887E-01  3.9683E-02  2.5977E+00
 -1.2302E-02  1.8243E-01 -1.0102E+00  3.9143E-02  2.7067E+00
  9.5174E-01  1.7060E-01 -3.4495E-01  3.9143E-02  2.7067E+00
 -9.9137E-01 -1.6652E-01  2.0824E-01  3.9143E-02  2.7067E+00
 -9.8379E-01 -1.6907E-01  2.3973E-01  3.9143E-02  2.7067E+00
 -3.0170E-01  1.9394E-02  9.8107E-01  3.9143E-02  2.7067E+00
 -6.7938E-01 -7.6991E-02  7.6306E-01  3.8592E-02  2.8243E+00
 -7.5935E-01 -1.8533E-01 -6.5939E-01  3.8029E-02  2.9517E+00
  9.9668E-01 -1.8214E-01 -1.3864E-01  3.8029E-02  2.9517E+00
 -8.0631E-01 -1.2068E-01 -6.1420E-01  3.7452E-02  3.0900E+00
 -1.0126E+00 -1.1848E-01  5.1187E-02  3.7452E-02  3.0900E+00
 -8.6184E-01 -1.1976E-01 -5.3371E-01  3.7452E-02  3.0900E+00
 -5.5721E-02 -1.4196E-01 -1.0093E+00  3.7452E-02  3.0900E+00
 -3.9424E-01 -1.4683E-01  9.3004E-01  3.7452E-02  3.0900E+00
  9.9912E-01  1.7732E-01 -1.1080E-01  3.7452E-02  3.0900E+00
 -8.1121E-01 -8.0615E-02 -6.1135E-01  3.6862E-02  3.2409E+00
  6.1854E-01  1.1846E-01 -8.0104E-01  3.6862E-02  3.2409E+00
  1.5320E-01 -1.4819E-01 -9.9468E-01  3.6256E-02  3.4062E+00
 -2.1130E-01 -3.3615E-02 -9.9284E-01  3.5633E-02  3.5880E+00
  1.0005E+00 -1.2065E-02 -1.7450E-01  3.5633E-02  3.5880E+00
 -5.4468E-01 -7.1592E-02 -8.5423E-01  3.5633E-02  3.5880E+00
 -1.4110E-01  5.0623E-02  1.0045E+00  3.5633E-02  3.5880E+00
 -3.8820E-01  7.1402E-02 -9.3411E-01  3.4991E-02  3.7890E+00
 -4.4281E-01  1.1686E-01 -9.0478E-01  3.4991E-02  3.7890E+00
 -8.3009E-01 -1.4486E-01 -5.6421E-01  3.4991E-02  3.7890E+00
  5.7056E-01  2.7983E-02 -8.3610E-01  3.4329E-02  4.0125E+00
  4.6433E-01 -9.0457E-02  8.9532E-01  3.4329E-02  4.0125E+00
 -7.7702E-01 -1.1523E-01  6.3681E-01  3.3644E-02  4.2626E+00
  4.8248E-01  1.4909E-02 -8.8857E-01  3.3644E-02  4.2626E+00
 -7.9607E-01  1.0539E-01  6.1459E-01  3.3644E-02  4.2626E+00
 -8.1454E-01  1.5126E-02 -5.9684E-01  3.2934E-02  4.5444E+00
 -8.3824E-01 -6.4936E-02 -5.5951E-01  3.2934E-02  4.5444E+00
 -9.7107E-01 -1.0197E-01  2.5795E-01  3.2934E-02  4.5444E+00
  9.8404E-01  8.1700E-02 -2.0597E-01  3.2195E-02  4.8645E+00
 -8.7933E-01  6.3904E-02 -4.9004E-01  3.2195E-02  4.8645E+00
  6.3636E-01 -1.4496E-01  7.6907E-01  3.2195E-02  4.8645E+00
 -6.6434E-01  1.3497E-02 -7.5736E-01  3.1425E-02  5.2312E+00
 -8.3397E-01  4.5914E-04 -5.6535E-01  3.1425E-02  5.2312E+00
 -1.6521E-01  4.1481E-02  9.9303E-01  3.1425E-02  5.2312E+00
  6.8296E-01 -1.2431E-01  7.3023E-01  3.1425E-02  5.2312E+00
  4.0963E-02  1.9150E-02  1.0065E+00  3.1425E-02  5.2312E+00
  8.9239E-01 -2.6974E-02 -4.6694E-01  3.1425E-02  5.2312E+00
 -6.9878E-01 -7.0440E-02 -7.2091E-01  3.0618E-02  5.6557E+00
  1.3276E-01  2.9037E-02 -9.9725E-01  3.0618E-02  5.6557E+00
 -6.0111E-01  9.6368E-02  8.0023E-01  2.9770E-02  6.1530E+00
  2.2879E-01  1.0889E-01 -9.7303E-01  2.9770E-02  6.1530E+00
  9.6801E-04 -4.9876E-02 -1.0042E+00  2.9770E-02  6.1530E+00
  7.2973E-01  1.6504E-01  6.7040E-01  2.8874E-02  6.7438E+00
 -7.7362E-01 -1.3235E-01  6.2703E-01  2.8874E-02  6.7438E+00
 -3.1902E-01  4.8683E-02 -9.5133E-01  2.8874E-02  6.7438E+00
  9.9149E-01 -1.5608E-01 -4.1793E-02  2.8874E-02  6.7438E+00
  5.6941E-01 -1.3619E-01  8.1633E-01  2.8874E-02  6.7438E+00
  1.9774E-01  1.5139E-01 -9.7236E-01  2.7921E-02  7.4574E+00
 -7.6443E-01 -1.6601E-01 -6.2896E-01  2.7921E-02  7.4574E+00
 -9.5370E-01  1.7045E-01  2.6251E-01  2.7921E-02  7.4574E+00
  9.9750E-01 -7.7820E-03 -1.1151E-01  2.7921E-02  7.4574E+00
  5.8466E-01  1.0698E-01  8.0885E-01  2.7921E-02  7.4574E+00
 -8.1836E-01  1.0765E-01 -5.7114E-01  2.7921E-02  7.4574E+00
 -2.1633E-01  1.5391E-01 -9.6723E-01  2.6903E-02  8.3369E+00
 -5.7094E-01  1.2326E-01  8.1539E-01  2.6903E-02  8.3369E+00
 -5.2331E-02  1.2110E-01 -9.9429E-01  2.6903E-02  8.3369E+00
 -6.9393E-01 -1.5708E-01 -7.0697E-01  2.6903E-02  8.3369E+00
 -1.0048E-01  1.0898E-01  9.9199E-01  2.6903E-02  8.3369E+00
  7.2360E-01  1.6770E-01 -6.7303E-01  2.5804E-02  9.4481E+00
 -4.2250E-01 -4.5069E-02  9.0783E-01  2.5804E-02  9.4481E+00
 -2.7995E-01  9.8539E-02 -9.5679E-01  2.4606E-02  1.0897E+01
 -6.8173E-01  1.0229E-01  7.2686E-01  2.4606E-02  1.0897E+01
  9.9816E-01  8.1564E-02  2.3638E-02  2.4606E-02  1.0897E+01
 -6.5146E-01 -1.5544E-01  7.4430E-01  2.3280E-02  1.2866E+01
  5.5261E-01  1.0912E-01  8.2780E-01  2.3280E-02  1.2866E+01
 -4.8963E-01  3.2373E-02 -8.7279E-01  2.3280E-02  1.2866E+01
 -8.7600E-01 -1.0952E-01  4.7241E-01  2.3280E-02  1.2866E+01
  9.2020E-01  1.3465E-01 -3.7101E-01  2.3280E-02  1.2866E+01
 -5.1783E-01 -1.7443E-02 -8.5679E-01  2.3280E-02  1.2866E+01
 -8.6821E-01  1.3412E-01 -4.7952E-01  2.1787E-02  1.5696E+01
 -1.8134E-01 -4.6490E-02  9.8319E-01  2.1787E-02  1.5696E+01
  1.7628E-02  4.0011E-02  9.9990E-01  2.1787E-02  1.5696E+01
  6.5485E-01 -7.8287E-02  7.5283E-01  2.1787E-02  1.5696E+01
  2.2723E-01  7.6346E-02  9.7138E-01  2.0058E-02  2.0115E+01
 -8.8234E-01  1.6022E-02  4.7090E-01  1.7969E-02  2.7981E+01
 -2.3994E-01  1.6631E-01 -9.5672E-01  1.7969E-02  2.7981E+01
  7.8858E-01  7.0692E-02 -6.1130E-01  1.7969E-02  2.7981E+01
 -1.0364E-01  1.2392E-01  9.8714E-01  1.7969E-02  2.7981E+01
  9.1850E-01 -9.1955E-02 -3.8527E-01  1.7969E-02  2.7981E+01
