0.30992914285715D+02       614
(x,y,z) position of the X-ray source
 -0.7664E+00  0.8524E-01  0.1626E+01
x | y | z | R | rho
  1.2754E-02 -2.1964E-01  9.5305E+00  3.1209E-01  5.3401E-03
 -7.4487E-02 -7.4565E-02  9.3022E+00  3.0690E-01  5.6159E-03
 -6.6591E-01  4.2825E-02  9.2545E+00  3.0635E-01  5.6461E-03
  3.6106E-01 -2.7035E-01  8.9165E+00  2.9834E-01  6.1129E-03
 -1.6481E+00  1.1818E-01  8.4420E+00  2.9081E-01  6.6004E-03
 -5.3098E-01  3.3389E-01  8.3258E+00  2.8490E-01  7.0201E-03
  1.7422E-01 -2.3711E-01  8.3442E+00  2.8490E-01  7.0201E-03
  4.0685E-01  1.3114E-01  8.2541E+00  2.8291E-01  7.1688E-03
  1.7758E+00 -1.2169E-01  7.9359E+00  2.7979E-01  7.4119E-03
  1.3965E+00 -1.7460E-01  7.9495E+00  2.7836E-01  7.5264E-03
 -1.1244E+00 -1.9631E-01  7.0496E+00  2.5571E-01  9.7081E-03
  1.9009E-01  3.0816E-01  7.1085E+00  2.5512E-01  9.7757E-03
  6.9747E-01 -4.6554E-02  7.0355E+00  2.5394E-01  9.9130E-03
 -9.2304E-01  3.3072E-01  6.7024E+00  2.4650E-01  1.0839E-02
  7.0608E-01  3.1403E-01  6.5748E+00  2.4259E-01  1.1371E-02
  1.1051E+00 -1.0025E-01  6.3110E+00  2.3714E-01  1.2172E-02
  9.9097E-01 -2.9070E-01  6.2167E+00  2.3440E-01  1.2604E-02
 -1.1352E+00  9.0551E-02  6.0309E+00  2.3011E-01  1.3322E-02
 -3.7687E-01  1.8206E-01  6.0528E+00  2.2827E-01  1.3648E-02
 -1.9028E+00  1.7895E-01  5.7336E+00  2.2765E-01  1.3760E-02
 -1.6706E+00 -1.8579E-01  5.7444E+00  2.2610E-01  1.4044E-02
 -4.0597E-01  3.4533E-02  5.9245E+00  2.2487E-01  1.4277E-02
 -1.4467E+00  9.6744E-02  5.6865E+00  2.2300E-01  1.4638E-02
  1.2176E-01  1.1226E-01  5.8077E+00  2.2145E-01  1.4949E-02
  1.1210E+00 -5.0524E-02  5.6531E+00  2.2020E-01  1.5204E-02
  2.5761E-01  1.4673E-01  5.5927E+00  2.1581E-01  1.6151E-02
 -2.8133E-02  8.7993E-02  5.2294E+00  2.0565E-01  1.8663E-02
  3.1391E-01  1.7633E-01  5.1254E+00  2.0309E-01  1.9380E-02
 -1.8985E+00 -2.0270E-01  4.7702E+00  2.0309E-01  1.9380E-02
 -1.5424E+00  9.5329E-02  4.6831E+00  1.9727E-01  2.1144E-02
 -1.8992E+00  1.7855E-01  4.3489E+00  1.9206E-01  2.2915E-02
  9.6864E-01  2.4888E-01  4.4563E+00  1.8679E-01  2.4907E-02
 -1.0921E+00 -8.2123E-02  4.3406E+00  1.8414E-01  2.5998E-02
 -1.9507E+00 -2.1388E-01  3.9481E+00  1.8215E-01  2.6862E-02
  1.0593E+00  4.2342E-03  4.1754E+00  1.7914E-01  2.8237E-02
 -1.0287E+00  1.6162E-01  4.1337E+00  1.7780E-01  2.8881E-02
 -1.3794E+00 -2.0171E-02  4.0097E+00  1.7713E-01  2.9211E-02
  6.4016E-01 -2.6630E-01  4.1606E+00  1.7645E-01  2.9546E-02
  2.9097E-01  1.1870E-01  4.1838E+00  1.7578E-01  2.9887E-02
 -1.3302E+00 -4.6862E-02  3.8492E+00  1.7206E-01  3.1867E-02
  2.6907E-01 -2.3252E-01  3.9903E+00  1.7003E-01  3.3026E-02
  1.7639E+00 -7.1564E-02  3.5715E+00  1.6934E-01  3.3426E-02
 -1.7577E+00  9.7676E-02  3.5491E+00  1.6866E-01  3.3833E-02
  1.8200E+00  6.1237E-02  3.4185E+00  1.6593E-01  3.5534E-02
 -1.0628E+00 -1.1711E-02  3.6099E+00  1.6249E-01  3.7837E-02
 -1.1445E+00  2.4408E-01  3.5188E+00  1.6076E-01  3.9070E-02
 -1.8927E+00 -6.9333E-02  3.1754E+00  1.6042E-01  3.9323E-02
 -1.3814E+00  1.7548E-01  3.3306E+00  1.5764E-01  4.1436E-02
  9.0170E-01  8.4677E-02  3.4270E+00  1.5555E-01  4.3129E-02
 -6.4675E-01 -1.5971E-01  3.3712E+00  1.5205E-01  4.6176E-02
 -8.6958E-01  1.0679E-01  3.2894E+00  1.5100E-01  4.7150E-02
  1.0097E+00  2.1089E-01  3.1087E+00  1.4676E-01  5.1350E-02
 -1.4732E+00  2.3866E-02  2.8893E+00  1.4570E-01  5.2483E-02
  1.1622E+00 -3.3507E-02  2.9593E+00  1.4357E-01  5.4857E-02
  1.4035E+00 -2.1695E-01  2.7973E+00  1.4214E-01  5.6525E-02
  4.2561E-01 -5.2289E-02  3.0544E+00  1.4035E-01  5.8712E-02
  1.1961E+00  5.3828E-02  2.7967E+00  1.3892E-01  6.0548E-02
  6.5571E-02  2.3252E-02  2.9995E+00  1.3748E-01  6.2467E-02
  1.7701E+00 -6.5279E-02  2.3436E+00  1.3532E-01  6.5509E-02
  1.9034E-02  6.1274E-02  2.8954E+00  1.3388E-01  6.7653E-02
  4.7663E-01 -2.1331E-01  2.8487E+00  1.3388E-01  6.7653E-02
  1.1370E+00  1.2371E-01  2.6382E+00  1.3315E-01  6.8763E-02
  1.7291E+00  1.6142E-01  2.2657E+00  1.3243E-01  6.9898E-02
  1.2414E+00 -5.7091E-02  2.5700E+00  1.3243E-01  6.9898E-02
 -1.7009E+00 -1.5480E-01  2.2616E+00  1.3170E-01  7.1060E-02
 -8.2995E-01  1.9616E-01  2.7027E+00  1.3170E-01  7.1060E-02
  5.5923E-01  2.1925E-01  2.6960E+00  1.2916E-01  7.5345E-02
  5.1379E-01 -1.7919E-01  2.7080E+00  1.2916E-01  7.5345E-02
 -1.2415E+00 -4.0293E-02  2.4556E+00  1.2879E-01  7.5987E-02
 -1.6008E+00  1.2741E-01  2.2222E+00  1.2843E-01  7.6636E-02
  3.8680E-01 -1.3465E-01  2.6286E+00  1.2550E-01  8.2120E-02
  2.8644E-01 -4.3235E-02  2.6445E+00  1.2550E-01  8.2120E-02
  9.9849E-02 -9.2010E-02  2.6467E+00  1.2514E-01  8.2844E-02
 -1.4600E+00  1.3999E-01  2.1952E+00  1.2477E-01  8.3577E-02
 -9.8927E-01 -9.3266E-02  2.3806E+00  1.2256E-01  8.8168E-02
  1.8886E+00 -1.2161E-01 -1.7530E+00  1.2256E-01  8.8168E-02
 -5.2282E-02  4.2549E-02  2.5688E+00  1.2220E-01  8.8967E-02
 -1.6465E+00  8.8849E-02  1.9316E+00  1.2109E-01  9.1425E-02
  4.1690E-01  2.0190E-01  2.4869E+00  1.2072E-01  9.2266E-02
 -3.2329E-01 -1.2806E-01  2.4555E+00  1.1888E-01  9.6634E-02
 -1.1085E+00  1.9179E-01  2.2102E+00  1.1888E-01  9.6634E-02
 -1.6740E+00  1.7986E-01  1.7939E+00  1.1814E-01  9.8461E-02
 -4.3090E-02  8.3475E-02  2.4387E+00  1.1739E-01  1.0034E-01
  9.6990E-01  8.6931E-02  2.2164E+00  1.1665E-01  1.0226E-01
 -3.5938E-02 -1.4086E-01  2.3968E+00  1.1591E-01  1.0424E-01
 -1.6822E+00  1.0270E-01  1.7105E+00  1.1591E-01  1.0424E-01
  1.6789E+00 -1.3940E-01 -1.6973E+00  1.1554E-01  1.0525E-01
  9.9094E-01  1.1683E-01  2.1626E+00  1.1517E-01  1.0627E-01
  1.1765E+00  1.7709E-01  2.0633E+00  1.1517E-01  1.0627E-01
  4.5373E-01 -6.8522E-02  2.3271E+00  1.1480E-01  1.0731E-01
  1.6751E+00  2.3400E-03  1.6793E+00  1.1480E-01  1.0731E-01
 -1.9210E+00 -5.3950E-02  1.3904E+00  1.1480E-01  1.0731E-01
  1.0942E+00 -1.8634E-01  2.0852E+00  1.1442E-01  1.0836E-01
 -1.5538E+00  4.2436E-02  1.7787E+00  1.1442E-01  1.0836E-01
  1.0096E+00 -1.9843E-01  2.1264E+00  1.1442E-01  1.0836E-01
 -1.3799E+00 -1.8070E-01 -1.8967E+00  1.1405E-01  1.0942E-01
 -1.4238E+00 -1.5270E-01  1.8664E+00  1.1405E-01  1.0942E-01
 -1.5395E+00 -4.2030E-02 -1.7525E+00  1.1331E-01  1.1159E-01
  1.1353E+00  3.6498E-02  2.0379E+00  1.1331E-01  1.1159E-01
  8.0232E-01  1.3412E-01  2.1660E+00  1.1256E-01  1.1382E-01
 -8.1732E-01 -7.7178E-02  2.1529E+00  1.1219E-01  1.1496E-01
  1.2703E+00 -1.8761E-01 -1.8782E+00  1.1107E-01  1.1847E-01
 -1.4196E+00  1.6938E-02 -1.7779E+00  1.1107E-01  1.1847E-01
 -1.6584E+00  1.5947E-03  1.5154E+00  1.0995E-01  1.2214E-01
  8.0780E-01  2.0109E-01  2.0763E+00  1.0957E-01  1.2339E-01
  1.5522E+00  9.4086E-02  1.6080E+00  1.0957E-01  1.2339E-01
 -1.2028E+00  9.2665E-02  1.8838E+00  1.0957E-01  1.2339E-01
 -1.4539E+00  1.5211E-01 -1.6680E+00  1.0882E-01  1.2596E-01
 -1.8452E+00 -5.1901E-02 -1.2295E+00  1.0882E-01  1.2596E-01
 -1.3962E+00  1.3288E-01  1.7059E+00  1.0845E-01  1.2727E-01
 -1.6972E+00 -9.0600E-02 -1.4101E+00  1.0845E-01  1.2727E-01
  5.7361E-01  4.5723E-04  2.1228E+00  1.0808E-01  1.2859E-01
  3.6082E-01 -1.4444E-01  2.1547E+00  1.0770E-01  1.2994E-01
 -1.2878E+00 -2.0085E-01 -1.7593E+00  1.0770E-01  1.2994E-01
  1.0446E+00 -6.1700E-03 -1.9028E+00  1.0695E-01  1.3269E-01
 -1.4502E+00 -9.3957E-02 -1.6124E+00  1.0695E-01  1.3269E-01
 -1.8439E+00  1.2552E-01 -1.1203E+00  1.0658E-01  1.3410E-01
 -4.6685E-01  6.6099E-02  2.0996E+00  1.0620E-01  1.3553E-01
  1.4523E+00  1.9887E-01 -1.5753E+00  1.0620E-01  1.3553E-01
  1.7282E+00  1.7292E-01  1.2704E+00  1.0620E-01  1.3553E-01
  1.6537E+00 -1.0260E-01  1.3286E+00  1.0507E-01  1.3994E-01
  1.3004E+00  1.0370E-01 -1.6641E+00  1.0470E-01  1.4145E-01
 -1.7398E+00 -1.5459E-01 -1.1918E+00  1.0470E-01  1.4145E-01
 -9.2801E-01  9.5808E-02 -1.8872E+00  1.0432E-01  1.4299E-01
  7.4760E-01 -6.7666E-02  1.9569E+00  1.0394E-01  1.4454E-01
  1.8175E+00  1.7769E-01 -1.0095E+00  1.0357E-01  1.4613E-01
  1.9073E+00  1.5812E-01  8.3140E-01  1.0357E-01  1.4613E-01
 -1.0963E-01  8.4234E-02  2.0636E+00  1.0281E-01  1.4936E-01
 -1.2248E+00  1.8565E-01 -1.6562E+00  1.0281E-01  1.4936E-01
 -1.2919E+00 -7.9667E-02 -1.6013E+00  1.0244E-01  1.5102E-01
 -1.2912E-01 -9.3731E-02  2.0528E+00  1.0244E-01  1.5102E-01
  1.8135E+00 -6.0850E-02  9.5348E-01  1.0206E-01  1.5269E-01
  1.7225E+00 -1.7881E-01  1.0967E+00  1.0206E-01  1.5269E-01
 -7.1091E-01 -6.1750E-02  1.9216E+00  1.0206E-01  1.5269E-01
 -1.6654E+00 -1.5190E-01 -1.1695E+00  1.0168E-01  1.5440E-01
  1.2393E+00  1.5198E-01 -1.6025E+00  1.0131E-01  1.5613E-01
 -1.1222E-01 -8.2815E-02  2.0267E+00  1.0131E-01  1.5613E-01
  1.0165E+00  5.0241E-02  1.7476E+00  1.0093E-01  1.5789E-01
 -1.3955E+00 -3.0762E-02 -1.4634E+00  1.0093E-01  1.5789E-01
 -1.1495E+00  5.8012E-02  1.6518E+00  1.0055E-01  1.5967E-01
  8.6908E-01  3.6865E-02 -1.8056E+00  1.0017E-01  1.6148E-01
  1.3055E+00  7.9607E-02  1.5186E+00  1.0017E-01  1.6148E-01
 -1.0174E+00  7.6759E-02 -1.7040E+00  9.9419E-02  1.6519E-01
  6.5477E-01 -6.0513E-02 -1.8741E+00  9.9419E-02  1.6519E-01
 -7.8052E-01  1.6830E-02 -1.8262E+00  9.9419E-02  1.6519E-01
 -1.6571E+00  5.7764E-02 -1.0768E+00  9.9041E-02  1.6709E-01
  1.8405E+00  4.1959E-02  7.2073E-01  9.9041E-02  1.6709E-01
 -1.5410E+00 -1.5623E-01 -1.2141E+00  9.8663E-02  1.6902E-01
 -7.0833E-01  1.2936E-01  1.8316E+00  9.8663E-02  1.6902E-01
 -1.1782E+00  5.6945E-02  1.5642E+00  9.8285E-02  1.7098E-01
  1.4945E+00  4.9368E-02  1.2657E+00  9.8285E-02  1.7098E-01
 -6.2622E-01 -4.4079E-02 -1.8558E+00  9.8285E-02  1.7098E-01
 -1.1747E+00 -4.4881E-02  1.5560E+00  9.7907E-02  1.7297E-01
  1.0860E+00 -1.7866E-01 -1.5991E+00  9.7529E-02  1.7499E-01
 -1.7536E+00  1.6875E-01  8.1515E-01  9.7529E-02  1.7499E-01
 -1.6663E+00  1.7261E-01  9.8076E-01  9.7529E-02  1.7499E-01
  1.1883E+00 -4.3234E-02  1.5231E+00  9.7150E-02  1.7704E-01
  1.8613E+00 -1.1810E-01 -5.0524E-01  9.7150E-02  1.7704E-01
 -5.4087E-01 -1.3733E-01 -1.8499E+00  9.7150E-02  1.7704E-01
 -6.2177E-02  1.0834E-01  1.9282E+00  9.7150E-02  1.7704E-01
  1.3201E+00 -1.1849E-01 -1.4061E+00  9.7150E-02  1.7704E-01
 -1.8116E+00 -1.7036E-01 -6.2341E-01  9.6772E-02  1.7912E-01
  1.8424E+00  3.8015E-02  5.5098E-01  9.6772E-02  1.7912E-01
 -1.5285E+00  1.8448E-01 -1.1381E+00  9.6393E-02  1.8124E-01
 -4.7026E-01  1.0528E-01 -1.8529E+00  9.6393E-02  1.8124E-01
  4.1719E-01  1.3842E-01 -1.8543E+00  9.6015E-02  1.8340E-01
 -9.3585E-01  1.5389E-01  1.6427E+00  9.5636E-02  1.8558E-01
 -1.2883E+00  1.8513E-01  1.3799E+00  9.5636E-02  1.8558E-01
 -1.3727E+00 -8.9731E-02  1.3060E+00  9.5636E-02  1.8558E-01
 -1.8453E+00  1.6739E-01  3.6270E-01  9.5257E-02  1.8781E-01
  1.8086E-01 -1.1604E-01  1.8758E+00  9.5257E-02  1.8781E-01
  1.3271E+00  1.5299E-01  1.3342E+00  9.5257E-02  1.8781E-01
 -1.0240E+00  5.5059E-02 -1.5643E+00  9.4499E-02  1.9236E-01
 -7.8236E-01  1.0248E-01 -1.6959E+00  9.4499E-02  1.9236E-01
 -1.3696E+00 -3.5344E-02 -1.2606E+00  9.4120E-02  1.9470E-01
  1.8231E+00 -7.6187E-03  3.3205E-01  9.3741E-02  1.9707E-01
  2.5156E-01 -1.6196E-01 -1.8288E+00  9.3741E-02  1.9707E-01
 -1.5963E+00 -8.2171E-02 -9.3754E-01  9.3741E-02  1.9707E-01
  1.4843E+00 -9.8741E-02 -1.0904E+00  9.3361E-02  1.9948E-01
 -1.7359E+00 -7.5742E-02 -5.9240E-01  9.2982E-02  2.0193E-01
  1.7274E+00  1.0995E-01 -6.1147E-01  9.2982E-02  2.0193E-01
  9.3869E-01  2.9693E-02  1.5773E+00  9.2982E-02  2.0193E-01
  1.9489E-01  1.3392E-01  1.8204E+00  9.2982E-02  2.0193E-01
 -1.7122E+00 -4.1872E-02 -6.6074E-01  9.2982E-02  2.0193E-01
 -1.6558E+00 -1.1574E-01 -7.6367E-01  9.2603E-02  2.0443E-01
 -1.5735E+00  1.4540E-02  9.2854E-01  9.2603E-02  2.0443E-01
 -1.6882E+00 -1.8019E-01  6.5136E-01  9.2223E-02  2.0696E-01
  1.7931E+00  1.1996E-01 -2.7781E-01  9.2223E-02  2.0696E-01
 -1.1126E+00  3.7755E-02  1.4270E+00  9.1844E-02  2.0954E-01
  6.6673E-01 -1.4608E-01 -1.6763E+00  9.1844E-02  2.0954E-01
 -3.3880E-02 -6.8678E-02  1.8083E+00  9.1844E-02  2.0954E-01
 -1.9689E-01  1.2164E-01 -1.7864E+00  9.1464E-02  2.1216E-01
  1.5654E+00  2.7960E-02  8.9078E-01  9.1464E-02  2.1216E-01
  1.7503E+00  1.3548E-01 -4.0379E-01  9.1464E-02  2.1216E-01
  8.1476E-01 -3.8324E-02 -1.5965E+00  9.1084E-02  2.1482E-01
  1.3205E+00  7.6643E-02  1.2102E+00  9.1084E-02  2.1482E-01
 -1.5405E+00 -1.7687E-01 -8.9979E-01  9.1084E-02  2.1482E-01
  1.1967E+00  1.4527E-01 -1.3155E+00  9.0704E-02  2.1753E-01
 -1.1295E+00  1.1332E-01  1.3766E+00  9.0704E-02  2.1753E-01
 -1.3953E+00  1.6562E-01 -1.0997E+00  9.0704E-02  2.1753E-01
 -1.5240E+00 -1.7755E-01  8.9403E-01  9.0325E-02  2.2029E-01
 -9.1438E-01  7.8311E-02  1.5104E+00  8.9945E-02  2.2309E-01
 -1.7590E+00 -7.1454E-02  1.5533E-01  8.9945E-02  2.2309E-01
 -1.0156E+00  3.0217E-02  1.4357E+00  8.9565E-02  2.2594E-01
 -1.2927E+00  7.0043E-02 -1.1907E+00  8.9565E-02  2.2594E-01
 -1.2539E+00  7.7310E-02 -1.2311E+00  8.9565E-02  2.2594E-01
  4.0671E-01  1.2911E-02 -1.7112E+00  8.9565E-02  2.2594E-01
 -1.6630E+00  3.7867E-02 -5.7175E-01  8.9565E-02  2.2594E-01
  1.6085E+00 -3.0651E-02 -6.8990E-01  8.9185E-02  2.2884E-01
  1.0164E+00 -2.0878E-02  1.4250E+00  8.9185E-02  2.2884E-01
  1.6738E+00  1.7406E-01  4.8195E-01  8.9185E-02  2.2884E-01
  1.6402E+00 -9.0308E-02 -5.8004E-01  8.8805E-02  2.3179E-01
 -1.0460E+00  9.7846E-02  1.3897E+00  8.8805E-02  2.3179E-01
 -1.2529E+00  7.2722E-02 -1.1962E+00  8.8425E-02  2.3479E-01
 -7.1917E-01  1.7598E-01 -1.5677E+00  8.8425E-02  2.3479E-01
  1.4436E+00  1.7426E-02 -9.2964E-01  8.7664E-02  2.4095E-01
 -1.6765E+00  1.5270E-01  2.9353E-01  8.7284E-02  2.4412E-01
 -5.6404E-01  4.9620E-02 -1.5949E+00  8.6524E-02  2.5061E-01
 -1.2390E+00  8.3704E-02 -1.1498E+00  8.6524E-02  2.5061E-01
 -1.6484E+00 -5.2293E-02  3.4146E-01  8.6143E-02  2.5395E-01
 -9.0855E-01 -7.4946E-02 -1.4162E+00  8.6143E-02  2.5395E-01
  1.2155E+00  9.9567E-02 -1.1498E+00  8.5763E-02  2.5734E-01
 -1.5856E+00  6.1404E-02  5.1411E-01  8.5382E-02  2.6079E-01
  1.4954E+00  1.0742E-01 -7.3087E-01  8.5382E-02  2.6079E-01
 -1.2913E+00  1.6892E-01 -1.0421E+00  8.5382E-02  2.6079E-01
  1.6323E+00  1.2531E-01  3.1918E-01  8.5382E-02  2.6079E-01
  1.3370E+00  7.6670E-02  9.9424E-01  8.5382E-02  2.6079E-01
  1.6575E+00 -5.5635E-02 -6.9102E-02  8.5002E-02  2.6431E-01
 -9.8487E-01  7.3092E-03 -1.3260E+00  8.4622E-02  2.6789E-01
  8.3815E-01 -6.7449E-02  1.4218E+00  8.4622E-02  2.6789E-01
  1.6019E+00  1.3211E-01  3.8051E-01  8.4622E-02  2.6789E-01
 -2.0598E-01  8.0484E-03 -1.6389E+00  8.4622E-02  2.6789E-01
  1.3764E+00 -1.0680E-01  9.0686E-01  8.4622E-02  2.6789E-01
  1.4390E-01 -1.0420E-01  1.6422E+00  8.4622E-02  2.6789E-01
  4.3668E-01  4.6316E-03 -1.5847E+00  8.4241E-02  2.7154E-01
  1.3311E+00  4.0256E-02  9.6362E-01  8.4241E-02  2.7154E-01
 -8.8756E-01  9.0038E-02 -1.3806E+00  8.4241E-02  2.7154E-01
  7.0900E-01  1.4787E-01  1.4756E+00  8.4241E-02  2.7154E-01
 -9.0065E-01 -1.1561E-01  1.3702E+00  8.4241E-02  2.7154E-01
 -5.5949E-01  8.2118E-02 -1.5434E+00  8.4241E-02  2.7154E-01
  1.1435E+00  6.6080E-02 -1.1678E+00  8.3861E-02  2.7525E-01
 -9.6200E-01  4.4434E-03 -1.3230E+00  8.3861E-02  2.7525E-01
  7.7242E-01  1.0959E-03 -1.4328E+00  8.3480E-02  2.7903E-01
 -1.2800E+00 -5.6673E-02  1.0040E+00  8.3480E-02  2.7903E-01
  7.1954E-01  9.0107E-02  1.4484E+00  8.3100E-02  2.8288E-01
 -9.7047E-01 -1.0074E-01  1.2930E+00  8.3100E-02  2.8288E-01
 -1.4766E+00 -1.7246E-01  6.2298E-01  8.2719E-02  2.8681E-01
  1.5486E+00 -1.8522E-01  4.0709E-01  8.2719E-02  2.8681E-01
 -1.7469E-01 -2.9831E-02  1.6021E+00  8.2719E-02  2.8681E-01
  5.5265E-01  2.4363E-02  1.5056E+00  8.2338E-02  2.9080E-01
  9.6807E-01  1.1950E-01  1.2635E+00  8.1958E-02  2.9487E-01
 -1.3767E+00 -1.3537E-01  7.9628E-01  8.1958E-02  2.9487E-01
 -8.5484E-01  7.4463E-02  1.3366E+00  8.1577E-02  2.9902E-01
  6.2860E-01  3.1708E-02  1.4583E+00  8.1577E-02  2.9902E-01
 -1.2995E+00 -1.7161E-01 -8.9712E-01  8.1577E-02  2.9902E-01
 -1.4042E+00 -1.7643E-01 -6.6831E-01  8.0435E-02  3.1193E-01
  1.5474E+00 -1.8485E-01 -1.4490E-01  8.0435E-02  3.1193E-01
  2.5588E-01  1.5380E-01  1.5364E+00  8.0435E-02  3.1193E-01
 -1.0108E+00 -5.1624E-02  1.1837E+00  8.0055E-02  3.1640E-01
 -1.0102E+00  7.7295E-02  1.1728E+00  7.9674E-02  3.2096E-01
  1.1262E+00 -5.2693E-02 -1.0633E+00  7.9674E-02  3.2096E-01
 -1.2154E-01 -6.0857E-02  1.5438E+00  7.9674E-02  3.2096E-01
 -6.8475E-01  5.9486E-02  1.3890E+00  7.9674E-02  3.2096E-01
 -1.3025E+00  4.0321E-02  8.3893E-01  7.9674E-02  3.2096E-01
 -1.5470E+00  2.1972E-02 -9.0022E-02  7.9674E-02  3.2096E-01
  4.6703E-01  7.8090E-02 -1.4677E+00  7.9293E-02  3.2561E-01
 -1.3249E-01  1.4331E-01  1.5298E+00  7.9293E-02  3.2561E-01
  1.1784E+00  4.1818E-02  9.8212E-01  7.8913E-02  3.3034E-01
 -1.9212E-01 -1.7319E-01 -1.5126E+00  7.8913E-02  3.3034E-01
  7.1799E-01  9.1308E-02 -1.3446E+00  7.8532E-02  3.3517E-01
 -9.8435E-02 -1.6402E-01 -1.5150E+00  7.8532E-02  3.3517E-01
  7.6211E-01  1.3175E-01 -1.3167E+00  7.8532E-02  3.3517E-01
 -1.0835E+00 -1.2837E-01 -1.0576E+00  7.8152E-02  3.4009E-01
  1.2873E+00 -1.5898E-02  7.9303E-01  7.7771E-02  3.4511E-01
  1.0839E+00  2.9444E-02  1.0432E+00  7.7390E-02  3.5022E-01
 -2.0329E-01  1.1358E-01  1.4865E+00  7.7390E-02  3.5022E-01
  1.0092E+00  2.1539E-02 -1.1057E+00  7.7010E-02  3.5544E-01
  1.3744E+00  9.0479E-02 -5.6782E-01  7.6629E-02  3.6076E-01
 -1.4868E+00 -9.4969E-02 -5.9630E-03  7.6629E-02  3.6076E-01
 -1.2673E+00 -9.6864E-02  7.7723E-01  7.6629E-02  3.6076E-01
 -4.4869E-01  1.6999E-01  1.4027E+00  7.6248E-02  3.6619E-01
  2.9396E-01 -1.4626E-01  1.4457E+00  7.6248E-02  3.6619E-01
  1.4301E+00  9.6963E-02  3.4895E-01  7.5868E-02  3.7173E-01
 -1.3657E+00  8.0758E-02 -5.5182E-01  7.5868E-02  3.7173E-01
 -1.2428E+00  9.8060E-02  7.8877E-01  7.5868E-02  3.7173E-01
 -4.0343E-01  4.2884E-02  1.4108E+00  7.5487E-02  3.7739E-01
  1.4359E+00  4.3408E-03 -3.0485E-01  7.5487E-02  3.7739E-01
 -6.5741E-01  4.5658E-02  1.3117E+00  7.5487E-02  3.7739E-01
 -3.9968E-01  1.5119E-01  1.4044E+00  7.5487E-02  3.7739E-01
 -2.4837E-01  4.8644E-02  1.4386E+00  7.5106E-02  3.8315E-01
  1.1403E+00  1.1762E-01 -9.0532E-01  7.5106E-02  3.8315E-01
 -1.4438E+00 -6.6125E-02  1.5470E-01  7.4726E-02  3.8904E-01
 -7.7542E-01  1.8617E-01 -1.2067E+00  7.4345E-02  3.9504E-01
  1.0552E+00  9.7401E-02 -9.7398E-01  7.3965E-02  4.0117E-01
  9.2046E-01  6.3985E-02 -1.1047E+00  7.3965E-02  4.0117E-01
 -1.1696E+00  4.1265E-02 -8.1343E-01  7.3203E-02  4.1382E-01
  9.6186E-01 -9.5784E-02 -1.0473E+00  7.3203E-02  4.1382E-01
  1.4018E+00  1.6408E-01  1.9799E-01  7.3203E-02  4.1382E-01
  6.6308E-01  1.5847E-02 -1.2536E+00  7.2822E-02  4.2035E-01
  1.0779E+00  1.8091E-01 -9.0383E-01  7.2822E-02  4.2035E-01
  1.3693E+00  1.3365E-01  3.4425E-01  7.2822E-02  4.2035E-01
  1.1124E+00 -1.8493E-01 -8.4864E-01  7.2442E-02  4.2701E-01
 -1.1736E+00 -9.7534E-02 -7.7780E-01  7.2442E-02  4.2701E-01
 -9.0807E-01 -1.6729E-01  1.0673E+00  7.2442E-02  4.2701E-01
 -1.2645E+00  1.4793E-01 -5.9290E-01  7.2061E-02  4.3381E-01
  1.3975E+00  2.5425E-03 -1.3927E-01  7.2061E-02  4.3381E-01
 -1.2622E+00  1.2918E-01 -5.8587E-01  7.1680E-02  4.4076E-01
 -5.7391E-01  4.9395E-02 -1.2658E+00  7.1300E-02  4.4786E-01
  1.3786E+00  1.3247E-01 -1.2695E-01  7.1300E-02  4.4786E-01
 -8.1551E-01  1.3001E-01 -1.1106E+00  7.0919E-02  4.5511E-01
 -2.9020E-01  1.6745E-01  1.3428E+00  7.0919E-02  4.5511E-01
  9.1705E-01 -7.2970E-03  1.0275E+00  7.0538E-02  4.6253E-01
 -7.0522E-01 -1.0514E-01 -1.1783E+00  7.0538E-02  4.6253E-01
  6.8982E-01  1.2305E-01 -1.1857E+00  7.0538E-02  4.6253E-01
 -1.2842E+00  1.8083E-01  4.6349E-01  7.0538E-02  4.6253E-01
  2.4672E-01  1.3578E-01 -1.3481E+00  7.0538E-02  4.6253E-01
 -1.3429E+00 -1.1022E-02  2.7352E-01  7.0157E-02  4.7010E-01
 -1.3140E+00 -1.2253E-02 -3.8956E-01  7.0157E-02  4.7010E-01
 -7.4430E-02 -6.0381E-03 -1.3685E+00  7.0157E-02  4.7010E-01
  8.7250E-01  1.7053E-01 -1.0431E+00  7.0157E-02  4.7010E-01
  1.1475E+00 -1.3511E-01 -7.3716E-01  7.0157E-02  4.7010E-01
  1.0972E+00 -7.1616E-02 -7.9582E-01  6.9395E-02  4.8575E-01
  2.7868E-01 -2.2552E-04 -1.3284E+00  6.9395E-02  4.8575E-01
  3.9487E-01 -7.6975E-02  1.2963E+00  6.9395E-02  4.8575E-01
  1.3233E+00  1.2387E-01  2.4121E-01  6.9014E-02  4.9384E-01
 -9.2424E-01 -1.3540E-01 -9.7569E-01  6.9014E-02  4.9384E-01
  1.1495E+00  7.2141E-04 -7.0929E-01  6.9014E-02  4.9384E-01
  8.6618E-01 -6.5130E-03  1.0364E+00  6.9014E-02  4.9384E-01
 -1.1526E+00 -5.6010E-02  7.0200E-01  6.9014E-02  4.9384E-01
  7.8004E-01 -1.7191E-01 -1.0812E+00  6.8633E-02  5.0211E-01
 -1.0268E+00  1.4545E-02  8.6746E-01  6.8633E-02  5.0211E-01
  8.7314E-01 -1.3432E-01 -1.0132E+00  6.8633E-02  5.0211E-01
 -5.3224E-01 -2.5433E-02 -1.2341E+00  6.8633E-02  5.0211E-01
 -1.4728E-01 -4.5587E-02 -1.3224E+00  6.7871E-02  5.1923E-01
  1.1938E+00  2.1680E-02 -5.8903E-01  6.7871E-02  5.1923E-01
 -9.8118E-01 -2.4923E-03  8.9044E-01  6.7489E-02  5.2808E-01
 -3.2506E-02  5.6479E-02 -1.3234E+00  6.7489E-02  5.2808E-01
 -5.9389E-01  1.2117E-01  1.1711E+00  6.7108E-02  5.3713E-01
  8.3793E-01  7.1717E-02 -1.0157E+00  6.7108E-02  5.3713E-01
  5.7577E-01 -1.3825E-01 -1.1712E+00  6.6726E-02  5.4640E-01
  4.7138E-01 -1.2603E-01  1.2183E+00  6.6726E-02  5.4640E-01
  1.2999E+00 -3.0813E-02  1.2427E-01  6.6345E-02  5.5588E-01
  1.0570E+00  1.6109E-01  7.5020E-01  6.6345E-02  5.5588E-01
  6.4424E-01  1.1763E-01  1.1301E+00  6.6345E-02  5.5588E-01
 -6.7678E-01 -1.3804E-01 -1.1013E+00  6.5963E-02  5.6559E-01
 -1.2707E+00  1.1246E-01  2.5020E-01  6.5963E-02  5.6559E-01
 -1.0805E+00 -6.3862E-02  7.0885E-01  6.5581E-02  5.7553E-01
 -1.2103E+00  1.6220E-01 -4.2776E-01  6.5581E-02  5.7553E-01
  1.1096E+00  1.3216E-02  6.6531E-01  6.5581E-02  5.7553E-01
  4.7307E-01 -1.5318E-01 -1.1945E+00  6.5581E-02  5.7553E-01
 -3.4294E-01  7.0114E-02  1.2330E+00  6.4817E-02  5.9614E-01
 -5.9115E-01  1.5082E-01  1.1272E+00  6.4817E-02  5.9614E-01
 -1.2366E+00 -1.5040E-01  3.0188E-01  6.4817E-02  5.9614E-01
  1.0282E+00  5.2656E-02  7.6339E-01  6.4817E-02  5.9614E-01
 -3.6655E-01  4.1355E-02 -1.2212E+00  6.4434E-02  6.0681E-01
 -1.1959E+00 -1.5792E-01  3.9670E-01  6.4051E-02  6.1776E-01
 -1.2673E+00  7.7872E-02  1.5962E-02  6.4051E-02  6.1776E-01
 -1.2362E+00 -1.0188E-01 -2.7157E-01  6.4051E-02  6.1776E-01
 -7.8587E-01  1.1526E-01  9.6820E-01  6.2902E-02  6.5224E-01
 -1.4965E-01  1.8362E-01 -1.2297E+00  6.2902E-02  6.5224E-01
 -5.0484E-01 -8.4474E-02  1.1429E+00  6.2902E-02  6.5224E-01
 -1.1160E+00  6.0234E-02  5.6493E-01  6.2902E-02  6.5224E-01
 -1.1081E+00 -1.0589E-01  5.7383E-01  6.2902E-02  6.5224E-01
  1.0895E+00  1.0361E-01 -6.0869E-01  6.2902E-02  6.5224E-01
  8.6258E-01 -3.2270E-02  8.9939E-01  6.2518E-02  6.6433E-01
  1.2244E+00  6.0440E-02  2.2607E-01  6.2518E-02  6.6433E-01
  1.0197E+00 -6.9807E-02 -7.1360E-01  6.2518E-02  6.6433E-01
 -8.3885E-01  5.8392E-02 -9.2027E-01  6.2518E-02  6.6433E-01
  1.1824E+00 -8.6228E-02  3.6639E-01  6.2134E-02  6.7672E-01
  2.6680E-01 -1.8425E-01  1.1978E+00  6.2134E-02  6.7672E-01
  1.1550E+00  6.5898E-02  4.4900E-01  6.2134E-02  6.7672E-01
  1.2371E+00  9.2136E-02  3.1650E-02  6.2134E-02  6.7672E-01
 -4.7711E-01  7.4541E-02 -1.1431E+00  6.2134E-02  6.7672E-01
 -6.4511E-01  1.6797E-01  1.0400E+00  6.1750E-02  6.8943E-01
 -8.7237E-01 -6.9527E-02 -8.7182E-01  6.1750E-02  6.8943E-01
  1.4082E-01  2.5234E-03 -1.2272E+00  6.1750E-02  6.8943E-01
  1.2106E+00 -1.8166E-01  1.3296E-02  6.0980E-02  7.1587E-01
  1.1275E+00  8.1512E-02  4.6993E-01  6.0980E-02  7.1587E-01
  6.4551E-01  7.9651E-02  1.0371E+00  6.0980E-02  7.1587E-01
  1.1506E+00  4.4217E-02 -3.9929E-01  6.0595E-02  7.2962E-01
  1.1046E+00  9.2647E-02  4.9348E-01  6.0209E-02  7.4374E-01
  2.8929E-01 -1.3361E-01  1.1708E+00  6.0209E-02  7.4374E-01
 -2.1700E-01 -9.3761E-02 -1.1901E+00  6.0209E-02  7.4374E-01
  1.0994E+00  8.3135E-02 -4.9360E-01  5.9822E-02  7.5825E-01
  5.8127E-01 -3.0790E-02  1.0585E+00  5.9822E-02  7.5825E-01
 -1.0754E+00 -1.8121E-01  5.0706E-01  5.9436E-02  7.7315E-01
  1.1361E+00 -4.2645E-02 -3.9237E-01  5.9436E-02  7.7315E-01
 -1.1648E+00  1.3882E-01 -2.4087E-01  5.9048E-02  7.8847E-01
 -1.1705E+00 -6.3770E-02 -2.4463E-01  5.9048E-02  7.8847E-01
 -9.4731E-01  1.5365E-01 -7.1621E-01  5.9048E-02  7.8847E-01
 -1.1509E+00 -9.0495E-02 -3.1809E-01  5.9048E-02  7.8847E-01
 -1.3632E-01 -1.3180E-01  1.1668E+00  5.7882E-02  8.3709E-01
  1.1162E+00 -1.5510E-01 -3.5697E-01  5.7882E-02  8.3709E-01
  1.1748E+00 -1.2538E-01 -3.7951E-02  5.7882E-02  8.3709E-01
 -1.1722E+00 -1.5165E-01 -2.0114E-02  5.7882E-02  8.3709E-01
  1.5430E-01  4.8491E-02 -1.1710E+00  5.7882E-02  8.3709E-01
  3.2876E-01 -4.0658E-02  1.1295E+00  5.7492E-02  8.5424E-01
 -8.6097E-01 -8.6146E-02 -7.9077E-01  5.7101E-02  8.7190E-01
 -4.2534E-01 -1.3190E-02  1.0922E+00  5.7101E-02  8.7190E-01
 -9.9682E-02  2.3490E-02 -1.1628E+00  5.6710E-02  8.9009E-01
  6.6602E-01 -1.4203E-01  9.4806E-01  5.6710E-02  8.9009E-01
 -7.0130E-01  2.6500E-02 -9.2673E-01  5.6317E-02  9.0882E-01
  1.1562E+00  1.2013E-01  2.9741E-03  5.6317E-02  9.0882E-01
  5.7992E-01 -1.1186E-02 -1.0074E+00  5.6317E-02  9.0882E-01
 -6.5979E-01  2.1221E-02 -9.5686E-01  5.6317E-02  9.0882E-01
  6.0243E-01 -1.0745E-01  9.8277E-01  5.5924E-02  9.2814E-01
  1.0762E-02 -9.8225E-02 -1.1535E+00  5.5924E-02  9.2814E-01
 -1.0934E+00 -1.7138E-01 -3.2347E-01  5.5530E-02  9.4805E-01
  6.9876E-01 -1.4317E-01  9.0591E-01  5.5530E-02  9.4805E-01
  3.3769E-01 -9.8894E-02 -1.0980E+00  5.5530E-02  9.4805E-01
  6.7974E-01  1.7740E-02 -9.3117E-01  5.5530E-02  9.4805E-01
 -7.0672E-01  1.2921E-01  8.9589E-01  5.5134E-02  9.6859E-01
  6.2129E-01  1.2058E-01  9.5275E-01  5.4738E-02  9.8980E-01
  9.4280E-01  5.5521E-02 -6.4524E-01  5.4738E-02  9.8980E-01
  4.0335E-02 -2.3267E-02  1.1429E+00  5.4738E-02  9.8980E-01
  1.0492E+00 -1.6731E-01  4.1127E-01  5.4340E-02  1.0117E+00
 -3.8205E-01  2.5251E-02 -1.0730E+00  5.4340E-02  1.0117E+00
  1.0341E+00  7.4847E-02  4.7217E-01  5.4340E-02  1.0117E+00
  1.1318E-01 -1.4906E-01 -1.1238E+00  5.4340E-02  1.0117E+00
  1.1278E+00  9.5108E-02  8.3206E-02  5.3941E-02  1.0343E+00
 -2.7961E-01 -1.7328E-01 -1.0861E+00  5.3941E-02  1.0343E+00
 -3.7004E-01  1.8336E-01  1.0523E+00  5.3541E-02  1.0577E+00
  1.0157E+00 -1.4662E-01 -4.7411E-01  5.3541E-02  1.0577E+00
 -4.3506E-01  1.3623E-01 -1.0344E+00  5.3541E-02  1.0577E+00
 -8.4175E-01 -1.5500E-02  7.5441E-01  5.3541E-02  1.0577E+00
 -1.0020E+00  7.0018E-02 -5.1867E-01  5.3541E-02  1.0577E+00
  5.9171E-01 -1.2839E-01  9.4951E-01  5.3139E-02  1.0818E+00
 -4.1201E-01 -1.2413E-01 -1.0407E+00  5.3139E-02  1.0818E+00
  5.6282E-01 -4.1286E-02 -9.7452E-01  5.3139E-02  1.0818E+00
 -8.1718E-01  7.1631E-02 -7.7152E-01  5.3139E-02  1.0818E+00
 -8.7697E-01  6.5591E-02  7.0341E-01  5.3139E-02  1.0818E+00
 -1.1053E+00 -4.5530E-02 -1.8692E-01  5.2736E-02  1.1068E+00
  1.1096E+00  1.4962E-01 -7.1211E-02  5.2736E-02  1.1068E+00
  5.9243E-01 -1.2875E-01 -9.4395E-01  5.2736E-02  1.1068E+00
  1.0970E+00 -1.3131E-02 -2.1377E-01  5.2331E-02  1.1327E+00
 -7.1687E-01  1.3746E-01 -8.4641E-01  5.2331E-02  1.1327E+00
  5.6486E-01  1.6976E-02 -9.6429E-01  5.2331E-02  1.1327E+00
 -1.1050E+00  1.6465E-01  3.1858E-02  5.2331E-02  1.1327E+00
  1.0678E+00 -1.5568E-01  2.7503E-01  5.1925E-02  1.1595E+00
  8.0822E-01  1.4368E-01  7.5242E-01  5.1925E-02  1.1595E+00
 -2.5314E-01 -1.8086E-01  1.0692E+00  5.1925E-02  1.1595E+00
  8.2186E-01 -9.0162E-02  7.3986E-01  5.1516E-02  1.1873E+00
  9.2618E-01  1.3546E-01  5.9566E-01  5.1516E-02  1.1873E+00
  5.3247E-01 -2.8323E-02 -9.7296E-01  5.1516E-02  1.1873E+00
  6.1709E-01  1.7728E-01 -9.0485E-01  5.1516E-02  1.1873E+00
  1.3470E-01 -5.5587E-02  1.0999E+00  5.1516E-02  1.1873E+00
  6.4317E-01 -1.0330E-01  8.9319E-01  5.1106E-02  1.2161E+00
  3.8667E-01  4.9451E-02 -1.0345E+00  5.1106E-02  1.2161E+00
 -1.0251E+00 -5.8441E-02 -4.0985E-01  5.1106E-02  1.2161E+00
 -6.8969E-01 -1.0854E-01  8.5713E-01  5.1106E-02  1.2161E+00
 -6.6252E-01 -2.9632E-03  8.8007E-01  5.0694E-02  1.2461E+00
 -9.2510E-02  1.5765E-01 -1.0863E+00  5.0694E-02  1.2461E+00
  1.0481E+00 -1.6283E-01 -2.8270E-01  5.0279E-02  1.2771E+00
  1.0565E+00 -1.8268E-01 -2.3519E-01  5.0279E-02  1.2771E+00
 -1.8084E-01  1.6994E-01 -1.0693E+00  5.0279E-02  1.2771E+00
  6.0335E-02 -9.3517E-02 -1.0921E+00  5.0279E-02  1.2771E+00
 -6.7654E-01 -1.7974E-01  8.4556E-01  5.0279E-02  1.2771E+00
  7.6262E-02 -1.5335E-01 -1.0843E+00  5.0279E-02  1.2771E+00
  1.0827E+00  3.2555E-02 -1.7774E-01  5.0279E-02  1.2771E+00
 -1.0265E+00  3.7720E-02 -3.7623E-01  4.9863E-02  1.3094E+00
  4.1829E-01 -1.4258E-01 -1.0007E+00  4.9863E-02  1.3094E+00
  9.9083E-01  8.4357E-02  4.5587E-01  4.9863E-02  1.3094E+00
 -8.4540E-01  1.5145E-01  6.7150E-01  4.9444E-02  1.3430E+00
  5.2442E-01 -6.2317E-02 -9.5375E-01  4.9444E-02  1.3430E+00
 -9.0815E-01  1.5830E-01  5.8203E-01  4.9444E-02  1.3430E+00
 -1.0413E+00  1.0664E-01 -3.0483E-01  4.9444E-02  1.3430E+00
  2.8661E-01  2.8232E-02  1.0477E+00  4.9022E-02  1.3780E+00
  9.0590E-01 -2.5360E-02  5.9290E-01  4.8597E-02  1.4144E+00
  2.7546E-01  1.5224E-02 -1.0472E+00  4.8597E-02  1.4144E+00
  9.8592E-01 -4.2365E-02  4.4608E-01  4.8597E-02  1.4144E+00
 -3.6997E-01 -1.5609E-01  1.0058E+00  4.8597E-02  1.4144E+00
 -1.0358E+00  1.0458E-02  3.0375E-01  4.8170E-02  1.4524E+00
  8.0101E-01 -1.3033E-01 -7.0655E-01  4.7739E-02  1.4920E+00
  1.4098E-02 -1.7199E-03 -1.0759E+00  4.7739E-02  1.4920E+00
 -5.5555E-01 -1.4745E-01 -9.0963E-01  4.7739E-02  1.4920E+00
  5.9567E-01 -5.1669E-02  8.9460E-01  4.7739E-02  1.4920E+00
 -1.7614E-01 -1.4390E-01  1.0483E+00  4.7306E-02  1.5334E+00
  8.5427E-01  8.7438E-02  6.4276E-01  4.7306E-02  1.5334E+00
  8.4253E-01  3.5948E-02 -6.5753E-01  4.6868E-02  1.5768E+00
  5.0271E-01 -4.9752E-02 -9.4250E-01  4.6868E-02  1.5768E+00
 -3.2263E-01  5.0128E-03  1.0195E+00  4.6868E-02  1.5768E+00
  8.7034E-01  3.4780E-02  6.1473E-01  4.6427E-02  1.6222E+00
 -1.0305E+00  1.5311E-01  2.2634E-01  4.6427E-02  1.6222E+00
  2.6850E-01 -2.3451E-02  1.0282E+00  4.5982E-02  1.6697E+00
 -7.5884E-01  1.0881E-01  7.3635E-01  4.5982E-02  1.6697E+00
 -8.3289E-01  1.4766E-01  6.3861E-01  4.5533E-02  1.7196E+00
 -1.0742E-01 -1.0716E-01 -1.0490E+00  4.5533E-02  1.7196E+00
  7.0889E-01 -1.5411E-01  7.7270E-01  4.5533E-02  1.7196E+00
  6.3813E-01  1.7103E-01 -8.2493E-01  4.5079E-02  1.7721E+00
 -7.5936E-01  1.3114E-01 -7.2329E-01  4.5079E-02  1.7721E+00
 -9.5278E-01 -7.0646E-02 -4.5188E-01  4.5079E-02  1.7721E+00
  5.8958E-01 -1.4871E-01 -8.6084E-01  4.4620E-02  1.8273E+00
 -3.3653E-01 -1.6955E-01 -9.8426E-01  4.4620E-02  1.8273E+00
 -8.2805E-01  4.7279E-02  6.5028E-01  4.4620E-02  1.8273E+00
  2.0867E-01 -6.8616E-02  1.0308E+00  4.4620E-02  1.8273E+00
 -9.7280E-01  4.4149E-02 -4.0308E-01  4.4620E-02  1.8273E+00
  1.0393E+00  1.0510E-02  1.7468E-01  4.4620E-02  1.8273E+00
  5.6704E-01 -7.0516E-02 -8.8558E-01  4.4620E-02  1.8273E+00
  5.3180E-01 -5.0446E-02  9.0520E-01  4.4156E-02  1.8855E+00
  1.1511E-01 -1.5117E-01  1.0338E+00  4.4156E-02  1.8855E+00
 -6.9900E-01  8.3110E-02  7.7678E-01  4.3687E-02  1.9469E+00
 -3.4157E-01 -9.3090E-02 -9.8669E-01  4.3687E-02  1.9469E+00
 -4.8034E-01  3.8312E-02  9.3097E-01  4.3687E-02  1.9469E+00
  6.3774E-01  5.5163E-02 -8.3014E-01  4.3687E-02  1.9469E+00
 -6.1727E-03 -8.0047E-02  1.0425E+00  4.3212E-02  2.0119E+00
  5.0579E-01  2.8522E-02 -9.1464E-01  4.3212E-02  2.0119E+00
  8.1962E-01  1.1360E-02  6.4908E-01  4.3212E-02  2.0119E+00
  1.8243E-01  1.2539E-01  1.0192E+00  4.2730E-02  2.0806E+00
 -1.0085E+00 -2.6734E-02 -2.6423E-01  4.2730E-02  2.0806E+00
  5.7614E-01 -1.5067E-01  8.5619E-01  4.2730E-02  2.0806E+00
 -3.0337E-01  1.2282E-01  9.9024E-01  4.2730E-02  2.0806E+00
 -1.0002E+00 -7.7711E-02 -2.8489E-01  4.2730E-02  2.0806E+00
 -1.0264E+00  1.3321E-01 -1.0525E-01  4.2242E-02  2.1536E+00
  4.6185E-01 -1.2946E-01  9.2320E-01  4.2242E-02  2.1536E+00
 -5.6724E-01 -4.0888E-02  8.6819E-01  4.1747E-02  2.2312E+00
 -8.0840E-01  1.5286E-01 -6.3270E-01  4.1747E-02  2.2312E+00
  8.3489E-01  7.1617E-02 -6.1239E-01  4.1747E-02  2.2312E+00
 -9.6657E-01 -1.7757E-01  3.3376E-01  4.1747E-02  2.2312E+00
 -9.3158E-01  5.8200E-02  4.4829E-01  4.1244E-02  2.3138E+00
 -9.3344E-01  5.8220E-02  4.4441E-01  4.1244E-02  2.3138E+00
 -7.2430E-01 -5.3443E-02 -7.3477E-01  4.0733E-02  2.4020E+00
  4.7293E-01  9.7693E-02 -9.1332E-01  4.0733E-02  2.4020E+00
  1.0032E+00 -1.2755E-01 -2.1152E-01  4.0733E-02  2.4020E+00
 -8.6186E-01  1.7163E-01 -5.4324E-01  4.0733E-02  2.4020E+00
 -8.7365E-01  1.3051E-01 -5.3579E-01  4.0733E-02  2.4020E+00
  5.0026E-01 -1.5865E-01 -8.8991E-01  4.0733E-02  2.4020E+00
  3.5403E-01 -6.5700E-02  9.6836E-01  4.0733E-02  2.4020E+00
 -3.1855E-02 -5.0115E-02  1.0292E+00  4.0213E-02  2.4964E+00
  8.3275E-01  2.2523E-02  6.0723E-01  4.0213E-02  2.4964E+00
  7.5158E-01  1.4145E-01  6.9126E-01  4.0213E-02  2.4964E+00
  6.5356E-01 -2.1818E-02 -7.9411E-01  3.9683E-02  2.5977E+00
  4.6745E-01 -5.7239E-02 -9.1457E-01  3.9683E-02  2.5977E+00
 -2.1522E-01  1.1299E-01 -9.9957E-01  3.9683E-02  2.5977E+00
  8.9662E-01  1.5509E-01  4.7530E-01  3.9143E-02  2.7067E+00
  7.0544E-02  8.0699E-02  1.0210E+00  3.9143E-02  2.7067E+00
  5.2181E-01  2.3991E-02 -8.8376E-01  3.9143E-02  2.7067E+00
  4.6143E-01  1.3147E-01 -9.0758E-01  3.9143E-02  2.7067E+00
  9.6856E-01  1.3999E-01  3.1014E-01  3.9143E-02  2.7067E+00
 -9.8796E-01  2.9888E-03  2.7143E-01  3.8592E-02  2.8243E+00
  7.5192E-01  4.8329E-03 -6.9594E-01  3.8592E-02  2.8243E+00
  6.3690E-01 -3.6482E-02 -8.0173E-01  3.8592E-02  2.8243E+00
 -6.4228E-01  8.8661E-02  7.9081E-01  3.8029E-02  2.9517E+00
 -6.3678E-01 -2.6117E-02  7.9975E-01  3.8029E-02  2.9517E+00
 -5.4609E-01  2.0786E-02 -8.6436E-01  3.8029E-02  2.9517E+00
  9.0666E-01 -2.9996E-02  4.7205E-01  3.8029E-02  2.9517E+00
  6.6760E-01  7.5160E-02  7.6851E-01  3.7452E-02  3.0900E+00
  6.2830E-01 -1.0668E-01  7.9738E-01  3.7452E-02  3.0900E+00
  6.1485E-01  9.7106E-02 -8.0674E-01  3.6862E-02  3.2409E+00
 -9.7713E-01 -1.4235E-01 -2.5150E-01  3.6862E-02  3.2409E+00
  2.8243E-01 -5.9073E-02 -9.7726E-01  3.6862E-02  3.2409E+00
 -4.4939E-01 -2.0029E-02 -9.1430E-01  3.6862E-02  3.2409E+00
 -1.0160E+00  4.6605E-02 -1.8350E-02  3.6256E-02  3.4062E+00
 -2.7843E-01 -5.6708E-02 -9.7677E-01  3.6256E-02  3.4062E+00
  1.9636E-01 -6.5008E-02 -9.9601E-01  3.6256E-02  3.4062E+00
 -5.1851E-01 -3.0273E-02  8.7467E-01  3.6256E-02  3.4062E+00
  8.7318E-01  8.7449E-02  5.1128E-01  3.5633E-02  3.5880E+00
 -8.3159E-01 -8.7286E-02 -5.7650E-01  3.5633E-02  3.5880E+00
  4.1045E-01  8.8650E-02  9.2476E-01  3.5633E-02  3.5880E+00
 -7.0121E-01 -5.9422E-03  7.3255E-01  3.4991E-02  3.7890E+00
 -1.0031E+00 -1.4367E-01  3.9444E-02  3.4991E-02  3.7890E+00
  9.2007E-01 -1.5435E-01 -3.9750E-01  3.4991E-02  3.7890E+00
 -3.4697E-01 -1.3572E-01 -9.4316E-01  3.4991E-02  3.7890E+00
 -6.4277E-01 -1.8036E-01 -7.6334E-01  3.4991E-02  3.7890E+00
 -8.5696E-01 -4.8992E-02  5.3998E-01  3.4991E-02  3.7890E+00
 -7.9296E-01  1.5914E-01  6.0932E-01  3.4329E-02  4.0125E+00
 -8.3139E-01  1.4193E-01  5.6038E-01  3.4329E-02  4.0125E+00
 -7.8689E-01  1.4174E-01 -6.2137E-01  3.4329E-02  4.0125E+00
  3.5837E-01  8.2724E-02  9.4346E-01  3.4329E-02  4.0125E+00
 -1.0016E+00 -2.4871E-02  1.4712E-01  3.4329E-02  4.0125E+00
 -9.2952E-02  4.6536E-02  1.0073E+00  3.4329E-02  4.0125E+00
  7.6743E-01 -3.5596E-02 -6.5967E-01  3.4329E-02  4.0125E+00
 -3.1017E-01 -3.6536E-02  9.6178E-01  3.3644E-02  4.2626E+00
  8.3817E-01  1.0076E-02 -5.6562E-01  3.3644E-02  4.2626E+00
 -1.0043E+00 -2.8999E-02  1.1434E-01  3.3644E-02  4.2626E+00
  5.7133E-01 -1.1082E-01 -8.2696E-01  3.3644E-02  4.2626E+00
 -1.5957E-01 -1.6403E-01 -9.8364E-01  3.2934E-02  4.5444E+00
  9.3910E-01  1.7717E-01 -3.2653E-01  3.2934E-02  4.5444E+00
 -1.0749E-01 -1.3865E-01 -9.9456E-01  3.2934E-02  4.5444E+00
  7.9670E-01 -4.1493E-03  6.2062E-01  3.2934E-02  4.5444E+00
  4.2105E-01  1.3920E-01 -9.0597E-01  3.2195E-02  4.8645E+00
 -9.6367E-01 -3.6493E-02  2.9571E-01  3.2195E-02  4.8645E+00
  4.4612E-02 -7.7016E-02 -1.0036E+00  3.1425E-02  5.2312E+00
 -7.2246E-01  2.8546E-02 -7.0168E-01  3.1425E-02  5.2312E+00
  8.0809E-01 -8.7187E-02 -5.9540E-01  3.1425E-02  5.2312E+00
  8.6901E-01  6.0016E-02  5.0418E-01  3.0618E-02  5.6557E+00
 -5.5738E-02 -2.1047E-02  1.0047E+00  3.0618E-02  5.6557E+00
  9.0040E-02 -6.8497E-02 -9.9909E-01  2.9770E-02  6.1530E+00
  2.2824E-01 -7.6088E-02  9.7627E-01  2.9770E-02  6.1530E+00
  5.5104E-01  1.6340E-01 -8.2501E-01  2.9770E-02  6.1530E+00
  6.7454E-01 -7.6981E-03 -7.4560E-01  2.9770E-02  6.1530E+00
  6.0424E-01  9.5098E-02 -7.9802E-01  2.9770E-02  6.1530E+00
  6.8714E-01  1.3841E-02  7.3267E-01  2.8874E-02  6.7438E+00
  6.3532E-01  2.5560E-02 -7.7774E-01  2.8874E-02  6.7438E+00
  5.6008E-01  1.8363E-01  8.1349E-01  2.8874E-02  6.7438E+00
 -5.8046E-01 -1.5032E-01 -8.0600E-01  2.8874E-02  6.7438E+00
 -9.3416E-01  1.4423E-01  3.3771E-01  2.7921E-02  7.4574E+00
 -5.2961E-01 -7.3932E-03  8.5262E-01  2.7921E-02  7.4574E+00
 -5.5602E-01  1.2612E-01  8.2610E-01  2.7921E-02  7.4574E+00
 -2.3292E-01  1.0525E-01  9.6989E-01  2.6903E-02  8.3369E+00
  8.2539E-01 -1.7927E-01  5.3971E-01  2.5804E-02  9.4481E+00
  7.0371E-01 -1.8662E-03 -7.1378E-01  2.5804E-02  9.4481E+00
  9.0720E-01 -4.7678E-03  4.2485E-01  2.4606E-02  1.0897E+01
 -4.8880E-02 -8.2217E-02 -9.9719E-01  2.4606E-02  1.0897E+01
  1.4773E-01  1.7432E-01  9.7485E-01  2.3280E-02  1.2866E+01
  8.2878E-01 -1.3943E-01 -5.4426E-01  2.3280E-02  1.2866E+01
 -8.1627E-01 -4.3931E-02 -5.7819E-01  2.3280E-02  1.2866E+01
 -9.8258E-01  8.9154E-02  1.7069E-01  2.3280E-02  1.2866E+01
 -1.0007E+00 -1.7074E-03  1.9180E-02  2.1787E-02  1.5696E+01
  9.0496E-01 -1.3006E-01  4.0723E-01  2.1787E-02  1.5696E+01
  4.4293E-01 -1.1264E-01 -8.9004E-01  2.0058E-02  2.0115E+01
  8.9955E-01  4.4190E-02 -4.3577E-01  2.0058E-02  2.0115E+01
 -7.6951E-01 -7.9260E-02  6.3412E-01  1.7969E-02  2.7981E+01
  4.2883E-01 -1.5582E-01 -8.9015E-01  1.7969E-02  2.7981E+01
  9.4193E-01  1.8254E-01 -2.8281E-01  1.7969E-02  2.7981E+01
