0.39990857142857D+01       604
(x,y,z) position of the X-ray source
  0.1232E+01  0.6867E-01  0.1310E+01
x | y | z | R | rho
 -4.9805E-01 -2.2234E-01  5.5002E+00  2.1382E-01  1.6606E-02
  1.5171E+00 -6.1314E-02  4.3974E+00  1.8927E-01  2.3944E-02
 -1.3109E+00  7.3213E-02  5.9815E+00  2.2976E-01  1.3385E-02
  2.3528E-01 -2.9427E-02  4.3077E+00  1.7933E-01  2.8146E-02
  1.5997E-01 -1.4946E-01  5.3238E+00  2.0837E-01  1.7943E-02
 -3.9460E-01 -1.5571E-01  6.0614E+00  2.2850E-01  1.3606E-02
  2.0618E+00 -9.2254E-02  8.2735E+00  2.8906E-01  6.7211E-03
  1.9553E+00 -7.7792E-02  4.7323E+00  2.0261E-01  1.9518E-02
  5.6377E-01  1.1075E-01  4.5051E+00  1.8605E-01  2.5208E-02
  1.4840E+00 -1.5857E-01  7.8039E+00  2.7531E-01  7.7792E-03
  1.7826E+00 -4.5075E-02  5.5782E+00  2.2268E-01  1.4702E-02
 -3.7343E-01  2.3450E-01  6.3020E+00  2.3480E-01  1.2540E-02
  1.5283E+00 -1.9962E-01  5.6485E+00  2.2264E-01  1.4708E-02
  5.5038E-02  1.6097E-01  8.4960E+00  2.8838E-01  6.7691E-03
  2.7358E-01 -2.4682E-01  4.7940E+00  1.9376E-01  2.2316E-02
 -5.4854E-01 -1.3127E-01  4.1583E+00  1.7581E-01  2.9874E-02
 -1.3902E+00 -2.6719E-01  7.9313E+00  2.7797E-01  7.5581E-03
 -1.6257E+00 -1.0700E-01  3.1687E+00  1.5614E-01  4.2643E-02
  3.3680E-01  5.3279E-02  6.6636E+00  2.4392E-01  1.1185E-02
 -1.5018E+00 -2.7174E-01  7.7232E+00  2.7357E-01  7.9290E-03
 -8.0415E-01  1.1685E-01  7.8269E+00  2.7348E-01  7.9365E-03
 -9.7901E-01 -2.3563E-02  3.7514E+00  1.6605E-01  3.5458E-02
 -1.0656E+00 -1.2800E-01  3.8465E+00  1.6964E-01  3.3254E-02
  8.1518E-01  7.9626E-02  3.3011E+00  1.5090E-01  4.7239E-02
 -2.1772E-01  1.4548E-01  4.5804E+00  1.8740E-01  2.4667E-02
 -1.7803E+00  3.9521E-01  8.9076E+00  3.0211E-01  5.8871E-03
 -8.5340E-01 -2.2150E-01  7.0244E+00  2.5418E-01  9.8856E-03
 -9.1584E-02 -2.7831E-03  4.2637E+00  1.7786E-01  2.8853E-02
  6.8772E-01 -2.1331E-01  4.0006E+00  1.7182E-01  3.2001E-02
 -1.1509E+00  3.1671E-03  8.2172E+00  2.8367E-01  7.1113E-03
  5.8041E-01 -1.2152E-01  6.4498E+00  2.3892E-01  1.1902E-02
  1.1323E-01  2.5872E-01  6.1298E+00  2.3008E-01  1.3328E-02
  1.9965E+00 -1.5898E-01  5.3450E+00  2.1871E-01  1.5517E-02
 -4.0614E-01 -9.3681E-02  5.2878E+00  2.0770E-01  1.8116E-02
  8.8656E-01  1.1911E-01  4.0692E+00  1.7490E-01  3.0342E-02
 -1.7700E+00 -1.5226E-01  2.9371E+00  1.5193E-01  4.6289E-02
 -1.2014E+00 -2.1218E-01  3.5293E+00  1.6158E-01  3.8479E-02
 -1.3862E+00 -2.3031E-03  3.2709E+00  1.5581E-01  4.2919E-02
  3.3539E-01 -2.8858E-01  5.3268E+00  2.0883E-01  1.7824E-02
 -1.3787E+00 -2.9414E-01  4.9648E+00  2.0373E-01  1.9197E-02
  4.4584E-01  2.3365E-01  7.6094E+00  2.6762E-01  8.4697E-03
  6.2613E-01 -1.5283E-01  7.3835E+00  2.6238E-01  8.9868E-03
 -8.8382E-01 -2.1027E-01  3.5694E+00  1.5997E-01  3.9654E-02
  1.6538E+00 -5.7654E-02  3.9574E+00  1.7860E-01  2.8496E-02
  1.2095E+00  1.7527E-01  3.7368E+00  1.6773E-01  3.4399E-02
  1.7187E+00 -3.4752E-01  9.1288E+00  3.0674E-01  5.6248E-03
  3.0072E-01  2.8432E-01  6.5090E+00  2.4009E-01  1.1730E-02
  4.6904E-01  1.9646E-01  6.1871E+00  2.3195E-01  1.3008E-02
 -1.3165E-02  2.7178E-01  4.5251E+00  1.8580E-01  2.5307E-02
  1.2252E+00  2.7362E-01  6.1513E+00  2.3378E-01  1.2705E-02
  1.2893E+00 -2.2784E-01  5.2650E+00  2.1104E-01  1.7272E-02
 -1.3235E+00 -2.3602E-01  4.5986E+00  1.9327E-01  2.2486E-02
 -1.7238E-02 -3.2456E-01  9.3270E+00  3.0757E-01  5.5789E-03
  3.1741E-01  4.9430E-02  5.0548E+00  2.0104E-01  1.9978E-02
  1.3396E+00  1.2301E-01  3.7482E+00  1.6930E-01  3.3455E-02
  2.3478E-01 -3.3190E-01  6.5897E+00  2.4214E-01  1.1435E-02
 -1.5044E+00  9.3014E-02  3.7183E+00  1.7021E-01  3.2917E-02
 -3.3788E-01 -1.0638E-01  4.0475E+00  1.7176E-01  3.2034E-02
  2.4059E-01 -2.0578E-01  3.6665E+00  1.5987E-01  3.9726E-02
 -6.1617E-01  3.3944E-01  6.6913E+00  2.4534E-01  1.0993E-02
 -1.7664E+00 -8.2434E-02  3.2265E+00  1.5985E-01  3.9746E-02
 -7.9248E-01 -3.4683E-01  8.6902E+00  2.9385E-01  6.3976E-03
  2.5982E-01  8.0451E-02  4.8540E+00  1.9529E-01  2.1796E-02
 -1.2922E+00 -1.0484E-01  4.9582E+00  2.0272E-01  1.9486E-02
 -1.3085E+00  2.1254E-01  3.7748E+00  1.6986E-01  3.3121E-02
 -1.9893E+00 -5.9437E-02  4.9072E+00  2.0746E-01  1.8180E-02
  1.0075E+00 -1.7646E-01  6.2693E+00  2.3570E-01  1.2397E-02
 -1.5940E+00  1.1611E-01  6.7307E+00  2.5013E-01  1.0373E-02
 -8.3345E-01 -1.0699E-01  4.0118E+00  1.7285E-01  3.1431E-02
  1.6634E-01  1.2321E-01  4.5437E+00  1.8625E-01  2.5127E-02
 -2.0976E-01 -2.2676E-01  4.7230E+00  1.9160E-01  2.3078E-02
 -9.6733E-01 -2.2797E-01  3.4531E+00  1.5711E-01  4.1860E-02
 -1.3713E+00 -1.9551E-02  4.8754E+00  2.0103E-01  1.9981E-02
  1.5900E+00  1.5646E-01  4.8083E+00  2.0109E-01  1.9963E-02
 -2.1501E-02  1.5658E-01  3.4818E+00  1.5364E-01  4.4760E-02
  1.4368E-01 -1.8692E-01  5.5706E+00  2.1513E-01  1.6304E-02
 -1.5319E+00  2.1433E-02  3.7543E+00  1.7152E-01  3.2172E-02
 -1.2157E-01  5.5448E-03  3.3481E+00  1.4924E-01  4.8838E-02
  1.4750E+00 -2.0756E-02  2.9841E+00  1.4853E-01  4.9538E-02
 -9.1980E-01  1.4838E-01  3.1735E+00  1.4783E-01  5.0252E-02
  9.8968E-02 -1.5454E-03  3.2845E+00  1.4712E-01  5.0980E-02
  1.6476E+00 -4.7639E-02  2.8304E+00  1.4676E-01  5.1350E-02
 -4.9586E-01  8.5185E-02  3.2257E+00  1.4641E-01  5.1724E-02
  2.7155E-01  8.4214E-02  3.2201E+00  1.4535E-01  5.2868E-02
  6.7221E-01  2.0043E-01  3.0577E+00  1.4214E-01  5.6525E-02
 -1.7732E+00  1.0725E-01  2.5471E+00  1.4107E-01  5.7823E-02
  1.3960E-01  6.8251E-02  3.0593E+00  1.3964E-01  5.9620E-02
  1.1234E+00  1.3819E-01  2.8352E+00  1.3928E-01  6.0082E-02
  1.6496E+00 -9.9198E-02  2.4916E+00  1.3712E-01  6.2960E-02
  1.2136E+00  1.3943E-01  2.6602E+00  1.3496E-01  6.6036E-02
  6.2516E-01 -1.3288E-01  2.8460E+00  1.3460E-01  6.6569E-02
 -1.3273E+00  1.3600E-01  2.5705E+00  1.3388E-01  6.7653E-02
  1.4252E+00 -7.3845E-02  2.5201E+00  1.3388E-01  6.7653E-02
 -1.7244E+00  7.9704E-02  2.2866E+00  1.3279E-01  6.9327E-02
  4.6015E-01 -1.6705E-01  2.7706E+00  1.3098E-01  7.2249E-02
 -1.4001E+00  1.3152E-01  2.3298E+00  1.2770E-01  7.7958E-02
 -9.1443E-01  9.6335E-02  2.4748E+00  1.2477E-01  8.3577E-02
 -1.7065E-02  1.7475E-01  2.5938E+00  1.2330E-01  8.6599E-02
  1.5680E+00  8.4706E-02  2.0593E+00  1.2293E-01  8.7378E-02
  2.5660E-01  6.6635E-02  2.5660E+00  1.2256E-01  8.8168E-02
 -5.3528E-01 -6.0559E-02  2.5126E+00  1.2220E-01  8.8967E-02
 -1.9084E+00  7.4214E-02 -1.6891E+00  1.2146E-01  9.0595E-02
 -1.6725E+00  5.3840E-02 -1.8972E+00  1.2072E-01  9.2266E-02
 -3.3409E-01  1.2546E-01  2.5044E+00  1.2072E-01  9.2266E-02
 -1.3173E+00 -9.2951E-02  2.1342E+00  1.1998E-01  9.3979E-02
 -1.7427E+00 -8.2337E-02  1.7487E+00  1.1851E-01  9.7542E-02
  1.8954E+00  7.7136E-02 -1.5198E+00  1.1702E-01  1.0129E-01
  7.9381E-02  3.5854E-02  2.4291E+00  1.1702E-01  1.0129E-01
 -1.1347E-01 -7.1571E-02  2.4171E+00  1.1665E-01  1.0226E-01
 -1.7892E+00 -1.5021E-01  1.6091E+00  1.1628E-01  1.0324E-01
  1.1782E+00 -1.1818E-01  2.0778E+00  1.1554E-01  1.0525E-01
  7.0107E-01  8.2299E-02  2.2645E+00  1.1480E-01  1.0731E-01
 -1.3975E+00  1.0836E-01 -1.8772E+00  1.1368E-01  1.1050E-01
 -5.1016E-02 -9.7058E-02  2.3402E+00  1.1368E-01  1.1050E-01
  1.8080E+00 -2.4959E-02 -1.4897E+00  1.1368E-01  1.1050E-01
  1.2996E+00 -5.0123E-02  1.9370E+00  1.1331E-01  1.1159E-01
  5.7129E-01 -8.6050E-02  2.2604E+00  1.1331E-01  1.1159E-01
 -1.1537E+00  4.8987E-02  2.0161E+00  1.1293E-01  1.1270E-01
 -1.0404E+00  1.1532E-01  2.0526E+00  1.1219E-01  1.1496E-01
  9.4094E-01 -1.3313E-01  2.0672E+00  1.1107E-01  1.1847E-01
  1.8931E+00  5.5092E-02 -1.2434E+00  1.1070E-01  1.1968E-01
 -1.8219E+00 -1.2699E-01 -1.3082E+00  1.0995E-01  1.2214E-01
  4.5177E-01 -8.2022E-03  2.1908E+00  1.0957E-01  1.2339E-01
  1.0065E+00 -1.1130E-01  1.9840E+00  1.0920E-01  1.2466E-01
  7.2720E-01 -3.6207E-02  2.0950E+00  1.0882E-01  1.2596E-01
  1.3370E+00  1.6720E-01 -1.7498E+00  1.0845E-01  1.2727E-01
 -1.4964E+00 -1.6708E-01  1.6026E+00  1.0808E-01  1.2859E-01
  2.1489E-01  1.2727E-01  2.1752E+00  1.0770E-01  1.2994E-01
 -1.6822E+00  4.4903E-02 -1.3859E+00  1.0733E-01  1.3131E-01
 -1.8102E+00  6.8994E-02  1.1786E+00  1.0658E-01  1.3410E-01
 -1.3370E+00 -7.9498E-02 -1.6842E+00  1.0620E-01  1.3553E-01
  1.7184E+00  1.2642E-01  1.2733E+00  1.0582E-01  1.3698E-01
  1.1972E+00 -1.2042E-02 -1.7655E+00  1.0545E-01  1.3845E-01
 -1.2548E+00 -8.1501E-02 -1.7000E+00  1.0470E-01  1.4145E-01
  1.1310E+00 -3.5558E-02 -1.7752E+00  1.0432E-01  1.4299E-01
  1.3558E+00  1.6348E-01 -1.5900E+00  1.0394E-01  1.4454E-01
 -8.4877E-01  9.2161E-02  1.9141E+00  1.0394E-01  1.4454E-01
  7.3469E-01  1.3418E-01  1.9484E+00  1.0357E-01  1.4613E-01
  1.1439E+00 -9.4071E-02  1.7426E+00  1.0357E-01  1.4613E-01
  1.1455E+00 -2.5893E-02 -1.7329E+00  1.0319E-01  1.4773E-01
  8.4233E-01 -3.0035E-02  1.8987E+00  1.0319E-01  1.4773E-01
  7.8505E-01  5.7308E-03 -1.9034E+00  1.0244E-01  1.5102E-01
  1.3395E+00 -1.4564E-01  1.5326E+00  1.0168E-01  1.5440E-01
  7.4350E-01  8.8222E-02  1.8885E+00  1.0131E-01  1.5613E-01
 -8.6512E-01  5.7793E-02 -1.8372E+00  1.0131E-01  1.5613E-01
 -1.0973E+00  1.3728E-01 -1.6933E+00  1.0093E-01  1.5789E-01
  1.8382E+00  1.8735E-01 -7.7633E-01  1.0017E-01  1.6148E-01
 -5.7999E-01 -1.5203E-01  1.9124E+00  1.0017E-01  1.6148E-01
  1.5040E+00  5.4789E-02 -1.2960E+00  9.9419E-02  1.6519E-01
  7.4108E-01 -3.0582E-03 -1.8426E+00  9.9419E-02  1.6519E-01
 -1.3284E+00  1.1240E-01 -1.4722E+00  9.9419E-02  1.6519E-01
 -1.5475E-01  3.8305E-02  1.9706E+00  9.9041E-02  1.6709E-01
 -9.4883E-01  9.3395E-02 -1.7217E+00  9.8663E-02  1.6902E-01
 -1.0994E+00  2.8695E-02 -1.6213E+00  9.8285E-02  1.7098E-01
  9.5919E-01 -1.8363E-02  1.6876E+00  9.7529E-02  1.7499E-01
  1.4961E+00 -1.3869E-01 -1.2291E+00  9.7529E-02  1.7499E-01
 -2.2707E-02  1.3325E-01  1.9365E+00  9.7529E-02  1.7499E-01
 -3.0888E-01 -1.6373E-01  1.9004E+00  9.7150E-02  1.7704E-01
  6.6495E-01  8.3080E-02  1.8124E+00  9.7150E-02  1.7704E-01
  1.7818E+00  1.6128E-01  7.0621E-01  9.6772E-02  1.7912E-01
 -3.2162E-01 -1.0634E-01  1.8933E+00  9.6772E-02  1.7912E-01
  1.8308E+00  1.0996E-01  4.4829E-01  9.5257E-02  1.8781E-01
  1.3825E+00  1.8944E-01  1.2718E+00  9.5257E-02  1.8781E-01
  6.6056E-01 -4.2629E-02 -1.7682E+00  9.5257E-02  1.8781E-01
  7.9213E-01  1.6328E-01 -1.7060E+00  9.5257E-02  1.8781E-01
 -2.0433E-01 -1.6463E-01 -1.8520E+00  9.4499E-02  1.9236E-01
  1.8683E+00 -2.7510E-02  8.7546E-02  9.4499E-02  1.9236E-01
 -8.8380E-01  1.1268E-01 -1.6447E+00  9.4499E-02  1.9236E-01
  1.4769E+00 -9.4382E-02  1.1296E+00  9.4120E-02  1.9470E-01
 -1.4976E+00 -1.3538E-01  1.0978E+00  9.4120E-02  1.9470E-01
  1.8301E+00 -1.4080E-02 -2.2887E-01  9.3361E-02  1.9948E-01
  1.3455E+00 -1.3926E-01 -1.2538E+00  9.3361E-02  1.9948E-01
  6.7354E-01 -7.2786E-02 -1.6968E+00  9.2603E-02  2.0443E-01
  3.1607E-01  5.6836E-02  1.7899E+00  9.2223E-02  2.0696E-01
  1.8112E+00  1.6192E-01  1.5329E-02  9.2223E-02  2.0696E-01
  3.9187E-01  3.1454E-03 -1.7670E+00  9.1844E-02  2.0954E-01
  3.3789E-01  1.5342E-01  1.7714E+00  9.1844E-02  2.0954E-01
 -1.2737E+00  1.4076E-01 -1.2781E+00  9.1844E-02  2.0954E-01
  1.1081E+00 -1.8084E-01 -1.4195E+00  9.1844E-02  2.0954E-01
  1.8010E+00 -5.4066E-02 -1.7031E-01  9.1844E-02  2.0954E-01
 -1.6171E+00  7.8134E-02 -7.8979E-01  9.1464E-02  2.1216E-01
 -1.6441E+00  9.1242E-02 -7.0913E-01  9.1084E-02  2.1482E-01
  6.3108E-01  1.3633E-01 -1.6725E+00  9.1084E-02  2.1482E-01
 -6.5254E-01  1.0728E-01 -1.6572E+00  9.0704E-02  2.1753E-01
  9.9847E-01 -1.8642E-01 -1.4566E+00  9.0325E-02  2.2029E-01
 -1.2286E+00 -1.5844E-01 -1.2723E+00  9.0325E-02  2.2029E-01
  6.4673E-01 -1.0785E-01  1.6412E+00  8.9945E-02  2.2309E-01
 -2.0905E-01 -1.5826E-01  1.7478E+00  8.9945E-02  2.2309E-01
 -1.4569E+00  1.3914E-01 -9.9076E-01  8.9945E-02  2.2309E-01
 -1.7198E+00  1.7511E-01 -3.6767E-01  8.9945E-02  2.2309E-01
  8.3144E-01  7.9422E-02  1.5479E+00  8.9565E-02  2.2594E-01
  9.8324E-01  4.1905E-02 -1.4578E+00  8.9565E-02  2.2594E-01
 -1.2754E+00  9.5475E-02 -1.2075E+00  8.9565E-02  2.2594E-01
  1.7010E+00 -1.3516E-01 -3.9066E-01  8.9185E-02  2.2884E-01
  1.7126E+00  2.5172E-02 -3.6144E-01  8.9185E-02  2.2884E-01
  1.6304E+00  4.5860E-02 -6.3563E-01  8.9185E-02  2.2884E-01
  2.7232E-01 -4.7129E-02 -1.7201E+00  8.8805E-02  2.3179E-01
  1.6016E+00 -1.2105E-02  6.8526E-01  8.8805E-02  2.3179E-01
  1.1091E+00 -1.3710E-01 -1.3256E+00  8.8425E-02  2.3479E-01
  1.6364E+00 -5.4875E-02 -5.4448E-01  8.8044E-02  2.3785E-01
 -1.1428E+00  1.1765E-01 -1.2762E+00  8.7664E-02  2.4095E-01
 -1.0774E+00  1.7933E-01  1.3143E+00  8.7284E-02  2.4412E-01
  6.2675E-01  1.7610E-01 -1.5800E+00  8.7284E-02  2.4412E-01
 -1.1452E+00 -1.7524E-01 -1.2562E+00  8.7284E-02  2.4412E-01
  9.6675E-01  7.3675E-02  1.3972E+00  8.6904E-02  2.4734E-01
  1.3841E+00 -9.8668E-02 -9.8317E-01  8.6904E-02  2.4734E-01
  5.5794E-01  1.2784E-01 -1.6014E+00  8.6904E-02  2.4734E-01
 -1.4102E-01  3.1827E-02  1.6945E+00  8.6904E-02  2.4734E-01
 -4.2399E-01 -1.6518E-01  1.6301E+00  8.6524E-02  2.5061E-01
  1.0288E+00 -3.4746E-02 -1.3434E+00  8.6524E-02  2.5061E-01
  2.8187E-01 -5.0890E-02 -1.6597E+00  8.6143E-02  2.5395E-01
  1.6071E+00 -1.1412E-01 -4.9068E-01  8.6143E-02  2.5395E-01
 -4.8664E-02 -4.2541E-03  1.6754E+00  8.5763E-02  2.5734E-01
  1.2757E+00 -1.1834E-01  1.0680E+00  8.5382E-02  2.6079E-01
  1.1464E+00  3.4344E-02 -1.1999E+00  8.5002E-02  2.6431E-01
 -1.4213E+00  2.6469E-02  8.4114E-01  8.4622E-02  2.6789E-01
 -1.2239E+00  1.0138E-01  1.1046E+00  8.4622E-02  2.6789E-01
 -3.4471E-01  1.4271E-01 -1.5926E+00  8.3861E-02  2.7525E-01
  1.5356E+00 -1.2252E-01 -5.5020E-01  8.3861E-02  2.7525E-01
  7.0618E-02  1.7965E-01 -1.6243E+00  8.3861E-02  2.7525E-01
 -1.5761E+00 -1.6818E-01 -4.0420E-01  8.3861E-02  2.7525E-01
 -9.3597E-01  7.0355E-02 -1.3299E+00  8.3480E-02  2.7903E-01
 -6.1269E-01 -4.1787E-02  1.5075E+00  8.3480E-02  2.7903E-01
  4.1557E-01 -1.7889E-02 -1.5737E+00  8.3480E-02  2.7903E-01
 -4.0097E-01  1.1613E-01  1.5569E+00  8.2719E-02  2.8681E-01
 -1.5891E+00 -8.6854E-02  2.0043E-01  8.2338E-02  2.9080E-01
  1.3475E+00 -4.8032E-02  8.5421E-01  8.1958E-02  2.9487E-01
 -6.5630E-01 -1.8133E-02 -1.4549E+00  8.1958E-02  2.9487E-01
 -9.5638E-02 -1.4871E-01  1.5785E+00  8.1577E-02  2.9902E-01
 -1.5121E+00  1.4611E-01 -4.6387E-01  8.1577E-02  2.9902E-01
  4.6794E-01 -4.9824E-02  1.5008E+00  8.0816E-02  3.0755E-01
 -2.9816E-01  5.8338E-02  1.5353E+00  8.0435E-02  3.1193E-01
  1.5553E+00 -1.1336E-01 -1.3331E-01  8.0435E-02  3.1193E-01
  1.4289E+00  1.0807E-01  6.2949E-01  8.0435E-02  3.1193E-01
 -8.7659E-01  4.5633E-02  1.2865E+00  8.0055E-02  3.1640E-01
 -1.5234E+00 -4.1594E-02 -2.8153E-01  7.9674E-02  3.2096E-01
 -1.5298E+00 -8.3657E-02 -2.3323E-01  7.9674E-02  3.2096E-01
 -1.5313E+00 -1.5927E-01 -1.7751E-01  7.9674E-02  3.2096E-01
 -1.1980E+00  1.4381E-01  9.6046E-01  7.9293E-02  3.2561E-01
  6.9080E-01  1.2518E-01  1.3731E+00  7.9293E-02  3.2561E-01
  1.8999E-01 -5.4483E-02  1.5294E+00  7.9293E-02  3.2561E-01
  8.4427E-02 -2.2969E-02  1.5397E+00  7.9293E-02  3.2561E-01
 -1.5231E+00  6.4183E-03 -1.8712E-01  7.8913E-02  3.3034E-01
 -5.9030E-01 -9.1257E-02  1.4136E+00  7.8913E-02  3.3034E-01
  9.4126E-01  1.7639E-01 -1.1894E+00  7.8532E-02  3.3517E-01
 -1.5063E+00  7.0284E-02  2.4088E-01  7.8532E-02  3.3517E-01
 -1.1495E+00 -1.4270E-01  9.9509E-01  7.8532E-02  3.3517E-01
  1.3592E+00 -1.4046E-01  6.6463E-01  7.8152E-02  3.4009E-01
  5.8622E-01  9.6962E-02  1.3985E+00  7.8152E-02  3.4009E-01
 -1.0052E+00  7.0137E-02  1.1273E+00  7.7771E-02  3.4511E-01
 -1.3858E+00 -1.1685E-01  5.9347E-01  7.7771E-02  3.4511E-01
 -1.4978E+00 -6.7308E-03 -2.0685E-01  7.7771E-02  3.4511E-01
 -1.4780E+00  4.9124E-02 -3.1541E-01  7.7771E-02  3.4511E-01
 -5.5365E-01 -1.5662E-01  1.3983E+00  7.7771E-02  3.4511E-01
 -5.8309E-01 -2.8532E-02  1.3867E+00  7.7390E-02  3.5022E-01
 -1.0875E+00  2.6668E-02 -1.0394E+00  7.7390E-02  3.5022E-01
  4.4754E-01 -2.5108E-02 -1.4363E+00  7.7390E-02  3.5022E-01
  8.3314E-01 -1.1061E-02  1.2439E+00  7.7010E-02  3.5544E-01
 -1.4839E+00  1.3054E-01  2.2081E-02  7.6629E-02  3.6076E-01
  9.8960E-01  1.6309E-01  1.1017E+00  7.6629E-02  3.6076E-01
  1.4288E+00  8.1216E-03  3.9545E-01  7.6248E-02  3.6619E-01
  1.1395E+00 -1.0558E-01  9.3095E-01  7.5868E-02  3.7173E-01
 -1.2440E+00  1.6283E-01 -7.6207E-01  7.5487E-02  3.7739E-01
 -1.4072E+00  9.6986E-02  4.0666E-01  7.5487E-02  3.7739E-01
 -1.4553E+00  1.0137E-01  7.5394E-02  7.5106E-02  3.8315E-01
 -2.7927E-01  8.9649E-02 -1.4310E+00  7.5106E-02  3.8315E-01
  1.3841E+00  1.4852E-01 -4.1833E-01  7.4726E-02  3.8904E-01
  1.2357E+00 -3.7034E-03 -7.6547E-01  7.4726E-02  3.8904E-01
 -1.4054E+00 -1.0212E-01 -3.5671E-01  7.4726E-02  3.8904E-01
  7.9667E-01  5.4420E-02  1.2060E+00  7.4345E-02  3.9504E-01
  7.1397E-01  1.6726E-01  1.2467E+00  7.4345E-02  3.9504E-01
 -1.4386E+00 -2.6963E-02  3.5762E-02  7.3965E-02  4.0117E-01
  1.3521E+00  8.1802E-02  4.8655E-01  7.3965E-02  4.0117E-01
 -1.0453E+00 -6.9677E-02  9.8692E-01  7.3965E-02  4.0117E-01
 -1.3703E-01 -3.5264E-02 -1.4323E+00  7.3965E-02  4.0117E-01
  8.3677E-01  2.7052E-02  1.1621E+00  7.3584E-02  4.0743E-01
  1.2996E+00  7.2512E-02 -5.9752E-01  7.3584E-02  4.0743E-01
 -1.3232E+00 -8.0667E-02  5.4226E-01  7.3584E-02  4.0743E-01
 -1.3408E+00  6.9781E-02  4.7814E-01  7.3203E-02  4.1382E-01
 -6.1751E-01 -7.7345E-02 -1.2822E+00  7.3203E-02  4.1382E-01
 -4.8200E-01  1.8254E-01 -1.3213E+00  7.2822E-02  4.2035E-01
  1.0535E+00 -1.7223E-02 -9.4932E-01  7.2822E-02  4.2035E-01
  1.4074E+00 -4.7017E-02  1.6867E-01  7.2822E-02  4.2035E-01
 -9.7978E-01  6.6136E-02  1.0136E+00  7.2442E-02  4.2701E-01
 -1.2992E+00 -4.5892E-02  5.4932E-01  7.2442E-02  4.2701E-01
  8.2073E-01 -1.2940E-01 -1.1408E+00  7.2442E-02  4.2701E-01
  1.3301E+00  7.4262E-02  4.4449E-01  7.2061E-02  4.3381E-01
 -2.7905E-01 -5.0675E-02 -1.3755E+00  7.2061E-02  4.3381E-01
  1.0421E+00 -1.6980E-01 -9.2607E-01  7.2061E-02  4.3381E-01
  1.3353E+00  1.4742E-01 -3.5952E-01  7.1300E-02  4.4786E-01
 -1.3562E+00 -5.5818E-02  3.0308E-01  7.1300E-02  4.4786E-01
 -1.0326E+00  1.5483E-01  9.1859E-01  7.1300E-02  4.4786E-01
 -4.9810E-01  4.1708E-02 -1.2905E+00  7.0919E-02  4.5511E-01
  1.2480E+00  9.0382E-02  5.9143E-01  7.0919E-02  4.5511E-01
  1.2723E+00 -1.6849E-01 -4.8092E-01  7.0157E-02  4.7010E-01
  1.3428E+00  8.9862E-02 -2.2151E-01  6.9776E-02  4.7784E-01
  1.0460E+00  4.5274E-03  8.7533E-01  6.9776E-02  4.7784E-01
 -9.0780E-02  1.3085E-03 -1.3609E+00  6.9776E-02  4.7784E-01
  1.1792E+00 -1.7118E-01 -6.4991E-01  6.9395E-02  4.8575E-01
  1.1089E+00 -3.1253E-02 -7.7061E-01  6.9014E-02  4.9384E-01
  1.3374E+00 -1.2396E-01  1.4309E-01  6.9014E-02  4.9384E-01
 -9.1167E-01 -1.3481E-01 -9.8753E-01  6.9014E-02  4.9384E-01
  1.1804E+00 -1.0716E-01 -6.3412E-01  6.8633E-02  5.0211E-01
  1.1916E+00 -9.3188E-02  6.1517E-01  6.8633E-02  5.0211E-01
  4.2443E-01  1.9488E-02  1.2753E+00  6.8633E-02  5.0211E-01
  1.1146E+00  1.6496E-01  7.2118E-01  6.8252E-02  5.1057E-01
 -1.1253E+00 -5.8622E-02 -7.2105E-01  6.8252E-02  5.1057E-01
 -1.6203E-01  3.9869E-02  1.3209E+00  6.7871E-02  5.1923E-01
  5.0295E-01  8.7578E-02 -1.2227E+00  6.7489E-02  5.2808E-01
 -1.3197E+00 -1.1713E-01 -1.4125E-02  6.7489E-02  5.2808E-01
 -1.5018E-01 -1.4675E-01 -1.3018E+00  6.7108E-02  5.3713E-01
 -1.7752E-01 -3.9651E-02  1.3061E+00  6.7108E-02  5.3713E-01
  4.8783E-01 -5.9144E-02  1.2169E+00  6.6726E-02  5.4640E-01
 -1.2667E+00  1.6107E-01  3.0325E-01  6.6726E-02  5.4640E-01
 -1.1090E+00  1.7689E-01  6.7913E-01  6.6726E-02  5.4640E-01
  2.9900E-02  3.8455E-02  1.3115E+00  6.6726E-02  5.4640E-01
  2.4202E-01  8.9651E-02 -1.2804E+00  6.6345E-02  5.5588E-01
  1.2525E+00  9.5548E-02  3.3483E-01  6.5963E-02  5.6559E-01
  1.2743E+00 -2.9163E-02  2.2223E-01  6.5581E-02  5.7553E-01
 -6.0155E-02  3.5704E-02 -1.2798E+00  6.4817E-02  5.9614E-01
  7.5262E-01  1.5779E-02  1.0374E+00  6.4817E-02  5.9614E-01
  2.4321E-01 -1.9263E-02 -1.2522E+00  6.4434E-02  6.0681E-01
  3.2855E-01  6.2832E-02 -1.2311E+00  6.4434E-02  6.0681E-01
 -7.7228E-01 -1.7355E-01 -1.0005E+00  6.4434E-02  6.0681E-01
 -3.6028E-01  3.1492E-02  1.2234E+00  6.4434E-02  6.0681E-01
 -1.0685E+00 -6.6647E-02 -6.9384E-01  6.4434E-02  6.0681E-01
  1.1439E+00 -5.2875E-05  5.6471E-01  6.4434E-02  6.0681E-01
  1.2339E+00  1.2890E-01  2.7048E-01  6.4051E-02  6.1776E-01
 -1.0395E+00 -1.0203E-01 -7.2203E-01  6.4051E-02  6.1776E-01
 -1.0773E+00  6.6277E-02  6.4637E-01  6.3285E-02  6.4046E-01
  1.0629E+00 -1.8055E-01 -6.4844E-01  6.3285E-02  6.4046E-01
 -2.4567E-01 -1.4336E-01  1.2255E+00  6.3285E-02  6.4046E-01
 -7.4928E-01  2.5023E-02  1.0031E+00  6.2902E-02  6.5224E-01
 -9.7668E-01  9.1560E-02 -7.7846E-01  6.2902E-02  6.5224E-01
 -1.2329E+00  8.5604E-02  2.0221E-01  6.2902E-02  6.5224E-01
 -1.2373E+00  1.1435E-01 -1.5569E-01  6.2902E-02  6.5224E-01
 -1.0710E+00 -5.3666E-02 -6.3571E-01  6.2518E-02  6.6433E-01
 -1.0379E+00 -5.5822E-02  6.8826E-01  6.2518E-02  6.6433E-01
  7.8163E-01 -1.7285E-01 -9.5559E-01  6.2518E-02  6.6433E-01
  1.1201E+00 -1.3199E-01 -5.1751E-01  6.2134E-02  6.7672E-01
 -8.2737E-01  9.0566E-02 -9.2039E-01  6.2134E-02  6.7672E-01
  1.2227E+00 -5.4059E-02  2.0466E-01  6.2134E-02  6.7672E-01
  6.1855E-01 -5.6008E-02 -1.0743E+00  6.2134E-02  6.7672E-01
  7.7495E-01  1.0413E-01  9.5632E-01  6.1750E-02  6.8943E-01
  1.0984E+00 -1.2174E-01 -5.5196E-01  6.1750E-02  6.8943E-01
 -1.0825E+00 -2.6187E-02  5.8284E-01  6.1365E-02  7.0248E-01
 -9.2865E-01 -5.7341E-02  8.0408E-01  6.1365E-02  7.0248E-01
  1.2205E+00  1.4872E-01 -2.1427E-02  6.1365E-02  7.0248E-01
  2.2352E-01 -4.3604E-02 -1.2085E+00  6.1365E-02  7.0248E-01
  1.1269E+00 -1.4992E-01  4.5417E-01  6.0980E-02  7.1587E-01
  1.1857E+00  1.2375E-01 -2.7844E-01  6.0980E-02  7.1587E-01
 -1.0834E+00 -3.1099E-02  5.6914E-01  6.0980E-02  7.1587E-01
  1.2085E+00 -9.8234E-02  1.6926E-01  6.0980E-02  7.1587E-01
  1.1961E+00  1.7671E-01  1.5330E-01  6.0595E-02  7.2962E-01
 -8.7181E-01 -1.3466E-01 -8.4094E-01  6.0595E-02  7.2962E-01
 -9.7645E-01  1.8521E-01 -7.0540E-01  6.0595E-02  7.2962E-01
 -1.1148E+00  2.8951E-02 -4.9175E-01  6.0595E-02  7.2962E-01
  1.1395E+00 -6.7657E-03  4.3223E-01  6.0595E-02  7.2962E-01
  3.4162E-01  1.2381E-01  1.1577E+00  6.0209E-02  7.4374E-01
  4.1662E-01  2.9479E-02  1.1392E+00  6.0209E-02  7.4374E-01
  1.1825E+00 -4.8935E-02 -2.6754E-01  6.0209E-02  7.4374E-01
 -9.6168E-01 -1.3611E-01  7.1827E-01  5.9822E-02  7.5825E-01
 -3.2122E-01 -1.3972E-01  1.1561E+00  5.9822E-02  7.5825E-01
  8.1863E-01  1.6043E-02 -8.8818E-01  5.9822E-02  7.5825E-01
 -1.0691E+00 -1.5296E-01  5.2930E-01  5.9436E-02  7.7315E-01
  1.1980E+00 -9.6180E-02 -4.5775E-02  5.9436E-02  7.7315E-01
  2.8689E-01 -1.2276E-01  1.1615E+00  5.9436E-02  7.7315E-01
 -2.0926E-01  6.3365E-02  1.1827E+00  5.9436E-02  7.7315E-01
 -1.2018E+00  3.8938E-02  2.6547E-02  5.9436E-02  7.7315E-01
  1.1229E+00  8.0956E-02 -4.2308E-01  5.9436E-02  7.7315E-01
 -1.1590E+00 -5.4500E-02 -3.1670E-01  5.9436E-02  7.7315E-01
  4.2272E-01  9.6484E-02 -1.1218E+00  5.9436E-02  7.7315E-01
  3.3849E-01  1.4343E-01  1.1397E+00  5.9048E-02  7.8847E-01
  1.1269E+00 -6.5526E-02  3.9962E-01  5.9048E-02  7.8847E-01
 -9.1783E-01  6.5852E-02 -7.6630E-01  5.9048E-02  7.8847E-01
  7.9494E-01 -1.8114E-01  8.7705E-01  5.9048E-02  7.8847E-01
  1.0063E+00  1.5003E-01  6.2166E-01  5.8660E-02  8.0422E-01
 -1.1857E+00  9.8625E-02 -7.7503E-02  5.8660E-02  8.0422E-01
  8.1780E-01  1.3007E-01 -8.5070E-01  5.8271E-02  8.2042E-01
  9.8928E-02 -2.4077E-02 -1.1828E+00  5.8271E-02  8.2042E-01
 -4.3977E-01  4.1289E-02 -1.1020E+00  5.8271E-02  8.2042E-01
 -1.1286E+00 -3.6507E-02  3.6656E-01  5.8271E-02  8.2042E-01
  7.3653E-01  1.4445E-02 -9.3098E-01  5.8271E-02  8.2042E-01
 -4.0202E-01 -6.4037E-02 -1.1098E+00  5.7882E-02  8.3709E-01
 -1.1000E+00 -7.5336E-02  4.2644E-01  5.7882E-02  8.3709E-01
 -8.6168E-01 -1.0336E-02  8.0189E-01  5.7492E-02  8.5424E-01
 -6.0716E-01 -9.5511E-02  1.0039E+00  5.7492E-02  8.5424E-01
 -5.3818E-01 -1.8042E-01  1.0312E+00  5.7492E-02  8.5424E-01
 -5.0463E-01  1.6980E-01  1.0443E+00  5.7101E-02  8.7190E-01
 -5.2489E-01 -4.2703E-02 -1.0472E+00  5.7101E-02  8.7190E-01
 -8.5981E-01  1.2865E-01  7.8624E-01  5.7101E-02  8.7190E-01
 -1.0845E+00  7.3713E-02 -4.3871E-01  5.7101E-02  8.7190E-01
  1.1108E+00 -1.6961E-01 -3.3364E-01  5.7101E-02  8.7190E-01
 -1.0975E+00 -1.0050E-01  3.9917E-01  5.7101E-02  8.7190E-01
  9.6639E-01 -1.4455E-01 -6.3857E-01  5.6710E-02  8.9009E-01
 -5.1100E-01 -7.3375E-02  1.0469E+00  5.6710E-02  8.9009E-01
  1.1538E+00 -1.4320E-01 -1.0382E-01  5.6710E-02  8.9009E-01
 -6.7536E-01  7.8694E-03  9.4614E-01  5.6317E-02  9.0882E-01
  1.0053E+00  4.0402E-04 -5.8376E-01  5.6317E-02  9.0882E-01
 -1.1517E+00 -1.1278E-01 -1.1087E-01  5.6317E-02  9.0882E-01
 -1.1119E+00 -1.7689E-02  3.3863E-01  5.6317E-02  9.0882E-01
 -1.0380E+00 -1.7739E-01 -4.8103E-01  5.5924E-02  9.2814E-01
 -2.2125E-01 -2.8896E-02  1.1360E+00  5.5924E-02  9.2814E-01
 -7.2098E-01  1.3006E-02  9.0572E-01  5.5924E-02  9.2814E-01
  1.1442E+00  1.4093E-01  2.0693E-02  5.5530E-02  9.4805E-01
 -1.1383E+00 -3.1304E-02 -1.4864E-01  5.5134E-02  9.6859E-01
  1.1308E+00  6.1143E-02 -1.9073E-01  5.5134E-02  9.6859E-01
  8.5511E-01 -1.3535E-01  7.4749E-01  5.4738E-02  9.8980E-01
  7.6721E-01  6.3689E-02  8.4594E-01  5.4738E-02  9.8980E-01
 -1.0398E+00 -1.6683E-01 -4.4635E-01  5.4738E-02  9.8980E-01
  2.8601E-01  6.9386E-02 -1.1006E+00  5.4340E-02  1.0117E+00
  1.0001E+00  1.5233E-01  5.2393E-01  5.4340E-02  1.0117E+00
 -1.1318E+00 -3.2975E-02 -1.2650E-01  5.4340E-02  1.0117E+00
  9.3685E-01  2.1743E-02  6.4793E-01  5.4340E-02  1.0117E+00
 -4.5732E-01 -1.4120E-01  1.0290E+00  5.3941E-02  1.0343E+00
 -1.0291E-01 -3.6023E-02 -1.1296E+00  5.3941E-02  1.0343E+00
 -8.3467E-01 -1.6835E-02  7.5579E-01  5.3139E-02  1.0818E+00
 -4.5670E-01 -1.2507E-02 -1.0293E+00  5.3139E-02  1.0818E+00
 -1.8241E-01  4.7198E-02  1.1103E+00  5.3139E-02  1.0818E+00
 -2.1296E-01  1.5095E-01 -1.0911E+00  5.2736E-02  1.1068E+00
 -4.6283E-01 -1.9341E-02 -1.0218E+00  5.2736E-02  1.1068E+00
  6.3666E-01 -1.3696E-01 -9.0836E-01  5.2331E-02  1.1327E+00
 -3.0545E-01  1.5518E-01  1.0639E+00  5.2331E-02  1.1327E+00
 -5.6565E-01  8.2800E-02 -9.6041E-01  5.2331E-02  1.1327E+00
 -4.1307E-01 -1.5742E-01  1.0221E+00  5.1925E-02  1.1595E+00
  6.7332E-02 -2.6265E-02  1.1112E+00  5.1925E-02  1.1595E+00
 -7.0903E-01 -1.4832E-01 -8.4574E-01  5.1925E-02  1.1595E+00
 -9.9374E-01  4.9245E-02  5.0005E-01  5.1925E-02  1.1595E+00
  1.0721E+00 -1.4416E-01 -2.6408E-01  5.1925E-02  1.1595E+00
 -6.0844E-01  5.5030E-02  9.3101E-01  5.1925E-02  1.1595E+00
 -5.7195E-02 -2.1215E-02 -1.1078E+00  5.1516E-02  1.1873E+00
  9.1607E-01 -2.1563E-02  6.2555E-01  5.1516E-02  1.1873E+00
  1.0984E+00 -5.6173E-02  1.4634E-01  5.1516E-02  1.1873E+00
  3.9904E-01  7.1280E-02 -1.0285E+00  5.1106E-02  1.2161E+00
  3.7879E-01  1.3750E-01 -1.0294E+00  5.1106E-02  1.2161E+00
 -5.4295E-01 -1.5820E-01  9.4533E-01  5.0694E-02  1.2461E+00
 -3.0081E-02  1.1234E-01 -1.0954E+00  5.0694E-02  1.2461E+00
  4.5229E-01 -1.2292E-01  9.9689E-01  5.0694E-02  1.2461E+00
  9.9175E-01  9.2599E-02  4.6135E-01  5.0279E-02  1.2771E+00
 -4.6728E-01 -9.9389E-02 -9.8831E-01  5.0279E-02  1.2771E+00
  7.0055E-01 -2.7482E-02 -8.4466E-01  5.0279E-02  1.2771E+00
 -5.6318E-01 -7.9460E-02  9.3445E-01  4.9863E-02  1.3094E+00
  1.2384E-01  1.4133E-01  1.0777E+00  4.9863E-02  1.3094E+00
  1.0747E+00 -1.8111E-01 -9.4565E-02  4.9863E-02  1.3094E+00
 -1.0813E+00  1.4942E-02  1.6532E-01  4.9863E-02  1.3094E+00
  5.8443E-02  1.7420E-01  1.0746E+00  4.9444E-02  1.3430E+00
  9.8418E-01  1.3396E-01 -4.4051E-01  4.9022E-02  1.3780E+00
 -3.9034E-01  7.0228E-02  1.0116E+00  4.9022E-02  1.3780E+00
 -1.0730E+00  1.1931E-01  1.2234E-01  4.9022E-02  1.3780E+00
 -5.7873E-01 -4.8246E-02 -9.1833E-01  4.9022E-02  1.3780E+00
  5.8332E-01 -8.9143E-03  9.1665E-01  4.9022E-02  1.3780E+00
 -2.2305E-01 -9.6703E-02 -1.0553E+00  4.8597E-02  1.4144E+00
  4.5131E-01  1.3775E-01  9.7476E-01  4.8597E-02  1.4144E+00
 -1.0745E+00 -3.2411E-02 -1.3102E-01  4.8597E-02  1.4144E+00
  9.1453E-01  3.5540E-02 -5.7896E-01  4.8597E-02  1.4144E+00
  1.0156E+00  1.7543E-01 -3.2095E-01  4.8170E-02  1.4524E+00
  2.8050E-01 -5.6465E-02  1.0408E+00  4.8170E-02  1.4524E+00
 -2.2453E-01 -1.0596E-01  1.0505E+00  4.8170E-02  1.4524E+00
  4.7958E-03 -6.5622E-02 -1.0740E+00  4.7739E-02  1.4920E+00
  1.0582E+00  6.5419E-03  1.9474E-01  4.7739E-02  1.4920E+00
 -8.6435E-01 -9.9652E-02  6.3307E-01  4.7739E-02  1.4920E+00
 -3.8052E-01 -9.3538E-02  9.9851E-01  4.7306E-02  1.5334E+00
  7.6051E-01 -2.5372E-02 -7.5600E-01  4.7306E-02  1.5334E+00
 -7.9635E-01  1.0205E-01  7.0633E-01  4.6868E-02  1.5768E+00
 -9.1596E-01  6.3293E-02  5.4819E-01  4.6868E-02  1.5768E+00
  2.4639E-01  1.5250E-01 -1.0260E+00  4.6427E-02  1.6222E+00
 -8.3034E-01 -1.1873E-01  6.5806E-01  4.6427E-02  1.6222E+00
  9.6545E-01  8.1924E-02  4.4475E-01  4.6427E-02  1.6222E+00
 -6.1861E-01  4.1208E-02  8.6731E-01  4.6427E-02  1.6222E+00
  5.6572E-01 -9.6984E-02 -8.9842E-01  4.6427E-02  1.6222E+00
 -3.4624E-01  1.6493E-01  9.9474E-01  4.6427E-02  1.6222E+00
 -5.4225E-01  3.9870E-02  9.1338E-01  4.5982E-02  1.6697E+00
 -7.8618E-01 -6.9424E-02 -7.1203E-01  4.5982E-02  1.6697E+00
  7.9335E-01 -1.1761E-01  6.9761E-01  4.5982E-02  1.6697E+00
 -3.7222E-01  4.5258E-02 -9.9133E-01  4.5533E-02  1.7196E+00
  6.5398E-01 -1.6985E-01 -8.1657E-01  4.5533E-02  1.7196E+00
  1.0049E-01  1.2914E-01  1.0472E+00  4.5533E-02  1.7196E+00
  5.4271E-01  1.8294E-01  8.9182E-01  4.5533E-02  1.7196E+00
  8.5863E-01 -5.8751E-02  6.1341E-01  4.5079E-02  1.7721E+00
  3.2321E-01 -1.5722E-02  1.0061E+00  4.5079E-02  1.7721E+00
 -1.0358E+00  8.8713E-02  1.9015E-01  4.5079E-02  1.7721E+00
  7.9005E-01  1.1530E-01 -6.9246E-01  4.5079E-02  1.7721E+00
 -1.0422E+00 -1.4930E-01 -9.2469E-02  4.5079E-02  1.7721E+00
  3.6370E-01  4.2122E-02 -9.8829E-01  4.4620E-02  1.8273E+00
 -5.3950E-01  1.4746E-01  8.9329E-01  4.4620E-02  1.8273E+00
 -4.4707E-01  8.9283E-02 -9.5022E-01  4.4620E-02  1.8273E+00
  9.9907E-01  1.9221E-02 -3.3506E-01  4.4620E-02  1.8273E+00
 -1.0137E+00  1.6673E-01 -2.2232E-01  4.4156E-02  1.8855E+00
 -9.2823E-02 -1.8512E-01 -1.0305E+00  4.4156E-02  1.8855E+00
  3.9286E-01 -1.6090E-01  9.6152E-01  4.4156E-02  1.8855E+00
 -1.8898E-01 -1.5975E-01 -1.0215E+00  4.4156E-02  1.8855E+00
 -8.7283E-01 -1.7527E-01  5.5348E-01  4.3687E-02  1.9469E+00
  9.1451E-01  5.7667E-02 -5.0916E-01  4.3687E-02  1.9469E+00
 -9.4415E-01 -1.7761E-01 -4.1261E-01  4.3212E-02  2.0119E+00
  6.8767E-01  1.5110E-01  7.7297E-01  4.3212E-02  2.0119E+00
  9.6355E-01 -1.5740E-01  3.7417E-01  4.3212E-02  2.0119E+00
 -7.0691E-01 -1.2070E-01 -7.5724E-01  4.2730E-02  2.0806E+00
  4.6153E-01  1.2555E-01 -9.2678E-01  4.2730E-02  2.0806E+00
 -1.9777E-02 -1.3518E-01  1.0339E+00  4.2730E-02  2.0806E+00
  5.1512E-01  2.8527E-02  9.0639E-01  4.2730E-02  2.0806E+00
  3.6875E-01  1.0312E-01 -9.7010E-01  4.2730E-02  2.0806E+00
 -6.8343E-01  1.7391E-01 -7.6836E-01  4.2730E-02  2.0806E+00
  1.0054E+00  6.6086E-02 -2.6945E-01  4.2730E-02  2.0806E+00
 -1.0287E+00 -1.5534E-01  1.5206E-03  4.2242E-02  2.1536E+00
  8.9558E-01  1.2414E-01  5.1466E-01  4.2242E-02  2.1536E+00
 -7.9360E-01 -8.5407E-02  6.6728E-01  4.2242E-02  2.1536E+00
  2.7869E-01  1.4123E-01 -9.9235E-01  4.2242E-02  2.1536E+00
  7.5100E-01 -1.7298E-01 -6.9517E-01  4.1747E-02  2.2312E+00
 -1.0327E+00  9.4214E-02 -4.4010E-02  4.1747E-02  2.2312E+00
 -6.9238E-01  2.3608E-02 -7.7282E-01  4.1747E-02  2.2312E+00
  1.0134E+00  9.6832E-02 -2.0208E-01  4.1747E-02  2.2312E+00
  1.0278E+00 -1.3160E-01  5.8955E-02  4.1747E-02  2.2312E+00
 -1.0207E+00  5.2483E-02 -1.6611E-01  4.1244E-02  2.3138E+00
  1.0314E+00 -7.9871E-02 -4.4552E-02  4.1244E-02  2.3138E+00
  8.7387E-02 -1.5237E-01 -1.0181E+00  4.0733E-02  2.4020E+00
 -1.0223E+00  1.4897E-01 -9.1621E-03  4.0733E-02  2.4020E+00
  1.0122E+00  1.7114E-01  1.1664E-01  4.0733E-02  2.4020E+00
  5.9388E-01  9.1742E-02 -8.4039E-01  4.0733E-02  2.4020E+00
  7.1121E-03 -1.8185E-01 -1.0147E+00  4.0213E-02  2.4964E+00
  5.9045E-01  4.3955E-02 -8.4389E-01  4.0213E-02  2.4964E+00
  6.6728E-01 -1.6663E-01  7.6791E-01  4.0213E-02  2.4964E+00
  3.1330E-01  1.6225E-01  9.6630E-01  3.9683E-02  2.5977E+00
 -1.0138E+00 -2.9680E-02  1.7164E-01  3.9683E-02  2.5977E+00
 -1.2734E-02  1.2551E-01 -1.0209E+00  3.9683E-02  2.5977E+00
  1.0031E+00 -1.5294E-01  1.6937E-01  3.9683E-02  2.5977E+00
  1.0239E+00  7.6847E-02 -6.2508E-02  3.9683E-02  2.5977E+00
 -8.7290E-01 -1.5223E-01 -5.1842E-01  3.9143E-02  2.7067E+00
  2.4257E-01  8.2234E-02 -9.9413E-01  3.9143E-02  2.7067E+00
 -9.8854E-01  1.6771E-01 -2.2038E-01  3.9143E-02  2.7067E+00
  5.9467E-01  4.0505E-02 -8.3335E-01  3.8592E-02  2.8243E+00
 -5.5464E-01 -6.4650E-02 -8.5903E-01  3.8592E-02  2.8243E+00
 -9.3498E-01  1.4064E-02  4.1876E-01  3.8592E-02  2.8243E+00
  6.3650E-01  7.1827E-02  7.9966E-01  3.8592E-02  2.8243E+00
 -6.5304E-01 -6.1186E-02 -7.8711E-01  3.8592E-02  2.8243E+00
  1.0219E+00  7.6279E-04 -3.7588E-02  3.8029E-02  2.9517E+00
  8.3918E-01 -1.0504E-01 -5.7490E-01  3.8029E-02  2.9517E+00
  4.3550E-01  1.0606E-01  9.1709E-01  3.7452E-02  3.0900E+00
  7.7326E-01 -1.0126E-01  6.5583E-01  3.6862E-02  3.2409E+00
  1.0056E+00 -1.5023E-01  6.6427E-02  3.6862E-02  3.2409E+00
  1.4062E-01  7.6837E-02  1.0063E+00  3.6862E-02  3.2409E+00
 -5.6011E-01 -1.4575E-01  8.3865E-01  3.6862E-02  3.2409E+00
  3.7882E-01 -1.3513E-01  9.3623E-01  3.6862E-02  3.2409E+00
 -9.8469E-01  1.3941E-01 -2.2190E-01  3.6862E-02  3.2409E+00
 -9.6368E-01  1.0451E-01  3.0858E-01  3.6256E-02  3.4062E+00
  4.0942E-01  1.4035E-01  9.2059E-01  3.6256E-02  3.4062E+00
 -9.8308E-01  5.1948E-02  2.5628E-01  3.6256E-02  3.4062E+00
  7.3913E-01  1.6467E-01 -6.7681E-01  3.5633E-02  3.5880E+00
 -6.2498E-01  3.0360E-02  7.9999E-01  3.5633E-02  3.5880E+00
 -6.1077E-01 -2.0169E-02 -8.1121E-01  3.5633E-02  3.5880E+00
  2.2585E-01 -1.3891E-01 -9.8041E-01  3.5633E-02  3.5880E+00
  5.7664E-01  6.9965E-02 -8.3313E-01  3.5633E-02  3.5880E+00
 -9.8822E-01  1.6897E-01  1.5241E-01  3.4991E-02  3.7890E+00
  7.7550E-01  1.6780E-01  6.3151E-01  3.4991E-02  3.7890E+00
 -6.0558E-01  9.9756E-02  8.0542E-01  3.4329E-02  4.0125E+00
  9.9802E-01  1.0838E-01  1.2153E-01  3.3644E-02  4.2626E+00
 -4.9659E-01 -1.0693E-01  8.7437E-01  3.3644E-02  4.2626E+00
  1.3281E-01 -2.7400E-02  1.0021E+00  3.3644E-02  4.2626E+00
 -7.2855E-02  1.4663E-01 -9.9788E-01  3.3644E-02  4.2626E+00
 -6.2782E-01  1.3545E-01 -7.8107E-01  3.3644E-02  4.2626E+00
 -9.2971E-02  6.8793E-02  1.0033E+00  3.2934E-02  4.5444E+00
 -2.1993E-01 -1.5358E-01  9.7363E-01  3.2934E-02  4.5444E+00
 -7.7864E-01 -4.3504E-03  6.4313E-01  3.2934E-02  4.5444E+00
  9.6563E-01  3.2444E-02 -2.9398E-01  3.2934E-02  4.5444E+00
  3.9074E-02 -7.4592E-02 -1.0064E+00  3.2934E-02  4.5444E+00
  2.5299E-01  1.4298E-01 -9.6720E-01  3.2934E-02  4.5444E+00
 -7.8627E-02 -4.0784E-02 -1.0048E+00  3.2195E-02  4.8645E+00
  8.5908E-01  8.8396E-02  5.2116E-01  3.2195E-02  4.8645E+00
 -9.3529E-01 -1.4636E-01 -3.4485E-01  3.1425E-02  5.2312E+00
 -1.0003E+00 -1.1143E-01 -4.5658E-02  3.1425E-02  5.2312E+00
  4.9518E-01  9.5691E-03 -8.7740E-01  3.1425E-02  5.2312E+00
  7.1519E-01 -1.1519E-01  7.0026E-01  3.1425E-02  5.2312E+00
  2.4677E-02  2.1315E-02 -1.0059E+00  3.0618E-02  5.6557E+00
 -8.4091E-01  1.7157E-01  5.2384E-01  2.9770E-02  6.1530E+00
  9.5557E-01  5.2731E-02 -3.0835E-01  2.9770E-02  6.1530E+00
 -8.3340E-01 -8.4671E-02 -5.5448E-01  2.8874E-02  6.7438E+00
 -7.9366E-01 -1.3240E-01  6.0145E-01  2.8874E-02  6.7438E+00
  7.7974E-01 -5.4837E-02  6.3101E-01  2.8874E-02  6.7438E+00
  3.6757E-01  5.5855E-02 -9.3324E-01  2.8874E-02  6.7438E+00
 -1.2753E-01  8.4879E-02 -9.9199E-01  2.7921E-02  7.4574E+00
 -9.7810E-01  1.3509E-03 -2.2544E-01  2.7921E-02  7.4574E+00
  9.1965E-01  1.2975E-01 -3.8068E-01  2.7921E-02  7.4574E+00
  9.2119E-01 -1.0828E-01  3.8171E-01  2.6903E-02  8.3369E+00
 -8.6803E-01  1.5597E-01 -4.7773E-01  2.6903E-02  8.3369E+00
 -8.8750E-01  1.4155E-01 -4.4535E-01  2.6903E-02  8.3369E+00
 -7.7599E-01  1.6428E-01  6.1389E-01  2.6903E-02  8.3369E+00
 -9.4272E-01 -1.3933E-01  3.1287E-01  2.6903E-02  8.3369E+00
  9.0870E-02 -8.9557E-02  9.9419E-01  2.5804E-02  9.4481E+00
  6.1273E-01 -3.7729E-02 -7.9236E-01  2.5804E-02  9.4481E+00
 -6.1201E-01  7.4008E-02  7.8962E-01  2.4606E-02  1.0897E+01
 -3.8874E-02 -4.2633E-03  1.0010E+00  2.4606E-02  1.0897E+01
 -9.8416E-01  4.3655E-02 -1.8184E-01  2.4606E-02  1.0897E+01
  9.8614E-01 -1.6859E-01  5.1352E-02  2.4606E-02  1.0897E+01
  8.7103E-01 -1.7978E-01 -4.5993E-01  2.3280E-02  1.2866E+01
 -6.0888E-01  1.2212E-01  7.8542E-01  2.3280E-02  1.2866E+01
 -7.7139E-01 -1.4917E-01 -6.2068E-01  2.3280E-02  1.2866E+01
  8.3144E-01  1.1420E-01  5.4609E-01  2.3280E-02  1.2866E+01
  4.0372E-01  1.1061E-01 -9.0957E-01  2.3280E-02  1.2866E+01
 -9.2847E-01  2.6334E-02  3.7388E-01  2.3280E-02  1.2866E+01
  5.1933E-01 -6.9253E-03 -8.5555E-01  2.1787E-02  1.5696E+01
  1.9677E-01 -9.1346E-02 -9.7706E-01  2.1787E-02  1.5696E+01
  9.9006E-01  5.3843E-03  1.4652E-01  2.1787E-02  1.5696E+01
  8.6848E-01 -4.8784E-02  4.9386E-01  1.7969E-02  2.7981E+01
 -5.2106E-01  6.3496E-02  8.5147E-01  1.7969E-02  2.7981E+01
 -9.7930E-01  1.8121E-01 -9.3093E-02  1.7969E-02  2.7981E+01
