0.46656000000000D+01       624
(x,y,z) position of the X-ray source
  0.1387E+01  0.6005E-01  0.1146E+01
x | y | z | R | rho
 -5.5271E-01 -2.4674E-01  6.1039E+00  2.3002E-01  1.3339E-02
  1.7113E+00 -6.9159E-02  4.9601E+00  2.0613E-01  1.8534E-02
 -1.4420E+00  8.0535E-02  6.5797E+00  2.4555E-01  1.0965E-02
  2.6744E-01 -3.3450E-02  4.8964E+00  1.9649E-01  2.1399E-02
  1.7811E-01 -1.6641E-01  5.9277E+00  2.2471E-01  1.4306E-02
 -4.3434E-01 -1.7139E-01  6.6719E+00  2.4433E-01  1.1130E-02
  6.3745E-01  1.2522E-01  5.0939E+00  2.0301E-01  1.9403E-02
  1.6007E+00 -1.7104E-01  8.4176E+00  2.9007E-01  6.6514E-03
  1.9683E+00 -4.9770E-02  6.1592E+00  2.3865E-01  1.1943E-02
 -4.0973E-01  2.5729E-01  6.9146E+00  2.5047E-01  1.0331E-02
  1.6875E+00 -2.2042E-01  6.2369E+00  2.3862E-01  1.1948E-02
  5.9102E-02  1.7286E-01  9.1234E+00  3.0286E-01  5.8434E-03
  3.0758E-01 -2.7750E-01  5.3899E+00  2.1050E-01  1.7404E-02
 -6.2534E-01 -1.4964E-01  4.7405E+00  1.9306E-01  2.2558E-02
 -1.4981E+00 -2.8793E-01  8.5470E+00  2.9267E-01  6.4755E-03
 -1.8872E+00 -1.2421E-01  3.6785E+00  1.7399E-01  3.0821E-02
  3.6794E-01  5.8205E-02  7.2797E+00  2.5937E-01  9.3031E-03
 -1.6210E+00 -2.9330E-01  8.3358E+00  2.8836E-01  6.7703E-03
 -8.6796E-01  1.2612E-01  8.4480E+00  2.8827E-01  6.7762E-03
 -1.1257E+00 -2.7094E-02  4.3134E+00  1.8359E-01  2.6232E-02
 -1.2213E+00 -1.4670E-01  4.4085E+00  1.8708E-01  2.4794E-02
  9.5148E-01  9.2940E-02  3.8530E+00  1.6891E-01  3.3684E-02
 -2.4592E-01  1.6433E-01  5.1737E+00  2.0432E-01  1.9032E-02
 -9.2811E-01 -2.4089E-01  7.6393E+00  2.6939E-01  8.3034E-03
 -1.0423E-01 -3.1673E-03  4.8524E+00  1.9505E-01  2.1875E-02
  7.8667E-01 -2.4400E-01  4.5763E+00  1.8920E-01  2.3969E-02
 -1.2379E+00  3.4063E-03  8.8378E+00  2.9826E-01  6.1184E-03
  6.3555E-01 -1.3307E-01  7.0626E+00  2.5449E-01  9.8485E-03
  1.2454E-01  2.8455E-01  6.7418E+00  2.4587E-01  1.0922E-02
 -4.5240E-01 -1.0435E-01  5.8900E+00  2.2406E-01  1.4431E-02
  1.0114E+00  1.3588E-01  4.6424E+00  1.9218E-01  2.2870E-02
 -1.3872E+00 -2.4500E-01  4.0752E+00  1.7926E-01  2.8179E-02
 -1.6098E+00 -2.6745E-03  3.7984E+00  1.7366E-01  3.0994E-02
  4.8227E-01  2.5274E-01  8.2312E+00  2.8253E-01  7.1976E-03
  6.7867E-01 -1.6566E-01  8.0029E+00  2.7741E-01  7.6036E-03
 -1.0221E+00 -2.4318E-01  4.1279E+00  1.7770E-01  2.8929E-02
  1.8810E+00 -6.5574E-02  4.5010E+00  1.9577E-01  2.1635E-02
  1.3886E+00  2.0122E-01  4.2901E+00  1.8523E-01  2.5543E-02
  1.8353E+00 -3.7110E-01  9.7483E+00  3.2087E-01  4.9137E-03
  3.2912E-01  3.1116E-01  7.1235E+00  2.5563E-01  9.7181E-03
  5.1537E-01  2.1586E-01  6.7982E+00  2.4769E-01  1.0682E-02
  1.3450E+00  3.0037E-01  6.7527E+00  2.4948E-01  1.0455E-02
  1.4332E+00 -2.5326E-01  5.8525E+00  2.2731E-01  1.3822E-02
 -1.4886E+00 -2.6545E-01  5.1720E+00  2.1003E-01  1.7522E-02
 -1.8403E-02 -3.4650E-01  9.9576E+00  3.2169E-01  4.8762E-03
  3.5508E-01  5.5296E-02  5.6547E+00  2.1758E-01  1.5760E-02
  1.5357E+00  1.4102E-01  4.2972E+00  1.8675E-01  2.4926E-02
 -1.7233E+00  1.0655E-01  4.2594E+00  1.8764E-01  2.4573E-02
 -3.8652E-01 -1.2169E-01  4.6301E+00  1.8914E-01  2.3992E-02
  2.7826E-01 -2.3800E-01  4.2406E+00  1.7761E-01  2.8975E-02
 -8.4952E-01 -3.7180E-01  9.3157E+00  3.0823E-01  5.5433E-03
  2.9179E-01  9.0352E-02  5.4515E+00  2.1199E-01  1.7041E-02
 -1.4440E+00 -1.1716E-01  5.5405E+00  2.1921E-01  1.5410E-02
 -1.4994E+00  2.4354E-01  4.3254E+00  1.8730E-01  2.4707E-02
  1.1049E+00 -1.9353E-01  6.8757E+00  2.5135E-01  1.0223E-02
 -1.7365E+00  1.2650E-01  7.3326E+00  2.6544E-01  8.6801E-03
 -9.5252E-01 -1.2228E-01  4.5849E+00  1.9020E-01  2.3593E-02
  1.8805E-01  1.3929E-01  5.1368E+00  2.0320E-01  1.9348E-02
 -2.3619E-01 -2.5534E-01  5.3182E+00  2.0840E-01  1.7934E-02
 -1.1219E+00 -2.6439E-01  4.0047E+00  1.7493E-01  3.0327E-02
 -1.5340E+00 -2.1872E-02  5.4541E+00  2.1757E-01  1.5762E-02
  1.7787E+00  1.7503E-01  5.3787E+00  2.1763E-01  1.5749E-02
 -2.5024E-02  1.8223E-01  4.0523E+00  1.7156E-01  3.2146E-02
  1.5932E-01 -2.0728E-01  6.1772E+00  2.3130E-01  1.3119E-02
 -1.7528E+00  2.4523E-02  4.2957E+00  1.8890E-01  2.4083E-02
 -1.4214E-01  6.4834E-03  3.9149E+00  1.6730E-01  3.4669E-02
  1.7260E+00 -2.4288E-02  3.4920E+00  1.6661E-01  3.5098E-02
 -1.0772E+00  1.7377E-01  3.7164E+00  1.6593E-01  3.5534E-02
  1.1599E-01 -1.8112E-03  3.8494E+00  1.6524E-01  3.5979E-02
  1.9317E+00 -5.5854E-02  3.3185E+00  1.6490E-01  3.6204E-02
 -5.8160E-01  9.9914E-02  3.7834E+00  1.6456E-01  3.6431E-02
  3.1888E-01  9.8893E-02  3.7814E+00  1.6352E-01  3.7125E-02
  7.9226E-01  2.3622E-01  3.6037E+00  1.6042E-01  3.9323E-02
  1.6502E-01  8.0675E-02  3.6162E+00  1.5799E-01  4.1163E-02
  1.3284E+00  1.6342E-01  3.3527E+00  1.5764E-01  4.1436E-02
  1.9557E+00 -1.1761E-01  2.9540E+00  1.5555E-01  4.3129E-02
  1.4426E+00  1.6574E-01  3.1622E+00  1.5346E-01  4.4921E-02
  7.4346E-01 -1.5802E-01  3.3845E+00  1.5311E-01  4.5230E-02
 -1.5798E+00  1.6188E-01  3.0596E+00  1.5240E-01  4.5858E-02
  1.6963E+00 -8.7897E-02  2.9997E+00  1.5240E-01  4.5858E-02
  5.4970E-01 -1.9956E-01  3.3098E+00  1.4959E-01  4.8494E-02
 -1.6796E+00  1.5778E-01  2.7950E+00  1.4641E-01  5.1724E-02
 -1.1013E+00  1.1602E-01  2.9804E+00  1.4357E-01  5.4857E-02
 -2.0593E-02  2.1087E-01  3.1300E+00  1.4214E-01  5.6525E-02
  1.8931E+00  1.0226E-01  2.4862E+00  1.4178E-01  5.6953E-02
  3.0995E-01  8.0487E-02  3.0995E+00  1.4143E-01  5.7386E-02
 -6.4688E-01 -7.3184E-02  3.0364E+00  1.4107E-01  5.7823E-02
 -4.0456E-01  1.5192E-01  3.0326E+00  1.3964E-01  5.9620E-02
 -1.5968E+00 -1.1267E-01  2.5870E+00  1.3892E-01  6.0548E-02
  9.6620E-02  4.3639E-02  2.9566E+00  1.3604E-01  6.4472E-02
 -1.3818E-01 -8.7158E-02  2.9436E+00  1.3568E-01  6.4988E-02
  1.4370E+00 -1.4414E-01  2.5342E+00  1.3460E-01  6.6569E-02
  8.5600E-01  1.0049E-01  2.7649E+00  1.3388E-01  6.7653E-02
 -6.2390E-02 -1.1870E-01  2.8619E+00  1.3279E-01  6.9327E-02
  1.5901E+00 -6.1331E-02  2.3700E+00  1.3243E-01  6.9898E-02
  6.9903E-01 -1.0529E-01  2.7658E+00  1.3243E-01  6.9898E-02
 -1.4124E+00  5.9972E-02  2.4682E+00  1.3207E-01  7.0476E-02
 -1.2750E+00  1.4134E-01  2.5155E+00  1.3134E-01  7.1651E-02
  1.1550E+00 -1.6342E-01  2.5376E+00  1.3025E-01  7.3466E-02
  5.5577E-01 -1.0090E-02  2.6952E+00  1.2879E-01  7.5987E-02
  1.2388E+00 -1.3700E-01  2.4420E+00  1.2843E-01  7.6636E-02
  8.9558E-01 -4.4591E-02  2.5801E+00  1.2806E-01  7.7293E-02
 -1.8449E+00 -2.0600E-01  1.9759E+00  1.2733E-01  7.8631E-02
  2.6509E-01  1.5699E-01  2.6833E+00  1.2697E-01  7.9312E-02
 -1.0528E+00  1.1432E-01  2.3743E+00  1.2330E-01  8.6599E-02
  9.1182E-01  1.6653E-01  2.4182E+00  1.2293E-01  8.7378E-02
  1.4197E+00 -1.1675E-01  2.1628E+00  1.2293E-01  8.7378E-02
  1.0460E+00 -3.7296E-02  2.3578E+00  1.2256E-01  8.8168E-02
  1.6670E+00 -1.8125E-01  1.9074E+00  1.2109E-01  9.1425E-02
  9.2583E-01  1.0986E-01  2.3516E+00  1.2072E-01  9.2266E-02
 -7.2343E-01 -1.8962E-01  2.3854E+00  1.1961E-01  9.4853E-02
  1.8780E+00  6.8416E-02 -1.6183E+00  1.1888E-01  9.6634E-02
 -1.6588E+00  1.4035E-01 -1.8383E+00  1.1888E-01  9.6634E-02
 -1.9334E-01  4.7858E-02  2.4621E+00  1.1851E-01  9.7542E-02
  1.2011E+00 -2.2993E-02  2.1131E+00  1.1702E-01  1.0129E-01
  1.8733E+00 -1.7367E-01 -1.5391E+00  1.1702E-01  1.0129E-01
 -2.8432E-02  1.6685E-01  2.4248E+00  1.1702E-01  1.0129E-01
 -3.8698E-01 -2.0513E-01  2.3809E+00  1.1665E-01  1.0226E-01
  8.3308E-01  1.0409E-01  2.2706E+00  1.1665E-01  1.0226E-01
 -4.0317E-01 -1.3330E-01  2.3734E+00  1.1628E-01  1.0324E-01
  1.8585E+00 -1.1877E-01  1.4215E+00  1.1368E-01  1.1050E-01
 -1.8845E+00 -1.7035E-01  1.3814E+00  1.1368E-01  1.1050E-01
  1.6949E+00 -1.7542E-01 -1.5794E+00  1.1293E-01  1.1270E-01
  3.9880E-01  7.1711E-02  2.2584E+00  1.1182E-01  1.1612E-01
  4.2655E-01  1.9368E-01  2.2363E+00  1.1144E-01  1.1729E-01
 -1.6079E+00  1.7770E-01 -1.6135E+00  1.1144E-01  1.1729E-01
 -1.5543E+00 -2.0043E-01 -1.6096E+00  1.0995E-01  1.2214E-01
  8.1858E-01 -1.3650E-01  2.0773E+00  1.0957E-01  1.2339E-01
 -2.6460E-01 -2.0031E-01  2.2122E+00  1.0957E-01  1.2339E-01
 -1.8440E+00  1.7612E-01 -1.2540E+00  1.0957E-01  1.2339E-01
  1.0529E+00  1.0058E-01  1.9603E+00  1.0920E-01  1.2466E-01
  1.2452E+00  5.3068E-02 -1.8461E+00  1.0920E-01  1.2466E-01
 -1.6151E+00  1.2091E-01 -1.5292E+00  1.0920E-01  1.2466E-01
  1.4066E+00 -1.7388E-01 -1.6812E+00  1.0808E-01  1.2859E-01
 -1.4509E+00  1.4937E-01 -1.6203E+00  1.0733E-01  1.3131E-01
  1.2286E+00  9.3630E-02  1.7756E+00  1.0658E-01  1.3410E-01
  1.7590E+00 -1.2539E-01 -1.2495E+00  1.0658E-01  1.3410E-01
 -1.7922E-01  4.0447E-02  2.1534E+00  1.0658E-01  1.3410E-01
  1.3080E+00 -4.4179E-02 -1.7081E+00  1.0620E-01  1.3553E-01
 -6.1935E-02 -5.4141E-03  2.1322E+00  1.0545E-01  1.3845E-01
  1.6243E+00 -1.5069E-01  1.3599E+00  1.0507E-01  1.3994E-01
  1.4603E+00  4.3751E-02 -1.5286E+00  1.0470E-01  1.4145E-01
 -1.8115E+00  3.3734E-02  1.0720E+00  1.0432E-01  1.4299E-01
 -1.5599E+00  1.2920E-01  1.4078E+00  1.0432E-01  1.4299E-01
 -1.1945E+00  8.9790E-02 -1.6973E+00  1.0319E-01  1.4773E-01
 -7.8193E-01 -5.3330E-02  1.9239E+00  1.0319E-01  1.4773E-01
 -5.1219E-01  1.4834E-01  1.9887E+00  1.0244E-01  1.5102E-01
  1.7227E+00 -6.1407E-02  1.0921E+00  1.0168E-01  1.5440E-01
 -8.3904E-01 -2.3182E-02 -1.8600E+00  1.0168E-01  1.5440E-01
 -1.2232E-01 -1.9020E-01  2.0189E+00  1.0131E-01  1.5613E-01
  5.9897E-01 -6.3776E-02  1.9211E+00  1.0055E-01  1.5967E-01
 -3.8181E-01  7.4704E-02  1.9661E+00  1.0017E-01  1.6148E-01
  1.8297E+00  1.3839E-01  8.0609E-01  1.0017E-01  1.6148E-01
 -1.1229E+00  5.8458E-02  1.6481E+00  9.9797E-02  1.6332E-01
 -1.5358E+00  1.8436E-01  1.2313E+00  9.9041E-02  1.6709E-01
  8.8562E-01  1.6048E-01  1.7603E+00  9.9041E-02  1.6709E-01
  2.4357E-01 -6.9847E-02  1.9608E+00  9.9041E-02  1.6709E-01
  1.0824E-01 -2.9446E-02  1.9739E+00  9.9041E-02  1.6709E-01
 -7.5705E-01 -1.1704E-01  1.8129E+00  9.8663E-02  1.6902E-01
 -1.4747E+00 -1.8308E-01  1.2766E+00  9.8285E-02  1.7098E-01
  1.7444E+00 -1.8027E-01  8.5298E-01  9.7907E-02  1.7297E-01
  7.5234E-01  1.2444E-01  1.7949E+00  9.7907E-02  1.7297E-01
 -1.2905E+00  9.0043E-02  1.4473E+00  9.7529E-02  1.7499E-01
 -1.7791E+00 -1.5001E-01  7.6191E-01  9.7529E-02  1.7499E-01
 -1.8974E+00  6.3067E-02 -4.0493E-01  9.7529E-02  1.7499E-01
 -7.4883E-01 -3.6642E-02  1.7809E+00  9.7150E-02  1.7704E-01
 -1.3966E+00  3.4248E-02 -1.3349E+00  9.7150E-02  1.7704E-01
  5.7476E-01 -3.2245E-02 -1.8445E+00  9.7150E-02  1.7704E-01
  1.0703E+00 -1.4210E-02  1.5980E+00  9.6772E-02  1.7912E-01
  1.8366E+00  1.0440E-02  5.0833E-01  9.6015E-02  1.8340E-01
  1.4652E+00 -1.3575E-01  1.1970E+00  9.5636E-02  1.8558E-01
 -1.8099E+00  1.2474E-01  5.2304E-01  9.5257E-02  1.8781E-01
 -1.8722E+00  1.3041E-01  9.6997E-02  9.4878E-02  1.9007E-01
 -3.5929E-01  1.1534E-01 -1.8410E+00  9.4878E-02  1.9007E-01
  1.5901E+00 -4.7658E-03 -9.8506E-01  9.4499E-02  1.9236E-01
 -1.8085E+00 -1.3142E-01 -4.5904E-01  9.4499E-02  1.9236E-01
  1.0255E+00  7.0048E-02  1.5523E+00  9.4120E-02  1.9470E-01
 -1.8522E+00 -3.4714E-02  4.6043E-02  9.3741E-02  1.9707E-01
  1.7408E+00  1.0532E-01  6.2642E-01  9.3741E-02  1.9707E-01
 -1.3458E+00 -8.9708E-02  1.2706E+00  9.3741E-02  1.9707E-01
 -1.7642E-01 -4.5401E-02 -1.8441E+00  9.3741E-02  1.9707E-01
  1.0776E+00  3.4836E-02  1.4965E+00  9.3361E-02  1.9948E-01
  1.6736E+00  9.3378E-02 -7.6946E-01  9.3361E-02  1.9948E-01
 -1.7039E+00 -1.0388E-01  6.9830E-01  9.3361E-02  1.9948E-01
 -1.7270E+00  8.9880E-02  6.1585E-01  9.2982E-02  2.0193E-01
 -7.9537E-01 -9.9622E-02 -1.6515E+00  9.2982E-02  2.0193E-01
  1.3572E+00 -2.2188E-02 -1.2230E+00  9.2603E-02  2.0443E-01
  1.8131E+00 -6.0571E-02  2.1730E-01  9.2603E-02  2.0443E-01
 -1.2625E+00  8.5216E-02  1.3061E+00  9.2223E-02  2.0696E-01
 -1.6740E+00 -5.9133E-02  7.0780E-01  9.2223E-02  2.0696E-01
  1.0575E+00 -1.6673E-01 -1.4699E+00  9.2223E-02  2.0696E-01
  1.7142E+00  9.5703E-02  5.7282E-01  9.1844E-02  2.0954E-01
 -3.5962E-01 -6.5306E-02 -1.7726E+00  9.1844E-02  2.0954E-01
 -1.7482E+00 -7.1955E-02  3.9070E-01  9.1084E-02  2.1482E-01
 -6.4218E-01  5.3772E-02 -1.6638E+00  9.0704E-02  2.1753E-01
  1.6089E+00  1.1653E-01  7.6250E-01  9.0704E-02  2.1753E-01
  1.7317E+00  1.1589E-01 -2.8567E-01  8.9565E-02  2.2594E-01
  1.3489E+00  5.8386E-03  1.1288E+00  8.9565E-02  2.2594E-01
 -1.1707E-01  1.6875E-03 -1.7550E+00  8.9565E-02  2.2594E-01
  1.4302E+00 -4.0308E-02 -9.9388E-01  8.8805E-02  2.3179E-01
  1.7249E+00 -1.5988E-01  1.8455E-01  8.8805E-02  2.3179E-01
 -1.1758E+00 -1.7387E-01 -1.2737E+00  8.8805E-02  2.3179E-01
  1.5225E+00 -1.3822E-01 -8.1788E-01  8.8425E-02  2.3479E-01
  1.5369E+00 -1.2019E-01  7.9343E-01  8.8425E-02  2.3479E-01
  5.4742E-01  2.5135E-02  1.6449E+00  8.8425E-02  2.3479E-01
 -1.4514E+00 -7.5609E-02 -9.3000E-01  8.8044E-02  2.3785E-01
 -2.0898E-01  5.1422E-02  1.7036E+00  8.7664E-02  2.4095E-01
  6.4867E-01  1.1295E-01 -1.5769E+00  8.7284E-02  2.4412E-01
 -1.7021E+00 -1.5107E-01 -1.8218E-02  8.7284E-02  2.4412E-01
 -2.2894E-01 -5.1136E-02  1.6844E+00  8.6904E-02  2.4734E-01
  6.2910E-01 -7.6271E-02  1.5693E+00  8.6524E-02  2.5061E-01
  3.8559E-02  4.9591E-02  1.6913E+00  8.6524E-02  2.5061E-01
  3.1207E-01  1.1560E-01 -1.6510E+00  8.6143E-02  2.5395E-01
  1.6148E+00  1.2319E-01  4.3170E-01  8.5763E-02  2.5734E-01
  1.6427E+00 -3.7595E-02  2.8649E-01  8.5382E-02  2.6079E-01
 -7.7523E-02  4.6013E-02 -1.6493E+00  8.4622E-02  2.6789E-01
  9.6992E-01  2.0335E-02  1.3369E+00  8.4622E-02  2.6789E-01
  3.1337E-01 -2.4820E-02 -1.6134E+00  8.4241E-02  2.7154E-01
  4.2333E-01  8.0958E-02 -1.5862E+00  8.4241E-02  2.7154E-01
 -4.6421E-01  4.0576E-02  1.5763E+00  8.4241E-02  2.7154E-01
 -1.3767E+00 -8.5873E-02 -8.9399E-01  8.4241E-02  2.7154E-01
  1.4739E+00 -6.8128E-05  7.2762E-01  8.4241E-02  2.7154E-01
  1.5896E+00  1.6605E-01  3.4843E-01  8.3861E-02  2.7525E-01
 -1.3391E+00 -1.3143E-01 -9.3012E-01  8.3861E-02  2.7525E-01
 -1.3871E+00  8.5334E-02  8.3221E-01  8.3100E-02  2.8288E-01
 -3.1631E-01 -1.8458E-01  1.5779E+00  8.3100E-02  2.8288E-01
 -9.6444E-01  3.2209E-02  1.2912E+00  8.2719E-02  2.8681E-01
 -1.2571E+00  1.1785E-01 -1.0020E+00  8.2719E-02  2.8681E-01
 -1.5869E+00  1.1019E-01  2.6028E-01  8.2719E-02  2.8681E-01
 -1.5926E+00  1.4719E-01 -2.0040E-01  8.2719E-02  2.8681E-01
 -1.3781E+00 -6.9054E-02 -8.1799E-01  8.2338E-02  2.9080E-01
 -1.3355E+00 -7.1829E-02  8.8561E-01  8.2338E-02  2.9080E-01
  1.4408E+00 -1.6978E-01 -6.6568E-01  8.1958E-02  2.9487E-01
 -1.0643E+00  1.1650E-01 -1.1839E+00  8.1958E-02  2.9487E-01
  1.5728E+00 -6.9536E-02  2.6326E-01  8.1958E-02  2.9487E-01
  7.9564E-01 -7.2043E-02 -1.3819E+00  8.1958E-02  2.9487E-01
  9.9645E-01  1.3389E-01  1.2297E+00  8.1577E-02  2.9902E-01
  1.4123E+00 -1.5653E-01 -7.0973E-01  8.1577E-02  2.9902E-01
 -1.3914E+00 -3.3659E-02  7.4913E-01  8.1197E-02  3.0324E-01
 -1.1936E+00 -7.3701E-02  1.0335E+00  8.1197E-02  3.0324E-01
  2.8729E-01 -5.6046E-02 -1.5532E+00  8.1197E-02  3.0324E-01
  1.5233E+00  1.5900E-01 -3.5773E-01  8.0816E-02  3.0755E-01
 -1.3919E+00 -3.9956E-02  7.3122E-01  8.0816E-02  3.0755E-01
  1.5526E+00 -1.2621E-01  2.1746E-01  8.0816E-02  3.0755E-01
 -1.1196E+00 -1.7293E-01 -1.0799E+00  8.0435E-02  3.1193E-01
 -1.4316E+00  3.7178E-02 -6.3150E-01  8.0435E-02  3.1193E-01
  1.4634E+00 -8.6885E-03  5.5507E-01  8.0435E-02  3.1193E-01
  4.3850E-01  1.5892E-01  1.4859E+00  8.0055E-02  3.1640E-01
  5.3477E-01  3.7839E-02  1.4623E+00  8.0055E-02  3.1640E-01
  1.5178E+00 -6.2812E-02 -3.4341E-01  8.0055E-02  3.1640E-01
 -1.2338E+00 -1.7462E-01  9.2149E-01  7.9674E-02  3.2096E-01
 -4.1211E-01 -1.7925E-01  1.4832E+00  7.9674E-02  3.2096E-01
  1.0502E+00  2.0581E-02 -1.1395E+00  7.9674E-02  3.2096E-01
  1.5361E+00 -1.2333E-01 -5.8694E-02  7.9293E-02  3.2561E-01
  3.6786E-01 -1.5740E-01  1.4893E+00  7.9293E-02  3.2561E-01
 -2.6832E-01  8.1249E-02  1.5165E+00  7.9293E-02  3.2561E-01
 -1.5410E+00  4.9928E-02  3.4039E-02  7.9293E-02  3.2561E-01
  1.4399E+00  1.0380E-01 -5.4249E-01  7.9293E-02  3.2561E-01
 -1.4861E+00 -6.9882E-02 -4.0609E-01  7.9293E-02  3.2561E-01
  5.4203E-01  1.2371E-01 -1.4385E+00  7.9293E-02  3.2561E-01
  4.3377E-01  1.8381E-01  1.4605E+00  7.8913E-02  3.3034E-01
  1.4442E+00 -8.3972E-02  5.1211E-01  7.8913E-02  3.3034E-01
 -1.1762E+00  8.4390E-02 -9.8202E-01  7.8913E-02  3.3034E-01
 -1.5186E+00  1.2631E-01 -9.9262E-02  7.8532E-02  3.3517E-01
  1.0467E+00  1.6649E-01 -1.0888E+00  7.8152E-02  3.4009E-01
  1.2662E-01 -3.0816E-02 -1.5139E+00  7.8152E-02  3.4009E-01
 -5.6288E-01  5.2848E-02 -1.4104E+00  7.8152E-02  3.4009E-01
 -1.4445E+00 -4.6727E-02  4.6918E-01  7.8152E-02  3.4009E-01
  9.4271E-01  1.8488E-02 -1.1916E+00  7.8152E-02  3.4009E-01
 -5.1422E-01 -8.1908E-02 -1.4196E+00  7.7771E-02  3.4511E-01
 -1.4069E+00 -9.6361E-02  5.4545E-01  7.7771E-02  3.4511E-01
 -1.1014E+00 -1.3211E-02  1.0250E+00  7.7390E-02  3.5022E-01
 -7.7607E-01 -1.2208E-01  1.2832E+00  7.7390E-02  3.5022E-01
 -6.7042E-01 -5.4544E-02 -1.3376E+00  7.7010E-02  3.5544E-01
 -1.0982E+00  1.6432E-01  1.0042E+00  7.7010E-02  3.5544E-01
 -1.3852E+00  9.4151E-02 -5.6035E-01  7.7010E-02  3.5544E-01
 -1.4018E+00 -1.2837E-01  5.0985E-01  7.7010E-02  3.5544E-01
  1.2334E+00 -1.8449E-01 -8.1502E-01  7.6629E-02  3.6076E-01
 -6.5219E-01 -9.3648E-02  1.3362E+00  7.6629E-02  3.6076E-01
  1.4726E+00 -1.8277E-01 -1.3251E-01  7.6629E-02  3.6076E-01
 -8.6128E-01  1.0036E-02  1.2066E+00  7.6248E-02  3.6619E-01
  1.2820E+00  5.1524E-04 -7.4446E-01  7.6248E-02  3.6619E-01
 -1.4687E+00 -1.4383E-01 -1.4139E-01  7.6248E-02  3.6619E-01
 -1.4180E+00 -2.2558E-02  4.3185E-01  7.6248E-02  3.6619E-01
 -2.8193E-01 -3.6821E-02  1.4475E+00  7.5868E-02  3.7173E-01
 -9.1870E-01  1.6573E-02  1.1541E+00  7.5868E-02  3.7173E-01
  1.4567E+00  1.7942E-01  2.6346E-02  7.5487E-02  3.7739E-01
 -1.4479E+00 -3.9819E-02 -1.8907E-01  7.5106E-02  3.8315E-01
  1.4383E+00  7.7773E-02 -2.4260E-01  7.5106E-02  3.8315E-01
  1.0867E+00 -1.7201E-01  9.4992E-01  7.4726E-02  3.8904E-01
  9.7497E-01  8.0936E-02  1.0750E+00  7.4726E-02  3.8904E-01
  3.6312E-01  8.8090E-02 -1.3973E+00  7.4345E-02  3.9504E-01
 -1.4369E+00 -4.1864E-02 -1.6060E-01  7.4345E-02  3.9504E-01
  1.1894E+00  2.7605E-02  8.2260E-01  7.4345E-02  3.9504E-01
 -5.8002E-01 -1.7909E-01  1.3050E+00  7.3965E-02  4.0117E-01
 -1.3053E-01 -4.5688E-02 -1.4326E+00  7.3965E-02  4.0117E-01
 -1.0564E+00 -2.1306E-02  9.5652E-01  7.3203E-02  4.1382E-01
 -5.7800E-01 -1.5829E-02 -1.3027E+00  7.3203E-02  4.1382E-01
 -2.3086E-01  5.9734E-02  1.4051E+00  7.3203E-02  4.1382E-01
 -5.8509E-01 -2.4451E-02 -1.2917E+00  7.2822E-02  4.2035E-01
  8.0391E-01 -1.7293E-01 -1.1470E+00  7.2442E-02  4.2701E-01
 -7.1425E-01  1.0455E-01 -1.2127E+00  7.2442E-02  4.2701E-01
  8.4919E-02 -3.3126E-02  1.4014E+00  7.2061E-02  4.3381E-01
 -1.2533E+00  6.2107E-02  6.3067E-01  7.2061E-02  4.3381E-01
  1.3522E+00 -1.8182E-01 -3.3306E-01  7.2061E-02  4.3381E-01
 -7.6736E-01  6.9404E-02  1.1742E+00  7.2061E-02  4.3381E-01
 -7.2044E-02 -2.6723E-02 -1.3954E+00  7.1680E-02  4.4076E-01
  1.1539E+00 -2.7161E-02  7.8797E-01  7.1680E-02  4.4076E-01
  1.3835E+00 -7.0757E-02  1.8434E-01  7.1680E-02  4.4076E-01
  5.0200E-01  8.9671E-02 -1.2939E+00  7.1300E-02  4.4786E-01
  4.7652E-01  1.7297E-01 -1.2950E+00  7.1300E-02  4.4786E-01
 -3.7792E-02  1.4113E-01 -1.3762E+00  7.0919E-02  4.5511E-01
  5.6823E-01 -1.5444E-01  1.2524E+00  7.0919E-02  4.5511E-01
  1.2443E+00  1.1618E-01  5.7883E-01  7.0538E-02  4.6253E-01
 -5.8626E-01 -1.2470E-01 -1.2400E+00  7.0538E-02  4.6253E-01
  8.7893E-01 -3.4480E-02 -1.0597E+00  7.0538E-02  4.6253E-01
 -7.0559E-01 -9.9553E-02  1.1707E+00  7.0157E-02  4.7010E-01
  1.5515E-01  1.7707E-01  1.3502E+00  7.0157E-02  4.7010E-01
 -1.3547E+00  1.8721E-02  2.0712E-01  7.0157E-02  4.7010E-01
  1.2294E+00  1.6734E-01 -5.5028E-01  6.9395E-02  4.8575E-01
 -4.8760E-01  8.7728E-02  1.2637E+00  6.9395E-02  4.8575E-01
 -1.3404E+00  1.4904E-01  1.5282E-01  6.9395E-02  4.8575E-01
 -7.2294E-01 -6.0267E-02 -1.1472E+00  6.9395E-02  4.8575E-01
  7.2867E-01 -1.1136E-02  1.1451E+00  6.9395E-02  4.8575E-01
 -2.7820E-01 -1.2061E-01 -1.3163E+00  6.9014E-02  4.9384E-01
  5.6291E-01  1.7181E-01  1.2158E+00  6.9014E-02  4.9384E-01
 -1.3402E+00 -4.0425E-02 -1.6341E-01  6.9014E-02  4.9384E-01
  1.1407E+00  4.4328E-02 -7.2211E-01  6.9014E-02  4.9384E-01
  3.4930E-01 -7.0316E-02  1.2962E+00  6.8633E-02  5.0211E-01
 -2.7961E-01 -1.3196E-01  1.3082E+00  6.8633E-02  5.0211E-01
  5.9624E-03 -8.1586E-02 -1.3353E+00  6.8252E-02  5.1057E-01
  1.3157E+00  8.1333E-03  2.4212E-01  6.8252E-02  5.1057E-01
 -1.0746E+00 -1.2389E-01  7.8708E-01  6.8252E-02  5.1057E-01
 -4.7230E-01 -1.1610E-01  1.2393E+00  6.7871E-02  5.1923E-01
  9.4394E-01 -3.1492E-02 -9.3835E-01  6.7871E-02  5.1923E-01
 -9.8674E-01  1.2645E-01  8.7519E-01  6.7489E-02  5.2808E-01
 -1.1349E+00  7.8424E-02  6.7924E-01  6.7489E-02  5.2808E-01
 -1.0270E+00 -1.4685E-01  8.1395E-01  6.7108E-02  5.3713E-01
  1.1941E+00  1.0133E-01  5.5010E-01  6.7108E-02  5.3713E-01
 -7.6515E-01  5.0970E-02  1.0728E+00  6.7108E-02  5.3713E-01
  6.9973E-01 -1.1996E-01 -1.1112E+00  6.7108E-02  5.3713E-01
 -6.6949E-01  4.9225E-02  1.1277E+00  6.6726E-02  5.4640E-01
 -9.7066E-01 -8.5715E-02 -8.7911E-01  6.6726E-02  5.4640E-01
  9.7951E-01 -1.4521E-01  8.6130E-01  6.6726E-02  5.4640E-01
 -4.5872E-01  5.5775E-02 -1.2217E+00  6.6345E-02  5.5588E-01
  1.2384E-01  1.5915E-01  1.2905E+00  6.6345E-02  5.5588E-01
  1.0561E+00 -7.2266E-02  7.5451E-01  6.5963E-02  5.6559E-01
  3.9756E-01 -1.9338E-02  1.2375E+00  6.5963E-02  5.6559E-01
 -1.2741E+00  1.0912E-01  2.3389E-01  6.5963E-02  5.6559E-01
  9.7178E-01  1.4182E-01 -8.5174E-01  6.5963E-02  5.6559E-01
 -1.2819E+00 -1.8364E-01 -1.1374E-01  6.5963E-02  5.6559E-01
  4.4649E-01  5.1710E-02 -1.2133E+00  6.5581E-02  5.7553E-01
 -6.6231E-01  1.8103E-01  1.0966E+00  6.5581E-02  5.7553E-01
 -5.4884E-01  1.0961E-01 -1.1665E+00  6.5581E-02  5.7553E-01
  1.2265E+00  2.3596E-02 -4.1133E-01  6.5581E-02  5.7553E-01
  1.1182E+00  7.0509E-02 -6.2255E-01  6.4817E-02  5.9614E-01
  8.3906E-01  1.8436E-01  9.4313E-01  6.4434E-02  6.0681E-01
 -8.6069E-01 -1.4696E-01 -9.2197E-01  6.4051E-02  6.1776E-01
  5.6194E-01  1.5286E-01 -1.1284E+00  6.4051E-02  6.1776E-01
 -2.4080E-02 -1.6459E-01  1.2589E+00  6.4051E-02  6.1776E-01
  6.2718E-01  3.4733E-02  1.1036E+00  6.4051E-02  6.1776E-01
  4.4896E-01  1.2555E-01 -1.1811E+00  6.4051E-02  6.1776E-01
  1.2241E+00  8.0462E-02 -3.2806E-01  6.4051E-02  6.1776E-01
  1.0880E+00  1.5081E-01  6.2526E-01  6.3669E-02  6.2897E-01
 -9.6413E-01 -1.0376E-01  8.1067E-01  6.3669E-02  6.2897E-01
  3.3857E-01  1.7158E-01 -1.2056E+00  6.3669E-02  6.2897E-01
 -1.2518E+00  1.1420E-01 -5.3348E-02  6.3285E-02  6.4046E-01
 -8.3928E-01  2.8617E-02 -9.3679E-01  6.3285E-02  6.4046E-01
  1.2284E+00  1.1738E-01 -2.4495E-01  6.3285E-02  6.4046E-01
  1.2459E+00 -1.5952E-01  7.1463E-02  6.3285E-02  6.4046E-01
 -1.2345E+00  6.3474E-02 -2.0089E-01  6.2902E-02  6.5224E-01
  1.2474E+00 -9.6598E-02 -5.3882E-02  6.2902E-02  6.5224E-01
  1.0544E-01 -1.8385E-01 -1.2284E+00  6.2518E-02  6.6433E-01
 -1.2335E+00  1.7974E-01 -1.1055E-02  6.2518E-02  6.6433E-01
  7.1657E-01  1.1070E-01 -1.0140E+00  6.2518E-02  6.6433E-01
  7.1075E-01  5.2911E-02 -1.0158E+00  6.2134E-02  6.7672E-01
 -1.2175E+00 -3.5640E-02  2.0611E-01  6.1750E-02  6.8943E-01
 -1.5291E-02  1.5071E-01 -1.2260E+00  6.1750E-02  6.8943E-01
  1.2045E+00 -1.8366E-01  2.0338E-01  6.1750E-02  6.8943E-01
  1.2295E+00  9.2280E-02 -7.5062E-02  6.1750E-02  6.8943E-01
 -1.0456E+00 -1.8235E-01 -6.2100E-01  6.1365E-02  7.0248E-01
  2.9057E-01  9.8505E-02 -1.1908E+00  6.1365E-02  7.0248E-01
  7.1055E-01  4.8398E-02 -9.9573E-01  6.0980E-02  7.1587E-01
 -6.6272E-01 -7.7247E-02 -1.0264E+00  6.0980E-02  7.1587E-01
 -1.1172E+00  1.6805E-02  5.0036E-01  6.0980E-02  7.1587E-01
  7.6053E-01  8.5823E-02  9.5547E-01  6.0980E-02  7.1587E-01
 -7.8028E-01 -7.3108E-02 -9.4048E-01  6.0980E-02  7.1587E-01
  1.2179E+00  9.0909E-04 -4.4797E-02  6.0595E-02  7.2962E-01
  1.0001E+00 -1.2518E-01 -6.8516E-01  6.0595E-02  7.2962E-01
  5.1766E-01  1.2607E-01  1.0901E+00  6.0209E-02  7.4374E-01
  9.1671E-01 -1.2004E-01  7.7750E-01  5.9822E-02  7.5825E-01
  1.1922E+00 -1.7811E-01  7.8751E-02  5.9822E-02  7.5825E-01
  1.6670E-01  9.1091E-02  1.1930E+00  5.9822E-02  7.5825E-01
 -6.6402E-01 -1.7279E-01  9.9423E-01  5.9822E-02  7.5825E-01
  4.4910E-01 -1.6020E-01  1.1099E+00  5.9822E-02  7.5825E-01
 -1.1674E+00  1.6528E-01 -2.6307E-01  5.9822E-02  7.5825E-01
 -1.1394E+00  1.2357E-01  3.6483E-01  5.9436E-02  7.7315E-01
  4.8406E-01  1.6594E-01  1.0884E+00  5.9436E-02  7.7315E-01
 -1.1623E+00  6.1419E-02  3.0300E-01  5.9436E-02  7.7315E-01
 -7.3688E-01  3.5796E-02  9.4323E-01  5.9048E-02  7.8847E-01
 -7.2013E-01 -2.3780E-02 -9.5646E-01  5.9048E-02  7.8847E-01
  2.6629E-01 -1.6378E-01 -1.1560E+00  5.9048E-02  7.8847E-01
  6.7988E-01  8.2492E-02 -9.8230E-01  5.9048E-02  7.8847E-01
 -7.0999E-01  1.1695E-01  9.4427E-01  5.8271E-02  8.2042E-01
  1.1667E+00  1.2670E-01  1.4207E-01  5.7882E-02  8.3709E-01
 -5.8052E-01 -1.2500E-01  1.0221E+00  5.7882E-02  8.3709E-01
  1.5525E-01 -3.2031E-02  1.1714E+00  5.7882E-02  8.3709E-01
 -8.5168E-02  1.7141E-01 -1.1665E+00  5.7882E-02  8.3709E-01
 -7.3392E-01  1.5834E-01 -9.1308E-01  5.7882E-02  8.3709E-01
 -1.0836E-01  8.0183E-02  1.1694E+00  5.7492E-02  8.5424E-01
 -2.5635E-01 -1.7901E-01  1.1348E+00  5.7492E-02  8.5424E-01
 -9.0756E-01 -5.0707E-03  7.4962E-01  5.7492E-02  8.5424E-01
  1.1255E+00  3.7816E-02 -3.4265E-01  5.7492E-02  8.5424E-01
  4.5544E-02 -8.6942E-02 -1.1730E+00  5.7492E-02  8.5424E-01
  2.9488E-01  1.6666E-01 -1.1273E+00  5.7492E-02  8.5424E-01
 -9.1372E-02 -4.7395E-02 -1.1677E+00  5.7101E-02  8.7190E-01
  9.9833E-01  1.0272E-01  6.0563E-01  5.7101E-02  8.7190E-01
 -1.0836E+00 -1.6957E-01 -3.9954E-01  5.6710E-02  8.9009E-01
 -1.1589E+00 -1.2909E-01 -5.2898E-02  5.6710E-02  8.9009E-01
  5.7370E-01  1.1087E-02 -1.0165E+00  5.6710E-02  8.9009E-01
  8.2859E-01 -1.3345E-01  8.1130E-01  5.6710E-02  8.9009E-01
  2.8502E-02  2.4619E-02 -1.1619E+00  5.6317E-02  9.0882E-01
  1.1003E+00  6.0715E-02 -3.5504E-01  5.5924E-02  9.2814E-01
 -9.5655E-01 -9.7182E-02 -6.3641E-01  5.5530E-02  9.4805E-01
 -9.1093E-01 -1.5196E-01  6.9033E-01  5.5530E-02  9.4805E-01
  8.9495E-01 -6.2941E-02  7.2425E-01  5.5530E-02  9.4805E-01
  4.2188E-01  6.4108E-02 -1.0711E+00  5.5530E-02  9.4805E-01
 -1.4591E-01  9.7109E-02 -1.1349E+00  5.5134E-02  9.6859E-01
 -1.1190E+00  1.5456E-03 -2.5792E-01  5.5134E-02  9.6859E-01
  1.0522E+00  1.4844E-01 -4.3553E-01  5.5134E-02  9.6859E-01
  1.0505E+00 -1.2348E-01  4.3529E-01  5.4738E-02  9.8980E-01
 -9.8987E-01  1.7786E-01 -5.4479E-01  5.4738E-02  9.8980E-01
 -1.0121E+00  1.6142E-01 -5.0786E-01  5.4738E-02  9.8980E-01
 -1.0750E+00 -1.5889E-01  3.5679E-01  5.4738E-02  9.8980E-01
  1.0328E-01 -1.0179E-01  1.1300E+00  5.4340E-02  1.0117E+00
  6.9645E-01 -4.2883E-02 -9.0061E-01  5.4340E-02  1.0117E+00
 -6.9330E-01  8.3839E-02  8.9451E-01  5.3941E-02  1.0343E+00
 -4.4038E-02 -4.8297E-03  1.1340E+00  5.3941E-02  1.0343E+00
 -1.1149E+00  4.9454E-02 -2.0599E-01  5.3941E-02  1.0343E+00
 -6.8744E-01  1.3787E-01  8.8676E-01  5.3541E-02  1.0577E+00
 -8.7091E-01 -1.6842E-01 -7.0076E-01  5.3541E-02  1.0577E+00
  9.3871E-01  1.2894E-01  6.1654E-01  5.3541E-02  1.0577E+00
  4.5580E-01  1.2488E-01 -1.0269E+00  5.3541E-02  1.0577E+00
 -1.0483E+00  2.9732E-02  4.2211E-01  5.3541E-02  1.0577E+00
  5.8433E-01 -7.7921E-03 -9.6263E-01  5.3139E-02  1.0818E+00
  2.2140E-01 -1.0278E-01 -1.0994E+00  5.3139E-02  1.0818E+00
  1.1140E+00  6.0583E-03  1.6486E-01  5.3139E-02  1.0818E+00
  9.7043E-01 -5.4510E-02  5.5182E-01  5.2331E-02  1.1327E+00
 -5.8222E-01  7.0949E-02  9.5142E-01  5.2331E-02  1.1327E+00
  8.1314E-01  1.7034E-01 -7.4148E-01  5.1925E-02  1.1595E+00
  1.0176E+00  1.2445E-01  4.2434E-01  5.1516E-02  1.1873E+00
 -1.1039E+00  1.0200E-01  4.4944E-02  5.1516E-02  1.1873E+00
  2.7916E-01  8.2760E-02  1.0706E+00  5.1516E-02  1.1873E+00
 -7.4605E-02  7.2767E-02  1.1046E+00  5.1516E-02  1.1873E+00
 -1.0870E+00  1.2030E-01 -1.8701E-01  5.1516E-02  1.1873E+00
 -9.2255E-01 -8.6713E-02  6.1022E-01  5.1516E-02  1.1873E+00
  5.8567E-01 -4.0836E-02 -9.3672E-01  5.1106E-02  1.2161E+00
  8.6414E-01 -5.0257E-02  6.8765E-01  5.1106E-02  1.2161E+00
  1.5400E-01  1.1304E-01 -1.0849E+00  5.0694E-02  1.2461E+00
  2.5396E-01 -1.7124E-01  1.0581E+00  5.0694E-02  1.2461E+00
  7.3788E-01  1.2098E-01 -8.0893E-01  5.0694E-02  1.2461E+00
 -1.0395E-01 -6.6179E-02 -1.0947E+00  5.0694E-02  1.2461E+00
  1.0447E+00 -6.2763E-02 -3.4359E-01  5.0694E-02  1.2461E+00
 -1.3204E-01 -1.7051E-01  1.0803E+00  5.0694E-02  1.2461E+00
 -7.7627E-01  4.7195E-02  7.7470E-01  5.0279E-02  1.2771E+00
  3.0313E-01 -1.4224E-01  1.0414E+00  4.9863E-02  1.3094E+00
  9.5022E-01  2.8589E-02 -5.4124E-01  4.9863E-02  1.3094E+00
  1.0186E+00 -1.7705E-01  3.4604E-01  4.9444E-02  1.3430E+00
 -1.0426E+00 -1.5366E-01 -2.7924E-01  4.9444E-02  1.3430E+00
  6.0356E-01 -3.6876E-02 -9.0274E-01  4.9022E-02  1.3780E+00
  1.0172E+00  1.0911E-01 -3.6617E-01  4.9022E-02  1.3780E+00
 -8.7775E-01 -1.3893E-01  6.2518E-01  4.9022E-02  1.3780E+00
  1.0687E+00  1.6673E-01 -5.3994E-02  4.8597E-02  1.4144E+00
 -9.6880E-01 -1.3205E-01 -4.6564E-01  4.8597E-02  1.4144E+00
  1.0487E+00 -4.1004E-02 -2.6704E-01  4.8597E-02  1.4144E+00
  1.0373E+00  1.0676E-02  2.9859E-01  4.8170E-02  1.4524E+00
  1.6777E-02 -1.8361E-02 -1.0792E+00  4.8170E-02  1.4524E+00
 -5.7287E-01 -1.3789E-01 -9.0445E-01  4.8170E-02  1.4524E+00
 -9.2570E-01 -3.7935E-02 -5.5396E-01  4.8170E-02  1.4524E+00
  8.5155E-02  1.7806E-01  1.0578E+00  4.7739E-02  1.4920E+00
 -1.8615E-01 -7.3767E-02 -1.0572E+00  4.7739E-02  1.4920E+00
  6.0906E-01  1.2396E-02  8.8696E-01  4.7739E-02  1.4920E+00
  1.0269E+00 -6.0731E-02  3.1559E-01  4.7739E-02  1.4920E+00
 -8.6689E-01  1.6951E-01 -6.1447E-01  4.7739E-02  1.4920E+00
 -2.0693E-01  5.4102E-02 -1.0545E+00  4.7739E-02  1.4920E+00
 -1.4359E-01 -1.3751E-01  1.0575E+00  4.7739E-02  1.4920E+00
  4.8382E-01  6.9155E-02 -9.5861E-01  4.7739E-02  1.4920E+00
 -1.0498E+00 -7.5030E-02  2.0721E-01  4.7306E-02  1.5334E+00
  1.0568E+00  1.8348E-01  4.0252E-03  4.7306E-02  1.5334E+00
  1.0480E+00  1.6379E-01 -1.5972E-01  4.7306E-02  1.5334E+00
  1.0261E+00  1.1598E-01  2.9023E-01  4.7306E-02  1.5334E+00
 -8.3796E-01  1.6023E-02  6.6943E-01  4.7306E-02  1.5334E+00
  4.3159E-01  1.6647E-01  9.6411E-01  4.6868E-02  1.5768E+00
 -2.8784E-01 -1.2971E-01 -1.0217E+00  4.6868E-02  1.5768E+00
  1.6516E-01  1.5984E-01  1.0410E+00  4.6427E-02  1.6222E+00
 -8.2944E-01 -1.7842E-01  6.4560E-01  4.6427E-02  1.6222E+00
  1.0256E+00 -4.7111E-02 -2.8737E-01  4.6427E-02  1.6222E+00
 -4.9898E-01  5.2917E-02 -9.4065E-01  4.6427E-02  1.6222E+00
  7.8264E-01  6.9852E-02 -7.1587E-01  4.5982E-02  1.6697E+00
  1.0623E+00  3.6741E-02  6.3492E-03  4.5982E-02  1.6697E+00
 -8.7853E-01 -1.5554E-02  5.9270E-01  4.5533E-02  1.7196E+00
 -2.3810E-01 -1.0153E-02  1.0327E+00  4.5533E-02  1.7196E+00
  1.0512E+00  1.2021E-01 -6.2794E-02  4.5533E-02  1.7196E+00
 -4.6838E-03  9.2188E-02  1.0558E+00  4.5533E-02  1.7196E+00
  3.6867E-01 -3.6627E-02 -9.8980E-01  4.5079E-02  1.7721E+00
 -8.7950E-01  3.2664E-02  5.8513E-01  4.5079E-02  1.7721E+00
 -9.2517E-01 -2.6481E-02 -5.0412E-01  4.4620E-02  1.8273E+00
  2.3802E-01 -5.7513E-02  1.0251E+00  4.4620E-02  1.8273E+00
 -1.4301E-01  1.4996E-01  1.0334E+00  4.4620E-02  1.8273E+00
 -1.4573E-01  7.0104E-03  1.0438E+00  4.4620E-02  1.8273E+00
  4.4947E-01  5.3946E-02 -9.4858E-01  4.4156E-02  1.8855E+00
  5.4223E-01 -1.3739E-01 -8.8986E-01  4.4156E-02  1.8855E+00
  1.0384E+00 -1.3502E-01 -9.0839E-02  4.4156E-02  1.8855E+00
  6.5317E-01 -1.3655E-01 -8.1208E-01  4.4156E-02  1.8855E+00
  9.8489E-01  8.4006E-02 -3.5733E-01  4.4156E-02  1.8855E+00
 -9.9457E-01  1.4750E-01  3.0629E-01  4.4156E-02  1.8855E+00
 -9.8812E-01 -9.2010E-02 -3.4627E-01  4.4156E-02  1.8855E+00
  1.8060E-01  1.5786E-01  1.0205E+00  4.3687E-02  1.9469E+00
  9.2253E-01  6.3649E-02  4.9373E-01  4.3687E-02  1.9469E+00
 -5.2168E-01  1.6510E-01 -8.9095E-01  4.3212E-02  2.0119E+00
 -3.2726E-01  1.8692E-02  9.9285E-01  4.3212E-02  2.0119E+00
  1.0154E+00 -4.6444E-02  2.4479E-01  4.3212E-02  2.0119E+00
 -1.1075E-01  1.6161E-01 -1.0270E+00  4.3212E-02  2.0119E+00
  7.1309E-01 -6.9431E-04  7.6467E-01  4.3212E-02  2.0119E+00
  7.9096E-01  1.8418E-01 -6.5433E-01  4.2730E-02  2.0806E+00
  8.9926E-01 -8.9703E-02 -5.2056E-01  4.2730E-02  2.0806E+00
 -1.4108E-01 -3.3679E-05 -1.0308E+00  4.2242E-02  2.1536E+00
  7.5941E-01  1.7872E-01  6.8827E-01  4.2242E-02  2.1536E+00
  4.0678E-01 -1.5820E-01  9.4438E-01  4.2242E-02  2.1536E+00
  1.6815E-01  6.0819E-02 -1.0249E+00  4.2242E-02  2.1536E+00
  1.0085E+00 -4.6990E-02 -2.4049E-01  4.1747E-02  2.2312E+00
 -6.8444E-01 -6.3884E-02  7.7760E-01  4.1747E-02  2.2312E+00
  7.4403E-01  1.2205E-01  7.0973E-01  4.1244E-02  2.3138E+00
 -9.0823E-01  1.1357E-01 -4.8417E-01  4.1244E-02  2.3138E+00
  9.1907E-01  4.6510E-02 -4.7471E-01  4.1244E-02  2.3138E+00
  5.8141E-01 -1.7029E-01  8.3974E-01  4.1244E-02  2.3138E+00
  3.6905E-03  8.3604E-02 -1.0321E+00  4.1244E-02  2.3138E+00
 -2.4813E-01  7.5273E-02  1.0025E+00  4.1244E-02  2.3138E+00
 -5.3173E-01 -3.6244E-02  8.8505E-01  4.0733E-02  2.4020E+00
 -1.0159E+00  4.1972E-02  1.8339E-01  4.0733E-02  2.4020E+00
  6.8164E-01  1.6012E-02  7.7619E-01  4.0733E-02  2.4020E+00
 -8.4112E-01  4.1330E-02 -5.9458E-01  4.0213E-02  2.4964E+00
  7.2780E-01  4.7537E-02 -7.2853E-01  4.0213E-02  2.4964E+00
 -1.0229E+00 -3.0177E-02  1.2437E-01  4.0213E-02  2.4964E+00
  4.9580E-01  1.6541E-01  8.8856E-01  4.0213E-02  2.4964E+00
 -1.0167E+00 -1.4079E-01 -2.0432E-02  3.9143E-02  2.7067E+00
 -5.0704E-01 -1.0523E-01  8.8407E-01  3.8592E-02  2.8243E+00
 -8.3066E-01  1.5298E-01 -5.7995E-01  3.8592E-02  2.8243E+00
  1.0184E+00 -1.4223E-02  1.1172E-01  3.8592E-02  2.8243E+00
  7.1090E-01 -1.6903E-01  7.1542E-01  3.8029E-02  2.9517E+00
  9.8697E-01  1.7921E-01 -1.8902E-01  3.7452E-02  3.0900E+00
 -1.0168E+00 -8.0273E-02 -4.0016E-02  3.7452E-02  3.0900E+00
 -1.4340E-01 -1.6530E-01  9.9702E-01  3.7452E-02  3.0900E+00
 -3.8765E-01  1.1237E-01  9.3758E-01  3.7452E-02  3.0900E+00
 -9.2801E-01 -2.7417E-02 -4.2426E-01  3.7452E-02  3.0900E+00
 -1.0101E+00  1.4643E-01  1.2132E-02  3.7452E-02  3.0900E+00
  4.4450E-01  6.4057E-02 -9.1467E-01  3.6862E-02  3.2409E+00
  1.0140E+00  1.4812E-02 -9.9760E-02  3.6862E-02  3.2409E+00
 -9.8081E-01 -1.1807E-01  2.4976E-01  3.6862E-02  3.2409E+00
  9.6642E-01  1.2629E-01 -2.9137E-01  3.6256E-02  3.4062E+00
 -5.1648E-01 -7.6984E-02  8.7301E-01  3.6256E-02  3.4062E+00
  8.6567E-01 -5.6112E-02  5.3130E-01  3.6256E-02  3.4062E+00
 -2.5943E-01 -2.5836E-02 -9.8329E-01  3.6256E-02  3.4062E+00
  5.6099E-01 -5.6909E-02  8.4668E-01  3.6256E-02  3.4062E+00
 -5.8438E-02  4.6330E-02 -1.0145E+00  3.6256E-02  3.4062E+00
 -6.6424E-01 -1.3005E-01  7.5722E-01  3.5633E-02  3.5880E+00
  9.9843E-01  1.8554E-01 -1.5076E-02  3.5633E-02  3.5880E+00
 -4.7044E-01  1.3097E-01  8.9053E-01  3.5633E-02  3.5880E+00
  6.1810E-01 -1.2304E-01  7.9644E-01  3.5633E-02  3.5880E+00
 -6.6856E-01  1.2475E-01  7.5430E-01  3.5633E-02  3.5880E+00
  9.9052E-01 -1.6952E-01  1.3602E-01  3.4991E-02  3.7890E+00
 -8.0148E-01 -1.4377E-01 -6.0442E-01  3.4991E-02  3.7890E+00
 -9.7743E-01 -5.9283E-02 -2.6359E-01  3.4991E-02  3.7890E+00
 -3.1033E-01  2.6720E-02  9.6506E-01  3.4991E-02  3.7890E+00
  4.0126E-01  1.6121E-01  9.1563E-01  3.4329E-02  4.0125E+00
 -5.0398E-01 -1.8168E-01 -8.5929E-01  3.4329E-02  4.0125E+00
 -1.0037E+00 -9.6651E-02 -9.2816E-02  3.4329E-02  4.0125E+00
 -1.0018E+00 -9.0849E-02  1.1650E-01  3.4329E-02  4.0125E+00
  8.8785E-01  4.0367E-02 -4.8235E-01  3.3644E-02  4.2626E+00
 -4.5504E-01 -1.5001E-01 -8.9051E-01  3.3644E-02  4.2626E+00
 -6.7210E-01  8.4206E-02 -7.5083E-01  3.3644E-02  4.2626E+00
 -4.6790E-01  1.7971E-01  8.7675E-01  3.2934E-02  4.5444E+00
  1.8352E-01 -1.1220E-01  9.8674E-01  3.2934E-02  4.5444E+00
  9.9422E-01 -1.0774E-01 -1.4088E-01  3.2934E-02  4.5444E+00
 -5.7990E-01  1.5323E-01 -8.1250E-01  3.2934E-02  4.5444E+00
 -9.3135E-01 -5.1775E-02  3.8707E-01  3.2934E-02  4.5444E+00
  4.8133E-01  9.2324E-03 -8.8778E-01  3.2934E-02  4.5444E+00
 -7.8722E-01 -1.8449E-01 -6.0306E-01  3.2195E-02  4.8645E+00
  9.4141E-01  3.9265E-02  3.6006E-01  3.2195E-02  4.8645E+00
 -5.4089E-01 -2.8563E-02 -8.5091E-01  3.2195E-02  4.8645E+00
 -4.4517E-01 -2.4191E-02 -9.0481E-01  3.2195E-02  4.8645E+00
  2.7555E-01 -2.5505E-02  9.6878E-01  3.1425E-02  5.2312E+00
 -1.7018E-02 -3.5825E-02 -1.0068E+00  3.1425E-02  5.2312E+00
  3.3407E-01  1.5314E-01  9.3812E-01  3.1425E-02  5.2312E+00
 -6.8351E-01  5.9642E-02 -7.3636E-01  3.0618E-02  5.6557E+00
  7.3818E-01  1.7038E-01 -6.5972E-01  2.8874E-02  6.7438E+00
 -9.7649E-01  4.4763E-02  2.3159E-01  2.8874E-02  6.7438E+00
  1.6009E-01 -3.2760E-02 -9.9119E-01  2.8874E-02  6.7438E+00
 -9.0022E-01 -9.0374E-02  4.3659E-01  2.8874E-02  6.7438E+00
  9.9908E-01  1.0485E-01 -1.5261E-03  2.8874E-02  6.7438E+00
  9.1661E-01  6.8955E-02 -4.0321E-01  2.7921E-02  7.4574E+00
  9.6785E-01 -1.7421E-01 -1.9733E-01  2.6903E-02  8.3369E+00
 -3.3888E-01  1.2651E-01  9.3551E-01  2.6903E-02  8.3369E+00
  9.7848E-01  7.3994E-02 -2.0442E-01  2.5804E-02  9.4481E+00
 -9.8629E-01  1.3328E-01  1.1899E-01  2.5804E-02  9.4481E+00
  3.2693E-02  9.4450E-02  9.9735E-01  2.5804E-02  9.4481E+00
 -9.2440E-01  2.6531E-02  3.8661E-01  2.5804E-02  9.4481E+00
 -9.8876E-01 -1.6321E-01  2.0073E-02  2.5804E-02  9.4481E+00
  4.8025E-01  1.8220E-01  8.6073E-01  2.5804E-02  9.4481E+00
  9.6561E-01 -1.1238E-01 -2.4189E-01  2.4606E-02  1.0897E+01
  9.7596E-01 -1.6162E-01  1.5783E-01  2.4606E-02  1.0897E+01
 -1.1012E-01  1.0005E-01  9.9066E-01  2.4606E-02  1.0897E+01
  7.5554E-01 -1.5358E-01  6.3961E-01  2.4606E-02  1.0897E+01
  6.2303E-01 -1.7294E-03 -7.8382E-01  2.3280E-02  1.2866E+01
 -9.3293E-01  2.8622E-02 -3.6243E-01  2.3280E-02  1.2866E+01
 -8.8981E-01 -1.1755E-01  4.4380E-01  2.3280E-02  1.2866E+01
  8.4053E-01 -1.3827E-01  5.2625E-01  2.3280E-02  1.2866E+01
  4.9415E-01  2.2369E-02 -8.7007E-01  2.1787E-02  1.5696E+01
 -7.4655E-01  1.4984E-01  6.4904E-01  2.0058E-02  2.0115E+01
 -3.4928E-01 -9.6525E-02 -9.3259E-01  2.0058E-02  2.0115E+01
  3.3992E-01 -5.7149E-03  9.4099E-01  2.0058E-02  2.0115E+01
  6.2637E-01  5.5710E-02 -7.7820E-01  2.0058E-02  2.0115E+01
  1.3576E-01  7.1758E-02 -9.8841E-01  1.7969E-02  2.7981E+01
  9.2222E-01  1.8059E-01  3.4270E-01  1.7969E-02  2.7981E+01
