0.19995428571429D+02       575
(x,y,z) position of the X-ray source
 -0.1058E+01 -0.7621E-01 -0.1454E+01
x | y | z | R | rho
  4.8275E-01 -1.1761E-01  9.9699E+00  3.2211E-01  4.8574E-03
  1.3025E+00  2.2012E-02  9.8111E+00  3.2022E-01  4.9437E-03
  4.7729E-02  3.5408E-01  9.5385E+00  3.1237E-01  5.3262E-03
 -1.4697E+00  1.3612E-01  9.1482E+00  3.0608E-01  5.6613E-03
 -6.8036E-01  2.0650E-01  9.0207E+00  3.0112E-01  5.9457E-03
  5.6728E-01  1.1114E-02  8.9704E+00  2.9973E-01  6.0285E-03
 -1.8902E-02  2.6598E-01  8.9239E+00  2.9834E-01  6.1129E-03
  1.3792E+00  1.3351E-01  8.4654E+00  2.9025E-01  6.6388E-03
  2.0752E-01  1.8961E-01  8.5373E+00  2.8941E-01  6.6969E-03
  1.2999E+00  1.8743E-01  8.1358E+00  2.8235E-01  7.2121E-03
  1.6565E+00  2.3127E-01  8.0206E+00  2.8121E-01  7.2999E-03
  6.3097E-01 -1.7528E-01  8.1308E+00  2.8036E-01  7.3668E-03
 -1.3611E-01  1.8163E-01  7.8780E+00  2.7378E-01  7.9108E-03
  8.7862E-01 -1.9121E-01  7.6010E+00  2.6829E-01  8.4058E-03
 -9.4914E-01 -1.5020E-01  7.5452E+00  2.6713E-01  8.5158E-03
 -7.6399E-01  1.1840E-01  7.0756E+00  2.5512E-01  9.7757E-03
 -1.5042E+00 -1.8051E-01  6.6872E+00  2.4859E-01  1.0567E-02
 -1.7789E+00 -1.8893E-01  6.5333E+00  2.4650E-01  1.0839E-02
  1.7024E+00 -2.9853E-01  6.2681E+00  2.3957E-01  1.1806E-02
  8.5042E-01 -1.9246E-01  6.3839E+00  2.3805E-01  1.2033E-02
  1.7920E-02  2.1500E-01  6.2042E+00  2.3195E-01  1.3008E-02
  1.6632E+00  2.3478E-01  5.9520E+00  2.3134E-01  1.3111E-02
  1.7523E+00  3.0213E-01  5.8130E+00  2.2857E-01  1.3593E-02
 -1.9156E+00  2.4659E-02  5.7692E+00  2.2857E-01  1.3593E-02
 -6.3986E-01  5.9194E-02  6.0095E+00  2.2765E-01  1.3760E-02
 -1.2500E+00  4.3612E-02  5.8651E+00  2.2641E-01  1.3986E-02
  1.2537E+00  6.3947E-02  5.5415E+00  2.1801E-01  1.5667E-02
 -1.2086E+00 -1.4190E-01  5.4905E+00  2.1644E-01  1.6011E-02
 -1.1642E+00  1.9331E-01  5.4867E+00  2.1612E-01  1.6081E-02
 -1.0081E+00 -1.1564E-01  5.4842E+00  2.1518E-01  1.6293E-02
  8.3450E-01 -6.7830E-03  5.4558E+00  2.1360E-01  1.6657E-02
 -1.8486E+00 -1.6373E-01  5.0994E+00  2.1107E-01  1.7263E-02
  7.1770E-01 -1.3388E-01  5.3189E+00  2.0948E-01  1.7659E-02
 -1.3553E+00  2.8108E-01  5.0915E+00  2.0693E-01  1.8320E-02
 -1.3021E+00 -1.0450E-01  5.1121E+00  2.0693E-01  1.8320E-02
  4.5405E-02 -2.6672E-01  5.2578E+00  2.0661E-01  1.8405E-02
 -8.6420E-02  9.8353E-02  5.2632E+00  2.0661E-01  1.8405E-02
 -2.9008E-01  1.2930E-01  5.2205E+00  2.0565E-01  1.8663E-02
  7.2312E-01 -5.0922E-02  5.1681E+00  2.0533E-01  1.8751E-02
 -1.2739E+00  3.9743E-02  4.9063E+00  2.0116E-01  1.9943E-02
 -4.8170E-01  1.6630E-01  5.0204E+00  2.0051E-01  2.0137E-02
 -1.8774E+00  8.4462E-02  4.6089E+00  1.9857E-01  2.0733E-02
 -1.5878E+00 -1.2283E-01  4.6431E+00  1.9662E-01  2.1355E-02
 -3.3252E-01  8.9847E-02  4.6224E+00  1.8877E-01  2.4132E-02
  1.3383E+00 -1.5059E-01  4.2811E+00  1.8447E-01  2.5858E-02
 -1.0728E+00  2.0669E-01  4.2482E+00  1.8148E-01  2.7159E-02
  4.3187E-01  4.1716E-02  4.3536E+00  1.8115E-01  2.7309E-02
 -1.6064E-01 -1.4620E-01  4.3135E+00  1.7948E-01  2.8079E-02
  7.9847E-02  4.0303E-02  4.3180E+00  1.7948E-01  2.8079E-02
 -1.5606E+00  1.8809E-02  3.9547E+00  1.7746E-01  2.9045E-02
 -3.4650E-01  2.5881E-01  4.1845E+00  1.7612E-01  2.9716E-02
  1.9416E-01  1.9715E-01  4.1528E+00  1.7477E-01  3.0409E-02
  1.3588E+00  8.5014E-02  3.8976E+00  1.7376E-01  3.0944E-02
  1.2752E-01  2.0754E-02  4.0819E+00  1.7240E-01  3.1679E-02
  1.6345E-01  1.4626E-01  4.0558E+00  1.7172E-01  3.2056E-02
  1.9442E+00 -3.9268E-02  3.4771E+00  1.6934E-01  3.3426E-02
  9.0162E-01 -9.8976E-02  3.8338E+00  1.6798E-01  3.4247E-02
 -3.9965E-01  2.3987E-02  3.8747E+00  1.6661E-01  3.5098E-02
  1.3192E+00 -2.2245E-01  3.6467E+00  1.6627E-01  3.5315E-02
 -1.7979E-01 -1.9853E-01  3.7977E+00  1.6387E-01  3.6891E-02
  6.1017E-02  8.7142E-02  3.7726E+00  1.6283E-01  3.7598E-02
  1.5101E+00  4.6500E-02  3.3986E+00  1.6111E-01  3.8819E-02
  1.7403E+00 -8.7812E-02  3.2858E+00  1.6111E-01  3.8819E-02
  1.5315E+00 -8.7243E-02  3.3521E+00  1.6007E-01  3.9579E-02
  1.6968E+00 -1.3186E-02  3.2726E+00  1.6007E-01  3.9579E-02
 -6.7677E-01 -1.1951E-01  3.5107E+00  1.5660E-01  4.2270E-02
  3.6046E-01 -9.3412E-02  3.5360E+00  1.5590E-01  4.2840E-02
 -1.8932E+00 -1.2388E-01  2.8782E+00  1.5240E-01  4.5858E-02
  1.6022E+00 -9.5045E-02  3.0508E+00  1.5240E-01  4.5858E-02
  8.2510E-01 -2.5431E-02  3.1586E+00  1.4641E-01  5.1724E-02
 -2.6784E-01 -4.1740E-02  3.2213E+00  1.4535E-01  5.2868E-02
  7.4426E-02  1.3251E-01  3.1334E+00  1.4214E-01  5.6525E-02
  1.8596E+00  1.6251E-01  2.4288E+00  1.3964E-01  5.9620E-02
 -1.1973E+00  5.7473E-02  2.7847E+00  1.3856E-01  6.1020E-02
 -1.2734E+00  1.8510E-01  2.7335E+00  1.3820E-01  6.1497E-02
 -5.1866E-01 -3.4944E-04  2.9127E+00  1.3604E-01  6.4472E-02
 -1.5677E+00  1.2358E-01  2.4813E+00  1.3532E-01  6.5509E-02
 -1.5387E+00 -3.5990E-02  2.4900E+00  1.3496E-01  6.6036E-02
  3.0016E-02  4.3833E-02  2.9268E+00  1.3496E-01  6.6036E-02
  5.2858E-01  5.6820E-02  2.8153E+00  1.3279E-01  6.9327E-02
 -4.6884E-01 -3.4621E-02  2.7635E+00  1.3061E-01  7.2853E-02
  4.1022E-01  2.0585E-01  2.7549E+00  1.3025E-01  7.3466E-02
  1.9236E+00  1.1497E-01  1.9931E+00  1.2952E-01  7.4711E-02
 -7.6412E-01  1.4571E-01  2.6290E+00  1.2843E-01  7.6636E-02
 -1.5879E+00  1.5360E-01  2.2046E+00  1.2770E-01  7.7958E-02
  7.7241E-01 -7.0192E-02  2.5872E+00  1.2697E-01  7.9312E-02
 -1.3293E+00  7.6893E-02  2.2797E+00  1.2477E-01  8.3577E-02
 -8.9536E-01 -4.7622E-02  2.4724E+00  1.2440E-01  8.4318E-02
 -1.0515E+00 -7.9991E-02  2.3543E+00  1.2256E-01  8.8168E-02
  1.7251E+00  8.3636E-02  1.7936E+00  1.1925E-01  9.5738E-02
  3.1926E-01  6.9749E-02  2.4484E+00  1.1851E-01  9.7542E-02
  1.6035E+00  7.7603E-02  1.8643E+00  1.1814E-01  9.8461E-02
 -1.8561E+00 -1.7138E-01 -1.4668E+00  1.1480E-01  1.0731E-01
  1.4774E+00 -1.7763E-02  1.8431E+00  1.1442E-01  1.0836E-01
  1.2595E+00  1.3729E-02  1.9754E+00  1.1368E-01  1.1050E-01
 -1.3453E+00 -6.5078E-02  1.8931E+00  1.1293E-01  1.1270E-01
  1.3795E+00 -1.0308E-01 -1.8667E+00  1.1293E-01  1.1270E-01
 -7.8295E-01 -9.7081E-02  2.1751E+00  1.1256E-01  1.1382E-01
  1.4050E+00 -5.9450E-02  1.8129E+00  1.1182E-01  1.1612E-01
 -1.5337E+00  1.9552E-01 -1.6822E+00  1.1144E-01  1.1729E-01
  1.5726E+00 -1.7377E-01 -1.6350E+00  1.1107E-01  1.1847E-01
  2.0714E-01 -1.5901E-01  2.2602E+00  1.1107E-01  1.1847E-01
  1.6601E+00  1.6542E-01 -1.5471E+00  1.1107E-01  1.1847E-01
  3.5484E-01 -1.6889E-01  2.2022E+00  1.0957E-01  1.2339E-01
 -4.7862E-01  1.0402E-01  2.1729E+00  1.0920E-01  1.2466E-01
  7.5113E-01  1.9613E-01  2.0675E+00  1.0845E-01  1.2727E-01
 -2.8464E-01 -2.0104E-01  2.1712E+00  1.0808E-01  1.2859E-01
  1.6426E+00  1.4577E-01 -1.4403E+00  1.0770E-01  1.2994E-01
  8.8671E-01  1.3718E-01  1.9972E+00  1.0770E-01  1.2994E-01
 -1.5172E+00 -6.2676E-02 -1.5643E+00  1.0733E-01  1.3131E-01
  1.7266E+00 -7.8478E-02  1.2818E+00  1.0620E-01  1.3553E-01
 -5.9277E-01  5.5964E-02  2.0581E+00  1.0582E-01  1.3698E-01
  1.8354E+00 -1.7449E-01  1.0729E+00  1.0545E-01  1.3845E-01
  1.6861E+00 -4.6573E-02  1.2906E+00  1.0507E-01  1.3994E-01
  1.5891E+00 -9.3922E-02 -1.3917E+00  1.0470E-01  1.4145E-01
 -1.0649E+00  1.7496E-01 -1.8076E+00  1.0432E-01  1.4299E-01
 -1.1765E+00  1.0474E-01 -1.7089E+00  1.0319E-01  1.4773E-01
  1.3513E+00  3.5023E-02  1.5531E+00  1.0244E-01  1.5102E-01
  1.8740E+00  1.6136E-01 -8.3748E-01  1.0244E-01  1.5102E-01
 -1.2242E+00  1.1914E-01  1.6397E+00  1.0206E-01  1.5269E-01
 -1.4655E+00 -3.5677E-02  1.4327E+00  1.0206E-01  1.5269E-01
 -1.8750E+00 -1.8852E-01  8.0648E-01  1.0206E-01  1.5269E-01
  7.9401E-01 -7.0778E-02  1.8885E+00  1.0206E-01  1.5269E-01
  1.6973E+00 -8.6775E-02  1.0962E+00  1.0093E-01  1.5789E-01
 -1.9034E+00  4.7746E-03 -6.5608E-01  1.0055E-01  1.5967E-01
  1.1968E+00 -1.9235E-01 -1.5961E+00  1.0017E-01  1.6148E-01
  7.2641E-01  8.1992E-02 -1.8564E+00  9.9797E-02  1.6332E-01
 -1.8118E+00  7.6643E-02 -8.3191E-01  9.9797E-02  1.6332E-01
 -1.4303E+00 -7.4058E-02  1.3890E+00  9.9797E-02  1.6332E-01
  1.4203E+00 -3.4015E-04  1.3753E+00  9.9041E-02  1.6709E-01
  1.0263E+00 -1.7223E-01 -1.6810E+00  9.9041E-02  1.6709E-01
  1.8573E+00  7.7641E-02 -6.4628E-01  9.8663E-02  1.6902E-01
 -7.5984E-01 -4.7063E-02  1.8149E+00  9.8663E-02  1.6902E-01
 -1.8063E+00  1.5943E-01 -7.6484E-01  9.8663E-02  1.6902E-01
  8.2358E-01 -1.7657E-01 -1.7688E+00  9.8285E-02  1.7098E-01
  5.8850E-01  8.8171E-02  1.8665E+00  9.8285E-02  1.7098E-01
  1.4608E+00  1.4877E-01  1.2969E+00  9.8285E-02  1.7098E-01
 -1.2941E+00 -1.4691E-01 -1.4515E+00  9.7907E-02  1.7297E-01
 -6.4291E-01  8.5378E-02  1.8391E+00  9.7907E-02  1.7297E-01
 -6.2791E-01 -1.4684E-01 -1.8310E+00  9.7529E-02  1.7499E-01
  1.8664E+00  1.8746E-01 -4.9969E-01  9.7529E-02  1.7499E-01
  1.7409E+00 -3.7406E-02 -8.3767E-01  9.7150E-02  1.7704E-01
  1.8349E+00  7.3113E-02 -6.0114E-01  9.7150E-02  1.7704E-01
 -1.8680E+00  4.5722E-02 -4.9230E-01  9.7150E-02  1.7704E-01
  7.5681E-01  5.0456E-02 -1.7772E+00  9.7150E-02  1.7704E-01
  1.6414E+00  1.6828E-01  9.8847E-01  9.6772E-02  1.7912E-01
  6.7369E-01  4.5698E-02 -1.8010E+00  9.6772E-02  1.7912E-01
 -1.0667E+00 -3.7349E-03 -1.5898E+00  9.6393E-02  1.8124E-01
 -8.3217E-01 -1.8834E-02 -1.7241E+00  9.6393E-02  1.8124E-01
  1.6633E+00 -1.4788E-01 -9.1828E-01  9.6015E-02  1.8340E-01
  1.5887E+00 -1.0258E-01  1.0473E+00  9.6015E-02  1.8340E-01
 -1.6975E+00  8.4240E-03 -8.6610E-01  9.6015E-02  1.8340E-01
 -4.0554E-01  1.4846E-01  1.8561E+00  9.6015E-02  1.8340E-01
 -1.7864E+00 -1.3526E-01 -6.2344E-01  9.5636E-02  1.8558E-01
 -1.7161E-01  6.0663E-03  1.8891E+00  9.5636E-02  1.8558E-01
  1.8010E+00  1.8350E-01 -5.3612E-01  9.5257E-02  1.8781E-01
  1.8385E+00 -4.1948E-02 -3.4223E-01  9.4499E-02  1.9236E-01
  1.1730E+00  1.4202E-01  1.4501E+00  9.4499E-02  1.9236E-01
  1.1403E+00 -1.4218E-01 -1.4759E+00  9.4499E-02  1.9236E-01
  5.5782E-01  3.1432E-02 -1.7760E+00  9.4120E-02  1.9470E-01
 -1.2150E+00 -8.6345E-02  1.4081E+00  9.4120E-02  1.9470E-01
 -1.7404E+00  1.6000E-01 -6.4162E-01  9.4120E-02  1.9470E-01
 -1.8294E+00 -1.8512E-01 -1.4437E-01  9.3361E-02  1.9948E-01
  6.2129E-01 -4.1796E-02 -1.7361E+00  9.3361E-02  1.9948E-01
 -1.6790E+00  3.6500E-02  7.6256E-01  9.3361E-02  1.9948E-01
 -9.4384E-01  7.5826E-02 -1.5727E+00  9.2982E-02  2.0193E-01
 -1.8300E+00 -3.5090E-02  1.4072E-01  9.2982E-02  2.0193E-01
 -1.7066E+00  5.5313E-02 -6.7393E-01  9.2982E-02  2.0193E-01
 -1.2228E+00 -2.9813E-02  1.3573E+00  9.2603E-02  2.0443E-01
  1.2936E+00  3.6601E-02 -1.2776E+00  9.2223E-02  2.0696E-01
 -1.8097E+00 -1.5715E-02  1.7796E-01  9.2223E-02  2.0696E-01
  1.7156E+00  9.3772E-02 -5.6884E-01  9.1844E-02  2.0954E-01
 -5.2687E-01  3.3869E-02  1.7133E+00  9.1084E-02  2.1482E-01
 -1.1831E+00 -1.3408E-01  1.3289E+00  9.0704E-02  2.1753E-01
 -1.4003E+00 -1.3915E-01 -1.0553E+00  8.9565E-02  2.2594E-01
 -3.6245E-01 -5.7660E-02 -1.7030E+00  8.8805E-02  2.3179E-01
  1.7161E+00 -2.0695E-02 -2.9931E-01  8.8805E-02  2.3179E-01
 -9.3430E-01 -1.2280E-01 -1.4653E+00  8.8805E-02  2.3179E-01
 -2.4202E-01  8.6833E-02  1.7230E+00  8.8805E-02  2.3179E-01
 -6.6371E-01  1.2208E-01 -1.5970E+00  8.8425E-02  2.3479E-01
  9.7221E-01  4.7681E-02 -1.4247E+00  8.8044E-02  2.3785E-01
  7.9120E-01 -1.5413E-01  1.5256E+00  8.8044E-02  2.3785E-01
  8.1929E-01  2.5317E-02 -1.5089E+00  8.7664E-02  2.4095E-01
 -1.3518E+00  1.7896E-01  1.0436E+00  8.7664E-02  2.4095E-01
 -1.3783E+00  2.5595E-02 -1.0099E+00  8.7284E-02  2.4412E-01
 -1.4184E+00 -1.0988E-01 -9.4675E-01  8.7284E-02  2.4412E-01
 -1.6432E+00 -1.7254E-01  4.3648E-01  8.7284E-02  2.4412E-01
  1.6591E+00  1.3775E-01 -3.4726E-01  8.6904E-02  2.4734E-01
 -1.4825E+00  1.0774E-01 -8.2620E-01  8.6904E-02  2.4734E-01
 -1.1159E+00  2.2671E-02 -1.2722E+00  8.6524E-02  2.5061E-01
 -1.4009E+00  7.7125E-04 -9.4965E-01  8.6524E-02  2.5061E-01
 -2.7751E-01  6.9678E-02  1.6681E+00  8.6524E-02  2.5061E-01
  6.8808E-02  3.2168E-02  1.6907E+00  8.6524E-02  2.5061E-01
  1.4990E+00 -4.5310E-02 -7.8435E-01  8.6524E-02  2.5061E-01
 -1.1694E+00 -1.1788E-01 -1.2064E+00  8.6143E-02  2.5395E-01
  2.2217E-01  4.8590E-02 -1.6688E+00  8.6143E-02  2.5395E-01
 -1.0020E+00  1.6064E-01  1.3339E+00  8.5763E-02  2.5734E-01
  3.8138E-01  1.8152E-01 -1.6220E+00  8.5763E-02  2.5734E-01
  1.6136E-03 -8.3141E-02 -1.6740E+00  8.5763E-02  2.5734E-01
 -5.2968E-01  8.0831E-02 -1.5795E+00  8.5382E-02  2.6079E-01
  1.6495E+00 -1.2869E-02 -1.8440E-01  8.5002E-02  2.6431E-01
  9.6682E-01  1.7692E-01  1.3376E+00  8.5002E-02  2.6431E-01
 -1.3533E+00  1.7801E-01 -9.4448E-01  8.5002E-02  2.6431E-01
 -1.6548E-01  1.7948E-01  1.6337E+00  8.4622E-02  2.6789E-01
 -6.9287E-01 -7.3909E-02  1.4888E+00  8.4241E-02  2.7154E-01
 -4.5713E-01  1.6090E-01 -1.5623E+00  8.3861E-02  2.7525E-01
 -1.1132E+00  1.6702E-01  1.1869E+00  8.3861E-02  2.7525E-01
  1.6299E+00  1.3318E-01  3.8597E-02  8.3861E-02  2.7525E-01
  8.9838E-01  1.7741E-01  1.3458E+00  8.3480E-02  2.7903E-01
 -7.9599E-01  5.2629E-02 -1.4189E+00  8.3480E-02  2.7903E-01
 -1.4241E+00 -1.7806E-01  7.6801E-01  8.3480E-02  2.7903E-01
 -8.4184E-01 -2.8358E-02 -1.3929E+00  8.3480E-02  2.7903E-01
 -2.9348E-01 -7.5242E-02  1.5912E+00  8.3100E-02  2.8288E-01
  2.8529E-02  6.4755E-02  1.6183E+00  8.3100E-02  2.8288E-01
  1.0598E+00 -1.2670E-01  1.2184E+00  8.3100E-02  2.8288E-01
  3.6609E-01  1.2300E-01  1.5650E+00  8.2719E-02  2.8681E-01
 -1.4149E+00  2.5692E-02  7.5514E-01  8.2338E-02  2.9080E-01
  1.2646E+00  1.1336E-01 -9.8028E-01  8.2338E-02  2.9080E-01
  1.4729E+00 -1.4746E-01 -6.1783E-01  8.2338E-02  2.9080E-01
 -7.7996E-01 -4.6607E-02 -1.3829E+00  8.1577E-02  2.9902E-01
  1.2778E+00  1.5791E-01  9.1675E-01  8.1197E-02  3.0324E-01
  5.5072E-01  6.9428E-02  1.4716E+00  8.0816E-02  3.0755E-01
  1.5456E+00 -4.1657E-02 -2.8830E-01  8.0816E-02  3.0755E-01
 -1.5083E+00 -1.6086E-01 -3.8566E-01  8.0435E-02  3.1193E-01
 -1.4848E+00  1.4745E-01  4.7255E-01  8.0435E-02  3.1193E-01
 -1.4953E+00 -8.4935E-02  4.5452E-01  8.0435E-02  3.1193E-01
 -1.3175E+00  2.6135E-02  8.4451E-01  8.0435E-02  3.1193E-01
  1.3135E+00  4.9252E-02  8.3532E-01  8.0055E-02  3.1640E-01
 -1.5436E+00  1.7772E-01  1.0659E-01  8.0055E-02  3.1640E-01
  1.3661E+00  3.0750E-02 -7.4727E-01  8.0055E-02  3.1640E-01
  3.0032E-01 -9.7741E-02 -1.5251E+00  8.0055E-02  3.1640E-01
  4.9476E-01  1.1930E-01 -1.4638E+00  7.9674E-02  3.2096E-01
 -1.2716E+00  2.8068E-02 -8.8545E-01  7.9674E-02  3.2096E-01
 -1.5049E+00 -7.5395E-02 -3.6263E-01  7.9674E-02  3.2096E-01
 -3.4363E-01  1.7563E-01 -1.5010E+00  7.9674E-02  3.2096E-01
 -6.5041E-01  2.7829E-02 -1.4064E+00  7.9674E-02  3.2096E-01
 -9.5729E-01  3.8056E-02 -1.2182E+00  7.9674E-02  3.2096E-01
  1.0159E+00 -1.6987E-03  1.1704E+00  7.9674E-02  3.2096E-01
 -6.4205E-01  1.6386E-02 -1.4021E+00  7.9293E-02  3.2561E-01
  3.4925E-01  1.3682E-01 -1.4880E+00  7.8913E-02  3.3034E-01
  1.5155E+00  2.6760E-02 -1.8568E-01  7.8532E-02  3.3517E-01
 -7.2948E-01 -8.2873E-02 -1.3304E+00  7.8152E-02  3.4009E-01
  1.1264E+00  1.0045E-01 -1.0037E+00  7.7771E-02  3.4511E-01
 -1.5112E+00  6.2525E-03  4.9065E-02  7.7771E-02  3.4511E-01
 -1.3739E+00  9.7873E-02 -6.2381E-01  7.7771E-02  3.4511E-01
  6.7465E-01  1.6170E-01 -1.3351E+00  7.7390E-02  3.5022E-01
  2.1334E-01  1.7585E-01  1.4790E+00  7.7390E-02  3.5022E-01
 -1.4616E+00 -1.0522E-01  3.0700E-01  7.7010E-02  3.5544E-01
  7.3106E-02 -1.2827E-01 -1.4825E+00  7.6629E-02  3.6076E-01
 -6.4217E-01 -1.2611E-01 -1.3384E+00  7.6629E-02  3.6076E-01
 -2.8199E-02 -9.5040E-02 -1.4792E+00  7.6248E-02  3.6619E-01
  2.3088E-01  6.1165E-03  1.4644E+00  7.6248E-02  3.6619E-01
 -1.1781E+00  1.5806E-01 -8.8596E-01  7.6248E-02  3.6619E-01
 -6.5758E-01  5.0984E-02  1.3277E+00  7.6248E-02  3.6619E-01
  1.4306E+00 -1.6269E-01  3.2105E-01  7.5868E-02  3.7173E-01
  1.4751E+00 -5.1237E-04  1.9684E-02  7.5868E-02  3.7173E-01
 -3.5401E-01  1.4936E-01  1.4243E+00  7.5868E-02  3.7173E-01
  1.1191E+00 -5.3785E-02 -9.5962E-01  7.5868E-02  3.7173E-01
  1.0785E+00  9.3225E-02 -9.9150E-01  7.5487E-02  3.7739E-01
 -4.6372E-02  1.6732E-01  1.4504E+00  7.5106E-02  3.8315E-01
 -9.9583E-01  3.0059E-02  1.0682E+00  7.5106E-02  3.8315E-01
 -3.6711E-01  3.5856E-03  1.4064E+00  7.4726E-02  3.8904E-01
 -1.1564E+00  1.5025E-01  8.6770E-01  7.4726E-02  3.8904E-01
 -6.3598E-01  1.2989E-01 -1.2926E+00  7.4345E-02  3.9504E-01
  1.1148E-01  4.0330E-02  1.4415E+00  7.4345E-02  3.9504E-01
  1.2329E+00  9.8135E-02 -7.4991E-01  7.4345E-02  3.9504E-01
  1.0495E+00 -3.3724E-03  9.9530E-01  7.4345E-02  3.9504E-01
 -3.9849E-01 -7.4002E-03  1.3830E+00  7.3965E-02  4.0117E-01
 -9.2532E-01 -8.8045E-02  1.0989E+00  7.3965E-02  4.0117E-01
 -1.3891E+00 -1.5712E-01  3.4267E-01  7.3965E-02  4.0117E-01
 -3.4932E-01 -4.8193E-02  1.3954E+00  7.3965E-02  4.0117E-01
 -7.6462E-03 -1.6982E-01  1.4292E+00  7.3965E-02  4.0117E-01
  1.4390E+00  2.9687E-03  2.8637E-02  7.3965E-02  4.0117E-01
 -1.1266E+00  1.7284E-01 -8.7888E-01  7.3965E-02  4.0117E-01
  1.3782E+00 -7.1501E-02  3.8304E-01  7.3584E-02  4.0743E-01
  1.4196E+00 -8.9424E-02  1.6787E-01  7.3584E-02  4.0743E-01
 -1.1224E+00 -1.7607E-01  8.6048E-01  7.3203E-02  4.1382E-01
  1.2089E+00  9.6282E-02 -7.4873E-01  7.3203E-02  4.1382E-01
 -3.0514E-01 -9.7906E-02  1.3887E+00  7.3203E-02  4.1382E-01
  1.1223E+00 -9.9118E-02 -8.6148E-01  7.2822E-02  4.2035E-01
 -8.2889E-01  1.0818E-01  1.1371E+00  7.2442E-02  4.2701E-01
  6.1726E-01  2.5792E-02 -1.2689E+00  7.2442E-02  4.2701E-01
 -1.3508E-01  1.6049E-01  1.3956E+00  7.2442E-02  4.2701E-01
  1.2557E+00  5.8736E-02  6.4153E-01  7.2442E-02  4.2701E-01
  6.2077E-01  2.8303E-02  1.2594E+00  7.2061E-02  4.3381E-01
  1.3866E+00 -1.0756E-01 -1.9545E-01  7.2061E-02  4.3381E-01
 -1.3873E+00  2.4370E-02  2.1721E-01  7.2061E-02  4.3381E-01
  2.7532E-01 -8.5487E-02 -1.3745E+00  7.2061E-02  4.3381E-01
 -1.3435E+00  9.3429E-02  3.7337E-01  7.1680E-02  4.4076E-01
  1.0081E+00  7.8808E-02  9.6471E-01  7.1680E-02  4.4076E-01
  4.7966E-01 -1.2502E-01 -1.3067E+00  7.1680E-02  4.4076E-01
  1.1441E+00  1.2353E-01 -7.8102E-01  7.1300E-02  4.4786E-01
 -3.1841E-01 -1.6565E-01 -1.3366E+00  7.0919E-02  4.5511E-01
 -1.1310E+00 -1.3232E-01  7.7464E-01  7.0538E-02  4.6253E-01
  2.3832E-01 -1.5392E-01 -1.3477E+00  7.0538E-02  4.6253E-01
  1.2235E+00  1.2839E-01  6.0420E-01  7.0157E-02  4.7010E-01
  1.0224E+00 -4.7308E-02  9.1152E-01  7.0157E-02  4.7010E-01
 -1.2113E+00  7.4305E-02  6.2246E-01  6.9776E-02  4.7784E-01
  1.3614E+00 -1.7933E-02  8.0826E-02  6.9776E-02  4.7784E-01
 -8.6931E-01 -3.9317E-02  1.0502E+00  6.9776E-02  4.7784E-01
 -8.9291E-01 -2.4547E-02  1.0307E+00  6.9776E-02  4.7784E-01
  4.2892E-01  1.2985E-01 -1.2812E+00  6.9395E-02  4.8575E-01
 -1.6492E-01 -1.5657E-01  1.3381E+00  6.9395E-02  4.8575E-01
  6.8983E-01 -2.1236E-03  1.1689E+00  6.9395E-02  4.8575E-01
  9.2277E-01 -1.0760E-01  9.8053E-01  6.9014E-02  4.9384E-01
 -1.3016E+00 -1.2572E-01  3.3857E-01  6.9014E-02  4.9384E-01
  1.3264E+00  8.0356E-02 -2.4261E-01  6.9014E-02  4.9384E-01
  7.2169E-01  1.8622E-01  1.1265E+00  6.9014E-02  4.9384E-01
 -1.0964E+00 -9.8866E-02  7.7144E-01  6.8633E-02  5.0211E-01
  1.2803E+00  1.4982E-01 -3.8118E-01  6.8633E-02  5.0211E-01
  1.1327E+00 -1.2143E-01  7.0131E-01  6.8252E-02  5.1057E-01
  3.1178E-01  7.7340E-02  1.2986E+00  6.8252E-02  5.1057E-01
  6.1801E-01 -2.4252E-02 -1.1862E+00  6.8252E-02  5.1057E-01
 -9.6279E-01 -7.3779E-02 -9.1658E-01  6.7871E-02  5.1923E-01
 -1.2560E+00 -1.5968E-01  3.9074E-01  6.7489E-02  5.2808E-01
  1.2622E+00 -1.5553E-01 -3.7178E-01  6.7489E-02  5.2808E-01
  6.4818E-01  1.1067E-01 -1.1503E+00  6.7489E-02  5.2808E-01
  1.3985E-01  1.2324E-01 -1.3054E+00  6.7108E-02  5.3713E-01
 -5.1982E-01 -1.5418E-01 -1.2020E+00  6.7108E-02  5.3713E-01
 -3.5149E-01 -1.7128E-01 -1.2594E+00  6.7108E-02  5.3713E-01
  1.2011E+00 -3.6903E-02  5.4308E-01  6.7108E-02  5.3713E-01
  8.7085E-01  1.0251E-01 -9.7646E-01  6.6726E-02  5.4640E-01
 -9.7472E-01  6.6573E-02 -8.7626E-01  6.6726E-02  5.4640E-01
  1.3808E-01  9.8388E-02 -1.2951E+00  6.6345E-02  5.5588E-01
  1.2988E+00 -3.2505E-02 -1.3468E-01  6.6345E-02  5.5588E-01
 -1.1839E+00 -8.5318E-02 -5.3015E-01  6.5963E-02  5.6559E-01
  1.2059E+00 -4.9986E-02  4.8294E-01  6.5963E-02  5.6559E-01
 -9.4479E-01 -6.5606E-03 -8.8395E-01  6.5581E-02  5.7553E-01
 -1.0993E+00  2.7063E-02 -6.8174E-01  6.5581E-02  5.7553E-01
 -3.2757E-01  1.2258E-01 -1.2457E+00  6.5581E-02  5.7553E-01
 -1.2705E+00 -1.5842E-01  1.3809E-01  6.5199E-02  5.8571E-01
  7.2113E-01 -2.1468E-02 -1.0667E+00  6.5199E-02  5.8571E-01
 -7.7938E-01  5.9902E-02  1.0234E+00  6.5199E-02  5.8571E-01
  8.8074E-01  5.1370E-02 -9.2977E-01  6.4817E-02  5.9614E-01
 -5.0314E-01  1.6958E-01  1.1666E+00  6.4817E-02  5.9614E-01
  1.2502E+00  1.4534E-01 -2.0808E-01  6.4434E-02  6.0681E-01
 -1.1138E+00  1.6550E-01 -5.8687E-01  6.4051E-02  6.1776E-01
  1.1919E+00 -2.9785E-02 -4.3702E-01  6.4051E-02  6.1776E-01
  1.1715E+00  7.6685E-02  4.8386E-01  6.4051E-02  6.1776E-01
  1.2092E+00  5.8930E-03  3.8768E-01  6.4051E-02  6.1776E-01
  5.0002E-01 -8.3759E-02  1.1578E+00  6.3669E-02  6.2897E-01
 -3.3276E-01 -1.5213E-01 -1.2098E+00  6.3669E-02  6.2897E-01
  5.6594E-01  1.6912E-02 -1.1235E+00  6.3285E-02  6.4046E-01
 -1.0786E+00 -4.8388E-02 -6.4585E-01  6.3285E-02  6.4046E-01
 -1.2267E+00  9.5240E-02 -2.0024E-01  6.2518E-02  6.6433E-01
 -1.0160E+00 -1.0585E-01  7.1445E-01  6.2518E-02  6.6433E-01
  1.2051E+00 -2.9997E-03  3.1891E-01  6.2518E-02  6.6433E-01
  1.2248E+00 -1.0288E-01  1.7097E-01  6.2134E-02  6.7672E-01
 -3.4526E-02 -1.2801E-01  1.2338E+00  6.2134E-02  6.7672E-01
  9.5847E-02  1.8341E-01  1.2235E+00  6.2134E-02  6.7672E-01
  5.1750E-01  1.3392E-02 -1.1278E+00  6.2134E-02  6.7672E-01
  5.6102E-01  8.6992E-02  1.0971E+00  6.1750E-02  6.8943E-01
 -6.3468E-01  1.5593E-01  1.0482E+00  6.1750E-02  6.8943E-01
  5.5550E-01 -1.4639E-01 -1.0873E+00  6.1365E-02  7.0248E-01
  1.4082E-01  6.4285E-02  1.2144E+00  6.0980E-02  7.1587E-01
  9.6439E-01 -9.7102E-02  7.3884E-01  6.0595E-02  7.2962E-01
  1.0114E+00  7.1867E-02 -6.7624E-01  6.0595E-02  7.2962E-01
  1.0933E+00  1.4349E-01 -5.1917E-01  6.0595E-02  7.2962E-01
  9.1640E-02 -1.7870E-01  1.1912E+00  5.9822E-02  7.5825E-01
  1.2017E-01  5.8978E-03 -1.2020E+00  5.9822E-02  7.5825E-01
 -1.1833E+00 -1.4567E-01 -1.9444E-01  5.9822E-02  7.5825E-01
 -7.9402E-01 -1.0030E-01  8.9777E-01  5.9436E-02  7.7315E-01
  1.1377E+00  1.3342E-01  3.4908E-01  5.9048E-02  7.8847E-01
  9.2786E-01 -3.9736E-02  7.5594E-01  5.9048E-02  7.8847E-01
  1.0622E+00  2.0467E-02  5.5255E-01  5.9048E-02  7.8847E-01
 -7.6071E-01  1.4267E-01 -9.1374E-01  5.9048E-02  7.8847E-01
 -8.7826E-02  1.3142E-01 -1.1818E+00  5.8660E-02  8.0422E-01
  6.5772E-01 -1.1011E-01 -9.8837E-01  5.8660E-02  8.0422E-01
 -5.0884E-01 -1.6442E-01  1.0657E+00  5.8660E-02  8.0422E-01
 -7.5074E-01  1.6581E-02 -9.2612E-01  5.8660E-02  8.0422E-01
 -9.7234E-01  1.4372E-01 -6.6581E-01  5.8271E-02  8.2042E-01
 -1.5007E-01  1.5312E-01  1.1677E+00  5.8271E-02  8.2042E-01
 -4.7879E-01 -1.5742E-01  1.0693E+00  5.7882E-02  8.3709E-01
  1.1328E+00 -1.1909E-02  3.3780E-01  5.7882E-02  8.3709E-01
  1.1376E+00 -1.6277E-01 -2.5506E-01  5.7492E-02  8.5424E-01
  6.4652E-01  1.0546E-01 -9.7206E-01  5.7101E-02  8.7190E-01
 -1.1713E+00  4.6305E-02 -4.2405E-03  5.7101E-02  8.7190E-01
 -6.9905E-01 -1.2097E-01  9.3311E-01  5.7101E-02  8.7190E-01
  1.1524E+00 -1.8407E-01 -2.6283E-02  5.6710E-02  8.9009E-01
 -6.2294E-01  1.6177E-01  9.6805E-01  5.6317E-02  9.0882E-01
  7.0166E-02 -1.5062E-01 -1.1505E+00  5.6317E-02  9.0882E-01
 -7.9194E-02  1.3261E-01  1.1474E+00  5.5924E-02  9.2814E-01
  1.1549E+00  5.1621E-02 -6.2086E-02  5.5924E-02  9.2814E-01
 -8.9983E-01 -8.4135E-03  7.2088E-01  5.5530E-02  9.4805E-01
  5.1485E-01 -6.6665E-02  1.0295E+00  5.5530E-02  9.4805E-01
  1.1438E+00 -8.2726E-02 -1.1945E-01  5.5530E-02  9.4805E-01
  1.0711E+00 -7.8185E-02  4.1949E-01  5.5530E-02  9.4805E-01
  3.5365E-01  1.2932E-01  1.0898E+00  5.5530E-02  9.4805E-01
 -3.7165E-01  7.0308E-02  1.0892E+00  5.5530E-02  9.4805E-01
 -9.6435E-01  1.6530E-01  6.1004E-01  5.5530E-02  9.4805E-01
 -9.1768E-01  1.6989E-01 -6.7708E-01  5.5530E-02  9.4805E-01
  1.1448E+00 -1.8335E-02 -8.9280E-02  5.5134E-02  9.6859E-01
 -8.6804E-01 -2.8537E-02  7.4429E-01  5.4738E-02  9.8980E-01
  1.6795E-01  1.1696E-01  1.1253E+00  5.4738E-02  9.8980E-01
  1.1324E+00 -2.2065E-02 -1.5989E-01  5.4738E-02  9.8980E-01
  1.1196E+00  4.5520E-02 -2.0602E-01  5.4340E-02  1.0117E+00
  9.2290E-01 -2.7917E-03 -6.6800E-01  5.4340E-02  1.0117E+00
  2.8912E-03  3.8385E-03  1.1393E+00  5.4340E-02  1.0117E+00
 -4.9080E-01  6.4190E-02  1.0261E+00  5.4340E-02  1.0117E+00
  4.6213E-02  2.2771E-02  1.1337E+00  5.3941E-02  1.0343E+00
 -3.2395E-01 -1.4532E-02 -1.0875E+00  5.3941E-02  1.0343E+00
  3.3038E-01  6.1968E-02  1.0839E+00  5.3941E-02  1.0343E+00
 -1.4674E-01 -1.4963E-01 -1.1153E+00  5.3941E-02  1.0343E+00
  1.0875E+00  1.2848E-01  2.9766E-01  5.3941E-02  1.0343E+00
  1.0743E+00 -6.8833E-02 -3.5914E-01  5.3941E-02  1.0343E+00
 -4.2024E-01 -7.4540E-02  1.0468E+00  5.3541E-02  1.0577E+00
  1.0369E+00 -9.7855E-02  4.3954E-01  5.3541E-02  1.0577E+00
 -1.0516E+00  1.3203E-01  3.8049E-01  5.3139E-02  1.0818E+00
  9.7207E-01 -1.7030E-01 -5.4244E-01  5.3139E-02  1.0818E+00
 -8.1879E-01  6.1565E-02  7.7069E-01  5.3139E-02  1.0818E+00
 -1.1037E+00  1.1291E-01 -1.6637E-01  5.2736E-02  1.1068E+00
 -8.5449E-01 -6.6409E-02  7.2390E-01  5.2736E-02  1.1068E+00
  9.8127E-01  1.4418E-01 -5.2431E-01  5.2736E-02  1.1068E+00
 -1.0886E+00 -1.8152E-01 -2.0137E-01  5.2736E-02  1.1068E+00
 -1.1085E+00  1.4295E-01  5.5669E-03  5.2331E-02  1.1327E+00
  2.2929E-01 -5.5601E-02  1.0925E+00  5.2331E-02  1.1327E+00
 -8.5483E-01  9.4913E-03 -7.1999E-01  5.2331E-02  1.1327E+00
  1.5272E-01  1.7384E-01 -1.0935E+00  5.2331E-02  1.1327E+00
  1.0794E+00  1.3063E-01 -2.4026E-01  5.1925E-02  1.1595E+00
  4.9483E-01  1.2639E-01 -9.8953E-01  5.1925E-02  1.1595E+00
 -9.1391E-02 -2.0725E-02 -1.1055E+00  5.1516E-02  1.1873E+00
  1.3730E-01  1.2252E-02  1.1009E+00  5.1516E-02  1.1873E+00
  8.0787E-01  1.6305E-01  7.4279E-01  5.1516E-02  1.1873E+00
  9.9876E-01  1.2661E-01 -4.5670E-01  5.1106E-02  1.2161E+00
 -1.2570E-01  9.4317E-02  1.0943E+00  5.1106E-02  1.2161E+00
  8.7774E-02 -8.3652E-02  1.0988E+00  5.1106E-02  1.2161E+00
  1.0780E+00 -1.6428E-01  1.8180E-01  5.1106E-02  1.2161E+00
 -6.7557E-01  1.3558E-01 -8.6449E-01  5.1106E-02  1.2161E+00
 -8.2542E-01  7.0272E-03 -7.3536E-01  5.1106E-02  1.2161E+00
 -8.8733E-01  1.2543E-01 -6.4734E-01  5.1106E-02  1.2161E+00
 -1.3259E-01  1.0895E-01 -1.0881E+00  5.0694E-02  1.2461E+00
 -8.5811E-01  3.1912E-02  6.8382E-01  5.0279E-02  1.2771E+00
  1.0332E+00 -1.1616E-02  3.7067E-01  5.0279E-02  1.2771E+00
 -6.0349E-01 -6.2118E-02  9.1028E-01  4.9863E-02  1.3094E+00
 -1.0775E+00 -5.6766E-02  1.5571E-01  4.9444E-02  1.3430E+00
 -3.1572E-01 -3.1830E-02  1.0430E+00  4.9444E-02  1.3430E+00
 -3.3676E-01  1.2780E-01  1.0290E+00  4.9444E-02  1.3430E+00
  2.5461E-01 -2.9550E-02  1.0559E+00  4.9022E-02  1.3780E+00
  6.2054E-01  1.2146E-01 -8.8361E-01  4.9022E-02  1.3780E+00
  1.0411E+00  9.6815E-02  2.9541E-01  4.9022E-02  1.3780E+00
  9.6654E-01 -4.7641E-03 -4.8846E-01  4.8597E-02  1.4144E+00
  9.3765E-01 -1.5942E-01  5.1789E-01  4.8597E-02  1.4144E+00
  3.6446E-01 -6.9948E-02 -1.0174E+00  4.8597E-02  1.4144E+00
 -1.0600E+00 -1.7376E-01 -1.3832E-01  4.8597E-02  1.4144E+00
 -5.8358E-01 -3.7763E-02 -9.1150E-01  4.8597E-02  1.4144E+00
  8.6699E-01 -1.4676E-03  6.4307E-01  4.8170E-02  1.4524E+00
  8.6802E-01  1.8918E-02  6.3561E-01  4.7739E-02  1.4920E+00
  8.5011E-02 -6.4653E-02  1.0707E+00  4.7739E-02  1.4920E+00
 -2.3528E-01  1.2339E-01 -1.0392E+00  4.7306E-02  1.5334E+00
 -1.9668E-01 -1.4552E-01 -1.0444E+00  4.7306E-02  1.5334E+00
 -8.7714E-01  1.6771E-02  6.1142E-01  4.6868E-02  1.5768E+00
 -9.1785E-01 -2.8640E-02  5.4792E-01  4.6868E-02  1.5768E+00
 -8.4020E-01 -1.8550E-01 -6.3494E-01  4.6868E-02  1.5768E+00
 -7.1459E-02 -1.2741E-01 -1.0561E+00  4.6427E-02  1.6222E+00
 -4.9540E-01 -1.7867E-01  9.2696E-01  4.6427E-02  1.6222E+00
 -3.1749E-02  1.2761E-01  1.0580E+00  4.6427E-02  1.6222E+00
 -5.7919E-01 -1.3474E-01 -8.8487E-01  4.6427E-02  1.6222E+00
  9.5696E-01 -8.1392E-02 -4.5550E-01  4.5982E-02  1.6697E+00
 -3.4384E-01 -1.5089E-01  9.9443E-01  4.5982E-02  1.6697E+00
 -5.4661E-01 -8.3511E-02 -9.0421E-01  4.5533E-02  1.7196E+00
 -2.2337E-01 -7.0231E-02 -1.0306E+00  4.5079E-02  1.7721E+00
 -3.0816E-01 -7.8891E-02  1.0079E+00  4.5079E-02  1.7721E+00
 -1.0176E+00 -1.5899E-01 -2.3687E-01  4.5079E-02  1.7721E+00
  6.9073E-01  1.8154E-02 -7.9971E-01  4.5079E-02  1.7721E+00
  1.0529E+00 -4.2780E-03 -4.6965E-02  4.4620E-02  1.8273E+00
 -6.5680E-01 -8.0051E-03  8.2421E-01  4.4620E-02  1.8273E+00
 -5.2124E-01  1.7326E-01 -8.9948E-01  4.4620E-02  1.8273E+00
 -1.0487E+00  3.7582E-02  9.8268E-02  4.4620E-02  1.8273E+00
 -1.0252E+00 -7.5719E-02 -2.3249E-01  4.4620E-02  1.8273E+00
  7.7979E-01 -1.3601E-01 -6.9584E-01  4.4620E-02  1.8273E+00
 -8.4509E-01 -2.0176E-02 -6.2943E-01  4.4620E-02  1.8273E+00
  1.0496E+00 -5.1370E-02 -2.3228E-02  4.4156E-02  1.8855E+00
 -1.0338E+00  1.8322E-01  5.0121E-02  4.4156E-02  1.8855E+00
  7.3020E-01 -1.6858E-02 -7.5583E-01  4.4156E-02  1.8855E+00
 -7.2367E-01  7.3816E-02 -7.5868E-01  4.4156E-02  1.8855E+00
 -1.0373E+00  1.6981E-01  3.4905E-03  4.4156E-02  1.8855E+00
  8.9243E-01 -1.5857E-01  5.2661E-01  4.3687E-02  1.9469E+00
  3.6335E-01 -8.8164E-02  9.7933E-01  4.3687E-02  1.9469E+00
  5.5127E-01 -1.3910E-01  8.7747E-01  4.3212E-02  2.0119E+00
  9.7267E-01 -7.6497E-02  3.7587E-01  4.3212E-02  2.0119E+00
  4.5997E-01 -1.1865E-01 -9.2847E-01  4.2730E-02  2.0806E+00
 -1.0323E+00  1.2212E-01 -8.3946E-02  4.2730E-02  2.0806E+00
 -2.5954E-02  1.6497E-01  1.0295E+00  4.2730E-02  2.0806E+00
  9.6998E-01 -1.7116E-01  3.4284E-01  4.2730E-02  2.0806E+00
 -1.0330E+00  1.1299E-01 -4.9667E-02  4.2242E-02  2.1536E+00
 -7.0082E-01  1.1883E-01  7.5967E-01  4.2242E-02  2.1536E+00
  1.5270E-01 -9.0261E-02  1.0226E+00  4.1747E-02  2.2312E+00
 -7.5710E-01 -1.6348E-01 -6.8722E-01  4.1244E-02  2.3138E+00
 -8.0648E-01  7.7934E-02 -6.4101E-01  4.0733E-02  2.4020E+00
  7.3957E-01 -1.7781E-01 -6.9913E-01  4.0733E-02  2.4020E+00
 -6.3979E-01  1.2004E-01  8.0226E-01  4.0733E-02  2.4020E+00
 -7.7470E-02 -1.4967E-01  1.0170E+00  4.0213E-02  2.4964E+00
 -1.9569E-01  8.3074E-02  1.0087E+00  4.0213E-02  2.4964E+00
  5.5750E-01  6.8824E-02 -8.6439E-01  4.0213E-02  2.4964E+00
  1.0114E+00 -1.1853E-01  1.6052E-01  4.0213E-02  2.4964E+00
 -1.6895E-01  1.5227E-03  1.0147E+00  3.9683E-02  2.5977E+00
  7.9172E-02  1.2219E-01 -1.0183E+00  3.9683E-02  2.5977E+00
 -7.6693E-01 -1.4998E-01  6.6899E-01  3.9683E-02  2.5977E+00
  5.7922E-01 -1.4581E-01 -8.3753E-01  3.9683E-02  2.5977E+00
  2.4618E-01 -1.8975E-02 -9.9437E-01  3.8592E-02  2.8243E+00
 -3.5830E-01 -1.7125E-02  9.5973E-01  3.8592E-02  2.8243E+00
 -4.2456E-01  9.0515E-02 -9.2592E-01  3.8029E-02  2.9517E+00
 -3.2666E-01 -3.7124E-02  9.6637E-01  3.7452E-02  3.0900E+00
 -3.7296E-01 -8.9050E-04  9.5019E-01  3.7452E-02  3.0900E+00
 -8.7890E-01  4.7049E-02  5.1698E-01  3.7452E-02  3.0900E+00
 -9.2287E-01 -4.2225E-02 -4.3414E-01  3.7452E-02  3.0900E+00
  8.0166E-02 -9.7191E-02 -1.0130E+00  3.7452E-02  3.0900E+00
  7.9466E-01  3.9046E-02  6.3949E-01  3.7452E-02  3.0900E+00
  4.6484E-01 -1.2110E-01 -8.9864E-01  3.6862E-02  3.2409E+00
  6.3052E-01  9.5843E-02 -7.9251E-01  3.6256E-02  3.4062E+00
 -9.6333E-01  1.8426E-01 -2.6995E-01  3.6256E-02  3.4062E+00
  3.1498E-01  1.0647E-01 -9.6139E-01  3.6256E-02  3.4062E+00
 -9.7927E-01  9.3698E-02 -2.5898E-01  3.6256E-02  3.4062E+00
  7.0350E-02 -1.1499E-01 -1.0083E+00  3.6256E-02  3.4062E+00
 -9.8103E-01 -8.4774E-02 -2.5538E-01  3.6256E-02  3.4062E+00
  9.9794E-01  2.6458E-02  1.9553E-01  3.6256E-02  3.4062E+00
 -9.4550E-01  1.9889E-02  3.7478E-01  3.6256E-02  3.4062E+00
  4.0573E-01 -9.7614E-02  9.2594E-01  3.5633E-02  3.5880E+00
  5.2382E-01  2.8857E-02 -8.6965E-01  3.5633E-02  3.5880E+00
 -2.7315E-01  4.1635E-02 -9.7732E-01  3.5633E-02  3.5880E+00
 -7.0297E-02  8.5940E-02  1.0080E+00  3.4991E-02  3.7890E+00
  6.4408E-03  1.4662E-01 -1.0034E+00  3.4991E-02  3.7890E+00
  7.9574E-01 -8.3191E-02 -6.2309E-01  3.4991E-02  3.7890E+00
 -8.9213E-01  6.3150E-02  4.7800E-01  3.4991E-02  3.7890E+00
  6.4195E-01 -4.7456E-02  7.8168E-01  3.4329E-02  4.0125E+00
 -6.3813E-01  9.9018E-02  7.7817E-01  3.3644E-02  4.2626E+00
 -1.1197E-01 -1.7696E-01  9.8930E-01  3.3644E-02  4.2626E+00
 -9.0893E-01 -1.6452E-01 -4.1151E-01  3.3644E-02  4.2626E+00
 -2.5971E-02  1.4349E-01  9.9933E-01  3.2934E-02  4.5444E+00
  1.3300E-01 -1.6045E-01  9.8817E-01  3.2934E-02  4.5444E+00
  2.5904E-01 -1.8307E-01  9.5880E-01  3.2934E-02  4.5444E+00
  9.6390E-01  1.2515E-01  2.7415E-01  3.2934E-02  4.5444E+00
  8.5150E-01  5.4925E-02  5.4023E-01  3.2934E-02  4.5444E+00
 -9.6057E-01  9.6631E-02 -2.9645E-01  3.2934E-02  4.5444E+00
  1.5892E-01  1.2633E-02 -9.9725E-01  3.2934E-02  4.5444E+00
 -9.5231E-01 -1.5639E-01  2.9759E-01  3.2934E-02  4.5444E+00
 -9.7525E-01  4.6214E-02  2.5334E-01  3.2195E-02  4.8645E+00
  9.6553E-01 -1.5482E-01 -2.4269E-01  3.1425E-02  5.2312E+00
  7.5784E-01 -1.0171E-01 -6.5609E-01  3.1425E-02  5.2312E+00
 -1.0001E+00  9.5655E-02 -7.5521E-02  3.1425E-02  5.2312E+00
  9.9092E-01 -1.2857E-01 -1.2052E-01  3.0618E-02  5.6557E+00
  4.9366E-01  1.1801E-01  8.6911E-01  3.0618E-02  5.6557E+00
 -9.9638E-01  1.4127E-01  1.5288E-02  3.0618E-02  5.6557E+00
  6.6026E-01 -1.6094E-02  7.5945E-01  3.0618E-02  5.6557E+00
  6.8047E-01  1.4716E-01  7.2683E-01  3.0618E-02  5.6557E+00
 -7.7587E-01  7.9516E-02 -6.3614E-01  3.0618E-02  5.6557E+00
 -8.7231E-01  5.7945E-03 -5.0002E-01  2.9770E-02  6.1530E+00
 -2.6245E-01 -3.2418E-02  9.7008E-01  2.9770E-02  6.1530E+00
 -5.6961E-01 -2.8412E-02 -8.2699E-01  2.8874E-02  6.7438E+00
  9.9257E-01 -3.3071E-02  1.5125E-01  2.8874E-02  6.7438E+00
 -9.5965E-01  9.8431E-02 -2.8027E-01  2.8874E-02  6.7438E+00
  4.9817E-01  1.5671E-01  8.5719E-01  2.7921E-02  7.4574E+00
 -9.5354E-01 -5.7559E-02  3.0815E-01  2.7921E-02  7.4574E+00
  8.0065E-01 -1.6073E-01 -5.8364E-01  2.7921E-02  7.4574E+00
 -9.0905E-01  1.1044E-01  4.1103E-01  2.7921E-02  7.4574E+00
 -9.8799E-01  1.6725E-01 -4.3875E-02  2.6903E-02  8.3369E+00
  9.6172E-01 -1.0457E-01  2.6492E-01  2.6903E-02  8.3369E+00
 -9.5331E-01  7.4297E-02 -3.0281E-01  2.6903E-02  8.3369E+00
 -3.8872E-01 -1.5146E-01 -9.1213E-01  2.6903E-02  8.3369E+00
  6.2101E-01  1.1018E-01  7.7904E-01  2.5804E-02  9.4481E+00
 -7.9143E-01 -7.8854E-02  6.0905E-01  2.4606E-02  1.0897E+01
 -5.4923E-01 -1.3931E-01  8.2612E-01  2.4606E-02  1.0897E+01
 -6.3955E-01  8.0659E-03 -7.7035E-01  2.3280E-02  1.2866E+01
 -5.0667E-01  1.4474E-01  8.5091E-01  2.1787E-02  1.5696E+01
  9.4821E-01 -7.0407E-02  3.1247E-01  2.1787E-02  1.5696E+01
  5.9349E-01  1.1454E-01 -7.9772E-01  2.1787E-02  1.5696E+01
 -7.0082E-01 -1.2455E-01 -7.0359E-01  2.1787E-02  1.5696E+01
 -9.1144E-01  4.9468E-02  4.1054E-01  2.1787E-02  1.5696E+01
 -6.6292E-01  1.1793E-01  7.4049E-01  2.1787E-02  1.5696E+01
 -9.3444E-01 -3.0013E-02  3.5632E-01  2.0058E-02  2.0115E+01
  9.9735E-01 -7.0769E-02  3.6271E-02  2.0058E-02  2.0115E+01
  9.2567E-01 -3.7462E-02  3.7784E-01  2.0058E-02  2.0115E+01
 -9.7677E-01 -7.0979E-02 -2.0350E-01  1.7969E-02  2.7981E+01
  7.6697E-02  1.4947E-01  9.8606E-01  1.7969E-02  2.7981E+01
 -1.1497E-01 -1.1574E-01 -9.8688E-01  1.7969E-02  2.7981E+01
