0.10997485714286D+02       650
(x,y,z) position of the X-ray source
  0.1577E+01 -0.4538E-01 -0.8660E+00
x | y | z | R | rho
 -3.5295E-01  1.6098E-02  9.7208E+00  3.1644E-01  5.1231E-03
  2.9077E-01 -4.5405E-03  9.6500E+00  3.1481E-01  5.2029E-03
 -1.4627E+00  2.5128E-01  9.5150E+00  3.1427E-01  5.2299E-03
  8.0589E-01  2.4993E-01  9.5565E+00  3.1345E-01  5.2709E-03
  4.2838E-01  2.0943E-01  9.3876E+00  3.0909E-01  5.4973E-03
  8.7845E-01  2.2812E-01  8.7845E+00  2.9612E-01  6.2517E-03
 -1.8371E+00 -2.0784E-01  8.6232E+00  2.9584E-01  6.2694E-03
  2.8250E-01  1.2760E-01  8.6448E+00  2.9193E-01  6.5247E-03
 -4.0488E-01 -2.5538E-01  8.6250E+00  2.9165E-01  6.5435E-03
 -1.8601E-01 -3.5388E-01  8.5325E+00  2.8941E-01  6.6969E-03
  2.0887E+00 -3.1461E-01  8.2642E+00  2.8913E-01  6.7165E-03
  1.6984E+00 -3.0835E-02  8.2362E+00  2.8631E-01  6.9167E-03
 -6.3190E-01  1.5641E-01  8.0468E+00  2.7836E-01  7.5264E-03
  1.3657E+00  2.4558E-01  7.7338E+00  2.7320E-01  7.9608E-03
 -6.3767E-01  1.4391E-01  7.6620E+00  2.6916E-01  8.3247E-03
 -2.2223E-01 -1.9427E-02  7.6507E+00  2.6829E-01  8.4058E-03
 -1.4263E+00  2.7906E-01  7.3444E+00  2.6422E-01  8.8001E-03
  9.1795E-01 -2.6323E-01  7.3896E+00  2.6335E-01  8.8882E-03
  4.0791E-01 -1.1098E-01  7.4390E+00  2.6335E-01  8.8882E-03
 -8.6334E-01  2.1244E-01  7.0380E+00  2.5453E-01  9.8440E-03
 -9.5178E-01 -2.1259E-01  7.0026E+00  2.5394E-01  9.9130E-03
  1.6081E-01  2.0682E-01  7.0534E+00  2.5364E-01  9.9478E-03
 -1.9732E+00  1.7248E-01  6.7004E+00  2.5186E-01  1.0160E-02
 -1.2855E+00 -1.6789E-01  6.6003E+00  2.4530E-01  1.0998E-02
 -1.0761E+00  2.7845E-01  6.5500E+00  2.4319E-01  1.1286E-02
  3.9957E-01 -1.5587E-01  6.5943E+00  2.4229E-01  1.1413E-02
  1.9633E+00 -9.5498E-02  6.1113E+00  2.3745E-01  1.2126E-02
  8.1069E-01 -1.6726E-01  6.1170E+00  2.3103E-01  1.3164E-02
 -2.3499E-01 -2.5771E-02  6.0509E+00  2.2796E-01  1.3704E-02
 -1.3078E+00 -5.5771E-02  5.6726E+00  2.2176E-01  1.4886E-02
 -8.0176E-01  3.8569E-02  5.7426E+00  2.2113E-01  1.5012E-02
 -1.8040E+00  1.0304E-01  5.4729E+00  2.2020E-01  1.5204E-02
 -1.7103E+00  1.4726E-01  5.3188E+00  2.1549E-01  1.6222E-02
  1.5126E+00 -1.4001E-01  5.3182E+00  2.1392E-01  1.6583E-02
  1.8397E+00 -3.0930E-02  5.0928E+00  2.1075E-01  1.7341E-02
 -1.6303E-01 -1.0930E-01  5.3651E+00  2.0948E-01  1.7659E-02
  1.0564E+00  8.8105E-02  5.1099E+00  2.0533E-01  1.8751E-02
 -4.3326E-01  2.4328E-02  5.1313E+00  2.0341E-01  1.9288E-02
 -1.0849E-01 -1.4885E-01  5.1348E+00  2.0309E-01  1.9380E-02
  1.5990E+00 -1.6363E-01  4.8196E+00  2.0148E-01  1.9848E-02
 -3.0648E-02 -2.1638E-01  5.0759E+00  2.0148E-01  1.9848E-02
 -1.8850E+00 -2.9039E-01  4.6098E+00  1.9889E-01  2.0632E-02
  1.8025E+00 -2.1021E-01  4.6101E+00  1.9792E-01  2.0937E-02
 -1.0458E+00  2.1827E-01  4.7793E+00  1.9630E-01  2.1461E-02
 -4.4659E-02  6.7315E-02  4.8737E+00  1.9565E-01  2.1676E-02
  5.6517E-01 -1.8690E-01  4.8264E+00  1.9532E-01  2.1784E-02
  6.8951E-01  5.7919E-02  4.7673E+00  1.9402E-01  2.2227E-02
 -1.9702E+00  1.5706E-01  4.3806E+00  1.9369E-01  2.2339E-02
 -1.7309E+00 -3.1276E-02  4.3609E+00  1.9042E-01  2.3512E-02
  3.2950E-02  2.4033E-01  4.5947E+00  1.8778E-01  2.4515E-02
  1.5814E+00 -1.4894E-01  4.2941E+00  1.8712E-01  2.4775E-02
  4.0634E-01  2.3303E-01  4.5203E+00  1.8613E-01  2.5174E-02
 -1.7244E+00  2.1618E-01  4.1256E+00  1.8414E-01  2.5998E-02
  1.0154E+00 -1.5585E-02  4.2672E+00  1.8148E-01  2.7159E-02
  1.9032E+00  1.5792E-01  3.9489E+00  1.8148E-01  2.7159E-02
 -9.9415E-01 -2.4277E-01  4.1497E+00  1.7813E-01  2.8718E-02
  1.5722E+00  1.9570E-01  3.9454E+00  1.7746E-01  2.9045E-02
 -3.5795E-02  1.4381E-01  4.0924E+00  1.7274E-01  3.1493E-02
  1.4774E+00 -2.0246E-01  3.7541E+00  1.7105E-01  3.2439E-02
  1.3207E+00  1.8687E-01  3.6951E+00  1.6764E-01  3.4457E-02
 -1.8713E+00 -1.0666E-02  3.1634E+00  1.5973E-01  3.9837E-02
 -1.8049E+00  2.4992E-01  3.1794E+00  1.5938E-01  4.0097E-02
  1.9279E+00  1.4223E-01  3.0358E+00  1.5730E-01  4.1712E-02
  1.8853E+00  2.0723E-01  3.0331E+00  1.5660E-01  4.2270E-02
  1.2940E+00  2.2187E-01  3.3160E+00  1.5625E-01  4.2554E-02
 -7.4320E-01 -1.7013E-01  3.4506E+00  1.5520E-01  4.3420E-02
  1.4952E+00  2.1100E-01  3.1829E+00  1.5486E-01  4.3715E-02
 -3.5641E-01 -3.1008E-02  3.4721E+00  1.5381E-01  4.4615E-02
 -1.0775E+00 -1.3847E-01  3.2829E+00  1.5276E-01  4.5542E-02
  9.9107E-01  1.0953E-01  3.2660E+00  1.5135E-01  4.6822E-02
  1.2233E+00  2.6831E-02  3.1765E+00  1.5100E-01  4.7150E-02
 -3.1781E-02 -8.0754E-02  3.3170E+00  1.4818E-01  4.9893E-02
 -5.4617E-01  2.1662E-01  3.2331E+00  1.4712E-01  5.0980E-02
  1.4915E+00  1.1050E-01  2.9019E+00  1.4641E-01  5.1724E-02
  2.5895E-02 -9.3846E-03  3.2113E+00  1.4464E-01  5.3651E-02
  4.8514E-01  1.2021E-01  3.1615E+00  1.4428E-01  5.4049E-02
  1.9258E+00  1.3937E-01  2.5394E+00  1.4392E-01  5.4451E-02
  1.5068E+00  1.8418E-01  2.7937E+00  1.4357E-01  5.4857E-02
  6.2169E-02  1.6023E-01  3.1324E+00  1.4214E-01  5.6525E-02
  1.3286E+00 -1.3740E-01  2.8152E+00  1.4143E-01  5.7386E-02
 -3.6981E-01 -2.9178E-02  3.0938E+00  1.4143E-01  5.7386E-02
 -1.8513E+00  1.2936E-01  2.4636E+00  1.4035E-01  5.8712E-02
  1.5615E+00 -1.5693E-01  2.6185E+00  1.3928E-01  6.0082E-02
 -1.1324E+00  3.7974E-03  2.8010E+00  1.3820E-01  6.1497E-02
 -1.6637E+00 -2.1832E-01  2.4873E+00  1.3748E-01  6.2467E-02
  1.6216E+00 -1.3155E-01  2.5085E+00  1.3712E-01  6.2960E-02
 -8.6009E-01 -9.7714E-02  2.8291E+00  1.3604E-01  6.4472E-02
  1.8600E+00 -1.5068E-01  2.2823E+00  1.3568E-01  6.4988E-02
 -1.4390E+00  1.5312E-01  2.5206E+00  1.3424E-01  6.7108E-02
  7.6822E-01  4.4434E-02  2.8028E+00  1.3424E-01  6.7108E-02
  1.2596E+00 -8.4427E-02  2.5835E+00  1.3315E-01  6.8763E-02
 -1.2406E+00 -1.8302E-01  2.5875E+00  1.3315E-01  6.8763E-02
 -7.8649E-01  3.9562E-02  2.7117E+00  1.3134E-01  7.1651E-02
  8.6206E-01  1.5101E-01  2.6631E+00  1.3061E-01  7.2853E-02
  6.1174E-01  2.2716E-02  2.7250E+00  1.3025E-01  7.3466E-02
 -1.9083E+00  1.7797E-01  1.9890E+00  1.2916E-01  7.5345E-02
  7.6135E-01  1.0268E-01  2.6212E+00  1.2806E-01  7.7293E-02
  9.3410E-01 -2.2956E-03  2.5559E+00  1.2770E-01  7.7958E-02
 -1.2945E+00  1.5996E-01  2.3651E+00  1.2697E-01  7.9312E-02
 -2.6427E-01  3.0860E-03  2.6777E+00  1.2660E-01  8.0001E-02
  5.3163E-01  1.8894E-01  2.6102E+00  1.2587E-01  8.1405E-02
  2.7925E-01 -7.7990E-02  2.6445E+00  1.2550E-01  8.2120E-02
  9.0131E-01 -1.4833E-01  2.4986E+00  1.2550E-01  8.2120E-02
 -1.8219E+00  1.7831E-01 -1.9024E+00  1.2477E-01  8.3577E-02
 -7.7793E-01  2.0343E-01  2.5041E+00  1.2440E-01  8.4318E-02
  1.4283E+00  6.8124E-02  2.1230E+00  1.2183E-01  8.9776E-02
 -1.5243E+00 -5.2986E-02  2.0556E+00  1.2183E-01  8.9776E-02
  1.7703E+00 -5.5969E-02 -1.8341E+00  1.2146E-01  9.0595E-02
  1.8323E+00  1.9509E-02 -1.7005E+00  1.1961E-01  9.4853E-02
  7.7494E-01 -5.4569E-02  2.3761E+00  1.1961E-01  9.4853E-02
  2.6931E-01 -2.1289E-01  2.4662E+00  1.1925E-01  9.5738E-02
 -2.4815E-01  1.0219E-01  2.4655E+00  1.1888E-01  9.6634E-02
  1.3877E+00  9.3720E-02  2.0054E+00  1.1739E-01  1.0034E-01
 -1.7422E+00 -3.8792E-02  1.6804E+00  1.1665E-01  1.0226E-01
 -1.7112E+00 -5.1216E-02  1.6838E+00  1.1591E-01  1.0424E-01
 -1.0526E+00  1.9972E-01  2.1381E+00  1.1554E-01  1.0525E-01
  1.5317E+00  1.0214E-01 -1.8082E+00  1.1480E-01  1.0731E-01
 -1.5166E+00 -1.2115E-01  1.8070E+00  1.1442E-01  1.0836E-01
  1.7195E+00  1.3865E-01  1.5994E+00  1.1405E-01  1.0942E-01
 -1.7415E+00  4.6739E-02 -1.5372E+00  1.1293E-01  1.1270E-01
  5.8639E-01  1.6793E-01  2.2319E+00  1.1256E-01  1.1382E-01
  8.0894E-01  1.6828E-01  2.1508E+00  1.1219E-01  1.1496E-01
  1.5929E+00 -1.2332E-01  1.6468E+00  1.1182E-01  1.1612E-01
  4.0564E-01 -1.9926E-02  2.2582E+00  1.1182E-01  1.1612E-01
  1.3314E+00  1.5774E-01  1.8501E+00  1.1144E-01  1.1729E-01
 -1.5840E+00  1.1750E-01 -1.6290E+00  1.1107E-01  1.1847E-01
 -1.1288E+00 -4.0480E-02  1.9419E+00  1.0995E-01  1.2214E-01
  1.2570E+00 -8.0874E-02 -1.8602E+00  1.0995E-01  1.2214E-01
  1.6534E+00 -1.8517E-01 -1.5095E+00  1.0995E-01  1.2214E-01
  1.7565E+00 -1.1913E-01  1.3800E+00  1.0957E-01  1.2339E-01
  1.6764E+00  1.6140E-01  1.4285E+00  1.0845E-01  1.2727E-01
 -1.3641E+00 -1.5043E-01  1.7182E+00  1.0808E-01  1.2859E-01
 -6.2632E-01  5.7659E-02  2.0775E+00  1.0695E-01  1.3269E-01
  1.2289E+00 -1.8437E-01 -1.7683E+00  1.0658E-01  1.3410E-01
  1.5191E+00 -6.5923E-02  1.4961E+00  1.0545E-01  1.3845E-01
  9.8477E-01  9.6952E-02 -1.8792E+00  1.0507E-01  1.3994E-01
  1.7432E+00 -7.6568E-02  1.2107E+00  1.0507E-01  1.3994E-01
  1.4739E+00  4.6417E-02  1.5154E+00  1.0470E-01  1.4145E-01
  1.4450E+00 -1.2602E-01  1.5258E+00  1.0432E-01  1.4299E-01
  1.5350E+00  2.6082E-02  1.4132E+00  1.0357E-01  1.4613E-01
  1.3087E+00  1.3463E-01 -1.5958E+00  1.0281E-01  1.4936E-01
 -1.0173E+00  1.3218E-01 -1.7959E+00  1.0281E-01  1.4936E-01
 -1.2679E+00  9.1904E-02 -1.6197E+00  1.0244E-01  1.5102E-01
 -4.3390E-01 -1.3746E-01  1.9986E+00  1.0206E-01  1.5269E-01
 -2.4401E-01  9.8840E-02  2.0236E+00  1.0168E-01  1.5440E-01
  7.9758E-01  1.0129E-01  1.8756E+00  1.0168E-01  1.5440E-01
  1.6893E+00  6.9304E-02  1.1263E+00  1.0131E-01  1.5613E-01
  1.1949E+00  2.8702E-02  1.6314E+00  1.0093E-01  1.5789E-01
  9.6485E-02 -2.3507E-02  1.9927E+00  9.9797E-02  1.6332E-01
 -1.8915E+00 -8.7268E-02 -6.2862E-01  9.9797E-02  1.6332E-01
 -6.9284E-01  3.2499E-02  1.8707E+00  9.9797E-02  1.6332E-01
  1.3248E+00  2.4359E-02 -1.4795E+00  9.9419E-02  1.6519E-01
  1.4054E+00 -9.6145E-02  1.3872E+00  9.9041E-02  1.6709E-01
 -1.4068E+00  3.4535E-02  1.3759E+00  9.8663E-02  1.6902E-01
 -1.6905E+00  9.2368E-02 -1.0035E+00  9.8663E-02  1.6902E-01
  1.6636E+00  1.9113E-01 -1.0341E+00  9.8663E-02  1.6902E-01
  8.8591E-01  3.7141E-02  1.7469E+00  9.8285E-02  1.7098E-01
 -1.3878E+00 -2.2758E-02  1.3698E+00  9.7907E-02  1.7297E-01
 -7.5768E-01 -7.6548E-02  1.7953E+00  9.7907E-02  1.7297E-01
  1.1863E+00 -1.6007E-01 -1.5169E+00  9.7150E-02  1.7704E-01
  1.6466E+00  2.0104E-02  1.0110E+00  9.7150E-02  1.7704E-01
  1.3672E+00  5.6305E-02 -1.3643E+00  9.7150E-02  1.7704E-01
 -1.8073E+00 -1.4650E-01  6.6778E-01  9.7150E-02  1.7704E-01
  2.5429E-01  4.2974E-03  1.9155E+00  9.7150E-02  1.7704E-01
 -1.4248E+00  1.1869E-01 -1.2866E+00  9.6772E-02  1.7912E-01
  1.5893E+00 -1.2316E-02  1.0674E+00  9.6393E-02  1.8124E-01
  1.5312E+00  8.9257E-02  1.1310E+00  9.6015E-02  1.8340E-01
  3.6909E-01  8.0406E-02  1.8589E+00  9.5636E-02  1.8558E-01
  1.8059E+00  5.1268E-02 -5.4833E-01  9.5257E-02  1.8781E-01
  1.8876E+00 -5.7060E-03  4.1538E-02  9.5257E-02  1.8781E-01
  1.0684E+00 -5.2643E-02 -1.5451E+00  9.4878E-02  1.9007E-01
  1.0055E+00  1.3629E-01 -1.5713E+00  9.4499E-02  1.9236E-01
  1.6020E+00  1.0284E-01 -9.6018E-01  9.4499E-02  1.9236E-01
 -6.9888E-03  1.3137E-01  1.8659E+00  9.4499E-02  1.9236E-01
 -1.2940E+00  6.9204E-02  1.3368E+00  9.4120E-02  1.9470E-01
  7.8332E-01  1.6215E-02 -1.6889E+00  9.4120E-02  1.9470E-01
 -4.4035E-01 -1.6802E-01  1.7921E+00  9.3741E-02  1.9707E-01
 -1.3388E+00 -1.1535E-01 -1.2633E+00  9.3361E-02  1.9948E-01
 -1.7573E+00  3.3025E-02 -5.5918E-01  9.3361E-02  1.9948E-01
  4.6590E-01 -1.6721E-01 -1.7677E+00  9.2982E-02  2.0193E-01
 -6.6334E-01  1.0954E-01 -1.7082E+00  9.2982E-02  2.0193E-01
 -1.3595E+00  1.3760E-01  1.2129E+00  9.2603E-02  2.0443E-01
 -1.3075E+00 -1.0260E-01 -1.2596E+00  9.2223E-02  2.0696E-01
 -1.7072E+00  1.3534E-01 -6.1169E-01  9.2223E-02  2.0696E-01
 -3.7904E-01  1.9994E-02 -1.7696E+00  9.1844E-02  2.0954E-01
  1.6912E+00  2.5365E-02 -6.1979E-01  9.1464E-02  2.1216E-01
 -1.6827E+00  1.8443E-01  6.1593E-01  9.1464E-02  2.1216E-01
  1.6522E+00 -1.2589E-01 -6.8445E-01  9.1084E-02  2.1482E-01
 -6.4632E-01 -1.4255E-01 -1.6570E+00  9.0704E-02  2.1753E-01
 -1.6313E+00 -1.3224E-01  7.1056E-01  9.0704E-02  2.1753E-01
  1.7680E+00 -1.5792E-01 -5.0971E-02  9.0325E-02  2.2029E-01
  1.1220E+00  1.1418E-01 -1.3607E+00  8.9945E-02  2.2309E-01
  1.4127E+00  2.5330E-02 -1.0617E+00  8.9945E-02  2.2309E-01
 -1.4918E+00 -1.3006E-01  9.3872E-01  8.9945E-02  2.2309E-01
 -1.2974E+00  1.5782E-01  1.1645E+00  8.9185E-02  2.2884E-01
 -1.7136E+00 -1.0466E-01 -3.4204E-01  8.9185E-02  2.2884E-01
 -1.4996E+00 -1.1744E-01 -8.9541E-01  8.9185E-02  2.2884E-01
  9.0387E-01 -3.6112E-02  1.4889E+00  8.8805E-02  2.3179E-01
 -8.8006E-01  1.6457E-01 -1.4847E+00  8.8425E-02  2.3479E-01
 -1.5995E+00 -1.2805E-01  6.3437E-01  8.8044E-02  2.3785E-01
 -1.7171E+00 -3.4531E-02  1.6621E-01  8.8044E-02  2.3785E-01
  1.7010E+00 -2.7350E-02  2.3303E-01  8.7664E-02  2.4095E-01
 -1.7151E+00  1.2563E-02 -8.2094E-02  8.7664E-02  2.4095E-01
  1.0253E+00  4.4580E-02 -1.3664E+00  8.7284E-02  2.4412E-01
 -1.3382E+00  1.6261E-01 -1.0502E+00  8.7284E-02  2.4412E-01
  1.3168E+00  1.4029E-01  1.0801E+00  8.7284E-02  2.4412E-01
  1.6882E+00 -5.5613E-03 -2.6497E-01  8.7284E-02  2.4412E-01
  1.2831E+00 -1.5612E-01  1.1178E+00  8.7284E-02  2.4412E-01
 -3.9404E-01 -4.6227E-02  1.6537E+00  8.6904E-02  2.4734E-01
  1.6563E+00 -9.0569E-03  3.8580E-01  8.6904E-02  2.4734E-01
 -1.5125E-01  7.8538E-02 -1.6921E+00  8.6904E-02  2.4734E-01
 -1.4110E+00 -1.4695E-01  9.2287E-01  8.6524E-02  2.5061E-01
 -7.7122E-01 -1.4214E-01 -1.4998E+00  8.6524E-02  2.5061E-01
  2.4237E-01 -7.5878E-02  1.6650E+00  8.6143E-02  2.5395E-01
  8.4217E-03  6.2477E-02  1.6831E+00  8.6143E-02  2.5395E-01
  1.6842E+00 -4.5296E-03  8.1825E-03  8.6143E-02  2.5395E-01
  7.5971E-01 -1.7967E-01 -1.4924E+00  8.6143E-02  2.5395E-01
 -1.3492E+00 -5.3168E-02  9.9304E-01  8.5763E-02  2.5734E-01
  1.6742E+00  2.7865E-02 -7.4500E-02  8.5763E-02  2.5734E-01
  1.4116E+00  6.7850E-02  9.0120E-01  8.5763E-02  2.5734E-01
  1.6525E+00  1.2126E-01 -1.9138E-01  8.5382E-02  2.6079E-01
  1.6577E+00 -1.3068E-01 -1.2993E-01  8.5382E-02  2.6079E-01
 -1.6160E+00  8.8396E-02  3.6881E-01  8.5002E-02  2.6431E-01
 -1.6145E+00  2.0101E-02 -3.8481E-01  8.5002E-02  2.6431E-01
  2.9324E-01 -1.5293E-01  1.6266E+00  8.5002E-02  2.6431E-01
  1.6088E-01 -8.3615E-02 -1.6499E+00  8.5002E-02  2.6431E-01
  9.0212E-01  3.1025E-02 -1.3833E+00  8.4622E-02  2.6789E-01
  4.8115E-01  3.5776E-03 -1.5802E+00  8.4622E-02  2.6789E-01
 -7.2191E-01 -7.7883E-02 -1.4747E+00  8.4241E-02  2.7154E-01
 -1.5643E+00 -1.7458E-01 -4.7364E-01  8.4241E-02  2.7154E-01
 -1.5762E+00 -4.5647E-02  4.6429E-01  8.4241E-02  2.7154E-01
 -2.2385E-01 -9.6594E-02  1.6175E+00  8.3861E-02  2.7525E-01
  1.8579E-01 -7.5556E-02  1.6234E+00  8.3861E-02  2.7525E-01
  1.2027E+00  1.6709E-02 -1.1085E+00  8.3861E-02  2.7525E-01
  6.8172E-01  5.0114E-02  1.4773E+00  8.3480E-02  2.7903E-01
 -1.1529E+00  9.3912E-02  1.1453E+00  8.3480E-02  2.7903E-01
 -1.5860E+00  1.7344E-01  3.2280E-01  8.3480E-02  2.7903E-01
 -1.3036E+00 -5.1692E-02 -9.7348E-01  8.3480E-02  2.7903E-01
  3.7792E-01 -1.6869E-01  1.5661E+00  8.3100E-02  2.8288E-01
 -1.6089E+00 -7.6249E-02  1.7134E-01  8.3100E-02  2.8288E-01
 -1.3610E+00 -1.5687E-01 -8.6419E-01  8.3100E-02  2.8288E-01
  9.4872E-02 -1.6669E-02 -1.6090E+00  8.2719E-02  2.8681E-01
  1.1584E+00  1.3783E-01  1.1009E+00  8.2338E-02  2.9080E-01
 -1.4509E+00 -3.3707E-02 -6.8317E-01  8.2338E-02  2.9080E-01
  1.2982E+00  8.5915E-03  9.4209E-01  8.2338E-02  2.9080E-01
  1.7928E-01  1.0046E-01 -1.5829E+00  8.1958E-02  2.9487E-01
  1.4786E+00 -2.6292E-02 -5.7957E-01  8.1577E-02  2.9902E-01
  1.5845E+00  8.9773E-02 -6.4835E-02  8.1577E-02  2.9902E-01
  1.2301E+00 -4.7919E-03  9.9250E-01  8.1197E-02  3.0324E-01
  1.5750E+00 -7.9159E-02 -1.0707E-01  8.1197E-02  3.0324E-01
 -5.7212E-01 -2.3004E-02  1.4649E+00  8.0816E-02  3.0755E-01
  1.4417E+00 -5.6343E-02  6.2623E-01  8.0816E-02  3.0755E-01
 -1.0766E+00  7.3875E-02 -1.1443E+00  8.0816E-02  3.0755E-01
  1.4724E+00  8.3760E-02 -5.2390E-01  8.0435E-02  3.1193E-01
 -4.7259E-01 -1.4613E-01  1.4768E+00  8.0055E-02  3.1640E-01
 -1.4181E+00 -1.6405E-01 -6.0327E-01  7.9674E-02  3.2096E-01
 -5.5505E-01 -1.6391E-01  1.4213E+00  7.8913E-02  3.3034E-01
 -1.1273E+00  1.5029E-01 -1.0303E+00  7.8913E-02  3.3034E-01
  1.3862E+00 -7.6183E-03  6.4056E-01  7.8532E-02  3.3517E-01
 -1.5184E+00 -8.8162E-02 -1.3568E-01  7.8532E-02  3.3517E-01
 -5.3575E-01 -2.3190E-02 -1.4298E+00  7.8532E-02  3.3517E-01
 -1.3225E+00  4.9624E-02 -7.4669E-01  7.8152E-02  3.4009E-01
 -1.4714E+00  1.4936E-01 -3.4874E-01  7.8152E-02  3.4009E-01
 -1.3471E+00 -1.6815E-01  6.6572E-01  7.7771E-02  3.4511E-01
 -1.1255E+00  1.2364E-01  1.0021E+00  7.7771E-02  3.4511E-01
  1.5012E+00  1.8106E-01  4.3491E-03  7.7771E-02  3.4511E-01
 -2.3863E-01  2.2101E-02  1.4854E+00  7.7390E-02  3.5022E-01
  1.3474E+00  7.2620E-02  6.4872E-01  7.7010E-02  3.5544E-01
  7.3613E-01  3.6966E-02 -1.3032E+00  7.7010E-02  3.5544E-01
  3.2012E-01 -1.7318E-01 -1.4523E+00  7.7010E-02  3.5544E-01
  7.8463E-01  1.4377E-01 -1.2583E+00  7.6629E-02  3.6076E-01
 -8.3577E-01 -1.4240E-01 -1.2251E+00  7.6629E-02  3.6076E-01
  1.3566E+00 -8.0502E-02  6.1042E-01  7.6629E-02  3.6076E-01
  1.4800E+00 -8.4543E-02  1.2153E-02  7.6248E-02  3.6619E-01
  1.3231E+00  2.0146E-02 -6.6851E-01  7.6248E-02  3.6619E-01
  1.4531E+00  7.9798E-02  2.8276E-01  7.6248E-02  3.6619E-01
 -1.4681E+00 -5.6202E-02  1.9826E-01  7.6248E-02  3.6619E-01
 -1.2001E+00 -2.8928E-02 -8.6984E-01  7.6248E-02  3.6619E-01
  1.4464E+00  1.3207E-01 -2.9732E-01  7.6248E-02  3.6619E-01
 -1.1332E+00  1.8595E-01  9.2599E-01  7.5868E-02  3.7173E-01
 -8.4198E-01  1.6861E-02 -1.2112E+00  7.5868E-02  3.7173E-01
  1.8901E-01  1.2334E-01  1.4505E+00  7.5487E-02  3.7739E-01
  8.8328E-01  9.6529E-02  1.1594E+00  7.5106E-02  3.8315E-01
 -1.0722E+00  1.3205E-01  9.8316E-01  7.5106E-02  3.8315E-01
 -2.7602E-01  5.2305E-02 -1.4335E+00  7.5106E-02  3.8315E-01
  1.0334E-01 -1.2004E-01 -1.4521E+00  7.5106E-02  3.8315E-01
  1.2082E+00 -1.4525E-01 -8.0798E-01  7.5106E-02  3.8315E-01
 -1.4530E+00  3.4829E-02  2.0435E-02  7.4726E-02  3.8904E-01
 -1.4436E+00 -1.0700E-01 -1.3204E-01  7.4726E-02  3.8904E-01
 -1.3672E+00  9.5204E-02 -4.3972E-01  7.3965E-02  4.0117E-01
  6.5047E-01  2.3562E-02 -1.2837E+00  7.3965E-02  4.0117E-01
  6.0416E-01 -3.3965E-02 -1.3059E+00  7.3965E-02  4.0117E-01
  8.1031E-01 -2.8921E-02 -1.1892E+00  7.3965E-02  4.0117E-01
 -1.4043E+00  1.1110E-01  2.5891E-01  7.3584E-02  4.0743E-01
 -5.8351E-01 -1.6379E-01 -1.2977E+00  7.3584E-02  4.0743E-01
 -1.3742E+00 -1.2100E-01  3.5794E-01  7.3203E-02  4.1382E-01
  1.4934E-01  9.4311E-03 -1.4173E+00  7.3203E-02  4.1382E-01
  1.0329E+00 -1.5755E-01  9.6932E-01  7.3203E-02  4.1382E-01
  5.2035E-01  5.9586E-02  1.3180E+00  7.2822E-02  4.2035E-01
 -1.4116E+00 -1.2543E-01 -5.6052E-02  7.2822E-02  4.2035E-01
 -5.9186E-01  5.4596E-03  1.2812E+00  7.2442E-02  4.2701E-01
 -2.1888E-02 -1.1397E-01 -1.4065E+00  7.2442E-02  4.2701E-01
 -1.3894E+00  1.5094E-01 -1.3846E-01  7.2061E-02  4.3381E-01
  1.3295E+00  5.0434E-02 -4.4962E-01  7.2061E-02  4.3381E-01
 -1.2102E+00  1.7755E-01 -6.9010E-01  7.2061E-02  4.3381E-01
 -5.5890E-01 -1.8305E-01  1.2753E+00  7.2061E-02  4.3381E-01
  6.5935E-01  1.2609E-01 -1.2258E+00  7.1680E-02  4.4076E-01
  1.3628E+00  9.1059E-02 -2.9596E-01  7.1680E-02  4.4076E-01
 -4.0100E-01  7.7530E-02 -1.3365E+00  7.1680E-02  4.4076E-01
  1.2591E+00 -1.5984E-01 -5.8500E-01  7.1680E-02  4.4076E-01
  9.6484E-01 -7.6191E-02 -1.0082E+00  7.1680E-02  4.4076E-01
  1.3187E+00  4.2121E-02 -4.6080E-01  7.1680E-02  4.4076E-01
 -1.3672E+00  8.5239E-02  2.4031E-01  7.1300E-02  4.4786E-01
 -5.3530E-01  6.2277E-02  1.2821E+00  7.1300E-02  4.4786E-01
 -6.1746E-01 -3.5172E-02 -1.2457E+00  7.1300E-02  4.4786E-01
  1.3447E+00 -7.5911E-02  3.1850E-01  7.0919E-02  4.5511E-01
  4.1489E-01  1.4225E-01  1.3126E+00  7.0919E-02  4.5511E-01
 -6.4381E-02 -1.7620E-01  1.3644E+00  7.0538E-02  4.6253E-01
  4.1438E-01  7.1856E-03 -1.3134E+00  7.0538E-02  4.6253E-01
  1.2381E+00  1.2179E-01 -5.9086E-01  7.0538E-02  4.6253E-01
 -1.0355E-01  3.1429E-02  1.3730E+00  7.0538E-02  4.6253E-01
 -1.1288E+00  1.6415E-01 -7.7173E-01  7.0538E-02  4.6253E-01
  6.0651E-01 -1.7596E-01  1.2239E+00  7.0538E-02  4.6253E-01
 -1.2183E+00  8.0804E-02  6.2261E-01  7.0157E-02  4.7010E-01
  3.5091E-02  1.4226E-01  1.3560E+00  6.9776E-02  4.7784E-01
 -1.3634E+00  1.5785E-02  3.2438E-02  6.9776E-02  4.7784E-01
 -1.3538E+00  1.3852E-01  9.1483E-02  6.9776E-02  4.7784E-01
 -1.0450E+00  1.4076E-01 -8.6510E-01  6.9776E-02  4.7784E-01
  1.2858E+00  1.6470E-01 -4.0226E-01  6.9395E-02  4.8575E-01
  2.1470E-01  1.2504E-01 -1.3344E+00  6.9395E-02  4.8575E-01
 -1.3164E+00 -4.9995E-02  2.9850E-01  6.9014E-02  4.9384E-01
 -6.6902E-01 -1.8207E-01  1.1592E+00  6.9014E-02  4.9384E-01
 -1.2710E+00  1.6571E-01  4.0508E-01  6.8633E-02  5.0211E-01
  8.4839E-02  1.6622E-03  1.3416E+00  6.8633E-02  5.0211E-01
 -6.1046E-01  1.0614E-01 -1.1929E+00  6.8633E-02  5.0211E-01
  8.2602E-01 -1.5356E-01 -1.0493E+00  6.8633E-02  5.0211E-01
 -5.6798E-01 -1.5112E-01 -1.2089E+00  6.8633E-02  5.0211E-01
  1.1760E+00 -5.7640E-03  6.3770E-01  6.8252E-02  5.1057E-01
  1.1609E+00 -1.3533E-01 -6.3762E-01  6.7871E-02  5.1923E-01
 -1.0512E+00 -4.7727E-02  8.1565E-01  6.7871E-02  5.1923E-01
  5.2931E-01  1.7098E-01 -1.2096E+00  6.7871E-02  5.1923E-01
  1.1490E+00 -1.2429E-01 -6.6096E-01  6.7871E-02  5.1923E-01
 -6.9118E-01 -1.0013E-01  1.1335E+00  6.7871E-02  5.1923E-01
  1.3206E+00  8.5956E-02 -6.5401E-02  6.7489E-02  5.2808E-01
 -1.3045E+00  5.7093E-02 -2.2514E-01  6.7489E-02  5.2808E-01
  1.3428E-01  1.3467E-01  1.3049E+00  6.7108E-02  5.3713E-01
 -2.7786E-03  3.9098E-02  1.3118E+00  6.6726E-02  5.4640E-01
  6.6139E-01  2.3318E-02  1.1333E+00  6.6726E-02  5.4640E-01
  2.5156E-01  1.7661E-01 -1.2759E+00  6.6726E-02  5.4640E-01
 -4.6043E-01 -1.8522E-01 -1.2082E+00  6.6345E-02  5.5588E-01
 -3.6631E-01  8.2690E-03  1.2537E+00  6.6345E-02  5.5588E-01
  1.2195E+00  2.0793E-02 -4.6743E-01  6.6345E-02  5.5588E-01
 -1.2840E+00  1.3023E-01 -2.0077E-01  6.6345E-02  5.5588E-01
  1.2689E+00  7.5231E-02 -2.7235E-01  6.5963E-02  5.6559E-01
 -1.2265E+00 -1.5063E-01  4.0376E-01  6.5963E-02  5.6559E-01
 -1.2221E+00 -1.0186E-01 -4.1231E-01  6.5581E-02  5.7553E-01
  6.4806E-02  6.4652E-02 -1.2906E+00  6.5581E-02  5.7553E-01
 -2.2316E-01 -1.8250E-01  1.2613E+00  6.5581E-02  5.7553E-01
 -2.6313E-01  4.1672E-02 -1.2599E+00  6.5199E-02  5.8571E-01
  1.2544E+00  7.9988E-02  2.5058E-01  6.4817E-02  5.9614E-01
 -1.1147E+00  1.3140E-01  6.1893E-01  6.4817E-02  5.9614E-01
 -4.3070E-01  3.9114E-02 -1.2066E+00  6.4817E-02  5.9614E-01
 -7.9033E-01  6.6325E-02  1.0069E+00  6.4817E-02  5.9614E-01
  1.1940E+00 -1.0610E-01  4.3653E-01  6.4434E-02  6.0681E-01
  7.7136E-01  1.2755E-01  1.0081E+00  6.4434E-02  6.0681E-01
 -1.0876E+00 -6.6255E-02 -6.6359E-01  6.4434E-02  6.0681E-01
  6.0714E-02 -1.4021E-01  1.2666E+00  6.4434E-02  6.0681E-01
  1.2331E+00 -1.2595E-02  3.0270E-01  6.4051E-02  6.1776E-01
  6.6511E-01  1.2463E-01  1.0675E+00  6.3669E-02  6.2897E-01
  7.4964E-01  1.6359E-01 -1.0044E+00  6.3669E-02  6.2897E-01
 -1.0837E-01  1.2739E-01  1.2528E+00  6.3669E-02  6.2897E-01
 -9.6883E-01  4.9359E-02 -8.0108E-01  6.3285E-02  6.4046E-01
 -1.2544E+00  3.9949E-02 -8.7768E-02  6.3285E-02  6.4046E-01
  3.3833E-01 -1.7896E-01 -1.1985E+00  6.3285E-02  6.4046E-01
 -5.0167E-02 -1.1800E-01 -1.2515E+00  6.3285E-02  6.4046E-01
 -6.0910E-01 -1.2239E-01  1.0873E+00  6.2902E-02  6.5224E-01
 -7.0850E-01 -4.0379E-02 -1.0318E+00  6.2902E-02  6.5224E-01
  7.2031E-01 -1.3762E-01  1.0151E+00  6.2902E-02  6.5224E-01
  2.2090E-01 -1.4882E-01 -1.2237E+00  6.2902E-02  6.5224E-01
  9.5672E-01 -2.9484E-04 -7.9917E-01  6.2518E-02  6.6433E-01
  1.1017E+00  1.6032E-01  5.6074E-01  6.2518E-02  6.6433E-01
 -7.1349E-01 -5.5042E-02  1.0138E+00  6.2134E-02  6.7672E-01
  3.7922E-01 -9.5446E-02  1.1777E+00  6.2134E-02  6.7672E-01
 -8.2955E-01 -8.4476E-02 -9.1900E-01  6.2134E-02  6.7672E-01
  8.5978E-01 -1.2384E-01 -8.8617E-01  6.2134E-02  6.7672E-01
 -2.8821E-01 -4.5556E-02 -1.2061E+00  6.2134E-02  6.7672E-01
  7.5938E-01 -5.0152E-02  9.7302E-01  6.1750E-02  6.8943E-01
  1.0757E+00 -1.2003E-01  5.9524E-01  6.1750E-02  6.8943E-01
 -8.5234E-01  1.1829E-01 -8.8627E-01  6.1750E-02  6.8943E-01
 -5.1440E-01  1.1207E-01  1.1175E+00  6.1750E-02  6.8943E-01
 -9.0424E-01  1.4742E-01  8.2859E-01  6.1750E-02  6.8943E-01
  3.4292E-01  4.4370E-02  1.1801E+00  6.1365E-02  7.0248E-01
 -6.7128E-01 -3.6032E-02  1.0297E+00  6.1365E-02  7.0248E-01
  4.3805E-01 -6.4445E-02 -1.1472E+00  6.1365E-02  7.0248E-01
 -9.1114E-01  1.0242E-01 -8.1119E-01  6.0980E-02  7.1587E-01
  9.7508E-01 -6.0210E-02  7.3775E-01  6.0980E-02  7.1587E-01
  8.6512E-01  6.6809E-02 -8.6359E-01  6.0980E-02  7.1587E-01
  6.1232E-01  2.6353E-02 -1.0597E+00  6.0980E-02  7.1587E-01
 -3.2306E-01  1.7458E-01 -1.1621E+00  6.0595E-02  7.2962E-01
 -2.3654E-01  1.1507E-01 -1.1900E+00  6.0595E-02  7.2962E-01
  9.6140E-01  8.0293E-02 -7.4473E-01  6.0595E-02  7.2962E-01
  1.0711E+00  1.6144E-01 -5.4669E-01  6.0209E-02  7.4374E-01
  1.3233E-01 -4.8447E-02 -1.2051E+00  6.0209E-02  7.4374E-01
  9.1984E-01  1.2727E-01 -7.8097E-01  6.0209E-02  7.4374E-01
 -4.5752E-01 -2.0093E-02  1.1178E+00  5.9822E-02  7.5825E-01
 -4.2162E-01 -1.5012E-01  1.1220E+00  5.9822E-02  7.5825E-01
  1.1881E+00 -9.4197E-02  1.9708E-01  5.9822E-02  7.5825E-01
  9.8949E-01 -1.6644E-01 -6.7267E-01  5.9822E-02  7.5825E-01
 -1.1152E+00 -1.7131E-01 -4.1656E-01  5.9436E-02  7.7315E-01
 -3.0013E-01  1.8245E-01 -1.1448E+00  5.9048E-02  7.8847E-01
 -4.4774E-01 -8.6093E-02 -1.1073E+00  5.9048E-02  7.8847E-01
  1.1282E+00 -5.3649E-03  4.0149E-01  5.9048E-02  7.8847E-01
  1.7265E-01 -8.8130E-02 -1.1817E+00  5.9048E-02  7.8847E-01
  1.0710E+00  2.5804E-02  5.2324E-01  5.8660E-02  8.0422E-01
  2.0236E-01  1.5542E-01  1.1594E+00  5.8271E-02  8.2042E-01
 -1.1749E+00 -1.6894E-01  2.4114E-02  5.8271E-02  8.2042E-01
  1.1069E+00 -8.0798E-02  4.2158E-01  5.8271E-02  8.2042E-01
  8.7749E-01  1.7937E-01 -7.7926E-01  5.8271E-02  8.2042E-01
  1.1780E+00 -2.5353E-02 -9.5671E-02  5.7882E-02  8.3709E-01
  4.4744E-01 -1.3992E-01  1.0852E+00  5.7882E-02  8.3709E-01
  5.5206E-01  4.0325E-02 -1.0445E+00  5.7882E-02  8.3709E-01
 -1.1658E+00  2.5291E-02 -1.9415E-01  5.7882E-02  8.3709E-01
  9.2256E-01 -1.7166E-02 -7.3893E-01  5.7882E-02  8.3709E-01
 -7.0401E-01 -6.2275E-02  9.4134E-01  5.7492E-02  8.5424E-01
 -5.7675E-01  1.6007E-01 -1.0136E+00  5.7492E-02  8.5424E-01
 -1.1596E+00  8.2524E-02  1.8479E-01  5.7492E-02  8.5424E-01
 -6.7062E-01  7.1321E-02  9.6478E-01  5.7492E-02  8.5424E-01
  2.1561E-01 -1.4637E-01  1.1428E+00  5.7101E-02  8.7190E-01
  6.3979E-01 -1.8409E-03 -9.8218E-01  5.7101E-02  8.7190E-01
 -8.5825E-01 -1.8619E-01 -7.7637E-01  5.7101E-02  8.7190E-01
 -1.1356E+00  1.8053E-01  2.0077E-01  5.6710E-02  8.9009E-01
  3.2035E-01 -1.0296E-01  1.1177E+00  5.6710E-02  8.9009E-01
 -1.0472E+00 -8.3459E-03  5.1559E-01  5.6710E-02  8.9009E-01
 -7.9335E-01  6.6581E-02 -8.5367E-01  5.6710E-02  8.9009E-01
  1.1493E+00 -1.6329E-01  6.2258E-02  5.6317E-02  9.0882E-01
  1.1100E+00  2.5161E-02  3.4447E-01  5.6317E-02  9.0882E-01
  6.1878E-01  2.4467E-02  9.8380E-01  5.6317E-02  9.0882E-01
  8.0533E-01  1.0310E-03 -8.3171E-01  5.5924E-02  9.2814E-01
  6.7830E-01  5.9260E-02  9.3632E-01  5.5924E-02  9.2814E-01
 -8.9106E-01  1.7551E-02 -7.3892E-01  5.5924E-02  9.2814E-01
 -1.1451E+00  1.1701E-01 -6.7153E-02  5.5530E-02  9.4805E-01
 -7.6018E-01 -1.6533E-01 -8.5102E-01  5.5530E-02  9.4805E-01
  1.8539E-01  1.7946E-02  1.1379E+00  5.5530E-02  9.4805E-01
  1.1443E+00 -5.9616E-02 -7.5554E-02  5.5134E-02  9.6859E-01
 -9.7150E-01 -1.5915E-01 -5.8236E-01  5.4738E-02  9.8980E-01
 -1.0169E+00  4.2325E-02  5.2192E-01  5.4738E-02  9.8980E-01
 -1.3637E-01  1.3485E-01 -1.1230E+00  5.4340E-02  1.0117E+00
  6.1918E-01 -1.2005E-01  9.4878E-01  5.4340E-02  1.0117E+00
  2.7678E-02  2.5289E-02  1.1387E+00  5.4340E-02  1.0117E+00
  9.0473E-01  1.4847E-02 -6.8490E-01  5.3941E-02  1.0343E+00
  1.1342E+00  3.5044E-02  1.4220E-02  5.3941E-02  1.0343E+00
  5.0348E-01 -6.0954E-03 -1.0170E+00  5.3941E-02  1.0343E+00
 -1.0078E+00  1.5462E-01  4.9823E-01  5.3941E-02  1.0343E+00
 -8.5858E-01 -1.7583E-01 -7.1403E-01  5.3541E-02  1.0577E+00
 -7.6305E-01 -3.1687E-03 -8.3406E-01  5.3541E-02  1.0577E+00
 -8.1390E-01  6.6810E-02 -7.8168E-01  5.3541E-02  1.0577E+00
 -1.1166E+00  1.4335E-01  1.0238E-01  5.3541E-02  1.0577E+00
 -6.3394E-01  1.4913E-01 -9.1872E-01  5.3139E-02  1.0818E+00
  9.4464E-01 -1.4269E-01  5.9621E-01  5.3139E-02  1.0818E+00
 -6.3835E-01  1.1735E-01 -9.1506E-01  5.2736E-02  1.1068E+00
  9.9547E-01 -5.9919E-02 -5.1386E-01  5.2736E-02  1.1068E+00
 -9.2870E-01 -1.8143E-01 -6.0266E-01  5.2736E-02  1.1068E+00
  9.9876E-01  1.0255E-01 -5.0057E-01  5.2736E-02  1.1068E+00
 -8.3090E-01 -1.2141E-01  7.4395E-01  5.2736E-02  1.1068E+00
  1.0649E+00  1.3536E-01 -3.1132E-01  5.2331E-02  1.1327E+00
  1.0585E+00  1.1885E-01 -3.3875E-01  5.2331E-02  1.1327E+00
 -3.2358E-01 -1.1175E-01  1.0640E+00  5.2331E-02  1.1327E+00
 -9.0389E-01 -4.4697E-02  6.5589E-01  5.2331E-02  1.1327E+00
  2.3054E-01  5.6723E-02 -1.0879E+00  5.1925E-02  1.1595E+00
  1.0302E+00 -8.7005E-02  4.1373E-01  5.1925E-02  1.1595E+00
  1.0706E+00  1.2717E-01  2.6196E-01  5.1516E-02  1.1873E+00
 -5.0491E-02  1.5571E-01  1.0974E+00  5.1516E-02  1.1873E+00
  8.2585E-01  1.2570E-01  7.3017E-01  5.1516E-02  1.1873E+00
  1.4708E-01  1.4944E-01  1.0895E+00  5.1516E-02  1.1873E+00
 -1.4836E-01 -1.3820E-01  1.0867E+00  5.1106E-02  1.2161E+00
 -1.0162E+00 -1.0328E-01 -4.1249E-01  5.0694E-02  1.2461E+00
  5.8985E-01  4.3226E-02 -9.2934E-01  5.0694E-02  1.2461E+00
  1.0810E+00 -1.6294E-01 -9.9451E-02  5.0279E-02  1.2771E+00
  9.7262E-01  5.7197E-02  5.0568E-01  5.0279E-02  1.2771E+00
 -4.9756E-01 -3.1813E-02 -9.7796E-01  5.0279E-02  1.2771E+00
  1.0849E+00  1.2321E-01 -1.1331E-01  5.0279E-02  1.2771E+00
 -9.9507E-02  1.4419E-02 -1.0893E+00  4.9863E-02  1.3094E+00
  8.2822E-01  9.9745E-02 -7.0765E-01  4.9863E-02  1.3094E+00
  1.0927E+00  4.8495E-02  2.0109E-02  4.9863E-02  1.3094E+00
  9.0057E-01  1.6216E-01 -5.9946E-01  4.9863E-02  1.3094E+00
  1.0095E+00  9.3157E-03  4.1150E-01  4.9444E-02  1.3430E+00
 -9.2726E-01 -5.6639E-02  5.7056E-01  4.9444E-02  1.3430E+00
 -1.4526E-01  1.4241E-01 -1.0711E+00  4.9444E-02  1.3430E+00
 -1.0235E+00 -2.9988E-02 -3.6339E-01  4.9022E-02  1.3780E+00
 -9.6736E-01  9.4096E-02 -4.8576E-01  4.9022E-02  1.3780E+00
  1.0627E+00 -5.5539E-02 -2.1931E-01  4.9022E-02  1.3780E+00
 -1.5913E-01  1.3095E-01 -1.0668E+00  4.9022E-02  1.3780E+00
  1.0755E+00  7.9389E-02 -9.8840E-02  4.8597E-02  1.4144E+00
 -9.5122E-01  1.5636E-01  4.9351E-01  4.8597E-02  1.4144E+00
  1.0584E+00  1.6839E-01 -9.6626E-02  4.7739E-02  1.4920E+00
 -4.1759E-01  1.6640E-01  9.7762E-01  4.7739E-02  1.4920E+00
  9.7680E-01 -6.3941E-02 -4.3855E-01  4.7306E-02  1.5334E+00
 -1.1564E-01  1.8533E-01  1.0502E+00  4.7306E-02  1.5334E+00
 -1.0376E+00 -1.7927E-01  2.0471E-01  4.7306E-02  1.5334E+00
  7.8706E-01  1.7406E-01 -7.0267E-01  4.6868E-02  1.5768E+00
  7.8641E-01 -1.0833E-01 -7.1646E-01  4.6868E-02  1.5768E+00
  4.3340E-01 -2.7674E-02 -9.7718E-01  4.6868E-02  1.5768E+00
  1.0528E+00 -1.2402E-01  1.4024E-01  4.6868E-02  1.5768E+00
  1.0020E+00 -4.2882E-02  3.7089E-01  4.6868E-02  1.5768E+00
 -3.9428E-01 -1.6248E-01 -9.7711E-01  4.6427E-02  1.6222E+00
 -7.7988E-01  1.2827E-01 -7.1550E-01  4.6427E-02  1.6222E+00
 -4.7247E-01  5.2837E-02 -9.5424E-01  4.6427E-02  1.6222E+00
  3.5483E-01 -1.6679E-01 -9.9140E-01  4.6427E-02  1.6222E+00
 -4.5468E-01  1.5477E-01 -9.5180E-01  4.6427E-02  1.6222E+00
  8.9253E-01 -8.7296E-02 -5.7652E-01  4.6427E-02  1.6222E+00
  9.2438E-01 -1.6975E-01  5.0330E-01  4.6427E-02  1.6222E+00
 -1.1118E-01  1.3446E-01 -1.0485E+00  4.5982E-02  1.6697E+00
  9.5727E-01 -1.3450E-01 -4.4206E-01  4.5982E-02  1.6697E+00
  1.0383E+00  1.1787E-01 -1.9453E-01  4.5982E-02  1.6697E+00
 -1.0443E+00  1.5527E-01 -1.2341E-01  4.5982E-02  1.6697E+00
  8.1683E-01 -1.8153E-01 -6.5553E-01  4.5982E-02  1.6697E+00
  6.8939E-01  5.7191E-02 -8.0300E-01  4.5533E-02  1.7196E+00
 -4.7378E-01  8.7054E-02 -9.4408E-01  4.5533E-02  1.7196E+00
 -9.3886E-01  1.2901E-01 -4.7460E-01  4.5533E-02  1.7196E+00
  9.4680E-01  5.1683E-02 -4.7354E-01  4.5533E-02  1.7196E+00
  8.8040E-01  1.0395E-01 -5.7538E-01  4.5079E-02  1.7721E+00
 -5.4722E-03 -4.6581E-02 -1.0558E+00  4.5079E-02  1.7721E+00
 -8.9546E-01 -6.4169E-02 -5.5767E-01  4.5079E-02  1.7721E+00
  5.9529E-01 -1.2354E-01 -8.6449E-01  4.5079E-02  1.7721E+00
 -3.4734E-01  3.3258E-02 -9.9449E-01  4.4620E-02  1.8273E+00
  8.3610E-01 -1.6820E-01 -6.1921E-01  4.4620E-02  1.8273E+00
 -1.0159E+00 -1.7770E-01  2.1734E-01  4.4620E-02  1.8273E+00
  1.0407E+00 -8.1628E-02  1.4527E-01  4.4620E-02  1.8273E+00
 -3.0871E-01  1.7097E-01 -9.9006E-01  4.4156E-02  1.8855E+00
 -9.4782E-01  1.7366E-02 -4.5396E-01  4.4156E-02  1.8855E+00
  5.4920E-01 -1.7172E-01  8.7956E-01  4.4156E-02  1.8855E+00
  2.0603E-01  7.4485E-02  1.0280E+00  4.4156E-02  1.8855E+00
 -1.0322E+00 -2.5873E-02  1.9631E-01  4.4156E-02  1.8855E+00
 -1.0304E+00 -1.1997E-01  1.6913E-01  4.4156E-02  1.8855E+00
  1.6535E-01  2.3841E-02  1.0349E+00  4.3687E-02  1.9469E+00
 -1.0413E+00 -1.1789E-01 -2.4464E-02  4.3687E-02  1.9469E+00
  3.8749E-01  1.0925E-01  9.6789E-01  4.3687E-02  1.9469E+00
  1.0411E+00  8.2857E-02  8.9670E-02  4.3687E-02  1.9469E+00
 -9.7683E-01  3.3381E-02  3.7135E-01  4.3212E-02  2.0119E+00
  8.2385E-01  4.8877E-02  6.4194E-01  4.3212E-02  2.0119E+00
  2.3343E-01  1.3843E-01  1.0097E+00  4.3212E-02  2.0119E+00
 -6.0933E-01  1.5358E-01 -8.3567E-01  4.3212E-02  2.0119E+00
  9.2604E-01 -1.1615E-01  4.6546E-01  4.2730E-02  2.0806E+00
 -5.9169E-01 -3.2536E-02  8.5822E-01  4.2730E-02  2.0806E+00
 -5.7357E-01 -8.3475E-02  8.6704E-01  4.2730E-02  2.0806E+00
 -1.8731E-01  6.4901E-02  1.0239E+00  4.2730E-02  2.0806E+00
 -7.5998E-01 -1.7665E-01 -6.9205E-01  4.2730E-02  2.0806E+00
  4.8277E-01 -3.0934E-02 -9.2105E-01  4.2242E-02  2.1536E+00
  9.7441E-01 -1.7767E-01 -3.1830E-01  4.2242E-02  2.1536E+00
  9.1486E-01  1.8044E-01  4.5571E-01  4.1747E-02  2.2312E+00
 -9.2258E-01 -1.1584E-01 -4.6112E-01  4.1747E-02  2.2312E+00
  2.0985E-01  2.9296E-02  1.0160E+00  4.1747E-02  2.2312E+00
  2.8202E-02 -4.3076E-02 -1.0366E+00  4.1747E-02  2.2312E+00
 -9.9800E-01  1.6372E-01 -2.3319E-01  4.1747E-02  2.2312E+00
 -5.9131E-01 -1.9158E-02 -8.5274E-01  4.1747E-02  2.2312E+00
  1.0233E+00 -1.6706E-01  4.6951E-02  4.1747E-02  2.2312E+00
 -5.8353E-01 -5.8694E-02  8.5629E-01  4.1747E-02  2.2312E+00
  5.3160E-01  7.9287E-02 -8.8505E-01  4.1244E-02  2.3138E+00
 -2.7376E-01  9.6521E-02 -9.9395E-01  4.1244E-02  2.3138E+00
  7.2363E-01 -1.4523E-01  7.2626E-01  4.1244E-02  2.3138E+00
  8.0814E-01  9.1283E-02 -6.3714E-01  4.0733E-02  2.4020E+00
  8.6192E-01  6.7872E-04 -5.6962E-01  4.0733E-02  2.4020E+00
 -5.8531E-01  5.5121E-02 -8.4955E-01  4.0733E-02  2.4020E+00
 -1.0213E+00 -1.1002E-01  1.1076E-01  4.0733E-02  2.4020E+00
 -9.1815E-01 -1.8162E-01  4.3210E-01  4.0213E-02  2.4964E+00
  6.1242E-01 -4.2769E-02 -8.2814E-01  4.0213E-02  2.4964E+00
  7.9740E-02 -2.2152E-02  1.0276E+00  4.0213E-02  2.4964E+00
 -8.2168E-01 -1.2498E-01 -6.0986E-01  4.0213E-02  2.4964E+00
  5.1480E-01 -2.6534E-02 -8.9022E-01  3.9683E-02  2.5977E+00
  2.1967E-01 -1.8330E-01  9.8811E-01  3.9683E-02  2.5977E+00
  3.6439E-01 -4.5905E-02  9.6090E-01  3.9683E-02  2.5977E+00
 -7.2294E-01  9.8550E-02 -7.2516E-01  3.9683E-02  2.5977E+00
  6.5928E-01 -1.0286E-01 -7.8294E-01  3.9683E-02  2.5977E+00
 -4.2405E-01 -1.4568E-01 -9.2584E-01  3.9683E-02  2.5977E+00
  9.8876E-01  1.7214E-01 -2.2572E-01  3.9683E-02  2.5977E+00
  9.5892E-01 -1.7632E-01  3.2137E-01  3.9143E-02  2.7067E+00
  9.8871E-01  4.0343E-02 -2.7336E-01  3.9143E-02  2.7067E+00
  2.4473E-01 -3.9101E-02 -9.9623E-01  3.9143E-02  2.7067E+00
 -3.5819E-01  1.7863E-01 -9.4315E-01  3.8592E-02  2.8243E+00
  8.2402E-01  1.3321E-02 -6.0874E-01  3.8592E-02  2.8243E+00
 -9.4353E-01  1.4383E-01  3.7257E-01  3.8592E-02  2.8243E+00
 -8.6212E-01  1.2860E-01  5.3477E-01  3.8029E-02  2.9517E+00
  7.9404E-02  5.7419E-02  1.0179E+00  3.8029E-02  2.9517E+00
  6.7524E-01 -1.7698E-01 -7.4733E-01  3.8029E-02  2.9517E+00
  5.5075E-01 -7.8935E-04  8.5943E-01  3.7452E-02  3.0900E+00
  7.4805E-01  1.6329E-01 -6.7236E-01  3.6862E-02  3.2409E+00
 -9.4365E-01  1.7736E-01  3.4113E-01  3.6862E-02  3.2409E+00
 -8.3839E-01  1.5809E-02 -5.7893E-01  3.6862E-02  3.2409E+00
 -1.0153E+00  9.5387E-03  8.5768E-02  3.6862E-02  3.2409E+00
  4.5527E-01 -9.8808E-02  9.0431E-01  3.6256E-02  3.4062E+00
  9.3095E-01 -2.2697E-02  4.0943E-01  3.6256E-02  3.4062E+00
 -9.7841E-01  3.3911E-02  2.7033E-01  3.5633E-02  3.5880E+00
 -7.8088E-01  7.9817E-02  6.4448E-01  3.5633E-02  3.5880E+00
  1.0099E+00  1.1323E-02  1.0705E-01  3.5633E-02  3.5880E+00
  8.4345E-01  8.0716E-02 -5.5999E-01  3.5633E-02  3.5880E+00
  4.2256E-01  1.0231E-01 -9.1615E-01  3.4991E-02  3.7890E+00
  8.7167E-01  1.3440E-01 -5.0049E-01  3.4991E-02  3.7890E+00
  1.7671E-01 -1.8144E-03 -9.9856E-01  3.4991E-02  3.7890E+00
 -7.1600E-01  1.5810E-01 -6.9837E-01  3.4329E-02  4.0125E+00
 -1.0105E+00 -6.0470E-02  2.4153E-02  3.4329E-02  4.0125E+00
  9.1923E-01  1.6432E-02 -4.2441E-01  3.4329E-02  4.0125E+00
  9.6427E-01 -1.7750E-01 -2.4749E-01  3.3644E-02  4.2626E+00
  8.9825E-01 -1.0886E-01 -4.4856E-01  3.2934E-02  4.5444E+00
  1.0059E+00 -8.4184E-02  3.0131E-02  3.2934E-02  4.5444E+00
 -6.9486E-01 -9.5529E-02 -7.2661E-01  3.2934E-02  4.5444E+00
  6.4922E-01 -6.6041E-02 -7.6915E-01  3.2195E-02  4.8645E+00
 -9.9610E-01  9.9664E-02  1.2367E-01  3.2195E-02  4.8645E+00
 -7.8835E-01 -1.6378E-01  6.0756E-01  3.2195E-02  4.8645E+00
  4.0169E-01 -9.8408E-02 -9.1874E-01  3.1425E-02  5.2312E+00
  3.6152E-01 -1.4846E-01  9.2864E-01  3.1425E-02  5.2312E+00
  9.7442E-01 -2.6245E-02 -2.5484E-01  3.1425E-02  5.2312E+00
 -7.6827E-01 -1.2018E-01  6.4066E-01  3.1425E-02  5.2312E+00
  9.3827E-01  2.8851E-02  3.6303E-01  3.0618E-02  5.6557E+00
 -8.4782E-01  8.2301E-02 -5.3610E-01  3.0618E-02  5.6557E+00
 -9.5647E-01 -1.4697E-01  2.7664E-01  3.0618E-02  5.6557E+00
  6.1254E-01  9.9232E-02 -7.9241E-01  3.0618E-02  5.6557E+00
 -5.4303E-01 -9.0379E-02 -8.4139E-01  2.9770E-02  6.1530E+00
 -7.4819E-01 -1.2057E-01 -6.6080E-01  2.9770E-02  6.1530E+00
  9.5426E-01  9.0184E-02 -3.0371E-01  2.9770E-02  6.1530E+00
 -9.9066E-01  4.6988E-02 -1.6542E-01  2.9770E-02  6.1530E+00
  9.4905E-01 -1.8341E-01 -2.7685E-01  2.9770E-02  6.1530E+00
  1.7365E-01  5.8387E-02 -9.8865E-01  2.9770E-02  6.1530E+00
  7.6554E-01 -1.1205E-01  6.4217E-01  2.9770E-02  6.1530E+00
 -3.7257E-01 -9.8151E-02 -9.2775E-01  2.8874E-02  6.7438E+00
  6.5729E-01 -8.3260E-02  7.5512E-01  2.8874E-02  6.7438E+00
  2.4904E-01 -1.1000E-01  9.6612E-01  2.7921E-02  7.4574E+00
  8.4064E-01 -8.7152E-02 -5.4152E-01  2.7921E-02  7.4574E+00
  1.6400E-01  1.1099E-01 -9.8402E-01  2.7921E-02  7.4574E+00
 -1.8608E-01 -1.2024E-01 -9.7823E-01  2.6903E-02  8.3369E+00
  7.5588E-01 -1.1695E-01 -6.4884E-01  2.6903E-02  8.3369E+00
 -6.9719E-01  2.3307E-02  7.2069E-01  2.6903E-02  8.3369E+00
 -2.5131E-01  1.0524E-01 -9.6461E-01  2.5804E-02  9.4481E+00
  5.8182E-01 -3.5793E-02  8.1541E-01  2.5804E-02  9.4481E+00
 -6.2813E-01 -9.7748E-02 -7.7498E-01  2.5804E-02  9.4481E+00
 -8.1584E-01  2.3331E-02 -5.8186E-01  2.5804E-02  9.4481E+00
 -6.1201E-01 -1.4868E-01  7.7976E-01  2.5804E-02  9.4481E+00
 -4.9767E-01  7.7064E-02  8.6665E-01  2.5804E-02  9.4481E+00
 -1.9997E-01  1.7309E-03 -9.8160E-01  2.4606E-02  1.0897E+01
  9.6698E-01 -1.1482E-01 -2.3515E-01  2.4606E-02  1.0897E+01
 -9.7077E-01  1.2874E-01  2.0876E-01  2.3280E-02  1.2866E+01
 -9.2970E-01 -6.5691E-02 -3.6591E-01  2.3280E-02  1.2866E+01
 -1.7285E-02  2.3066E-02  1.0004E+00  2.1787E-02  1.5696E+01
 -7.0774E-01  3.6555E-02 -7.0674E-01  2.1787E-02  1.5696E+01
 -5.0916E-01  2.1742E-02 -8.6100E-01  2.0058E-02  2.0115E+01
 -9.8619E-01  1.5694E-01 -6.1986E-02  2.0058E-02  2.0115E+01
  8.0154E-01 -5.2124E-02  5.9653E-01  2.0058E-02  2.0115E+01
 -7.9468E-01  7.1621E-02 -6.0365E-01  2.0058E-02  2.0115E+01
  9.1353E-01  1.0698E-01 -3.9315E-01  1.7969E-02  2.7981E+01
 -9.2011E-01 -3.6009E-02  3.9069E-01  1.7969E-02  2.7981E+01
 -7.9599E-01  2.7703E-02 -6.0513E-01  1.7969E-02  2.7981E+01
