0.76649142857143D+01       612
(x,y,z) position of the X-ray source
  0.1786E+01  0.1181E-01  0.2253E+00
x | y | z | R | rho
 -8.0414E-01 -3.5898E-01  8.8805E+00  2.9826E-01  6.1183E-03
 -2.0428E+00  1.1409E-01  9.3213E+00  3.1232E-01  5.3284E-03
  4.1715E-01 -5.2174E-02  7.6374E+00  2.6817E-01  8.4173E-03
  2.6169E-01 -2.4451E-01  8.7093E+00  2.9347E-01  6.4225E-03
 -6.1654E-01 -2.4329E-01  9.4707E+00  3.1121E-01  5.3856E-03
  9.7944E-01  1.9240E-01  7.8268E+00  2.7399E-01  7.8922E-03
 -5.7592E-01  3.6166E-01  9.7194E+00  3.1680E-01  5.1058E-03
 -9.8345E-01 -2.3534E-01  7.4552E+00  2.6512E-01  8.7112E-03
 -1.8133E+00 -4.3645E-02  6.9484E+00  2.5670E-01  9.5966E-03
 -1.9496E+00 -2.3418E-01  7.0375E+00  2.5979E-01  9.2580E-03
  1.5972E+00  1.5602E-01  6.4680E+00  2.4371E-01  1.1214E-02
 -3.7676E-01  2.5175E-01  7.9262E+00  2.7516E-01  7.7918E-03
 -1.6313E-01 -4.9572E-03  7.5945E+00  2.6689E-01  8.5388E-03
  8.8785E-01 -1.8589E-01  9.8662E+00  3.2046E-01  4.9328E-03
  1.7634E-01  4.0290E-01  9.5459E+00  3.1261E-01  5.3137E-03
 -6.6551E-01 -1.5351E-01  8.6647E+00  2.9289E-01  6.4609E-03
  1.5941E+00  2.1416E-01  7.3167E+00  2.6434E-01  8.7890E-03
  7.2760E-01  3.0475E-01  9.5977E+00  3.1427E-01  5.2299E-03
  2.0956E+00 -3.7031E-01  8.5573E+00  2.9581E-01  6.2713E-03
  5.2899E-01  8.2379E-02  8.4243E+00  2.8705E-01  6.8630E-03
 -6.1380E-01 -1.9325E-01  7.3527E+00  2.6163E-01  9.0647E-03
  4.3971E-01  1.3615E-01  8.2149E+00  2.8203E-01  7.2363E-03
  1.5510E+00 -2.7166E-01  9.6514E+00  3.1760E-01  5.0673E-03
 -1.5086E+00 -1.9367E-01  7.2616E+00  2.6257E-01  8.9675E-03
  2.8882E-01  2.1393E-01  7.8893E+00  2.7416E-01  7.8772E-03
 -4.1680E-02  3.0353E-01  6.7494E+00  2.4605E-01  1.0897E-02
  2.3126E-01 -3.0087E-01  8.9664E+00  2.9941E-01  6.0477E-03
 -2.3978E-01  1.0937E-02  6.6039E+00  2.4229E-01  1.1413E-02
 -1.8246E+00  2.9436E-01  6.2953E+00  2.4108E-01  1.1585E-02
  1.9690E-01 -3.0746E-03  6.5345E+00  2.4048E-01  1.1673E-02
 -9.8937E-01  1.6997E-01  6.4360E+00  2.3987E-01  1.1761E-02
  5.4421E-01  1.6877E-01  6.4534E+00  2.3896E-01  1.1896E-02
  2.8667E-01  1.4015E-01  6.2821E+00  2.3410E-01  1.2654E-02
  1.3129E+00 -2.7907E-01  5.9769E+00  2.2981E-01  1.3376E-02
 -2.0124E+00  2.1200E-01  5.4463E+00  2.2145E-01  1.4949E-02
  5.7097E-01  1.4827E-01  5.7097E+00  2.1957E-01  1.5335E-02
 -1.1933E+00 -1.3500E-01  5.6012E+00  2.1926E-01  1.5400E-02
 -7.5040E-01  2.8180E-01  5.6251E+00  2.1801E-01  1.5667E-02
  1.8176E-01  8.2096E-02  5.5621E+00  2.1486E-01  1.6365E-02
 -2.6032E-01 -1.6420E-01  5.5456E+00  2.1455E-01  1.6437E-02
  1.6245E+00  1.9070E-01  5.2471E+00  2.1297E-01  1.6805E-02
 -1.1893E-01 -2.2626E-01  5.4553E+00  2.1202E-01  1.7032E-02
  1.3345E+00 -2.0100E-01  5.2800E+00  2.1170E-01  1.7109E-02
  1.0773E+00 -1.9558E-02  5.2241E+00  2.0853E-01  1.7903E-02
  1.7413E+00 -8.6700E-02  5.0166E+00  2.0789E-01  1.8068E-02
  1.8594E+00  2.2063E-01  4.7230E+00  2.0148E-01  1.9848E-02
 -3.9228E-01  9.7101E-02  4.9954E+00  1.9954E-01  2.0432E-02
  1.7049E+00  2.1302E-01  4.6470E+00  1.9792E-01  2.0937E-02
 -8.2656E-01 -2.7329E-01  4.8657E+00  1.9760E-01  2.1040E-02
  8.3532E-01  1.5020E-01  4.7303E+00  1.9369E-01  2.2339E-02
 -3.8530E-01  8.6958E-02  4.6297E+00  1.8910E-01  2.4006E-02
 -1.3392E-01 -1.1707E-02  4.6105E+00  1.8811E-01  2.4386E-02
 -1.7105E+00 -1.1666E-01  4.2087E+00  1.8613E-01  2.5174E-02
  1.3285E+00 -1.4145E-01  4.2608E+00  1.8381E-01  2.6139E-02
 -8.4852E-01  1.6602E-01  4.3693E+00  1.8348E-01  2.6281E-02
  5.4456E-01 -1.5616E-01  4.3838E+00  1.8248E-01  2.6715E-02
  2.4199E-01 -6.5835E-02  4.4131E+00  1.8248E-01  2.6715E-02
 -1.6960E+00 -2.6219E-01  4.0612E+00  1.8215E-01  2.6862E-02
 -1.6912E+00 -8.2753E-02  4.0220E+00  1.8081E-01  2.7461E-02
  1.2965E+00  5.9529E-02  3.8957E+00  1.7308E-01  3.1308E-02
 -4.9703E-01  1.2230E-01  4.0518E+00  1.7240E-01  3.1679E-02
 -5.4678E-01 -1.2213E-01  4.0229E+00  1.7172E-01  3.2056E-02
  1.5057E+00 -1.8254E-01  3.7559E+00  1.7139E-01  3.2247E-02
  9.2285E-02  1.1869E-01  4.0478E+00  1.7139E-01  3.2247E-02
 -1.1251E+00  9.8343E-02  3.8205E+00  1.6934E-01  3.3426E-02
  1.3262E+00  9.3835E-02  3.6262E+00  1.6558E-01  3.5755E-02
 -6.6815E-01  2.0232E-01  3.7762E+00  1.6490E-01  3.6204E-02
 -1.6474E+00 -2.3655E-01  3.3751E+00  1.6249E-01  3.7837E-02
 -7.1499E-01 -9.3379E-02  3.6710E+00  1.6180E-01  3.8324E-02
 -5.9357E-01  1.5359E-01  3.6129E+00  1.5938E-01  4.0097E-02
  2.1960E-01 -8.5662E-02  3.6241E+00  1.5834E-01  4.0893E-02
 -1.2773E+00  2.2981E-01  3.3102E+00  1.5590E-01  4.2840E-02
  1.9088E+00 -2.9170E-02  2.9996E+00  1.5590E-01  4.2840E-02
  9.1827E-01 -1.8485E-01  3.4074E+00  1.5520E-01  4.3420E-02
 -1.7751E+00  1.3051E-01  2.9900E+00  1.5346E-01  4.4921E-02
  1.0575E+00 -5.1441E-02  3.2919E+00  1.5276E-01  4.5542E-02
  1.6813E+00  9.3110E-02  2.9584E+00  1.5100E-01  4.7150E-02
  4.2456E-01 -8.7593E-02  3.2035E+00  1.4535E-01  5.2868E-02
 -2.9661E-01  2.1948E-01  3.2008E+00  1.4499E-01  5.3258E-02
 -1.9101E+00  2.3098E-01  2.4644E+00  1.4178E-01  5.6953E-02
 -1.2133E-01 -1.3306E-02  3.1242E+00  1.4178E-01  5.6953E-02
 -1.6067E+00  1.9579E-01  2.6255E+00  1.4035E-01  5.8712E-02
  7.7075E-01  2.2850E-01  2.9559E+00  1.3964E-01  5.9620E-02
 -2.0598E-01  2.0091E-01  3.0497E+00  1.3964E-01  5.9620E-02
  1.6805E+00  3.4204E-02  2.4473E+00  1.3640E-01  6.3962E-02
 -6.5528E-01 -2.7943E-02  2.8422E+00  1.3460E-01  6.6569E-02
  6.5406E-01 -1.5804E-01  2.8169E+00  1.3388E-01  6.7653E-02
 -4.0045E-01  1.9264E-02  2.8682E+00  1.3388E-01  6.7653E-02
 -8.9676E-01  5.1220E-02  2.7206E+00  1.3279E-01  6.9327E-02
 -1.8690E+00 -1.7444E-01  2.1233E+00  1.3170E-01  7.1060E-02
 -6.7667E-01  2.0527E-01  2.7338E+00  1.3134E-01  7.1651E-02
 -1.4480E+00 -9.8702E-02  2.4102E+00  1.3098E-01  7.2249E-02
  1.8563E+00  4.3604E-02  2.1138E+00  1.3098E-01  7.2249E-02
 -1.3868E+00 -2.0671E-01  2.3441E+00  1.2806E-01  7.7293E-02
  1.5063E+00 -1.5281E-01  2.2735E+00  1.2806E-01  7.7293E-02
 -8.2964E-01  7.1436E-02  2.5800E+00  1.2733E-01  7.8631E-02
  7.2757E-01 -6.7343E-02  2.5580E+00  1.2550E-01  8.2120E-02
  8.6963E-01 -1.4620E-02  2.4074E+00  1.2183E-01  8.9776E-02
  1.6672E+00  1.6709E-01 -1.9086E+00  1.2109E-01  9.1425E-02
  1.6852E+00  2.8668E-02 -1.8864E+00  1.2072E-01  9.2266E-02
 -7.6514E-02 -5.1297E-02  2.5181E+00  1.2035E-01  9.3117E-02
 -1.4348E+00  8.9681E-02  2.0573E+00  1.1998E-01  9.3979E-02
  1.7061E+00 -1.6823E-01  1.7783E+00  1.1851E-01  9.7542E-02
 -1.3185E+00  5.8779E-02  2.0646E+00  1.1776E-01  9.9393E-02
  1.8133E+00 -1.6072E-01  1.6255E+00  1.1739E-01  1.0034E-01
 -1.9093E+00  3.2043E-02  1.4880E+00  1.1665E-01  1.0226E-01
 -5.0634E-01  1.6263E-01  2.3617E+00  1.1665E-01  1.0226E-01
  4.8411E-01  4.0374E-02  2.3416E+00  1.1554E-01  1.0525E-01
  1.4362E+00  1.8037E-01  1.9037E+00  1.1554E-01  1.0525E-01
  1.6317E+00  3.3314E-03 -1.7483E+00  1.1554E-01  1.0525E-01
 -1.6580E+00  1.7391E-01  1.7009E+00  1.1517E-01  1.0627E-01
 -3.9490E-01  1.5859E-01  2.3335E+00  1.1480E-01  1.0731E-01
  1.5393E+00  3.6840E-02 -1.7528E+00  1.1331E-01  1.1159E-01
 -1.9629E-01  1.1022E-02  2.3248E+00  1.1331E-01  1.1159E-01
 -4.9058E-02 -6.7307E-02  2.3219E+00  1.1293E-01  1.1270E-01
 -1.8850E+00 -1.7563E-01 -1.3301E+00  1.1256E-01  1.1382E-01
 -1.8226E+00  1.8001E-01 -1.3980E+00  1.1219E-01  1.1496E-01
 -1.4657E+00  5.9064E-02  1.7643E+00  1.1182E-01  1.1612E-01
  7.1608E-01 -7.3278E-02  2.1583E+00  1.1107E-01  1.1847E-01
 -1.3725E-02 -9.6899E-02  2.2731E+00  1.1107E-01  1.1847E-01
  1.8542E+00 -9.4400E-02 -1.2985E+00  1.1070E-01  1.1968E-01
  1.3548E+00 -3.9589E-02  1.8155E+00  1.1070E-01  1.1968E-01
 -1.8630E+00  7.2441E-02  1.2704E+00  1.1032E-01  1.2090E-01
  1.4751E+00 -1.9376E-01 -1.6577E+00  1.0920E-01  1.2466E-01
  1.8293E+00 -1.9187E-01 -1.2223E+00  1.0845E-01  1.2727E-01
  1.8781E+00 -4.3580E-02 -1.1611E+00  1.0845E-01  1.2727E-01
 -8.3088E-01 -1.2800E-01  2.0319E+00  1.0808E-01  1.2859E-01
 -1.6212E+00  1.1354E-01  1.4813E+00  1.0808E-01  1.2859E-01
 -1.8550E+00 -1.5965E-01 -1.1701E+00  1.0808E-01  1.2859E-01
  7.8971E-01 -9.2100E-02  2.0198E+00  1.0695E-01  1.3269E-01
 -1.3916E+00 -1.3510E-01 -1.6110E+00  1.0545E-01  1.3845E-01
 -4.5355E-01  9.4660E-02  2.0726E+00  1.0507E-01  1.3994E-01
  1.5175E+00 -1.3438E-01 -1.4664E+00  1.0470E-01  1.4145E-01
 -1.4618E+00  1.4749E-01 -1.5207E+00  1.0470E-01  1.4145E-01
 -1.1729E+00  6.4454E-02  1.7582E+00  1.0470E-01  1.4145E-01
 -1.9288E-02  2.9073E-02  2.1049E+00  1.0432E-01  1.4299E-01
  2.4358E-01 -8.0555E-02  2.0802E+00  1.0394E-01  1.4454E-01
 -2.4316E-01 -1.8444E-01  2.0549E+00  1.0319E-01  1.4773E-01
 -1.8783E+00 -2.9410E-02  8.8696E-01  1.0319E-01  1.4773E-01
  8.0000E-01  1.5513E-01  1.9109E+00  1.0319E-01  1.4773E-01
  1.3042E+00 -1.1884E-01 -1.5888E+00  1.0244E-01  1.5102E-01
  2.9471E-01  2.4756E-02  2.0376E+00  1.0244E-01  1.5102E-01
 -8.4033E-01  6.6992E-02  1.8684E+00  1.0206E-01  1.5269E-01
 -1.6497E+00 -4.8229E-02  1.2157E+00  1.0206E-01  1.5269E-01
 -7.6811E-01  5.2450E-02 -1.8898E+00  1.0168E-01  1.5440E-01
  9.5572E-01 -1.9232E-01 -1.7927E+00  1.0168E-01  1.5440E-01
 -1.6130E+00  8.0076E-02  1.2324E+00  1.0131E-01  1.5613E-01
  1.8039E+00 -8.7232E-02  9.3022E-01  1.0131E-01  1.5613E-01
 -1.6717E+00 -6.0465E-02  1.1366E+00  1.0093E-01  1.5789E-01
  6.4899E-01  9.2655E-02 -1.9036E+00  1.0055E-01  1.5967E-01
  1.6365E+00 -4.5600E-03  1.1570E+00  1.0017E-01  1.6148E-01
  8.8832E-01  3.2211E-02  1.7963E+00  1.0017E-01  1.6148E-01
  1.4361E+00 -4.4011E-02  1.3712E+00  9.9419E-02  1.6519E-01
 -1.8985E+00  1.5226E-01 -5.3026E-01  9.9041E-02  1.6709E-01
 -1.8981E+00  5.8718E-02  5.5006E-01  9.9041E-02  1.6709E-01
 -1.8004E+00 -9.0884E-02 -7.8979E-01  9.8663E-02  1.6902E-01
 -7.2274E-01 -1.3059E-02  1.8209E+00  9.8285E-02  1.7098E-01
  1.1801E+00 -8.2601E-02 -1.5504E+00  9.7907E-02  1.7297E-01
  8.6848E-01  4.1241E-02 -1.7456E+00  9.7907E-02  1.7297E-01
  7.2662E-01  1.8143E-01  1.8006E+00  9.7907E-02  1.7297E-01
  1.7032E+00 -7.4698E-02 -9.4693E-01  9.7907E-02  1.7297E-01
  1.7680E+00 -1.2030E-01  8.1400E-01  9.7907E-02  1.7297E-01
 -1.7761E+00 -1.4552E-01 -7.4700E-01  9.7150E-02  1.7704E-01
  1.8438E+00 -1.9148E-01  5.4555E-01  9.7150E-02  1.7704E-01
 -6.2815E-01  1.3301E-01  1.8131E+00  9.6772E-02  1.7912E-01
 -1.0400E+00 -1.0300E-01  1.6041E+00  9.6393E-02  1.8124E-01
 -1.0362E+00  1.6593E-01 -1.5907E+00  9.6015E-02  1.8340E-01
  1.8793E+00  1.6577E-01 -2.6909E-01  9.6015E-02  1.8340E-01
 -9.0078E-01 -1.6449E-01  1.6612E+00  9.5636E-02  1.8558E-01
  1.3521E-02  9.8616E-02  1.8854E+00  9.5257E-02  1.8781E-01
  1.3891E+00 -3.2283E-03 -1.2788E+00  9.5257E-02  1.8781E-01
  1.8838E+00  9.6087E-02 -8.2722E-02  9.5257E-02  1.8781E-01
  1.7378E+00 -2.6143E-02 -7.1494E-01  9.4878E-02  1.9007E-01
 -1.0516E+00  1.0286E-01 -1.5541E+00  9.4878E-02  1.9007E-01
  8.4119E-01 -1.5031E-01 -1.6639E+00  9.4499E-02  1.9236E-01
 -1.6135E+00 -1.5642E-02  9.4612E-01  9.4499E-02  1.9236E-01
  6.4606E-01 -6.0850E-02  1.7543E+00  9.4499E-02  1.9236E-01
  1.8419E+00 -4.6313E-02  3.2253E-01  9.4499E-02  1.9236E-01
 -3.3994E-01 -6.3921E-02 -1.8294E+00  9.4120E-02  1.9470E-01
  1.8179E+00  4.0162E-02 -3.5702E-01  9.3741E-02  1.9707E-01
  4.8826E-01 -1.2958E-01 -1.7829E+00  9.3741E-02  1.9707E-01
  1.6491E-01  9.4576E-02  1.8346E+00  9.3361E-02  1.9948E-01
 -1.3668E+00 -5.7842E-02  1.2371E+00  9.3361E-02  1.9948E-01
 -1.7841E+00 -8.5964E-02  4.2354E-01  9.2982E-02  2.0193E-01
  8.8620E-01 -7.1832E-02 -1.5962E+00  9.2603E-02  2.0443E-01
  1.7484E+00  6.4359E-02 -5.2643E-01  9.2603E-02  2.0443E-01
  4.1987E-02 -4.3001E-02 -1.8175E+00  9.2223E-02  2.0696E-01
 -1.7730E+00 -2.4976E-02 -3.6282E-01  9.1844E-02  2.0954E-01
  1.3949E+00  1.1823E-01 -1.1337E+00  9.1464E-02  2.1216E-01
 -1.2397E+00  1.6590E-01  1.2963E+00  9.1464E-02  2.1216E-01
  9.4308E-01 -8.8872E-02  1.5221E+00  9.1084E-02  2.1482E-01
 -6.9057E-01  8.6574E-02  1.6522E+00  9.1084E-02  2.1482E-01
  3.4424E-01  1.1314E-01  1.7558E+00  9.1084E-02  2.1482E-01
 -9.5848E-01  1.0312E-01  1.5115E+00  9.1084E-02  2.1482E-01
 -1.4722E+00  1.0766E-01 -1.0175E+00  9.1084E-02  2.1482E-01
  1.3095E+00  1.6031E-01 -1.2013E+00  9.0704E-02  2.1753E-01
 -1.6991E-01 -1.3833E-01 -1.7708E+00  9.0704E-02  2.1753E-01
  1.7184E+00 -1.1763E-01  4.6579E-01  9.0704E-02  2.1753E-01
 -9.0955E-01  2.9975E-02  1.5249E+00  9.0325E-02  2.2029E-01
 -1.7584E+00  4.8637E-02  1.7041E-01  8.9945E-02  2.2309E-01
  4.9033E-01  8.6364E-02 -1.6870E+00  8.9565E-02  2.2594E-01
  1.6531E+00 -9.0543E-02 -5.9389E-01  8.9565E-02  2.2594E-01
 -1.6442E+00  1.2801E-01  5.8680E-01  8.9185E-02  2.2884E-01
  2.6732E-01 -1.2748E-01 -1.7168E+00  8.8805E-02  2.3179E-01
 -1.1168E-01 -3.7044E-03 -1.7385E+00  8.8805E-02  2.3179E-01
  1.2434E+00 -1.0686E-01  1.2035E+00  8.8425E-02  2.3479E-01
 -1.1307E+00 -1.4475E-02  1.3033E+00  8.8044E-02  2.3785E-01
  3.9943E-01 -6.1304E-03  1.6786E+00  8.8044E-02  2.3785E-01
 -1.4061E+00  6.1876E-02  9.9807E-01  8.8044E-02  2.3785E-01
  7.4865E-01  6.2119E-02  1.5533E+00  8.8044E-02  2.3785E-01
  1.4841E+00  5.0437E-02  8.7869E-01  8.8044E-02  2.3785E-01
  1.4825E+00  6.6603E-02 -8.6387E-01  8.7664E-02  2.4095E-01
 -1.6898E+00  1.8108E-01  1.7896E-01  8.7284E-02  2.4412E-01
  1.6146E-01  1.4125E-01 -1.6954E+00  8.7284E-02  2.4412E-01
 -9.0770E-01 -2.6508E-02 -1.4282E+00  8.6524E-02  2.5061E-01
 -1.2729E+00  6.6272E-02  1.1133E+00  8.6524E-02  2.5061E-01
  1.6570E+00 -1.3306E-01  3.1765E-01  8.6524E-02  2.5061E-01
 -1.2245E+00  1.3059E-01 -1.1490E+00  8.6143E-02  2.5395E-01
  1.5063E+00 -1.2133E-01 -7.2492E-01  8.5763E-02  2.5734E-01
  1.6650E+00  8.0632E-02  5.8714E-02  8.5382E-02  2.6079E-01
 -9.0864E-01 -1.4454E-01 -1.3718E+00  8.4622E-02  2.6789E-01
  1.4584E+00  1.4419E-01 -7.4449E-01  8.4241E-02  2.7154E-01
 -3.8234E-01 -9.3369E-02  1.5959E+00  8.4241E-02  2.7154E-01
  1.4546E+00 -1.2974E-01  7.3696E-01  8.3861E-02  2.7525E-01
 -9.1729E-01  9.6106E-02  1.3509E+00  8.3861E-02  2.7525E-01
  1.3571E+00 -1.2089E-01  9.0514E-01  8.3861E-02  2.7525E-01
 -1.2844E+00 -5.0512E-02 -9.9875E-01  8.3480E-02  2.7903E-01
 -1.4882E+00 -1.6243E-01  6.3926E-01  8.3480E-02  2.7903E-01
  1.4835E+00  1.6781E-01  6.4867E-01  8.3480E-02  2.7903E-01
  6.0194E-01  7.4928E-02  1.5105E+00  8.3480E-02  2.7903E-01
  7.4186E-02 -4.8502E-02 -1.6254E+00  8.3480E-02  2.7903E-01
 -1.5254E+00  1.0798E-01 -5.3416E-01  8.3100E-02  2.8288E-01
 -1.5963E-01  1.8507E-01  1.5933E+00  8.2719E-02  2.8681E-01
 -1.5091E+00 -1.2277E-01 -5.5314E-01  8.2719E-02  2.8681E-01
 -3.8041E-01 -5.2758E-02 -1.5574E+00  8.2338E-02  2.9080E-01
  1.6031E+00 -3.1049E-02  4.5242E-02  8.2338E-02  2.9080E-01
  1.3753E+00  9.1694E-02  8.2039E-01  8.2338E-02  2.9080E-01
  1.4780E+00 -1.4190E-01 -5.8576E-01  8.1958E-02  2.9487E-01
  1.2691E-01  1.3182E-01 -1.5857E+00  8.1958E-02  2.9487E-01
  1.0772E+00 -7.9512E-03 -1.1778E+00  8.1958E-02  2.9487E-01
 -1.5256E+00  1.8485E-01 -4.0166E-01  8.1577E-02  2.9902E-01
  1.5099E+00  4.5877E-03 -4.9307E-01  8.1577E-02  2.9902E-01
  9.2984E-01  1.0385E-01 -1.2836E+00  8.1577E-02  2.9902E-01
 -1.2372E+00 -8.1649E-02  9.9277E-01  8.1577E-02  2.9902E-01
  6.7536E-01 -1.6880E-02 -1.4375E+00  8.1577E-02  2.9902E-01
  9.2068E-01 -8.9145E-02 -1.2817E+00  8.1197E-02  3.0324E-01
  1.5552E+00 -1.2736E-01  1.9762E-01  8.0816E-02  3.0755E-01
 -1.5102E+00  1.4228E-01 -3.8572E-01  8.0435E-02  3.1193E-01
  1.3028E+00  9.3496E-02 -8.6231E-01  8.0435E-02  3.1193E-01
 -1.4971E+00  6.5912E-02  4.2405E-01  8.0055E-02  3.1640E-01
  9.5456E-01 -2.8835E-02 -1.2303E+00  8.0055E-02  3.1640E-01
 -1.5558E+00  7.0507E-03 -7.1447E-02  8.0055E-02  3.1640E-01
  7.5810E-01  1.5450E-02  1.3429E+00  7.9293E-02  3.2561E-01
  9.0286E-01  1.0035E-01  1.2368E+00  7.8913E-02  3.3034E-01
 -1.3134E+00  1.8236E-01 -7.7238E-01  7.8913E-02  3.3034E-01
  1.3277E+00  1.3556E-01  7.2657E-01  7.8152E-02  3.4009E-01
  1.3715E+00 -1.6538E-01  6.3283E-01  7.8152E-02  3.4009E-01
 -1.3282E-02  5.3363E-02  1.5185E+00  7.8152E-02  3.4009E-01
  1.3814E-01 -1.2320E-01 -1.5082E+00  7.8152E-02  3.4009E-01
  9.1081E-01  1.4414E-01 -1.2077E+00  7.8152E-02  3.4009E-01
  1.3737E+00 -1.0435E-01 -6.2321E-01  7.7771E-02  3.4511E-01
  1.2825E+00 -1.2086E-01 -7.7738E-01  7.7390E-02  3.5022E-01
  1.1693E+00  1.5512E-01  9.3408E-01  7.7390E-02  3.5022E-01
  9.7545E-01  1.1169E-02 -1.1358E+00  7.7010E-02  3.5544E-01
  9.1571E-01  8.1606E-02 -1.1817E+00  7.7010E-02  3.5544E-01
 -2.3183E-01  3.3631E-02 -1.4713E+00  7.6629E-02  3.6076E-01
 -7.0931E-01  2.8328E-03 -1.3101E+00  7.6629E-02  3.6076E-01
  1.4116E+00  6.6806E-02  4.7180E-01  7.6629E-02  3.6076E-01
 -5.6802E-01 -1.7749E-01  1.3578E+00  7.6248E-02  3.6619E-01
  6.1678E-01  9.9627E-02 -1.3444E+00  7.6248E-02  3.6619E-01
  5.4221E-01 -7.4304E-02  1.3778E+00  7.6248E-02  3.6619E-01
  1.3943E+00  6.7328E-02 -4.9922E-01  7.6248E-02  3.6619E-01
 -3.1821E-01 -9.7956E-02  1.4446E+00  7.6248E-02  3.6619E-01
  5.5242E-01 -1.8098E-01  1.3558E+00  7.5868E-02  3.7173E-01
 -1.2183E+00 -1.3562E-01 -8.2071E-01  7.5868E-02  3.7173E-01
  1.3141E+00  8.7066E-02  6.4837E-01  7.5487E-02  3.7739E-01
  2.3248E-01  2.5160E-02 -1.4419E+00  7.5106E-02  3.8315E-01
 -1.2801E+00 -5.9278E-02 -7.0113E-01  7.5106E-02  3.8315E-01
  1.2595E+00 -9.5446E-02  7.1925E-01  7.4726E-02  3.8904E-01
  2.7839E-01  1.4154E-01  1.4196E+00  7.4726E-02  3.8904E-01
  2.6380E-01 -1.1096E-01  1.4251E+00  7.4726E-02  3.8904E-01
  1.4472E+00 -1.3408E-01 -1.8906E-02  7.4726E-02  3.8904E-01
  4.5157E-01 -1.0964E-01  1.3697E+00  7.4345E-02  3.9504E-01
  4.3294E-01 -1.0115E-01 -1.3689E+00  7.3965E-02  4.0117E-01
  1.2326E+00  4.5600E-02  7.2805E-01  7.3584E-02  4.0743E-01
 -1.3510E+00  8.6036E-02  4.6782E-01  7.3584E-02  4.0743E-01
  1.3248E+00 -8.3008E-02 -5.3800E-01  7.3584E-02  4.0743E-01
 -6.3808E-01 -1.3818E-01  1.2748E+00  7.3584E-02  4.0743E-01
 -1.7594E-01  1.1223E-01 -1.4099E+00  7.3203E-02  4.1382E-01
 -1.3096E+00 -9.9517E-03  5.6227E-01  7.3203E-02  4.1382E-01
  1.0519E+00 -3.0041E-02  9.5083E-01  7.2822E-02  4.2035E-01
  1.2155E+00 -9.4320E-02  7.1093E-01  7.2442E-02  4.2701E-01
  4.7447E-01  6.7134E-02  1.3275E+00  7.2442E-02  4.2701E-01
 -9.3872E-01 -6.6409E-02  1.0425E+00  7.2061E-02  4.3381E-01
  1.0919E+00  5.7344E-02 -8.7034E-01  7.1680E-02  4.4076E-01
  2.9130E-01 -1.2413E-01 -1.3612E+00  7.1680E-02  4.4076E-01
 -1.0249E+00 -9.1831E-02 -9.4562E-01  7.1680E-02  4.4076E-01
  1.1586E+00 -5.9317E-02  7.7929E-01  7.1680E-02  4.4076E-01
 -1.0046E+00 -1.4181E-01  9.6118E-01  7.1680E-02  4.4076E-01
  2.9008E-02 -1.8169E-01 -1.3785E+00  7.1300E-02  4.4786E-01
 -9.8942E-01 -1.5378E-01 -9.6516E-01  7.1300E-02  4.4786E-01
 -1.2756E+00  1.3366E-01  5.1994E-01  7.0919E-02  4.5511E-01
  1.3618E+00 -1.8548E-02 -2.4612E-01  7.0919E-02  4.5511E-01
 -3.7127E-01  8.9074E-03 -1.3332E+00  7.0919E-02  4.5511E-01
  1.3447E+00  1.2353E-01 -2.7090E-01  7.0538E-02  4.6253E-01
 -8.4625E-01 -7.9099E-02 -1.0667E+00  6.9776E-02  4.7784E-01
 -1.3257E+00  7.4236E-02  2.8166E-01  6.9395E-02  4.8575E-01
 -8.0602E-01 -1.1314E-01  1.0780E+00  6.9014E-02  4.9384E-01
 -8.4581E-01 -3.8115E-02  1.0525E+00  6.9014E-02  4.9384E-01
 -6.6518E-01 -5.1980E-02 -1.1745E+00  6.9014E-02  4.9384E-01
  9.8232E-01 -8.2115E-02  9.0441E-01  6.8252E-02  5.1057E-01
  1.8775E-02  1.8499E-01 -1.3248E+00  6.8252E-02  5.1057E-01
  1.1114E+00  6.7624E-02  7.4156E-01  6.8252E-02  5.1057E-01
  1.1345E+00 -8.2937E-02  7.0405E-01  6.8252E-02  5.1057E-01
  1.1717E+00 -5.0999E-02 -6.4348E-01  6.8252E-02  5.1057E-01
 -4.1873E-02 -6.0047E-02 -1.3230E+00  6.7489E-02  5.2808E-01
 -6.1215E-01  7.7174E-02 -1.1726E+00  6.7489E-02  5.2808E-01
 -1.1514E+00  4.8029E-02 -6.5382E-01  6.7489E-02  5.2808E-01
 -1.2950E+00  4.4734E-02  2.4461E-01  6.7108E-02  5.3713E-01
 -1.3059E+00  9.4251E-02 -1.5676E-01  6.7108E-02  5.3713E-01
  1.3092E+00 -6.7016E-02 -6.1118E-02  6.6726E-02  5.4640E-01
 -1.1960E+00 -1.6509E-01 -5.1457E-01  6.6726E-02  5.4640E-01
  1.1373E+00  5.1062E-02  6.4034E-01  6.6345E-02  5.5588E-01
 -6.1010E-01 -3.6779E-02 -1.1543E+00  6.6345E-02  5.5588E-01
  1.2842E+00 -5.4910E-02  2.3230E-01  6.6345E-02  5.5588E-01
 -1.1678E+00 -2.1068E-02 -5.8457E-01  6.6345E-02  5.5588E-01
 -1.0906E+00 -1.8430E-01 -6.9482E-01  6.6345E-02  5.5588E-01
 -9.3150E-01  1.1993E-01  8.9881E-01  6.5963E-02  5.6559E-01
 -1.1925E+00 -1.4991E-01 -4.9543E-01  6.5963E-02  5.6559E-01
  2.2611E-02  1.4253E-01  1.2919E+00  6.5963E-02  5.6559E-01
  1.2997E+00  2.4890E-02 -8.7622E-04  6.5963E-02  5.6559E-01
 -4.8650E-01  8.4798E-02 -1.2025E+00  6.5963E-02  5.6559E-01
  1.0316E+00 -1.4394E-01  7.7780E-01  6.5963E-02  5.6559E-01
 -1.1387E+00  5.5295E-02  6.1192E-01  6.5581E-02  5.7553E-01
  9.3876E-01 -1.6102E-01 -8.7569E-01  6.5581E-02  5.7553E-01
  4.6857E-01  5.3666E-02 -1.1983E+00  6.5199E-02  5.8571E-01
 -1.2003E+00  3.6867E-02  4.4792E-01  6.4817E-02  5.9614E-01
 -9.3320E-01 -1.2986E-01 -8.6896E-01  6.4817E-02  5.9614E-01
  5.0871E-01  1.3306E-01  1.1623E+00  6.4434E-02  6.0681E-01
 -1.0156E+00  8.0422E-02 -7.6786E-01  6.4434E-02  6.0681E-01
 -1.0340E+00 -7.2648E-02 -7.4365E-01  6.4434E-02  6.0681E-01
 -9.1480E-01 -1.6397E-01  8.7393E-01  6.4434E-02  6.0681E-01
 -1.0450E+00 -2.6939E-04  7.2131E-01  6.4051E-02  6.1776E-01
  2.6269E-02 -8.4342E-02 -1.2667E+00  6.4051E-02  6.1776E-01
  3.5184E-01 -8.6745E-02 -1.2170E+00  6.4051E-02  6.1776E-01
  1.0147E+00 -1.1870E-01 -7.4422E-01  6.3669E-02  6.2897E-01
 -8.6603E-01 -4.3020E-02 -9.1959E-01  6.3669E-02  6.2897E-01
 -1.0388E+00  8.6419E-02 -7.1476E-01  6.3669E-02  6.2897E-01
 -6.4352E-01 -3.6677E-03  1.0878E+00  6.3669E-02  6.2897E-01
 -6.1965E-01  8.5801E-02  1.0915E+00  6.3285E-02  6.4046E-01
 -1.2319E+00 -1.3415E-01 -2.1746E-01  6.3285E-02  6.4046E-01
 -8.9545E-01 -1.7998E-01 -8.6520E-01  6.3285E-02  6.4046E-01
 -1.2386E+00 -1.0249E-02  2.2017E-01  6.3285E-02  6.4046E-01
 -5.6202E-02  1.1925E-01 -1.2454E+00  6.2902E-02  6.5224E-01
  8.6497E-01 -1.0191E-01  8.9186E-01  6.2518E-02  6.6433E-01
  1.1563E+00 -1.6930E-01 -4.3402E-01  6.2518E-02  6.6433E-01
 -8.5962E-01  1.7700E-01  8.7726E-01  6.2134E-02  6.7672E-01
  1.2390E+00 -5.1373E-02  4.4760E-02  6.2134E-02  6.7672E-01
 -6.2506E-01  7.1390E-02 -1.0631E+00  6.1750E-02  6.8943E-01
  6.8661E-01  1.7953E-01 -1.0111E+00  6.1750E-02  6.8943E-01
  1.1457E+00 -4.4557E-03  4.6176E-01  6.1750E-02  6.8943E-01
  1.1274E+00  1.5172E-02  4.9083E-01  6.1365E-02  7.0248E-01
  1.0083E+00 -1.1350E-01 -6.9474E-01  6.1365E-02  7.0248E-01
  4.8414E-01  1.4938E-01  1.1205E+00  6.1365E-02  7.0248E-01
  1.0434E+00 -3.0161E-02 -6.5009E-01  6.1365E-02  7.0248E-01
 -1.2005E+00  5.5179E-02 -2.3330E-01  6.0980E-02  7.1587E-01
  4.6840E-01  4.8208E-02 -1.1300E+00  6.0980E-02  7.1587E-01
  6.5577E-01  4.8380E-02  1.0326E+00  6.0980E-02  7.1587E-01
  6.3946E-01  7.0289E-02  1.0288E+00  6.0209E-02  7.4374E-01
 -5.3936E-01  9.3771E-02 -1.0828E+00  6.0209E-02  7.4374E-01
  1.1085E+00 -7.3025E-03  4.9343E-01  6.0209E-02  7.4374E-01
 -8.1624E-01 -5.8958E-02  8.9582E-01  6.0209E-02  7.4374E-01
 -2.2924E-01  1.0919E-01  1.1865E+00  6.0209E-02  7.4374E-01
  1.1953E+00 -1.3748E-01 -1.0747E-01  5.9822E-02  7.5825E-01
  1.1517E+00 -1.4979E-01  3.3230E-01  5.9822E-02  7.5825E-01
  8.9114E-01 -5.4407E-02 -8.1374E-01  5.9822E-02  7.5825E-01
  8.6118E-01 -5.3212E-02 -8.4546E-01  5.9822E-02  7.5825E-01
  4.3832E-01  7.5151E-02  1.1232E+00  5.9822E-02  7.5825E-01
 -1.1286E+00 -1.6764E-01  3.8042E-01  5.9436E-02  7.7315E-01
 -1.2933E-01  1.2166E-01 -1.1895E+00  5.9436E-02  7.7315E-01
  4.6277E-01 -1.1506E-01  1.0984E+00  5.9048E-02  7.8847E-01
 -1.1285E+00  1.1234E-01 -3.8458E-01  5.9048E-02  7.8847E-01
 -1.1444E+00 -7.2117E-02 -3.4525E-01  5.9048E-02  7.8847E-01
  1.1761E+00 -1.8517E-01  6.3761E-02  5.8660E-02  8.0422E-01
 -9.9665E-01  3.3372E-02 -6.5358E-01  5.8660E-02  8.0422E-01
 -2.5075E-01 -5.7401E-02  1.1642E+00  5.8660E-02  8.0422E-01
  5.0387E-01  7.1103E-02  1.0726E+00  5.8271E-02  8.2042E-01
 -1.7279E-01 -9.4431E-02  1.1707E+00  5.8271E-02  8.2042E-01
 -1.1725E+00  1.8589E-02  1.8493E-01  5.8271E-02  8.2042E-01
 -1.1704E+00  5.1572E-02 -1.9212E-01  5.8271E-02  8.2042E-01
  6.8831E-01 -1.6808E-01 -9.4625E-01  5.7882E-02  8.3709E-01
  1.0804E+00 -6.5500E-02  4.7526E-01  5.7882E-02  8.3709E-01
  4.0205E-01 -9.1665E-02 -1.1079E+00  5.7882E-02  8.3709E-01
 -1.0873E+00 -1.9836E-02  4.5051E-01  5.7492E-02  8.5424E-01
  7.9689E-01 -8.4894E-02 -8.6219E-01  5.7492E-02  8.5424E-01
 -2.3821E-01  9.6493E-02  1.1437E+00  5.7101E-02  8.7190E-01
 -1.1969E-01 -1.0413E-02  1.1660E+00  5.7101E-02  8.7190E-01
  1.0074E+00  6.7496E-02 -5.9542E-01  5.7101E-02  8.7190E-01
  3.6952E-01  7.7772E-02 -1.1045E+00  5.6710E-02  8.9009E-01
  5.4152E-01 -1.1585E-01  1.0221E+00  5.6317E-02  9.0882E-01
 -5.3077E-01 -1.8263E-01 -1.0180E+00  5.6317E-02  9.0882E-01
 -1.1343E+00  1.6141E-01 -1.9640E-01  5.6317E-02  9.0882E-01
 -8.5618E-01  1.6043E-01  7.6978E-01  5.6317E-02  9.0882E-01
  8.7664E-01  4.7381E-02 -7.5469E-01  5.5924E-02  9.2814E-01
 -3.6074E-01 -4.6359E-02  1.0991E+00  5.5924E-02  9.2814E-01
  1.0625E+00 -8.4630E-02 -4.3975E-01  5.5530E-02  9.4805E-01
 -1.0984E+00  1.3884E-01 -3.2184E-01  5.5530E-02  9.4805E-01
 -9.3116E-01  7.9132E-02 -6.7537E-01  5.5530E-02  9.4805E-01
 -6.7043E-01  4.2647E-02 -9.3138E-01  5.5134E-02  9.6859E-01
 -3.8400E-01 -3.9119E-02 -1.0767E+00  5.4738E-02  9.8980E-01
  7.5069E-01 -1.0554E-01 -8.5650E-01  5.4738E-02  9.8980E-01
  4.0453E-01  1.5751E-02 -1.0649E+00  5.4340E-02  1.0117E+00
 -8.0235E-01  2.1948E-02 -8.0853E-01  5.4340E-02  1.0117E+00
 -1.1239E+00 -5.2143E-02 -1.7946E-01  5.4340E-02  1.0117E+00
 -7.6816E-01 -3.6309E-02 -8.4059E-01  5.4340E-02  1.0117E+00
  3.3065E-01  3.6543E-02  1.0896E+00  5.4340E-02  1.0117E+00
  7.8734E-02 -1.1741E-01 -1.1305E+00  5.4340E-02  1.0117E+00
  4.0784E-01  8.9448E-03  1.0590E+00  5.3941E-02  1.0343E+00
  1.0382E+00  1.5185E-01  4.3237E-01  5.3941E-02  1.0343E+00
  1.0313E+00 -8.1036E-02  4.6664E-01  5.3941E-02  1.0343E+00
 -1.2484E-01  1.3997E-01 -1.1192E+00  5.3941E-02  1.0343E+00
 -1.0861E+00 -3.3075E-02 -3.1185E-01  5.3541E-02  1.0577E+00
 -2.9306E-01 -1.5834E-01 -1.0803E+00  5.3541E-02  1.0577E+00
  1.1201E+00 -3.5750E-03  1.5287E-01  5.3541E-02  1.0577E+00
  1.1227E+00  8.1314E-02 -3.1929E-02  5.3139E-02  1.0818E+00
  4.4956E-01 -6.8599E-02 -1.0302E+00  5.3139E-02  1.0818E+00
  1.1133E+00 -1.3852E-01 -7.9894E-03  5.2736E-02  1.1068E+00
  8.6160E-02  1.8106E-01 -1.1038E+00  5.2736E-02  1.1068E+00
 -8.1428E-01 -1.2737E-01  7.6112E-01  5.2736E-02  1.1068E+00
  1.1136E+00  7.2774E-02 -6.0915E-02  5.2331E-02  1.1327E+00
 -8.4864E-01  8.2389E-02  7.2266E-01  5.2331E-02  1.1327E+00
  7.1983E-01 -1.5130E-01  8.4152E-01  5.2331E-02  1.1327E+00
  4.0116E-01  1.3443E-01 -1.0345E+00  5.2331E-02  1.1327E+00
 -7.0937E-01  1.7009E-01 -8.4680E-01  5.2331E-02  1.1327E+00
 -9.6061E-01 -3.6137E-02  5.6207E-01  5.1925E-02  1.1595E+00
  7.6189E-01 -9.5564E-02  8.0647E-01  5.1925E-02  1.1595E+00
  6.9509E-01 -1.6830E-01 -8.5354E-01  5.1925E-02  1.1595E+00
 -1.0695E+00 -6.7659E-02  3.0262E-01  5.1925E-02  1.1595E+00
 -7.6712E-01 -1.3149E-01  7.9639E-01  5.1925E-02  1.1595E+00
 -8.3759E-01 -4.0525E-02  7.3267E-01  5.1925E-02  1.1595E+00
  4.2684E-01 -1.1456E-01 -1.0177E+00  5.1516E-02  1.1873E+00
  1.2350E-01  1.7062E-02 -1.1025E+00  5.1516E-02  1.1873E+00
  1.1025E+00 -7.6666E-02  2.5941E-02  5.1106E-02  1.2161E+00
  4.4235E-01  8.9733E-04 -1.0131E+00  5.1106E-02  1.2161E+00
 -3.4769E-01 -1.7884E-01 -1.0298E+00  5.0694E-02  1.2461E+00
 -1.0551E-02 -2.6809E-02  1.1012E+00  5.0694E-02  1.2461E+00
  9.6437E-01  1.7502E-01  5.0281E-01  5.0694E-02  1.2461E+00
  1.0943E+00 -1.0232E-01 -7.3907E-02  5.0694E-02  1.2461E+00
  3.8051E-01  5.7046E-02 -1.0322E+00  5.0694E-02  1.2461E+00
  1.0352E+00 -2.2332E-02 -3.6436E-01  5.0279E-02  1.2771E+00
  1.0644E+00  1.4096E-02  2.5197E-01  4.9863E-02  1.3094E+00
 -1.2822E-01  1.1991E-01  1.0797E+00  4.9863E-02  1.3094E+00
 -1.0636E+00 -7.4526E-02 -2.4473E-01  4.9863E-02  1.3094E+00
  2.2058E-01 -4.7961E-02 -1.0704E+00  4.9863E-02  1.3094E+00
 -1.0786E+00  1.5300E-01 -9.9483E-02  4.9863E-02  1.3094E+00
  5.1217E-02  1.6832E-01 -1.0759E+00  4.9444E-02  1.3430E+00
  1.0787E+00 -8.3796E-02  1.3413E-01  4.9444E-02  1.3430E+00
  8.9928E-01 -3.5056E-02 -6.1532E-01  4.9444E-02  1.3430E+00
 -1.8120E-01  7.1868E-02  1.0726E+00  4.9444E-02  1.3430E+00
  1.0465E+00  6.7977E-02 -2.8413E-01  4.9022E-02  1.3780E+00
  1.0130E+00  2.1171E-03  3.9290E-01  4.9022E-02  1.3780E+00
  5.3602E-02 -8.5061E-02  1.0819E+00  4.9022E-02  1.3780E+00
  4.6298E-01 -1.2803E-01 -9.7460E-01  4.9022E-02  1.3780E+00
  4.9476E-01  3.6657E-02  9.6265E-01  4.8597E-02  1.4144E+00
 -1.0346E+00 -1.7306E-01  2.6921E-01  4.8597E-02  1.4144E+00
  1.0590E+00  1.0350E-01 -2.0176E-01  4.8597E-02  1.4144E+00
  4.0719E-01 -1.4182E-01 -9.9343E-01  4.8597E-02  1.4144E+00
 -1.0532E+00 -2.1438E-02  2.5124E-01  4.8597E-02  1.4144E+00
  9.9969E-01  1.4865E-01 -3.8903E-01  4.8597E-02  1.4144E+00
 -1.0551E+00 -1.4003E-02  2.2747E-01  4.8170E-02  1.4524E+00
  5.7226E-01 -5.4401E-02 -9.1367E-01  4.8170E-02  1.4524E+00
  4.2642E-01 -1.0036E-01 -9.8657E-01  4.8170E-02  1.4524E+00
  7.1675E-01  6.0459E-02  8.0489E-01  4.8170E-02  1.4524E+00
  7.1574E-01  7.8541E-02  7.9959E-01  4.7739E-02  1.4920E+00
 -8.7913E-01  1.8137E-01  5.8720E-01  4.7306E-02  1.5334E+00
  3.6007E-01  2.7999E-02 -1.0100E+00  4.7306E-02  1.5334E+00
 -1.0710E-01  1.5201E-01 -1.0564E+00  4.7306E-02  1.5334E+00
 -9.5723E-01  4.7913E-03 -4.8399E-01  4.7306E-02  1.5334E+00
  1.0349E+00  9.4663E-02 -2.5189E-01  4.6868E-02  1.5768E+00
  9.1899E-01 -6.5005E-02  5.4288E-01  4.6868E-02  1.5768E+00
 -1.2790E-02  6.0876E-03 -1.0660E+00  4.6427E-02  1.6222E+00
 -1.0533E+00  4.7165E-02 -1.5760E-01  4.6427E-02  1.6222E+00
  8.5968E-03 -3.1155E-03  1.0661E+00  4.6427E-02  1.6222E+00
  1.6112E-01  3.9923E-02  1.0499E+00  4.5982E-02  1.6697E+00
 -1.0466E+00  1.8341E-01  2.9360E-02  4.5982E-02  1.6697E+00
  5.4503E-01  4.7414E-02 -9.1136E-01  4.5982E-02  1.6697E+00
  6.3983E-01  4.6303E-02  8.4369E-01  4.5533E-02  1.7196E+00
  1.0102E+00  1.6301E-01 -2.7616E-01  4.5533E-02  1.7196E+00
 -1.0464E+00  1.1997E-01  1.1833E-01  4.5533E-02  1.7196E+00
 -8.5227E-01 -6.1373E-02 -6.2196E-01  4.5079E-02  1.7721E+00
 -7.0126E-01 -1.3392E-01 -7.7928E-01  4.5079E-02  1.7721E+00
  5.0085E-01  6.1220E-02  9.2864E-01  4.5079E-02  1.7721E+00
  9.5450E-01 -3.5871E-02  4.5233E-01  4.5079E-02  1.7721E+00
 -6.7783E-01 -1.3470E-01 -7.9572E-01  4.4620E-02  1.8273E+00
  2.8254E-01 -1.5022E-01  1.0042E+00  4.4620E-02  1.8273E+00
  2.5828E-01  1.6757E-01 -1.0080E+00  4.4620E-02  1.8273E+00
 -5.1402E-01 -7.6612E-02 -9.1360E-01  4.4156E-02  1.8855E+00
  1.0285E+00 -3.3750E-02 -2.1385E-01  4.4156E-02  1.8855E+00
 -7.1261E-01 -1.6881E-01 -7.5394E-01  4.4156E-02  1.8855E+00
 -3.8299E-01  1.3631E-01 -9.6330E-01  4.3212E-02  2.0119E+00
  9.7108E-01  8.6905E-02 -3.7770E-01  4.3212E-02  2.0119E+00
 -4.1716E-01  1.7164E-01  9.4325E-01  4.3212E-02  2.0119E+00
  6.0189E-01 -1.0069E-01  8.4900E-01  4.3212E-02  2.0119E+00
  2.0720E-02  5.3404E-02  1.0440E+00  4.3212E-02  2.0119E+00
  9.7180E-01 -1.7094E-01 -3.4581E-01  4.3212E-02  2.0119E+00
  4.6134E-01  8.6451E-02  9.3134E-01  4.2730E-02  2.0806E+00
 -9.8998E-01 -1.5772E-01  2.8767E-01  4.2730E-02  2.0806E+00
 -9.7550E-01  1.5016E-01  3.3696E-01  4.2730E-02  2.0806E+00
  4.4360E-01 -4.5875E-02  9.3993E-01  4.2242E-02  2.1536E+00
  2.7797E-01  8.6076E-02  9.9884E-01  4.2242E-02  2.1536E+00
  6.5419E-01  1.6251E-01 -7.9245E-01  4.2242E-02  2.1536E+00
  4.4790E-01 -2.8941E-02 -9.3857E-01  4.2242E-02  2.1536E+00
 -1.2347E-01 -9.7420E-03  1.0330E+00  4.2242E-02  2.1536E+00
  8.7211E-01 -6.7615E-02  5.6322E-01  4.2242E-02  2.1536E+00
  9.3904E-01  1.8321E-02 -4.4747E-01  4.2242E-02  2.1536E+00
  6.9545E-01 -3.2463E-03  7.7041E-01  4.1747E-02  2.2312E+00
  9.7996E-01 -1.2369E-01  3.1869E-01  4.1747E-02  2.2312E+00
 -1.1245E-01  1.6636E-01  1.0183E+00  4.1747E-02  2.2312E+00
  1.9459E-01 -1.7431E-01  1.0045E+00  4.1747E-02  2.2312E+00
  1.0253E+00 -1.2675E-01  6.9525E-02  4.1244E-02  2.3138E+00
 -1.4122E-01  1.3314E-01 -1.0147E+00  4.0733E-02  2.4020E+00
 -6.2010E-01  4.3332E-02  8.2521E-01  4.0733E-02  2.4020E+00
  2.5829E-01 -1.6658E-01 -9.8636E-01  4.0733E-02  2.4020E+00
 -8.3052E-01  1.1278E-01  6.0406E-01  4.0733E-02  2.4020E+00
 -5.9049E-02  1.5065E-01  1.0204E+00  4.0733E-02  2.4020E+00
  8.7967E-01  2.0059E-02  5.3711E-01  4.0213E-02  2.4964E+00
  5.7595E-01  7.3309E-02 -8.5183E-01  4.0213E-02  2.4964E+00
  9.9406E-01  6.0385E-02 -2.5772E-01  3.9683E-02  2.5977E+00
 -6.2372E-01 -1.4200E-01  8.0562E-01  3.9683E-02  2.5977E+00
  1.0056E+00  1.1752E-01 -1.7009E-01  3.9143E-02  2.7067E+00
  4.7626E-01  1.6004E-01  8.9524E-01  3.9143E-02  2.7067E+00
  5.2512E-01 -5.2774E-02  8.8055E-01  3.9143E-02  2.7067E+00
 -5.4181E-01  1.2908E-01 -8.5996E-01  3.8592E-02  2.8243E+00
  6.1231E-01  1.0439E-01 -8.1481E-01  3.8592E-02  2.8243E+00
  9.3797E-01  8.4086E-02 -4.0359E-01  3.8592E-02  2.8243E+00
 -3.6069E-01 -1.4671E-01 -9.4770E-01  3.8592E-02  2.8243E+00
 -9.4516E-01  3.1394E-02  3.8917E-01  3.8029E-02  2.9517E+00
 -4.6651E-01  1.8430E-01  8.9116E-01  3.8029E-02  2.9517E+00
 -5.5805E-01 -1.6411E-01 -8.4108E-01  3.8029E-02  2.9517E+00
 -3.8259E-01  1.2830E-03  9.4635E-01  3.7452E-02  3.0900E+00
 -9.4192E-01  1.6113E-01 -3.5884E-01  3.7452E-02  3.0900E+00
  3.5555E-01  1.7051E-01  9.4152E-01  3.7452E-02  3.0900E+00
  2.4246E-01 -2.5566E-02 -9.8937E-01  3.6862E-02  3.2409E+00
 -1.0136E+00  1.0490E-01 -1.5387E-03  3.6862E-02  3.2409E+00
 -7.1715E-01  1.0488E-01 -7.1380E-01  3.6256E-02  3.4062E+00
 -5.6407E-01 -7.4021E-02  8.4331E-01  3.6256E-02  3.4062E+00
  7.9890E-01 -5.4767E-02 -6.2472E-01  3.5633E-02  3.5880E+00
  3.0781E-01  1.7615E-01 -9.5170E-01  3.5633E-02  3.5880E+00
  5.5083E-01 -4.4686E-02  8.5211E-01  3.5633E-02  3.5880E+00
  9.1702E-01  8.1317E-02  4.2891E-01  3.5633E-02  3.5880E+00
  9.2647E-01 -6.2596E-02  4.0755E-01  3.4991E-02  3.7890E+00
  1.1024E-01  1.5773E-01  9.9565E-01  3.4991E-02  3.7890E+00
 -7.8206E-01  7.3300E-02  6.4139E-01  3.4991E-02  3.7890E+00
  8.0106E-01 -2.1419E-02 -6.2145E-01  3.4991E-02  3.7890E+00
  9.7550E-01 -8.4947E-02 -2.5800E-01  3.4329E-02  4.0125E+00
  6.1121E-01  1.6487E-01 -7.9033E-01  3.4329E-02  4.0125E+00
 -1.4023E-01  1.2846E-01  9.9318E-01  3.3644E-02  4.2626E+00
  4.0807E-01  1.4761E-01 -9.1338E-01  3.3644E-02  4.2626E+00
 -2.9398E-01 -3.3398E-02  9.6697E-01  3.3644E-02  4.2626E+00
 -9.9787E-01  2.8530E-02 -1.5285E-01  3.2934E-02  4.5444E+00
 -7.3444E-01  1.7973E-01 -6.6948E-01  3.2934E-02  4.5444E+00
 -6.6698E-01  1.3945E-01 -7.4539E-01  3.2934E-02  4.5444E+00
 -6.8131E-01  5.5720E-02 -7.4339E-01  3.2934E-02  4.5444E+00
  9.8103E-01  1.3336E-01 -1.9928E-01  3.2934E-02  4.5444E+00
  6.3717E-01 -5.1618E-02  7.8184E-01  3.2934E-02  4.5444E+00
  9.3042E-01 -4.1248E-02  3.8738E-01  3.2195E-02  4.8645E+00
  9.0258E-01 -7.2112E-02  4.4450E-01  3.2195E-02  4.8645E+00
  1.3631E-01  4.5133E-02 -9.9841E-01  3.2195E-02  4.8645E+00
 -9.3815E-03  1.5860E-01  9.9609E-01  3.2195E-02  4.8645E+00
  9.2039E-01  1.0515E-01 -3.9908E-01  3.2195E-02  4.8645E+00
  1.5602E-01 -1.8141E-01  9.7871E-01  3.1425E-02  5.2312E+00
 -7.5381E-01  1.5042E-01 -6.4970E-01  3.0618E-02  5.6557E+00
 -9.1255E-01  4.4422E-02  4.1985E-01  2.9770E-02  6.1530E+00
 -4.6213E-01 -6.0998E-02 -8.9090E-01  2.9770E-02  6.1530E+00
 -4.9782E-01  5.2971E-02  8.7199E-01  2.9770E-02  6.1530E+00
 -5.8438E-01 -4.7076E-02 -8.1687E-01  2.9770E-02  6.1530E+00
  2.6576E-01  1.5372E-02  9.6960E-01  2.9770E-02  6.1530E+00
  9.1977E-01 -9.7636E-02 -3.9430E-01  2.9770E-02  6.1530E+00
 -9.2430E-01 -1.0150E-01 -3.8018E-01  2.8874E-02  6.7438E+00
 -3.8628E-01  1.3791E-01  9.1703E-01  2.8874E-02  6.7438E+00
 -9.0936E-01  2.5189E-02 -4.2615E-01  2.8874E-02  6.7438E+00
  9.3553E-01  1.3824E-01 -3.3888E-01  2.8874E-02  6.7438E+00
  9.9188E-01 -1.0066E-01 -1.2330E-01  2.8874E-02  6.7438E+00
  9.7263E-01 -1.6647E-01 -1.8829E-01  2.8874E-02  6.7438E+00
  3.1608E-01  1.5137E-01  9.4058E-01  2.7921E-02  7.4574E+00
 -9.6958E-01  1.4061E-01 -2.1485E-01  2.6903E-02  8.3369E+00
  4.3937E-01 -2.9450E-02  9.0117E-01  2.6903E-02  8.3369E+00
  8.2445E-01  9.7762E-02  5.6281E-01  2.6903E-02  8.3369E+00
 -4.3275E-01 -6.3840E-02  9.0259E-01  2.6903E-02  8.3369E+00
 -8.4294E-01 -1.6130E-01 -5.1782E-01  2.5804E-02  9.4481E+00
  7.9731E-01 -5.0497E-02 -6.0535E-01  2.5804E-02  9.4481E+00
 -2.8216E-01 -5.7991E-03 -9.6179E-01  2.5804E-02  9.4481E+00
  9.3983E-01 -5.8247E-02 -3.4354E-01  2.5804E-02  9.4481E+00
  8.7404E-01 -9.6323E-02 -4.8111E-01  2.5804E-02  9.4481E+00
  1.3117E-01  1.3914E-01  9.8335E-01  2.4606E-02  1.0897E+01
  7.5969E-01 -1.6211E-01 -6.3256E-01  2.4606E-02  1.0897E+01
 -8.7277E-01 -4.3735E-02  4.8980E-01  2.4606E-02  1.0897E+01
  5.5795E-02 -1.3493E-01  9.9107E-01  2.4606E-02  1.0897E+01
  5.3978E-01  1.4090E-01 -8.3146E-01  2.3280E-02  1.2866E+01
  5.4611E-01 -1.2164E-01  8.3037E-01  2.3280E-02  1.2866E+01
 -4.4281E-01 -5.8467E-02 -8.9566E-01  2.1787E-02  1.5696E+01
  5.5397E-01  7.3102E-02 -8.3035E-01  2.1787E-02  1.5696E+01
 -6.0662E-01 -1.0782E-01 -7.8873E-01  2.1787E-02  1.5696E+01
  4.7090E-01  1.4660E-01  8.7090E-01  2.1787E-02  1.5696E+01
 -2.7867E-01  1.4018E-02  9.6083E-01  2.0058E-02  2.0115E+01
  2.5457E-01  7.1074E-02 -9.6498E-01  2.0058E-02  2.0115E+01
 -7.6765E-01 -2.3801E-02 -6.4124E-01  2.0058E-02  2.0115E+01
  3.7128E-01 -1.1165E-01  9.2207E-01  1.7969E-02  2.7981E+01
  7.2884E-01  4.7016E-02 -6.8346E-01  1.7969E-02  2.7981E+01
  7.5177E-01 -8.9251E-03 -6.5978E-01  1.7969E-02  2.7981E+01
 -3.1118E-01  5.2116E-02 -9.4920E-01  1.7969E-02  2.7981E+01
  9.9018E-01  1.4123E-01  1.1368E-02  1.7969E-02  2.7981E+01
