0.16662857142857D+02       614
(x,y,z) position of the X-ray source
 -0.8051E-13 -0.9420E-01 -0.1798E+01
x | y | z | R | rho
 -8.1209E-02  3.2627E-01  9.2846E+00  3.0662E-01  5.6310E-03
 -8.8082E-01 -7.6632E-02  8.5808E+00  2.9137E-01  6.5624E-03
 -8.0777E-02 -2.0525E-01  8.4307E+00  2.8687E-01  6.8760E-03
  6.7035E-02 -2.4294E-02  8.3130E+00  2.8405E-01  7.0833E-03
  1.2582E+00  3.1178E-01  8.1994E+00  2.8376E-01  7.1045E-03
 -9.7379E-01 -7.6833E-02  8.1468E+00  2.8149E-01  7.2778E-03
  1.7158E+00  6.3711E-02  7.6429E+00  2.7263E-01  8.0114E-03
 -7.5759E-01  8.8467E-03  7.6764E+00  2.6974E-01  8.2712E-03
  8.0594E-01 -2.2509E-01  7.6321E+00  2.6887E-01  8.3516E-03
 -7.4673E-01  3.0750E-01  7.4191E+00  2.6364E-01  8.8587E-03
  1.2794E+00 -6.2846E-02  7.1223E+00  2.5807E-01  9.4444E-03
 -2.0434E+00  1.8812E-01  6.7782E+00  2.5424E-01  9.8784E-03
 -8.2698E-01  3.3497E-01  6.8581E+00  2.5008E-01  1.0379E-02
  3.3159E-01 -8.0785E-02  6.8481E+00  2.4859E-01  1.0567E-02
  8.9144E-01  1.5065E-02  6.7148E+00  2.4650E-01  1.0839E-02
  1.3089E+00  2.8513E-01  6.5917E+00  2.4530E-01  1.0998E-02
 -1.4956E+00 -1.7546E-01  6.2768E+00  2.3836E-01  1.1987E-02
  9.2550E-01 -2.8975E-01  6.3578E+00  2.3775E-01  1.2079E-02
  3.2159E-02  2.3857E-01  6.4269E+00  2.3775E-01  1.2079E-02
  7.2244E-01 -2.9380E-01  6.3127E+00  2.3593E-01  1.2362E-02
 -9.7715E-01  9.0499E-02  6.0823E+00  2.3073E-01  1.3216E-02
 -4.4739E-01  1.3579E-01  5.9318E+00  2.2518E-01  1.4218E-02
  3.7185E-01  7.2853E-03  5.8800E+00  2.2362E-01  1.4516E-02
 -1.2351E-02  1.7379E-01  5.8308E+00  2.2207E-01  1.4823E-02
 -1.6327E+00  3.6856E-02  5.5880E+00  2.2176E-01  1.4886E-02
  1.5812E+00  2.0459E-01  5.4415E+00  2.1769E-01  1.5735E-02
  8.8370E-01  8.5543E-02  5.4239E+00  2.1297E-01  1.6805E-02
  1.3268E-01  1.2123E-01  5.4584E+00  2.1202E-01  1.7032E-02
  8.1590E-01  1.1764E-01  5.1065E+00  2.0405E-01  1.9107E-02
  1.0365E+00  1.4471E-01  5.0186E+00  2.0277E-01  1.9472E-02
  3.9388E-01 -1.0942E-01  5.0757E+00  2.0180E-01  1.9753E-02
  1.7997E+00 -2.2672E-01  4.7458E+00  2.0148E-01  1.9848E-02
  3.9182E-01  2.8334E-01  5.0229E+00  2.0051E-01  2.0137E-02
 -8.3391E-02  1.1128E-01  4.8267E+00  1.9435E-01  2.2115E-02
  1.4916E+00 -2.4760E-01  4.5138E+00  1.9238E-01  2.2798E-02
  5.6992E-01 -2.4045E-01  4.6625E+00  1.9075E-01  2.3391E-02
  5.2948E-01 -1.1523E-01  4.5805E+00  1.8811E-01  2.4386E-02
 -5.6991E-01 -9.0190E-02  4.5305E+00  1.8679E-01  2.4907E-02
 -1.3671E+00  2.5318E-02  4.3102E+00  1.8547E-01  2.5444E-02
 -1.9674E+00  5.3514E-02  4.0208E+00  1.8414E-01  2.5998E-02
 -1.2794E+00 -4.0409E-02  4.1013E+00  1.7881E-01  2.8396E-02
 -1.7918E+00  4.4158E-02  3.9048E+00  1.7881E-01  2.8396E-02
  1.7783E+00 -3.9821E-02  3.8616E+00  1.7746E-01  2.9045E-02
 -1.8470E+00 -2.6078E-01  3.7831E+00  1.7645E-01  2.9546E-02
  1.4184E+00 -1.3262E-01  3.9463E+00  1.7578E-01  2.9887E-02
 -4.4075E-01  6.8304E-02  4.0820E+00  1.7308E-01  3.1308E-02
 -8.4727E-01 -1.0168E-01  3.7668E+00  1.6558E-01  3.5755E-02
 -1.0379E+00 -2.1070E-01  3.6912E+00  1.6490E-01  3.6204E-02
 -1.7992E+00  2.2101E-01  3.3729E+00  1.6456E-01  3.6431E-02
  1.3742E+00 -4.5486E-02  3.5738E+00  1.6456E-01  3.6431E-02
 -9.9403E-01 -1.0558E-01  3.6507E+00  1.6318E-01  3.7360E-02
 -1.7365E+00 -8.9911E-02  3.2878E+00  1.6111E-01  3.8819E-02
  1.7841E+00  7.6580E-02  3.2250E+00  1.6007E-01  3.9579E-02
  9.2527E-01 -1.6225E-01  3.4067E+00  1.5520E-01  4.3420E-02
 -1.3151E+00 -1.4176E-01  3.2769E+00  1.5520E-01  4.3420E-02
  1.0108E+00  2.2498E-01  3.3787E+00  1.5520E-01  4.3420E-02
  4.5927E-01 -1.0394E-01  3.4476E+00  1.5346E-01  4.4921E-02
  7.5782E-01  2.1441E-01  3.3117E+00  1.5100E-01  4.7150E-02
  1.5719E+00  4.0844E-02  2.9584E+00  1.4924E-01  4.8838E-02
  9.4237E-03  1.1307E-01  3.2627E+00  1.4641E-01  5.1724E-02
  8.7225E-01  1.2313E-01  3.1214E+00  1.4570E-01  5.2483E-02
 -1.5468E+00  6.9471E-02  2.8377E+00  1.4535E-01  5.2868E-02
 -4.5591E-01  1.7456E-01  3.1311E+00  1.4321E-01  5.5267E-02
  9.0736E-01  1.5645E-01  3.0100E+00  1.4250E-01  5.6101E-02
 -9.9190E-01  1.2768E-02  2.9873E+00  1.4250E-01  5.6101E-02
 -3.2989E-01  3.0519E-02  3.0983E+00  1.4143E-01  5.7386E-02
 -2.8426E-01  1.8730E-01  3.0973E+00  1.4143E-01  5.7386E-02
  1.7672E+00  2.2092E-01  2.5440E+00  1.4107E-01  5.7823E-02
 -1.1695E+00  2.3027E-01  2.8561E+00  1.4071E-01  5.8265E-02
 -1.5578E+00  1.0393E-02  2.6620E+00  1.4035E-01  5.8712E-02
 -6.4068E-01  2.2354E-02  3.0062E+00  1.4000E-01  5.9164E-02
  1.1340E+00  1.6458E-01  2.8182E+00  1.3892E-01  6.0548E-02
 -1.4115E+00  9.0099E-02  2.6579E+00  1.3784E-01  6.1979E-02
 -1.6910E+00 -2.3543E-02  2.4529E+00  1.3676E-01  6.3458E-02
 -1.0468E+00 -2.5659E-02  2.7670E+00  1.3604E-01  6.4472E-02
 -8.9330E-01  1.7312E-01  2.8042E+00  1.3568E-01  6.4988E-02
 -1.1646E+00 -1.7492E-01  2.6686E+00  1.3460E-01  6.6569E-02
  7.4334E-01  2.2378E-01  2.8009E+00  1.3424E-01  6.7108E-02
  1.2046E+00 -1.3808E-02  2.6109E+00  1.3315E-01  6.8763E-02
  8.1596E-01 -2.1383E-01  2.7056E+00  1.3170E-01  7.1060E-02
 -1.3224E+00 -8.9100E-02  2.4817E+00  1.3098E-01  7.2249E-02
  1.0269E+00  2.8589E-02  2.6082E+00  1.3061E-01  7.2853E-02
 -1.6483E+00  1.5124E-01  2.2623E+00  1.3061E-01  7.2853E-02
  1.3456E+00 -3.0685E-02  2.4472E+00  1.3025E-01  7.3466E-02
  6.1623E-01  3.1433E-02  2.7239E+00  1.3025E-01  7.3466E-02
  1.8078E+00 -1.9640E-01  2.1063E+00  1.2988E-01  7.4085E-02
 -5.8921E-01 -6.9180E-02  2.6767E+00  1.2843E-01  7.6636E-02
 -5.6663E-01  9.4088E-02  2.6704E+00  1.2806E-01  7.7293E-02
 -4.8817E-01 -5.5999E-02  2.6558E+00  1.2697E-01  7.9312E-02
  1.0521E+00  5.2615E-03  2.4765E+00  1.2660E-01  8.0001E-02
  1.6341E+00 -6.6660E-02  2.1111E+00  1.2587E-01  8.1405E-02
  4.0071E-01 -3.2570E-03  2.6197E+00  1.2514E-01  8.2844E-02
  1.3457E+00  9.9249E-02  2.2810E+00  1.2514E-01  8.2844E-02
 -1.7344E+00  6.4060E-02  1.9760E+00  1.2440E-01  8.4318E-02
 -4.2396E-01  1.4755E-01  2.5505E+00  1.2293E-01  8.7378E-02
 -1.8249E+00 -1.6648E-01  1.8015E+00  1.2220E-01  8.8967E-02
 -8.7539E-01 -7.7532E-02  2.4147E+00  1.2220E-01  8.8967E-02
  1.6208E+00  1.2144E-01  1.9384E+00  1.2072E-01  9.2266E-02
  3.3684E-01 -6.2833E-02  2.4963E+00  1.2035E-01  9.3117E-02
 -1.6724E+00  1.6223E-01  1.8509E+00  1.1961E-01  9.4853E-02
  1.1918E+00  1.7768E-01  2.1563E+00  1.1851E-01  9.7542E-02
  1.4381E+00 -4.4088E-02  1.9957E+00  1.1814E-01  9.8461E-02
 -6.2691E-01  1.3001E-01  2.3551E+00  1.1739E-01  1.0034E-01
 -6.0228E-01 -4.8334E-02  2.3646E+00  1.1739E-01  1.0034E-01
  2.0963E-02 -1.2314E-01  2.4275E+00  1.1702E-01  1.0129E-01
 -1.6826E+00  1.5774E-01 -1.7470E+00  1.1702E-01  1.0129E-01
 -3.9899E-02  4.5408E-02  2.4299E+00  1.1702E-01  1.0129E-01
 -1.5135E+00  7.2516E-02 -1.8880E+00  1.1665E-01  1.0226E-01
 -7.5379E-01  1.5787E-01  2.2951E+00  1.1665E-01  1.0226E-01
 -1.3318E-01  5.9365E-02  2.3968E+00  1.1591E-01  1.0424E-01
  1.1453E+00  2.0691E-01  2.1003E+00  1.1591E-01  1.0424E-01
  1.5357E+00  5.9074E-02  1.8323E+00  1.1554E-01  1.0525E-01
  3.3137E-01 -2.3335E-02  2.3683E+00  1.1554E-01  1.0525E-01
  1.7976E+00 -1.4155E-01  1.5560E+00  1.1517E-01  1.0627E-01
 -1.8251E+00 -7.9465E-02  1.4822E+00  1.1405E-01  1.0942E-01
  1.6673E+00  1.6433E-02  1.6457E+00  1.1368E-01  1.1050E-01
 -1.8981E+00 -1.4837E-01 -1.3652E+00  1.1368E-01  1.1050E-01
 -1.2140E+00  5.8578E-02  1.9801E+00  1.1293E-01  1.1270E-01
 -1.6744E+00 -1.0977E-01  1.5930E+00  1.1256E-01  1.1382E-01
  8.1820E-01 -1.9112E-01  2.1247E+00  1.1144E-01  1.1729E-01
 -1.3907E+00 -1.4907E-02 -1.8007E+00  1.1107E-01  1.1847E-01
 -5.6934E-01  1.7763E-02  2.1928E+00  1.1070E-01  1.1968E-01
 -2.1445E-01  7.4037E-02  2.2350E+00  1.0995E-01  1.2214E-01
 -1.5862E+00  3.0088E-02  1.5771E+00  1.0957E-01  1.2339E-01
  1.8377E+00  1.6556E-01  1.1963E+00  1.0808E-01  1.2859E-01
 -1.3325E+00 -2.5322E-02 -1.7490E+00  1.0808E-01  1.2859E-01
 -1.5584E+00  1.5384E-01 -1.5303E+00  1.0770E-01  1.2994E-01
 -8.2586E-01  3.7154E-02  2.0274E+00  1.0770E-01  1.2994E-01
 -1.1607E+00  9.2580E-02 -1.8431E+00  1.0733E-01  1.3131E-01
  1.8568E+00  1.2381E-01 -1.1356E+00  1.0733E-01  1.3131E-01
  1.0298E+00 -1.1607E-01  1.9073E+00  1.0695E-01  1.3269E-01
 -1.8844E+00  5.5324E-02 -1.0760E+00  1.0695E-01  1.3269E-01
 -9.4516E-01  9.0899E-02  1.9415E+00  1.0658E-01  1.3410E-01
  1.7212E+00 -1.7804E-02 -1.2914E+00  1.0620E-01  1.3553E-01
 -1.6790E+00 -6.0905E-02 -1.3445E+00  1.0620E-01  1.3553E-01
 -1.4617E+00  6.5105E-02 -1.5779E+00  1.0620E-01  1.3553E-01
 -6.9000E-01 -5.3378E-02  2.0177E+00  1.0545E-01  1.3845E-01
  1.6829E+00  6.9366E-02 -1.2937E+00  1.0507E-01  1.3994E-01
  1.8040E+00  1.2102E-01 -1.0964E+00  1.0470E-01  1.4145E-01
  1.1159E+00 -6.4944E-02 -1.7839E+00  1.0432E-01  1.4299E-01
  9.0383E-01 -8.7042E-02 -1.8993E+00  1.0432E-01  1.4299E-01
 -1.6994E+00 -1.1062E-02 -1.2425E+00  1.0432E-01  1.4299E-01
  1.2379E+00 -9.6327E-02 -1.6885E+00  1.0394E-01  1.4454E-01
 -1.1316E+00  1.6773E-01 -1.7562E+00  1.0394E-01  1.4454E-01
 -1.2139E+00 -8.1297E-02  1.6725E+00  1.0281E-01  1.4936E-01
 -1.7787E+00  5.0916E-02  1.0541E+00  1.0281E-01  1.4936E-01
  1.6176E-01 -1.2410E-01  2.0581E+00  1.0281E-01  1.4936E-01
  6.3136E-01  1.7589E-01  1.9519E+00  1.0244E-01  1.5102E-01
 -1.5660E+00 -2.4037E-02  1.3366E+00  1.0244E-01  1.5102E-01
 -1.2836E+00  1.9421E-01  1.5744E+00  1.0168E-01  1.5440E-01
 -1.8130E+00  1.5717E-01  9.0305E-01  1.0131E-01  1.5613E-01
 -1.1530E+00  1.5075E-01 -1.6658E+00  1.0131E-01  1.5613E-01
 -8.7855E-01  1.3866E-02  1.8317E+00  1.0131E-01  1.5613E-01
  1.4284E+00  1.5542E-01 -1.4102E+00  1.0055E-01  1.5967E-01
 -6.5847E-01 -1.3782E-01  1.8976E+00  1.0055E-01  1.5967E-01
  1.8552E+00  1.4458E-02  7.8177E-01  1.0055E-01  1.5967E-01
  5.5895E-01  1.6422E-01  1.9177E+00  1.0017E-01  1.6148E-01
  7.6590E-01  1.7121E-01  1.8343E+00  9.9797E-02  1.6332E-01
 -9.5770E-01  9.0231E-02 -1.7273E+00  9.9041E-02  1.6709E-01
 -7.4227E-01 -1.7413E-02 -1.8226E+00  9.8663E-02  1.6902E-01
  8.1466E-01  1.7675E-01  1.7828E+00  9.8663E-02  1.6902E-01
 -1.4871E+00  4.1055E-03 -1.2753E+00  9.8285E-02  1.7098E-01
  6.4535E-01  1.5699E-01  1.8431E+00  9.8285E-02  1.7098E-01
  1.7904E+00 -8.4264E-02 -7.6827E-01  9.7907E-02  1.7297E-01
  1.6724E+00  1.2878E-01 -9.5931E-01  9.7150E-02  1.7704E-01
  1.3155E+00  1.2641E-01  1.4097E+00  9.7150E-02  1.7704E-01
 -1.3734E-01  3.7111E-02  1.9092E+00  9.6393E-02  1.8124E-01
 -1.8957E+00  1.4314E-01 -2.2599E-01  9.6393E-02  1.8124E-01
 -1.8894E+00  1.5075E-01 -7.5203E-02  9.5636E-02  1.8558E-01
 -1.8143E+00 -1.5473E-01 -5.3131E-01  9.5636E-02  1.8558E-01
  1.7938E+00  1.8618E-01  5.5881E-01  9.5257E-02  1.8781E-01
  1.1533E+00 -2.6597E-02 -1.4946E+00  9.5257E-02  1.8781E-01
  8.2920E-01 -1.5041E-01  1.6797E+00  9.4878E-02  1.9007E-01
 -1.5663E+00 -1.6845E-01 -1.0247E+00  9.4878E-02  1.9007E-01
 -1.5001E+00  8.9613E-03  1.1173E+00  9.4499E-02  1.9236E-01
  2.7248E-02 -8.8285E-02 -1.8682E+00  9.4499E-02  1.9236E-01
  1.0912E+00 -1.8024E-01  1.5085E+00  9.4499E-02  1.9236E-01
  1.6640E+00  4.9857E-02  8.3361E-01  9.4120E-02  1.9470E-01
 -1.1577E+00 -1.8308E-01 -1.4465E+00  9.4120E-02  1.9470E-01
  1.8531E+00  1.7861E-01  1.9205E-02  9.4120E-02  1.9470E-01
 -6.7766E-01  1.6810E-01 -1.7071E+00  9.3361E-02  1.9948E-01
  1.8204E+00 -1.2539E-01 -2.6884E-01  9.3361E-02  1.9948E-01
  9.8754E-01  3.3002E-03  1.5167E+00  9.1844E-02  2.0954E-01
 -1.0814E+00 -7.2366E-02  1.4388E+00  9.1464E-02  2.1216E-01
  5.3716E-01 -6.0442E-02  1.7183E+00  9.1464E-02  2.1216E-01
 -1.7818E+00 -7.4192E-02  1.8400E-01  9.1084E-02  2.1482E-01
  1.0691E+00 -1.6434E-02 -1.4391E+00  9.1084E-02  2.1482E-01
 -1.5043E+00 -6.6661E-02  9.5716E-01  9.0704E-02  2.1753E-01
 -5.8671E-01 -1.2950E-01  1.6801E+00  9.0704E-02  2.1753E-01
 -1.7640E+00 -9.7746E-02  2.4986E-01  9.0704E-02  2.1753E-01
  1.7714E+00 -1.8462E-01 -1.0891E-01  9.0704E-02  2.1753E-01
 -4.0744E-01 -1.6067E-01 -1.7209E+00  9.0325E-02  2.2029E-01
  6.6747E-02 -1.3606E-01  1.7693E+00  9.0325E-02  2.2029E-01
  1.9977E-01  4.0354E-03 -1.7560E+00  8.9945E-02  2.2309E-01
 -5.1597E-01 -6.7006E-02 -1.6802E+00  8.9565E-02  2.2594E-01
 -1.6728E+00  5.3795E-02  5.1304E-01  8.9185E-02  2.2884E-01
 -8.8941E-01  1.3064E-01 -1.5020E+00  8.9185E-02  2.2884E-01
  9.6981E-01  1.1609E-01  1.4426E+00  8.8805E-02  2.3179E-01
 -5.4234E-01  4.8044E-02 -1.6549E+00  8.8805E-02  2.3179E-01
  1.6172E+00 -1.2974E-02 -6.4758E-01  8.8805E-02  2.3179E-01
 -1.5181E+00  1.3571E-01  8.2642E-01  8.8425E-02  2.3479E-01
 -1.1614E+00  1.5233E-01 -1.2783E+00  8.8425E-02  2.3479E-01
 -4.2201E-01  8.1305E-02  1.6711E+00  8.8044E-02  2.3785E-01
  1.5846E+00 -1.0160E-01  6.5372E-01  8.7664E-02  2.4095E-01
 -1.2304E+00 -1.4359E-01  1.1892E+00  8.7664E-02  2.4095E-01
  4.2222E-01  1.1378E-01  1.6605E+00  8.7664E-02  2.4095E-01
 -1.7131E+00  8.5351E-02 -8.1175E-02  8.7664E-02  2.4095E-01
 -2.9688E-01 -9.5121E-03 -1.6913E+00  8.7664E-02  2.4095E-01
  1.6950E-01  1.6373E-02  1.7087E+00  8.7664E-02  2.4095E-01
 -4.8132E-01 -1.5632E-01  1.6322E+00  8.7284E-02  2.4412E-01
  1.6170E+00  3.8791E-02  5.5137E-01  8.7284E-02  2.4412E-01
 -7.0112E-01 -5.3161E-02 -1.5485E+00  8.6904E-02  2.4734E-01
 -1.6775E+00 -8.6328E-02 -2.6608E-01  8.6904E-02  2.4734E-01
 -1.6414E+00  5.6567E-02 -4.4123E-01  8.6904E-02  2.4734E-01
 -1.2445E+00 -2.3840E-02 -1.1346E+00  8.6143E-02  2.5395E-01
  1.2067E+00  6.5156E-02 -1.1732E+00  8.6143E-02  2.5395E-01
  1.2910E+00  3.2870E-03  1.0689E+00  8.5763E-02  2.5734E-01
 -6.2343E-02 -5.6735E-02  1.6740E+00  8.5763E-02  2.5734E-01
  3.0987E-02  1.5641E-02  1.6757E+00  8.5763E-02  2.5734E-01
  1.3291E+00 -7.2951E-02  1.0185E+00  8.5763E-02  2.5734E-01
 -1.6207E+00  1.1166E-01 -3.4066E-01  8.5002E-02  2.6431E-01
  1.5949E+00  1.9512E-02  4.2925E-01  8.4622E-02  2.6789E-01
  1.6505E+00  6.5920E-02 -1.2544E-03  8.4622E-02  2.6789E-01
  1.2084E+00  6.6275E-02 -1.1242E+00  8.4622E-02  2.6789E-01
 -4.8171E-01 -7.9844E-02 -1.5780E+00  8.4622E-02  2.6789E-01
 -7.0521E-01  2.8038E-02 -1.4934E+00  8.4622E-02  2.6789E-01
  1.2179E+00  8.1452E-03 -1.1039E+00  8.4241E-02  2.7154E-01
 -1.6000E+00 -9.8516E-02 -3.6377E-01  8.4241E-02  2.7154E-01
 -1.3493E+00  3.6844E-02  9.2399E-01  8.3861E-02  2.7525E-01
 -8.2181E-01 -1.3018E-01 -1.4083E+00  8.3861E-02  2.7525E-01
  1.6319E+00 -3.1685E-02 -1.0786E-01  8.3861E-02  2.7525E-01
 -5.9751E-01  7.2013E-03  1.5141E+00  8.3480E-02  2.7903E-01
 -6.8352E-01 -1.1497E-01  1.4728E+00  8.3480E-02  2.7903E-01
 -8.2806E-01 -1.7861E-01  1.3714E+00  8.2719E-02  2.8681E-01
  2.8103E-01  7.7840E-02 -1.5853E+00  8.2719E-02  2.8681E-01
  1.4670E+00 -1.3817E-01  6.3387E-01  8.2338E-02  2.9080E-01
 -1.3993E+00  1.4895E-01 -7.6988E-01  8.2338E-02  2.9080E-01
 -1.3147E-01  9.8200E-02  1.5877E+00  8.1958E-02  2.9487E-01
  1.4971E+00  6.1384E-02  5.5009E-01  8.1958E-02  2.9487E-01
  1.1398E+00 -1.7628E-01 -1.0807E+00  8.1197E-02  3.0324E-01
 -1.4798E+00  1.0625E-01  5.2207E-01  8.0816E-02  3.0755E-01
 -3.1939E-01 -1.4021E-01  1.5337E+00  8.0816E-02  3.0755E-01
  7.3013E-02  7.4135E-02  1.5617E+00  8.0435E-02  3.1193E-01
 -1.5101E+00 -8.9933E-02 -3.7010E-01  8.0055E-02  3.1640E-01
  1.5028E+00  8.3214E-02 -4.0020E-01  8.0055E-02  3.1640E-01
 -7.2448E-01  6.8766E-02 -1.3683E+00  7.9674E-02  3.2096E-01
  1.5493E+00  3.4592E-02 -1.8793E-02  7.9674E-02  3.2096E-01
  2.6724E-01 -5.7306E-02 -1.5177E+00  7.9293E-02  3.2561E-01
  5.0756E-01  3.1756E-02  1.4559E+00  7.9293E-02  3.2561E-01
 -1.0183E+00 -1.1722E-01 -1.1421E+00  7.8913E-02  3.3034E-01
 -1.1651E+00  1.8306E-02  9.9862E-01  7.8913E-02  3.3034E-01
 -7.0884E-02 -1.5589E-01 -1.5250E+00  7.8913E-02  3.3034E-01
  6.3354E-01 -5.0676E-02 -1.3885E+00  7.8532E-02  3.3517E-01
 -9.3025E-01  1.3659E-03 -1.2015E+00  7.8152E-02  3.4009E-01
 -1.0021E+00  8.9922E-02  1.1287E+00  7.7771E-02  3.4511E-01
  1.2757E+00 -1.1381E-01 -8.0373E-01  7.7771E-02  3.4511E-01
 -1.4997E+00  3.9285E-02  1.8867E-01  7.7771E-02  3.4511E-01
  4.7214E-02  7.6839E-03  1.5113E+00  7.7771E-02  3.4511E-01
  7.5074E-01 -1.6673E-01  1.2932E+00  7.7390E-02  3.5022E-01
  1.1333E+00  3.6430E-05 -9.8965E-01  7.7390E-02  3.5022E-01
  8.5637E-01  2.8818E-02  1.2368E+00  7.7390E-02  3.5022E-01
 -1.3840E+00 -1.6402E-01  5.4712E-01  7.7010E-02  3.5544E-01
  7.4238E-01  1.3560E-01 -1.2931E+00  7.7010E-02  3.5544E-01
  6.0251E-02  5.3912E-02  1.4950E+00  7.7010E-02  3.5544E-01
 -4.7818E-01 -1.7133E-01 -1.4006E+00  7.6629E-02  3.6076E-01
 -7.4237E-01 -1.7847E-01 -1.2793E+00  7.6629E-02  3.6076E-01
 -8.5611E-01 -4.7554E-02 -1.2184E+00  7.6629E-02  3.6076E-01
 -6.6730E-01  1.5028E-01 -1.3153E+00  7.6248E-02  3.6619E-01
  1.2031E+00 -1.7292E-01 -8.4881E-01  7.6248E-02  3.6619E-01
  1.2345E+00  1.3706E-01 -7.9595E-01  7.5868E-02  3.7173E-01
  2.0720E-01  1.8725E-02 -1.4605E+00  7.5868E-02  3.7173E-01
 -1.1511E+00  1.8613E-01 -9.0360E-01  7.5868E-02  3.7173E-01
 -1.4632E+00  7.7737E-02 -8.8829E-02  7.5487E-02  3.7739E-01
  1.1860E+00  5.5451E-02  8.6328E-01  7.5487E-02  3.7739E-01
  8.9171E-01 -1.2729E-01  1.1408E+00  7.4726E-02  3.8904E-01
  1.2803E+00 -1.3342E-01  6.7524E-01  7.4726E-02  3.8904E-01
 -9.5682E-02 -1.8356E-01 -1.4387E+00  7.4726E-02  3.8904E-01
 -3.2816E-01 -1.0966E-01 -1.4118E+00  7.4726E-02  3.8904E-01
  4.7529E-01  8.7644E-02 -1.3633E+00  7.4345E-02  3.9504E-01
 -2.4693E-01  1.4576E-01 -1.4177E+00  7.4345E-02  3.9504E-01
  7.0587E-01 -1.4257E-02  1.2624E+00  7.4345E-02  3.9504E-01
 -1.1703E+00  4.5761E-02  8.3655E-01  7.3965E-02  4.0117E-01
  1.4116E+00  1.7479E-02 -1.9548E-01  7.3203E-02  4.1382E-01
  7.1097E-01  6.9692E-03 -1.2352E+00  7.3203E-02  4.1382E-01
  3.2458E-01 -3.5631E-02  1.3801E+00  7.2822E-02  4.2035E-01
 -1.3637E+00  4.2580E-02 -3.8714E-01  7.2822E-02  4.2035E-01
 -1.0618E+00 -6.4221E-02  9.3802E-01  7.2822E-02  4.2035E-01
  1.4021E+00 -7.7490E-02 -1.9904E-01  7.2822E-02  4.2035E-01
 -5.2607E-01 -9.4476E-02  1.2987E+00  7.2061E-02  4.3381E-01
 -9.8554E-01  8.7606E-02 -9.9669E-01  7.2061E-02  4.3381E-01
 -1.3557E+00 -1.6448E-01 -3.2775E-01  7.2061E-02  4.3381E-01
  8.6192E-01  1.0995E-01 -1.1033E+00  7.2061E-02  4.3381E-01
  6.4055E-01  1.3958E-01 -1.2342E+00  7.1680E-02  4.4076E-01
  1.1965E+00 -7.9546E-02 -7.1776E-01  7.1680E-02  4.4076E-01
 -1.4268E-01  8.5640E-03  1.3834E+00  7.1300E-02  4.4786E-01
  2.0190E-01 -1.5315E-01  1.3674E+00  7.1300E-02  4.4786E-01
 -9.0606E-01  4.4508E-03  1.0551E+00  7.1300E-02  4.4786E-01
 -1.3511E+00  1.6986E-01 -2.4709E-01  7.0919E-02  4.5511E-01
  2.9787E-01 -6.4627E-02 -1.3500E+00  7.0919E-02  4.5511E-01
  4.7001E-01 -7.9258E-02  1.2993E+00  7.0919E-02  4.5511E-01
  1.3527E+00  1.4122E-01  2.5615E-01  7.0919E-02  4.5511E-01
 -1.2143E+00  1.6715E-01  6.2801E-01  7.0538E-02  4.6253E-01
  1.6839E-01  1.3223E-01 -1.3605E+00  7.0538E-02  4.6253E-01
 -1.1980E+00  1.0006E-01 -6.5824E-01  7.0157E-02  4.7010E-01
  2.0275E-01  1.2564E-01  1.3496E+00  7.0157E-02  4.7010E-01
  6.1171E-03  1.0047E-01 -1.3668E+00  7.0157E-02  4.7010E-01
 -2.5197E-02 -1.3720E-01  1.3634E+00  7.0157E-02  4.7010E-01
  1.0319E+00 -6.8729E-02  8.8918E-01  6.9776E-02  4.7784E-01
 -7.5391E-01 -1.8268E-02  1.1364E+00  6.9776E-02  4.7784E-01
 -6.6030E-01 -1.5284E-01  1.1760E+00  6.9395E-02  4.8575E-01
 -2.4913E-02 -1.5550E-01 -1.3415E+00  6.9014E-02  4.9384E-01
  6.5525E-01 -2.7240E-02 -1.1734E+00  6.8633E-02  5.0211E-01
  1.3093E+00 -1.5186E-01 -2.6387E-01  6.8633E-02  5.0211E-01
  1.3341E+00  5.8404E-02  1.5392E-01  6.8633E-02  5.0211E-01
 -1.3104E+00  9.6064E-04 -2.9954E-01  6.8633E-02  5.0211E-01
  1.2580E+00  3.3245E-02  4.5377E-01  6.8252E-02  5.1057E-01
 -6.3175E-02 -6.9760E-02  1.3345E+00  6.8252E-02  5.1057E-01
 -1.1793E+00  1.4094E-01  6.0159E-01  6.7871E-02  5.1923E-01
  1.3254E+00 -7.1891E-04  1.2531E-01  6.7871E-02  5.1923E-01
 -1.2023E+00 -8.8813E-02 -5.6486E-01  6.7871E-02  5.1923E-01
  7.4624E-01  1.5528E-01  1.0838E+00  6.7489E-02  5.2808E-01
 -1.2399E+00  1.1508E-01  4.5283E-01  6.7489E-02  5.2808E-01
  2.1319E-02  3.0447E-02  1.3181E+00  6.7108E-02  5.3713E-01
  3.9186E-01 -8.7709E-02 -1.2494E+00  6.6726E-02  5.4640E-01
  3.2063E-01 -8.3309E-02 -1.2699E+00  6.6726E-02  5.4640E-01
  1.1819E+00  4.6205E-02 -5.6862E-01  6.6726E-02  5.4640E-01
  1.3066E+00  8.8909E-02  8.5511E-02  6.6726E-02  5.4640E-01
 -6.9266E-01  9.6453E-02  1.1105E+00  6.6726E-02  5.4640E-01
 -1.2933E+00 -1.8280E-01 -7.4627E-03  6.6345E-02  5.5588E-01
  1.2375E+00  2.7638E-02 -4.1708E-01  6.6345E-02  5.5588E-01
  1.1164E-01  1.2145E-01  1.2957E+00  6.6345E-02  5.5588E-01
  8.0997E-01  1.8118E-02 -1.0245E+00  6.6345E-02  5.5588E-01
  9.3022E-01  6.3268E-02  9.0588E-01  6.5963E-02  5.6559E-01
 -1.0972E+00 -6.5539E-02 -6.9417E-01  6.5963E-02  5.6559E-01
  1.1299E+00  3.5540E-02 -6.4195E-01  6.5963E-02  5.6559E-01
  1.2017E+00 -1.8195E-01  4.6112E-01  6.5963E-02  5.6559E-01
 -9.7172E-01  1.1469E-01 -8.4654E-01  6.5581E-02  5.7553E-01
  8.6343E-02  6.4130E-02 -1.2894E+00  6.5581E-02  5.7553E-01
  5.2285E-01  1.6100E-02  1.1767E+00  6.5199E-02  5.8571E-01
  1.0122E+00  2.1815E-02  7.9578E-01  6.5199E-02  5.8571E-01
  6.0256E-01 -3.0404E-02  1.1377E+00  6.5199E-02  5.8571E-01
  7.4087E-01  9.9871E-02  1.0411E+00  6.4817E-02  5.9614E-01
 -1.1435E-01 -1.6361E-01  1.2600E+00  6.4434E-02  6.0681E-01
 -1.1633E+00 -7.9960E-02 -5.1762E-01  6.4434E-02  6.0681E-01
  1.2527E+00  4.2330E-02  2.3774E-01  6.4434E-02  6.0681E-01
  5.2754E-01 -3.0051E-02  1.1546E+00  6.4051E-02  6.1776E-01
  5.8449E-01 -4.5419E-03  1.1273E+00  6.4051E-02  6.1776E-01
 -1.0819E+00 -6.2117E-02  6.6190E-01  6.4051E-02  6.1776E-01
 -1.1436E+00 -6.7083E-02  5.3395E-01  6.3669E-02  6.2897E-01
 -1.0262E+00  1.6322E-01 -7.1957E-01  6.3669E-02  6.2897E-01
 -5.2484E-01 -1.1477E-01  1.1441E+00  6.3669E-02  6.2897E-01
 -1.2461E+00 -1.7277E-01  1.2155E-01  6.3669E-02  6.2897E-01
  1.0959E+00 -3.3337E-02 -6.2876E-01  6.3669E-02  6.2897E-01
  1.7136E-02 -1.5532E-01  1.2542E+00  6.3669E-02  6.2897E-01
 -1.1985E+00 -8.7269E-03 -4.0135E-01  6.3669E-02  6.2897E-01
  1.6090E-01 -5.2186E-02 -1.2467E+00  6.3285E-02  6.4046E-01
  2.4242E-01  1.7292E-01 -1.2223E+00  6.3285E-02  6.4046E-01
  2.7465E-01 -9.1622E-02 -1.2243E+00  6.3285E-02  6.4046E-01
  1.2231E+00  1.3273E-01 -2.6287E-01  6.3285E-02  6.4046E-01
  9.2497E-01  1.3089E-01 -8.4267E-01  6.3285E-02  6.4046E-01
 -4.6392E-01 -1.8286E-01  1.1550E+00  6.3285E-02  6.4046E-01
  2.6455E-01 -9.2898E-02 -1.2205E+00  6.2902E-02  6.5224E-01
 -1.0791E+00  4.6166E-02 -6.3383E-01  6.2902E-02  6.5224E-01
  1.1434E-03 -9.9145E-02  1.2484E+00  6.2902E-02  6.5224E-01
  9.6925E-01  1.3465E-01  7.7227E-01  6.2518E-02  6.6433E-01
  7.1098E-01 -1.0294E-01 -1.0188E+00  6.2518E-02  6.6433E-01
 -9.1854E-01  7.8047E-02  8.3915E-01  6.2518E-02  6.6433E-01
  4.9877E-01  1.0813E-01 -1.1311E+00  6.2134E-02  6.7672E-01
 -2.8941E-01  1.5463E-01  1.1967E+00  6.2134E-02  6.7672E-01
 -1.0186E+00  2.3874E-02 -6.9843E-01  6.1750E-02  6.8943E-01
 -1.0952E+00 -5.6262E-02 -5.6856E-01  6.1750E-02  6.8943E-01
  8.6125E-01 -1.7623E-01  8.6783E-01  6.1750E-02  6.8943E-01
  3.5735E-01 -1.2975E-01 -1.1753E+00  6.1750E-02  6.8943E-01
 -1.0937E+00  2.2439E-02 -5.6174E-01  6.1365E-02  7.0248E-01
 -1.0627E+00  8.5324E-02 -6.1282E-01  6.1365E-02  7.0248E-01
 -9.3433E-01 -1.3502E-01 -7.7082E-01  6.0595E-02  7.2962E-01
 -8.7499E-01  1.1456E-01  8.4061E-01  6.0595E-02  7.2962E-01
  9.6987E-01 -4.6914E-02  7.2758E-01  6.0209E-02  7.4374E-01
 -1.1753E+00  1.7099E-01  2.4848E-01  6.0209E-02  7.4374E-01
 -1.1815E+00  1.8009E-01  2.0925E-01  6.0209E-02  7.4374E-01
 -2.2955E-01 -4.0535E-02  1.1907E+00  6.0209E-02  7.4374E-01
  2.2175E-01  1.7269E-01  1.1749E+00  5.9822E-02  7.5825E-01
  4.4009E-01  9.2323E-03 -1.1249E+00  5.9822E-02  7.5825E-01
 -8.6558E-01 -1.8040E-01 -8.1532E-01  5.9436E-02  7.7315E-01
  1.2193E-01 -3.1598E-02  1.1961E+00  5.9436E-02  7.7315E-01
 -6.7315E-01  3.0660E-03  9.9036E-01  5.9048E-02  7.8847E-01
 -1.1771E+00  1.2490E-01 -1.8101E-01  5.9048E-02  7.8847E-01
 -8.8420E-01  2.1465E-02 -8.0727E-01  5.9048E-02  7.8847E-01
 -1.1942E+00 -8.8295E-02  3.6042E-03  5.9048E-02  7.8847E-01
 -6.8585E-01  3.6733E-02  9.6833E-01  5.8271E-02  8.2042E-01
 -1.1580E+00 -1.2354E-01  2.3066E-01  5.8271E-02  8.2042E-01
  1.1742E+00  1.9088E-02 -1.7413E-01  5.8271E-02  8.2042E-01
 -7.4745E-01 -2.1778E-03  9.2235E-01  5.8271E-02  8.2042E-01
 -8.4302E-01 -1.2137E-01  8.2704E-01  5.8271E-02  8.2042E-01
  8.6655E-01 -1.5256E-01  7.9701E-01  5.8271E-02  8.2042E-01
 -8.1037E-01  1.1075E-01  8.6049E-01  5.8271E-02  8.2042E-01
  1.1706E+00 -1.3690E-01  1.4305E-01  5.8271E-02  8.2042E-01
  1.1781E+00 -8.7733E-02 -1.1744E-01  5.8271E-02  8.2042E-01
  9.9962E-01  1.2326E-01  6.1885E-01  5.7882E-02  8.3709E-01
 -1.0463E+00 -4.0788E-02  5.4872E-01  5.7882E-02  8.3709E-01
  7.7102E-01 -9.9846E-02  8.8384E-01  5.7492E-02  8.5424E-01
  1.0360E+00 -1.2866E-01  5.4378E-01  5.7492E-02  8.5424E-01
  8.8807E-01 -1.6248E-01  7.5535E-01  5.7492E-02  8.5424E-01
  6.7595E-04  1.0081E-02 -1.1771E+00  5.7492E-02  8.5424E-01
 -1.1608E+00 -3.0409E-02  1.6015E-01  5.7101E-02  8.7190E-01
 -6.5247E-01 -1.4189E-01  9.6341E-01  5.7101E-02  8.7190E-01
  1.1306E+00 -5.2375E-02 -2.8560E-01  5.6710E-02  8.9009E-01
 -7.1743E-01  4.8667E-02  9.1952E-01  5.6710E-02  8.9009E-01
  6.9154E-01  7.4546E-02 -9.3745E-01  5.6710E-02  8.9009E-01
 -1.0793E+00  6.2831E-02 -4.4025E-01  5.6710E-02  8.9009E-01
 -1.2970E-01 -1.8373E-01 -1.1454E+00  5.6710E-02  8.9009E-01
 -8.1341E-01  1.6206E-01 -8.0771E-01  5.5924E-02  9.2814E-01
 -5.9873E-01  1.5636E-01  9.7846E-01  5.5924E-02  9.2814E-01
  6.4459E-01 -8.5434E-02 -9.5787E-01  5.5924E-02  9.2814E-01
  6.8465E-01 -1.1644E-01 -9.2628E-01  5.5924E-02  9.2814E-01
  1.1498E+00  4.5180E-02 -1.2710E-01  5.5924E-02  9.2814E-01
  1.1348E+00 -5.3364E-02  1.9704E-01  5.5530E-02  9.4805E-01
 -6.3322E-01 -4.1433E-02  9.6268E-01  5.5530E-02  9.4805E-01
  5.3588E-01 -3.1791E-02  1.0204E+00  5.5530E-02  9.4805E-01
 -1.1456E+00 -3.1074E-02  1.2639E-01  5.5530E-02  9.4805E-01
 -1.9924E-01 -9.4505E-02  1.1270E+00  5.5134E-02  9.6859E-01
  1.0705E+00 -2.5389E-02 -4.1486E-01  5.5134E-02  9.6859E-01
  1.1121E+00 -1.2890E-01 -2.5554E-01  5.5134E-02  9.6859E-01
  1.0597E+00 -1.7833E-03 -4.4255E-01  5.5134E-02  9.6859E-01
  7.1917E-01  1.7142E-01 -8.7874E-01  5.5134E-02  9.6859E-01
 -1.0975E+00  1.1811E-01  2.9954E-01  5.4738E-02  9.8980E-01
 -9.1237E-01  1.8422E-01 -6.6477E-01  5.4738E-02  9.8980E-01
 -4.6654E-01  9.2390E-02 -1.0402E+00  5.4738E-02  9.8980E-01
 -1.1146E+00 -7.9717E-02 -2.2201E-01  5.4340E-02  1.0117E+00
 -3.6451E-01  1.0106E-01 -1.0699E+00  5.3941E-02  1.0343E+00
 -6.0186E-01  4.1005E-02 -9.6121E-01  5.3941E-02  1.0343E+00
 -1.0796E+00  5.7565E-02 -3.4485E-01  5.3941E-02  1.0343E+00
  1.1017E+00  1.0406E-01 -2.3083E-01  5.3541E-02  1.0577E+00
  1.7075E-01  1.6979E-01 -1.1045E+00  5.3541E-02  1.0577E+00
 -9.2693E-01 -8.0036E-02  6.3447E-01  5.3139E-02  1.0818E+00
  4.9867E-01 -7.3503E-03 -1.0097E+00  5.3139E-02  1.0818E+00
 -4.2768E-01  9.0653E-02  1.0378E+00  5.3139E-02  1.0818E+00
  9.7263E-01  1.1953E-01  5.5487E-01  5.3139E-02  1.0818E+00
  1.0437E+00  1.6016E-02  4.1105E-01  5.2736E-02  1.1068E+00
 -1.1193E+00 -7.6256E-02  1.1381E-03  5.2736E-02  1.1068E+00
  9.4636E-01 -5.6881E-03  6.0247E-01  5.2736E-02  1.1068E+00
 -1.0977E+00 -4.0628E-02  2.0637E-01  5.2331E-02  1.1327E+00
 -9.8341E-01 -1.4376E-01  5.1132E-01  5.2331E-02  1.1327E+00
 -8.8564E-01  1.1402E-01  6.6531E-01  5.1925E-02  1.1595E+00
  1.0193E+00 -1.5273E-01  4.2147E-01  5.1925E-02  1.1595E+00
 -8.4827E-01  3.0996E-02 -7.2075E-01  5.1925E-02  1.1595E+00
  1.0060E+00 -2.7508E-02  4.7673E-01  5.1925E-02  1.1595E+00
  3.4769E-01  1.1119E-01 -1.0520E+00  5.1925E-02  1.1595E+00
  1.0345E+00 -3.7717E-02 -3.9912E-01  5.1516E-02  1.1873E+00
 -1.0810E+00 -1.1492E-01 -2.2180E-01  5.1516E-02  1.1873E+00
 -4.1624E-01 -2.8612E-02 -1.0237E+00  5.1106E-02  1.2161E+00
  5.1385E-01 -6.3529E-02 -9.7676E-01  5.1106E-02  1.2161E+00
 -6.3179E-01  1.5823E-01  8.8841E-01  5.0694E-02  1.2461E+00
 -2.1746E-01 -6.4569E-02 -1.0780E+00  5.0694E-02  1.2461E+00
  1.0164E+00  9.9721E-02 -4.1277E-01  5.0694E-02  1.2461E+00
  7.1882E-01 -2.5603E-02 -8.2923E-01  5.0279E-02  1.2771E+00
 -7.1516E-02 -1.6754E-01  1.0825E+00  5.0279E-02  1.2771E+00
 -9.2455E-01 -2.1029E-02  5.9139E-01  5.0279E-02  1.2771E+00
  1.0501E+00 -1.1649E-01  2.9791E-01  5.0279E-02  1.2771E+00
 -4.5203E-01 -1.4436E-01  9.8565E-01  4.9863E-02  1.3094E+00
  1.0852E+00  1.2946E-01 -4.6643E-02  4.9863E-02  1.3094E+00
  1.7519E-01 -1.2683E-01 -1.0685E+00  4.9444E-02  1.3430E+00
  7.4638E-01  7.8509E-02  7.9076E-01  4.9444E-02  1.3430E+00
  8.5718E-03  1.1528E-01 -1.0804E+00  4.9022E-02  1.3780E+00
  6.2316E-01 -1.8036E-01  8.7163E-01  4.9022E-02  1.3780E+00
 -1.5459E-01  1.1200E-01 -1.0697E+00  4.9022E-02  1.3780E+00
 -1.0352E+00  9.7620E-02 -3.1528E-01  4.9022E-02  1.3780E+00
  2.7371E-01 -8.4360E-03  1.0478E+00  4.8597E-02  1.4144E+00
  7.2481E-01 -5.4174E-02 -8.0283E-01  4.8597E-02  1.4144E+00
 -1.0266E+00 -1.8811E-02  3.3308E-01  4.8170E-02  1.4524E+00
  4.6242E-01  9.9123E-02 -9.6651E-01  4.7739E-02  1.4920E+00
 -9.9452E-01 -7.1435E-02  4.0451E-01  4.7739E-02  1.4920E+00
 -1.4060E-01  1.5886E-01 -1.0549E+00  4.7739E-02  1.4920E+00
 -8.0784E-01 -6.2748E-02  7.0800E-01  4.7739E-02  1.4920E+00
 -7.7891E-01 -4.5886E-02  7.4094E-01  4.7739E-02  1.4920E+00
  1.0306E+00 -2.7669E-02  3.0802E-01  4.7739E-02  1.4920E+00
 -7.9361E-01 -2.8212E-02 -7.2608E-01  4.7739E-02  1.4920E+00
  3.9980E-01 -1.5996E-01  9.8241E-01  4.7306E-02  1.5334E+00
  9.2984E-01 -9.5505E-02  5.2616E-01  4.7306E-02  1.5334E+00
 -7.0220E-01 -4.2888E-02 -8.0972E-01  4.7306E-02  1.5334E+00
 -1.4470E-01 -1.3133E-01  1.0547E+00  4.7306E-02  1.5334E+00
  3.2260E-01 -1.2758E-01  1.0150E+00  4.7306E-02  1.5334E+00
 -8.8874E-02 -1.3850E-02  1.0689E+00  4.7306E-02  1.5334E+00
  6.8842E-01 -8.1470E-02 -8.1421E-01  4.6868E-02  1.5768E+00
 -7.2865E-02  1.2301E-01 -1.0565E+00  4.6427E-02  1.6222E+00
  7.7292E-01 -1.4750E-01 -7.1933E-01  4.6427E-02  1.6222E+00
  6.3332E-01 -1.6233E-01  8.4211E-01  4.6427E-02  1.6222E+00
  9.9425E-02 -1.2083E-01 -1.0546E+00  4.6427E-02  1.6222E+00
  8.7325E-01 -7.3654E-02 -6.0713E-01  4.6427E-02  1.6222E+00
  7.1492E-01 -9.3168E-03 -7.9082E-01  4.6427E-02  1.6222E+00
  1.4352E-01 -1.2664E-01  1.0456E+00  4.5982E-02  1.6697E+00
 -1.0591E+00 -3.8659E-02 -1.4708E-02  4.5533E-02  1.7196E+00
 -1.0390E+00 -9.2639E-03 -2.0931E-01  4.5533E-02  1.7196E+00
 -1.0125E+00 -1.4322E-01  2.7876E-01  4.5533E-02  1.7196E+00
 -6.5020E-01  6.4358E-02  8.3453E-01  4.5533E-02  1.7196E+00
 -8.5390E-01 -7.7298E-02  6.2308E-01  4.5533E-02  1.7196E+00
  4.5063E-01  1.0728E-01  9.4994E-01  4.5079E-02  1.7721E+00
 -8.0105E-01 -6.7572E-02  6.8609E-01  4.5079E-02  1.7721E+00
 -7.5374E-01 -1.1367E-01  7.2782E-01  4.4620E-02  1.8273E+00
  1.0076E+00 -1.7994E-01  2.5110E-01  4.4620E-02  1.8273E+00
  8.7779E-01 -2.9091E-02  5.7739E-01  4.4156E-02  1.8855E+00
  1.0382E+00  1.6312E-01  1.7298E-02  4.4156E-02  1.8855E+00
  5.9247E-01 -1.2226E-01  8.5952E-01  4.4156E-02  1.8855E+00
  2.4819E-02  1.3418E-01  1.0422E+00  4.4156E-02  1.8855E+00
  2.4806E-02  4.4164E-02  1.0443E+00  4.3212E-02  2.0119E+00
  6.8192E-02  1.7341E-01 -1.0288E+00  4.3212E-02  2.0119E+00
 -9.8321E-01  5.5047E-03 -3.5564E-01  4.3212E-02  2.0119E+00
 -2.5882E-01 -1.7753E-01  9.9458E-01  4.2730E-02  2.0806E+00
 -1.0107E+00  2.2725E-02  2.5619E-01  4.2730E-02  2.0806E+00
 -8.3736E-01 -6.6131E-02  6.1819E-01  4.2730E-02  2.0806E+00
  5.3982E-01 -9.5681E-02 -8.8721E-01  4.2730E-02  2.0806E+00
  7.4066E-01 -6.5048E-02  7.2770E-01  4.2242E-02  2.1536E+00
  9.6794E-01 -1.7336E-01  3.3970E-01  4.2242E-02  2.1536E+00
 -9.5152E-01 -2.1733E-02  4.1392E-01  4.1747E-02  2.2312E+00
  4.9466E-01  1.6436E-01 -8.9749E-01  4.1747E-02  2.2312E+00
  6.6323E-01 -9.8660E-02  7.8904E-01  4.1244E-02  2.3138E+00
  7.2675E-01 -1.1104E-02 -7.3750E-01  4.1244E-02  2.3138E+00
 -3.2223E-01 -1.3009E-01 -9.7542E-01  4.1244E-02  2.3138E+00
  2.0466E-01 -6.0404E-03 -1.0150E+00  4.1244E-02  2.3138E+00
 -2.3089E-01  1.8143E-01 -9.9053E-01  4.0733E-02  2.4020E+00
  4.6560E-01  1.2858E-01 -9.1327E-01  4.0733E-02  2.4020E+00
  4.3573E-01 -5.9306E-02 -9.3487E-01  4.0733E-02  2.4020E+00
 -6.2150E-01 -3.9024E-02 -8.2154E-01  4.0213E-02  2.4964E+00
  1.8198E-01  1.5023E-01 -1.0035E+00  4.0213E-02  2.4964E+00
 -7.7893E-01  9.8884E-02  6.6798E-01  4.0213E-02  2.4964E+00
 -6.8900E-01 -8.4095E-02  7.6218E-01  4.0213E-02  2.4964E+00
  5.4533E-01 -1.7308E-01  8.5754E-01  4.0213E-02  2.4964E+00
  6.2447E-01  5.4575E-02  8.1564E-01  3.9683E-02  2.5977E+00
 -8.3643E-01 -8.9313E-02  5.9214E-01  3.9683E-02  2.5977E+00
  3.3528E-01 -1.2585E-01  9.6435E-01  3.9683E-02  2.5977E+00
  8.9596E-01  1.7145E-01  4.7548E-01  3.9683E-02  2.5977E+00
  3.3754E-01  1.0160E-01  9.6642E-01  3.9683E-02  2.5977E+00
 -8.5877E-01  3.7631E-02  5.6125E-01  3.9143E-02  2.7067E+00
 -6.7445E-01 -1.4328E-01  7.6058E-01  3.9143E-02  2.7067E+00
  1.0173E+00  6.3925E-02 -1.0385E-01  3.8592E-02  2.8243E+00
 -8.9773E-01 -5.3192E-02  4.9092E-01  3.8592E-02  2.8243E+00
  8.0484E-01 -1.3575E-01  6.1931E-01  3.8592E-02  2.8243E+00
 -1.6168E-01 -1.3681E-01 -1.0024E+00  3.8592E-02  2.8243E+00
 -9.8771E-01  1.1081E-01 -2.4066E-01  3.8029E-02  2.9517E+00
 -2.2986E-01 -1.9220E-02 -9.9627E-01  3.8029E-02  2.9517E+00
  4.0603E-01 -1.0422E-01  9.3276E-01  3.8029E-02  2.9517E+00
  5.5627E-01  1.6243E-01  8.4258E-01  3.8029E-02  2.9517E+00
 -9.5775E-01 -1.2099E-01 -3.3740E-01  3.8029E-02  2.9517E+00
 -4.0386E-01  1.9386E-02  9.3930E-01  3.8029E-02  2.9517E+00
  5.8020E-01 -2.6014E-02 -8.4170E-01  3.8029E-02  2.9517E+00
 -3.6062E-01  1.8431E-01  9.3901E-01  3.8029E-02  2.9517E+00
 -7.5674E-01 -2.5800E-02 -6.8456E-01  3.7452E-02  3.0900E+00
 -4.3024E-01  6.2539E-02  9.2354E-01  3.7452E-02  3.0900E+00
 -8.3582E-02  1.8117E-01 -1.0011E+00  3.7452E-02  3.0900E+00
 -7.6998E-01 -1.6472E-01 -6.4407E-01  3.6256E-02  3.4062E+00
  4.2870E-01  7.6507E-02 -9.1934E-01  3.6256E-02  3.4062E+00
  7.3962E-01 -4.3654E-02  6.9705E-01  3.6256E-02  3.4062E+00
 -2.4662E-01 -1.8160E-01 -9.6835E-01  3.5633E-02  3.5880E+00
 -3.1672E-01  5.3908E-02 -9.6348E-01  3.5633E-02  3.5880E+00
  9.8325E-01  8.7841E-02  2.3875E-01  3.5633E-02  3.5880E+00
 -8.2302E-01 -2.8845E-02 -5.9440E-01  3.5633E-02  3.5880E+00
  4.2379E-01 -4.2450E-02 -9.2030E-01  3.4991E-02  3.7890E+00
 -2.7774E-02 -4.3143E-02 -1.0128E+00  3.4991E-02  3.7890E+00
  4.9469E-02  1.0597E-01 -1.0058E+00  3.4329E-02  4.0125E+00
  5.5170E-01 -1.7860E-01 -8.2843E-01  3.3644E-02  4.2626E+00
  8.7415E-01 -1.5081E-01  4.8548E-01  3.3644E-02  4.2626E+00
  3.3687E-01 -1.1866E-02 -9.5339E-01  3.3644E-02  4.2626E+00
 -1.7728E-01 -1.1944E-04  9.9556E-01  3.3644E-02  4.2626E+00
 -1.0338E-01 -1.1120E-01  9.9976E-01  3.3644E-02  4.2626E+00
  1.0094E+00  2.0831E-02  2.3551E-02  3.2934E-02  4.5444E+00
 -1.8015E-01  4.1906E-02 -9.9283E-01  3.2934E-02  4.5444E+00
 -5.3829E-01  4.2431E-02  8.5199E-01  3.2195E-02  4.8645E+00
 -9.8294E-01  4.8204E-02  2.2124E-01  3.2195E-02  4.8645E+00
 -1.0072E+00 -5.2219E-02 -1.5403E-02  3.2195E-02  4.8645E+00
  4.4557E-01 -1.5969E-01 -8.9073E-01  3.2195E-02  4.8645E+00
  1.8697E-01 -4.6839E-02 -9.9009E-01  3.2195E-02  4.8645E+00
 -5.2958E-01 -1.2387E-02  8.5703E-01  3.1425E-02  5.2312E+00
 -7.6204E-01 -5.6696E-03  6.5907E-01  3.1425E-02  5.2312E+00
  1.0005E+00 -1.9407E-02  1.1738E-01  3.1425E-02  5.2312E+00
 -9.5477E-01  1.8128E-01  2.6584E-01  3.1425E-02  5.2312E+00
  1.0331E-02  1.5087E-02  1.0074E+00  3.1425E-02  5.2312E+00
 -8.9049E-01  1.0993E-01  4.5598E-01  3.0618E-02  5.6557E+00
  9.9519E-01 -1.4710E-01  3.0561E-02  3.0618E-02  5.6557E+00
  3.1653E-01  8.6940E-02  9.5143E-01  3.0618E-02  5.6557E+00
 -1.2373E-01  3.4827E-02 -9.9822E-01  3.0618E-02  5.6557E+00
  7.0243E-01  7.9304E-02 -7.1504E-01  2.9770E-02  6.1530E+00
  9.9519E-01  1.1843E-01 -8.1022E-02  2.9770E-02  6.1530E+00
 -9.8805E-01  9.7724E-02 -1.5870E-01  2.9770E-02  6.1530E+00
  5.9059E-01 -1.0792E-01  8.0656E-01  2.9770E-02  6.1530E+00
  9.6108E-01  1.4495E-01  2.5749E-01  2.9770E-02  6.1530E+00
 -1.0681E-01  1.6010E-01  9.8597E-01  2.8874E-02  6.7438E+00
  4.8383E-01 -4.0151E-02 -8.7947E-01  2.8874E-02  6.7438E+00
 -7.1624E-01 -1.4576E-01 -6.8914E-01  2.8874E-02  6.7438E+00
  5.0989E-02 -4.6540E-02 -1.0022E+00  2.8874E-02  6.7438E+00
 -9.7838E-01 -1.6581E-01 -1.5096E-01  2.7921E-02  7.4574E+00
 -8.8056E-01 -8.1010E-03  4.8172E-01  2.7921E-02  7.4574E+00
 -9.3152E-01 -1.6835E-01  3.3159E-01  2.6903E-02  8.3369E+00
 -9.9361E-01 -1.0408E-01 -8.9021E-02  2.6903E-02  8.3369E+00
  6.3432E-01 -1.4817E-01 -7.6269E-01  2.6903E-02  8.3369E+00
  9.7562E-01 -1.0843E-01 -2.0272E-01  2.5804E-02  9.4481E+00
  1.8493E-01  1.9879E-02  9.8494E-01  2.5804E-02  9.4481E+00
 -4.1557E-01 -4.6697E-02 -9.1094E-01  2.5804E-02  9.4481E+00
 -9.8927E-01  1.5018E-01  5.9005E-02  2.5804E-02  9.4481E+00
 -3.7257E-01  1.3685E-01  9.2041E-01  2.5804E-02  9.4481E+00
 -8.3350E-01 -6.3053E-02  5.5317E-01  2.5804E-02  9.4481E+00
 -9.9028E-01 -5.6737E-03 -1.5113E-01  2.4606E-02  1.0897E+01
 -7.3290E-01  2.3987E-02 -6.8251E-01  2.4606E-02  1.0897E+01
 -8.7310E-01 -1.4667E-01  4.6767E-01  2.3280E-02  1.2866E+01
 -8.9222E-01  1.7153E-01 -4.2079E-01  2.3280E-02  1.2866E+01
 -9.9781E-01  4.4493E-02 -7.0267E-02  2.3280E-02  1.2866E+01
  7.8693E-01 -1.5546E-01 -5.9856E-01  2.1787E-02  1.5696E+01
 -6.7125E-01 -1.6274E-01 -7.2433E-01  2.1787E-02  1.5696E+01
  8.0365E-02  5.6734E-02 -9.9601E-01  2.1787E-02  1.5696E+01
 -4.6430E-01 -8.9213E-02  8.8214E-01  2.1787E-02  1.5696E+01
 -9.3475E-01 -1.4743E-01 -3.2487E-01  2.0058E-02  2.0115E+01
  8.0569E-01 -9.4166E-02 -5.8570E-01  2.0058E-02  2.0115E+01
 -9.8630E-01 -1.4245E-01  8.6366E-02  1.7969E-02  2.7981E+01
 -3.7114E-01 -8.8045E-02 -9.2468E-01  1.7969E-02  2.7981E+01
 -6.4190E-01 -1.0538E-01 -7.5987E-01  1.7969E-02  2.7981E+01
