0.25994057142858D+02       603
(x,y,z) position of the X-ray source
 -0.1768E+01  0.1765E-01  0.3368E+00
x | y | z | R | rho
  9.7815E-01  9.4484E-02  9.8605E+00  3.2049E-01  4.9312E-03
 -3.6632E-01 -3.3338E-01  9.8362E+00  3.1914E-01  4.9940E-03
  1.8208E-01  9.1905E-02  9.8465E+00  3.1914E-01  4.9940E-03
  2.9957E-01  4.8753E-02  9.5889E+00  3.1345E-01  5.2709E-03
  3.8510E-01  3.4458E-01  9.5555E+00  3.1291E-01  5.2984E-03
 -9.6313E-01  5.7808E-02  9.3379E+00  3.0882E-01  5.5119E-03
  1.4962E-01  2.1368E-01  9.2507E+00  3.0580E-01  5.6766E-03
 -1.7096E+00 -3.0189E-01  8.8683E+00  3.0084E-01  5.9621E-03
  9.1367E-01 -2.3678E-01  8.9629E+00  3.0029E-01  5.9952E-03
 -7.1673E-01 -1.1169E-01  8.6199E+00  2.9193E-01  6.5247E-03
  2.0265E-01  3.6081E-01  8.5319E+00  2.8941E-01  6.6969E-03
 -1.4616E+00 -9.8474E-04  8.2082E+00  2.8461E-01  7.0411E-03
  8.5119E-02  1.2430E-01  8.2999E+00  2.8376E-01  7.1045E-03
  1.5182E+00  1.6320E-01  8.0862E+00  2.8206E-01  7.2339E-03
 -1.3643E+00 -1.0075E-01  8.0416E+00  2.8036E-01  7.3668E-03
  1.0032E+00  2.1916E-01  7.6934E+00  2.7090E-01  8.1658E-03
 -1.6036E+00  3.4850E-01  7.2803E+00  2.6364E-01  8.8587E-03
 -2.0351E+00  1.9214E-01  7.0659E+00  2.6101E-01  9.1293E-03
 -6.3641E-01  2.2497E-02  7.0056E+00  2.5305E-01  1.0018E-02
 -2.0255E+00  1.3021E-01  6.5865E+00  2.4948E-01  1.0454E-02
 -9.4762E-01  3.3999E-01  6.7464E+00  2.4769E-01  1.0682E-02
 -1.1068E+00  2.7791E-01  6.6529E+00  2.4590E-01  1.0918E-02
  2.7444E-01  1.2830E-01  6.7433E+00  2.4590E-01  1.0918E-02
 -1.2037E+00 -3.0860E-01  6.5265E+00  2.4319E-01  1.1286E-02
  1.1701E-01  2.6559E-01  6.6374E+00  2.4319E-01  1.1286E-02
  1.0016E+00  2.6535E-02  6.3528E+00  2.3775E-01  1.2079E-02
 -1.6124E+00  1.5749E-02  6.1773E+00  2.3653E-01  1.2266E-02
  4.9116E-01  1.7768E-01  6.3511E+00  2.3623E-01  1.2314E-02
 -1.7610E+00 -3.2704E-02  6.1120E+00  2.3593E-01  1.2362E-02
 -1.5437E+00 -2.1298E-01  6.1669E+00  2.3593E-01  1.2362E-02
  6.8578E-01  3.1306E-01  5.9140E+00  2.2548E-01  1.4160E-02
  1.4626E-02  1.9418E-02  5.7634E+00  2.2020E-01  1.5204E-02
  2.3422E-01  1.1541E-01  5.7458E+00  2.1988E-01  1.5269E-02
  1.6745E+00  3.1408E-01  5.4937E+00  2.1988E-01  1.5269E-02
  1.1704E+00 -2.8381E-01  5.5766E+00  2.1863E-01  1.5533E-02
  7.0315E-01  6.2747E-02  5.6379E+00  2.1801E-01  1.5667E-02
 -1.6286E+00 -1.6419E-01  5.3803E+00  2.1644E-01  1.6011E-02
  1.3151E+00 -1.5263E-01  5.4538E+00  2.1612E-01  1.6081E-02
 -8.8367E-01  7.9641E-03  5.3072E+00  2.0980E-01  1.7579E-02
 -1.8735E+00 -8.9544E-02  5.0181E+00  2.0916E-01  1.7740E-02
 -1.7070E+00 -1.9399E-01  5.0498E+00  2.0853E-01  1.7903E-02
 -1.9489E+00 -4.6534E-03  4.9653E+00  2.0853E-01  1.7903E-02
 -1.3592E+00 -1.6788E-01  5.0238E+00  2.0501E-01  1.8839E-02
  1.5927E+00  2.8635E-01  4.6463E+00  1.9695E-01  2.1249E-02
  6.5670E-03 -1.1309E-01  4.9074E+00  1.9662E-01  2.1355E-02
 -3.7568E-02 -3.7608E-02  4.6917E+00  1.9042E-01  2.3512E-02
 -3.3511E-01  2.1551E-02  4.6572E+00  1.8976E-01  2.3757E-02
 -1.6006E+00 -2.7292E-01  4.2688E+00  1.8679E-01  2.4907E-02
  2.8804E-01  2.3086E-01  4.5181E+00  1.8580E-01  2.5308E-02
 -1.8481E+00 -1.0156E-01  4.1257E+00  1.8547E-01  2.5444E-02
 -1.9310E+00 -2.8623E-02  4.0512E+00  1.8447E-01  2.5858E-02
 -1.5575E+00 -1.3225E-02  4.2090E+00  1.8447E-01  2.5858E-02
  9.4039E-01  2.6387E-01  4.2647E+00  1.8115E-01  2.7309E-02
  1.7558E-01 -1.3146E-01  4.3359E+00  1.8014E-01  2.7768E-02
  1.5456E+00 -2.4941E-01  4.0372E+00  1.7981E-01  2.7923E-02
  1.7413E+00 -2.2971E-01  3.9334E+00  1.7914E-01  2.8237E-02
  1.9066E+00  1.1433E-02  3.8252E+00  1.7813E-01  2.8718E-02
  1.1460E+00  9.9267E-02  4.1163E+00  1.7813E-01  2.8718E-02
  1.8283E+00 -1.9791E-01  3.8209E+00  1.7713E-01  2.9211E-02
  1.5504E+00 -1.9934E-01  3.7488E+00  1.7172E-01  3.2056E-02
 -7.7390E-01  5.5497E-02  3.9642E+00  1.7105E-01  3.2439E-02
 -1.2608E+00  1.4761E-01  3.7763E+00  1.6934E-01  3.3426E-02
 -1.9650E+00 -4.8539E-02  3.4525E+00  1.6900E-01  3.3629E-02
 -6.7471E-01  2.2615E-01  3.8973E+00  1.6866E-01  3.3833E-02
 -2.4211E-01  1.5225E-01  3.7964E+00  1.6387E-01  3.6891E-02
  7.9442E-02 -1.0812E-01  3.8048E+00  1.6387E-01  3.6891E-02
  1.5572E+00 -9.8712E-02  3.4486E+00  1.6318E-01  3.7360E-02
 -1.4642E-01  2.1628E-01  3.7431E+00  1.6215E-01  3.8079E-02
 -1.4744E+00 -2.0124E-01  3.4325E+00  1.6180E-01  3.8324E-02
  1.8362E-01  5.9185E-02  3.7252E+00  1.6146E-01  3.8570E-02
  7.8822E-01 -5.4013E-02  3.5224E+00  1.5764E-01  4.1436E-02
 -1.8400E+00  1.1742E-01  3.1036E+00  1.5764E-01  4.1436E-02
  6.1504E-01 -7.6895E-02  3.5011E+00  1.5590E-01  4.2840E-02
  1.9412E+00 -1.5504E-01  2.9358E+00  1.5486E-01  4.3715E-02
  2.7101E-01 -2.2807E-01  3.4942E+00  1.5451E-01  4.4012E-02
 -1.2118E+00  1.7328E-01  3.2803E+00  1.5416E-01  4.4312E-02
  1.0443E+00 -1.0726E-02  3.2173E+00  1.5030E-01  4.7815E-02
  1.4305E+00 -3.4157E-02  2.9343E+00  1.4641E-01  5.1724E-02
  1.4120E+00  1.2458E-01  2.9172E+00  1.4570E-01  5.2483E-02
  1.4999E+00  1.7538E-01  2.8583E+00  1.4535E-01  5.2868E-02
 -8.1644E-01 -2.1109E-01  3.0216E+00  1.4214E-01  5.6525E-02
 -1.8875E+00  1.5614E-01  2.4610E+00  1.4107E-01  5.7823E-02
 -1.0844E+00 -1.3032E-01  2.8732E+00  1.4000E-01  5.9164E-02
 -7.2901E-01 -1.9821E-01  2.8928E+00  1.3712E-01  6.2960E-02
  1.7914E+00  1.7930E-02  2.3937E+00  1.3712E-01  6.2960E-02
 -1.3430E+00 -7.8661E-03  2.6244E+00  1.3568E-01  6.4988E-02
 -1.4053E+00 -1.9316E-02  2.5441E+00  1.3424E-01  6.7108E-02
  1.3363E+00  1.6985E-01  2.5521E+00  1.3351E-01  6.8205E-02
 -1.4984E+00  7.9000E-02  2.4650E+00  1.3351E-01  6.8205E-02
  1.0106E+00 -2.1934E-01  2.6941E+00  1.3351E-01  6.8205E-02
  1.2633E+00 -9.6387E-02  2.5697E+00  1.3279E-01  6.9327E-02
  1.7067E+00 -1.8650E-01  2.2159E+00  1.3061E-01  7.2853E-02
 -4.3006E-01 -7.5085E-02  2.6964E+00  1.2806E-01  7.7293E-02
  7.2403E-02  1.1738E-01  2.7076E+00  1.2733E-01  7.8631E-02
 -8.0708E-01  9.7020E-03  2.5882E+00  1.2733E-01  7.8631E-02
 -1.6117E+00 -1.2896E-01  2.1635E+00  1.2697E-01  7.9312E-02
 -1.9170E+00 -1.4612E-01  1.8826E+00  1.2660E-01  8.0001E-02
  2.6344E-01 -1.7584E-02  2.6574E+00  1.2587E-01  8.1405E-02
  5.7184E-01 -1.6639E-01  2.5720E+00  1.2477E-01  8.3577E-02
 -1.0007E+00 -1.9618E-01  2.4352E+00  1.2477E-01  8.3577E-02
 -1.0645E+00  1.2374E-01  2.3797E+00  1.2367E-01  8.5829E-02
  9.9065E-01 -1.5791E-01  2.3658E+00  1.2220E-01  8.8967E-02
  1.1714E+00 -1.8764E-02  2.2758E+00  1.2183E-01  8.9776E-02
 -1.6944E+00  2.1760E-02 -1.9050E+00  1.2146E-01  9.0595E-02
  1.0785E+00 -5.5542E-02  2.2435E+00  1.1925E-01  9.5738E-02
 -1.0373E+00 -1.6229E-01  2.2359E+00  1.1851E-01  9.7542E-02
  1.9227E+00  1.7114E-01 -1.4610E+00  1.1665E-01  1.0226E-01
 -3.2988E-01  1.1820E-01  2.3954E+00  1.1665E-01  1.0226E-01
 -1.7935E+00 -7.0706E-02  1.5951E+00  1.1591E-01  1.0424E-01
  1.5401E+00  1.0724E-01 -1.7879E+00  1.1442E-01  1.0836E-01
  1.9185E+00 -1.2747E-01  1.3214E+00  1.1331E-01  1.1159E-01
  1.8357E-01 -1.5481E-01  2.3109E+00  1.1293E-01  1.1270E-01
  9.1949E-01 -6.1929E-02  2.1223E+00  1.1256E-01  1.1382E-01
  1.0457E+00 -2.0427E-01  2.0320E+00  1.1182E-01  1.1612E-01
  2.4472E-01  1.0884E-01  2.2787E+00  1.1182E-01  1.1612E-01
  1.4345E+00  3.5684E-02 -1.7409E+00  1.1032E-01  1.2090E-01
  9.4852E-01  6.3882E-02  2.0354E+00  1.0995E-01  1.2214E-01
  1.5841E+00  1.6621E-01  1.5842E+00  1.0995E-01  1.2214E-01
  1.5718E+00  8.2299E-03  1.5782E+00  1.0920E-01  1.2466E-01
 -1.2309E+00  9.6933E-02  1.8425E+00  1.0882E-01  1.2596E-01
  1.5989E+00 -8.9618E-02 -1.5345E+00  1.0882E-01  1.2596E-01
  7.3567E-01 -9.2614E-02  2.0601E+00  1.0770E-01  1.2994E-01
 -1.8814E+00  4.9488E-03 -1.0444E+00  1.0620E-01  1.3553E-01
 -4.4612E-01 -1.7116E-01  2.0981E+00  1.0620E-01  1.3553E-01
 -7.8566E-01  8.7293E-02  2.0014E+00  1.0620E-01  1.3553E-01
  3.6629E-01 -3.3226E-02  2.0917E+00  1.0507E-01  1.3994E-01
  1.5953E+00  2.1036E-02  1.4018E+00  1.0507E-01  1.3994E-01
 -1.7061E+00  3.7235E-02  1.2168E+00  1.0394E-01  1.4454E-01
  1.6669E+00  1.7560E-01 -1.2429E+00  1.0357E-01  1.4613E-01
 -1.1867E+00 -1.7483E-01 -1.6961E+00  1.0319E-01  1.4773E-01
  1.6573E+00  7.2246E-02 -1.2196E+00  1.0244E-01  1.5102E-01
 -1.5575E+00 -1.2769E-01  1.3406E+00  1.0244E-01  1.5102E-01
 -1.2414E+00 -1.8548E-02 -1.6310E+00  1.0206E-01  1.5269E-01
  3.2089E-01 -9.4132E-02  2.0131E+00  1.0168E-01  1.5440E-01
 -1.7979E+00 -1.6451E-01 -9.1131E-01  1.0093E-01  1.5789E-01
  1.0704E+00 -6.6371E-02  1.6931E+00  1.0017E-01  1.6148E-01
 -1.1276E+00  1.5234E-02  1.6568E+00  1.0017E-01  1.6148E-01
 -1.5716E+00 -2.4800E-02 -1.2435E+00  1.0017E-01  1.6148E-01
 -1.8072E+00  7.3314E-02  8.6342E-01  1.0017E-01  1.6148E-01
  1.3079E+00  1.9261E-01 -1.4943E+00  9.9797E-02  1.6332E-01
 -7.9506E-01  1.3533E-01  1.8150E+00  9.9419E-02  1.6519E-01
  1.3813E+00  2.2857E-02  1.4143E+00  9.9041E-02  1.6709E-01
 -1.2840E+00  1.5689E-01 -1.4832E+00  9.8663E-02  1.6902E-01
 -4.1068E-01 -1.8096E-01  1.9070E+00  9.8285E-02  1.7098E-01
  1.4034E+00  1.6541E-01  1.3439E+00  9.7907E-02  1.7297E-01
 -1.6904E+00  1.2199E-01  9.6476E-01  9.7907E-02  1.7297E-01
  1.6691E+00  1.2801E-01 -9.8275E-01  9.7529E-02  1.7499E-01
  1.4129E+00  6.3930E-02 -1.3166E+00  9.7150E-02  1.7704E-01
 -1.3329E+00 -2.6886E-02 -1.3987E+00  9.7150E-02  1.7704E-01
 -1.4853E+00  1.2601E-01  1.2015E+00  9.6393E-02  1.8124E-01
 -3.5412E-01  2.8246E-02  1.8813E+00  9.6393E-02  1.8124E-01
 -1.8054E+00  1.3371E-01  5.0428E-01  9.4878E-02  1.9007E-01
 -3.9591E-01  2.3932E-02 -1.8280E+00  9.4499E-02  1.9236E-01
 -2.7851E-01 -7.6673E-02 -1.8392E+00  9.4120E-02  1.9470E-01
 -1.6175E+00 -7.3671E-02  9.1894E-01  9.4120E-02  1.9470E-01
 -1.1565E-01  5.5868E-02  1.8573E+00  9.4120E-02  1.9470E-01
  2.5902E-01  1.2281E-01 -1.8396E+00  9.4120E-02  1.9470E-01
  1.6288E+00  1.5352E-01  8.7023E-01  9.3741E-02  1.9707E-01
 -1.6015E+00  1.2491E-01  9.2387E-01  9.3741E-02  1.9707E-01
  1.0493E-01  1.9047E-02 -1.8500E+00  9.3741E-02  1.9707E-01
 -5.8068E-01  5.4611E-02  1.7497E+00  9.3361E-02  1.9948E-01
 -2.5486E-01  1.8723E-01  1.8171E+00  9.3361E-02  1.9948E-01
 -1.7049E+00 -1.5626E-01  6.8609E-01  9.3361E-02  1.9948E-01
 -9.5594E-02  1.2147E-01  1.8379E+00  9.3361E-02  1.9948E-01
  1.0827E+00 -4.0203E-02 -1.4712E+00  9.2603E-02  2.0443E-01
 -1.3050E+00 -1.8274E-01 -1.2532E+00  9.2223E-02  2.0696E-01
 -9.6217E-01  9.1289E-02 -1.5302E+00  9.1844E-02  2.0954E-01
 -5.0279E-01 -5.5916E-02  1.7288E+00  9.1464E-02  2.1216E-01
 -1.3731E+00  1.1408E-01  1.1337E+00  9.0704E-02  2.1753E-01
  1.6936E+00 -7.5933E-02  5.5648E-01  9.0704E-02  2.1753E-01
 -9.9933E-01 -1.5661E-01  1.4595E+00  9.0325E-02  2.2029E-01
  1.3457E+00 -2.9233E-02  1.1583E+00  9.0325E-02  2.2029E-01
 -1.3750E+00  1.2404E-01  1.1034E+00  8.9945E-02  2.2309E-01
 -1.2082E-01  1.0277E-02  1.7632E+00  8.9945E-02  2.2309E-01
  1.7384E+00  1.2421E-01 -2.3715E-01  8.9565E-02  2.2594E-01
  7.2215E-01 -1.4582E-01  1.5972E+00  8.9565E-02  2.2594E-01
 -1.1086E+00  1.5904E-01 -1.3453E+00  8.9185E-02  2.2884E-01
  1.5820E+00  1.3765E-01  7.3667E-01  8.9185E-02  2.2884E-01
  1.5036E+00 -8.4082E-02 -8.7585E-01  8.8805E-02  2.3179E-01
 -1.6397E+00  3.9226E-02  5.8717E-01  8.8805E-02  2.3179E-01
  1.1232E+00 -7.4866E-02  1.3296E+00  8.8805E-02  2.3179E-01
  9.9418E-02 -1.4159E-01  1.7335E+00  8.8805E-02  2.3179E-01
  1.7083E+00 -6.4507E-02 -3.3530E-01  8.8805E-02  2.3179E-01
  4.0506E-01  1.0808E-01  1.6823E+00  8.8425E-02  2.3479E-01
 -1.1361E-01 -1.7329E-02 -1.7300E+00  8.8425E-02  2.3479E-01
 -1.4675E+00  8.0820E-02 -9.1969E-01  8.8425E-02  2.3479E-01
 -1.7143E+00 -7.4581E-02  1.8084E-01  8.8044E-02  2.3785E-01
 -4.1641E-01 -1.5727E-01 -1.6670E+00  8.8044E-02  2.3785E-01
 -4.2330E-01  2.8308E-02  1.6639E+00  8.7664E-02  2.4095E-01
  1.6328E+00 -7.4771E-02 -5.2625E-01  8.7664E-02  2.4095E-01
 -6.0230E-01 -1.7703E-01  1.5805E+00  8.6904E-02  2.4734E-01
  1.0278E-01 -1.1717E-01 -1.6935E+00  8.6904E-02  2.4734E-01
  1.6190E+00 -4.2879E-06 -5.2072E-01  8.6904E-02  2.4734E-01
  1.2655E+00  1.1673E-01  1.1300E+00  8.6904E-02  2.4734E-01
 -1.1895E+00  1.7773E-01 -1.1907E+00  8.6524E-02  2.5061E-01
  1.4037E+00 -1.3175E-01  9.3626E-01  8.6524E-02  2.5061E-01
  7.9902E-01 -1.5917E-01 -1.4834E+00  8.6524E-02  2.5061E-01
 -6.8403E-02 -5.8074E-02 -1.6900E+00  8.6524E-02  2.5061E-01
 -1.7266E-01  1.3996E-01 -1.6695E+00  8.6143E-02  2.5395E-01
 -1.6742E+00  1.5323E-01 -1.0185E-01  8.6143E-02  2.5395E-01
 -6.4212E-01 -1.2333E-01 -1.5521E+00  8.6143E-02  2.5395E-01
  3.5124E-02  3.2385E-02  1.6754E+00  8.5763E-02  2.5734E-01
  9.7062E-01  1.3495E-01 -1.3598E+00  8.5763E-02  2.5734E-01
 -1.6662E+00 -1.0382E-01  1.4922E-01  8.5763E-02  2.5734E-01
 -1.5836E+00  8.5249E-02  5.4228E-01  8.5763E-02  2.5734E-01
 -7.5443E-01 -1.5326E-01  1.4797E+00  8.5382E-02  2.6079E-01
 -1.4753E+00  1.3319E-01 -7.4886E-01  8.5002E-02  2.6431E-01
 -6.1486E-01 -9.2917E-02  1.5303E+00  8.4622E-02  2.6789E-01
  1.3064E+00 -6.3357E-02 -1.0088E+00  8.4622E-02  2.6789E-01
 -1.2059E+00 -2.0077E-02  1.1168E+00  8.4241E-02  2.7154E-01
  3.1970E-01 -1.4410E-02  1.6123E+00  8.4241E-02  2.7154E-01
  1.6153E+00  7.0717E-02  2.9601E-01  8.4241E-02  2.7154E-01
 -1.1190E+00  1.4418E-01 -1.1954E+00  8.4241E-02  2.7154E-01
  1.0631E+00 -7.0395E-02  1.2307E+00  8.3480E-02  2.7903E-01
 -1.5944E+00 -1.7894E-01 -2.7490E-01  8.3480E-02  2.7903E-01
  1.1614E+00  1.7018E-01 -1.1277E+00  8.3480E-02  2.7903E-01
  1.2579E+00 -3.6056E-02 -1.0199E+00  8.3100E-02  2.8288E-01
 -1.6388E-01 -1.5547E-01  1.5960E+00  8.2719E-02  2.8681E-01
 -1.4532E+00 -1.1453E-01  6.6939E-01  8.2338E-02  2.9080E-01
  7.7568E-02 -1.9735E-02 -1.6020E+00  8.2338E-02  2.9080E-01
  8.4322E-01 -6.3885E-02  1.3630E+00  8.2338E-02  2.9080E-01
  1.2357E+00 -6.0876E-02 -1.0086E+00  8.1958E-02  2.9487E-01
 -1.5498E+00 -1.0491E-02  3.8192E-01  8.1958E-02  2.9487E-01
  1.5693E+00 -1.2911E-01  2.6171E-01  8.1958E-02  2.9487E-01
  1.4793E+00 -9.9207E-02 -5.4782E-01  8.1197E-02  3.0324E-01
  1.5756E+00 -5.6764E-02 -1.1248E-01  8.1197E-02  3.0324E-01
  1.2211E+00 -1.5335E-01  9.7945E-01  8.0816E-02  3.0755E-01
  9.4292E-01 -7.2266E-02 -1.2471E+00  8.0435E-02  3.1193E-01
  5.2939E-02  1.0407E-01 -1.5530E+00  8.0055E-02  3.1640E-01
 -1.5462E+00 -1.0023E-01 -3.1359E-02  7.9674E-02  3.2096E-01
  6.1136E-01 -3.0384E-02  1.4238E+00  7.9674E-02  3.2096E-01
  1.0027E+00 -1.6837E-02 -1.1815E+00  7.9674E-02  3.2096E-01
  1.2254E+00  4.1817E-02 -9.4783E-01  7.9674E-02  3.2096E-01
  1.3675E+00 -6.4397E-02 -7.2641E-01  7.9674E-02  3.2096E-01
 -1.4195E+00 -1.0689E-01 -6.1274E-01  7.9674E-02  3.2096E-01
 -1.3921E+00  1.7288E-02 -6.6325E-01  7.9293E-02  3.2561E-01
  1.2465E+00  1.0910E-02 -8.9507E-01  7.8913E-02  3.3034E-01
  7.0586E-02  4.0204E-02  1.5324E+00  7.8913E-02  3.3034E-01
 -1.4116E+00 -1.4939E-02  6.0168E-01  7.8913E-02  3.3034E-01
  6.0678E-01 -1.0372E-01  1.4057E+00  7.8913E-02  3.3034E-01
  1.2847E+00 -3.2211E-02 -8.3868E-01  7.8913E-02  3.3034E-01
  1.0720E+00 -1.4111E-01 -1.0783E+00  7.8532E-02  3.3517E-01
 -1.4842E+00  1.5949E-01 -3.2165E-01  7.8532E-02  3.3517E-01
 -1.5111E+00  1.5940E-01 -9.1476E-03  7.8152E-02  3.4009E-01
 -8.2920E-01 -6.7126E-02 -1.2626E+00  7.7771E-02  3.4511E-01
 -8.1188E-01 -1.7954E-01  1.2540E+00  7.7390E-02  3.5022E-01
 -1.0885E+00 -8.7652E-02 -1.0134E+00  7.6629E-02  3.6076E-01
 -1.1192E+00 -1.7932E-01 -9.5548E-01  7.6248E-02  3.6619E-01
  1.3828E+00 -6.1596E-02  5.3082E-01  7.6248E-02  3.6619E-01
  1.0050E+00 -1.4280E-01  1.0805E+00  7.6248E-02  3.6619E-01
  2.2551E-01  1.5613E-01 -1.4495E+00  7.5868E-02  3.7173E-01
  2.0705E-02 -3.7103E-02 -1.4746E+00  7.5868E-02  3.7173E-01
 -1.4077E+00  1.5604E-01 -3.8578E-01  7.5487E-02  3.7739E-01
 -1.3793E+00 -1.3022E-01 -4.8532E-01  7.5487E-02  3.7739E-01
  4.0939E-01  1.5965E-01  1.4006E+00  7.5487E-02  3.7739E-01
  1.0981E+00  1.3166E-01 -9.5421E-01  7.5106E-02  3.8315E-01
 -1.1606E+00 -1.1513E-01 -8.7953E-01  7.5106E-02  3.8315E-01
  1.0749E+00 -2.7283E-02  9.8877E-01  7.5106E-02  3.8315E-01
 -6.5932E-01  1.5568E-01 -1.2860E+00  7.4726E-02  3.8904E-01
 -1.0152E+00 -1.4992E-01  1.0294E+00  7.4726E-02  3.8904E-01
 -1.3226E+00 -8.5978E-02  5.7910E-01  7.4345E-02  3.9504E-01
 -1.4260E+00  1.5089E-01 -1.2429E-01  7.3965E-02  4.0117E-01
  1.3124E+00 -1.7808E-01 -5.6342E-01  7.3965E-02  4.0117E-01
  7.9495E-01  1.0835E-01  1.1950E+00  7.3965E-02  4.0117E-01
 -1.9498E-01 -1.3611E-01  1.4124E+00  7.3584E-02  4.0743E-01
 -1.3240E+00 -1.3913E-01  5.2831E-01  7.3584E-02  4.0743E-01
 -7.6069E-01 -9.1696E-02  1.2018E+00  7.3203E-02  4.1382E-01
 -7.2251E-01 -3.9417E-02 -1.2279E+00  7.3203E-02  4.1382E-01
 -1.0339E+00 -3.0317E-02 -9.7035E-01  7.2822E-02  4.2035E-01
 -7.2096E-01 -9.7764E-02  1.2174E+00  7.2822E-02  4.2035E-01
  9.4131E-01  3.4543E-02 -1.0603E+00  7.2822E-02  4.2035E-01
  9.4014E-01  7.6765E-03  1.0526E+00  7.2442E-02  4.2701E-01
  1.3169E+00  1.0949E-01 -4.9556E-01  7.2442E-02  4.2701E-01
 -5.1760E-01 -1.6791E-01 -1.2947E+00  7.2061E-02  4.3381E-01
  1.3695E+00  1.0552E-01 -2.9269E-01  7.2061E-02  4.3381E-01
  4.6202E-01  8.3244E-03 -1.3262E+00  7.2061E-02  4.3381E-01
  1.1538E-02  4.0111E-02 -1.4038E+00  7.2061E-02  4.3381E-01
  1.3834E+00 -9.7865E-02 -1.7255E-01  7.1680E-02  4.4076E-01
 -1.1072E+00  9.2218E-02 -8.4774E-01  7.1680E-02  4.4076E-01
  2.1414E-01 -8.6408E-02 -1.3714E+00  7.1300E-02  4.4786E-01
 -9.9897E-01 -1.3280E-01  9.5841E-01  7.1300E-02  4.4786E-01
 -1.3740E+00 -1.6327E-01  1.3978E-01  7.1300E-02  4.4786E-01
 -1.2439E+00 -4.9898E-02 -6.1988E-01  7.1300E-02  4.4786E-01
 -1.3086E+00 -9.0406E-02  4.6196E-01  7.1300E-02  4.4786E-01
 -1.1983E+00  4.6870E-02 -7.0431E-01  7.1300E-02  4.4786E-01
  9.9004E-01 -1.8042E-02  9.6688E-01  7.0919E-02  4.5511E-01
 -5.4063E-01 -8.1865E-02  1.2714E+00  7.0919E-02  4.5511E-01
  3.9562E-01 -1.3021E-01 -1.3198E+00  7.0919E-02  4.5511E-01
  1.1149E+00 -2.6713E-02 -8.0811E-01  7.0538E-02  4.6253E-01
  9.4132E-01  5.6871E-02  1.0037E+00  7.0538E-02  4.6253E-01
  1.3531E+00 -1.7053E-01 -1.3579E-01  7.0157E-02  4.7010E-01
 -9.2238E-01  1.0208E-01 -1.0086E+00  7.0157E-02  4.7010E-01
 -1.1581E+00  1.6618E-01 -7.0101E-01  6.9776E-02  4.7784E-01
  7.5514E-01  1.6951E-01 -1.1231E+00  6.9776E-02  4.7784E-01
  1.3076E+00 -7.2127E-02  3.8098E-01  6.9776E-02  4.7784E-01
 -5.0672E-02  9.1126E-03 -1.3563E+00  6.9395E-02  4.8575E-01
  5.5784E-01 -1.9580E-02 -1.2300E+00  6.9014E-02  4.9384E-01
 -1.1446E+00 -1.6283E-01  6.9843E-01  6.9014E-02  4.9384E-01
  4.5307E-01  1.6926E-01  1.2612E+00  6.9014E-02  4.9384E-01
 -1.3163E+00  1.2877E-01 -2.7435E-01  6.9014E-02  4.9384E-01
 -6.9655E-01 -1.8469E-01 -1.1425E+00  6.9014E-02  4.9384E-01
  1.2762E+00 -1.2702E-01  4.0256E-01  6.8633E-02  5.0211E-01
  9.9818E-01 -1.1993E-01 -8.9232E-01  6.8633E-02  5.0211E-01
  1.3167E+00  1.0670E-01  2.4884E-01  6.8633E-02  5.0211E-01
  3.2829E-01 -1.8013E-01 -1.2910E+00  6.8633E-02  5.0211E-01
 -9.1191E-01 -1.6920E-01  9.7302E-01  6.8633E-02  5.0211E-01
  8.7941E-01 -5.5438E-02 -1.0066E+00  6.8252E-02  5.1057E-01
 -1.2675E+00 -1.4700E-01 -3.8000E-01  6.7871E-02  5.1923E-01
 -1.3162E+00  3.5475E-02  1.9733E-01  6.7871E-02  5.1923E-01
 -4.6873E-01 -8.8012E-02  1.2430E+00  6.7871E-02  5.1923E-01
  7.9273E-01  1.5668E-01 -1.0501E+00  6.7489E-02  5.2808E-01
 -1.1611E+00 -1.4739E-01 -6.2100E-01  6.7489E-02  5.2808E-01
  4.9081E-01  1.7667E-01  1.2111E+00  6.7108E-02  5.3713E-01
 -9.6146E-01 -2.3142E-02  9.0218E-01  6.7108E-02  5.3713E-01
  8.2471E-01 -1.8132E-01  1.0128E+00  6.7108E-02  5.3713E-01
 -8.0194E-01  1.0894E-01  1.0331E+00  6.6726E-02  5.4640E-01
 -7.0593E-03  2.2080E-02  1.3122E+00  6.6726E-02  5.4640E-01
  5.3261E-01 -1.6175E-02  1.1925E+00  6.6345E-02  5.5588E-01
  9.2171E-01 -1.1782E-01 -9.1794E-01  6.6345E-02  5.5588E-01
 -1.1769E+00 -5.8512E-02  5.6341E-01  6.6345E-02  5.5588E-01
  1.2575E+00 -1.6582E-01  2.8486E-01  6.5963E-02  5.6559E-01
  5.8473E-01 -4.3569E-02 -1.1602E+00  6.5963E-02  5.6559E-01
 -1.1950E+00  5.7912E-02  4.9250E-01  6.5581E-02  5.7553E-01
 -6.8725E-01  1.5686E-01 -1.0849E+00  6.5581E-02  5.7553E-01
 -1.0202E+00  6.8409E-02 -7.8278E-01  6.5199E-02  5.8571E-01
 -6.5363E-03  1.4128E-01  1.2739E+00  6.4817E-02  5.9614E-01
  1.2658E+00  1.3111E-01 -1.5302E-01  6.4817E-02  5.9614E-01
 -1.2346E+00 -1.7598E-01  2.6875E-01  6.4434E-02  6.0681E-01
  5.9489E-01 -3.2200E-02 -1.1281E+00  6.4434E-02  6.0681E-01
  2.4899E-01  3.2933E-02 -1.2508E+00  6.4434E-02  6.0681E-01
  1.1584E+00  8.2085E-02  5.2818E-01  6.4434E-02  6.0681E-01
  2.7862E-01  9.8213E-03 -1.2449E+00  6.4434E-02  6.0681E-01
 -1.2594E+00 -1.0504E-01  1.2374E-01  6.4051E-02  6.1776E-01
 -1.2685E+00 -1.8766E-02 -5.5314E-02  6.4051E-02  6.1776E-01
  6.2746E-01 -1.1237E-02 -1.1039E+00  6.4051E-02  6.1776E-01
  1.0082E+00 -1.7161E-01 -7.5259E-01  6.4051E-02  6.1776E-01
  5.9606E-01 -1.1123E-01 -1.1157E+00  6.4051E-02  6.1776E-01
 -1.1759E+00  1.3963E-01  4.5855E-01  6.4051E-02  6.1776E-01
  7.0775E-01 -1.2147E-01 -1.0401E+00  6.3669E-02  6.2897E-01
  1.2152E+00  7.3345E-02  3.3958E-01  6.3669E-02  6.2897E-01
  7.7219E-02  4.3377E-02  1.2608E+00  6.3669E-02  6.2897E-01
  1.1876E+00 -7.9901E-02 -4.2520E-01  6.3669E-02  6.2897E-01
 -4.6700E-01 -4.9861E-02  1.1734E+00  6.3669E-02  6.2897E-01
  9.6132E-01  1.7122E-01 -7.9331E-01  6.3285E-02  6.4046E-01
 -1.0009E+00 -3.1167E-02 -7.6163E-01  6.3285E-02  6.4046E-01
 -5.5114E-01 -1.7019E-01 -1.1181E+00  6.3285E-02  6.4046E-01
 -1.2209E+00 -1.6494E-01  2.5493E-01  6.3285E-02  6.4046E-01
  7.9486E-01  1.6253E-01  9.6155E-01  6.3285E-02  6.4046E-01
  9.4921E-01 -5.1606E-02 -8.1525E-01  6.2902E-02  6.5224E-01
  1.1997E-01  1.3146E-01  1.2396E+00  6.2902E-02  6.5224E-01
  4.5000E-01  4.3259E-02 -1.1679E+00  6.2902E-02  6.5224E-01
  1.2166E+00  8.4418E-02  2.8460E-01  6.2902E-02  6.5224E-01
  6.7667E-01 -1.6896E-01  1.0332E+00  6.2518E-02  6.6433E-01
  1.1769E+00 -1.6166E-01 -3.7788E-01  6.2518E-02  6.6433E-01
 -1.1948E+00 -4.5781E-02  3.5255E-01  6.2518E-02  6.6433E-01
 -6.3954E-01 -3.7027E-02 -1.0694E+00  6.2518E-02  6.6433E-01
  1.0424E+00  2.4006E-05 -6.8360E-01  6.2518E-02  6.6433E-01
 -1.0336E+00  1.4608E-01  6.7095E-01  6.2134E-02  6.7672E-01
 -7.5098E-01 -1.5547E-01  9.7556E-01  6.2134E-02  6.7672E-01
  1.1061E+00  1.3443E-01  5.4619E-01  6.2134E-02  6.7672E-01
 -1.2299E+00  1.0616E-01  4.4058E-02  6.1750E-02  6.8943E-01
  4.5493E-01  1.3935E-01 -1.1400E+00  6.1750E-02  6.8943E-01
  5.3841E-01  5.7236E-02  1.1103E+00  6.1750E-02  6.8943E-01
 -1.6975E-01 -1.1051E-01  1.2129E+00  6.1365E-02  7.0248E-01
 -1.2281E+00  6.3532E-02 -4.7416E-03  6.1365E-02  7.0248E-01
 -7.2107E-01  1.0069E-01  9.8418E-01  6.0980E-02  7.1587E-01
  1.1672E+00  1.8299E-01 -3.2071E-01  6.0980E-02  7.1587E-01
 -1.1282E+00  5.8164E-02  4.5734E-01  6.0595E-02  7.2962E-01
  7.6403E-01 -1.5119E-01  9.3742E-01  6.0595E-02  7.2962E-01
  6.7977E-02 -1.4079E-01 -1.2087E+00  6.0595E-02  7.2962E-01
  2.5698E-01 -1.5133E-01 -1.1761E+00  6.0209E-02  7.4374E-01
 -3.2458E-01  7.8437E-02 -1.1665E+00  6.0209E-02  7.4374E-01
  8.5744E-01 -1.8269E-01 -8.3108E-01  5.9822E-02  7.5825E-01
 -8.5580E-01  1.2487E-01  8.4338E-01  5.9822E-02  7.5825E-01
 -4.4472E-01 -1.3389E-01  1.1152E+00  5.9822E-02  7.5825E-01
 -1.0379E+00 -1.3897E-01 -6.0226E-01  5.9822E-02  7.5825E-01
 -4.5264E-01  1.1520E-01  1.1141E+00  5.9822E-02  7.5825E-01
  4.1060E-01 -9.4249E-02  1.1265E+00  5.9436E-02  7.7315E-01
  4.0111E-02 -7.9915E-02  1.1941E+00  5.9048E-02  7.8847E-01
  8.4206E-01  1.7327E-01  8.3359E-01  5.9048E-02  7.8847E-01
 -3.5215E-01  3.2095E-02 -1.1441E+00  5.9048E-02  7.8847E-01
 -1.0839E+00  4.8054E-02  4.9434E-01  5.8660E-02  8.0422E-01
 -1.1737E+00  9.6790E-02  1.5008E-01  5.8271E-02  8.2042E-01
 -5.3419E-01  5.5834E-02  1.0587E+00  5.8271E-02  8.2042E-01
 -9.4223E-01 -1.4931E-01 -7.0662E-01  5.8271E-02  8.2042E-01
 -7.8426E-01 -1.0240E-01 -8.8536E-01  5.8271E-02  8.2042E-01
  7.6106E-01 -1.5494E-01  8.9788E-01  5.8271E-02  8.2042E-01
 -9.8581E-01  6.2576E-02  6.5853E-01  5.8271E-02  8.2042E-01
 -1.1178E+00  1.5781E-01 -3.5062E-01  5.7882E-02  8.3709E-01
 -1.0164E+00  2.9801E-02 -6.0284E-01  5.7882E-02  8.3709E-01
 -8.6726E-01 -1.3858E-01  7.9124E-01  5.7882E-02  8.3709E-01
  9.4726E-01 -6.0991E-03 -6.9877E-01  5.7492E-02  8.5424E-01
  2.3003E-01 -1.7556E-01 -1.1410E+00  5.7492E-02  8.5424E-01
 -6.9782E-01 -8.8193E-02  9.3770E-01  5.7101E-02  8.7190E-01
  1.1625E+00  1.2046E-01 -8.9524E-02  5.7101E-02  8.7190E-01
 -1.4580E-01 -8.8802E-02 -1.1597E+00  5.7101E-02  8.7190E-01
 -8.6328E-01  7.5280E-02 -7.8936E-01  5.7101E-02  8.7190E-01
 -9.5944E-01  6.1135E-02  6.6206E-01  5.6710E-02  8.9009E-01
 -3.6510E-01  2.2564E-02  1.1085E+00  5.6710E-02  8.9009E-01
 -7.1772E-01  1.7840E-01  8.9688E-01  5.6317E-02  9.0882E-01
  6.1131E-01 -1.7399E-01  9.7333E-01  5.6317E-02  9.0882E-01
 -1.0961E+00  1.8513E-01  3.4003E-01  5.6317E-02  9.0882E-01
 -8.5162E-01 -2.8137E-02  7.9076E-01  5.6317E-02  9.0882E-01
  1.1042E+00  2.2042E-02  3.4717E-01  5.5924E-02  9.2814E-01
  1.8455E-01  1.6888E-04 -1.1429E+00  5.5924E-02  9.2814E-01
  1.1509E+00  9.1299E-03 -1.2523E-01  5.5924E-02  9.2814E-01
 -1.1500E+00 -6.2355E-02  1.1795E-01  5.5924E-02  9.2814E-01
  4.5385E-01  4.3803E-02 -1.0641E+00  5.5924E-02  9.2814E-01
 -8.9847E-01  1.1808E-01 -7.1292E-01  5.5530E-02  9.4805E-01
  1.1305E+00  1.8077E-01 -1.3698E-01  5.5530E-02  9.4805E-01
 -1.0808E+00  1.1829E-02 -4.0158E-01  5.5530E-02  9.4805E-01
 -1.1484E+00 -1.3818E-02 -1.0188E-01  5.5530E-02  9.4805E-01
 -1.0095E+00  5.3352E-02 -5.4483E-01  5.5134E-02  9.6859E-01
  1.0670E-01 -1.1608E-01  1.1329E+00  5.4738E-02  9.8980E-01
  1.1177E+00 -1.8294E-01  1.6013E-01  5.4738E-02  9.8980E-01
  8.4912E-01 -7.1617E-02  7.5620E-01  5.4340E-02  1.0117E+00
 -1.8452E-01  7.9131E-02 -1.1215E+00  5.4340E-02  1.0117E+00
  2.8923E-01  1.2974E-01  1.0943E+00  5.4340E-02  1.0117E+00
  1.1052E+00  8.2105E-02 -2.6416E-01  5.4340E-02  1.0117E+00
 -1.1138E+00  2.0582E-02  2.1633E-01  5.3941E-02  1.0343E+00
  6.7231E-01 -1.5494E-01 -9.0103E-01  5.3941E-02  1.0343E+00
 -1.1248E+00 -3.2441E-02  1.4676E-01  5.3941E-02  1.0343E+00
  1.1255E+00 -7.7258E-02 -7.2605E-02  5.3541E-02  1.0577E+00
  1.0012E+00  1.3696E-01  5.0671E-01  5.3541E-02  1.0577E+00
  1.0894E+00 -1.0092E-02  2.8522E-01  5.3139E-02  1.0818E+00
 -1.0501E+00  6.4162E-02  4.0164E-01  5.3139E-02  1.0818E+00
  9.8019E-01  1.1547E-01  5.4226E-01  5.3139E-02  1.0818E+00
 -7.7509E-01  1.2179E-01  8.0187E-01  5.2736E-02  1.1068E+00
  1.0402E+00 -5.3265E-02 -4.1677E-01  5.2736E-02  1.1068E+00
 -9.3956E-01  1.7051E-01  5.8082E-01  5.2331E-02  1.1327E+00
  1.4148E-01 -2.5818E-02 -1.1084E+00  5.2331E-02  1.1327E+00
  7.7471E-01 -1.5318E-01  7.9093E-01  5.2331E-02  1.1327E+00
 -1.2247E-01 -9.7900E-02  1.1066E+00  5.2331E-02  1.1327E+00
  1.6023E-02 -1.7320E-01 -1.1041E+00  5.2331E-02  1.1327E+00
 -1.1108E+00 -8.3740E-02  9.1058E-02  5.2331E-02  1.1327E+00
  3.2401E-02 -1.1764E-01  1.1068E+00  5.1925E-02  1.1595E+00
 -1.0972E+00 -9.2732E-02  1.6596E-01  5.1925E-02  1.1595E+00
  9.2458E-01 -1.6283E-01  5.9886E-01  5.1925E-02  1.1595E+00
 -1.0553E+00 -1.0111E-01  3.2722E-01  5.1516E-02  1.1873E+00
  7.4367E-01  1.2095E-02 -8.2327E-01  5.1516E-02  1.1873E+00
  1.0824E+00  5.5688E-02  2.3703E-01  5.1516E-02  1.1873E+00
  1.1047E+00 -4.7217E-03 -1.0280E-01  5.1516E-02  1.1873E+00
 -1.0885E+00  1.0370E-01 -1.6318E-01  5.1106E-02  1.2161E+00
 -8.3687E-02  1.2299E-01 -1.0876E+00  5.0279E-02  1.2771E+00
 -4.3900E-01  4.1273E-02  1.0053E+00  5.0279E-02  1.2771E+00
  9.1120E-01  1.3181E-01 -5.9777E-01  5.0279E-02  1.2771E+00
 -7.6403E-01 -1.1636E-01 -7.7420E-01  4.9863E-02  1.3094E+00
 -3.9501E-01 -8.1298E-02  1.0129E+00  4.9444E-02  1.3430E+00
 -8.3020E-01  1.3331E-01 -6.9393E-01  4.9444E-02  1.3430E+00
 -7.8790E-01  9.0609E-02 -7.4803E-01  4.9444E-02  1.3430E+00
 -9.4463E-01 -1.7210E-01 -5.0857E-01  4.9022E-02  1.3780E+00
  4.9329E-01 -1.7376E-01  9.5240E-01  4.9022E-02  1.3780E+00
  2.1806E-01 -3.4102E-02 -1.0602E+00  4.8597E-02  1.4144E+00
  4.3378E-01  1.7938E-01 -9.7595E-01  4.8597E-02  1.4144E+00
  6.0107E-01  4.0675E-02  8.9994E-01  4.8597E-02  1.4144E+00
  6.4432E-01  1.1435E-02  8.6600E-01  4.8170E-02  1.4524E+00
  9.2967E-02 -2.1840E-02 -1.0752E+00  4.8170E-02  1.4524E+00
  8.0831E-02 -1.1077E-01 -1.0707E+00  4.8170E-02  1.4524E+00
  1.0298E+00  4.0726E-02 -3.0937E-01  4.7739E-02  1.4920E+00
 -9.1297E-01  4.6763E-04 -5.6947E-01  4.7739E-02  1.4920E+00
 -1.5158E-01  1.6211E-01  1.0529E+00  4.7739E-02  1.4920E+00
  5.9520E-01  1.0461E-01  8.9028E-01  4.7739E-02  1.4920E+00
 -1.0550E+00  1.7199E-01 -8.9679E-02  4.7306E-02  1.5334E+00
  1.0691E+00 -3.6648E-02  7.8576E-02  4.7306E-02  1.5334E+00
 -5.0452E-01  5.6084E-02 -9.4492E-01  4.7306E-02  1.5334E+00
 -4.6577E-02 -6.8382E-02  1.0694E+00  4.7306E-02  1.5334E+00
  5.6793E-01 -5.2525E-03 -9.0605E-01  4.6868E-02  1.5768E+00
 -1.0322E+00 -8.7871E-02  2.6533E-01  4.6868E-02  1.5768E+00
 -6.8398E-01 -1.2818E-01 -8.1193E-01  4.6868E-02  1.5768E+00
  9.9193E-01 -1.6423E-02  3.9911E-01  4.6868E-02  1.5768E+00
 -9.5368E-01 -1.4314E-01 -4.5454E-01  4.6427E-02  1.6222E+00
  1.5415E-01 -1.1045E-01  1.0491E+00  4.6427E-02  1.6222E+00
  9.9811E-01 -5.7344E-02  3.7026E-01  4.6427E-02  1.6222E+00
  6.6253E-01  9.8660E-02 -8.2941E-01  4.6427E-02  1.6222E+00
 -1.0522E+00 -5.6705E-02 -1.4004E-01  4.5982E-02  1.6697E+00
  9.3426E-02  1.4427E-01  1.0490E+00  4.5982E-02  1.6697E+00
 -5.9586E-01 -1.6464E-01  8.6471E-01  4.5982E-02  1.6697E+00
  9.9974E-01 -9.0866E-02  3.4948E-01  4.5982E-02  1.6697E+00
  1.0158E+00 -1.4871E-01  2.6355E-01  4.5533E-02  1.7196E+00
  4.4001E-01  8.4126E-02  9.5723E-01  4.5079E-02  1.7721E+00
  1.0250E+00  3.7743E-02  2.5480E-01  4.5079E-02  1.7721E+00
  1.0127E+00  5.3878E-02 -2.8689E-01  4.4620E-02  1.8273E+00
 -2.6064E-01  1.7676E-01 -1.0058E+00  4.4620E-02  1.8273E+00
  8.6194E-01  7.7072E-02  6.0158E-01  4.4620E-02  1.8273E+00
  9.6442E-01 -4.6976E-02 -4.2245E-01  4.4620E-02  1.8273E+00
  1.0236E+00  2.6560E-02  2.4947E-01  4.4620E-02  1.8273E+00
 -5.3982E-01 -1.1265E-02  9.0178E-01  4.4156E-02  1.8855E+00
 -1.0460E+00  4.4918E-02 -5.2696E-02  4.3687E-02  1.9469E+00
 -2.3787E-01 -1.6113E-01 -1.0081E+00  4.3687E-02  1.9469E+00
 -5.2351E-01 -1.7866E-01  8.9045E-01  4.3687E-02  1.9469E+00
  1.0450E+00 -8.3284E-02 -1.7837E-03  4.3687E-02  1.9469E+00
  2.2175E-01  5.6978E-02  1.0202E+00  4.3212E-02  2.0119E+00
 -8.0719E-01 -1.7418E-01  6.4133E-01  4.3212E-02  2.0119E+00
 -1.9671E-01  4.9875E-02 -1.0257E+00  4.3212E-02  2.0119E+00
  9.3272E-01 -5.2132E-02  4.6369E-01  4.2730E-02  2.0806E+00
 -1.4575E-01 -1.1936E-01  1.0258E+00  4.2730E-02  2.0806E+00
  5.4171E-01  2.3624E-06 -8.9121E-01  4.2730E-02  2.0806E+00
 -4.5845E-01 -1.5472E-01 -9.2390E-01  4.2730E-02  2.0806E+00
  6.0025E-01 -2.8559E-02  8.4926E-01  4.2242E-02  2.1536E+00
 -1.1640E-01  7.8329E-02 -1.0309E+00  4.2242E-02  2.1536E+00
  1.0189E+00  1.0352E-01  1.6813E-01  4.1747E-02  2.2312E+00
  6.2129E-01 -1.4626E-01 -8.1841E-01  4.1747E-02  2.2312E+00
 -5.7571E-01  3.2297E-03 -8.6356E-01  4.1747E-02  2.2312E+00
  5.2939E-01  1.6091E-01  8.7809E-01  4.1747E-02  2.2312E+00
 -1.0103E+00 -5.2922E-02  2.3150E-01  4.1747E-02  2.2312E+00
  8.5212E-01  7.6952E-02  5.8751E-01  4.1747E-02  2.2312E+00
 -1.0786E-01  1.4323E-01 -1.0198E+00  4.1244E-02  2.3138E+00
  5.3804E-01 -1.0228E-01 -8.7877E-01  4.1244E-02  2.3138E+00
 -5.2772E-01 -3.6064E-02  8.8746E-01  4.0733E-02  2.4020E+00
  4.8343E-01  4.7982E-02  9.1179E-01  4.0733E-02  2.4020E+00
 -5.9986E-01  1.7765E-01 -8.2218E-01  4.0733E-02  2.4020E+00
 -6.1596E-01  6.6673E-03 -8.2940E-01  4.0733E-02  2.4020E+00
  8.9624E-01  8.8567E-02  5.0162E-01  4.0213E-02  2.4964E+00
  3.6348E-01 -1.7912E-01  9.4790E-01  4.0213E-02  2.4964E+00
 -1.0094E+00  1.8122E-01  4.7166E-02  3.9143E-02  2.7067E+00
 -2.5043E-01 -1.8833E-02  9.9540E-01  3.9143E-02  2.7067E+00
  4.3191E-01  1.2791E-01 -9.2024E-01  3.8592E-02  2.8243E+00
 -5.1835E-01 -5.5502E-02  8.8203E-01  3.8592E-02  2.8243E+00
  1.0020E+00  9.9667E-02 -1.7826E-01  3.8029E-02  2.9517E+00
  7.2530E-01 -1.2472E-03  7.2090E-01  3.8029E-02  2.9517E+00
 -6.1543E-02  4.2528E-02 -1.0199E+00  3.8029E-02  2.9517E+00
 -4.9099E-01  1.6150E-01 -8.8239E-01  3.8029E-02  2.9517E+00
 -3.7420E-02 -9.5965E-03 -1.0219E+00  3.8029E-02  2.9517E+00
 -8.9766E-01  1.6585E-01  4.6095E-01  3.8029E-02  2.9517E+00
 -9.1919E-01  5.9122E-02  4.3994E-01  3.7452E-02  3.0900E+00
 -6.4324E-01 -1.1161E-01  7.8236E-01  3.6862E-02  3.2409E+00
  7.3736E-01 -5.3132E-02  7.0127E-01  3.6862E-02  3.2409E+00
  1.8336E-02  1.2504E-01 -1.0111E+00  3.6862E-02  3.2409E+00
 -1.0027E+00  1.4878E-01 -1.0364E-01  3.6862E-02  3.2409E+00
 -4.5327E-01 -5.7453E-02 -9.0888E-01  3.6256E-02  3.4062E+00
 -7.7394E-01 -1.8273E-01 -6.3439E-01  3.6256E-02  3.4062E+00
  8.6922E-01 -2.9302E-02 -5.2766E-01  3.6256E-02  3.4062E+00
 -9.4958E-01  1.5331E-01  3.3109E-01  3.6256E-02  3.4062E+00
 -4.4936E-01 -4.9268E-02  9.0948E-01  3.5633E-02  3.5880E+00
 -5.9543E-01  4.1879E-02  8.2172E-01  3.5633E-02  3.5880E+00
 -2.6948E-01  1.5396E-01  9.6705E-01  3.5633E-02  3.5880E+00
  2.4022E-01 -1.6273E-01 -9.7330E-01  3.5633E-02  3.5880E+00
  7.4490E-02 -5.8490E-02 -1.0112E+00  3.5633E-02  3.5880E+00
  8.0508E-01 -1.6820E-01  5.9322E-01  3.4991E-02  3.7890E+00
  2.5143E-01  5.8433E-02 -9.8068E-01  3.4991E-02  3.7890E+00
 -4.6964E-01 -1.7019E-01 -8.8251E-01  3.4991E-02  3.7890E+00
  2.3284E-01 -1.1289E-01  9.8051E-01  3.4991E-02  3.7890E+00
 -8.6209E-01  1.4707E-01 -5.1336E-01  3.4991E-02  3.7890E+00
  8.4642E-01 -2.9084E-02  5.5507E-01  3.4329E-02  4.0125E+00
  5.6193E-01 -8.2461E-02 -8.3834E-01  3.4329E-02  4.0125E+00
 -3.6895E-01 -9.0906E-02  9.3861E-01  3.4329E-02  4.0125E+00
 -4.8108E-01  1.8128E-01 -8.7079E-01  3.3644E-02  4.2626E+00
  8.7746E-01  1.7670E-01 -4.7055E-01  3.3644E-02  4.2626E+00
 -1.0514E-01  1.5166E-01  9.9291E-01  3.2934E-02  4.5444E+00
  5.6414E-01  7.1980E-02 -8.3456E-01  3.2934E-02  4.5444E+00
 -5.0756E-01 -5.6286E-02 -8.7128E-01  3.2934E-02  4.5444E+00
  7.8489E-01 -1.0862E-01  6.2615E-01  3.2934E-02  4.5444E+00
 -9.6589E-01 -1.0992E-01 -2.7367E-01  3.2934E-02  4.5444E+00
  6.5304E-01  8.2546E-02 -7.6430E-01  3.2195E-02  4.8645E+00
 -6.3081E-01  1.4824E-01  7.7301E-01  3.2195E-02  4.8645E+00
 -7.0712E-01  8.8222E-02  7.1389E-01  3.2195E-02  4.8645E+00
  6.8671E-01  1.8675E-02 -7.3703E-01  3.1425E-02  5.2312E+00
 -7.4933E-01  7.3003E-02  6.6955E-01  3.1425E-02  5.2312E+00
 -9.6898E-01 -1.5652E-01  2.2736E-01  3.1425E-02  5.2312E+00
  1.0064E+00 -4.2933E-02 -2.0012E-02  3.1425E-02  5.2312E+00
  3.2045E-01  1.9300E-02 -9.5389E-01  3.0618E-02  5.6557E+00
 -8.1565E-01 -1.2711E-01  5.7578E-01  3.0618E-02  5.6557E+00
 -8.3621E-01  1.5686E-01  5.3769E-01  3.0618E-02  5.6557E+00
 -7.3209E-01 -3.4799E-02  6.8978E-01  3.0618E-02  5.6557E+00
  5.3281E-01  1.8074E-01 -8.3333E-01  2.9770E-02  6.1530E+00
 -8.2201E-01  1.6334E-01  5.5553E-01  2.9770E-02  6.1530E+00
 -5.0647E-01  3.9900E-02  8.6664E-01  2.8874E-02  6.7438E+00
 -8.3171E-01 -1.3514E-01  5.4695E-01  2.8874E-02  6.7438E+00
 -8.5841E-01  1.8180E-01  4.8913E-01  2.8874E-02  6.7438E+00
  2.4704E-01  9.8745E-04  9.7372E-01  2.8874E-02  6.7438E+00
  7.9766E-01  1.6107E-02 -6.1044E-01  2.8874E-02  6.7438E+00
 -2.3381E-02 -1.3831E-01  9.9390E-01  2.7921E-02  7.4574E+00
 -9.7313E-01  1.5398E-01  1.9190E-01  2.7921E-02  7.4574E+00
  1.8387E-01 -8.1820E-02  9.8337E-01  2.7921E-02  7.4574E+00
 -4.1108E-01  5.2224E-03 -9.1569E-01  2.7921E-02  7.4574E+00
 -3.5723E-01 -1.7366E-01 -9.2101E-01  2.6903E-02  8.3369E+00
 -9.2736E-01 -8.2582E-02 -3.7310E-01  2.6903E-02  8.3369E+00
  9.2810E-01 -1.1520E-01  3.6064E-01  2.5804E-02  9.4481E+00
 -9.3024E-01 -3.5387E-02  3.7161E-01  2.5804E-02  9.4481E+00
 -8.1476E-01  1.7705E-01  5.5633E-01  2.5804E-02  9.4481E+00
  4.9024E-01 -1.2615E-01  8.6513E-01  2.5804E-02  9.4481E+00
  8.3574E-01 -1.3219E-01  5.3737E-01  2.5804E-02  9.4481E+00
  9.6669E-01  7.7626E-02  2.5104E-01  2.4606E-02  1.0897E+01
  9.9834E-01  8.2176E-02 -9.6445E-03  2.4606E-02  1.0897E+01
 -2.4174E-01  3.7980E-02  9.7142E-01  2.4606E-02  1.0897E+01
 -9.1279E-01  7.1711E-02  4.0645E-01  2.4606E-02  1.0897E+01
 -9.2302E-01  2.4671E-02 -3.8725E-01  2.3280E-02  1.2866E+01
  4.6382E-01 -1.5493E-01 -8.7373E-01  2.3280E-02  1.2866E+01
  3.6091E-01 -9.4223E-02  9.2920E-01  2.3280E-02  1.2866E+01
  1.6286E-01  1.6617E-02 -9.8780E-01  2.3280E-02  1.2866E+01
 -4.5649E-01  1.6355E-01 -8.7554E-01  2.1787E-02  1.5696E+01
  9.7733E-01  5.0221E-02 -2.0979E-01  2.1787E-02  1.5696E+01
 -4.3474E-01 -1.3306E-01 -8.9163E-01  2.1787E-02  1.5696E+01
 -3.8791E-02  1.8227E-01  9.8335E-01  2.1787E-02  1.5696E+01
 -9.9936E-01 -5.1635E-02  1.8040E-02  2.1787E-02  1.5696E+01
 -3.2559E-01 -4.7610E-03  9.4640E-01  2.1787E-02  1.5696E+01
 -3.9979E-01 -7.7069E-02  9.1393E-01  2.0058E-02  2.0115E+01
 -9.8382E-01  6.1711E-02  1.7126E-01  2.0058E-02  2.0115E+01
  3.2515E-02  1.3437E-01  9.9092E-01  2.0058E-02  2.0115E+01
  9.8057E-01  1.1937E-01 -1.5897E-01  2.0058E-02  2.0115E+01
 -6.4241E-01 -8.5436E-02  7.6227E-01  2.0058E-02  2.0115E+01
 -3.5222E-01 -1.2018E-01  9.2846E-01  1.7969E-02  2.7981E+01
  1.5181E-01 -6.3152E-02  9.8666E-01  1.7969E-02  2.7981E+01
