0.27993600000000D+02       565
(x,y,z) position of the X-ray source
 -0.1520E+01  0.5048E-01  0.9632E+00
x | y | z | R | rho
  1.2462E+00  2.7227E-01  9.5575E+00  3.1454E-01  5.2164E-03
 -8.0552E-01  2.8475E-02  8.8672E+00  2.9779E-01  6.1472E-03
 -1.4125E+00  3.5465E-01  8.4902E+00  2.9109E-01  6.5814E-03
  3.5022E-01  1.6373E-01  8.6055E+00  2.9109E-01  6.5814E-03
  1.4981E-01  3.4003E-01  8.4977E+00  2.8856E-01  6.7558E-03
  1.2909E+00  3.4200E-02  8.1880E+00  2.8348E-01  7.1258E-03
 -2.0814E+00  2.0329E-02  7.9740E+00  2.8235E-01  7.2121E-03
  6.3426E-01  2.2945E-01  8.2015E+00  2.8206E-01  7.2339E-03
 -1.9943E+00 -2.7514E-01  7.9667E+00  2.8178E-01  7.2558E-03
  1.9302E-02  2.5627E-02  7.6061E+00  2.6713E-01  8.5158E-03
  3.0925E-01  1.5238E-01  7.5864E+00  2.6684E-01  8.5436E-03
  9.3093E-01  8.3074E-02  7.4643E+00  2.6510E-01  8.7134E-03
  1.7460E+00 -2.0264E-01  7.2407E+00  2.6335E-01  8.8882E-03
 -1.1846E+00  1.0677E-02  7.1148E+00  2.5748E-01  9.5094E-03
 -1.8362E+00 -2.2680E-01  6.7869E+00  2.5305E-01  1.0018E-02
  8.9989E-03 -1.5498E-01  6.7246E+00  2.4530E-01  1.0998E-02
 -5.2062E-02 -5.2116E-02  6.5017E+00  2.3957E-01  1.1806E-02
 -4.6495E-01  2.9901E-02  6.4617E+00  2.3896E-01  1.1896E-02
  4.0267E-01  3.2273E-01  6.3161E+00  2.3532E-01  1.2458E-02
  2.4822E-01 -1.8585E-01  6.1297E+00  2.3011E-01  1.3322E-02
  1.6268E+00  1.4092E-01  5.8434E+00  2.2827E-01  1.3648E-02
 -1.1154E+00  7.9983E-02  5.7133E+00  2.2176E-01  1.4886E-02
 -1.8239E+00  2.1354E-01  5.4630E+00  2.2020E-01  1.5204E-02
 -3.5469E-01  2.2304E-01  5.5615E+00  2.1518E-01  1.6293E-02
  1.1638E-01 -1.5839E-01  5.5738E+00  2.1518E-01  1.6293E-02
  2.7054E-01  8.7203E-02  5.4887E+00  2.1297E-01  1.6805E-02
  1.1722E+00 -8.0329E-02  5.2386E+00  2.0948E-01  1.7659E-02
  9.1869E-01 -1.1486E-01  5.2296E+00  2.0789E-01  1.8068E-02
 -1.8182E+00  2.5998E-01  4.9217E+00  2.0629E-01  1.8490E-02
  1.5828E+00 -1.6257E-02  4.8761E+00  2.0277E-01  1.9472E-02
 -1.6914E+00 -2.0326E-01  4.4816E+00  1.9337E-01  2.2453E-02
 -6.9595E-01 -1.2151E-01  4.3634E+00  1.8248E-01  2.6715E-02
  1.1744E-01  1.9040E-01  4.3920E+00  1.8181E-01  2.7010E-02
 -1.3092E+00  1.5738E-02  4.1983E+00  1.8181E-01  2.7010E-02
  4.2939E-01 -2.8660E-02  4.3313E+00  1.8048E-01  2.7614E-02
  9.3548E-01 -2.7219E-01  4.2076E+00  1.7948E-01  2.8079E-02
 -1.7479E+00  2.0318E-01  3.9073E+00  1.7847E-01  2.8557E-02
  1.6347E+00 -2.6057E-01  3.9039E+00  1.7713E-01  2.9211E-02
  1.9355E+00 -3.1002E-02  3.7602E+00  1.7679E-01  2.9378E-02
  1.7980E+00 -9.2592E-02  3.7401E+00  1.7443E-01  3.0586E-02
 -5.5499E-01  1.9885E-01  4.0299E+00  1.7206E-01  3.1867E-02
  1.5700E+00 -1.0574E-01  3.6238E+00  1.6832E-01  3.4039E-02
  4.1901E-01  1.8635E-01  3.9017E+00  1.6764E-01  3.4457E-02
  1.6354E+00  1.1014E-01  3.5094E+00  1.6593E-01  3.5534E-02
  1.2792E+00 -1.6104E-01  3.5822E+00  1.6387E-01  3.6891E-02
 -1.3739E+00  1.5266E-01  3.5000E+00  1.6249E-01  3.7837E-02
  6.4335E-01 -5.8358E-02  3.6739E+00  1.6146E-01  3.8570E-02
  5.7109E-01 -1.6753E-01  3.5827E+00  1.5834E-01  4.0893E-02
  1.9163E+00 -1.1883E-01  3.0313E+00  1.5695E-01  4.1990E-02
 -1.4277E+00  2.4302E-01  3.2591E+00  1.5625E-01  4.2554E-02
 -6.4362E-01  5.1338E-02  3.4192E+00  1.5346E-01  4.4921E-02
 -2.1212E-01  1.0247E-01  3.4067E+00  1.5135E-01  4.6822E-02
 -1.0683E+00  1.0047E-01  3.2192E+00  1.5065E-01  4.7481E-02
 -1.7587E-01  2.2347E-01  3.3814E+00  1.5065E-01  4.7481E-02
 -9.3214E-01 -1.0367E-01  3.2052E+00  1.4889E-01  4.9186E-02
 -2.2537E-01  1.9171E-02  3.2889E+00  1.4747E-01  5.0614E-02
  7.6022E-01  2.0284E-01  3.1574E+00  1.4606E-01  5.2102E-02
 -7.9690E-01  5.3292E-02  3.1324E+00  1.4535E-01  5.2868E-02
  6.6631E-02  6.1433E-02  3.1782E+00  1.4357E-01  5.4857E-02
 -1.1717E+00 -1.7707E-01  2.9161E+00  1.4250E-01  5.6101E-02
  6.1016E-01 -2.7501E-02  3.0771E+00  1.4214E-01  5.6525E-02
  1.6214E+00 -1.2284E-01  2.6209E+00  1.4035E-01  5.8712E-02
  1.1877E+00 -5.9028E-02  2.7660E+00  1.3784E-01  6.1979E-02
  1.3752E-01  7.8331E-02  2.9857E+00  1.3712E-01  6.2960E-02
  1.1822E+00 -2.0207E-01  2.7388E+00  1.3712E-01  6.2960E-02
  1.5767E+00  2.1490E-01  2.3701E+00  1.3243E-01  6.9898E-02
 -1.5126E+00 -1.8234E-01  2.3897E+00  1.3170E-01  7.1060E-02
 -1.4354E+00 -1.9465E-01  2.4239E+00  1.3134E-01  7.1651E-02
  1.8742E+00  1.5303E-02  2.0983E+00  1.3098E-01  7.2249E-02
 -1.0830E+00 -1.6399E-01  2.5468E+00  1.2952E-01  7.4711E-02
  1.8879E+00  1.1406E-01  2.0130E+00  1.2916E-01  7.5345E-02
 -9.4732E-01 -1.7788E-01  2.5122E+00  1.2660E-01  8.0001E-02
 -1.4310E-02  4.4757E-02  2.6599E+00  1.2550E-01  8.2120E-02
  1.0807E+00 -3.2820E-02  2.4196E+00  1.2514E-01  8.2844E-02
  1.5761E-01  8.8532E-02  2.5734E+00  1.2256E-01  8.8168E-02
 -9.5317E-01 -1.0177E-01  2.3950E+00  1.2256E-01  8.8168E-02
  1.1026E+00  1.1721E-01  2.2738E+00  1.2072E-01  9.2266E-02
 -1.4783E+00  2.0643E-01  2.0177E+00  1.1998E-01  9.3979E-02
  8.4329E-01 -1.9357E-01  2.3136E+00  1.1851E-01  9.7542E-02
  8.2409E-02 -1.6419E-01  2.4534E+00  1.1814E-01  9.8461E-02
 -1.0981E+00  1.1478E-01  2.1765E+00  1.1739E-01  1.0034E-01
 -1.6122E+00 -2.1051E-01 -1.8201E+00  1.1739E-01  1.0034E-01
 -1.4353E+00 -1.8140E-01  1.9287E+00  1.1628E-01  1.0324E-01
 -1.7757E+00  1.5484E-01 -1.6236E+00  1.1628E-01  1.0324E-01
 -7.5104E-01  4.6417E-02  2.2803E+00  1.1591E-01  1.0424E-01
 -1.7520E+00 -5.7883E-02  1.6268E+00  1.1554E-01  1.0525E-01
  1.7461E+00 -1.4727E-01  1.5550E+00  1.1368E-01  1.1050E-01
 -2.5141E-01 -2.0098E-01  2.2717E+00  1.1182E-01  1.1612E-01
  1.5250E+00  2.4802E-02 -1.6883E+00  1.1107E-01  1.1847E-01
 -8.9841E-01  8.4466E-02  2.0573E+00  1.0995E-01  1.2214E-01
 -8.0706E-01 -1.6610E-01  2.0694E+00  1.0920E-01  1.2466E-01
 -1.6098E+00  1.8513E-01 -1.5283E+00  1.0920E-01  1.2466E-01
  1.2257E+00  8.2946E-02  1.8352E+00  1.0845E-01  1.2727E-01
  1.3125E+00  2.3294E-02  1.7641E+00  1.0808E-01  1.2859E-01
 -1.8577E+00  9.5154E-04 -1.1588E+00  1.0770E-01  1.2994E-01
 -9.4664E-02 -1.3898E-01  2.1736E+00  1.0733E-01  1.3131E-01
  1.1528E+00 -1.0662E-02 -1.8392E+00  1.0695E-01  1.3269E-01
  1.3431E+00  2.0001E-01 -1.6814E+00  1.0658E-01  1.3410E-01
  8.8810E-01  1.6980E-01  1.9320E+00  1.0545E-01  1.3845E-01
  1.7369E+00  1.5531E-01  1.2123E+00  1.0507E-01  1.3994E-01
 -1.0860E+00 -2.2662E-02  1.8142E+00  1.0470E-01  1.4145E-01
  4.4452E-01  1.1422E-01  2.0450E+00  1.0394E-01  1.4454E-01
  1.8662E+00 -1.0430E-01  9.2774E-01  1.0357E-01  1.4613E-01
  1.0838E+00  4.7266E-06 -1.7831E+00  1.0357E-01  1.4613E-01
  1.1986E+00 -5.7026E-02  1.6958E+00  1.0319E-01  1.4773E-01
 -1.1472E+00  6.4358E-03 -1.7208E+00  1.0281E-01  1.4936E-01
  1.6980E+00  1.5334E-01  1.1707E+00  1.0281E-01  1.4936E-01
 -1.0470E+00 -7.1553E-02  1.7608E+00  1.0206E-01  1.5269E-01
  9.5915E-01  9.5199E-02  1.8091E+00  1.0206E-01  1.5269E-01
 -1.2221E+00  1.3228E-02 -1.6456E+00  1.0206E-01  1.5269E-01
  1.7741E+00  1.7532E-01  9.9297E-01  1.0168E-01  1.5440E-01
 -4.9335E-01 -3.7100E-02  1.9609E+00  1.0093E-01  1.5789E-01
 -1.0186E+00 -1.0906E-01  1.7332E+00  1.0055E-01  1.5967E-01
  1.4215E+00 -2.4444E-03  1.4129E+00  1.0017E-01  1.6148E-01
 -1.7966E+00  1.1556E-01  8.5988E-01  9.9797E-02  1.6332E-01
  1.4372E+00 -1.0356E-01  1.3669E+00  9.9419E-02  1.6519E-01
 -8.8093E-01 -1.1166E-01 -1.7664E+00  9.9041E-02  1.6709E-01
  1.6893E+00 -5.6948E-02 -1.0255E+00  9.9041E-02  1.6709E-01
 -8.7075E-01 -9.5470E-02  1.7624E+00  9.8663E-02  1.6902E-01
 -1.1538E+00  8.1152E-02  1.5923E+00  9.8663E-02  1.6902E-01
  4.8573E-01  1.1289E-01 -1.8946E+00  9.8285E-02  1.7098E-01
  1.6301E+00 -5.6011E-02  1.0690E+00  9.7907E-02  1.7297E-01
  1.0822E+00 -1.5881E-01 -1.6145E+00  9.7907E-02  1.7297E-01
 -7.1054E-01 -1.7507E-01  1.8076E+00  9.7907E-02  1.7297E-01
  1.0794E+00  1.3772E-01 -1.5968E+00  9.7150E-02  1.7704E-01
 -9.7113E-01 -1.0769E-01 -1.6670E+00  9.7150E-02  1.7704E-01
  1.2452E+00  1.5740E-01 -1.4574E+00  9.6772E-02  1.7912E-01
 -1.3484E+00  1.6823E-01  1.3613E+00  9.6772E-02  1.7912E-01
  1.3049E+00  3.5486E-02 -1.4005E+00  9.6393E-02  1.8124E-01
 -1.4239E+00  1.3872E-01  1.2723E+00  9.6393E-02  1.8124E-01
  6.0675E-01  3.6544E-02 -1.8061E+00  9.6015E-02  1.8340E-01
 -1.3862E+00 -6.5889E-02  1.3061E+00  9.6015E-02  1.8340E-01
 -9.5188E-01  7.4990E-02  1.6288E+00  9.5257E-02  1.8781E-01
  4.6430E-01  1.8559E-03  1.8301E+00  9.5257E-02  1.8781E-01
  1.4992E+00  3.0272E-02 -1.1473E+00  9.5257E-02  1.8781E-01
  3.4425E-01 -1.5319E-01  1.8411E+00  9.4878E-02  1.9007E-01
 -7.6965E-01  9.7777E-03 -1.7144E+00  9.4878E-02  1.9007E-01
 -1.7294E+00 -1.5401E-01 -6.9580E-01  9.4499E-02  1.9236E-01
 -1.7279E+00 -6.5729E-02  6.9023E-01  9.4120E-02  1.9470E-01
  1.7882E+00  1.4359E-01  4.6438E-01  9.3741E-02  1.9707E-01
  1.8467E+00  1.5201E-01 -1.7840E-02  9.3741E-02  1.9707E-01
 -4.4718E-01  7.0256E-02  1.7969E+00  9.3741E-02  1.9707E-01
 -1.6885E+00  1.3265E-01  7.5185E-01  9.3741E-02  1.9707E-01
 -1.7002E+00  4.5446E-02 -7.1333E-01  9.3361E-02  1.9948E-01
  6.6481E-01 -1.7356E-01  1.7116E+00  9.3361E-02  1.9948E-01
  2.9999E-01  3.0608E-02 -1.8196E+00  9.3361E-02  1.9948E-01
  1.7926E+00  9.2114E-02 -3.8479E-01  9.2982E-02  2.0193E-01
 -1.8330E+00 -9.4706E-02  3.3089E-02  9.2982E-02  2.0193E-01
 -5.9718E-01 -8.7325E-03  1.7359E+00  9.2982E-02  2.0193E-01
 -7.3008E-01 -1.4074E-01  1.6690E+00  9.2603E-02  2.0443E-01
 -1.7966E+00  1.1269E-01  3.1275E-01  9.2603E-02  2.0443E-01
 -1.1731E+00 -1.5602E-01  1.3920E+00  9.2603E-02  2.0443E-01
  2.7599E-01 -1.1481E-01  1.7937E+00  9.2223E-02  2.0696E-01
 -1.3469E+00 -6.5910E-02 -1.2071E+00  9.1844E-02  2.0954E-01
  9.4779E-01 -9.6156E-02 -1.5288E+00  9.1464E-02  2.1216E-01
  1.5527E+00  1.8413E-02  9.1302E-01  9.1464E-02  2.1216E-01
  1.2492E-01  5.0962E-02  1.7963E+00  9.1464E-02  2.1216E-01
 -1.7736E+00 -1.6453E-01 -2.0303E-01  9.1084E-02  2.1482E-01
 -8.1590E-01 -1.4043E-01  1.5614E+00  8.9945E-02  2.2309E-01
  3.7917E-01  1.1953E-01  1.7134E+00  8.9565E-02  2.2594E-01
 -9.7288E-01 -7.0562E-02  1.4636E+00  8.9565E-02  2.2594E-01
  3.8148E-01  1.4474E-01 -1.7023E+00  8.9185E-02  2.2884E-01
 -1.0386E-01  1.2360E-01  1.7346E+00  8.8805E-02  2.3179E-01
 -1.7098E+00  8.4405E-02 -2.1603E-01  8.8044E-02  2.3785E-01
  1.5114E+00 -1.3944E-01  8.2059E-01  8.8044E-02  2.3785E-01
  1.5039E+00  5.6106E-02  8.4398E-01  8.8044E-02  2.3785E-01
 -5.5812E-01 -1.9662E-02  1.6150E+00  8.7284E-02  2.4412E-01
 -1.6059E+00 -4.7069E-02 -5.8239E-01  8.7284E-02  2.4412E-01
  8.4085E-01 -9.0993E-02  1.4849E+00  8.7284E-02  2.4412E-01
 -1.6113E+00  1.2264E-01  5.5585E-01  8.7284E-02  2.4412E-01
  9.8098E-01  7.7995E-03  1.3992E+00  8.7284E-02  2.4412E-01
  1.0372E+00  1.5625E-01 -1.3491E+00  8.7284E-02  2.4412E-01
 -1.2829E+00 -5.6320E-02  1.1149E+00  8.6904E-02  2.4734E-01
 -1.2374E+00 -7.7323E-02  1.1640E+00  8.6904E-02  2.4734E-01
  4.3302E-01  2.8682E-02 -1.6274E+00  8.6143E-02  2.5395E-01
 -1.5428E+00 -1.5665E-01  6.5726E-01  8.6143E-02  2.5395E-01
 -1.3924E+00  1.0478E-01  9.1235E-01  8.5382E-02  2.6079E-01
 -1.6329E+00 -2.3437E-02  3.3940E-01  8.5382E-02  2.6079E-01
  1.1149E-01 -9.6342E-02  1.6533E+00  8.5002E-02  2.6431E-01
 -5.1196E-02  8.6104E-02 -1.6488E+00  8.4622E-02  2.6789E-01
 -6.0534E-01 -1.5752E-01 -1.5288E+00  8.4622E-02  2.6789E-01
  7.2776E-01 -2.9527E-02  1.4736E+00  8.4241E-02  2.7154E-01
  1.1561E-01 -3.0813E-02 -1.6394E+00  8.4241E-02  2.7154E-01
 -1.0207E+00  1.2059E-01 -1.2828E+00  8.4241E-02  2.7154E-01
  2.8057E-01 -2.0328E-02 -1.6114E+00  8.3861E-02  2.7525E-01
  7.9253E-01 -9.3409E-02 -1.4279E+00  8.3861E-02  2.7525E-01
  9.8046E-02 -1.8367E-01  1.6144E+00  8.3480E-02  2.7903E-01
  1.5035E-01  1.5978E-01 -1.6129E+00  8.3480E-02  2.7903E-01
  1.3901E+00 -5.2328E-02 -8.4527E-01  8.3480E-02  2.7903E-01
 -7.2221E-01  4.0132E-02  1.4582E+00  8.3480E-02  2.7903E-01
 -1.0092E+00  1.1857E-01  1.2716E+00  8.3480E-02  2.7903E-01
 -1.6168E+00  1.6592E-01 -9.0425E-02  8.3480E-02  2.7903E-01
 -1.5954E+00  1.0232E-01  2.0620E-01  8.2719E-02  2.8681E-01
 -9.0100E-01 -3.1795E-02  1.3362E+00  8.2719E-02  2.8681E-01
  6.4318E-01 -6.1673E-02 -1.4681E+00  8.2338E-02  2.9080E-01
  1.5522E+00  1.1500E-01 -3.5399E-01  8.1958E-02  2.9487E-01
 -5.0549E-01 -5.6205E-02 -1.5130E+00  8.1958E-02  2.9487E-01
 -1.5690E+00 -1.7012E-01  1.7954E-01  8.1577E-02  2.9902E-01
 -1.2847E-01 -8.9797E-02 -1.5806E+00  8.1577E-02  2.9902E-01
  8.8313E-01  1.0419E-02  1.3202E+00  8.1577E-02  2.9902E-01
 -1.4998E+00  1.5153E-01 -4.7532E-01  8.1197E-02  3.0324E-01
  1.5000E+00  5.8752E-03  4.7305E-01  8.0816E-02  3.0755E-01
  3.2498E-01  1.6003E-01  1.5305E+00  8.0816E-02  3.0755E-01
  1.9040E-01 -3.5381E-02 -1.5609E+00  8.0816E-02  3.0755E-01
  7.3544E-01  2.4745E-02  1.3813E+00  8.0435E-02  3.1193E-01
 -9.7742E-01  7.3560E-02 -1.2202E+00  8.0435E-02  3.1193E-01
 -5.2887E-01 -3.4491E-02 -1.4726E+00  8.0435E-02  3.1193E-01
  8.0092E-01  4.7086E-03 -1.3357E+00  8.0055E-02  3.1640E-01
  1.3046E+00  1.4169E-01  8.3873E-01  8.0055E-02  3.1640E-01
 -8.9010E-01 -3.3288E-02 -1.2776E+00  8.0055E-02  3.1640E-01
 -5.0780E-02  6.9808E-02 -1.5550E+00  8.0055E-02  3.1640E-01
  3.2671E-01 -6.6535E-02 -1.5135E+00  7.9674E-02  3.2096E-01
  1.5342E+00 -6.3417E-02 -2.1013E-01  7.9674E-02  3.2096E-01
  9.7749E-01 -1.5884E-01  1.1921E+00  7.9674E-02  3.2096E-01
 -1.5113E+00 -1.7105E-01 -2.5501E-01  7.9293E-02  3.2561E-01
 -6.3777E-01 -1.5808E-01 -1.3952E+00  7.9293E-02  3.2561E-01
  1.2641E-01  1.8483E-01 -1.5182E+00  7.8913E-02  3.3034E-01
 -1.4622E-01 -1.3803E-01 -1.5213E+00  7.8913E-02  3.3034E-01
 -1.5235E+00  1.7167E-01 -6.5763E-02  7.8913E-02  3.3034E-01
  8.2105E-01 -4.9361E-02  1.2955E+00  7.8913E-02  3.3034E-01
 -1.2208E+00 -8.9638E-03  9.1732E-01  7.8532E-02  3.3517E-01
  3.6753E-01 -1.5276E-01 -1.4742E+00  7.8532E-02  3.3517E-01
  1.5131E+00 -1.2160E-01 -1.6568E-01  7.8532E-02  3.3517E-01
  1.3750E+00  1.6650E-01 -6.4292E-01  7.8532E-02  3.3517E-01
  1.3592E+00 -1.8093E-03  6.7935E-01  7.8152E-02  3.4009E-01
  1.4875E+00  8.8091E-02 -2.9738E-01  7.8152E-02  3.4009E-01
 -9.9539E-01  1.1199E-01  1.1426E+00  7.8152E-02  3.4009E-01
 -1.1057E+00 -7.5317E-03 -1.0095E+00  7.7010E-02  3.5544E-01
  9.0968E-01  1.0708E-03 -1.1891E+00  7.7010E-02  3.5544E-01
  1.2724E+00  1.1726E-01 -7.6611E-01  7.6629E-02  3.6076E-01
 -4.2078E-01 -4.6364E-03  1.4292E+00  7.6629E-02  3.6076E-01
 -1.4678E+00 -5.2893E-02  2.4977E-01  7.6629E-02  3.6076E-01
  1.3710E+00 -1.0925E-01 -5.5329E-01  7.6248E-02  3.6619E-01
  1.1805E+00  9.1059E-02  8.8001E-01  7.5868E-02  3.7173E-01
  1.3633E+00 -1.3704E-01 -5.4679E-01  7.5868E-02  3.7173E-01
 -1.3213E+00  1.8311E-01 -6.3000E-01  7.5868E-02  3.7173E-01
 -4.0838E-01  3.5161E-02 -1.4096E+00  7.5487E-02  3.7739E-01
 -5.0953E-01 -5.8308E-02 -1.3754E+00  7.5487E-02  3.7739E-01
 -1.4131E+00 -1.4535E-01 -3.4002E-01  7.5106E-02  3.8315E-01
 -4.4861E-01  9.5673E-02  1.3793E+00  7.4726E-02  3.8904E-01
  9.6663E-01 -4.2915E-02 -1.0847E+00  7.4726E-02  3.8904E-01
  4.0738E-01 -1.4498E-01 -1.3877E+00  7.4726E-02  3.8904E-01
  6.3640E-01 -1.7704E-01  1.2868E+00  7.4345E-02  3.9504E-01
 -7.4042E-01 -2.7123E-02  1.2422E+00  7.4345E-02  3.9504E-01
  9.6015E-01  7.8386E-02  1.0694E+00  7.3965E-02  4.0117E-01
  5.0826E-01  4.4052E-02 -1.3459E+00  7.3965E-02  4.0117E-01
  4.0983E-01 -3.5817E-02 -1.3719E+00  7.3584E-02  4.0743E-01
 -7.3149E-01  1.6346E-02 -1.2313E+00  7.3584E-02  4.0743E-01
  1.4090E+00 -1.7264E-01  1.2739E-01  7.3203E-02  4.1382E-01
 -1.3438E-01  1.2643E-01  1.4062E+00  7.2822E-02  4.2035E-01
 -1.1483E+00  6.9644E-02  8.1751E-01  7.2442E-02  4.2701E-01
  9.7244E-01  1.4448E-01  1.0126E+00  7.2442E-02  4.2701E-01
  3.1242E-01 -1.6174E-01  1.3596E+00  7.2061E-02  4.3381E-01
 -1.4009E+00  5.8992E-03 -9.8992E-02  7.2061E-02  4.3381E-01
  1.3330E+00 -4.2031E-02  4.4001E-01  7.2061E-02  4.3381E-01
 -1.1740E+00  8.2404E-03 -7.5816E-01  7.1680E-02  4.4076E-01
 -3.7256E-01 -7.7090E-02 -1.3448E+00  7.1680E-02  4.4076E-01
  1.1817E+00 -2.1590E-02  7.4576E-01  7.1680E-02  4.4076E-01
 -5.3220E-01  6.7605E-02  1.2831E+00  7.1300E-02  4.4786E-01
  5.9250E-01 -1.5779E-01 -1.2407E+00  7.0919E-02  4.5511E-01
  1.0482E+00 -1.7349E-02 -9.0353E-01  7.0919E-02  4.5511E-01
  2.2371E-01  1.1106E-01  1.3544E+00  7.0538E-02  4.6253E-01
  1.3103E+00  6.0352E-02 -3.9728E-01  7.0157E-02  4.7010E-01
 -1.5030E-01  1.4133E-01  1.3549E+00  7.0157E-02  4.7010E-01
  1.2534E+00  1.2362E-01 -5.4052E-01  7.0157E-02  4.7010E-01
 -1.2593E+00 -8.1055E-02  5.3481E-01  7.0157E-02  4.7010E-01
  2.6708E-01  1.4863E-01 -1.3360E+00  7.0157E-02  4.7010E-01
  1.3491E+00 -1.2069E-01 -1.6021E-01  6.9776E-02  4.7784E-01
  9.0293E-01  1.2200E-01 -1.0149E+00  6.9776E-02  4.7784E-01
 -5.2409E-01 -1.1451E-01  1.2468E+00  6.9395E-02  4.8575E-01
 -3.3189E-01 -1.3334E-01 -1.3093E+00  6.9395E-02  4.8575E-01
 -1.0923E+00 -1.1413E-01 -7.9757E-01  6.9395E-02  4.8575E-01
  3.6467E-01  1.0940E-01  1.3028E+00  6.9395E-02  4.8575E-01
 -1.2629E+00 -1.2667E-01 -4.6215E-01  6.9014E-02  4.9384E-01
 -6.8879E-01  1.4641E-01  1.1527E+00  6.9014E-02  4.9384E-01
  3.4360E-01  3.2267E-02  1.3059E+00  6.9014E-02  4.9384E-01
  2.5241E-01 -1.4857E-01 -1.3119E+00  6.8633E-02  5.0211E-01
  1.3432E+00  3.8883E-02 -3.7260E-02  6.8633E-02  5.0211E-01
  1.3200E+00 -1.0163E-01 -2.3317E-01  6.8633E-02  5.0211E-01
  1.0944E+00 -6.3316E-02 -7.6672E-01  6.8252E-02  5.1057E-01
  8.4593E-01 -1.7159E-01  1.0136E+00  6.7871E-02  5.1923E-01
  1.3205E+00 -9.8252E-02  4.6643E-02  6.7489E-02  5.2808E-01
  9.5409E-01 -5.3030E-02 -9.0872E-01  6.7108E-02  5.3713E-01
 -5.8352E-01 -8.7281E-02 -1.1793E+00  6.7108E-02  5.3713E-01
 -1.0839E+00  5.6061E-02  7.4887E-01  6.7108E-02  5.3713E-01
 -6.9464E-01  1.8507E-01  1.0980E+00  6.6726E-02  5.4640E-01
 -9.5048E-01  1.1025E-01  8.9821E-01  6.6726E-02  5.4640E-01
  1.2842E+00 -3.2613E-02 -2.3605E-01  6.6345E-02  5.5588E-01
 -1.2920E+00  4.3501E-02 -1.3743E-01  6.5963E-02  5.6559E-01
  1.2835E+00  3.2018E-02 -2.0395E-01  6.5963E-02  5.6559E-01
 -6.1732E-01  1.6339E-01 -1.1323E+00  6.5963E-02  5.6559E-01
  1.3415E-02  1.1491E-01 -1.2887E+00  6.5581E-02  5.7553E-01
  6.2893E-01 -1.6973E-01 -1.1179E+00  6.5581E-02  5.7553E-01
 -7.2960E-01 -1.5247E-01  1.0576E+00  6.5581E-02  5.7553E-01
 -2.4236E-01 -5.9850E-02  1.2633E+00  6.5199E-02  5.8571E-01
  1.2823E+00  3.8550E-02  1.1182E-01  6.5199E-02  5.8571E-01
 -1.2183E+00  9.3667E-02 -4.0651E-01  6.5199E-02  5.8571E-01
  1.7564E-01 -7.5188E-03 -1.2696E+00  6.4817E-02  5.9614E-01
 -1.2689E+00  1.4937E-01  1.0244E-01  6.4817E-02  5.9614E-01
  5.0949E-01 -3.0545E-02 -1.1692E+00  6.4434E-02  6.0681E-01
  9.2427E-01 -6.8707E-02  8.7665E-01  6.4434E-02  6.0681E-01
 -5.7406E-01  1.7930E-01  1.1184E+00  6.4051E-02  6.1776E-01
  9.7913E-01 -7.8657E-03  8.0848E-01  6.4051E-02  6.1776E-01
 -3.2438E-01  3.9836E-02  1.2270E+00  6.4051E-02  6.1776E-01
 -1.5603E-01 -1.0207E-02 -1.2542E+00  6.3669E-02  6.2897E-01
 -3.8590E-01 -1.3296E-01 -1.1962E+00  6.3669E-02  6.2897E-01
 -1.2257E+00 -1.9477E-02 -2.8281E-01  6.3285E-02  6.4046E-01
  1.0481E+00 -3.7524E-02  6.9491E-01  6.3285E-02  6.4046E-01
  1.3749E-01 -1.1498E-01  1.2453E+00  6.3285E-02  6.4046E-01
  3.6212E-01  6.6681E-02 -1.1970E+00  6.2902E-02  6.5224E-01
 -1.2147E+00  8.5986E-02 -2.9226E-01  6.2902E-02  6.5224E-01
  1.2249E+00  6.0642E-02  2.2366E-01  6.2518E-02  6.6433E-01
  6.5612E-01 -1.3945E-01 -1.0507E+00  6.2518E-02  6.6433E-01
  6.8854E-01 -1.5670E-01  1.0273E+00  6.2518E-02  6.6433E-01
  7.3675E-01 -1.6782E-01 -9.8432E-01  6.2134E-02  6.7672E-01
 -1.2216E+00 -1.6629E-01  7.7969E-02  6.1750E-02  6.8943E-01
 -1.7128E-01 -1.7950E-01  1.2101E+00  6.1750E-02  6.8943E-01
 -6.3906E-01 -9.2411E-02 -1.0466E+00  6.1365E-02  7.0248E-01
 -1.1385E+00  6.5730E-02 -4.6004E-01  6.1365E-02  7.0248E-01
 -1.1815E+00 -4.0057E-02  3.3872E-01  6.1365E-02  7.0248E-01
 -1.2026E+00 -5.7365E-02 -2.2160E-01  6.0980E-02  7.1587E-01
 -1.2061E+00  1.6224E-01  1.3322E-01  6.0980E-02  7.1587E-01
 -9.3711E-01 -4.8195E-02  7.8625E-01  6.0980E-02  7.1587E-01
  9.1644E-01 -1.6431E-01  7.8645E-01  6.0595E-02  7.2962E-01
 -1.1388E+00  9.9606E-02  4.2264E-01  6.0595E-02  7.2962E-01
 -5.6784E-01 -5.3222E-02 -1.0771E+00  6.0595E-02  7.2962E-01
 -9.8563E-01  9.3501E-02 -7.0143E-01  6.0209E-02  7.4374E-01
  6.0075E-01 -2.5473E-02 -1.0477E+00  5.9822E-02  7.5825E-01
  1.1269E+00 -2.3214E-03  4.3524E-01  5.9822E-02  7.5825E-01
 -5.1428E-01 -4.3273E-02 -1.0864E+00  5.9436E-02  7.7315E-01
  3.7076E-01  7.7439E-02  1.1415E+00  5.9436E-02  7.7315E-01
  8.4642E-01 -1.7162E-01  8.2950E-01  5.9048E-02  7.8847E-01
  8.0652E-01 -1.3046E-01 -8.7548E-01  5.9048E-02  7.8847E-01
 -7.8137E-01 -1.2118E-01  8.9930E-01  5.9048E-02  7.8847E-01
 -1.1719E+00  1.1126E-01 -1.8919E-01  5.8660E-02  8.0422E-01
 -5.4547E-01  1.7262E-01  1.0461E+00  5.8660E-02  8.0422E-01
 -5.3927E-01  8.7360E-03  1.0576E+00  5.8271E-02  8.2042E-01
 -7.9731E-01  4.0907E-02  8.7180E-01  5.7882E-02  8.3709E-01
  7.1856E-01 -1.1114E-01  9.3206E-01  5.7882E-02  8.3709E-01
 -1.1562E+00  1.8411E-01 -1.6329E-01  5.7882E-02  8.3709E-01
 -1.0604E+00 -1.7468E-01 -4.8032E-01  5.7492E-02  8.5424E-01
 -1.1257E+00 -1.6275E-01 -3.0336E-01  5.7492E-02  8.5424E-01
 -1.1260E+00  9.7776E-02  3.2903E-01  5.7492E-02  8.5424E-01
 -1.1299E+00 -6.9974E-02 -3.0401E-01  5.7101E-02  8.7190E-01
 -2.3163E-01 -1.8610E-01  1.1339E+00  5.7101E-02  8.7190E-01
 -8.1792E-01  5.2758E-02 -8.3799E-01  5.7101E-02  8.7190E-01
 -9.3914E-01 -1.4474E-01 -6.8635E-01  5.7101E-02  8.7190E-01
 -7.7890E-01 -1.2693E-01 -8.6011E-01  5.6710E-02  8.9009E-01
 -6.2695E-02 -1.8572E-01  1.1507E+00  5.6710E-02  8.9009E-01
 -6.5402E-01 -1.4192E-01 -9.5640E-01  5.6710E-02  8.9009E-01
  4.7582E-01 -1.8595E-02 -1.0553E+00  5.5924E-02  9.2814E-01
 -6.4243E-02  1.7542E-01  1.1425E+00  5.5924E-02  9.2814E-01
  2.3020E-01  1.2327E-01 -1.1279E+00  5.5924E-02  9.2814E-01
 -1.1434E+00 -1.5511E-02 -1.8075E-01  5.5924E-02  9.2814E-01
  7.2713E-01  4.7388E-02 -8.9964E-01  5.5924E-02  9.2814E-01
  4.2319E-01 -1.2200E-02  1.0775E+00  5.5924E-02  9.2814E-01
 -3.8703E-01  1.2196E-01  1.0792E+00  5.5530E-02  9.4805E-01
  9.0675E-01  1.5207E-01 -6.9579E-01  5.5530E-02  9.4805E-01
  2.2311E-01  1.5396E-01 -1.1207E+00  5.5530E-02  9.4805E-01
 -7.7932E-01  1.1732E-01 -8.4163E-01  5.5530E-02  9.4805E-01
  1.1175E+00  1.8436E-01  2.1609E-01  5.5530E-02  9.4805E-01
 -1.1095E+00  2.7056E-02  3.1258E-01  5.5530E-02  9.4805E-01
 -1.0897E+00 -1.4163E-01 -3.4911E-01  5.5530E-02  9.4805E-01
 -9.3649E-01  4.8798E-02  6.6286E-01  5.5134E-02  9.6859E-01
  6.8667E-01 -1.7603E-01 -9.0347E-01  5.5134E-02  9.6859E-01
 -7.5013E-01 -5.8928E-02 -8.6753E-01  5.5134E-02  9.6859E-01
  1.0341E+00  5.5886E-02 -4.8554E-01  5.4738E-02  9.8980E-01
  1.1163E+00  1.0879E-01 -2.2432E-01  5.4738E-02  9.8980E-01
  4.1276E-01 -1.0247E-01 -1.0618E+00  5.4738E-02  9.8980E-01
 -1.1192E+00  1.3167E-01  1.9601E-01  5.4738E-02  9.8980E-01
 -1.0506E+00 -8.4156E-02  4.3270E-01  5.4340E-02  1.0117E+00
 -5.2287E-01 -1.6172E-01  9.9921E-01  5.4340E-02  1.0117E+00
  5.0969E-01 -7.8787E-02  1.0159E+00  5.4340E-02  1.0117E+00
 -1.1291E+00  7.7864E-03 -1.5187E-01  5.4340E-02  1.0117E+00
 -8.4440E-01 -1.3202E-01 -7.5335E-01  5.4340E-02  1.0117E+00
  5.2027E-01 -1.5120E-01 -9.9715E-01  5.3941E-02  1.0343E+00
  1.0519E+00 -1.3615E-01 -4.0344E-01  5.3941E-02  1.0343E+00
 -1.0392E+00  9.6737E-02 -4.4554E-01  5.3941E-02  1.0343E+00
  1.1000E+00  1.4288E-01 -2.3967E-01  5.3941E-02  1.0343E+00
 -1.0764E+00  8.6015E-02 -3.3452E-01  5.3541E-02  1.0577E+00
  9.0832E-01 -1.3066E-01 -6.6015E-01  5.3541E-02  1.0577E+00
 -1.1297E+00 -3.7875E-02 -1.6704E-02  5.3541E-02  1.0577E+00
 -2.8765E-01  1.4387E-01 -1.0837E+00  5.3541E-02  1.0577E+00
  4.8132E-01 -1.5309E-01  1.0113E+00  5.3541E-02  1.0577E+00
  1.0909E+00 -3.7133E-02  2.7715E-01  5.3139E-02  1.0818E+00
 -7.2190E-01  1.4366E-02  8.6418E-01  5.3139E-02  1.0818E+00
  1.2165E-01 -5.8393E-02 -1.1180E+00  5.3139E-02  1.0818E+00
 -5.3901E-01 -8.6950E-03 -9.8871E-01  5.3139E-02  1.0818E+00
 -1.1109E+00 -9.5969E-02  1.2324E-01  5.2736E-02  1.1068E+00
  1.0079E+00  1.2772E-01 -4.7580E-01  5.2736E-02  1.1068E+00
 -7.8296E-01  6.9161E-02  8.0049E-01  5.2736E-02  1.1068E+00
 -3.6399E-01 -9.4280E-02 -1.0525E+00  5.2331E-02  1.1327E+00
  3.1262E-01 -1.3551E-02 -1.0730E+00  5.2331E-02  1.1327E+00
  1.5423E-01 -1.8948E-02  1.1068E+00  5.2331E-02  1.1327E+00
  7.3714E-01  4.3091E-02  8.3903E-01  5.2331E-02  1.1327E+00
 -3.2102E-01  6.1056E-02 -1.0688E+00  5.2331E-02  1.1327E+00
 -8.3729E-01  1.7903E-01  7.1841E-01  5.2331E-02  1.1327E+00
 -6.8173E-01  1.6015E-01  8.6579E-01  5.1925E-02  1.1595E+00
 -6.3059E-01  1.1313E-01 -9.1080E-01  5.1925E-02  1.1595E+00
 -6.8675E-01  5.0308E-02 -8.6995E-01  5.1516E-02  1.1873E+00
 -1.1035E+00 -1.0547E-01  4.6932E-02  5.1516E-02  1.1873E+00
 -6.0871E-01 -8.6643E-02  9.1875E-01  5.1106E-02  1.2161E+00
  1.0891E+00  1.0669E-01 -1.5720E-01  5.1106E-02  1.2161E+00
  5.8027E-01  1.7946E-01  9.2369E-01  5.1106E-02  1.2161E+00
 -5.7058E-01 -2.1248E-02 -9.4663E-01  5.1106E-02  1.2161E+00
  4.5396E-01 -7.4369E-02 -1.0009E+00  5.0694E-02  1.2461E+00
  1.0438E+00 -1.4295E-01  3.2186E-01  5.0694E-02  1.2461E+00
  4.3311E-01  1.9491E-02  1.0127E+00  5.0694E-02  1.2461E+00
 -1.0857E+00  1.6153E-01 -7.8001E-03  5.0279E-02  1.2771E+00
  1.4956E-01  1.8412E-01 -1.0718E+00  5.0279E-02  1.2771E+00
 -1.0900E+00  3.0791E-02 -1.2648E-01  5.0279E-02  1.2771E+00
 -1.0546E+00  6.6711E-02  2.8286E-01  4.9863E-02  1.3094E+00
  6.2887E-01  2.0001E-02 -8.9032E-01  4.9444E-02  1.3430E+00
  7.2919E-01  4.3422E-02 -8.0436E-01  4.9022E-02  1.3780E+00
  1.0225E+00  2.2936E-02 -3.6684E-01  4.9022E-02  1.3780E+00
  1.2570E-01  1.3464E-01  1.0708E+00  4.9022E-02  1.3780E+00
 -1.0144E+00  7.7227E-02  3.8155E-01  4.9022E-02  1.3780E+00
  2.3746E-02  8.4207E-03  1.0863E+00  4.9022E-02  1.3780E+00
  2.5809E-01  1.1704E-01 -1.0452E+00  4.8597E-02  1.4144E+00
 -6.9581E-01  1.3446E-01 -8.1889E-01  4.8597E-02  1.4144E+00
  9.8506E-02 -1.2084E-01  1.0717E+00  4.8597E-02  1.4144E+00
 -1.0756E+00 -1.0657E-01  6.7613E-02  4.8597E-02  1.4144E+00
 -4.0223E-02 -1.5174E-01 -1.0715E+00  4.8597E-02  1.4144E+00
 -1.0551E+00 -1.4430E-02  2.4347E-01  4.8597E-02  1.4144E+00
  7.0275E-04  1.8246E-01 -1.0675E+00  4.8597E-02  1.4144E+00
 -8.6333E-01  1.2078E-01 -6.4257E-01  4.8597E-02  1.4144E+00
  1.0496E+00  5.9530E-03 -2.5203E-01  4.8170E-02  1.4524E+00
  8.4120E-02 -1.2490E-01 -1.0689E+00  4.8170E-02  1.4524E+00
 -9.8560E-01 -1.5113E-01  4.1350E-01  4.8170E-02  1.4524E+00
  9.8641E-01  1.1191E-01  4.2390E-01  4.8170E-02  1.4524E+00
  3.9246E-02 -1.1430E-01  1.0625E+00  4.6868E-02  1.5768E+00
  1.0087E+00 -8.2542E-02 -3.4525E-01  4.6868E-02  1.5768E+00
 -1.0681E+00 -4.3296E-02  2.6190E-02  4.6868E-02  1.5768E+00
 -7.0120E-01  1.2012E-01 -7.9403E-01  4.6427E-02  1.6222E+00
 -9.1706E-02  1.4357E-01 -1.0524E+00  4.6427E-02  1.6222E+00
  6.4239E-01 -2.3690E-02  8.5052E-01  4.6427E-02  1.6222E+00
  1.0534E+00  5.7743E-02  1.0191E-01  4.5533E-02  1.7196E+00
  1.0454E+00  1.7473E-01 -6.7936E-03  4.5533E-02  1.7196E+00
 -9.4713E-01 -1.6711E-01 -4.4537E-01  4.5533E-02  1.7196E+00
 -5.8776E-01  9.3918E-02  8.7332E-01  4.5079E-02  1.7721E+00
  1.1405E-01 -1.3562E-02 -1.0506E+00  4.5079E-02  1.7721E+00
  6.9266E-03  2.2298E-02  1.0537E+00  4.4620E-02  1.8273E+00
  2.3715E-01  9.9027E-03 -1.0269E+00  4.4620E-02  1.8273E+00
  1.0482E+00 -1.6883E-02  1.0802E-01  4.4620E-02  1.8273E+00
  1.7345E-01 -7.7627E-02  1.0367E+00  4.4620E-02  1.8273E+00
 -6.9269E-01  1.2845E-01  7.8387E-01  4.4620E-02  1.8273E+00
  9.7233E-01 -1.1792E-01 -3.8914E-01  4.4620E-02  1.8273E+00
  1.3455E-01 -8.6856E-02 -1.0417E+00  4.4620E-02  1.8273E+00
 -5.5206E-01 -1.2936E-01 -8.8501E-01  4.4156E-02  1.8855E+00
  1.0229E+00 -1.3132E-01  2.0267E-01  4.4156E-02  1.8855E+00
  8.9685E-02  1.5900E-01 -1.0351E+00  4.4156E-02  1.8855E+00
  4.1451E-01  4.5100E-02  9.6179E-01  4.3687E-02  1.9469E+00
 -4.6974E-01  4.2875E-02 -9.3616E-01  4.3687E-02  1.9469E+00
 -9.4675E-01 -3.0531E-02  4.4901E-01  4.3687E-02  1.9469E+00
 -6.9422E-01  9.5747E-02  7.7961E-01  4.3687E-02  1.9469E+00
 -7.7303E-01 -7.3108E-02 -7.0425E-01  4.3687E-02  1.9469E+00
 -3.2268E-01 -1.5762E-01  9.8485E-01  4.3687E-02  1.9469E+00
  1.5433E-01  1.3637E-01 -1.0279E+00  4.3687E-02  1.9469E+00
  4.6914E-02 -1.2730E-01  1.0367E+00  4.3212E-02  2.0119E+00
  7.0608E-01 -1.6972E-01 -7.5223E-01  4.3212E-02  2.0119E+00
 -1.0069E+00 -1.1683E-01  2.5637E-01  4.3212E-02  2.0119E+00
  1.0059E+00 -5.6214E-02 -2.7972E-01  4.3212E-02  2.0119E+00
  7.5681E-01  9.4160E-03  7.2136E-01  4.3212E-02  2.0119E+00
  6.3170E-01  5.8972E-02  8.2775E-01  4.2730E-02  2.0806E+00
 -8.6007E-01  2.1342E-02  5.8952E-01  4.2730E-02  2.0806E+00
  4.5353E-01 -2.0857E-02  9.3892E-01  4.2730E-02  2.0806E+00
  6.7202E-01 -8.8174E-02 -7.9266E-01  4.2730E-02  2.0806E+00
 -9.2963E-01 -1.8393E-01 -4.3549E-01  4.2730E-02  2.0806E+00
 -2.1954E-02 -6.5394E-02 -1.0381E+00  4.2242E-02  2.1536E+00
 -8.8123E-01 -6.3553E-02 -5.4460E-01  4.1747E-02  2.2312E+00
 -9.6569E-01  1.3098E-02 -3.8010E-01  4.1747E-02  2.2312E+00
  6.7271E-01  4.9535E-02 -7.8880E-01  4.1747E-02  2.2312E+00
 -6.2289E-01 -5.6692E-02  8.2824E-01  4.1747E-02  2.2312E+00
 -3.0394E-01  7.1838E-02  9.8977E-01  4.1747E-02  2.2312E+00
  9.8375E-01  1.5106E-01 -2.8568E-01  4.1244E-02  2.3138E+00
 -1.0247E+00 -8.4949E-02 -1.2199E-01  4.1244E-02  2.3138E+00
  8.4696E-01  1.2731E-01 -5.8193E-01  4.1244E-02  2.3138E+00
 -8.2349E-01  1.7301E-01 -6.0343E-01  4.1244E-02  2.3138E+00
  9.5220E-01 -1.0092E-01 -3.9412E-01  4.1244E-02  2.3138E+00
  1.0339E+00 -4.9975E-02  2.8985E-02  4.1244E-02  2.3138E+00
 -9.3929E-01  1.6971E-01  3.9536E-01  4.0733E-02  2.4020E+00
  8.7829E-01 -6.1061E-02  5.4060E-01  4.0733E-02  2.4020E+00
  7.1630E-01  2.9593E-02 -7.4391E-01  4.0733E-02  2.4020E+00
  8.1723E-02  7.1840E-02 -1.0274E+00  4.0733E-02  2.4020E+00
  8.9901E-01  1.4536E-01  4.7841E-01  3.9683E-02  2.5977E+00
  9.8722E-01  1.1998E-01 -2.6309E-01  3.9683E-02  2.5977E+00
 -5.4980E-01 -1.4087E-01  8.5544E-01  3.9143E-02  2.7067E+00
  9.5611E-01  7.9068E-02 -3.6537E-01  3.9143E-02  2.7067E+00
  5.0341E-01 -1.1051E-01  8.8784E-01  3.9143E-02  2.7067E+00
 -6.2528E-01 -1.3603E-01  8.0017E-01  3.8592E-02  2.8243E+00
  1.6300E-02  1.2513E-01 -1.0168E+00  3.8592E-02  2.8243E+00
 -9.4239E-01  1.5196E-01 -3.7223E-01  3.8592E-02  2.8243E+00
  5.6620E-01 -1.4581E-01 -8.4137E-01  3.8592E-02  2.8243E+00
 -4.9672E-01  1.8366E-01 -8.7709E-01  3.8592E-02  2.8243E+00
  2.0704E-01  8.1172E-02  9.9815E-01  3.8029E-02  2.9517E+00
  7.7740E-01 -6.0547E-02  6.6163E-01  3.8029E-02  2.9517E+00
  9.1571E-01  1.7326E-01  4.2098E-01  3.8029E-02  2.9517E+00
  1.9022E-01 -6.6343E-02  1.0026E+00  3.8029E-02  2.9517E+00
 -1.2898E-01 -1.3374E-01 -1.0037E+00  3.7452E-02  3.0900E+00
 -4.6051E-01 -1.4946E-02  9.1085E-01  3.7452E-02  3.0900E+00
 -4.0768E-01 -1.4024E-01 -9.2525E-01  3.7452E-02  3.0900E+00
  9.7309E-01 -7.5711E-02 -2.9268E-01  3.6862E-02  3.2409E+00
 -8.3081E-01 -5.8565E-02 -5.8704E-01  3.6862E-02  3.2409E+00
 -5.9495E-01  4.7354E-02  8.2589E-01  3.6862E-02  3.2409E+00
 -1.0237E-01  1.1691E-01 -1.0071E+00  3.6862E-02  3.2409E+00
  6.6147E-01  4.4127E-02 -7.7383E-01  3.6862E-02  3.2409E+00
  1.0171E+00  4.0155E-03 -6.1103E-02  3.6862E-02  3.2409E+00
 -4.8396E-01 -1.0315E-01  8.8880E-01  3.6256E-02  3.4062E+00
 -4.9014E-01 -1.3966E-01 -8.8039E-01  3.6256E-02  3.4062E+00
 -7.3149E-01  1.2275E-01  6.9618E-01  3.6256E-02  3.4062E+00
  2.6394E-01  1.5288E-02 -9.8062E-01  3.5633E-02  3.5880E+00
  9.0383E-01 -1.0543E-01 -4.5109E-01  3.5633E-02  3.5880E+00
  9.6051E-01 -2.3429E-02 -3.2921E-01  3.5633E-02  3.5880E+00
 -6.6058E-01  1.7070E-01  7.5233E-01  3.5633E-02  3.5880E+00
  7.8015E-01 -1.2061E-01 -6.3654E-01  3.4991E-02  3.7890E+00
 -9.3802E-01 -1.1017E-01 -3.6925E-01  3.4991E-02  3.7890E+00
  7.5057E-01  1.0926E-01 -6.7311E-01  3.4991E-02  3.7890E+00
 -3.2794E-01  1.2566E-01 -9.5133E-01  3.4991E-02  3.7890E+00
  9.1361E-01 -3.7450E-02  4.3848E-01  3.4991E-02  3.7890E+00
 -5.7154E-01 -1.0315E-01  8.2951E-01  3.4329E-02  4.0125E+00
 -1.1495E-01  1.2539E-02 -1.0060E+00  3.4329E-02  4.0125E+00
  1.2905E-01 -1.2283E-01 -9.9540E-01  3.3644E-02  4.2626E+00
 -7.1715E-01  9.1008E-02  7.0709E-01  3.3644E-02  4.2626E+00
  8.7079E-01  5.5260E-02 -5.1112E-01  3.3644E-02  4.2626E+00
  1.4070E-01 -1.5267E-01 -9.8968E-01  3.3644E-02  4.2626E+00
 -1.0094E+00  3.1319E-02 -5.0314E-03  3.2934E-02  4.5444E+00
  8.8443E-01  1.5839E-01  4.6110E-01  3.2934E-02  4.5444E+00
  9.9473E-01 -1.6713E-02 -1.7365E-01  3.2934E-02  4.5444E+00
 -1.1979E-01  1.6196E-01 -9.8836E-01  3.2195E-02  4.8645E+00
  9.8641E-01 -8.3106E-02 -1.9373E-01  3.2195E-02  4.8645E+00
  8.8168E-01  2.6740E-02 -4.8925E-01  3.2195E-02  4.8645E+00
 -9.2269E-01  8.3888E-02 -3.9880E-01  3.2195E-02  4.8645E+00
 -1.3267E-01  1.5063E-01 -9.8851E-01  3.2195E-02  4.8645E+00
  1.4649E-01 -5.0996E-02  9.9552E-01  3.1425E-02  5.2312E+00
  1.0848E-01 -1.6374E-02  1.0015E+00  3.1425E-02  5.2312E+00
 -7.7424E-01  1.3574E-01  6.3028E-01  3.1425E-02  5.2312E+00
 -8.1899E-01 -1.3280E-01 -5.7161E-01  3.1425E-02  5.2312E+00
  3.7920E-02 -3.4943E-02  1.0051E+00  3.0618E-02  5.6557E+00
 -9.7721E-01 -4.7897E-02  2.3609E-01  3.0618E-02  5.6557E+00
 -5.3433E-01  1.2387E-01  8.4387E-01  3.0618E-02  5.6557E+00
 -7.9051E-01 -6.7009E-02  6.1934E-01  3.0618E-02  5.6557E+00
 -5.5604E-01  5.3316E-02  8.3604E-01  2.9770E-02  6.1530E+00
  1.5018E-01  1.4270E-01  9.8298E-01  2.8874E-02  6.7438E+00
  8.1049E-01 -1.7864E-01 -5.6601E-01  2.8874E-02  6.7438E+00
  2.7512E-01 -9.9774E-02 -9.6100E-01  2.8874E-02  6.7438E+00
 -8.2131E-01  1.7820E-01  5.4882E-01  2.7921E-02  7.4574E+00
 -5.3722E-01  1.7765E-01  8.2816E-01  2.6903E-02  8.3369E+00
 -8.5686E-01  1.7873E-01  4.8976E-01  2.6903E-02  8.3369E+00
  9.9240E-01 -9.1434E-02  1.0713E-01  2.5804E-02  9.4481E+00
 -9.7419E-01 -6.4802E-02 -2.2685E-01  2.5804E-02  9.4481E+00
 -2.2280E-01 -4.8934E-02 -9.7604E-01  2.5804E-02  9.4481E+00
 -8.4317E-01 -1.7452E-01  5.1313E-01  2.5804E-02  9.4481E+00
  9.8939E-01  7.9878E-02  1.3939E-01  2.5804E-02  9.4481E+00
 -9.6380E-01 -1.1296E-01 -2.5105E-01  2.5804E-02  9.4481E+00
  5.9201E-01 -1.3932E-01  7.9602E-01  2.4606E-02  1.0897E+01
 -3.8397E-01 -3.6200E-02  9.2401E-01  2.3280E-02  1.2866E+01
  8.9433E-01 -1.8308E-01  4.1134E-01  2.3280E-02  1.2866E+01
  9.4270E-01 -1.9031E-02  3.3690E-01  2.3280E-02  1.2866E+01
  7.3304E-01 -4.7202E-02 -6.8042E-01  2.3280E-02  1.2866E+01
  4.7633E-01  8.2431E-02 -8.7684E-01  2.3280E-02  1.2866E+01
 -2.0363E-02  1.6572E-02  1.0005E+00  2.1787E-02  1.5696E+01
 -6.9528E-01  1.1934E-01  7.0997E-01  2.1787E-02  1.5696E+01
 -8.0144E-01  5.1689E-02  5.9671E-01  2.0058E-02  2.0115E+01
  8.4408E-01 -9.2415E-02 -5.2870E-01  1.7969E-02  2.7981E+01
  3.8832E-01 -9.1303E-02 -9.1728E-01  1.7969E-02  2.7981E+01
