0.10664228571429D+02       653
(x,y,z) position of the X-ray source
  0.1629E+01 -0.4011E-01 -0.7654E+00
x | y | z | R | rho
 -3.4151E-01  1.5577E-02  9.4056E+00  3.0936E-01  5.4827E-03
  2.8128E-01 -4.3923E-03  9.3349E+00  3.0772E-01  5.5710E-03
 -1.4148E+00  2.4305E-01  9.2036E+00  3.0717E-01  5.6008E-03
  7.7942E-01  2.4172E-01  9.2426E+00  3.0635E-01  5.6461E-03
  4.1404E-01  2.0242E-01  9.0733E+00  3.0194E-01  5.8969E-03
  8.4727E-01  2.2002E-01  8.4727E+00  2.8884E-01  6.7361E-03
 -1.7718E+00 -2.0045E-01  8.3168E+00  2.8856E-01  6.7558E-03
  2.7228E-01  1.2298E-01  8.3320E+00  2.8461E-01  7.0411E-03
 -3.9021E-01 -2.4613E-01  8.3125E+00  2.8433E-01  7.0621E-03
 -1.7920E-01 -3.4093E-01  8.2201E+00  2.8206E-01  7.2339E-03
  2.0121E+00 -3.0307E-01  7.9612E+00  2.8178E-01  7.2558E-03
  1.6353E+00 -2.9689E-02  7.9302E+00  2.7893E-01  7.4803E-03
 -6.0752E-01  1.5038E-01  7.7363E+00  2.7090E-01  8.1658E-03
  1.3117E+00  2.3586E-01  7.4279E+00  2.6568E-01  8.6562E-03
 -6.1193E-01  1.3810E-01  7.3528E+00  2.6159E-01  9.0681E-03
 -2.1322E-01 -1.8639E-02  7.3406E+00  2.6072E-01  9.1601E-03
 -1.3673E+00  2.6752E-01  7.0406E+00  2.5660E-01  9.6080E-03
  8.7981E-01 -2.5230E-01  7.0825E+00  2.5571E-01  9.7081E-03
  3.9096E-01 -1.0636E-01  7.1299E+00  2.5571E-01  9.7081E-03
 -8.2582E-01  2.0320E-01  6.7321E+00  2.4680E-01  1.0799E-02
 -9.1029E-01 -2.0332E-01  6.6973E+00  2.4620E-01  1.0878E-02
  1.5379E-01  1.9779E-01  6.7454E+00  2.4590E-01  1.0918E-02
 -1.8863E+00  1.6487E-01  6.4051E+00  2.4410E-01  1.1162E-02
 -1.2269E+00 -1.6023E-01  6.2992E+00  2.3745E-01  1.2126E-02
 -1.0265E+00  2.6561E-01  6.2479E+00  2.3532E-01  1.2458E-02
  3.8105E-01 -1.4864E-01  6.2886E+00  2.3440E-01  1.2604E-02
  1.6101E+00 -3.2412E-01  5.9746E+00  2.3165E-01  1.3059E-02
  1.8698E+00 -9.0953E-02  5.8204E+00  2.2950E-01  1.3430E-02
  7.7072E-01 -1.5901E-01  5.8154E+00  2.2300E-01  1.4638E-02
 -2.2320E-01 -2.4479E-02  5.7474E+00  2.1988E-01  1.5269E-02
 -1.2399E+00 -5.2874E-02  5.3779E+00  2.1360E-01  1.6657E-02
  1.2412E+00 -2.9992E-01  5.3457E+00  2.1297E-01  1.6805E-02
 -7.5996E-01  3.6558E-02  5.4432E+00  2.1297E-01  1.6805E-02
 -1.7094E+00  9.7635E-02  5.1860E+00  2.1202E-01  1.7032E-02
 -1.6182E+00  1.3933E-01  5.0323E+00  2.0725E-01  1.8235E-02
  1.4304E+00 -1.3240E-01  5.0291E+00  2.0565E-01  1.8663E-02
  1.7378E+00 -2.9217E-02  4.8107E+00  2.0245E-01  1.9565E-02
 -1.5393E-01 -1.0320E-01  5.0657E+00  2.0116E-01  1.9943E-02
  9.9599E-01  8.3064E-02  4.8175E+00  1.9695E-01  2.1249E-02
 -4.0818E-01  2.2919E-02  4.8343E+00  1.9500E-01  2.1894E-02
 -1.0220E-01 -1.4021E-01  4.8370E+00  1.9467E-01  2.2004E-02
  1.5054E+00 -1.5405E-01  4.5374E+00  1.9304E-01  2.2567E-02
 -2.8853E-02 -2.0370E-01  4.7786E+00  1.9304E-01  2.2567E-02
 -1.7729E+00 -2.7311E-01  4.3356E+00  1.9042E-01  2.3512E-02
  1.6946E+00 -1.9763E-01  4.3342E+00  1.8943E-01  2.3881E-02
 -9.8260E-01  2.0508E-01  4.4903E+00  1.8778E-01  2.4515E-02
 -4.1948E-02  6.3229E-02  4.5778E+00  1.8712E-01  2.4775E-02
  5.3079E-01 -1.7553E-01  4.5328E+00  1.8679E-01  2.4907E-02
  6.4723E-01  5.4367E-02  4.4750E+00  1.8547E-01  2.5444E-02
 -1.8491E+00  1.4741E-01  4.1115E+00  1.8514E-01  2.5581E-02
  1.9742E+00  7.1585E-02  3.9920E+00  1.8348E-01  2.6281E-02
 -1.6224E+00 -2.9315E-02  4.0874E+00  1.8181E-01  2.7010E-02
  3.0848E-02  2.2500E-01  4.3017E+00  1.7914E-01  2.8237E-02
  1.4801E+00 -1.3940E-01  4.0191E+00  1.7847E-01  2.8557E-02
  3.8015E-01  2.1801E-01  4.2289E+00  1.7746E-01  2.9045E-02
 -1.6118E+00  2.0207E-01  3.8562E+00  1.7544E-01  3.0060E-02
  8.0347E-01  2.6407E-01  4.0980E+00  1.7544E-01  3.0060E-02
  9.4800E-01 -1.4550E-02  3.9838E+00  1.7274E-01  3.1493E-02
  1.7768E+00  1.4743E-01  3.6866E+00  1.7274E-01  3.1493E-02
 -9.2667E-01 -2.2630E-01  3.8680E+00  1.6934E-01  3.3426E-02
  1.4650E+00  1.8236E-01  3.6764E+00  1.6866E-01  3.3833E-02
  1.8878E+00  3.8473E-02  3.3439E+00  1.6490E-01  3.6204E-02
 -3.3278E-02  1.3370E-01  3.8046E+00  1.6387E-01  3.6891E-02
  1.3723E+00 -1.8806E-01  3.4871E+00  1.6215E-01  3.8079E-02
 -8.0537E-01 -2.4792E-01  3.6563E+00  1.6215E-01  3.8079E-02
  1.2246E+00  1.7328E-01  3.4263E+00  1.5869E-01  4.0625E-02
 -1.7277E+00 -9.8469E-03  2.9205E+00  1.5065E-01  4.7481E-02
 -1.6660E+00  2.3069E-01  2.9347E+00  1.5030E-01  4.7815E-02
  1.7774E+00  1.3113E-01  2.7989E+00  1.4818E-01  4.9893E-02
  1.7374E+00  1.9098E-01  2.7952E+00  1.4747E-01  5.0614E-02
  1.1923E+00  2.0443E-01  3.0552E+00  1.4712E-01  5.0980E-02
 -6.8434E-01 -1.5666E-01  3.1773E+00  1.4606E-01  5.2102E-02
  1.3765E+00  1.9425E-01  2.9303E+00  1.4570E-01  5.2483E-02
 -3.2791E-01 -2.8528E-02  3.1945E+00  1.4464E-01  5.3651E-02
 -9.9073E-01 -1.2732E-01  3.0185E+00  1.4357E-01  5.4857E-02
  9.1046E-01  1.0062E-01  3.0004E+00  1.4214E-01  5.6525E-02
  1.1236E+00  2.4643E-02  2.9176E+00  1.4178E-01  5.6953E-02
 -2.9139E-02 -7.4040E-02  3.0412E+00  1.3892E-01  6.0548E-02
 -5.0042E-01  1.9848E-01  2.9623E+00  1.3784E-01  6.1979E-02
  1.3659E+00  1.0120E-01  2.6577E+00  1.3712E-01  6.2960E-02
  2.3688E-02 -8.5848E-03  2.9376E+00  1.3532E-01  6.5509E-02
  4.4369E-01  1.0994E-01  2.8914E+00  1.3496E-01  6.6036E-02
  1.7609E+00  1.2743E-01  2.3219E+00  1.3460E-01  6.6569E-02
  1.3774E+00  1.6836E-01  2.5539E+00  1.3424E-01  6.7108E-02
  5.6777E-02  1.4634E-01  2.8608E+00  1.3279E-01  6.9327E-02
  1.2128E+00 -1.2542E-01  2.5698E+00  1.3207E-01  7.0476E-02
 -3.3757E-01 -2.6635E-02  2.8242E+00  1.3207E-01  7.0476E-02
  1.8990E+00 -8.8644E-03  2.1037E+00  1.3170E-01  7.1060E-02
 -1.6887E+00  1.1800E-01  2.2472E+00  1.3098E-01  7.2249E-02
  1.4234E+00 -1.4305E-01  2.3868E+00  1.2988E-01  7.4085E-02
 -1.0314E+00  3.4589E-03  2.5513E+00  1.2879E-01  7.5987E-02
 -1.5146E+00 -1.9876E-01  2.2644E+00  1.2806E-01  7.7293E-02
  1.4759E+00 -1.1973E-01  2.2831E+00  1.2770E-01  7.7958E-02
 -7.8224E-01 -8.8870E-02  2.5730E+00  1.2660E-01  8.0001E-02
  1.6912E+00 -1.3701E-01  2.0752E+00  1.2623E-01  8.0699E-02
 -1.3071E+00  1.3909E-01  2.2896E+00  1.2477E-01  8.3577E-02
  6.9781E-01  4.0361E-02  2.5459E+00  1.2477E-01  8.3577E-02
  1.1432E+00 -7.6630E-02  2.3449E+00  1.2367E-01  8.5829E-02
 -1.1260E+00 -1.6611E-01  2.3486E+00  1.2367E-01  8.5829E-02
 -7.1293E-01  3.5862E-02  2.4581E+00  1.2183E-01  8.9776E-02
  1.8578E+00  1.1984E-01 -1.7421E+00  1.2146E-01  9.0595E-02
  1.9162E+00 -2.2750E-02 -1.6818E+00  1.2146E-01  9.0595E-02
  7.8102E-01  1.3682E-01  2.4127E+00  1.2109E-01  9.1425E-02
  5.5409E-01  2.0575E-02  2.4682E+00  1.2072E-01  9.2266E-02
  1.7694E+00  1.2625E-01  1.7895E+00  1.2035E-01  9.3117E-02
 -1.7271E+00  1.6107E-01  1.8001E+00  1.1961E-01  9.4853E-02
 -1.6967E+00  1.2123E-01 -1.8047E+00  1.1888E-01  9.6634E-02
  6.8851E-01  9.2855E-02  2.3704E+00  1.1851E-01  9.7542E-02
 -1.6695E+00 -7.3836E-02 -1.8056E+00  1.1814E-01  9.8461E-02
  8.4450E-01 -2.0754E-03  2.3108E+00  1.1814E-01  9.8461E-02
 -1.1697E+00  1.4454E-01  2.1371E+00  1.1739E-01  1.0034E-01
 -2.3873E-01  2.7877E-03  2.4189E+00  1.1702E-01  1.0129E-01
  4.7999E-01  1.7059E-01  2.3566E+00  1.1628E-01  1.0324E-01
  2.5206E-01 -7.0395E-02  2.3869E+00  1.1591E-01  1.0424E-01
  8.1354E-01 -1.3388E-01  2.2553E+00  1.1591E-01  1.0424E-01
 -1.8134E+00 -1.2704E-01  1.5539E+00  1.1554E-01  1.0525E-01
 -1.6436E+00  1.6086E-01 -1.7162E+00  1.1517E-01  1.0627E-01
 -7.0160E-01  1.8347E-01  2.2584E+00  1.1480E-01  1.0731E-01
 -1.5728E+00  2.6797E-02 -1.7492E+00  1.1405E-01  1.0942E-01
  1.2857E+00  6.1322E-02  1.9110E+00  1.1219E-01  1.1496E-01
 -1.3721E+00 -4.7696E-02  1.8503E+00  1.1219E-01  1.1496E-01
  1.5931E+00 -5.0367E-02 -1.6505E+00  1.1182E-01  1.1612E-01
 -4.5877E-01 -2.0564E-01  2.2190E+00  1.1107E-01  1.1847E-01
  1.9093E+00 -9.5428E-02 -1.2160E+00  1.1070E-01  1.1968E-01
  1.6466E+00  1.7532E-02 -1.5281E+00  1.0995E-01  1.2214E-01
  6.9640E-01 -4.9038E-02  2.1353E+00  1.0995E-01  1.2214E-01
  2.4194E-01 -1.9126E-01  2.2156E+00  1.0957E-01  1.2339E-01
 -2.2287E-01  9.1778E-02  2.2144E+00  1.0920E-01  1.2466E-01
  1.8277E+00 -1.5378E-01 -1.2639E+00  1.0920E-01  1.2466E-01
  1.2450E+00  8.4080E-02  1.7991E+00  1.0770E-01  1.2994E-01
 -1.5621E+00 -3.4782E-02  1.5068E+00  1.0695E-01  1.3269E-01
 -1.2541E+00 -5.0875E-02 -1.7595E+00  1.0658E-01  1.3410E-01
 -1.5335E+00 -4.5897E-02  1.5089E+00  1.0620E-01  1.3553E-01
  1.7891E+00 -7.2024E-02  1.1935E+00  1.0620E-01  1.3553E-01
 -9.4298E-01  1.7893E-01  1.9155E+00  1.0582E-01  1.3698E-01
  1.8786E+00 -1.8311E-01 -1.0137E+00  1.0582E-01  1.3698E-01
  1.3715E+00  9.1453E-02 -1.6190E+00  1.0507E-01  1.3994E-01
 -1.8526E+00  4.8714E-02  1.0374E+00  1.0507E-01  1.3994E-01
 -1.3576E+00 -1.0844E-01  1.6175E+00  1.0470E-01  1.4145E-01
  1.5388E+00  1.2408E-01  1.4313E+00  1.0432E-01  1.4299E-01
 -1.2520E+00  1.8866E-01 -1.6819E+00  1.0432E-01  1.4299E-01
 -1.5571E+00  4.1791E-02 -1.3745E+00  1.0319E-01  1.4773E-01
  1.7706E+00 -4.8660E-02  1.0678E+00  1.0281E-01  1.4936E-01
  5.2416E-01  1.5011E-01  1.9950E+00  1.0281E-01  1.4936E-01
  7.2289E-01  1.5038E-01  1.9220E+00  1.0244E-01  1.5102E-01
  1.4231E+00 -1.1018E-01  1.4712E+00  1.0206E-01  1.5269E-01
  3.6239E-01 -1.7802E-02  2.0174E+00  1.0206E-01  1.5269E-01
  1.1891E+00  1.4088E-01  1.6524E+00  1.0168E-01  1.5440E-01
 -1.4144E+00  1.0492E-01 -1.4545E+00  1.0131E-01  1.5613E-01
 -1.0071E+00 -3.6114E-02  1.7324E+00  1.0017E-01  1.6148E-01
  1.1214E+00 -7.2151E-02 -1.6595E+00  1.0017E-01  1.6148E-01
  1.4751E+00 -1.6520E-01 -1.3467E+00  1.0017E-01  1.6148E-01
  1.5666E+00 -1.0625E-01  1.2309E+00  9.9797E-02  1.6332E-01
  1.8209E+00 -2.9734E-02 -7.9235E-01  9.9419E-02  1.6519E-01
  1.7471E+00  9.7716E-02  9.3957E-01  9.9419E-02  1.6519E-01
 -6.8167E-01  1.6708E-01 -1.8387E+00  9.8663E-02  1.6902E-01
  1.7380E+00 -7.1911E-03 -9.2343E-01  9.8663E-02  1.6902E-01
  1.4940E+00  1.4383E-01  1.2731E+00  9.8663E-02  1.6902E-01
 -5.4106E-01 -1.0997E-01 -1.8797E+00  9.8285E-02  1.7098E-01
 -1.2153E+00 -1.3402E-01  1.5308E+00  9.8285E-02  1.7098E-01
 -5.5754E-01  5.1327E-02  1.8494E+00  9.7150E-02  1.7704E-01
  1.0937E+00 -1.6408E-01 -1.5737E+00  9.6772E-02  1.7912E-01
  7.2200E-01 -8.0558E-02 -1.7713E+00  9.6393E-02  1.8124E-01
 -1.8227E+00  9.3654E-02  5.4824E-01  9.6015E-02  1.8340E-01
  1.3508E+00 -5.8621E-02  1.3304E+00  9.5636E-02  1.8558E-01
  8.7545E-01  8.6190E-02 -1.6706E+00  9.5257E-02  1.8781E-01
  1.5497E+00 -6.8068E-02  1.0763E+00  9.5257E-02  1.8781E-01
  1.3099E+00  4.1253E-02  1.3468E+00  9.4878E-02  1.9007E-01
  1.2839E+00 -1.1197E-01  1.3557E+00  9.4499E-02  1.9236E-01
  7.4244E-01 -1.2597E-01 -1.7122E+00  9.4499E-02  1.9236E-01
 -1.7831E+00  1.2868E-01 -5.1990E-01  9.4120E-02  1.9470E-01
  1.3632E+00  2.3162E-02  1.2550E+00  9.3741E-02  1.9707E-01
  1.7931E+00  5.9122E-02 -3.8883E-01  9.2982E-02  2.0193E-01
  1.1616E+00  1.1950E-01 -1.4164E+00  9.2982E-02  2.0193E-01
 -9.0292E-01  1.1733E-01 -1.5940E+00  9.2982E-02  2.0193E-01
 -1.1251E+00  8.1553E-02 -1.4373E+00  9.2603E-02  2.0443E-01
  1.7638E+00  1.7917E-01  4.4189E-01  9.2603E-02  2.0443E-01
 -3.8493E-01 -1.2195E-01  1.7731E+00  9.2223E-02  2.0696E-01
 -2.1642E-01  8.7663E-02  1.7948E+00  9.1844E-02  2.0954E-01
  7.0739E-01  8.9832E-02  1.6635E+00  9.1844E-02  2.0954E-01
  1.4979E+00  6.1452E-02  9.9864E-01  9.1464E-02  2.1216E-01
 -1.6982E+00  6.2407E-02 -5.9746E-01  9.1464E-02  2.1216E-01
  1.7697E+00 -8.6305E-02 -2.7367E-01  9.1084E-02  2.1482E-01
 -1.7789E+00  7.8255E-02 -2.0890E-01  9.1084E-02  2.1482E-01
  1.0593E+00  2.5443E-02  1.4462E+00  9.1084E-02  2.1482E-01
  4.2575E-01  5.9004E-02 -1.7405E+00  9.1084E-02  2.1482E-01
  1.7922E+00 -4.2845E-02 -1.7615E-02  9.1084E-02  2.1482E-01
 -3.7681E-01  1.5864E-01 -1.7368E+00  9.0704E-02  2.1753E-01
  1.7558E+00 -9.3054E-02  2.4872E-01  9.0325E-02  2.2029E-01
 -1.7699E+00 -9.6963E-02 -1.0711E-01  9.0325E-02  2.2029E-01
  1.6988E+00  1.8235E-01  4.8393E-01  9.0325E-02  2.2029E-01
  8.5469E-02 -2.0823E-02  1.7651E+00  8.9945E-02  2.2309E-01
 -1.7672E+00  1.9283E-03  2.1773E-02  8.9945E-02  2.2309E-01
 -1.6755E+00 -7.7304E-02 -5.5684E-01  8.9945E-02  2.2309E-01
 -6.1374E-01  2.8789E-02  1.6571E+00  8.9945E-02  2.2309E-01
  1.7211E+00 -1.0263E-01 -3.4775E-01  8.9565E-02  2.2594E-01
  1.1732E+00  2.1573E-02 -1.3103E+00  8.9565E-02  2.2594E-01
  1.2444E+00 -8.5127E-02  1.2282E+00  8.9185E-02  2.2884E-01
 -1.2453E+00  3.0570E-02  1.2179E+00  8.8805E-02  2.3179E-01
 -1.4964E+00  8.1763E-02 -8.8828E-01  8.8805E-02  2.3179E-01
  1.7380E+00  1.0573E-01  5.4600E-02  8.8805E-02  2.3179E-01
  1.4726E+00  1.6919E-01 -9.1535E-01  8.8805E-02  2.3179E-01
  7.8402E-01  3.2869E-02  1.5460E+00  8.8425E-02  2.3479E-01
 -1.7180E+00 -1.6042E-01  5.8166E-04  8.8044E-02  2.3785E-01
 -1.2279E+00 -2.0136E-02  1.2120E+00  8.8044E-02  2.3785E-01
 -6.7038E-01 -6.7729E-02  1.5884E+00  8.8044E-02  2.3785E-01
  1.0491E+00 -1.4156E-01 -1.3415E+00  8.7284E-02  2.4412E-01
  1.4562E+00  1.7780E-02  8.9411E-01  8.7284E-02  2.4412E-01
  1.2091E+00  4.9795E-02 -1.2065E+00  8.7284E-02  2.4412E-01
 -1.5983E+00 -1.2956E-01  5.9057E-01  8.7284E-02  2.4412E-01
  2.2489E-01  3.8006E-03  1.6940E+00  8.7284E-02  2.4412E-01
 -1.2598E+00  1.0494E-01 -1.1376E+00  8.6904E-02  2.4734E-01
  1.4049E+00 -1.0888E-02  9.4360E-01  8.6524E-02  2.5061E-01
  1.6850E+00  1.6390E-02 -1.5763E-01  8.6524E-02  2.5061E-01
  1.3532E+00  7.8886E-02  9.9957E-01  8.6143E-02  2.5395E-01
  3.2614E-01  7.1048E-02  1.6425E+00  8.5763E-02  2.5734E-01
  1.5954E+00  4.5292E-02 -4.8441E-01  8.5382E-02  2.6079E-01
  7.9200E-01 -1.7833E-01  1.4571E+00  8.5382E-02  2.6079E-01
 -1.6264E+00 -1.8134E-01 -3.2272E-01  8.5382E-02  2.6079E-01
  1.6675E+00 -5.0408E-03  3.6696E-02  8.5382E-02  2.6079E-01
  9.4369E-01 -4.6497E-02 -1.3647E+00  8.5002E-02  2.6431E-01
  8.8797E-01  1.2036E-01 -1.3876E+00  8.4622E-02  2.6789E-01
  1.4146E+00  9.0812E-02 -8.4791E-01  8.4622E-02  2.6789E-01
 -6.1716E-03  1.1601E-01  1.6477E+00  8.4622E-02  2.6789E-01
 -1.1425E+00  6.1100E-02  1.1802E+00  8.4241E-02  2.7154E-01
  6.9159E-01  1.4316E-02 -1.4911E+00  8.4241E-02  2.7154E-01
 -3.8871E-01 -1.4832E-01  1.5820E+00  8.3861E-02  2.7525E-01
 -1.1816E+00 -1.0181E-01 -1.1150E+00  8.3480E-02  2.7903E-01
 -1.5509E+00  2.9146E-02 -4.9351E-01  8.3480E-02  2.7903E-01
  4.1111E-01 -1.4754E-01 -1.5598E+00  8.3100E-02  2.8288E-01
 -5.8533E-01  9.6657E-02 -1.5073E+00  8.3100E-02  2.8288E-01
 -1.1994E+00  1.2139E-01  1.0701E+00  8.2719E-02  2.8681E-01
 -1.1534E+00 -9.0498E-02 -1.1111E+00  8.2338E-02  2.9080E-01
 -1.5058E+00  1.1938E-01 -5.3956E-01  8.2338E-02  2.9080E-01
 -1.5762E+00 -1.8385E-01 -1.7209E-01  8.1958E-02  2.9487E-01
 -3.3428E-01  1.7633E-02 -1.5607E+00  8.1958E-02  2.9487E-01
  1.4912E+00  2.2367E-02 -5.4651E-01  8.1577E-02  2.9902E-01
 -1.4837E+00  1.6262E-01  5.4311E-01  8.1577E-02  2.9902E-01
  1.4566E+00 -1.1099E-01 -6.0343E-01  8.1197E-02  3.0324E-01
 -5.6972E-01 -1.2565E-01 -1.4606E+00  8.0816E-02  3.0755E-01
 -1.4380E+00 -1.1657E-01  6.2636E-01  8.0816E-02  3.0755E-01
  1.5583E+00 -1.3918E-01 -4.4923E-02  8.0435E-02  3.1193E-01
  9.8873E-01  1.0062E-01 -1.1991E+00  8.0055E-02  3.1640E-01
  1.2449E+00  2.2321E-02 -9.3558E-01  8.0055E-02  3.1640E-01
 -1.3146E+00 -1.1461E-01  8.2723E-01  8.0055E-02  3.1640E-01
 -1.2504E+00 -1.7851E-01  8.8484E-01  7.9293E-02  3.2561E-01
 -1.1430E+00  1.3904E-01  1.0259E+00  7.9293E-02  3.2561E-01
 -1.5096E+00 -9.2203E-02 -3.0133E-01  7.9293E-02  3.2561E-01
 -1.3211E+00 -1.0347E-01 -7.8884E-01  7.9293E-02  3.2561E-01
  7.9619E-01 -3.1809E-02  1.3115E+00  7.8913E-02  3.3034E-01
  1.2336E+00  1.7600E-01 -8.8268E-01  7.8532E-02  3.3517E-01
 -7.7512E-01  1.4494E-01 -1.3077E+00  7.8532E-02  3.3517E-01
 -1.4086E+00 -1.1277E-01  5.5866E-01  7.8152E-02  3.4009E-01
 -1.5121E+00 -3.0410E-02  1.4637E-01  7.8152E-02  3.4009E-01
  1.4979E+00 -2.4083E-02  2.0519E-01  7.7771E-02  3.4511E-01
 -1.5103E+00  1.1063E-02 -7.2289E-02  7.7771E-02  3.4511E-01
  9.0274E-01  3.9251E-02 -1.2031E+00  7.7390E-02  3.5022E-01
 -1.1783E+00  1.4317E-01 -9.2468E-01  7.7390E-02  3.5022E-01
  1.1594E+00  1.2352E-01  9.5102E-01  7.7390E-02  3.5022E-01
  1.4864E+00 -4.8965E-03 -2.3329E-01  7.7390E-02  3.5022E-01
  1.1297E+00 -1.3746E-01  9.8418E-01  7.7390E-02  3.5022E-01
 -3.4690E-01 -4.0697E-02  1.4559E+00  7.7010E-02  3.5544E-01
  1.4581E+00 -7.9735E-03  3.3964E-01  7.7010E-02  3.5544E-01
 -1.3315E-01  6.9142E-02 -1.4897E+00  7.7010E-02  3.5544E-01
 -1.3876E+00 -1.8439E-01 -5.3109E-01  7.7010E-02  3.5544E-01
 -1.2421E+00 -1.2936E-01  8.1240E-01  7.6629E-02  3.6076E-01
 -6.7890E-01 -1.2513E-01 -1.3202E+00  7.6629E-02  3.6076E-01
  2.1334E-01 -6.6790E-02  1.4655E+00  7.6248E-02  3.6619E-01
  7.4129E-03  5.4993E-02  1.4815E+00  7.6248E-02  3.6619E-01
  1.4825E+00 -3.9870E-03  7.2023E-03  7.6248E-02  3.6619E-01
  6.6871E-01 -1.5815E-01 -1.3136E+00  7.6248E-02  3.6619E-01
 -1.1875E+00 -4.6796E-02  8.7402E-01  7.5868E-02  3.7173E-01
  1.4735E+00  2.4525E-02 -6.5571E-02  7.5868E-02  3.7173E-01
  1.2424E+00  5.9718E-02  7.9319E-01  7.5868E-02  3.7173E-01
  1.4543E+00  1.0672E-01 -1.6843E-01  7.5487E-02  3.7739E-01
 -1.4306E+00 -1.6439E-01 -2.8498E-01  7.5487E-02  3.7739E-01
  1.4590E+00 -1.1501E-01 -1.1435E-01  7.5487E-02  3.7739E-01
 -1.4221E+00  7.7792E-02  3.2457E-01  7.5106E-02  3.8315E-01
 -1.4208E+00  1.7689E-02 -3.3864E-01  7.5106E-02  3.8315E-01
  2.5806E-01 -1.3458E-01  1.4314E+00  7.5106E-02  3.8315E-01
  1.4158E-01 -7.3584E-02 -1.4520E+00  7.5106E-02  3.8315E-01
  7.9385E-01  2.7302E-02 -1.2173E+00  7.4726E-02  3.8904E-01
  4.2341E-01  3.1483E-03 -1.3905E+00  7.4726E-02  3.8904E-01
 -6.3523E-01 -6.8532E-02 -1.2976E+00  7.4345E-02  3.9504E-01
 -1.3765E+00 -1.5362E-01 -4.1678E-01  7.4345E-02  3.9504E-01
 -1.3869E+00 -4.0166E-02  4.0854E-01  7.4345E-02  3.9504E-01
 -1.9697E-01 -8.4994E-02  1.4232E+00  7.3965E-02  4.0117E-01
  1.6347E-01 -6.6482E-02  1.4284E+00  7.3965E-02  4.0117E-01
  1.0583E+00  1.4702E-02 -9.7539E-01  7.3965E-02  4.0117E-01
  5.9983E-01  4.4094E-02  1.2998E+00  7.3584E-02  4.0743E-01
 -1.0144E+00  8.2632E-02  1.0077E+00  7.3584E-02  4.0743E-01
 -1.3955E+00  1.5261E-01  2.8403E-01  7.3584E-02  4.0743E-01
 -1.1470E+00 -4.5483E-02 -8.5655E-01  7.3584E-02  4.0743E-01
  3.3252E-01 -1.4842E-01  1.3779E+00  7.3203E-02  4.1382E-01
 -1.4156E+00 -6.7089E-02  1.5075E-01  7.3203E-02  4.1382E-01
 -1.1975E+00 -1.3803E-01 -7.6037E-01  7.3203E-02  4.1382E-01
  8.3473E-02 -1.4666E-02 -1.4157E+00  7.2822E-02  4.2035E-01
  1.0192E+00  1.2127E-01  9.6863E-01  7.2442E-02  4.2701E-01
 -1.2766E+00 -2.9657E-02 -6.0108E-01  7.2442E-02  4.2701E-01
  1.1422E+00  7.5592E-03  8.2890E-01  7.2442E-02  4.2701E-01
  1.5774E-01  8.8390E-02 -1.3927E+00  7.2061E-02  4.3381E-01
  1.3010E+00 -2.3133E-02 -5.0995E-01  7.1680E-02  4.4076E-01
  1.3941E+00  7.8988E-02 -5.7046E-02  7.1680E-02  4.4076E-01
  1.0824E+00 -4.2163E-03  8.7329E-01  7.1300E-02  4.4786E-01
  1.3858E+00 -6.9651E-02 -9.4206E-02  7.1300E-02  4.4786E-01
 -5.0342E-01 -2.0242E-02  1.2890E+00  7.0919E-02  4.5511E-01
  1.2686E+00 -4.9577E-02  5.5103E-01  7.0919E-02  4.5511E-01
 -9.4728E-01  6.5004E-02 -1.0069E+00  7.0919E-02  4.5511E-01
  1.2957E+00  7.3705E-02 -4.6100E-01  7.0538E-02  4.6253E-01
 -4.1589E-01 -1.2859E-01  1.2996E+00  7.0157E-02  4.7010E-01
 -1.2480E+00 -1.4438E-01 -5.3092E-01  6.9776E-02  4.7784E-01
  8.2338E-01  1.6882E-01 -1.0657E+00  6.9395E-02  4.8575E-01
 -4.8856E-01 -1.4427E-01  1.2510E+00  6.9014E-02  4.9384E-01
 -9.9224E-01  1.3229E-01 -9.0690E-01  6.9014E-02  4.9384E-01
  1.2202E+00 -6.7063E-03  5.6388E-01  6.8633E-02  5.0211E-01
 -1.3367E+00 -7.7608E-02 -1.1944E-01  6.8633E-02  5.0211E-01
 -4.7162E-01 -2.0414E-02 -1.2586E+00  6.8633E-02  5.0211E-01
 -1.1643E+00  4.3689E-02 -6.5738E-01  6.8252E-02  5.1057E-01
 -1.2954E+00  1.3149E-01 -3.0703E-01  6.8252E-02  5.1057E-01
 -1.1862E+00 -1.4806E-01  5.8617E-01  6.7871E-02  5.1923E-01
 -9.9099E-01  1.0887E-01  8.8238E-01  6.7871E-02  5.1923E-01
  1.3218E+00  1.5942E-01  3.8294E-03  6.7871E-02  5.1923E-01
 -2.1015E-01  1.9463E-02  1.3081E+00  6.7489E-02  5.2808E-01
  1.1867E+00  6.3960E-02  5.7137E-01  6.7108E-02  5.3713E-01
  6.4835E-01  3.2558E-02 -1.1478E+00  6.7108E-02  5.3713E-01
  2.8194E-01 -1.5253E-01 -1.2791E+00  6.7108E-02  5.3713E-01
  6.9118E-01  1.2664E-01 -1.1084E+00  6.6726E-02  5.4640E-01
 -7.3623E-01 -1.2544E-01 -1.0792E+00  6.6726E-02  5.4640E-01
  1.1951E+00 -7.0914E-02  5.3772E-01  6.6726E-02  5.4640E-01
 -1.1666E+00  1.6655E-01  5.6336E-01  6.6345E-02  5.5588E-01
  1.3040E+00 -7.4487E-02  1.0707E-02  6.6345E-02  5.5588E-01
  1.1657E+00  1.7749E-02 -5.8899E-01  6.6345E-02  5.5588E-01
  1.2802E+00  7.0306E-02  2.4912E-01  6.6345E-02  5.5588E-01
 -1.2935E+00 -4.9517E-02  1.7467E-01  6.6345E-02  5.5588E-01
 -1.0574E+00 -2.5487E-02 -7.6638E-01  6.6345E-02  5.5588E-01
  1.2743E+00  1.1636E-01 -2.6195E-01  6.6345E-02  5.5588E-01
 -9.9861E-01  1.6386E-01  8.1600E-01  6.5963E-02  5.6559E-01
 -7.4197E-01  1.4858E-02 -1.0673E+00  6.5963E-02  5.6559E-01
  1.6659E-01  1.0871E-01  1.2785E+00  6.5581E-02  5.7553E-01
  1.4509E-01  1.8160E-01 -1.2728E+00  6.5581E-02  5.7553E-01
  7.7869E-01  8.5099E-02  1.0221E+00  6.5199E-02  5.8571E-01
 -9.4526E-01  1.1641E-01  8.6674E-01  6.5199E-02  5.8571E-01
 -2.4333E-01  4.6112E-02 -1.2637E+00  6.5199E-02  5.8571E-01
 -1.2677E+00  1.8428E-01  1.3180E-01  6.5199E-02  5.8571E-01
  9.1100E-02 -1.0582E-01 -1.2802E+00  6.5199E-02  5.8571E-01
  1.0651E+00 -1.2805E-01 -7.1231E-01  6.5199E-02  5.8571E-01
 -1.2812E+00  3.0711E-02  1.8020E-02  6.4817E-02  5.9614E-01
 -1.2615E+00  1.6955E-01 -1.5033E-01  6.4817E-02  5.9614E-01
 -1.2729E+00 -9.4351E-02 -1.1643E-01  6.4817E-02  5.9614E-01
 -1.2641E+00 -1.6546E-01  4.6924E-02  6.4434E-02  6.0681E-01
  3.5416E-01  1.7071E-01 -1.2136E+00  6.4434E-02  6.0681E-01
 -1.2062E+00  8.3992E-02 -3.8794E-01  6.4051E-02  6.1776E-01
  5.7386E-01  2.0787E-02 -1.1325E+00  6.4051E-02  6.1776E-01
  5.3301E-01 -2.9965E-02 -1.1521E+00  6.4051E-02  6.1776E-01
  7.1489E-01 -2.5515E-02 -1.0491E+00  6.4051E-02  6.1776E-01
 -1.2392E+00  9.8041E-02  2.2848E-01  6.3669E-02  6.2897E-01
 -5.1493E-01 -1.4454E-01 -1.1452E+00  6.3669E-02  6.2897E-01
 -1.2131E+00 -1.0681E-01  3.1596E-01  6.3285E-02  6.4046E-01
  2.1802E-02 -1.7406E-01  1.2458E+00  6.3285E-02  6.4046E-01
  1.3183E-01  8.3252E-03 -1.2511E+00  6.3285E-02  6.4046E-01
 -3.7428E-01  1.6712E-01  1.1894E+00  6.3285E-02  6.4046E-01
  5.4498E-01 -1.7540E-01  1.1203E+00  6.3285E-02  6.4046E-01
  9.1177E-01 -1.3908E-01  8.5565E-01  6.3285E-02  6.4046E-01
  4.5947E-01  5.2615E-02  1.1638E+00  6.2902E-02  6.5224E-01
 -1.2464E+00 -1.1076E-01 -4.9494E-02  6.2902E-02  6.5224E-01
 -5.2278E-01  4.8224E-03  1.1317E+00  6.2518E-02  6.6433E-01
 -1.9333E-02 -1.0067E-01 -1.2424E+00  6.2518E-02  6.6433E-01
 -1.2261E+00  1.7475E-01 -7.7484E-02  6.2134E-02  6.7672E-01
 -4.8922E-01  1.8322E-01 -1.1256E+00  6.2134E-02  6.7672E-01
 -1.2276E+00  1.3337E-01 -1.2235E-01  6.2134E-02  6.7672E-01
  1.1748E+00  4.4562E-02 -3.9728E-01  6.2134E-02  6.7672E-01
 -1.0693E+00  1.5688E-01 -6.0976E-01  6.2134E-02  6.7672E-01
 -4.9383E-01 -1.6174E-01  1.1269E+00  6.2134E-02  6.7672E-01
  5.8279E-01  1.1145E-01 -1.0835E+00  6.1750E-02  6.8943E-01
  1.2046E+00  8.0487E-02 -2.6160E-01  6.1750E-02  6.8943E-01
 -3.5445E-01  6.8529E-02 -1.1814E+00  6.1750E-02  6.8943E-01
  1.1129E+00 -1.4129E-01 -5.1708E-01  6.1750E-02  6.8943E-01
  8.5282E-01 -6.7345E-02 -8.9113E-01  6.1750E-02  6.8943E-01
  1.1656E+00  3.7230E-02 -4.0730E-01  6.1750E-02  6.8943E-01
 -1.2089E+00  7.5371E-02  2.1249E-01  6.1365E-02  7.0248E-01
 -4.7332E-01  5.5067E-02  1.1336E+00  6.1365E-02  7.0248E-01
 -5.4597E-01 -3.1100E-02 -1.1014E+00  6.1365E-02  7.0248E-01
  1.1895E+00 -6.7149E-02  2.8173E-01  6.0980E-02  7.1587E-01
  3.6700E-01  1.2583E-01  1.1611E+00  6.0980E-02  7.1587E-01
 -5.6973E-02 -1.5593E-01  1.2074E+00  6.0595E-02  7.2962E-01
  3.6669E-01  6.3587E-03 -1.1623E+00  6.0595E-02  7.2962E-01
  1.0956E+00  1.0778E-01 -5.2287E-01  6.0595E-02  7.2962E-01
 -9.1637E-02  2.7813E-02  1.2150E+00  6.0595E-02  7.2962E-01
 -9.9893E-01  1.4526E-01 -6.8293E-01  6.0595E-02  7.2962E-01
  5.3672E-01 -1.5571E-01  1.0831E+00  6.0595E-02  7.2962E-01
 -1.0786E+00  7.1536E-02  5.5120E-01  6.0209E-02  7.4374E-01
  3.9440E-01  1.7743E-01 -1.1337E+00  6.0209E-02  7.4374E-01
  3.1080E-02  1.2600E-01  1.2010E+00  5.9822E-02  7.5825E-01
 -1.2076E+00  1.3981E-02  2.8730E-02  5.9822E-02  7.5825E-01
 -1.1990E+00  1.2268E-01  8.1026E-02  5.9822E-02  7.5825E-01
 -9.2555E-01  1.2467E-01 -7.6621E-01  5.9822E-02  7.5825E-01
  1.1394E+00  1.4594E-01 -3.5644E-01  5.9436E-02  7.7315E-01
  1.9025E-01  1.1080E-01 -1.1824E+00  5.9436E-02  7.7315E-01
  4.7471E-01  1.7340E-01  1.0856E+00  5.9048E-02  7.8847E-01
 -4.8761E-01 -1.8060E-01  1.0787E+00  5.9048E-02  7.8847E-01
 -1.1670E+00 -4.4322E-02  2.6463E-01  5.9048E-02  7.8847E-01
 -5.9311E-01 -1.6141E-01  1.0277E+00  5.9048E-02  7.8847E-01
 -1.1273E+00  1.4698E-01  3.5930E-01  5.8660E-02  8.0422E-01
  7.5250E-02  1.4743E-03  1.1899E+00  5.8660E-02  8.0422E-01
 -5.4146E-01  9.4144E-02 -1.0581E+00  5.8660E-02  8.0422E-01
  7.3266E-01 -1.3620E-01 -9.3072E-01  5.8660E-02  8.0422E-01
 -5.0379E-01 -1.3404E-01 -1.0723E+00  5.8660E-02  8.0422E-01
  1.0436E+00 -5.1151E-03  5.6591E-01  5.8271E-02  8.2042E-01
  1.0308E+00 -1.2016E-01 -5.6615E-01  5.7882E-02  8.3709E-01
 -9.3334E-01 -4.2377E-02  7.2422E-01  5.7882E-02  8.3709E-01
  4.6998E-01  1.5181E-01 -1.0740E+00  5.7882E-02  8.3709E-01
  1.0202E+00 -1.1036E-01 -5.8687E-01  5.7882E-02  8.3709E-01
 -6.1371E-01 -8.8907E-02  1.0064E+00  5.7882E-02  8.3709E-01
  1.1732E+00  7.6363E-02 -5.8103E-02  5.7492E-02  8.5424E-01
 -1.1589E+00  5.0722E-02 -2.0001E-01  5.7492E-02  8.5424E-01
  1.1936E-01  1.1971E-01  1.1599E+00  5.7101E-02  8.7190E-01
  9.4479E-01  1.7434E-01  6.7155E-01  5.7101E-02  8.7190E-01
 -2.4714E-03  3.4776E-02  1.1668E+00  5.6710E-02  8.9009E-01
  5.8827E-01  2.0740E-02  1.0080E+00  5.6710E-02  8.9009E-01
  3.4385E-01 -1.8120E-01 -1.1007E+00  5.6710E-02  8.9009E-01
  2.2375E-01  1.5709E-01 -1.1348E+00  5.6710E-02  8.9009E-01
 -4.0978E-01 -1.6484E-01 -1.0753E+00  5.6317E-02  9.0882E-01
 -3.2602E-01  7.3594E-03  1.1158E+00  5.6317E-02  9.0882E-01
  1.0853E+00  1.8506E-02 -4.1601E-01  5.6317E-02  9.0882E-01
 -1.1428E+00  1.1591E-01 -1.7869E-01  5.6317E-02  9.0882E-01
  1.1300E+00  6.6998E-02 -2.4255E-01  5.5924E-02  9.2814E-01
  1.0108E+00  1.7184E-01  5.3773E-01  5.5924E-02  9.2814E-01
 -9.5871E-01  1.7862E-01  6.2392E-01  5.5924E-02  9.2814E-01
 -1.0922E+00 -1.3414E-01  3.5958E-01  5.5924E-02  9.2814E-01
 -1.0891E+00 -9.0775E-02 -3.6743E-01  5.5530E-02  9.4805E-01
  5.7753E-02  5.7615E-02 -1.1501E+00  5.5530E-02  9.4805E-01
 -1.9887E-01 -1.6263E-01  1.1240E+00  5.5530E-02  9.4805E-01
 -2.3465E-01  3.7161E-02 -1.1235E+00  5.5134E-02  9.6859E-01
  1.1195E+00  7.1381E-02  2.2361E-01  5.4738E-02  9.8980E-01
 -9.9472E-01  1.1726E-01  5.5233E-01  5.4738E-02  9.8980E-01
 -3.8435E-01  3.4905E-02 -1.0767E+00  5.4738E-02  9.8980E-01
 -7.0528E-01  5.9188E-02  8.9853E-01  5.4738E-02  9.8980E-01
  1.0663E+00 -9.4749E-02  3.8984E-01  5.4340E-02  1.0117E+00
  6.8886E-01  1.1391E-01  9.0026E-01  5.4340E-02  1.0117E+00
 -9.7123E-01 -5.9168E-02 -5.9261E-01  5.4340E-02  1.0117E+00
  5.4220E-02 -1.2522E-01  1.1311E+00  5.4340E-02  1.0117E+00
  1.1021E+00 -1.1257E-02  2.7053E-01  5.3941E-02  1.0343E+00
  7.9001E-01  1.6732E-01  7.9733E-01  5.3941E-02  1.0343E+00
  5.9487E-01  1.1147E-01  9.5479E-01  5.3541E-02  1.0577E+00
  6.7048E-01  1.4631E-01 -8.9832E-01  5.3541E-02  1.0577E+00
 -9.6925E-02  1.1394E-01  1.1205E+00  5.3541E-02  1.0577E+00
 -8.6720E-01  4.4181E-02 -7.1706E-01  5.3139E-02  1.0818E+00
 -1.1228E+00  3.5759E-02 -7.8562E-02  5.3139E-02  1.0818E+00
  3.0284E-01 -1.6019E-01 -1.0727E+00  5.3139E-02  1.0818E+00
 -4.4905E-02 -1.0562E-01 -1.1203E+00  5.3139E-02  1.0818E+00
 -5.4566E-01 -1.0964E-01  9.7408E-01  5.2736E-02  1.1068E+00
 -6.3470E-01 -3.6173E-02 -9.2436E-01  5.2736E-02  1.1068E+00
  6.4528E-01 -1.2328E-01  9.0940E-01  5.2736E-02  1.1068E+00
  1.9789E-01 -1.3332E-01 -1.0962E+00  5.2736E-02  1.1068E+00
  8.5778E-01 -2.6435E-04 -7.1653E-01  5.2331E-02  1.1327E+00
  1.0830E+00 -1.7159E-01 -2.1643E-01  5.2331E-02  1.1327E+00
  9.8782E-01  1.4374E-01  5.0276E-01  5.2331E-02  1.1327E+00
 -6.4026E-01 -4.9393E-02  9.0974E-01  5.1925E-02  1.1595E+00
  3.4030E-01 -8.5650E-02  1.0568E+00  5.1925E-02  1.1595E+00
 -7.4441E-01 -7.5806E-02 -8.2468E-01  5.1925E-02  1.1595E+00
  7.7154E-01 -1.1113E-01 -7.9522E-01  5.1925E-02  1.1595E+00
 -2.5863E-01 -4.0881E-02 -1.0823E+00  5.1925E-02  1.1595E+00
  6.8204E-01 -4.5045E-02  8.7394E-01  5.1516E-02  1.1873E+00
  9.6620E-01 -1.0781E-01  5.3462E-01  5.1516E-02  1.1873E+00
 -7.6554E-01  1.0624E-01 -7.9601E-01  5.1516E-02  1.1873E+00
 -4.6202E-01  1.0066E-01  1.0037E+00  5.1516E-02  1.1873E+00
 -8.1216E-01  1.3241E-01  7.4421E-01  5.1516E-02  1.1873E+00
  3.0828E-01  3.9888E-02  1.0609E+00  5.1106E-02  1.2161E+00
 -6.0347E-01 -3.2392E-02  9.2569E-01  5.1106E-02  1.2161E+00
  3.9380E-01 -5.7935E-02 -1.0314E+00  5.1106E-02  1.2161E+00
 -8.1987E-01  9.2160E-02 -7.2992E-01  5.0694E-02  1.2461E+00
  8.7740E-01 -5.4178E-02  6.6385E-01  5.0694E-02  1.2461E+00
  7.7846E-01  6.0117E-02 -7.7708E-01  5.0694E-02  1.2461E+00
  5.5098E-01  2.3713E-02 -9.5358E-01  5.0694E-02  1.2461E+00
 -2.9098E-01  1.5724E-01 -1.0467E+00  5.0279E-02  1.2771E+00
  4.6944E-01 -1.7553E-01 -9.7663E-01  5.0279E-02  1.2771E+00
 -2.1305E-01  1.0364E-01 -1.0718E+00  5.0279E-02  1.2771E+00
  8.6592E-01  7.2319E-02 -6.7077E-01  5.0279E-02  1.2771E+00
  9.6569E-01  1.4555E-01 -4.9288E-01  4.9863E-02  1.3094E+00
  1.1931E-01 -4.3678E-02 -1.0865E+00  4.9863E-02  1.3094E+00
  8.2931E-01  1.1474E-01 -7.0410E-01  4.9863E-02  1.3094E+00
 -4.1291E-01 -1.8134E-02  1.0088E+00  4.9444E-02  1.3430E+00
 -3.8051E-01 -1.3548E-01  1.0126E+00  4.9444E-02  1.3430E+00
  1.0722E+00 -8.5011E-02  1.7787E-01  4.9444E-02  1.3430E+00
  8.9300E-01 -1.5021E-01 -6.0708E-01  4.9444E-02  1.3430E+00
 -1.0075E+00 -1.5476E-01 -3.7633E-01  4.9022E-02  1.3780E+00
  3.8232E-01 -1.6982E-01 -1.0028E+00  4.9022E-02  1.3780E+00
 -2.7143E-01  1.6500E-01 -1.0353E+00  4.8597E-02  1.4144E+00
 -4.0492E-01 -7.7860E-02 -1.0014E+00  4.8597E-02  1.4144E+00
  1.0203E+00 -4.8519E-03  3.6310E-01  4.8597E-02  1.4144E+00
  1.5614E-01 -7.9703E-02 -1.0687E+00  4.8597E-02  1.4144E+00
  9.6967E-01  2.3362E-02  4.7372E-01  4.8170E-02  1.4524E+00
  1.8341E-01  1.4086E-01  1.0509E+00  4.7739E-02  1.4920E+00
 -1.0648E+00 -1.5312E-01  2.1856E-02  4.7739E-02  1.4920E+00
  1.0032E+00 -7.3232E-02  3.8211E-01  4.7739E-02  1.4920E+00
  7.9532E-01  1.6257E-01 -7.0629E-01  4.7739E-02  1.4920E+00
  1.0689E+00 -2.3005E-02 -8.6811E-02  4.7306E-02  1.5334E+00
  4.0600E-01 -1.2697E-01  9.8468E-01  4.7306E-02  1.5334E+00
  5.0094E-01  3.6590E-02 -9.4778E-01  4.7306E-02  1.5334E+00
 -1.0578E+00  2.2948E-02 -1.7617E-01  4.7306E-02  1.5334E+00
 -4.3801E-01  1.7541E-01 -9.6330E-01  4.7306E-02  1.5334E+00
  8.3712E-01 -1.5576E-02 -6.7049E-01  4.7306E-02  1.5334E+00
  9.9128E-01 -1.7475E-01  3.6099E-01  4.6868E-02  1.5768E+00
 -6.3955E-01 -5.6573E-02  8.5515E-01  4.6868E-02  1.5768E+00
 -5.2394E-01  1.4542E-01 -9.2078E-01  4.6868E-02  1.5768E+00
 -1.0534E+00  7.4968E-02  1.6787E-01  4.6868E-02  1.5768E+00
 -6.0922E-01  6.4791E-02  8.7644E-01  4.6868E-02  1.5768E+00
  1.9610E-01 -1.3312E-01  1.0394E+00  4.6427E-02  1.6222E+00
  5.8190E-01 -1.6743E-03 -8.9330E-01  4.6427E-02  1.6222E+00
 -7.8059E-01 -1.6934E-01 -7.0612E-01  4.6427E-02  1.6222E+00
  1.0418E+00 -1.7230E-01  1.2174E-01  4.5982E-02  1.6697E+00
 -1.0341E+00  1.6439E-01  1.8282E-01  4.5982E-02  1.6697E+00
  1.0013E+00 -1.8152E-01  3.0726E-01  4.5982E-02  1.6697E+00
  2.9172E-01 -9.3753E-02  1.0178E+00  4.5982E-02  1.6697E+00
 -9.5362E-01 -7.5999E-03  4.6950E-01  4.5982E-02  1.6697E+00
 -7.2243E-01  6.0630E-02 -7.7736E-01  4.5982E-02  1.6697E+00
  1.0478E+00 -1.4888E-01  5.6763E-02  4.5533E-02  1.7196E+00
  1.0120E+00  2.2940E-02  3.1407E-01  4.5533E-02  1.7196E+00
  5.6417E-01  2.2308E-02  8.9697E-01  4.5533E-02  1.7196E+00
  7.3518E-01  9.4119E-04 -7.5926E-01  4.5079E-02  1.7721E+00
  6.1921E-01  5.4097E-02  8.5476E-01  4.5079E-02  1.7721E+00
 -8.1344E-01  1.6022E-02 -6.7455E-01  4.5079E-02  1.7721E+00
 -1.0467E+00  1.0695E-01 -6.1382E-02  4.4620E-02  1.8273E+00
 -6.9485E-01 -1.5112E-01 -7.7789E-01  4.4620E-02  1.8273E+00
  1.6946E-01  1.6404E-02  1.0401E+00  4.4620E-02  1.8273E+00
  1.0474E+00 -5.4565E-02 -6.9152E-02  4.4156E-02  1.8855E+00
  1.0155E+00  1.7494E-01  1.9262E-01  4.3687E-02  1.9469E+00
 -8.9037E-01 -1.4586E-01 -5.3372E-01  4.3687E-02  1.9469E+00
 -9.3198E-01  3.8791E-02  4.7833E-01  4.3687E-02  1.9469E+00
 -1.2515E-01  1.2375E-01 -1.0306E+00  4.3212E-02  2.0119E+00
  5.6825E-01 -1.1018E-01  8.7073E-01  4.3212E-02  2.0119E+00
  2.5401E-02  2.3209E-02  1.0450E+00  4.3212E-02  2.0119E+00
  8.3146E-01  1.3645E-02 -6.2943E-01  4.2730E-02  2.0806E+00
  1.0423E+00  3.2206E-02  1.3068E-02  4.2730E-02  2.0806E+00
  4.6270E-01 -5.6017E-03 -9.3465E-01  4.2730E-02  2.0806E+00
 -9.2621E-01  1.4209E-01  4.5788E-01  4.2730E-02  2.0806E+00
 -7.9016E-01 -1.6182E-01 -6.5713E-01  4.2242E-02  2.1536E+00
 -7.0224E-01 -2.9162E-03 -7.6760E-01  4.2242E-02  2.1536E+00
 -7.4904E-01  6.1486E-02 -7.1939E-01  4.2242E-02  2.1536E+00
 -1.0277E+00  1.3193E-01  9.4225E-02  4.2242E-02  2.1536E+00
 -5.8426E-01  1.3744E-01 -8.4672E-01  4.1747E-02  2.2312E+00
  8.7061E-01 -1.3151E-01  5.4949E-01  4.1747E-02  2.2312E+00
 -5.8918E-01  1.0831E-01 -8.4459E-01  4.1244E-02  2.3138E+00
  9.1880E-01 -5.5304E-02 -4.7429E-01  4.1244E-02  2.3138E+00
 -8.5717E-01 -1.6746E-01 -5.5625E-01  4.1244E-02  2.3138E+00
  9.2183E-01  9.4654E-02 -4.6201E-01  4.1244E-02  2.3138E+00
 -7.6691E-01 -1.1206E-01  6.8665E-01  4.1244E-02  2.3138E+00
  9.8433E-01  1.2512E-01 -2.8777E-01  4.0733E-02  2.4020E+00
  9.7839E-01  1.0986E-01 -3.1312E-01  4.0733E-02  2.4020E+00
 -2.9910E-01 -1.0329E-01  9.8348E-01  4.0733E-02  2.4020E+00
 -8.3551E-01 -4.1316E-02  6.0628E-01  4.0733E-02  2.4020E+00
  2.1343E-01  5.2512E-02 -1.0072E+00  4.0213E-02  2.4964E+00
  9.5369E-01 -8.0546E-02  3.8302E-01  4.0213E-02  2.4964E+00
  9.9264E-01  1.1790E-01  2.4288E-01  3.9683E-02  2.5977E+00
 -4.6814E-02  1.4438E-01  1.0174E+00  3.9683E-02  2.5977E+00
 -7.3722E-02  1.8120E-01 -1.0099E+00  3.9683E-02  2.5977E+00
  7.6571E-01  1.1654E-01  6.7700E-01  3.9683E-02  2.5977E+00
  1.3637E-01  1.3855E-01  1.0102E+00  3.9683E-02  2.5977E+00
 -1.3777E-01 -1.2833E-01  1.0092E+00  3.9143E-02  2.7067E+00
 -6.0194E-01 -1.7500E-01 -8.1298E-01  3.9143E-02  2.7067E+00
 -9.4516E-01 -9.6063E-02 -3.8365E-01  3.8592E-02  2.8243E+00
  5.4862E-01  4.0204E-02 -8.6438E-01  3.8592E-02  2.8243E+00
  1.0070E+00 -1.5179E-01 -9.2648E-02  3.8029E-02  2.9517E+00
  9.0609E-01  5.3284E-02  4.7109E-01  3.8029E-02  2.9517E+00
 -4.6352E-01 -2.9637E-02 -9.1106E-01  3.8029E-02  2.9517E+00
  1.0107E+00  1.1478E-01 -1.0556E-01  3.8029E-02  2.9517E+00
 -9.2851E-02  1.3455E-02 -1.0164E+00  3.7452E-02  3.0900E+00
  7.7283E-01  9.3073E-02 -6.6032E-01  3.7452E-02  3.0900E+00
  1.0196E+00  4.5251E-02  1.8764E-02  3.7452E-02  3.0900E+00
  8.4034E-01  1.5131E-01 -5.5937E-01  3.7452E-02  3.0900E+00
  8.7658E-01  1.7634E-01 -4.9239E-01  3.7452E-02  3.0900E+00
  9.4356E-01  8.7070E-03  3.8461E-01  3.6862E-02  3.2409E+00
 -8.6667E-01 -5.2939E-02  5.3328E-01  3.6862E-02  3.2409E+00
  9.1427E-01  1.8280E-01 -4.1109E-01  3.6862E-02  3.2409E+00
 -1.3577E-01  1.3311E-01 -1.0011E+00  3.6862E-02  3.2409E+00
 -9.5827E-01 -2.8076E-02 -3.4022E-01  3.6256E-02  3.4062E+00
 -9.0567E-01  8.8096E-02 -4.5478E-01  3.6256E-02  3.4062E+00
  9.9497E-01 -5.1998E-02 -2.0533E-01  3.6256E-02  3.4062E+00
 -1.4898E-01  1.2260E-01 -9.9880E-01  3.6256E-02  3.4062E+00
  1.0086E+00  7.4452E-02 -9.2694E-02  3.5633E-02  3.5880E+00
 -8.9208E-01  1.4663E-01  4.6282E-01  3.5633E-02  3.5880E+00
  9.9599E-01  1.5846E-01 -9.0932E-02  3.4329E-02  4.0125E+00
 -3.9298E-01  1.5659E-01  9.2001E-01  3.4329E-02  4.0125E+00
  9.2087E-01 -6.0280E-02 -4.1344E-01  3.3644E-02  4.2626E+00
 -1.0902E-01  1.7472E-01  9.9003E-01  3.3644E-02  4.2626E+00
 -9.7814E-01 -1.6900E-01  1.9299E-01  3.3644E-02  4.2626E+00
  7.4331E-01  1.6438E-01 -6.6361E-01  3.2934E-02  4.5444E+00
 -1.9531E-01  1.8552E-01  9.7332E-01  3.2934E-02  4.5444E+00
  7.4271E-01 -1.0231E-01 -6.7664E-01  3.2934E-02  4.5444E+00
  4.0932E-01 -2.6136E-02 -9.2287E-01  3.2934E-02  4.5444E+00
  9.9431E-01 -1.1713E-01  1.3244E-01  3.2934E-02  4.5444E+00
  9.4636E-01 -4.0499E-02  3.5027E-01  3.2934E-02  4.5444E+00
 -3.7304E-01 -1.5373E-01 -9.2447E-01  3.2195E-02  4.8645E+00
 -7.3786E-01  1.2136E-01 -6.7695E-01  3.2195E-02  4.8645E+00
 -4.4702E-01  4.9990E-02 -9.0283E-01  3.2195E-02  4.8645E+00
  3.3572E-01 -1.5780E-01 -9.3799E-01  3.2195E-02  4.8645E+00
 -4.3018E-01  1.4644E-01 -9.0052E-01  3.2195E-02  4.8645E+00
  8.4444E-01 -8.2594E-02 -5.4547E-01  3.2195E-02  4.8645E+00
  8.7458E-01 -1.6061E-01  4.7619E-01  3.2195E-02  4.8645E+00
 -1.0538E-01  1.2745E-01 -9.9387E-01  3.1425E-02  5.2312E+00
  9.0736E-01 -1.2748E-01 -4.1901E-01  3.1425E-02  5.2312E+00
  9.8420E-01  1.1172E-01 -1.8438E-01  3.1425E-02  5.2312E+00
 -9.8984E-01  1.4717E-01 -1.1698E-01  3.1425E-02  5.2312E+00
  7.7424E-01 -1.7206E-01 -6.2135E-01  3.1425E-02  5.2312E+00
  6.5465E-01  5.4309E-02 -7.6253E-01  3.0618E-02  5.6557E+00
 -4.4991E-01  8.2667E-02 -8.9650E-01  3.0618E-02  5.6557E+00
 -8.9154E-01  1.2250E-01 -4.5068E-01  3.0618E-02  5.6557E+00
  8.9908E-01  4.9078E-02 -4.4968E-01  3.0618E-02  5.6557E+00
  8.3759E-01  9.8897E-02 -5.4740E-01  2.9770E-02  6.1530E+00
 -5.2061E-03 -4.4316E-02 -1.0045E+00  2.9770E-02  6.1530E+00
 -8.5192E-01 -6.1049E-02 -5.3055E-01  2.9770E-02  6.1530E+00
  5.6634E-01 -1.1754E-01 -8.2245E-01  2.9770E-02  6.1530E+00
 -3.3108E-01  3.1700E-02 -9.4792E-01  2.8874E-02  6.7438E+00
  7.9694E-01 -1.6032E-01 -5.9021E-01  2.8874E-02  6.7438E+00
 -9.6828E-01 -1.6938E-01  2.0716E-01  2.8874E-02  6.7438E+00
  9.9194E-01 -7.7805E-02  1.3847E-01  2.8874E-02  6.7438E+00
 -2.9481E-01  1.6327E-01 -9.4548E-01  2.7921E-02  7.4574E+00
 -9.0515E-01  1.6584E-02 -4.3352E-01  2.7921E-02  7.4574E+00
  5.2448E-01 -1.6399E-01  8.3996E-01  2.7921E-02  7.4574E+00
  1.9675E-01  7.1131E-02  9.8170E-01  2.7921E-02  7.4574E+00
 -9.8578E-01 -2.4708E-02  1.8747E-01  2.7921E-02  7.4574E+00
 -9.8402E-01 -1.1456E-01  1.6151E-01  2.7921E-02  7.4574E+00
  1.5821E-01  2.2811E-02  9.9019E-01  2.6903E-02  8.3369E+00
 -9.9637E-01 -1.1280E-01 -2.3408E-02  2.6903E-02  8.3369E+00
  3.7075E-01  1.0453E-01  9.2609E-01  2.6903E-02  8.3369E+00
  9.9618E-01  7.9279E-02  8.5797E-02  2.6903E-02  8.3369E+00
 -9.3645E-01  3.2001E-02  3.5600E-01  2.5804E-02  9.4481E+00
  7.8980E-01  4.6857E-02  6.1540E-01  2.5804E-02  9.4481E+00
  2.2378E-01  1.3270E-01  9.6799E-01  2.5804E-02  9.4481E+00
 -5.8414E-01  1.4723E-01 -8.0112E-01  2.5804E-02  9.4481E+00
  8.8949E-01 -1.1156E-01  4.4709E-01  2.4606E-02  1.0897E+01
 -5.6833E-01 -3.1251E-02  8.2435E-01  2.4606E-02  1.0897E+01
 -5.5093E-01 -8.0181E-02  8.3282E-01  2.4606E-02  1.0897E+01
 -1.7992E-01  6.2340E-02  9.8350E-01  2.4606E-02  1.0897E+01
 -7.2998E-01 -1.6968E-01 -6.6473E-01  2.4606E-02  1.0897E+01
  4.6462E-01 -2.9772E-02 -8.8644E-01  2.3280E-02  1.2866E+01
  9.3779E-01 -1.7099E-01 -3.0634E-01  2.3280E-02  1.2866E+01
  8.8222E-01  1.7400E-01  4.3945E-01  2.1787E-02  1.5696E+01
 -8.8966E-01 -1.1171E-01 -4.4467E-01  2.1787E-02  1.5696E+01
  2.0236E-01  2.8251E-02  9.7978E-01  2.1787E-02  1.5696E+01
  2.7195E-02 -4.1539E-02 -9.9962E-01  2.1787E-02  1.5696E+01
 -9.6240E-01  1.5788E-01 -2.2488E-01  2.1787E-02  1.5696E+01
 -5.7022E-01 -1.8475E-02 -8.2232E-01  2.1787E-02  1.5696E+01
  9.8676E-01 -1.6110E-01  4.5276E-02  2.1787E-02  1.5696E+01
 -5.6272E-01 -5.6600E-02  8.2575E-01  2.1787E-02  1.5696E+01
  5.1366E-01  7.6611E-02 -8.5518E-01  2.0058E-02  2.0115E+01
 -2.6452E-01  9.3263E-02 -9.6040E-01  2.0058E-02  2.0115E+01
  6.9921E-01 -1.4033E-01  7.0175E-01  2.0058E-02  2.0115E+01
  7.8243E-01  8.8379E-02 -6.1687E-01  1.7969E-02  2.7981E+01
  8.3450E-01  6.5713E-04 -5.5150E-01  1.7969E-02  2.7981E+01
  9.7956E-01 -1.8316E-01 -8.6322E-02  1.7969E-02  2.7981E+01
 -5.6669E-01  5.3368E-02 -8.2253E-01  1.7969E-02  2.7981E+01
 -9.8878E-01 -1.0652E-01  1.0724E-01  1.7969E-02  2.7981E+01
