0.43323428571428D+01       619
(x,y,z) position of the X-ray source
  0.1312E+01  0.6449E-01  0.1230E+01
x | y | z | R | rho
 -5.2531E-01 -2.3451E-01  5.8012E+00  2.2197E-01  1.4843E-02
  1.6138E+00 -6.5221E-02  4.6777E+00  1.9776E-01  2.0989E-02
 -1.3763E+00  7.6866E-02  6.2800E+00  2.3770E-01  1.2087E-02
  2.5129E-01 -3.1430E-02  4.6007E+00  1.8797E-01  2.4440E-02
  1.6901E-01 -1.5791E-01  5.6249E+00  2.1660E-01  1.5976E-02
 -4.1443E-01 -1.6353E-01  6.3660E+00  2.3646E-01  1.2277E-02
  6.0046E-01  1.1795E-01  4.7983E+00  1.9459E-01  2.2032E-02
  1.5423E+00 -1.6480E-01  8.1104E+00  2.8273E-01  7.1829E-03
  1.8752E+00 -4.7417E-02  5.8680E+00  2.3072E-01  1.3218E-02
 -3.9154E-01  2.4587E-01  6.6077E+00  2.4269E-01  1.1357E-02
  1.6077E+00 -2.1000E-01  5.9420E+00  2.3068E-01  1.3224E-02
  5.7067E-02  1.6691E-01  8.8094E+00  2.9566E-01  6.2812E-03
  2.9052E-01 -2.6211E-01  5.0909E+00  2.0219E-01  1.9640E-02
 -5.8676E-01 -1.4041E-01  4.4481E+00  1.8450E-01  2.5848E-02
 -1.4441E+00 -2.7755E-01  8.2388E+00  2.8536E-01  6.9861E-03
 -1.7556E+00 -1.1555E-01  3.4219E+00  1.6513E-01  3.6049E-02
  3.5234E-01  5.5738E-02  6.9711E+00  2.5169E-01  1.0181E-02
 -1.5613E+00 -2.8250E-01  8.0291E+00  2.8100E-01  7.3161E-03
 -8.3601E-01  1.2148E-01  8.1370E+00  2.8092E-01  7.3227E-03
 -1.0519E+00 -2.5319E-02  4.0308E+00  1.7489E-01  3.0348E-02
 -1.1431E+00 -1.3730E-01  4.1260E+00  1.7842E-01  2.8579E-02
  8.8284E-01  8.6235E-02  3.5750E+00  1.5998E-01  3.9648E-02
 -2.3176E-01  1.5487E-01  4.8759E+00  1.9592E-01  2.1586E-02
 -8.9069E-01 -2.3118E-01  7.3314E+00  2.6183E-01  9.0441E-03
 -9.7877E-02 -2.9743E-03  4.5567E+00  1.8652E-01  2.5017E-02
  7.3695E-01 -2.2858E-01  4.2870E+00  1.8058E-01  2.7569E-02
 -1.1943E+00  3.2866E-03  8.5271E+00  2.9100E-01  6.5874E-03
  6.0793E-01 -1.2728E-01  6.7556E+00  2.4676E-01  1.0804E-02
  1.1887E-01  2.7161E-01  6.4351E+00  2.3802E-01  1.2038E-02
 -4.2920E-01 -9.9000E-02  5.5881E+00  2.1594E-01  1.6122E-02
  9.4871E-01  1.2745E-01  4.3544E+00  1.8361E-01  2.6227E-02
 -1.9158E+00 -1.6480E-01  3.1791E+00  1.6099E-01  3.8907E-02
 -1.2937E+00 -2.2849E-01  3.8006E+00  1.7049E-01  3.2757E-02
 -1.4973E+00 -2.4875E-03  3.5329E+00  1.6480E-01  3.6266E-02
  3.5430E-01 -3.0485E-01  5.6272E+00  2.1705E-01  1.5875E-02
  4.6403E-01  2.4318E-01  7.9199E+00  2.7512E-01  7.7957E-03
  6.5236E-01 -1.5923E-01  7.6927E+00  2.6994E-01  8.2529E-03
 -9.5254E-01 -2.2662E-01  3.8469E+00  1.6890E-01  3.3689E-02
  1.7669E+00 -6.1596E-02  4.2280E+00  1.8725E-01  2.4726E-02
  1.2986E+00  1.8817E-01  4.0120E+00  1.7655E-01  2.9499E-02
  1.7769E+00 -3.5930E-01  9.4383E+00  3.1384E-01  5.2516E-03
  3.1489E-01  2.9771E-01  6.8157E+00  2.4790E-01  1.0655E-02
  4.9215E-01  2.0614E-01  6.4920E+00  2.3987E-01  1.1761E-02
  1.2850E+00  2.8697E-01  6.4513E+00  2.4168E-01  1.1500E-02
  1.3611E+00 -2.4052E-01  5.5579E+00  2.1923E-01  1.5408E-02
 -1.4058E+00 -2.5068E-01  4.8843E+00  2.0171E-01  1.9781E-02
 -1.7820E-02 -3.3552E-01  9.6420E+00  3.1467E-01  5.2101E-03
  3.3618E-01  5.2354E-02  5.3538E+00  2.0937E-01  1.7688E-02
  1.4371E+00  1.3196E-01  4.0213E+00  1.7809E-01  2.8742E-02
 -1.6133E+00  9.9746E-02  3.9875E+00  1.7899E-01  2.8309E-02
 -3.6208E-01 -1.1400E-01  4.3373E+00  1.8052E-01  2.7596E-02
  2.5931E-01 -2.2179E-01  3.9518E+00  1.6881E-01  3.3746E-02
 -1.9039E+00 -8.8849E-02  3.4776E+00  1.6878E-01  3.3762E-02
 -8.2097E-01 -3.5930E-01  9.0026E+00  3.0108E-01  5.9479E-03
  2.7575E-01  8.5384E-02  5.1517E+00  2.0369E-01  1.9207E-02
 -1.3679E+00 -1.1098E-01  5.2484E+00  2.1102E-01  1.7275E-02
 -1.4034E+00  2.2796E-01  4.0487E+00  1.7865E-01  2.8472E-02
  1.0561E+00 -1.8498E-01  6.5718E+00  2.4358E-01  1.1233E-02
 -1.6651E+00  1.2130E-01  7.0311E+00  2.5783E-01  9.4715E-03
 -8.9269E-01 -1.1460E-01  4.2969E+00  1.8159E-01  2.7109E-02
  1.7715E-01  1.3122E-01  4.8391E+00  1.9479E-01  2.1965E-02
 -2.2293E-01 -2.4099E-01  5.0195E+00  2.0006E-01  2.0272E-02
 -1.0441E+00 -2.4606E-01  3.7271E+00  1.6609E-01  3.5432E-02
 -1.4524E+00 -2.0708E-02  5.1638E+00  2.0936E-01  1.7690E-02
  1.6840E+00  1.6572E-01  5.0926E+00  2.0942E-01  1.7675E-02
 -2.3251E-02  1.6932E-01  3.7651E+00  1.6267E-01  3.7711E-02
  1.5148E-01 -1.9707E-01  5.8731E+00  2.2327E-01  1.4586E-02
 -1.6418E+00  2.2970E-02  4.0236E+00  1.8027E-01  2.7708E-02
 -1.3178E-01  6.0106E-03  3.6294E+00  1.5834E-01  4.0893E-02
  1.5996E+00 -2.2509E-02  3.2362E+00  1.5764E-01  4.1436E-02
 -9.9788E-01  1.6098E-01  3.4429E+00  1.5695E-01  4.1990E-02
  1.0741E-01 -1.6773E-03  3.5648E+00  1.5625E-01  4.2554E-02
  1.7886E+00 -5.1714E-02  3.0725E+00  1.5590E-01  4.2840E-02
 -5.3839E-01  9.2491E-02  3.5023E+00  1.5555E-01  4.3129E-02
  2.9503E-01  9.1495E-02  3.4985E+00  1.5451E-01  4.4012E-02
  7.3172E-01  2.1817E-01  3.3284E+00  1.5135E-01  4.6822E-02
 -1.9315E+00  1.1682E-01  2.7744E+00  1.5030E-01  4.7815E-02
  1.5220E-01  7.4407E-02  3.3353E+00  1.4889E-01  4.9186E-02
  1.2250E+00  1.5069E-01  3.0916E+00  1.4853E-01  4.9538E-02
  1.8012E+00 -1.0832E-01  2.7207E+00  1.4641E-01  5.1724E-02
  1.3270E+00  1.5245E-01  2.9087E+00  1.4428E-01  5.4049E-02
  6.8373E-01 -1.4533E-01  3.1126E+00  1.4392E-01  5.4451E-02
 -1.4523E+00  1.4881E-01  2.8126E+00  1.4321E-01  5.5267E-02
  1.5594E+00 -8.0800E-02  2.7575E+00  1.4321E-01  5.5267E-02
 -1.8882E+00  8.7273E-02  2.5037E+00  1.4214E-01  5.6525E-02
  5.0445E-01 -1.8313E-01  3.0373E+00  1.4035E-01  5.8712E-02
 -1.5382E+00  1.4450E-01  2.5597E+00  1.3712E-01  6.2960E-02
 -1.0067E+00  1.0606E-01  2.7245E+00  1.3424E-01  6.7108E-02
 -1.8807E-02  1.9258E-01  2.8585E+00  1.3279E-01  6.9327E-02
  1.7285E+00  9.3374E-02  2.2700E+00  1.3243E-01  6.9898E-02
  2.8293E-01  7.3472E-02  2.8293E+00  1.3207E-01  7.0476E-02
 -5.9036E-01 -6.6790E-02  2.7711E+00  1.3170E-01  7.1060E-02
 -3.6885E-01  1.3852E-01  2.7650E+00  1.3025E-01  7.3466E-02
 -1.4552E+00 -1.0268E-01  2.3576E+00  1.2952E-01  7.4711E-02
 -1.9271E+00 -9.1049E-02  1.9337E+00  1.2806E-01  7.7293E-02
  8.7875E-02  3.9690E-02  2.6890E+00  1.2660E-01  8.0001E-02
 -1.2564E-01 -7.9250E-02  2.6765E+00  1.2623E-01  8.0699E-02
  1.3056E+00 -1.3096E-01  2.3025E+00  1.2514E-01  8.2844E-02
  7.7734E-01  9.1253E-02  2.5108E+00  1.2440E-01  8.4318E-02
 -5.6613E-02 -1.0771E-01  2.5969E+00  1.2330E-01  8.6599E-02
  1.4425E+00 -5.5638E-02  2.1500E+00  1.2293E-01  8.7378E-02
  6.3414E-01 -9.5517E-02  2.5091E+00  1.2293E-01  8.7378E-02
 -1.2810E+00  5.4392E-02  2.2385E+00  1.2256E-01  8.8168E-02
 -1.1558E+00  1.2812E-01  2.2803E+00  1.2183E-01  8.9776E-02
  1.0462E+00 -1.4802E-01  2.2985E+00  1.2072E-01  9.2266E-02
  5.0286E-01 -9.1298E-03  2.4386E+00  1.1925E-01  9.5738E-02
  1.1206E+00 -1.2392E-01  2.2089E+00  1.1888E-01  9.6634E-02
  8.0989E-01 -4.0324E-02  2.3332E+00  1.1851E-01  9.7542E-02
 -1.6675E+00 -1.8619E-01  1.7859E+00  1.1776E-01  9.9393E-02
  2.3953E-01  1.4186E-01  2.4246E+00  1.1739E-01  1.0034E-01
 -1.8756E+00  5.0066E-02 -1.5453E+00  1.1702E-01  1.0129E-01
 -1.4920E+00 -8.8712E-02 -1.8794E+00  1.1591E-01  1.0424E-01
  1.9181E+00  1.4112E-01  1.4213E+00  1.1554E-01  1.0525E-01
 -1.4018E+00 -9.1048E-02 -1.8991E+00  1.1442E-01  1.0836E-01
  1.5155E+00  1.8273E-01 -1.7772E+00  1.1368E-01  1.1050E-01
 -9.4874E-01  1.0302E-01  2.1396E+00  1.1368E-01  1.1050E-01
  8.2145E-01  1.5002E-01  2.1785E+00  1.1331E-01  1.1159E-01
  1.2790E+00 -1.0518E-01  1.9484E+00  1.1331E-01  1.1159E-01
  9.4207E-01 -3.3591E-02  2.1236E+00  1.1293E-01  1.1270E-01
  1.4998E+00 -1.6306E-01  1.7160E+00  1.1144E-01  1.1729E-01
  8.3269E-01  9.8805E-02  2.1151E+00  1.1107E-01  1.1847E-01
 -1.2293E+00  1.5379E-01 -1.8969E+00  1.1070E-01  1.1968E-01
 -6.5011E-01 -1.7041E-01  2.1436E+00  1.0995E-01  1.2214E-01
  1.6867E+00  6.1447E-02 -1.4535E+00  1.0920E-01  1.2466E-01
 -1.4898E+00  1.2606E-01 -1.6511E+00  1.0920E-01  1.2466E-01
 -1.7360E-01  4.2972E-02  2.2107E+00  1.0882E-01  1.2596E-01
 -1.2340E+00  3.2208E-02 -1.8198E+00  1.0808E-01  1.2859E-01
  1.0772E+00 -2.0623E-02  1.8952E+00  1.0733E-01  1.3131E-01
  1.6802E+00 -1.5576E-01 -1.3804E+00  1.0733E-01  1.3131E-01
 -2.5501E-02  1.4965E-01  2.1748E+00  1.0733E-01  1.3131E-01
 -3.4698E-01 -1.8393E-01  2.1348E+00  1.0695E-01  1.3269E-01
  7.4697E-01  9.3329E-02  2.0359E+00  1.0695E-01  1.3269E-01
 -3.6140E-01 -1.1949E-01  2.1275E+00  1.0658E-01  1.3410E-01
 -9.9469E-01  1.2682E-01 -1.8510E+00  1.0432E-01  1.4299E-01
  1.6626E+00 -1.0625E-01  1.2717E+00  1.0394E-01  1.4454E-01
 -1.6859E+00 -1.5240E-01  1.2358E+00  1.0394E-01  1.4454E-01
  1.5155E+00 -1.5685E-01 -1.4122E+00  1.0319E-01  1.4773E-01
  3.5628E-01  6.4066E-02  2.0176E+00  1.0206E-01  1.5269E-01
  3.8097E-01  1.7299E-01  1.9973E+00  1.0168E-01  1.5440E-01
 -1.4361E+00  1.5871E-01 -1.4411E+00  1.0168E-01  1.5440E-01
 -1.8237E+00  8.8118E-02 -8.9071E-01  1.0131E-01  1.5613E-01
 -1.8546E+00  1.0293E-01 -7.9994E-01  1.0093E-01  1.5789E-01
  7.1190E-01  1.5379E-01 -1.8867E+00  1.0093E-01  1.5789E-01
 -7.3629E-01  1.2105E-01 -1.8699E+00  1.0055E-01  1.5967E-01
 -1.3866E+00 -1.7882E-01 -1.4360E+00  1.0017E-01  1.6148E-01
  7.3008E-01 -1.2175E-01  1.8528E+00  9.9797E-02  1.6332E-01
 -2.3599E-01 -1.7866E-01  1.9731E+00  9.9797E-02  1.6332E-01
 -1.6447E+00  1.5708E-01 -1.1185E+00  9.9797E-02  1.6332E-01
  9.3883E-01  8.9680E-02  1.7479E+00  9.9419E-02  1.6519E-01
  1.1102E+00  4.7318E-02 -1.6461E+00  9.9419E-02  1.6519E-01
 -1.4401E+00  1.0781E-01 -1.3635E+00  9.9419E-02  1.6519E-01
  1.8414E+00  5.1796E-02 -7.1790E-01  9.9041E-02  1.6709E-01
  1.8094E+00 -1.3675E-02  7.7413E-01  9.8663E-02  1.6902E-01
  1.2532E+00 -1.5492E-01 -1.4978E+00  9.8285E-02  1.7098E-01
  1.8494E+00 -6.2021E-02 -6.1538E-01  9.7907E-02  1.7297E-01
 -1.2919E+00  1.3300E-01 -1.4427E+00  9.7529E-02  1.7499E-01
  1.0934E+00  8.3326E-02  1.5802E+00  9.6772E-02  1.7912E-01
  1.5654E+00 -1.1159E-01 -1.1120E+00  9.6772E-02  1.7912E-01
  6.3102E-01  1.4458E-01 -1.8112E+00  9.6772E-02  1.7912E-01
 -1.5949E-01  3.5996E-02  1.9164E+00  9.6772E-02  1.7912E-01
 -4.7963E-01 -1.8685E-01  1.8440E+00  9.6393E-02  1.8124E-01
  1.1638E+00 -3.9306E-02 -1.5197E+00  9.6393E-02  1.8124E-01
  3.1893E-01 -5.7580E-02 -1.8779E+00  9.6015E-02  1.8340E-01
  1.8184E+00 -1.2912E-01 -5.5519E-01  9.6015E-02  1.8340E-01
 -5.5074E-02 -4.8144E-03  1.8960E+00  9.5636E-02  1.8558E-01
  1.4440E+00 -1.3396E-01  1.2090E+00  9.5257E-02  1.8781E-01
  1.2979E+00  3.8884E-02 -1.3585E+00  9.4878E-02  1.9007E-01
 -1.6095E+00  2.9974E-02  9.5252E-01  9.4499E-02  1.9236E-01
 -1.3860E+00  1.1480E-01  1.2509E+00  9.4499E-02  1.9236E-01
 -3.9050E-01  1.6167E-01 -1.8042E+00  9.3741E-02  1.9707E-01
  1.7396E+00 -1.3880E-01 -6.2330E-01  9.3741E-02  1.9707E-01
 -1.0605E+00  7.9718E-02 -1.5069E+00  9.3361E-02  1.9948E-01
 -6.9422E-01 -4.7347E-02  1.7081E+00  9.3361E-02  1.9948E-01
  4.7087E-01 -2.0269E-02 -1.7831E+00  9.3361E-02  1.9948E-01
 -4.5450E-01  1.3163E-01  1.7648E+00  9.2603E-02  2.0443E-01
 -1.8015E+00 -9.8466E-02  2.2723E-01  9.2223E-02  2.0696E-01
  1.5279E+00 -5.4463E-02  9.6857E-01  9.1844E-02  2.0954E-01
 -7.4416E-01 -2.0560E-02 -1.6497E+00  9.1844E-02  2.0954E-01
 -1.0846E-01 -1.6865E-01  1.7901E+00  9.1464E-02  2.1216E-01
 -1.7148E+00  1.6570E-01 -5.2606E-01  9.1464E-02  2.1216E-01
  5.3084E-01 -5.6522E-02  1.7025E+00  9.0704E-02  2.1753E-01
 -3.3830E-01  6.6191E-02  1.7420E+00  9.0325E-02  2.2029E-01
  1.7647E+00 -1.2862E-01 -1.5125E-01  9.0325E-02  2.2029E-01
  1.6212E+00  1.2262E-01  7.1422E-01  9.0325E-02  2.2029E-01
 -9.9474E-01  5.1783E-02  1.4599E+00  8.9945E-02  2.2309E-01
 -1.7290E+00 -4.7206E-02 -3.1952E-01  8.9565E-02  2.2594E-01
 -1.7363E+00 -9.4946E-02 -2.6470E-01  8.9565E-02  2.2594E-01
 -1.7380E+00 -1.8077E-01 -2.0147E-01  8.9565E-02  2.2594E-01
 -1.3598E+00  1.6324E-01  1.0902E+00  8.9185E-02  2.2884E-01
  7.8413E-01  1.4209E-01  1.5586E+00  8.9185E-02  2.2884E-01
  2.1566E-01 -6.1843E-02  1.7361E+00  8.9185E-02  2.2884E-01
  9.5832E-02 -2.6072E-02  1.7477E+00  8.9185E-02  2.2884E-01
 -1.7291E+00  7.2863E-03 -2.1242E-01  8.8805E-02  2.3179E-01
 -6.7014E-01 -1.0360E-01  1.6047E+00  8.8805E-02  2.3179E-01
 -1.7102E+00  7.9799E-02  2.7350E-01  8.8425E-02  2.3479E-01
 -1.3051E+00 -1.6202E-01  1.1298E+00  8.8425E-02  2.3479E-01
  1.5434E+00 -1.5950E-01  7.5470E-01  8.8044E-02  2.3785E-01
  6.6566E-01  1.1010E-01  1.5881E+00  8.8044E-02  2.3785E-01
 -1.1416E+00  7.9651E-02  1.2803E+00  8.7664E-02  2.4095E-01
 -1.5738E+00 -1.3269E-01  6.7397E-01  8.7664E-02  2.4095E-01
 -1.7010E+00 -7.6438E-03 -2.3490E-01  8.7664E-02  2.4095E-01
 -1.6784E+00  5.5788E-02 -3.5820E-01  8.7664E-02  2.4095E-01
 -6.2875E-01 -1.7786E-01  1.5880E+00  8.7664E-02  2.4095E-01
 -6.6226E-01 -3.2405E-02  1.5750E+00  8.7284E-02  2.4412E-01
 -1.2351E+00  3.0288E-02 -1.1806E+00  8.7284E-02  2.4412E-01
  5.0831E-01 -2.8517E-02 -1.6313E+00  8.7284E-02  2.4412E-01
  9.4635E-01 -1.2564E-02  1.4129E+00  8.6904E-02  2.4734E-01
 -1.6857E+00  1.4829E-01  2.5084E-02  8.6524E-02  2.5061E-01
  1.1242E+00  1.8527E-01  1.2515E+00  8.6524E-02  2.5061E-01
  1.6232E+00  9.2268E-03  4.4926E-01  8.6143E-02  2.5395E-01
  1.2946E+00 -1.1995E-01  1.0577E+00  8.5763E-02  2.5734E-01
 -1.4135E+00  1.8502E-01 -8.6590E-01  8.5382E-02  2.6079E-01
 -1.5989E+00  1.1020E-01  4.6207E-01  8.5382E-02  2.6079E-01
 -1.6536E+00  1.1518E-01  8.5672E-02  8.5002E-02  2.6431E-01
 -3.1734E-01  1.0187E-01 -1.6261E+00  8.5002E-02  2.6431E-01
  1.5729E+00  1.6878E-01 -4.7538E-01  8.4622E-02  2.6789E-01
  1.4042E+00 -4.2085E-03 -8.6987E-01  8.4622E-02  2.6789E-01
 -1.5971E+00 -1.1605E-01 -4.0536E-01  8.4622E-02  2.6789E-01
  9.0537E-01  6.1845E-02  1.3706E+00  8.4241E-02  2.7154E-01
 -1.6350E+00 -3.0643E-02  4.0643E-02  8.3861E-02  2.7525E-01
  1.5366E+00  9.2967E-02  5.5296E-01  8.3861E-02  2.7525E-01
 -1.1880E+00 -7.9187E-02  1.1216E+00  8.3861E-02  2.7525E-01
 -1.5573E-01 -4.0077E-02 -1.6278E+00  8.3861E-02  2.7525E-01
  9.5100E-01  3.0745E-02  1.3207E+00  8.3480E-02  2.7903E-01
  1.4771E+00  8.2411E-02 -6.7909E-01  8.3480E-02  2.7903E-01
 -1.5038E+00 -9.1680E-02  6.1629E-01  8.3480E-02  2.7903E-01
 -1.5239E+00  7.9310E-02  5.4342E-01  8.3100E-02  2.8288E-01
 -7.0183E-01 -8.7906E-02 -1.4572E+00  8.3100E-02  2.8288E-01
  1.1974E+00 -1.9575E-02 -1.0790E+00  8.2719E-02  2.8681E-01
  1.5996E+00 -5.3438E-02  1.9171E-01  8.2719E-02  2.8681E-01
 -1.1136E+00  7.5167E-02  1.1520E+00  8.2338E-02  2.9080E-01
 -1.4766E+00 -5.2160E-02  6.2434E-01  8.2338E-02  2.9080E-01
  9.3281E-01 -1.4707E-01 -1.2966E+00  8.2338E-02  2.9080E-01
  1.5118E+00  8.4402E-02  5.0519E-01  8.1958E-02  2.9487E-01
 -3.1716E-01 -5.7595E-02 -1.5633E+00  8.1958E-02  2.9487E-01
  1.5176E+00  1.6755E-01 -4.0859E-01  8.1197E-02  3.0324E-01
 -1.5413E+00 -6.3438E-02  3.4446E-01  8.1197E-02  3.0324E-01
 -1.1736E+00  1.7597E-01  1.0440E+00  8.1197E-02  3.0324E-01
 -5.6608E-01  4.7400E-02 -1.4667E+00  8.0816E-02  3.0755E-01
  1.4183E+00  1.0272E-01  6.7214E-01  8.0816E-02  3.0755E-01
  1.5258E+00  1.0211E-01 -2.5170E-01  7.9674E-02  3.2096E-01
  1.1885E+00  5.1444E-03  9.9462E-01  7.9674E-02  3.2096E-01
 -1.0315E-01  1.4868E-03 -1.5463E+00  7.9674E-02  3.2096E-01
  1.2598E+00 -3.5506E-02 -8.7548E-01  7.8913E-02  3.3034E-01
  1.5194E+00 -1.4084E-01  1.6256E-01  7.8913E-02  3.3034E-01
 -1.0357E+00 -1.5315E-01 -1.1219E+00  7.8913E-02  3.3034E-01
  1.3409E+00 -1.2173E-01 -7.2035E-01  7.8532E-02  3.3517E-01
  1.3536E+00 -1.0586E-01  6.9882E-01  7.8532E-02  3.3517E-01
  4.8214E-01  2.2137E-02  1.4487E+00  7.8532E-02  3.3517E-01
 -1.2782E+00 -6.6586E-02 -8.1901E-01  7.8152E-02  3.4009E-01
 -1.8402E-01  4.5280E-02  1.5001E+00  7.7771E-02  3.4511E-01
  5.7113E-01  9.9449E-02 -1.3884E+00  7.7390E-02  3.5022E-01
 -1.4986E+00 -1.3301E-01 -1.6040E-02  7.7390E-02  3.5022E-01
 -1.7051E-01 -1.6662E-01 -1.4781E+00  7.7010E-02  3.5544E-01
 -2.0155E-01 -4.5019E-02  1.4829E+00  7.7010E-02  3.5544E-01
  5.5379E-01 -6.7141E-02  1.3814E+00  7.6629E-02  3.6076E-01
 -1.4379E+00  1.8285E-01  3.4425E-01  7.6629E-02  3.6076E-01
  3.3943E-02  4.3654E-02  1.4888E+00  7.6629E-02  3.6076E-01
  2.7469E-01  1.0175E-01 -1.4533E+00  7.6248E-02  3.6619E-01
  1.4213E+00  1.0843E-01  3.7996E-01  7.5868E-02  3.7173E-01
  1.4458E+00 -3.3087E-02  2.5213E-01  7.5487E-02  3.7739E-01
 -6.8219E-02  4.0491E-02 -1.4514E+00  7.4726E-02  3.8904E-01
  8.5351E-01  1.7894E-02  1.1764E+00  7.4726E-02  3.8904E-01
  2.7575E-01 -2.1840E-02 -1.4197E+00  7.4345E-02  3.9504E-01
  3.7251E-01  7.1238E-02 -1.3958E+00  7.4345E-02  3.9504E-01
 -4.0848E-01  3.5705E-02  1.3871E+00  7.4345E-02  3.9504E-01
 -1.2114E+00 -7.5563E-02 -7.8666E-01  7.4345E-02  3.9504E-01
  1.2970E+00 -5.9949E-05  6.4026E-01  7.4345E-02  3.9504E-01
  1.3987E+00  1.4610E-01  3.0659E-01  7.3965E-02  4.0117E-01
 -1.1783E+00 -1.1565E-01 -8.1842E-01  7.3965E-02  4.0117E-01
 -1.2204E+00  7.5082E-02  7.3223E-01  7.3203E-02  4.1382E-01
 -2.7831E-01 -1.6240E-01  1.3883E+00  7.3203E-02  4.1382E-01
 -8.4856E-01  2.8339E-02  1.1360E+00  7.2822E-02  4.2035E-01
 -1.1061E+00  1.0369E-01 -8.8161E-01  7.2822E-02  4.2035E-01
 -1.3963E+00  9.6947E-02  2.2900E-01  7.2822E-02  4.2035E-01
 -1.4013E+00  1.2950E-01 -1.7632E-01  7.2822E-02  4.2035E-01
 -1.2125E+00 -6.0757E-02 -7.1971E-01  7.2442E-02  4.2701E-01
 -1.1750E+00 -6.3198E-02  7.7920E-01  7.2442E-02  4.2701E-01
  1.2677E+00 -1.4938E-01 -5.8570E-01  7.2061E-02  4.3381E-01
 -9.3638E-01  1.0250E-01 -1.0417E+00  7.2061E-02  4.3381E-01
  1.3838E+00 -6.1181E-02  2.3163E-01  7.2061E-02  4.3381E-01
  7.0004E-01 -6.3387E-02 -1.2158E+00  7.2061E-02  4.3381E-01
  8.7674E-01  1.1781E-01  1.0819E+00  7.1680E-02  4.4076E-01
  1.2427E+00 -1.3773E-01 -6.2446E-01  7.1680E-02  4.4076E-01
 -1.2242E+00 -2.9616E-02  6.5915E-01  7.1300E-02  4.4786E-01
 -1.0502E+00 -6.4849E-02  9.0936E-01  7.1300E-02  4.4786E-01
  1.3803E+00  1.6820E-01 -2.4233E-02  7.1300E-02  4.4786E-01
  2.5279E-01 -4.9314E-02 -1.3667E+00  7.1300E-02  4.4786E-01
  1.2740E+00 -1.6948E-01  5.1344E-01  7.0919E-02  4.5511E-01
  1.3404E+00  1.3990E-01 -3.1477E-01  7.0919E-02  4.5511E-01
 -1.2248E+00 -3.5158E-02  6.4341E-01  7.0919E-02  4.5511E-01
  1.3662E+00 -1.1105E-01  1.9135E-01  7.0919E-02  4.5511E-01
 -9.8517E-01 -1.5217E-01 -9.5029E-01  7.0538E-02  4.6253E-01
 -1.2597E+00  3.2715E-02 -5.5569E-01  7.0538E-02  4.6253E-01
  1.2877E+00 -7.6455E-03  4.8843E-01  7.0538E-02  4.6253E-01
  3.8588E-01  1.3985E-01  1.3076E+00  7.0157E-02  4.7010E-01
  4.7060E-01  3.3298E-02  1.2868E+00  7.0157E-02  4.7010E-01
  1.3357E+00 -5.5275E-02 -3.0220E-01  7.0157E-02  4.7010E-01
 -1.0858E+00 -1.5367E-01  8.1097E-01  6.9776E-02  4.7784E-01
 -3.6268E-01 -1.5775E-01  1.3053E+00  6.9776E-02  4.7784E-01
  9.2428E-01  1.8113E-02 -1.0028E+00  6.9776E-02  4.7784E-01
 -1.2065E+00 -1.7262E-01  5.9734E-01  6.9395E-02  4.8575E-01
  1.3520E+00 -1.0854E-01 -5.1659E-02  6.9395E-02  4.8575E-01
  3.2376E-01 -1.3854E-01  1.3108E+00  6.9395E-02  4.8575E-01
 -2.3616E-01  7.1510E-02  1.3347E+00  6.9395E-02  4.8575E-01
 -1.3563E+00  4.3943E-02  2.9959E-02  6.9395E-02  4.8575E-01
  1.2673E+00  9.1361E-02 -4.7746E-01  6.9395E-02  4.8575E-01
 -1.3080E+00 -6.1505E-02 -3.5741E-01  6.9395E-02  4.8575E-01
  4.7706E-01  1.0889E-01 -1.2660E+00  6.9395E-02  4.8575E-01
  3.8181E-01  1.6179E-01  1.2855E+00  6.9014E-02  4.9384E-01
  1.2712E+00 -7.3913E-02  4.5076E-01  6.9014E-02  4.9384E-01
 -1.0353E+00  7.4281E-02 -8.6438E-01  6.9014E-02  4.9384E-01
  1.1345E+00  1.6915E-01  7.0088E-01  6.8633E-02  5.0211E-01
 -1.3368E+00  1.1119E-01 -8.7380E-02  6.8633E-02  5.0211E-01
  9.2153E-01  1.4657E-01 -9.5861E-01  6.8252E-02  5.1057E-01
  1.1148E-01 -2.7131E-02 -1.3328E+00  6.8252E-02  5.1057E-01
 -4.9555E-01  4.6527E-02 -1.2417E+00  6.8252E-02  5.1057E-01
 -1.2717E+00 -4.1138E-02  4.1306E-01  6.8252E-02  5.1057E-01
  8.2996E-01  1.6277E-02 -1.0491E+00  6.8252E-02  5.1057E-01
 -4.5278E-01 -7.2121E-02 -1.2499E+00  6.7871E-02  5.1923E-01
 -1.2388E+00 -8.4846E-02  4.8027E-01  6.7871E-02  5.1923E-01
 -9.6992E-01 -1.1634E-02  9.0262E-01  6.7489E-02  5.2808E-01
 -6.8343E-01 -1.0751E-01  1.1300E+00  6.7489E-02  5.2808E-01
 -5.9048E-01 -4.8040E-02 -1.1781E+00  6.7108E-02  5.3713E-01
 -9.6726E-01  1.4473E-01  8.8450E-01  6.7108E-02  5.3713E-01
 -1.2200E+00  8.2924E-02 -4.9353E-01  6.7108E-02  5.3713E-01
 -1.2347E+00 -1.1306E-01  4.4906E-01  6.7108E-02  5.3713E-01
  1.0865E+00 -1.6252E-01 -7.1795E-01  6.6726E-02  5.4640E-01
 -5.7451E-01 -8.2495E-02  1.1771E+00  6.6726E-02  5.4640E-01
  1.2972E+00 -1.6100E-01 -1.1673E-01  6.6726E-02  5.4640E-01
 -7.5883E-01  8.8421E-03  1.0631E+00  6.6345E-02  5.5588E-01
  1.1295E+00  4.5395E-04 -6.5591E-01  6.6345E-02  5.5588E-01
 -1.2940E+00 -1.2672E-01 -1.2457E-01  6.6345E-02  5.5588E-01
 -1.2494E+00 -1.9875E-02  3.8048E-01  6.6345E-02  5.5588E-01
 -2.4844E-01 -3.2447E-02  1.2756E+00  6.5963E-02  5.6559E-01
 -8.0957E-01  1.4604E-02  1.0170E+00  6.5963E-02  5.6559E-01
  1.2839E+00  1.5814E-01  2.3221E-02  6.5581E-02  5.7553E-01
 -1.2764E+00 -3.5104E-02 -1.6668E-01  6.5199E-02  5.8571E-01
  1.2680E+00  6.8564E-02 -2.1388E-01  6.5199E-02  5.8571E-01
  9.5822E-01 -1.5168E-01  8.3763E-01  6.4817E-02  5.9614E-01
  8.5972E-01  7.1369E-02  9.4795E-01  6.4817E-02  5.9614E-01
  3.2027E-01  7.7696E-02 -1.2324E+00  6.4434E-02  6.0681E-01
  1.1199E+00  1.7058E-01  5.8668E-01  6.4434E-02  6.0681E-01
 -1.2673E+00 -3.6924E-02 -1.4165E-01  6.4434E-02  6.0681E-01
  1.0491E+00  2.4347E-02  7.2553E-01  6.4434E-02  6.0681E-01
 -5.1171E-01 -1.5800E-01  1.1513E+00  6.4051E-02  6.1776E-01
 -1.1516E-01 -4.0307E-02 -1.2639E+00  6.4051E-02  6.1776E-01
 -9.3247E-01 -1.8808E-02  8.4435E-01  6.3285E-02  6.4046E-01
 -5.1022E-01 -1.3973E-02 -1.1499E+00  6.3285E-02  6.4046E-01
 -2.0378E-01  5.2729E-02  1.2404E+00  6.3285E-02  6.4046E-01
 -2.3772E-01  1.6850E-01 -1.2179E+00  6.2902E-02  6.5224E-01
 -5.1664E-01 -2.1590E-02 -1.1406E+00  6.2902E-02  6.5224E-01
  7.1009E-01 -1.5275E-01 -1.0131E+00  6.2518E-02  6.6433E-01
 -3.4068E-01  1.7308E-01  1.1866E+00  6.2518E-02  6.6433E-01
 -6.3089E-01  9.2350E-02 -1.0712E+00  6.2518E-02  6.6433E-01
 -4.6032E-01 -1.7543E-01  1.1389E+00  6.2134E-02  6.7672E-01
  7.5033E-02 -2.9269E-02  1.2383E+00  6.2134E-02  6.7672E-01
 -7.9012E-01 -1.6528E-01 -9.4247E-01  6.2134E-02  6.7672E-01
 -1.1074E+00  5.4877E-02  5.5725E-01  6.2134E-02  6.7672E-01
  1.1948E+00 -1.6065E-01 -2.9428E-01  6.2134E-02  6.7672E-01
 -6.7803E-01  6.1324E-02  1.0375E+00  6.2134E-02  6.7672E-01
 -6.3680E-02 -2.3621E-02 -1.2334E+00  6.1750E-02  6.8943E-01
  1.0199E+00 -2.4007E-02  6.9648E-01  6.1750E-02  6.8943E-01
  1.2229E+00 -6.2542E-02  1.6294E-01  6.1750E-02  6.8943E-01
  4.4388E-01  7.9289E-02 -1.1441E+00  6.1365E-02  7.0248E-01
  4.2136E-01  1.5295E-01 -1.1451E+00  6.1365E-02  7.0248E-01
 -6.0340E-01 -1.7582E-01  1.0506E+00  6.0980E-02  7.1587E-01
 -3.3429E-02  1.2484E-01 -1.2174E+00  6.0980E-02  7.1587E-01
  5.0264E-01 -1.3661E-01  1.1079E+00  6.0980E-02  7.1587E-01
  1.1011E+00  1.0281E-01  5.1222E-01  6.0595E-02  7.2962E-01
 -5.1880E-01 -1.1035E-01 -1.0973E+00  6.0595E-02  7.2962E-01
  7.7779E-01 -3.0513E-02 -9.3780E-01  6.0595E-02  7.2962E-01
 -6.2466E-01 -8.8134E-02  1.0365E+00  6.0209E-02  7.4374E-01
  1.3736E-01  1.5676E-01  1.1953E+00  6.0209E-02  7.4374E-01
 -1.1993E+00  1.6573E-02  1.8337E-01  6.0209E-02  7.4374E-01
  1.0894E+00  1.4828E-01 -4.8760E-01  5.9436E-02  7.7315E-01
 -4.3207E-01  7.7736E-02  1.1197E+00  5.9436E-02  7.7315E-01
 -1.1877E+00  1.3207E-01  1.3542E-01  5.9436E-02  7.7315E-01
 -6.4060E-01 -5.3403E-02 -1.0165E+00  5.9436E-02  7.7315E-01
  6.4568E-01 -9.8673E-03  1.0147E+00  5.9436E-02  7.7315E-01
 -2.4663E-01 -1.0693E-01 -1.1669E+00  5.9048E-02  7.8847E-01
  4.9904E-01  1.5232E-01  1.0778E+00  5.9048E-02  7.8847E-01
 -1.1881E+00 -3.5838E-02 -1.4487E-01  5.9048E-02  7.8847E-01
  1.0112E+00  3.9298E-02 -6.4017E-01  5.9048E-02  7.8847E-01
  3.0982E-01 -6.2368E-02  1.1497E+00  5.8660E-02  8.0422E-01
 -2.4801E-01 -1.1704E-01  1.1603E+00  5.8660E-02  8.0422E-01
  5.2912E-03 -7.2402E-02 -1.1850E+00  5.8271E-02  8.2042E-01
  1.1676E+00  7.2178E-03  2.1486E-01  5.8271E-02  8.2042E-01
 -9.5365E-01 -1.0995E-01  6.9848E-01  5.8271E-02  8.2042E-01
 -4.1936E-01 -1.0309E-01  1.1004E+00  5.7882E-02  8.3709E-01
  8.3813E-01 -2.7962E-02 -8.3317E-01  5.7882E-02  8.3709E-01
 -8.7662E-01  1.1234E-01  7.7752E-01  5.7492E-02  8.5424E-01
 -1.0083E+00  6.9672E-02  6.0344E-01  5.7492E-02  8.5424E-01
  2.7091E-01  1.6767E-01 -1.1281E+00  5.7101E-02  8.7190E-01
 -9.1294E-01 -1.3054E-01  7.2353E-01  5.7101E-02  8.7190E-01
  1.0615E+00  9.0074E-02  4.8900E-01  5.7101E-02  8.7190E-01
 -6.8015E-01  4.5308E-02  9.5360E-01  5.7101E-02  8.7190E-01
  6.2200E-01 -1.0663E-01 -9.8780E-01  5.7101E-02  8.7190E-01
 -3.8069E-01  1.8134E-01  1.0937E+00  5.7101E-02  8.7190E-01
 -5.9547E-01  4.3783E-02  1.0030E+00  5.6710E-02  8.9009E-01
 -8.6335E-01 -7.6239E-02 -7.8192E-01  5.6710E-02  8.9009E-01
  8.7122E-01 -1.2915E-01  7.6608E-01  5.6710E-02  8.9009E-01
 -4.0826E-01  4.9640E-02 -1.0873E+00  5.6317E-02  9.0882E-01
  7.1729E-01 -1.8630E-01 -8.9562E-01  5.6317E-02  9.0882E-01
  1.1022E-01  1.4164E-01  1.1485E+00  5.6317E-02  9.0882E-01
  9.4056E-01 -6.4358E-02  6.7194E-01  5.5924E-02  9.2814E-01
  3.5406E-01 -1.7222E-02  1.1021E+00  5.5924E-02  9.2814E-01
 -1.1347E+00  9.7178E-02  2.0830E-01  5.5924E-02  9.2814E-01
  8.6544E-01  1.2630E-01 -7.5853E-01  5.5924E-02  9.2814E-01
 -1.1416E+00 -1.6355E-01 -1.0129E-01  5.5924E-02  9.2814E-01
  3.9789E-01  4.6081E-02 -1.0812E+00  5.5530E-02  9.4805E-01
 -5.9022E-01  1.6133E-01  9.7727E-01  5.5530E-02  9.4805E-01
 -4.8910E-01  9.7677E-02 -1.0396E+00  5.5530E-02  9.4805E-01
  1.0930E+00  2.1028E-02 -3.6656E-01  5.5530E-02  9.4805E-01
 -1.1075E+00  1.8217E-01 -2.4290E-01  5.5134E-02  9.6859E-01
  4.2924E-01 -1.7580E-01  1.0505E+00  5.5134E-02  9.6859E-01
 -2.0647E-01 -1.7454E-01 -1.1161E+00  5.5134E-02  9.6859E-01
  9.9784E-01  6.2922E-02 -5.5555E-01  5.4738E-02  9.8980E-01
  7.4931E-01  1.6464E-01  8.4226E-01  5.4340E-02  1.0117E+00
  1.0499E+00 -1.7151E-01  4.0771E-01  5.4340E-02  1.0117E+00
 -7.6920E-01 -1.3134E-01 -8.2397E-01  5.3941E-02  1.0343E+00
  5.0221E-01  1.3662E-01 -1.0085E+00  5.3941E-02  1.0343E+00
 -2.1520E-02 -1.4709E-01  1.1251E+00  5.3941E-02  1.0343E+00
  5.6052E-01  3.1041E-02  9.8626E-01  5.3941E-02  1.0343E+00
  4.0124E-01  1.1221E-01 -1.0556E+00  5.3941E-02  1.0343E+00
  1.0939E+00  7.1909E-02 -2.9319E-01  5.3941E-02  1.0343E+00
 -1.1178E+00 -1.6879E-01  1.6522E-03  5.3541E-02  1.0577E+00
  9.7313E-01  1.3489E-01  5.5923E-01  5.3541E-02  1.0577E+00
 -8.6232E-01 -9.2802E-02  7.2506E-01  5.3541E-02  1.0577E+00
  3.0282E-01  1.5346E-01 -1.0783E+00  5.3541E-02  1.0577E+00
 -1.1205E+00  1.0222E-01 -4.7752E-02  5.3139E-02  1.0818E+00
 -7.5125E-01  2.5615E-02 -8.3853E-01  5.3139E-02  1.0818E+00
  1.0996E+00  1.0507E-01 -2.1926E-01  5.3139E-02  1.0818E+00
  1.1152E+00 -1.4279E-01  6.3967E-02  5.3139E-02  1.0818E+00
 -1.1059E+00  5.6863E-02 -1.7997E-01  5.2736E-02  1.1068E+00
  1.1175E+00 -8.6536E-02 -4.8269E-02  5.2736E-02  1.1068E+00
  9.4538E-02 -1.6484E-01 -1.1014E+00  5.2331E-02  1.1327E+00
 -1.1060E+00  1.6116E-01 -9.9118E-03  5.2331E-02  1.1327E+00
  1.0950E+00  1.8514E-01  1.2618E-01  5.2331E-02  1.1327E+00
  6.4247E-01  9.9250E-02 -9.0917E-01  5.2331E-02  1.1327E+00
  6.3780E-01  4.7480E-02 -9.1157E-01  5.1925E-02  1.1595E+00
  7.2079E-01 -1.7999E-01  8.2950E-01  5.1925E-02  1.1595E+00
  3.3791E-01  1.7499E-01  1.0422E+00  5.1516E-02  1.1873E+00
 -1.0935E+00 -3.2011E-02  1.8512E-01  5.1516E-02  1.1873E+00
 -1.3734E-02  1.3536E-01 -1.1011E+00  5.1516E-02  1.1873E+00
  1.0818E+00 -1.6496E-01  1.8267E-01  5.1516E-02  1.1873E+00
  1.1043E+00  8.2882E-02 -6.7418E-02  5.1516E-02  1.1873E+00
 -9.4000E-01 -1.6393E-01 -5.5827E-01  5.1106E-02  1.2161E+00
  2.6122E-01  8.8554E-02 -1.0705E+00  5.1106E-02  1.2161E+00
 -1.0645E+00  1.8060E-01 -2.3732E-01  5.1106E-02  1.2161E+00
  6.3937E-01  4.3550E-02 -8.9598E-01  5.0694E-02  1.2461E+00
 -5.9633E-01 -6.9509E-02 -9.2359E-01  5.0694E-02  1.2461E+00
 -1.0052E+00  1.5121E-02  4.5024E-01  5.0694E-02  1.2461E+00
  6.8434E-01  7.7225E-02  8.5976E-01  5.0694E-02  1.2461E+00
 -7.0211E-01 -6.5784E-02 -8.4627E-01  5.0694E-02  1.2461E+00
  1.0970E+00  8.1880E-04 -4.0348E-02  5.0279E-02  1.2771E+00
  9.0080E-01 -1.1275E-01 -6.1712E-01  5.0279E-02  1.2771E+00
  4.6671E-01  1.1366E-01  9.8282E-01  4.9863E-02  1.3094E+00
  8.2732E-01 -1.0834E-01  7.0168E-01  4.9444E-02  1.3430E+00
  1.0759E+00 -1.6074E-01  7.1071E-02  4.9444E-02  1.3430E+00
  1.5045E-01  8.2208E-02  1.0766E+00  4.9444E-02  1.3430E+00
 -5.9927E-01 -1.5594E-01  8.9728E-01  4.9444E-02  1.3430E+00
  4.0530E-01 -1.4458E-01  1.0017E+00  4.9444E-02  1.3430E+00
 -1.0535E+00  1.4916E-01 -2.3742E-01  4.9444E-02  1.3430E+00
 -1.0293E+00  1.1163E-01  3.2960E-01  4.9022E-02  1.3780E+00
  4.3731E-01  1.4991E-01  9.8330E-01  4.9022E-02  1.3780E+00
 -1.0500E+00  5.5487E-02  2.7374E-01  4.9022E-02  1.3780E+00
  7.8814E-01  1.7559E-01 -7.2169E-01  4.8597E-02  1.4144E+00
 -6.6641E-01  3.2373E-02  8.5304E-01  4.8597E-02  1.4144E+00
 -6.5126E-01 -2.1506E-02 -8.6499E-01  4.8597E-02  1.4144E+00
  2.4083E-01 -1.4812E-01 -1.0454E+00  4.8597E-02  1.4144E+00
  6.1487E-01  7.4604E-02 -8.8837E-01  4.8597E-02  1.4144E+00
 -1.0519E+00  1.7987E-01  1.6224E-01  4.8170E-02  1.4524E+00
  8.2549E-01  1.7861E-01  6.7222E-01  4.8170E-02  1.4524E+00
 -6.4350E-01  1.0600E-01  8.5585E-01  4.7739E-02  1.4920E+00
  1.0586E+00  1.1497E-01  1.2892E-01  4.7306E-02  1.5334E+00
 -5.2676E-01 -1.1342E-01  9.2748E-01  4.7306E-02  1.5334E+00
  1.4087E-01 -2.9065E-02  1.0630E+00  4.7306E-02  1.5334E+00
 -7.7281E-02  1.5554E-01 -1.0585E+00  4.7306E-02  1.5334E+00
 -6.6595E-01  1.4367E-01 -8.2851E-01  4.7306E-02  1.5334E+00
 -9.8442E-02  7.2842E-02  1.0623E+00  4.6868E-02  1.5768E+00
 -2.3288E-01 -1.6262E-01  1.0309E+00  4.6868E-02  1.5768E+00
 -8.2446E-01 -4.6064E-03  6.8098E-01  4.6868E-02  1.5768E+00
  1.0225E+00  3.4353E-02 -3.1128E-01  4.6868E-02  1.5768E+00
  4.1374E-02 -7.8981E-02 -1.0656E+00  4.6868E-02  1.5768E+00
  2.6788E-01  1.5140E-01 -1.0241E+00  4.6868E-02  1.5768E+00
 -8.3104E-02 -4.3107E-02 -1.0620E+00  4.6427E-02  1.6222E+00
  9.0800E-01  9.3430E-02  5.5083E-01  4.6427E-02  1.6222E+00
 -9.8675E-01 -1.5441E-01 -3.6383E-01  4.5982E-02  1.6697E+00
 -1.0553E+00 -1.1756E-01 -4.8170E-02  4.5982E-02  1.6697E+00
  5.2242E-01  1.0096E-02 -9.2567E-01  4.5982E-02  1.6697E+00
  7.5453E-01 -1.2153E-01  7.3878E-01  4.5982E-02  1.6697E+00
  2.5986E-02  2.2446E-02 -1.0593E+00  4.5533E-02  1.7196E+00
 -8.8389E-01  1.8034E-01  5.5062E-01  4.5079E-02  1.7721E+00
  1.0044E+00  5.5426E-02 -3.2411E-01  4.5079E-02  1.7721E+00
 -8.7435E-01 -8.8831E-02 -5.8172E-01  4.4620E-02  1.8273E+00
 -8.3265E-01 -1.3890E-01  6.3100E-01  4.4620E-02  1.8273E+00
  8.1805E-01 -5.7532E-02  6.6201E-01  4.4620E-02  1.8273E+00
  3.8563E-01  5.8599E-02 -9.7909E-01  4.4620E-02  1.8273E+00
 -1.3355E-01  8.8880E-02 -1.0388E+00  4.4156E-02  1.8855E+00
 -1.0242E+00  1.4146E-03 -2.3606E-01  4.4156E-02  1.8855E+00
  9.6301E-01  1.3586E-01 -3.9862E-01  4.4156E-02  1.8855E+00
  9.6277E-01 -1.1317E-01  3.9894E-01  4.3687E-02  1.9469E+00
 -9.0721E-01  1.6301E-01 -4.9929E-01  4.3687E-02  1.9469E+00
 -9.2756E-01  1.4794E-01 -4.6545E-01  4.3687E-02  1.9469E+00
 -8.1102E-01  1.7170E-01  6.4160E-01  4.3687E-02  1.9469E+00
 -9.8527E-01 -1.4562E-01  3.2700E-01  4.3687E-02  1.9469E+00
  9.4788E-02 -9.3419E-02  1.0371E+00  4.3212E-02  2.0119E+00
  6.3915E-01 -3.9355E-02 -8.2652E-01  4.3212E-02  2.0119E+00
 -6.3716E-01  7.7049E-02  8.2207E-01  4.2730E-02  2.0806E+00
 -4.0472E-02 -4.4385E-03  1.0421E+00  4.2730E-02  2.0806E+00
 -1.0246E+00  4.5449E-02 -1.8931E-01  4.2730E-02  2.0806E+00
  1.0267E+00 -1.7551E-01  5.3462E-02  4.2730E-02  2.0806E+00
 -6.3266E-01  1.2688E-01  8.1609E-01  4.2242E-02  2.1536E+00
 -8.0151E-01 -1.5500E-01 -6.4492E-01  4.2242E-02  2.1536E+00
  8.6390E-01  1.1866E-01  5.6741E-01  4.2242E-02  2.1536E+00
  4.1948E-01  1.1493E-01 -9.4509E-01  4.2242E-02  2.1536E+00
 -9.6473E-01  2.7362E-02  3.8848E-01  4.2242E-02  2.1536E+00
  5.3854E-01 -7.1815E-03 -8.8720E-01  4.1747E-02  2.2312E+00
  2.0405E-01 -9.4725E-02 -1.0132E+00  4.1747E-02  2.2312E+00
  1.0267E+00  5.5835E-03  1.5194E-01  4.1747E-02  2.2312E+00
  8.9702E-01 -5.0387E-02  5.1008E-01  4.0733E-02  2.4020E+00
 -5.3818E-01  6.5582E-02  8.7945E-01  4.0733E-02  2.4020E+00
  7.5277E-01  1.5769E-01 -6.8643E-01  4.0213E-02  2.4964E+00
  6.8696E-01 -1.8251E-01  7.4665E-01  4.0213E-02  2.4964E+00
  9.4346E-01  1.1539E-01  3.9344E-01  3.9683E-02  2.5977E+00
 -1.0235E+00  9.4569E-02  4.1671E-02  3.9683E-02  2.5977E+00
  2.5883E-01  7.6733E-02  9.9264E-01  3.9683E-02  2.5977E+00
 -6.9172E-02  6.7468E-02  1.0241E+00  3.9683E-02  2.5977E+00
 -1.0078E+00  1.1154E-01 -1.7339E-01  3.9683E-02  2.5977E+00
 -8.5536E-01 -8.0399E-02  5.6578E-01  3.9683E-02  2.5977E+00
 -9.6541E-01 -1.8357E-01  2.9695E-01  3.9143E-02  2.7067E+00
  5.4387E-01 -3.7921E-02 -8.6987E-01  3.9143E-02  2.7067E+00
  8.0246E-01 -4.6670E-02  6.3857E-01  3.9143E-02  2.7067E+00
  1.4324E-01  1.0514E-01 -1.0090E+00  3.8592E-02  2.8243E+00
  2.3621E-01 -1.5927E-01  9.8417E-01  3.8592E-02  2.8243E+00
  6.8630E-01  1.1253E-01 -7.5238E-01  3.8592E-02  2.8243E+00
 -9.6684E-02 -6.1553E-02 -1.0181E+00  3.8592E-02  2.8243E+00
  9.7171E-01 -5.8375E-02 -3.1957E-01  3.8592E-02  2.8243E+00
 -1.2281E-01 -1.5859E-01  1.0047E+00  3.8592E-02  2.8243E+00
 -7.2317E-01  4.3967E-02  7.2170E-01  3.8029E-02  2.9517E+00
  2.8285E-01 -1.3273E-01  9.7176E-01  3.7452E-02  3.0900E+00
  8.8666E-01  2.6677E-02 -5.0504E-01  3.7452E-02  3.0900E+00
  9.5200E-01 -1.6549E-01  3.2343E-01  3.6862E-02  3.2409E+00
 -9.7445E-01 -1.4362E-01 -2.6099E-01  3.6862E-02  3.2409E+00
  5.6507E-01 -3.4524E-02 -8.4518E-01  3.6256E-02  3.4062E+00
  9.5229E-01  1.0215E-01 -3.4282E-01  3.6256E-02  3.4062E+00
 -8.2177E-01 -1.3007E-01  5.8531E-01  3.6256E-02  3.4062E+00
  1.0022E+00  1.5636E-01 -5.0637E-02  3.5633E-02  3.5880E+00
 -9.0856E-01 -1.2384E-01 -4.3668E-01  3.5633E-02  3.5880E+00
  9.8352E-01 -3.8454E-02 -2.5044E-01  3.5633E-02  3.5880E+00
  9.7446E-01  1.0030E-02  2.8051E-01  3.4991E-02  3.7890E+00
  1.5761E-02 -1.7249E-02 -1.0138E+00  3.4991E-02  3.7890E+00
 -5.3817E-01 -1.2954E-01 -8.4968E-01  3.4991E-02  3.7890E+00
 -8.6964E-01 -3.5637E-02 -5.2041E-01  3.4991E-02  3.7890E+00
  8.0137E-02  1.6757E-01  9.9543E-01  3.4329E-02  4.0125E+00
 -1.7518E-01 -6.9420E-02 -9.9492E-01  3.4329E-02  4.0125E+00
  5.7317E-01  1.1666E-02  8.3470E-01  3.4329E-02  4.0125E+00
  9.6639E-01 -5.7152E-02  2.9700E-01  3.4329E-02  4.0125E+00
 -8.1581E-01  1.5952E-01 -5.7826E-01  3.4329E-02  4.0125E+00
 -1.9473E-01  5.0914E-02 -9.9240E-01  3.4329E-02  4.0125E+00
 -1.3513E-01 -1.2941E-01  9.9518E-01  3.4329E-02  4.0125E+00
  4.5531E-01  6.5080E-02 -9.0213E-01  3.4329E-02  4.0125E+00
 -9.8965E-01 -7.0734E-02  1.9534E-01  3.3644E-02  4.2626E+00
  9.9631E-01  1.7297E-01  3.7947E-03  3.3644E-02  4.2626E+00
  9.8795E-01  1.5441E-01 -1.5057E-01  3.3644E-02  4.2626E+00
  9.6734E-01  1.0934E-01  2.7361E-01  3.3644E-02  4.2626E+00
 -7.8998E-01  1.5106E-02  6.3109E-01  3.3644E-02  4.2626E+00
  4.0760E-01  1.5722E-01  9.1053E-01  3.2934E-02  4.5444E+00
 -2.7184E-01 -1.2250E-01 -9.6489E-01  3.2934E-02  4.5444E+00
  1.5626E-01  1.5123E-01  9.8496E-01  3.2195E-02  4.8645E+00
 -7.8476E-01 -1.6881E-01  6.1082E-01  3.2195E-02  4.8645E+00
  9.7032E-01 -4.4573E-02 -2.7189E-01  3.2195E-02  4.8645E+00
 -1.5295E-01 -1.8369E-01  9.7995E-01  3.2195E-02  4.8645E+00
 -4.7210E-01  5.0066E-02 -8.8997E-01  3.2195E-02  4.8645E+00
  7.4183E-01  6.6210E-02 -6.7854E-01  3.1425E-02  5.2312E+00
  1.0069E+00  3.4826E-02  6.0182E-03  3.1425E-02  5.2312E+00
 -8.3425E-01 -1.4770E-02  5.6283E-01  3.0618E-02  5.6557E+00
 -2.2610E-01 -9.6418E-03  9.8069E-01  3.0618E-02  5.6557E+00
  9.9819E-01  1.1415E-01 -5.9630E-02  3.0618E-02  5.6557E+00
 -4.4477E-03  8.7542E-02  1.0026E+00  3.0618E-02  5.6557E+00
  3.5074E-01 -3.4846E-02 -9.4167E-01  2.9770E-02  6.1530E+00
 -8.3674E-01  3.1076E-02  5.5668E-01  2.9770E-02  6.1530E+00
 -8.8184E-01 -2.5241E-02 -4.8051E-01  2.8874E-02  6.7438E+00
  2.2687E-01 -5.4819E-02  9.7708E-01  2.8874E-02  6.7438E+00
 -1.3631E-01  1.4294E-01  9.8496E-01  2.8874E-02  6.7438E+00
 -1.3890E-01  6.6821E-03  9.9490E-01  2.8874E-02  6.7438E+00
  4.2923E-01  5.1517E-02 -9.0588E-01  2.7921E-02  7.4574E+00
  5.1782E-01 -1.3121E-01 -8.4980E-01  2.7921E-02  7.4574E+00
  9.9164E-01 -1.2894E-01 -8.6749E-02  2.7921E-02  7.4574E+00
  6.2376E-01 -1.3040E-01 -7.7552E-01  2.7921E-02  7.4574E+00
  9.4055E-01  8.0224E-02 -3.4125E-01  2.7921E-02  7.4574E+00
 -9.4980E-01  1.4086E-01  2.9250E-01  2.7921E-02  7.4574E+00
 -9.4363E-01 -8.7868E-02 -3.3068E-01  2.7921E-02  7.4574E+00
  7.9908E-01  1.7950E-01 -5.7902E-01  2.6903E-02  8.3369E+00
  1.7280E-01  1.5104E-01  9.7640E-01  2.6903E-02  8.3369E+00
  8.8269E-01  6.0900E-02  4.7241E-01  2.6903E-02  8.3369E+00
 -5.0012E-01  1.5828E-01 -8.5412E-01  2.5804E-02  9.4481E+00
 -3.1373E-01  1.7919E-02  9.5181E-01  2.5804E-02  9.4481E+00
  9.7347E-01 -4.4524E-02  2.3467E-01  2.5804E-02  9.4481E+00
 -1.0617E-01  1.5493E-01 -9.8459E-01  2.5804E-02  9.4481E+00
  6.8361E-01 -6.6561E-04  7.3306E-01  2.5804E-02  9.4481E+00
  7.5975E-01  1.7691E-01 -6.2851E-01  2.4606E-02  1.0897E+01
  8.6377E-01 -8.6162E-02 -5.0002E-01  2.4606E-02  1.0897E+01
 -1.3578E-01 -3.2413E-05 -9.9202E-01  2.3280E-02  1.2866E+01
  7.3087E-01  1.7200E-01  6.6240E-01  2.3280E-02  1.2866E+01
  3.9149E-01 -1.5226E-01  9.0889E-01  2.3280E-02  1.2866E+01
  1.6183E-01  5.8533E-02 -9.8637E-01  2.3280E-02  1.2866E+01
  9.7256E-01 -4.5314E-02 -2.3191E-01  2.1787E-02  1.5696E+01
 -6.6002E-01 -6.1605E-02  7.4986E-01  2.1787E-02  1.5696E+01
  7.1892E-01  1.1793E-01  6.8578E-01  2.0058E-02  2.0115E+01
 -8.7757E-01  1.0974E-01 -4.6783E-01  2.0058E-02  2.0115E+01
  8.8805E-01  4.4940E-02 -4.5868E-01  2.0058E-02  2.0115E+01
  5.6179E-01 -1.6454E-01  8.1140E-01  2.0058E-02  2.0115E+01
  3.5659E-03  8.0782E-02 -9.9725E-01  2.0058E-02  2.0115E+01
 -2.3976E-01  7.2732E-02  9.6864E-01  2.0058E-02  2.0115E+01
 -5.1482E-01 -3.5091E-02  8.5689E-01  1.7969E-02  2.7981E+01
 -9.8354E-01  4.0637E-02  1.7756E-01  1.7969E-02  2.7981E+01
  6.5996E-01  1.5502E-02  7.5150E-01  1.7969E-02  2.7981E+01
