0.12330514285714D+02       598
(x,y,z) position of the X-ray source
  0.1312E+01 -0.6449E-01 -0.1230E+01
x | y | z | R | rho
  3.2362E-01  1.4617E-01  9.9030E+00  3.2049E-01  4.9312E-03
 -4.6389E-01 -2.9260E-01  9.8820E+00  3.2022E-01  4.9437E-03
 -2.1341E-01 -4.0601E-01  9.7893E+00  3.1806E-01  5.0451E-03
  1.9522E+00 -3.5444E-02  9.4672E+00  3.1508E-01  5.1895E-03
 -7.3005E-01  1.8071E-01  9.2966E+00  3.0745E-01  5.5859E-03
  1.5833E+00  2.8470E-01  8.9660E+00  3.0250E-01  5.8647E-03
 -7.4133E-01  1.6731E-01  8.9076E+00  2.9862E-01  6.0959E-03
 -2.5852E-01 -2.2599E-02  8.8999E+00  2.9779E-01  6.1472E-03
 -1.6640E+00  3.2558E-01  8.5686E+00  2.9389E-01  6.3951E-03
  1.0716E+00 -3.0731E-01  8.6268E+00  2.9305E-01  6.4502E-03
  4.7621E-01 -1.2956E-01  8.6846E+00  2.9305E-01  6.4502E-03
 -1.0147E+00  2.4967E-01  8.2716E+00  2.8461E-01  7.0411E-03
 -1.1191E+00 -2.4997E-01  8.2338E+00  2.8405E-01  7.0833E-03
  1.8913E-01  2.4324E-01  8.2955E+00  2.8376E-01  7.1045E-03
 -1.5222E+00 -1.9881E-01  7.8158E+00  2.7579E-01  7.7391E-03
 -1.2766E+00  3.3032E-01  7.7702E+00  2.7378E-01  7.9108E-03
  4.7438E-01 -1.8505E-01  7.8288E+00  2.7291E-01  7.9860E-03
  9.7231E-01 -2.0060E-01  7.3364E+00  2.6218E-01  9.0076E-03
 -2.8267E-01 -3.1000E-02  7.2786E+00  2.5925E-01  9.3165E-03
 -1.5830E+00 -6.7503E-02  6.8660E+00  2.5335E-01  9.9827E-03
 -9.7104E-01  4.6712E-02  6.9550E+00  2.5276E-01  1.0053E-02
  1.8461E+00 -1.7087E-01  6.4905E+00  2.4590E-01  1.0918E-02
 -1.9995E-01 -1.3405E-01  6.5803E+00  2.4169E-01  1.1499E-02
  1.3019E+00  1.0858E-01  6.2973E+00  2.3775E-01  1.2079E-02
 -5.3516E-01  3.0049E-02  6.3381E+00  2.3593E-01  1.2362E-02
 -1.3406E-01 -1.8393E-01  6.3449E+00  2.3562E-01  1.2410E-02
  1.9797E+00 -2.0259E-01  5.9671E+00  2.3410E-01  1.2654E-02
 -3.7945E-02 -2.6789E-01  6.2843E+00  2.3410E-01  1.2654E-02
 -1.3032E+00  2.7199E-01  5.9554E+00  2.2919E-01  1.3484E-02
 -5.5695E-02  8.3950E-02  6.0781E+00  2.2857E-01  1.3593E-02
  7.0512E-01 -2.3319E-01  6.0216E+00  2.2827E-01  1.3648E-02
  8.6172E-01  7.2384E-02  5.9579E+00  2.2703E-01  1.3872E-02
  4.1524E-02  3.0286E-01  5.7903E+00  2.2113E-01  1.5012E-02
  1.9947E+00 -1.8787E-01  5.4164E+00  2.2051E-01  1.5140E-02
  5.1325E-01  2.9434E-01  5.7096E+00  2.1957E-01  1.5335E-02
  1.2911E+00 -1.9816E-02  5.4258E+00  2.1518E-01  1.6293E-02
  2.0110E+00  2.5032E-01  5.0465E+00  2.1139E-01  1.7186E-02
 -4.6120E-02  1.8530E-01  5.2729E+00  2.0693E-01  1.8320E-02
  1.9087E+00 -2.6156E-01  4.8501E+00  2.0533E-01  1.8751E-02
  1.7158E+00  2.4277E-01  4.8004E+00  2.0212E-01  1.9659E-02
 -9.8677E-01 -2.2588E-01  4.5815E+00  1.9042E-01  2.3512E-02
  1.9866E+00  2.8033E-01  4.2288E+00  1.9009E-01  2.3634E-02
 -4.7445E-01 -4.1278E-02  4.6221E+00  1.8910E-01  2.4006E-02
 -1.4372E+00 -1.8470E-01  4.3789E+00  1.8811E-01  2.4386E-02
  1.3255E+00  1.4649E-01  4.3681E+00  1.8679E-01  2.4907E-02
  1.6373E+00  3.5909E-02  4.2513E+00  1.8646E-01  2.5040E-02
 -4.2769E-02 -1.0867E-01  4.4638E+00  1.8381E-01  2.6139E-02
  3.5098E-02 -1.2720E-02  4.3525E+00  1.8048E-01  2.7614E-02
  6.5804E-01  1.6306E-01  4.2881E+00  1.8014E-01  2.7768E-02
  8.4699E-02  2.1830E-01  4.2676E+00  1.7813E-01  2.8718E-02
  1.8128E+00 -1.8747E-01  3.8411E+00  1.7746E-01  2.9045E-02
 -5.0458E-01 -3.9812E-02  4.2213E+00  1.7746E-01  2.9045E-02
 -1.5558E+00  5.2172E-03  3.8483E+00  1.7443E-01  3.0586E-02
 -1.1873E+00 -1.3488E-01  3.9052E+00  1.7240E-01  3.1679E-02
  1.0647E+00  6.1585E-02  3.8846E+00  1.7071E-01  3.2633E-02
  1.7500E+00 -1.1730E-01  3.5894E+00  1.6969E-01  3.3225E-02
 -1.7237E+00 -2.5428E-01  3.5951E+00  1.6969E-01  3.3225E-02
 -1.0973E+00  5.5195E-02  3.7833E+00  1.6798E-01  3.4247E-02
  1.2047E+00  2.1104E-01  3.7216E+00  1.6730E-01  3.4669E-02
  8.5564E-01  3.1772E-02  3.8114E+00  1.6695E-01  3.4882E-02
  1.0704E+00  1.4436E-01  3.6851E+00  1.6490E-01  3.6204E-02
  1.3144E+00 -3.2302E-03  3.5965E+00  1.6456E-01  3.6431E-02
 -1.8247E+00  2.2547E-01  3.3338E+00  1.6387E-01  3.6891E-02
 -3.7283E-01  4.3537E-03  3.7778E+00  1.6352E-01  3.7125E-02
  3.9501E-01 -1.1032E-01  3.7407E+00  1.6249E-01  3.7837E-02
  1.2749E+00 -2.0981E-01  3.5344E+00  1.6249E-01  3.7837E-02
  1.1123E+00 -7.8325E-02  3.4105E+00  1.5695E-01  4.1990E-02
 -3.5685E-01  1.4695E-01  3.5455E+00  1.5625E-01  4.2554E-02
  5.9420E-01 -2.9189E-02  3.3080E+00  1.4959E-01  4.8494E-02
  1.9522E+00  2.3130E-01  2.7129E+00  1.4924E-01  4.8838E-02
 -1.6619E+00 -5.9597E-02  2.8589E+00  1.4783E-01  5.0252E-02
 -9.2968E-01  8.5586E-02  3.0838E+00  1.4499E-01  5.3258E-02
 -6.5288E-01 -2.0684E-01  3.0073E+00  1.4035E-01  5.8712E-02
 -3.6756E-01  1.4888E-01  3.0481E+00  1.4000E-01  5.9164E-02
  1.2014E+00  1.5257E-01  2.8252E+00  1.4000E-01  5.9164E-02
  1.8037E+00  4.3325E-02  2.4625E+00  1.3928E-01  6.0082E-02
  1.4611E-01 -3.5597E-02  3.0175E+00  1.3820E-01  6.1497E-02
 -1.0492E+00  4.9214E-02  2.8328E+00  1.3820E-01  6.1497E-02
  1.3473E+00  5.6484E-02  2.6568E+00  1.3676E-01  6.3458E-02
 -1.1535E+00 -1.1654E-01  2.7332E+00  1.3640E-01  6.3962E-02
  3.8797E-01  6.5566E-03  2.9225E+00  1.3568E-01  6.4988E-02
  5.6556E-01  1.2320E-01  2.8483E+00  1.3424E-01  6.7108E-02
 -1.0743E-02  2.0194E-01  2.8683E+00  1.3315E-01  6.8763E-02
  1.4119E+00 -5.6408E-02  2.3257E+00  1.2770E-01  7.7958E-02
 -6.1875E-01 -7.2590E-02  2.5968E+00  1.2587E-01  8.1405E-02
  3.8137E-01 -1.1940E-01  2.6199E+00  1.2514E-01  8.2844E-02
  1.3252E-02  9.8310E-02  2.6483E+00  1.2514E-01  8.2844E-02
 -3.5440E-01 -1.5293E-01  2.5608E+00  1.2293E-01  8.7378E-02
  2.9414E-01 -1.1962E-01  2.5702E+00  1.2293E-01  8.7378E-02
  1.9042E+00  2.6454E-02 -1.7550E+00  1.2293E-01  8.7378E-02
  1.0804E+00  7.9421E-02  2.3412E+00  1.2256E-01  8.8168E-02
 -1.8271E+00  1.4883E-01  1.8150E+00  1.2256E-01  8.8168E-02
 -9.1294E-01 -3.6708E-02  2.3376E+00  1.1998E-01  9.3979E-02
 -1.7179E+00  1.1788E-01 -1.8259E+00  1.1998E-01  9.3979E-02
 -1.8093E+00  1.9876E-01  1.6110E+00  1.1702E-01  1.0129E-01
 -3.8395E-01  3.5560E-02  2.3900E+00  1.1665E-01  1.0226E-01
  3.0540E-01  1.9929E-01  2.3437E+00  1.1480E-01  1.0731E-01
  1.4284E+00  1.5610E-01  1.8749E+00  1.1442E-01  1.0836E-01
  8.4536E-01  9.6803E-02  2.1412E+00  1.1219E-01  1.1496E-01
 -9.6222E-01  8.8760E-03  2.0829E+00  1.1182E-01  1.1612E-01
  1.5708E+00 -1.2404E-01 -1.6413E+00  1.1107E-01  1.1847E-01
 -8.7204E-01  1.0145E-01  2.0886E+00  1.1070E-01  1.1968E-01
 -1.6891E-01  5.1266E-02  2.2395E+00  1.0995E-01  1.2214E-01
  1.3878E-01  2.7191E-03  2.1946E+00  1.0808E-01  1.2859E-01
 -1.7213E+00 -7.8152E-02  1.3356E+00  1.0733E-01  1.3131E-01
 -1.1318E+00 -1.6396E-01  1.8560E+00  1.0733E-01  1.3131E-01
 -4.5560E-03  6.4108E-02  2.1509E+00  1.0620E-01  1.3553E-01
  1.0845E+00  3.8234E-02  1.8582E+00  1.0620E-01  1.3553E-01
 -6.0086E-01  1.3564E-02  2.0565E+00  1.0582E-01  1.3698E-01
 -1.2981E+00  1.0894E-01  1.6538E+00  1.0432E-01  1.4299E-01
 -1.7867E+00 -1.0885E-01 -1.0902E+00  1.0394E-01  1.4454E-01
 -1.5927E+00  8.1141E-02 -1.3169E+00  1.0281E-01  1.4936E-01
 -1.1649E+00 -6.6389E-02 -1.6965E+00  1.0244E-01  1.5102E-01
  1.5732E+00 -4.8481E-04 -1.3141E+00  1.0206E-01  1.5269E-01
 -1.1733E+00 -9.0516E-02  1.6671E+00  1.0168E-01  1.5440E-01
  6.2362E-01 -1.5696E-01  1.9367E+00  1.0168E-01  1.5440E-01
 -1.3642E+00 -1.3892E-01 -1.5113E+00  1.0168E-01  1.5440E-01
  1.2488E+00 -8.2477E-02  1.6002E+00  1.0131E-01  1.5613E-01
 -1.4017E+00  1.9453E-01 -1.4575E+00  1.0131E-01  1.5613E-01
 -8.4596E-01  1.8430E-01  1.8378E+00  1.0131E-01  1.5613E-01
  5.6397E-01  7.2970E-02  1.9408E+00  1.0093E-01  1.5789E-01
 -1.1040E+00 -5.9258E-02  1.6934E+00  1.0093E-01  1.5789E-01
  7.2041E-01 -1.0599E-01 -1.8867E+00  1.0093E-01  1.5789E-01
 -1.4984E+00  1.6843E-01 -1.3340E+00  1.0055E-01  1.5967E-01
  1.6036E+00 -9.9018E-02  1.2133E+00  1.0055E-01  1.5967E-01
  1.4227E+00  1.0987E-01 -1.4202E+00  1.0055E-01  1.5967E-01
  1.0070E+00  4.3338E-02 -1.7428E+00  1.0055E-01  1.5967E-01
  1.5810E+00  1.3204E-01 -1.2247E+00  1.0017E-01  1.6148E-01
 -7.5221E-01 -3.3035E-02  1.8378E+00  9.9419E-02  1.6519E-01
 -7.3586E-01 -1.4149E-01 -1.8198E+00  9.8663E-02  1.6902E-01
  1.8541E+00 -8.8173E-03  6.5986E-01  9.8663E-02  1.6902E-01
  1.7598E+00  4.2399E-02  8.5975E-01  9.8285E-02  1.7098E-01
  1.8182E+00 -1.3272E-01  6.9251E-01  9.7907E-02  1.7297E-01
  9.0656E-01  6.6218E-02 -1.7152E+00  9.7529E-02  1.7499E-01
  1.5150E+00 -2.8188E-02 -1.2134E+00  9.7529E-02  1.7499E-01
 -1.1556E+00 -1.0223E-01  1.5452E+00  9.7150E-02  1.7704E-01
 -1.9035E+00  1.3547E-01  3.0334E-01  9.7150E-02  1.7704E-01
 -1.1008E+00  1.1708E-01  1.5837E+00  9.7150E-02  1.7704E-01
  1.0498E+00 -3.0207E-03 -1.6116E+00  9.6772E-02  1.7912E-01
  5.2542E-01 -1.6886E-01  1.8332E+00  9.6393E-02  1.8124E-01
 -1.7176E+00 -1.3688E-02  8.4563E-01  9.6393E-02  1.8124E-01
 -1.3012E+00  1.0920E-01 -1.4001E+00  9.6393E-02  1.8124E-01
  1.8196E+00  4.1247E-02  5.6470E-01  9.6015E-02  1.8340E-01
  1.0144E+00  4.0110E-02  1.6128E+00  9.6015E-02  1.8340E-01
  1.3195E+00  1.6892E-03 -1.3627E+00  9.5636E-02  1.8558E-01
  1.1114E+00  9.7093E-02  1.5341E+00  9.5636E-02  1.8558E-01
 -1.4600E+00  2.8756E-02 -1.2107E+00  9.5636E-02  1.8558E-01
  3.0357E-01  2.9386E-02  1.8632E+00  9.5257E-02  1.8781E-01
  1.8727E+00 -9.7559E-02 -1.2364E-01  9.4878E-02  1.9007E-01
 -1.6630E+00  6.9217E-02  8.5352E-01  9.4499E-02  1.9236E-01
  4.5230E-02  4.1327E-02  1.8608E+00  9.4120E-02  1.9470E-01
  1.4773E+00  2.4244E-02 -1.1184E+00  9.3741E-02  1.9707E-01
  1.8520E+00  5.7223E-02  2.3220E-02  9.3741E-02  1.9707E-01
  8.2213E-01 -9.9531E-03 -1.6607E+00  9.3741E-02  1.9707E-01
 -1.2450E+00 -5.1699E-03 -1.3608E+00  9.3361E-02  1.9948E-01
 -1.3279E+00  1.0900E-01 -1.2753E+00  9.3361E-02  1.9948E-01
  1.6212E+00 -9.7584E-02 -8.3688E-01  9.2603E-02  2.0443E-01
  1.6266E+00  1.6702E-01 -8.1522E-01  9.2603E-02  2.0443E-01
 -5.2646E-01 -1.8181E-01  1.7311E+00  9.2223E-02  2.0696E-01
 -1.4706E+00 -7.2722E-02  1.0671E+00  9.2223E-02  2.0696E-01
  3.7471E-01  9.2194E-02 -1.7683E+00  9.1844E-02  2.0954E-01
  1.6744E+00 -1.4141E-01  6.7245E-01  9.1844E-02  2.0954E-01
 -1.6460E+00 -1.6729E-01 -6.6813E-01  9.0704E-02  2.1753E-01
  9.5542E-01  7.0015E-02 -1.5053E+00  9.0704E-02  2.1753E-01
  1.5734E+00  9.2528E-02  8.1805E-01  9.0325E-02  2.2029E-01
 -8.0491E-01 -5.1465E-02 -1.5821E+00  9.0325E-02  2.2029E-01
 -1.6076E-01  2.3296E-02 -1.7599E+00  8.9945E-02  2.2309E-01
  1.3381E+00  1.6115E-01 -1.1433E+00  8.9945E-02  2.2309E-01
  1.7653E+00  7.8348E-02  3.2488E-02  8.9945E-02  2.2309E-01
  1.6287E+00  1.5030E-02  6.6390E-01  8.9565E-02  2.2594E-01
 -1.4960E+00 -9.1380E-02  9.2052E-01  8.9565E-02  2.2594E-01
 -1.6490E+00 -4.8313E-02 -5.8544E-01  8.9185E-02  2.2884E-01
 -1.5585E+00  1.5159E-01 -7.8258E-01  8.9185E-02  2.2884E-01
  1.7121E+00 -8.9477E-02 -3.5333E-01  8.9185E-02  2.2884E-01
  1.7301E+00  1.2771E-01 -1.5900E-01  8.8805E-02  2.3179E-01
  1.5637E+00 -1.0236E-01 -7.0206E-01  8.7664E-02  2.4095E-01
  1.2567E+00 -1.7312E-01 -1.1449E+00  8.7284E-02  2.4412E-01
  6.9261E-01 -4.4225E-02 -1.5616E+00  8.7284E-02  2.4412E-01
  1.6013E+00 -6.8528E-02  5.9270E-01  8.7284E-02  2.4412E-01
 -7.5368E-01  8.4284E-02 -1.5222E+00  8.6904E-02  2.4734E-01
  1.4237E+00 -1.3925E-01 -9.1965E-01  8.6904E-02  2.4734E-01
  1.0955E+00  9.0881E-02 -1.2760E+00  8.6143E-02  2.5395E-01
 -7.5288E-01  1.3834E-01 -1.5002E+00  8.6143E-02  2.5395E-01
  1.5045E+00  8.2128E-02 -7.5250E-01  8.6143E-02  2.5395E-01
  1.3962E+00  1.6486E-01 -9.1249E-01  8.5763E-02  2.5734E-01
 -8.6783E-03 -7.3873E-02 -1.6744E+00  8.5763E-02  2.5734E-01
 -1.4201E+00 -1.0177E-01 -8.8441E-01  8.5763E-02  2.5734E-01
 -5.4971E-01  5.2634E-02 -1.5739E+00  8.5382E-02  2.6079E-01
  1.6470E+00 -1.2918E-01  2.2991E-01  8.5382E-02  2.6079E-01
 -1.4968E+00  2.7425E-02 -7.1690E-01  8.5002E-02  2.6431E-01
  3.2536E-01  1.1763E-01  1.6234E+00  8.5002E-02  2.6431E-01
 -1.6301E+00 -4.0859E-02  3.1002E-01  8.5002E-02  2.6431E-01
  2.6055E-01  3.7567E-02  1.6307E+00  8.4622E-02  2.6789E-01
 -1.6409E+00 -1.8576E-01 -3.8548E-02  8.4622E-02  2.6789E-01
  6.1057E-01  1.7215E-01  1.5251E+00  8.4622E-02  2.6789E-01
  1.6406E+00  1.3056E-01  1.4129E-01  8.4622E-02  2.6789E-01
 -1.5357E+00  5.2479E-02  5.8381E-01  8.4241E-02  2.7154E-01
  1.2952E+00  7.6841E-02  1.0092E+00  8.4241E-02  2.7154E-01
  1.4524E+00 -1.8217E-01  7.3004E-01  8.3861E-02  2.7525E-01
 -9.2801E-01 -5.1030E-02  1.3461E+00  8.3861E-02  2.7525E-01
 -8.9959E-01 -1.3092E-01  1.3599E+00  8.3861E-02  2.7525E-01
 -2.9379E-01  1.0179E-01  1.6059E+00  8.3861E-02  2.7525E-01
  7.5535E-01 -4.8400E-02 -1.4411E+00  8.3480E-02  2.7903E-01
 -1.4399E+00 -1.8080E-01 -7.1967E-01  8.3100E-02  2.8288E-01
  3.2751E-01  4.5723E-02  1.5857E+00  8.3100E-02  2.8288E-01
  4.4014E-02 -6.7229E-02 -1.6178E+00  8.3100E-02  2.8288E-01
 -9.2287E-01 -2.9901E-02 -1.3309E+00  8.3100E-02  2.8288E-01
 -9.1073E-01 -9.1604E-02  1.3364E+00  8.3100E-02  2.8288E-01
  8.2754E-01  1.2343E-01 -1.3778E+00  8.2719E-02  2.8681E-01
 -4.2616E-01  1.5025E-01 -1.5473E+00  8.2719E-02  2.8681E-01
  1.2547E+00  1.4173E-01 -9.8921E-01  8.2338E-02  2.9080E-01
  1.3382E+00  1.0538E-03 -8.8438E-01  8.2338E-02  2.9080E-01
 -9.0875E-01  8.5581E-02 -1.3190E+00  8.2338E-02  2.9080E-01
 -1.5856E+00 -1.7082E-01  1.7197E-01  8.2338E-02  2.9080E-01
  9.4826E-01 -6.6222E-02 -1.2823E+00  8.1958E-02  2.9487E-01
  1.2347E-01 -3.4299E-02  1.5910E+00  8.1958E-02  2.9487E-01
  7.9488E-01 -4.0970E-02 -1.3746E+00  8.1577E-02  2.9902E-01
  5.6263E-01 -7.0880E-02  1.4837E+00  8.1577E-02  2.9902E-01
 -1.1163E+00  1.5217E-01 -1.1197E+00  8.1577E-02  2.9902E-01
  1.0180E+00 -1.5882E-01 -1.2089E+00  8.1577E-02  2.9902E-01
  1.5223E+00  6.2113E-02 -4.2088E-01  8.1197E-02  3.0324E-01
  3.7679E-01 -6.0202E-02 -1.5338E+00  8.1197E-02  3.0324E-01
  1.2650E+00  2.0449E-02 -9.3448E-01  8.0816E-02  3.0755E-01
  1.2153E-01  8.7879E-02  1.5579E+00  8.0435E-02  3.1193E-01
  8.4031E-01 -1.2043E-03  1.3113E+00  8.0055E-02  3.1640E-01
 -1.2751E+00  2.4044E-02 -8.8050E-01  7.9674E-02  3.2096E-01
 -1.5442E+00  1.4508E-02  1.3045E-01  7.9674E-02  3.2096E-01
  6.9019E-01 -1.4979E-01  1.3709E+00  7.9293E-02  3.2561E-01
  1.4113E+00 -3.4409E-02  6.2070E-01  7.9293E-02  3.2561E-01
 -1.4783E+00  5.1238E-02  4.0846E-01  7.8913E-02  3.3034E-01
 -1.1799E+00  1.2060E-01  9.7378E-01  7.8913E-02  3.3034E-01
  1.5259E+00  1.7108E-02  1.6175E-01  7.8913E-02  3.3034E-01
  1.2744E+00  1.2196E-01 -8.4612E-01  7.8913E-02  3.3034E-01
  6.3630E-01  1.5407E-01 -1.3796E+00  7.8532E-02  3.3517E-01
  2.6609E-01 -2.7322E-03 -1.5037E+00  7.8532E-02  3.3517E-01
 -1.5164E+00 -9.0741E-02  3.6244E-02  7.8152E-02  3.4009E-01
  1.3794E+00  2.4657E-02 -6.3687E-01  7.8152E-02  3.4009E-01
  1.3382E+00 -1.6219E-01 -6.6828E-01  7.7390E-02  3.5022E-01
  1.4987E+00 -1.2542E-01  4.4890E-02  7.7390E-02  3.5022E-01
 -1.0352E+00 -1.4232E-01 -1.0825E+00  7.7390E-02  3.5022E-01
  9.6364E-01 -9.8026E-02 -1.1417E+00  7.7010E-02  3.5544E-01
 -1.4785E+00  1.4793E-01  1.8357E-01  7.7010E-02  3.5544E-01
  5.9397E-01 -1.4551E-01 -1.3585E+00  7.6629E-02  3.6076E-01
  1.4409E+00 -3.8809E-02 -3.7683E-01  7.6629E-02  3.6076E-01
 -1.1360E+00 -1.7771E-01  9.4733E-01  7.6629E-02  3.6076E-01
  1.3820E+00  4.2497E-02  5.3473E-01  7.6248E-02  3.6619E-01
 -1.2488E+00  1.2123E-01 -7.8967E-01  7.6248E-02  3.6619E-01
  9.0225E-01  1.4617E-01 -1.1672E+00  7.6248E-02  3.6619E-01
 -7.9672E-01 -1.3260E-01 -1.2345E+00  7.5868E-02  3.7173E-01
 -1.0977E+00 -1.7689E-01 -9.6951E-01  7.5868E-02  3.7173E-01
  1.4001E+00  1.3232E-01 -4.4559E-01  7.5868E-02  3.7173E-01
 -1.4535E+00  6.8939E-02 -2.4270E-01  7.5868E-02  3.7173E-01
  2.5478E-01  8.5664E-02 -1.4505E+00  7.5868E-02  3.7173E-01
  1.1232E+00 -1.6439E-01  9.4217E-01  7.5868E-02  3.7173E-01
 -5.4442E-01 -1.4343E-01 -1.3557E+00  7.5487E-02  3.7739E-01
  9.6048E-01 -1.2167E-01  1.1034E+00  7.5487E-02  3.7739E-01
  3.6242E-01 -1.6008E-01  1.4060E+00  7.5106E-02  3.8315E-01
  1.2234E+00 -1.2683E-01 -7.8806E-01  7.5106E-02  3.8315E-01
  2.3866E-01  1.6152E-01 -1.4320E+00  7.5106E-02  3.8315E-01
 -2.6966E-01 -1.7425E-01 -1.4176E+00  7.4726E-02  3.8904E-01
  1.0954E+00 -1.6948E-01 -9.4030E-01  7.4726E-02  3.8904E-01
 -1.0104E+00  3.3777E-02  1.0444E+00  7.4726E-02  3.8904E-01
 -3.6265E-01  1.5186E-01 -1.3919E+00  7.4345E-02  3.9504E-01
  8.3958E-01 -5.1650E-02  1.1767E+00  7.4345E-02  3.9504E-01
 -9.0641E-01 -1.4105E-01 -1.1183E+00  7.4345E-02  3.9504E-01
 -1.1773E+00  3.3667E-02 -8.3964E-01  7.4345E-02  3.9504E-01
 -7.1815E-01  1.1121E-01  1.2506E+00  7.4345E-02  3.9504E-01
 -2.8732E-01  2.4869E-03 -1.4103E+00  7.3965E-02  4.0117E-01
  1.3893E+00 -1.6497E-01 -3.3786E-01  7.3965E-02  4.0117E-01
 -1.3886E+00  1.8416E-01  2.9861E-01  7.3584E-02  4.0743E-01
 -1.3299E+00 -9.3966E-02 -5.2341E-01  7.3584E-02  4.0743E-01
 -2.4614E-02  3.2846E-02  1.4246E+00  7.3203E-02  4.1382E-01
 -1.0078E+00  5.2054E-02 -1.0064E+00  7.3203E-02  4.1382E-01
 -7.2174E-01  3.0819E-02 -1.2205E+00  7.2822E-02  4.2035E-01
  1.1362E+00 -7.3886E-02  8.4559E-01  7.2822E-02  4.2035E-01
 -1.1265E+00  1.0152E-01 -8.5568E-01  7.2822E-02  4.2035E-01
  1.2889E+00  1.5093E-01 -5.5470E-01  7.2442E-02  4.2701E-01
 -1.2982E+00 -5.0806E-02  5.5124E-01  7.2442E-02  4.2701E-01
 -1.1231E+00  3.9087E-02 -8.5379E-01  7.2442E-02  4.2701E-01
  2.8745E-01  1.0999E-01 -1.3703E+00  7.2061E-02  4.3381E-01
  5.8483E-02  3.4573E-02 -1.4028E+00  7.2061E-02  4.3381E-01
 -6.5056E-01 -6.7966E-02 -1.2350E+00  7.1680E-02  4.4076E-01
  9.0698E-01 -1.1693E-01  1.0568E+00  7.1680E-02  4.4076E-01
  9.4062E-01  1.3718E-01 -1.0245E+00  7.1680E-02  4.4076E-01
  1.3705E+00 -7.3893E-02 -2.6330E-01  7.1680E-02  4.4076E-01
 -1.3496E+00  9.9296E-02  3.2062E-01  7.1300E-02  4.4786E-01
  1.2443E+00 -1.7664E-01  5.9560E-01  7.1300E-02  4.4786E-01
  2.7546E-01  1.5757E-01  1.3540E+00  7.1300E-02  4.4786E-01
 -1.3556E+00 -3.9538E-02 -3.0824E-01  7.1300E-02  4.4786E-01
  1.2000E+00 -1.5524E-01  6.7179E-01  7.0919E-02  4.5511E-01
 -5.2183E-01 -9.0787E-02 -1.2786E+00  7.0919E-02  4.5511E-01
  1.2036E+00  7.5544E-02 -6.7889E-01  7.0919E-02  4.5511E-01
  4.3364E-01 -7.1985E-02  1.3123E+00  7.0919E-02  4.5511E-01
 -1.7862E-01  5.3246E-02 -1.3714E+00  7.0919E-02  4.5511E-01
 -6.9821E-01 -8.1160E-02  1.1843E+00  7.0538E-02  4.6253E-01
 -1.2008E+00  1.3017E-01 -6.6177E-01  7.0538E-02  4.6253E-01
  1.3098E+00  1.7737E-01 -3.8687E-01  7.0538E-02  4.6253E-01
  1.0656E+00 -7.5497E-02 -8.6918E-01  7.0538E-02  4.6253E-01
 -1.2660E+00  5.4626E-02 -5.2217E-01  7.0157E-02  4.7010E-01
  6.7500E-01  1.3767E-01  1.1848E+00  7.0157E-02  4.7010E-01
  1.3509E+00  1.4357E-02  1.8710E-01  6.9776E-02  4.7784E-01
 -1.2636E+00  1.4602E-02  5.1311E-01  6.9776E-02  4.7784E-01
 -4.8830E-01 -1.1301E-01  1.2685E+00  6.9776E-02  4.7784E-01
  1.3298E+00 -1.6525E-02  3.0269E-01  6.9776E-02  4.7784E-01
  7.4970E-01  1.4139E-01 -1.1226E+00  6.9395E-02  4.8575E-01
  1.2901E+00 -1.5979E-01 -3.9026E-01  6.9395E-02  4.8575E-01
  2.9975E-01  9.3503E-02 -1.3205E+00  6.9395E-02  4.8575E-01
 -3.5469E-01 -1.1347E-01  1.3052E+00  6.9395E-02  4.8575E-01
 -9.4512E-01  2.5101E-03 -9.7417E-01  6.9395E-02  4.8575E-01
 -1.3497E+00  1.4180E-01 -2.4618E-02  6.9395E-02  4.8575E-01
  1.3501E+00  4.0988E-02 -8.4974E-04  6.9014E-02  4.9384E-01
  3.2827E-01  7.4035E-02 -1.3082E+00  6.9014E-02  4.9384E-01
 -6.4889E-01  1.5251E-01  1.1748E+00  6.9014E-02  4.9384E-01
 -3.6772E-01 -8.3881E-02  1.2970E+00  6.9014E-02  4.9384E-01
 -1.1179E+00  1.5923E-01  7.4130E-01  6.9014E-02  4.9384E-01
  1.6368E-01 -6.9054E-02  1.3390E+00  6.9014E-02  4.9384E-01
 -1.2445E+00 -2.8692E-02 -4.8987E-01  6.8252E-02  5.1057E-01
 -9.4314E-01 -9.2257E-02  9.4426E-01  6.8252E-02  5.1057E-01
  1.2351E+00  9.8006E-02 -5.0466E-01  6.8252E-02  5.1057E-01
 -9.3109E-01 -5.0838E-02  9.5924E-01  6.8252E-02  5.1057E-01
 -7.9470E-01  8.7105E-02 -1.0646E+00  6.7871E-02  5.1923E-01
  1.2474E+00  5.2511E-04  4.6533E-01  6.7871E-02  5.1923E-01
 -1.2119E+00 -1.1730E-01  5.2259E-01  6.7489E-02  5.2808E-01
  1.1882E+00  1.3634E-01 -5.7026E-01  6.7489E-02  5.2808E-01
  2.0698E-01 -1.5424E-01 -1.2932E+00  6.7108E-02  5.3713E-01
  1.2393E-02 -1.1407E-01 -1.3074E+00  6.6726E-02  5.4640E-01
  1.9908E-01 -1.4335E-01  1.2893E+00  6.6726E-02  5.4640E-01
 -5.7119E-01 -8.9580E-02  1.1782E+00  6.6726E-02  5.4640E-01
 -2.1131E-01  8.9777E-02  1.2921E+00  6.6726E-02  5.4640E-01
 -1.2946E+00 -1.0697E-01 -4.9371E-02  6.5963E-02  5.6559E-01
  1.4923E-01 -3.2476E-02  1.2910E+00  6.5963E-02  5.6559E-01
  1.1329E+00  4.6286E-02 -6.3586E-01  6.5963E-02  5.6559E-01
 -1.1316E+00 -1.5234E-01 -6.0855E-01  6.5581E-02  5.7553E-01
 -1.2612E+00 -1.3894E-01  2.1995E-01  6.5199E-02  5.8571E-01
 -6.3617E-01 -1.5985E-01  1.1082E+00  6.5199E-02  5.8571E-01
 -3.1295E-01  1.8144E-01 -1.2296E+00  6.4817E-02  5.9614E-01
 -1.5919E-01 -2.5193E-02  1.2655E+00  6.4434E-02  6.0681E-01
  4.1252E-01  1.0620E-01 -1.2025E+00  6.4434E-02  6.0681E-01
 -1.2280E+00 -6.5779E-02 -3.3932E-01  6.4434E-02  6.0681E-01
  1.0348E+00  1.8491E-01 -7.0184E-01  6.3669E-02  6.2897E-01
  5.7353E-01  5.3492E-02 -1.1250E+00  6.3669E-02  6.2897E-01
 -1.2485E+00  1.7112E-01  9.7099E-02  6.3669E-02  6.2897E-01
 -5.4088E-01  1.0711E-01 -1.1308E+00  6.3285E-02  6.4046E-01
 -1.0569E+00  1.5494E-01  6.6462E-01  6.3285E-02  6.4046E-01
 -2.2662E-02 -4.8442E-03 -1.2579E+00  6.3285E-02  6.4046E-01
 -9.2495E-01  1.7477E-01  8.3470E-01  6.3285E-02  6.4046E-01
  6.2223E-01 -8.1630E-02  1.0837E+00  6.2902E-02  6.5224E-01
  9.4536E-01  1.0578E-01 -8.1449E-01  6.2902E-02  6.5224E-01
 -3.7862E-01  7.0116E-03  1.1937E+00  6.2902E-02  6.5224E-01
 -1.2440E+00  9.8469E-02 -1.0520E-01  6.2902E-02  6.5224E-01
 -1.2203E+00 -3.5366E-02 -2.7899E-01  6.2902E-02  6.5224E-01
 -1.1095E+00  2.4629E-02  5.6777E-01  6.2518E-02  6.6433E-01
 -1.1541E+00  9.3270E-02 -4.6198E-01  6.2518E-02  6.6433E-01
 -5.4312E-01  1.1302E-01  1.1163E+00  6.2518E-02  6.6433E-01
 -6.0625E-01 -1.6134E-01  1.0772E+00  6.2518E-02  6.6433E-01
  9.7695E-01 -1.8287E-01  7.5239E-01  6.2518E-02  6.6433E-01
 -1.2410E+00 -1.1105E-01  3.8812E-02  6.2518E-02  6.6433E-01
  8.8484E-01 -6.3343E-02 -8.6770E-01  6.2134E-02  6.7672E-01
 -4.2706E-01  8.6510E-02 -1.1619E+00  6.2134E-02  6.7672E-01
 -1.1006E+00  1.0353E-01 -5.5134E-01  6.1750E-02  6.8943E-01
  5.7557E-01 -5.2192E-03 -1.0930E+00  6.1750E-02  6.8943E-01
  1.0806E+00 -2.6553E-02  5.9800E-01  6.1750E-02  6.8943E-01
  6.8251E-01  1.2325E-01 -1.0155E+00  6.1365E-02  7.0248E-01
 -5.4043E-01  1.4700E-02  1.1045E+00  6.1365E-02  7.0248E-01
 -7.6961E-01  8.2284E-02  9.5559E-01  6.1365E-02  7.0248E-01
 -6.2354E-01  1.7018E-01  1.0397E+00  6.0980E-02  7.1587E-01
 -1.0380E-01  2.1446E-02 -1.2141E+00  6.0595E-02  7.2962E-01
  2.9266E-01  1.3773E-01  1.1750E+00  6.0595E-02  7.2962E-01
  1.3151E-01 -4.0572E-02 -1.2110E+00  6.0595E-02  7.2962E-01
  7.3312E-01 -1.0516E-01 -9.6791E-01  6.0595E-02  7.2962E-01
  1.2092E+00 -4.4217E-03  9.9679E-02  6.0209E-02  7.4374E-01
  5.4990E-02 -1.8505E-01 -1.1979E+00  6.0209E-02  7.4374E-01
  4.0099E-01  1.4340E-01  1.1304E+00  5.9822E-02  7.5825E-01
  8.3685E-01  6.3546E-02  8.6886E-01  5.9822E-02  7.5825E-01
 -5.4723E-01  1.0831E-01 -1.0715E+00  5.9822E-02  7.5825E-01
  1.0716E+00  6.9562E-02 -5.5329E-01  5.9822E-02  7.5825E-01
 -2.0728E-01 -2.4298E-03 -1.1901E+00  5.9822E-02  7.5825E-01
  1.1894E+00 -2.6701E-02 -1.7666E-01  5.9436E-02  7.7315E-01
  1.1888E+00 -1.6699E-01 -7.4075E-02  5.9436E-02  7.7315E-01
 -9.9115E-01  6.6116E-02  6.7807E-01  5.9436E-02  7.7315E-01
  1.1189E+00  7.5113E-02 -4.3471E-01  5.9436E-02  7.7315E-01
 -3.3717E-01 -1.1467E-01  1.1433E+00  5.9048E-02  7.8847E-01
  1.1843E+00 -7.3319E-02  3.7200E-02  5.8271E-02  8.2042E-01
 -6.7934E-01 -1.6412E-01 -9.5967E-01  5.8271E-02  8.2042E-01
 -1.0179E+00  8.7748E-02 -6.0466E-01  5.8271E-02  8.2042E-01
 -4.5111E-01 -8.3112E-02 -1.0950E+00  5.8271E-02  8.2042E-01
 -1.3829E-01 -1.6012E-01 -1.1682E+00  5.8271E-02  8.2042E-01
  3.9079E-02 -1.1851E-01 -1.1755E+00  5.7882E-02  8.3709E-01
 -1.0183E+00 -1.2550E-01 -5.8720E-01  5.7882E-02  8.3709E-01
  9.7382E-01 -1.6458E-02 -6.6995E-01  5.7882E-02  8.3709E-01
 -1.1744E+00 -1.1682E-01 -6.7284E-02  5.7882E-02  8.3709E-01
 -4.3178E-01 -1.1202E-01  1.0893E+00  5.7492E-02  8.5424E-01
  1.0221E+00 -4.1076E-02 -5.8242E-01  5.7492E-02  8.5424E-01
 -2.9360E-01  4.8576E-02 -1.1389E+00  5.7492E-02  8.5424E-01
  9.7142E-01 -1.3919E-01 -6.5006E-01  5.7492E-02  8.5424E-01
  1.1690E+00  1.3590E-01  2.5608E-02  5.7492E-02  8.5424E-01
 -9.8805E-01 -8.5481E-02 -6.2486E-01  5.7101E-02  8.7190E-01
  1.1638E+00  6.1898E-02 -1.2587E-01  5.7101E-02  8.7190E-01
  4.0782E-01  1.1119E-01 -1.0881E+00  5.6710E-02  8.9009E-01
  1.0033E+00  1.2551E-01  5.8329E-01  5.6710E-02  8.9009E-01
  6.1472E-01  2.8345E-02 -9.9191E-01  5.6710E-02  8.9009E-01
 -9.8095E-01  1.1245E-01  6.1354E-01  5.6317E-02  9.0882E-01
 -1.0623E+00  1.1073E-01 -4.5903E-01  5.6317E-02  9.0882E-01
  1.0326E+00  1.2662E-01 -5.1874E-01  5.6317E-02  9.0882E-01
 -2.0424E-01  9.7896E-02  1.1353E+00  5.5924E-02  9.2814E-01
 -1.1408E+00  1.6957E-01 -1.0011E-01  5.5924E-02  9.2814E-01
 -9.4893E-01 -1.8151E-01  6.3788E-01  5.5924E-02  9.2814E-01
 -3.6302E-01 -8.7079E-03 -1.0993E+00  5.5924E-02  9.2814E-01
 -8.5073E-01 -3.9783E-02  7.8420E-01  5.5924E-02  9.2814E-01
 -1.0828E+00 -4.2319E-02 -4.0760E-01  5.5924E-02  9.2814E-01
  9.9892E-01 -1.6438E-01  5.6165E-01  5.5924E-02  9.2814E-01
 -8.4257E-01  1.0357E-01  7.8025E-01  5.5530E-02  9.4805E-01
 -6.2548E-01 -1.8129E-01 -9.5150E-01  5.5530E-02  9.4805E-01
 -4.1431E-01 -1.2891E-01  1.0683E+00  5.5530E-02  9.4805E-01
  1.1461E+00 -6.9851E-02 -2.1265E-02  5.5134E-02  9.6859E-01
 -3.4196E-01 -1.0801E-02  1.0962E+00  5.5134E-02  9.6859E-01
 -4.7891E-01  1.1803E-02  1.0437E+00  5.5134E-02  9.6859E-01
 -8.8686E-02  1.6378E-01  1.1285E+00  5.4738E-02  9.8980E-01
  6.3775E-01 -3.4769E-02  9.4342E-01  5.4340E-02  1.0117E+00
  1.0276E+00 -1.3889E-01  4.7188E-01  5.4340E-02  1.0117E+00
  5.9944E-01 -8.0246E-02 -9.6551E-01  5.4340E-02  1.0117E+00
 -1.0481E+00 -1.8563E-01  4.0617E-01  5.4340E-02  1.0117E+00
 -1.4182E-01 -1.1521E-01  1.1200E+00  5.3941E-02  1.0343E+00
 -1.0492E+00  1.1655E-02 -4.3225E-01  5.3941E-02  1.0343E+00
  1.1078E+00  8.4896E-02 -2.3095E-01  5.3941E-02  1.0343E+00
 -1.1171E+00  1.2944E-01 -1.5246E-01  5.3941E-02  1.0343E+00
  2.7129E-01  2.9013E-02 -1.1016E+00  5.3941E-02  1.0343E+00
 -2.8228E-02 -8.3906E-02 -1.1270E+00  5.3541E-02  1.0577E+00
  7.0028E-01 -8.8847E-02 -8.8297E-01  5.3541E-02  1.0577E+00
  1.0113E+00  1.3694E-01 -4.8629E-01  5.3541E-02  1.0577E+00
  4.7284E-01 -1.0588E-02  1.0268E+00  5.3541E-02  1.0577E+00
 -1.0060E+00  1.0176E-01 -4.9583E-01  5.3139E-02  1.0818E+00
 -1.0298E+00 -6.4496E-02 -4.5112E-01  5.3139E-02  1.0818E+00
  4.2567E-01  7.7793E-02 -1.0397E+00  5.3139E-02  1.0818E+00
  3.3743E-01 -7.5888E-02 -1.0672E+00  5.2736E-02  1.1068E+00
  1.0230E+00 -3.3397E-02  4.5934E-01  5.2736E-02  1.1068E+00
 -1.0996E+00 -1.3055E-01  1.8014E-01  5.2736E-02  1.1068E+00
 -6.4398E-01 -6.0210E-02  9.1152E-01  5.2331E-02  1.1327E+00
  3.2256E-01 -1.3883E-01  1.0611E+00  5.2331E-02  1.1327E+00
  6.0241E-01  1.1923E-01  9.3386E-01  5.2331E-02  1.1327E+00
 -4.8942E-01 -6.9101E-02  1.0024E+00  5.2331E-02  1.1327E+00
  9.4260E-01  1.0116E-01 -5.8419E-01  5.1925E-02  1.1595E+00
  7.5927E-01  1.1458E-01 -8.0647E-01  5.1925E-02  1.1595E+00
 -4.1071E-01 -1.5922E-01  1.0227E+00  5.1925E-02  1.1595E+00
 -8.6740E-01 -1.0130E-01 -6.8434E-01  5.1516E-02  1.1873E+00
  8.4774E-01 -1.1282E-01 -7.0681E-01  5.1516E-02  1.1873E+00
  3.7509E-01 -3.5070E-02  1.0436E+00  5.1516E-02  1.1873E+00
  1.0145E+00 -7.4777E-02 -4.4298E-01  5.1516E-02  1.1873E+00
  4.5891E-01 -1.2952E-01  9.9737E-01  5.1106E-02  1.2161E+00
 -1.3727E-01 -3.9826E-02 -1.0923E+00  5.0694E-02  1.2461E+00
  1.0825E+00 -1.7625E-01 -4.6863E-02  5.0279E-02  1.2771E+00
  2.1234E-01 -1.3031E-01  1.0691E+00  5.0279E-02  1.2771E+00
  9.5209E-01  1.5811E-01  5.2297E-01  5.0279E-02  1.2771E+00
  3.2180E-01 -1.9472E-02 -1.0453E+00  4.9863E-02  1.3094E+00
 -8.4429E-01 -1.0299E-01 -6.8793E-01  4.9863E-02  1.3094E+00
  6.2500E-01  1.7312E-01  8.8096E-01  4.9863E-02  1.3094E+00
  1.0860E+00  1.3088E-01 -1.0683E-02  4.9863E-02  1.3094E+00
  7.4780E-01  1.6888E-01  7.7513E-01  4.9444E-02  1.3430E+00
  7.6132E-01 -1.6782E-01 -7.6209E-01  4.9444E-02  1.3430E+00
  5.7204E-01 -9.4956E-02 -9.1888E-01  4.9022E-02  1.3780E+00
 -9.9786E-01  2.2446E-02 -4.2938E-01  4.9022E-02  1.3780E+00
  1.7727E-01  5.7646E-02 -1.0668E+00  4.8597E-02  1.4144E+00
 -1.0742E+00  1.3172E-01  3.8360E-02  4.8597E-02  1.4144E+00
 -1.0433E+00 -1.0254E-01 -2.7154E-01  4.8597E-02  1.4144E+00
  4.7575E-01 -7.2786E-02 -9.6622E-01  4.8170E-02  1.4524E+00
 -1.1587E-01  1.7956E-02  1.0731E+00  4.8170E-02  1.4524E+00
 -8.9320E-01  4.1718E-02 -5.9854E-01  4.7739E-02  1.4920E+00
  1.9659E-01  1.2525E-01 -1.0505E+00  4.7739E-02  1.4920E+00
  1.0584E+00  1.4389E-01  9.8456E-02  4.7306E-02  1.5334E+00
 -9.9011E-01  1.0073E-01 -4.0012E-01  4.7306E-02  1.5334E+00
 -5.9565E-01  1.4034E-01  8.8095E-01  4.7306E-02  1.5334E+00
  1.0448E+00  9.0521E-02  2.2525E-01  4.7306E-02  1.5334E+00
  1.4133E-01  1.0985E-01 -1.0543E+00  4.6868E-02  1.5768E+00
 -6.0860E-01 -1.6675E-01  8.6330E-01  4.6868E-02  1.5768E+00
  8.9853E-01  9.6539E-02 -5.7169E-01  4.6868E-02  1.5768E+00
  6.2830E-01  2.9391E-02 -8.6480E-01  4.6868E-02  1.5768E+00
 -1.0561E+00  5.5861E-03 -1.6798E-01  4.6868E-02  1.5768E+00
 -5.6417E-01 -4.9859E-02  9.0323E-01  4.6427E-02  1.6222E+00
 -5.8852E-01  1.2506E-01 -8.8012E-01  4.6427E-02  1.6222E+00
  7.1632E-01  9.4961E-02 -7.8388E-01  4.6427E-02  1.6222E+00
 -5.1588E-01  1.7834E-01  9.1579E-01  4.6427E-02  1.6222E+00
  1.0452E+00  1.4618E-01 -1.2651E-01  4.5982E-02  1.6697E+00
  7.3544E-01 -1.3890E-01 -7.5479E-01  4.5982E-02  1.6697E+00
 -3.4768E-01 -1.4180E-01 -9.9113E-01  4.5533E-02  1.7196E+00
  1.0167E+00 -1.7494E-01  2.4298E-01  4.5533E-02  1.7196E+00
  1.0096E+00  9.4196E-03  3.1246E-01  4.5079E-02  1.7721E+00
  5.4297E-01 -3.3303E-02  9.0611E-01  4.5079E-02  1.7721E+00
  1.0304E+00  1.5824E-01  1.5507E-01  4.4620E-02  1.8273E+00
 -6.6244E-01  1.0155E-02 -8.1966E-01  4.4620E-02  1.8273E+00
 -1.0217E+00 -1.1409E-02  2.5836E-01  4.4620E-02  1.8273E+00
 -3.4698E-01  1.8178E-01 -9.7843E-01  4.4620E-02  1.8273E+00
 -1.0465E+00  1.2466E-01  1.1842E-02  4.4620E-02  1.8273E+00
  8.1017E-01  9.2448E-02 -6.6319E-01  4.4156E-02  1.8855E+00
 -1.0349E+00  7.6648E-02 -1.4857E-01  4.3687E-02  1.9469E+00
 -9.3012E-01 -7.4442E-02 -4.7772E-01  4.3687E-02  1.9469E+00
  2.1846E-02  3.9590E-02 -1.0446E+00  4.3212E-02  2.0119E+00
 -2.2513E-01 -9.4213E-02  1.0167E+00  4.3212E-02  2.0119E+00
 -7.6801E-01  4.9200E-02 -7.0777E-01  4.3212E-02  2.0119E+00
  5.8150E-01 -3.4048E-03 -8.6576E-01  4.2730E-02  2.0806E+00
 -7.5686E-01 -2.8240E-02  7.1698E-01  4.2730E-02  2.0806E+00
  9.0337E-01  9.8984E-02  5.1168E-01  4.2730E-02  2.0806E+00
  2.0854E-01 -7.9646E-02 -1.0188E+00  4.2730E-02  2.0806E+00
  8.0879E-01  1.0387E-01 -6.5021E-01  4.2730E-02  2.0806E+00
  9.8377E-01  1.3923E-01  3.0850E-01  4.2242E-02  2.1536E+00
  1.0157E+00  1.4655E-01 -1.5501E-01  4.1747E-02  2.2312E+00
  3.9045E-01 -4.8572E-02 -9.6041E-01  4.1747E-02  2.2312E+00
 -2.7468E-01  9.1386E-02 -9.9669E-01  4.1747E-02  2.2312E+00
 -4.1339E-01  1.3020E-01  9.4305E-01  4.1747E-02  2.2312E+00
  9.6440E-01 -5.1416E-02 -3.8011E-01  4.1747E-02  2.2312E+00
 -4.5515E-01  1.2928E-01 -9.2104E-01  4.1244E-02  2.3138E+00
 -8.9284E-01  1.0559E-01 -5.1370E-01  4.1244E-02  2.3138E+00
  6.3160E-01  1.1623E-01 -8.0928E-01  4.0733E-02  2.4020E+00
  4.2761E-01  1.6041E-01  9.2671E-01  4.0733E-02  2.4020E+00
 -3.5675E-02 -6.5028E-02 -1.0305E+00  4.0733E-02  2.4020E+00
 -3.1803E-01  1.2247E-01  9.7531E-01  4.0733E-02  2.4020E+00
 -1.0262E+00  1.1850E-01 -1.2475E-02  4.0733E-02  2.4020E+00
  5.4392E-01 -1.0674E-01 -8.6918E-01  4.0213E-02  2.4964E+00
  8.1337E-01  1.3936E-01  6.1784E-01  4.0213E-02  2.4964E+00
  4.1194E-01  7.6064E-02 -9.4193E-01  4.0213E-02  2.4964E+00
  9.7821E-01  7.7242E-02 -3.0881E-01  3.9683E-02  2.5977E+00
 -7.1417E-01  1.8227E-01  7.1761E-01  3.9683E-02  2.5977E+00
  4.1753E-01 -1.8011E-01  9.2274E-01  3.9683E-02  2.5977E+00
  8.3952E-01  1.1259E-01  5.8002E-01  3.9143E-02  2.7067E+00
 -6.8039E-01 -1.5934E-01  7.5205E-01  3.9143E-02  2.7067E+00
  9.3744E-01 -3.2354E-02 -4.1720E-01  3.9143E-02  2.7067E+00
  7.6423E-01 -1.6136E-01 -6.6308E-01  3.8592E-02  2.8243E+00
 -9.9701E-01 -5.3908E-02  2.2980E-01  3.8592E-02  2.8243E+00
 -1.4336E-01  8.9364E-02 -1.0086E+00  3.8029E-02  2.9517E+00
  6.3468E-01 -4.0824E-02  8.0080E-01  3.8029E-02  2.9517E+00
 -1.0155E+00 -1.4076E-02  1.0230E-01  3.7452E-02  3.0900E+00
  1.0027E+00 -1.1688E-01 -1.5110E-01  3.7452E-02  3.0900E+00
 -2.2393E-01 -2.6873E-02  9.9553E-01  3.7452E-02  3.0900E+00
 -9.5838E-01  1.5151E-01 -3.1122E-01  3.6862E-02  3.2409E+00
  5.6536E-01 -6.7499E-03 -8.4772E-01  3.6862E-02  3.2409E+00
  7.2008E-01  1.3443E-01  7.0832E-01  3.6862E-02  3.2409E+00
  5.7111E-01  8.1456E-03 -8.4384E-01  3.6862E-02  3.2409E+00
  3.1568E-01 -1.4601E-01 -9.5777E-01  3.6862E-02  3.2409E+00
  1.0110E+00  1.7782E-02 -1.2598E-01  3.6862E-02  3.2409E+00
  5.0115E-01 -1.6101E-01 -8.7049E-01  3.6256E-02  3.4062E+00
 -2.7495E-01 -5.5814E-02  9.7781E-01  3.6256E-02  3.4062E+00
  8.7766E-01 -5.9257E-02 -5.1090E-01  3.6256E-02  3.4062E+00
  5.6876E-01  2.9641E-02  8.4091E-01  3.5633E-02  3.5880E+00
 -4.7721E-01  5.8620E-02  8.9462E-01  3.5633E-02  3.5880E+00
  3.6449E-01 -1.2065E-02  9.4790E-01  3.5633E-02  3.5880E+00
 -8.3233E-01 -1.0700E-01 -5.7209E-01  3.5633E-02  3.5880E+00
  5.0544E-01 -7.5622E-02  8.7768E-01  3.5633E-02  3.5880E+00
  4.0751E-01  1.2516E-01  9.2012E-01  3.4991E-02  3.7890E+00
 -9.7036E-01 -1.8228E-01  2.3137E-01  3.4991E-02  3.7890E+00
 -7.1471E-01 -9.0444E-02  7.1161E-01  3.4329E-02  4.0125E+00
  6.1353E-01 -2.7576E-02 -8.0511E-01  3.4329E-02  4.0125E+00
  9.7214E-01 -1.6824E-01  2.2810E-01  3.4329E-02  4.0125E+00
  9.2797E-01  5.0233E-03 -4.0177E-01  3.3644E-02  4.2626E+00
  9.3056E-01  7.9360E-02  3.8772E-01  3.3644E-02  4.2626E+00
  9.7407E-01  1.2994E-02  2.7128E-01  3.3644E-02  4.2626E+00
 -5.6081E-01  1.5952E-02 -8.3974E-01  3.2934E-02  4.5444E+00
  7.7158E-01 -5.9312E-02 -6.4889E-01  3.2934E-02  4.5444E+00
  8.0459E-01 -1.8267E-01  5.8239E-01  3.2934E-02  4.5444E+00
 -2.6522E-01 -2.8169E-02  9.7406E-01  3.2934E-02  4.5444E+00
  9.3278E-01 -1.4267E-01 -3.5637E-01  3.2195E-02  4.8645E+00
  9.3341E-01 -1.5876E-01 -3.4783E-01  3.2195E-02  4.8645E+00
 -5.6819E-01  1.3528E-01 -8.2096E-01  3.1425E-02  5.2312E+00
 -8.4123E-01 -1.7184E-01  5.2718E-01  3.1425E-02  5.2312E+00
  9.7434E-01 -2.5699E-02  2.5518E-01  3.1425E-02  5.2312E+00
 -3.5224E-01  1.0010E-01 -9.3863E-01  3.1425E-02  5.2312E+00
 -2.4228E-01  1.5456E-01  9.6456E-01  3.0618E-02  5.6557E+00
  9.4844E-01 -1.1727E-01  3.1256E-01  2.9770E-02  6.1530E+00
 -6.5606E-01 -1.5634E-01 -7.4452E-01  2.8874E-02  6.7438E+00
 -9.6984E-01 -4.1065E-03 -2.6183E-01  2.8874E-02  6.7438E+00
 -8.1279E-01 -1.7608E-01  5.6202E-01  2.7921E-02  7.4574E+00
 -4.6863E-01 -2.4265E-02  8.8730E-01  2.7921E-02  7.4574E+00
 -6.9901E-01 -1.2452E-01 -7.0950E-01  2.7921E-02  7.4574E+00
 -6.7202E-01 -1.1961E-01 -7.3593E-01  2.7921E-02  7.4574E+00
 -9.5577E-01 -9.6486E-02  2.9103E-01  2.7921E-02  7.4574E+00
 -8.5065E-01  4.1199E-02  5.3124E-01  2.7921E-02  7.4574E+00
  8.1658E-02  1.5456E-01  9.8841E-01  2.7921E-02  7.4574E+00
 -9.7352E-01  1.4485E-01  1.9694E-01  2.7921E-02  7.4574E+00
 -8.3237E-01  8.0319E-02 -5.5384E-01  2.6903E-02  8.3369E+00
  7.9555E-01 -1.1890E-01 -5.9915E-01  2.6903E-02  8.3369E+00
 -3.1869E-01  1.2358E-01  9.4297E-01  2.6903E-02  8.3369E+00
 -8.2614E-01 -4.2081E-03 -5.6877E-01  2.6903E-02  8.3369E+00
 -5.7555E-03  1.8380E-01 -9.8600E-01  2.6903E-02  8.3369E+00
  1.8863E-01 -5.2556E-02 -9.8371E-01  2.6903E-02  8.3369E+00
  6.2163E-01 -6.2686E-02  7.8380E-01  2.5804E-02  9.4481E+00
 -8.1912E-01 -3.1354E-02 -5.7584E-01  2.4606E-02  1.0897E+01
  4.8483E-01  2.0810E-02  8.7638E-01  2.4606E-02  1.0897E+01
  8.2896E-01 -1.7708E-01  5.3386E-01  2.4606E-02  1.0897E+01
 -7.7769E-01  1.0922E-01 -6.2194E-01  2.4606E-02  1.0897E+01
 -7.9883E-01  5.9263E-02 -6.0157E-01  2.4606E-02  1.0897E+01
 -5.8822E-02  1.6122E-01 -9.8696E-01  2.4606E-02  1.0897E+01
  8.5931E-01  4.4907E-02  5.1197E-01  2.3280E-02  1.2866E+01
 -9.6171E-01 -3.0418E-02 -2.7700E-01  2.3280E-02  1.2866E+01
  5.6496E-01 -9.1263E-02  8.2160E-01  2.3280E-02  1.2866E+01
 -7.5790E-01  7.2919E-03 -6.5427E-01  2.3280E-02  1.2866E+01
  6.3009E-01  8.2979E-02 -7.7318E-01  2.1787E-02  1.5696E+01
 -7.4792E-01  7.5645E-02 -6.6076E-01  2.1787E-02  1.5696E+01
 -4.9772E-01 -1.7208E-01 -8.5110E-01  2.1787E-02  1.5696E+01
 -8.9169E-01 -1.1332E-01  4.3885E-01  1.7969E-02  2.7981E+01
 -6.7977E-01 -7.8086E-02 -7.2962E-01  1.7969E-02  2.7981E+01
