0.29993142857143D+01       603
(x,y,z) position of the X-ray source
  0.9645E+00  0.7954E-01  0.1518E+01
x | y | z | R | rho
 -4.1735E-01 -1.8631E-01  4.6090E+00  1.8867E-01  2.4172E-02
  1.2326E+00 -4.9813E-02  3.5726E+00  1.6301E-01  3.7479E-02
 -1.1167E+00  6.2368E-02  5.0955E+00  2.0528E-01  1.8765E-02
  1.8834E-01 -2.3556E-02  3.4482E+00  1.5261E-01  4.5675E-02
  1.3321E-01 -1.2446E-01  4.4334E+00  1.8298E-01  2.6497E-02
 -3.3574E-01 -1.3248E-01  5.1573E+00  2.0398E-01  1.9127E-02
  1.8356E+00 -8.2132E-02  7.3657E+00  2.6677E-01  8.5502E-03
  1.6170E+00 -6.4332E-02  3.9135E+00  1.7696E-01  2.9292E-02
  4.5590E-01  8.9558E-02  3.6432E+00  1.5964E-01  3.9902E-02
  1.3102E+00 -1.4000E-01  6.8900E+00  2.5256E-01  1.0076E-02
  1.5079E+00 -3.8131E-02  4.7188E+00  1.9791E-01  2.0941E-02
  9.5753E-02  1.9920E-01  2.6747E+00  1.2635E-01  8.0476E-02
 -1.7296E+00 -1.7327E-01  4.5346E+00  1.9513E-01  2.1847E-02
  4.2167E-01 -3.5058E-01  7.8362E+00  2.7315E-01  7.9649E-03
 -3.1962E-01  2.0071E-01  5.3939E+00  2.1054E-01  1.7395E-02
  1.2928E+00 -1.6886E-01  4.7781E+00  1.9787E-01  2.0952E-02
  4.8979E-02  1.4326E-01  7.5608E+00  2.6607E-01  8.6185E-03
 -2.0058E+00  2.3602E-02  6.6188E+00  2.5008E-01  1.0379E-02
  2.2365E-01 -2.0178E-01  3.9192E+00  1.6771E-01  3.4414E-02
 -4.3664E-01 -1.0449E-01  3.3101E+00  1.4891E-01  4.9160E-02
 -1.2295E+00 -2.3630E-01  7.0143E+00  2.5531E-01  9.7542E-03
  1.7409E+00  1.1530E-01  2.0329E+00  1.2617E-01  8.0815E-02
 -1.2495E+00 -8.2239E-02  2.4354E+00  1.2831E-01  7.6842E-02
  1.1677E+00 -2.1527E-01  2.9509E+00  1.4361E-01  5.4805E-02
  2.9058E-01  4.5968E-02  5.7492E+00  2.2002E-01  1.5242E-02
 -1.3245E+00 -2.3965E-01  6.8111E+00  2.5076E-01  1.0296E-02
 -7.0914E-01  1.0304E-01  6.9022E+00  2.5067E-01  1.0307E-02
 -7.6647E-01 -1.8448E-02  2.9370E+00  1.3869E-01  6.0857E-02
 -1.8883E+00  8.3604E-02  3.0426E+00  1.5675E-01  4.2150E-02
  1.8205E+00 -4.1372E-02  1.9025E+00  1.2453E-01  8.4060E-02
 -8.3954E-01 -1.0084E-01  3.0304E+00  1.4245E-01  5.6161E-02
  6.2005E-01  6.0566E-02  2.5109E+00  1.2283E-01  8.7590E-02
 -1.7641E-01  1.1788E-01  3.7113E+00  1.6105E-01  3.8861E-02
 -1.5962E+00  3.5436E-01  7.9867E+00  2.8024E-01  7.3756E-03
 -7.4238E-01 -1.9269E-01  6.1106E+00  2.3066E-01  1.3227E-02
 -7.3141E-02 -2.2227E-03  3.4051E+00  1.5106E-01  4.7093E-02
  5.4383E-01 -1.6868E-01  3.1636E+00  1.4474E-01  5.3537E-02
 -1.0214E+00  2.8107E-03  7.2926E+00  2.6121E-01  9.1084E-03
  4.9861E-01 -1.0439E-01  5.5408E+00  2.1482E-01  1.6374E-02
 -1.6222E+00  1.9921E-01  2.2657E+00  1.3028E-01  7.3421E-02
  1.8705E+00  1.9087E-01  2.5045E+00  1.4196E-01  5.6742E-02
  9.6491E-02  2.2047E-01  5.2235E+00  2.0562E-01  1.8672E-02
  1.6819E+00 -1.3393E-01  4.5028E+00  1.9377E-01  2.2313E-02
 -3.3795E-01 -7.7952E-02  4.4000E+00  1.8229E-01  2.6800E-02
  7.0466E-01  9.4668E-02  3.2343E+00  1.4796E-01  5.0114E-02
 -1.3491E+00 -1.1605E-01  2.2387E+00  1.2390E-01  8.5338E-02
 -9.3297E-01 -1.6477E-01  2.7408E+00  1.3401E-01  6.7453E-02
 -1.0648E+00 -1.7690E-03  2.5124E+00  1.2796E-01  7.7475E-02
  2.7945E-01 -2.4045E-01  4.4383E+00  1.8347E-01  2.6287E-02
 -1.1417E+00 -2.4359E-01  4.1114E+00  1.7813E-01  2.8719E-02
  3.9163E-01  2.0524E-01  6.6842E+00  2.4460E-01  1.1093E-02
  5.4800E-01 -1.3376E-01  6.4621E+00  2.3917E-01  1.1865E-02
  1.9004E+00 -4.0990E-02  3.0336E+00  1.5668E-01  4.2203E-02
 -6.8429E-01 -1.6280E-01  2.7636E+00  1.3232E-01  7.0068E-02
  1.3223E+00 -4.6098E-02  3.1642E+00  1.5183E-01  4.6377E-02
  9.4976E-01  1.3763E-01  2.9343E+00  1.4045E-01  5.8587E-02
  1.5446E+00 -3.1232E-01  8.2043E+00  2.8501E-01  7.0115E-03
  2.5861E-01  2.4450E-01  5.5974E+00  2.1603E-01  1.6101E-02
  6.7973E-01  3.6866E-01  9.3938E+00  3.0967E-01  5.4662E-03
  4.0039E-01  1.6771E-01  5.2816E+00  2.0757E-01  1.8151E-02
 -1.0642E-02  2.1971E-01  3.6580E+00  1.5938E-01  4.0094E-02
  1.0477E+00  2.3398E-01  5.2600E+00  2.0947E-01  1.7661E-02
 -1.5698E+00  2.1604E-01  2.6922E+00  1.4170E-01  5.7060E-02
  2.2651E-02  3.9172E-01  9.2548E+00  3.0600E-01  5.6656E-03
  1.0770E+00 -1.9032E-01  4.3980E+00  1.8576E-01  2.5323E-02
 -1.0813E+00 -1.9282E-01  3.7570E+00  1.6720E-01  3.4731E-02
 -1.5498E-02 -2.9181E-01  8.3859E+00  2.8588E-01  6.9482E-03
  2.6197E-01  4.0797E-02  4.1720E+00  1.7532E-01  3.0122E-02
  1.8251E+00  1.0767E-01 -1.9029E+00  1.2472E-01  8.3665E-02
  1.3136E+00 -2.9460E-01  5.1148E+00  2.0728E-01  1.8227E-02
  1.0547E+00  9.6851E-02  2.9513E+00  1.4209E-01  5.6586E-02
  2.0226E-01 -2.8592E-01  5.6768E+00  2.1816E-01  1.5634E-02
  1.4625E+00 -2.9655E-02  9.3713E+00  3.1101E-01  5.3962E-03
  1.8024E+00 -1.4536E-01 -1.8236E+00  1.2214E-01  8.9091E-02
 -1.1864E+00  7.3353E-02  2.9324E+00  1.4305E-01  5.5453E-02
 -1.7543E+00 -2.5639E-01  3.5147E+00  1.6789E-01  3.4305E-02
 -2.7105E-01  2.4736E-01  3.7228E+00  1.6179E-01  3.8330E-02
  1.7020E+00 -1.7308E-01  2.1552E+00  1.2878E-01  7.6004E-02
 -2.6716E-01 -8.4114E-02  3.2004E+00  1.4468E-01  5.3606E-02
  1.8624E-01 -1.5929E-01  2.8382E+00  1.3222E-01  7.0229E-02
 -5.3225E-01  2.9321E-01  5.7799E+00  2.2149E-01  1.4940E-02
 -1.9920E+00  1.2754E-01  8.6845E+00  2.9795E-01  6.1370E-03
  1.9904E+00 -1.9315E-02  4.4385E+00  1.9537E-01  2.1770E-02
  1.9207E+00 -1.0534E-01  6.5544E+00  2.4794E-01  1.0651E-02
  3.0785E-01 -1.6668E-01  9.9313E+00  3.2111E-01  4.9026E-03
 -1.3673E+00 -6.3809E-02  2.4975E+00  1.3219E-01  7.0273E-02
 -7.0743E-01 -3.0961E-01  7.7575E+00  2.7172E-01  8.0915E-03
  2.1284E-01  6.5905E-02  3.9764E+00  1.6931E-01  3.3449E-02
 -1.0688E+00 -8.6716E-02  4.1009E+00  1.7708E-01  2.9235E-02
 -1.0313E+00  1.6751E-01  2.9751E+00  1.4269E-01  5.5881E-02
 -1.6548E+00 -4.9443E-02  4.0821E+00  1.8203E-01  2.6913E-02
 -2.0019E+00 -6.4958E-02  5.9076E+00  2.3274E-01  1.2877E-02
  1.6593E+00 -6.8954E-02  2.6995E+00  1.4323E-01  5.5245E-02
  8.6303E-01 -1.5116E-01  5.3703E+00  2.1147E-01  1.7165E-02
 -1.3822E+00  1.0069E-01  5.8366E+00  2.2646E-01  1.3977E-02
 -1.6794E+00  1.9133E-01  2.1611E+00  1.2849E-01  7.6516E-02
 -6.6022E-01 -8.4755E-02  3.1779E+00  1.4582E-01  5.2355E-02
 -1.3110E+00 -2.2516E-01  3.0083E+00  1.4723E-01  5.0870E-02
  1.3455E-01  9.9666E-02  3.6755E+00  1.5985E-01  3.9746E-02
 -1.7097E-01 -1.8483E-01  3.8497E+00  1.6545E-01  3.5842E-02
 -7.4488E-01 -1.7554E-01  2.6590E+00  1.2933E-01  7.5049E-02
 -1.1318E+00 -1.6136E-02  4.0239E+00  1.7531E-01  3.0127E-02
  1.3124E+00  1.2915E-01  3.9688E+00  1.7538E-01  3.0095E-02
 -1.6444E-02  1.1975E-01  2.6629E+00  1.2570E-01  8.1742E-02
 -1.9267E+00 -3.0433E-02  3.0098E+00  1.5649E-01  4.2361E-02
  1.8892E+00 -1.0968E-01 -1.7972E+00  1.2366E-01  8.5836E-02
  1.2057E-01 -1.5686E-01  4.6748E+00  1.9004E-01  2.3652E-02
 -1.2108E+00  1.6940E-02  2.9673E+00  1.4442E-01  5.3894E-02
 -8.5850E-01  6.9357E-03  9.6567E+00  3.1572E-01  5.1584E-03
 -1.7398E+00  1.2996E-01 -1.8456E+00  1.2109E-01  9.1425E-02
 -9.2152E-02  4.2032E-03  2.5380E+00  1.2109E-01  9.1425E-02
  1.1165E+00 -1.5711E-02  2.2588E+00  1.2035E-01  9.3117E-02
 -6.9522E-01  1.1215E-01  2.3986E+00  1.1961E-01  9.4853E-02
  1.6946E+00  1.0524E-01 -1.8213E+00  1.1925E-01  9.5738E-02
  1.5918E+00  1.7010E-01  1.9071E+00  1.1925E-01  9.5738E-02
  7.4694E-02 -1.1664E-03  2.4789E+00  1.1888E-01  9.6634E-02
  1.2426E+00 -3.5927E-02  2.1346E+00  1.1851E-01  9.7542E-02
 -3.7368E-01  6.4195E-02  2.4309E+00  1.1814E-01  9.8461E-02
 -1.7135E+00  8.2598E-02 -1.7358E+00  1.1739E-01  1.0034E-01
  2.0418E-01  6.3322E-02  2.4213E+00  1.1702E-01  1.0129E-01
  1.8884E+00 -6.8464E-02  1.4816E+00  1.1591E-01  1.0424E-01
 -1.8576E+00 -1.9915E-01 -1.5085E+00  1.1591E-01  1.0424E-01
  1.8763E+00 -1.7617E-01  1.4722E+00  1.1554E-01  1.0525E-01
  5.0200E-01  1.4968E-01  2.2834E+00  1.1368E-01  1.1050E-01
  1.8018E+00  1.6688E-01  1.4574E+00  1.1293E-01  1.1270E-01
 -1.3212E+00  7.9907E-02  1.8978E+00  1.1256E-01  1.1382E-01
  1.7496E+00 -1.7026E-01  1.5044E+00  1.1256E-01  1.1382E-01
  1.7258E+00 -1.8731E-01 -1.5297E+00  1.1256E-01  1.1382E-01
  1.0369E-01  5.0693E-02  2.2723E+00  1.1107E-01  1.1847E-01
  1.6877E+00 -1.4036E-01 -1.5050E+00  1.1070E-01  1.1968E-01
  8.3372E-01  1.0256E-01  2.1041E+00  1.1070E-01  1.1968E-01
 -1.9106E+00  1.1824E-01  1.2119E+00  1.1070E-01  1.1968E-01
 -1.6739E+00  7.2699E-03  1.4982E+00  1.0995E-01  1.2214E-01
  1.2184E+00 -7.3272E-02  1.8404E+00  1.0845E-01  1.2727E-01
 -1.6673E+00 -1.6485E-01 -1.3949E+00  1.0733E-01  1.3131E-01
 -1.8250E+00  8.5139E-02  1.1894E+00  1.0733E-01  1.3131E-01
  1.6907E+00 -9.7643E-02 -1.3579E+00  1.0695E-01  1.3269E-01
  8.4747E-01 -1.7171E-01  1.9910E+00  1.0695E-01  1.3269E-01
  8.9214E-01  1.0250E-01  1.9555E+00  1.0620E-01  1.3553E-01
 -1.3734E+00 -1.9123E-01 -1.6332E+00  1.0582E-01  1.3698E-01
 -1.6960E+00 -8.7757E-02 -1.3062E+00  1.0582E-01  1.3698E-01
  4.5919E-01 -9.7602E-02  2.0904E+00  1.0582E-01  1.3698E-01
 -9.7333E-01  9.9734E-02  1.8850E+00  1.0507E-01  1.3994E-01
  1.0451E+00 -5.4153E-02  1.8481E+00  1.0507E-01  1.3994E-01
  4.9151E-01  1.8044E-01  2.0486E+00  1.0470E-01  1.4145E-01
  1.8341E+00  8.1557E-02  1.0111E+00  1.0394E-01  1.4454E-01
 -1.2615E+00  5.8307E-02  1.6727E+00  1.0394E-01  1.4454E-01
  1.3085E-01 -1.7930E-01  2.0841E+00  1.0394E-01  1.4454E-01
 -1.2542E+00 -1.8221E-01  1.6693E+00  1.0394E-01  1.4454E-01
 -1.5775E+00 -5.3654E-02 -1.3507E+00  1.0319E-01  1.4773E-01
 -1.4335E+00  1.5163E-01  1.4959E+00  1.0319E-01  1.4773E-01
 -1.7922E+00  4.9568E-02  1.0125E+00  1.0244E-01  1.5102E-01
 -1.4967E+00 -2.3479E-02 -1.4004E+00  1.0206E-01  1.5269E-01
  3.3525E-01 -1.2170E-01  2.0185E+00  1.0206E-01  1.5269E-01
  1.8346E+00 -1.3889E-01  8.8277E-01  1.0168E-01  1.5440E-01
  1.0683E+00  3.5089E-03 -1.7172E+00  1.0093E-01  1.5789E-01
 -1.3895E-01 -1.8523E-01  1.9816E+00  9.9797E-02  1.6332E-01
 -1.7132E+00  3.8422E-02  1.0039E+00  9.9419E-02  1.6519E-01
  5.5005E-01  2.1734E-02 -1.8989E+00  9.9041E-02  1.6709E-01
  1.2573E+00  1.8661E-01  1.5143E+00  9.9041E-02  1.6709E-01
 -1.0125E+00  9.5115E-02  1.6849E+00  9.8663E-02  1.6902E-01
  1.4758E+00  9.4097E-02  1.2849E+00  9.8285E-02  1.7098E-01
  1.2537E+00 -4.7748E-04 -1.5054E+00  9.8285E-02  1.7098E-01
 -1.8751E+00  1.6452E-01  5.0979E-01  9.7907E-02  1.7297E-01
  2.5843E-01 -1.7973E-01  1.9155E+00  9.7529E-02  1.7499E-01
  7.4102E-01 -1.5190E-01 -1.7878E+00  9.7529E-02  1.7499E-01
  1.5805E+00  9.1183E-03  1.1116E+00  9.7150E-02  1.7704E-01
  4.6570E-01  9.8273E-02 -1.8727E+00  9.7150E-02  1.7704E-01
  1.4483E+00  7.0943E-02  1.2501E+00  9.6393E-02  1.8124E-01
 -1.3243E-01 -1.7496E-01  1.8930E+00  9.6015E-02  1.8340E-01
 -6.5699E-01  6.9214E-02  1.7781E+00  9.5636E-02  1.8558E-01
  1.5030E+00 -1.6793E-01  1.1156E+00  9.4878E-02  1.9007E-01
  1.0862E+00  1.6104E-01 -1.5251E+00  9.4878E-02  1.9007E-01
  1.7649E+00 -1.7422E-01 -5.9477E-01  9.4499E-02  1.9236E-01
 -1.1840E-02 -1.6118E-01 -1.8635E+00  9.4499E-02  1.9236E-01
  1.4452E+00 -1.8236E-01 -1.1594E+00  9.4120E-02  1.9470E-01
 -1.2221E-02  1.2515E-01  1.8575E+00  9.4120E-02  1.9470E-01
  3.9824E-01 -4.8509E-02 -1.8180E+00  9.4120E-02  1.9470E-01
  3.4512E-01  1.3385E-01 -1.8246E+00  9.4120E-02  1.9470E-01
 -1.7792E+00 -1.3351E-02  5.1787E-01  9.3741E-02  1.9707E-01
  1.6424E+00  8.4410E-04 -8.5814E-01  9.3741E-02  1.9707E-01
  1.1220E+00  6.0611E-02  1.4735E+00  9.3741E-02  1.9707E-01
  1.8346E-01  4.7641E-02  1.8346E+00  9.3361E-02  1.9948E-01
  1.1040E+00  4.6100E-02 -1.4768E+00  9.3361E-02  1.9948E-01
  1.6851E+00 -3.8410E-02 -7.4882E-01  9.3361E-02  1.9948E-01
 -3.8239E-01 -4.3262E-02  1.7949E+00  9.2982E-02  2.0193E-01
 -1.3860E+00  9.8419E-02  1.1864E+00  9.2603E-02  2.0443E-01
 -1.3929E+00  1.2738E-01 -1.1621E+00  9.2223E-02  2.0696E-01
 -1.3611E+00  5.2931E-02 -1.2047E+00  9.2223E-02  2.0696E-01
  5.2710E-01 -3.5197E-03 -1.7404E+00  9.2223E-02  2.0696E-01
 -1.4692E+00 -3.6416E-02  1.0563E+00  9.1844E-02  2.0954E-01
  1.0873E+00  1.4796E-01 -1.4285E+00  9.1464E-02  2.1216E-01
 -1.1909E+00  3.8338E-02 -1.3509E+00  9.1464E-02  2.1216E-01
 -2.3790E-01  8.9338E-02  1.7833E+00  9.1464E-02  2.1216E-01
 -1.6547E+00  1.2167E-01 -7.0131E-01  9.1464E-02  2.1216E-01
  1.5043E+00  1.7251E-01  9.5986E-01  9.1084E-02  2.1482E-01
 -9.3654E-01 -6.6081E-02  1.5173E+00  9.0704E-02  2.1753E-01
  1.5402E+00  1.8192E-02  9.0057E-01  9.0704E-02  2.1753E-01
  1.7590E+00 -1.3549E-01 -2.0229E-01  9.0325E-02  2.2029E-01
  1.7585E+00  1.5123E-01  1.9596E-01  9.0325E-02  2.2029E-01
 -5.7727E-01  1.1143E-01 -1.6756E+00  9.0325E-02  2.2029E-01
  1.2877E+00 -1.6715E-01  1.1989E+00  8.9945E-02  2.2309E-01
  7.6221E-01  1.5377E-01 -1.5871E+00  8.9945E-02  2.2309E-01
 -1.5503E+00  5.1931E-03  8.3088E-01  8.9565E-02  2.2594E-01
 -5.8582E-01 -1.7639E-01  1.6491E+00  8.9565E-02  2.2594E-01
 -1.2350E+00 -5.8350E-02  1.2392E+00  8.9185E-02  2.2884E-01
 -3.8152E-01 -8.2160E-02 -1.7064E+00  8.9185E-02  2.2884E-01
  1.3929E+00 -1.1191E-01 -1.0404E+00  8.8805E-02  2.3179E-01
  6.5911E-01 -2.3976E-02 -1.6124E+00  8.8805E-02  2.3179E-01
 -1.7152E+00 -1.7917E-01 -2.4683E-01  8.8805E-02  2.3179E-01
 -1.5817E+00 -8.7223E-03  7.1010E-01  8.8425E-02  2.3479E-01
 -1.1163E+00  1.8638E-01 -1.3134E+00  8.8425E-02  2.3479E-01
 -5.6129E-01 -1.8016E-01 -1.6216E+00  8.8044E-02  2.3785E-01
 -6.6450E-01  2.1891E-02 -1.5922E+00  8.8044E-02  2.3785E-01
  1.5100E+00  1.6210E-01  8.0132E-01  8.7664E-02  2.4095E-01
  1.3390E+00  5.4492E-02 -1.0736E+00  8.7664E-02  2.4095E-01
  5.6079E-02  2.5329E-02  1.7160E+00  8.7664E-02  2.4095E-01
  7.1475E-01 -1.7809E-01 -1.5420E+00  8.7284E-02  2.4412E-01
  4.1985E-01 -1.5111E-01 -1.6496E+00  8.7284E-02  2.4412E-01
 -8.0096E-02 -5.0521E-02  1.7062E+00  8.7284E-02  2.4412E-01
 -1.6948E+00  4.8184E-02  1.3260E-01  8.6904E-02  2.4734E-01
 -1.2620E+00 -1.0595E-01  1.1350E+00  8.6904E-02  2.4734E-01
  1.5158E+00 -2.8676E-02  7.5217E-01  8.6524E-02  2.5061E-01
 -1.5224E+00 -9.9155E-02 -7.3272E-01  8.6524E-02  2.5061E-01
 -1.5014E-01  8.7145E-02 -1.6835E+00  8.6524E-02  2.5061E-01
  1.4474E+00 -1.6719E-03  8.6117E-01  8.6143E-02  2.5395E-01
  8.2975E-01 -8.3229E-02  1.4633E+00  8.6143E-02  2.5395E-01
  8.4163E-01 -7.0717E-02 -1.4477E+00  8.5763E-02  2.5734E-01
  1.6370E-01  7.5844E-02 -1.6582E+00  8.5382E-02  2.6079E-01
  4.9299E-01  5.7873E-02  1.5924E+00  8.5382E-02  2.6079E-01
  1.4295E+00 -1.7802E-01  8.2453E-01  8.5002E-02  2.6431E-01
 -6.1894E-01 -1.3335E-01 -1.5256E+00  8.4622E-02  2.6789E-01
  7.0508E-01 -1.7532E-01  1.4834E+00  8.4622E-02  2.6789E-01
 -9.8054E-01  7.6027E-02 -1.3171E+00  8.4241E-02  2.7154E-01
 -3.5795E-02 -6.8099E-02  1.6420E+00  8.4241E-02  2.7154E-01
  1.2685E+00 -1.7512E-02 -1.0452E+00  8.4241E-02  2.7154E-01
  1.5529E+00  1.7877E-01  5.0829E-01  8.4241E-02  2.7154E-01
 -5.3998E-01  6.2446E-02 -1.5428E+00  8.3861E-02  2.7525E-01
 -1.2763E+00 -1.7375E-01  1.0083E+00  8.3861E-02  2.7525E-01
  9.1115E-01 -3.5142E-02  1.3580E+00  8.3861E-02  2.7525E-01
  4.0054E-01 -6.0331E-02  1.5848E+00  8.3861E-02  2.7525E-01
  1.5184E+00 -6.6859E-03 -5.8644E-01  8.3480E-02  2.7903E-01
 -8.0828E-01  3.4321E-02  1.4125E+00  8.3480E-02  2.7903E-01
 -1.6103E+00  1.7455E-01 -2.1624E-02  8.3100E-02  2.8288E-01
 -7.2784E-01  8.0680E-02  1.4360E+00  8.2719E-02  2.8681E-01
  1.5248E+00  1.2594E-01 -5.0744E-01  8.2719E-02  2.8681E-01
  6.2071E-01  2.3009E-02 -1.4789E+00  8.2338E-02  2.9080E-01
 -1.5163E+00  1.1498E-01 -4.8512E-01  8.1958E-02  2.9487E-01
 -1.5871E+00 -5.0541E-02 -3.8683E-02  8.1577E-02  2.9902E-01
  6.5689E-01 -9.2940E-02  1.4432E+00  8.1577E-02  2.9902E-01
  1.4953E-01 -1.0436E-01 -1.5700E+00  8.1197E-02  3.0324E-01
  1.4445E+00  4.1555E-02 -6.4027E-01  8.1197E-02  3.0324E-01
  1.3207E+00  3.8434E-02 -8.6744E-01  8.1197E-02  3.0324E-01
 -1.3703E+00 -6.8627E-02  7.5315E-01  8.0435E-02  3.1193E-01
  7.3172E-01 -1.4346E-01 -1.3761E+00  8.0435E-02  3.1193E-01
  1.9602E-01  3.2003E-02 -1.5525E+00  8.0435E-02  3.1193E-01
 -1.2693E+00 -8.8471E-02 -9.1140E-01  8.0435E-02  3.1193E-01
  3.1453E-01 -5.7106E-03  1.5253E+00  8.0055E-02  3.1640E-01
  8.3411E-01  1.5712E-01 -1.3058E+00  8.0055E-02  3.1640E-01
  7.0027E-01 -7.7440E-02  1.3804E+00  7.9674E-02  3.2096E-01
 -1.0886E+00 -1.4287E-01 -1.0830E+00  7.9293E-02  3.2561E-01
  2.7997E-01  7.1511E-03 -1.5165E+00  7.9293E-02  3.2561E-01
  1.4136E+00  4.4382E-02  6.1482E-01  7.9293E-02  3.2561E-01
  5.0563E-01 -2.5175E-02  1.4567E+00  7.9293E-02  3.2561E-01
 -1.4957E+00  7.7492E-02 -3.3429E-01  7.8913E-02  3.3034E-01
 -5.6723E-01  1.0607E-01 -1.4219E+00  7.8913E-02  3.3034E-01
  9.2902E-01  1.1618E-01 -1.2159E+00  7.8913E-02  3.3034E-01
 -1.0391E+00 -1.1603E-01  1.1129E+00  7.8532E-02  3.3517E-01
  1.5046E+00  9.2297E-02 -2.4361E-01  7.8532E-02  3.3517E-01
  1.4531E+00 -2.6942E-02  4.6856E-01  7.8532E-02  3.3517E-01
 -1.3799E+00 -1.5391E-01 -6.1735E-01  7.8152E-02  3.4009E-01
  1.4914E-01  8.8324E-02  1.5096E+00  7.8152E-02  3.4009E-01
 -1.1668E+00  3.1144E-02 -9.6124E-01  7.7771E-02  3.4511E-01
 -2.5513E-01  7.1692E-02 -1.4886E+00  7.7771E-02  3.4511E-01
 -1.3065E+00  1.7922E-01 -7.3966E-01  7.7771E-02  3.4511E-01
 -1.3893E+00 -1.0212E-01 -5.8806E-01  7.7771E-02  3.4511E-01
 -1.4155E+00  5.7946E-02  5.0667E-01  7.7390E-02  3.5022E-01
 -1.2540E+00  4.7795E-02  8.1650E-01  7.7010E-02  3.5544E-01
 -9.2569E-01 -5.5040E-02 -1.1660E+00  7.6629E-02  3.6076E-01
  1.4656E+00  9.5949E-03  2.6748E-01  7.6629E-02  3.6076E-01
  1.1891E+00  8.7480E-02  8.8107E-01  7.6248E-02  3.6619E-01
  1.4735E+00 -1.4458E-01 -7.5092E-02  7.6248E-02  3.6619E-01
 -4.2099E-01 -1.4744E-01  1.4138E+00  7.6248E-02  3.6619E-01
  8.2792E-01 -8.3281E-03 -1.2209E+00  7.5868E-02  3.7173E-01
  1.3940E+00  1.3699E-01  4.1443E-01  7.5106E-02  3.8315E-01
 -8.6685E-01 -5.6302E-02 -1.1744E+00  7.5106E-02  3.8315E-01
  1.4469E+00 -1.1539E-01  7.7244E-02  7.4726E-02  3.8904E-01
  7.8089E-01 -2.4551E-02 -1.2257E+00  7.4726E-02  3.8904E-01
 -1.4410E+00  2.7238E-02  1.8857E-01  7.4726E-02  3.8904E-01
  1.4421E+00  8.4317E-02 -1.6171E-01  7.4726E-02  3.8904E-01
  9.3563E-01  1.1282E-01 -1.0973E+00  7.4345E-02  3.9504E-01
  1.3557E+00 -6.3612E-02 -5.0021E-01  7.4345E-02  3.9504E-01
 -1.3439E+00  6.6829E-02 -5.3069E-01  7.4345E-02  3.9504E-01
 -5.8574E-01  6.3601E-02  1.3210E+00  7.4345E-02  3.9504E-01
  5.0677E-01  9.2553E-02  1.3440E+00  7.3965E-02  4.0117E-01
 -1.4027E+00  8.3785E-02  3.1150E-01  7.3965E-02  4.0117E-01
  7.8903E-01 -6.4887E-02  1.2020E+00  7.3965E-02  4.0117E-01
 -7.7822E-01 -1.4176E-01 -1.2025E+00  7.3965E-02  4.0117E-01
  7.8972E-01 -1.7852E-02 -1.1947E+00  7.3584E-02  4.0743E-01
  5.8073E-01 -2.0707E-02  1.3091E+00  7.3584E-02  4.0743E-01
 -1.3661E+00  1.1766E-02 -4.3005E-01  7.3584E-02  4.0743E-01
  1.4139E+00 -1.4097E-01 -1.1128E-01  7.3203E-02  4.1382E-01
 -1.3546E+00  1.0333E-01 -4.0730E-01  7.2822E-02  4.2035E-01
  5.4075E-01  3.9474E-03 -1.3111E+00  7.2822E-02  4.2035E-01
  9.8665E-01 -1.7167E-01  9.9440E-01  7.2442E-02  4.2701E-01
  1.3856E+00  1.2418E-01  1.9212E-01  7.2061E-02  4.3381E-01
  9.2185E-01 -1.0023E-01  1.0547E+00  7.2061E-02  4.3381E-01
 -1.3580E+00 -1.4681E-01 -2.9558E-01  7.1680E-02  4.4076E-01
 -1.3247E+00 -3.4599E-02  4.4390E-01  7.1680E-02  4.4076E-01
  5.1148E-01  6.0691E-02  1.2992E+00  7.1680E-02  4.4076E-01
 -5.9515E-01  3.9758E-02 -1.2639E+00  7.1680E-02  4.4076E-01
 -7.5458E-01  9.4404E-02 -1.1644E+00  7.1300E-02  4.4786E-01
 -1.3527E+00 -1.4351E-01 -2.5470E-01  7.0919E-02  4.5511E-01
  1.2632E+00  1.2874E-01 -5.3347E-01  7.0538E-02  4.6253E-01
  1.0706E+00 -1.8026E-01 -8.4734E-01  7.0538E-02  4.6253E-01
 -3.9855E-01 -1.0447E-01  1.3142E+00  7.0538E-02  4.6253E-01
  1.3330E+00 -9.4307E-02 -3.0427E-01  7.0157E-02  4.7010E-01
 -9.8799E-01 -1.3657E-01 -9.3030E-01  6.9776E-02  4.7784E-01
  1.0328E+00  3.7625E-02 -8.9001E-01  6.9776E-02  4.7784E-01
  5.0892E-01 -2.1002E-03 -1.2654E+00  6.9776E-02  4.7784E-01
 -9.1224E-01  7.7187E-02 -1.0110E+00  6.9776E-02  4.7784E-01
  1.3110E+00  5.6111E-02 -3.4692E-01  6.9395E-02  4.8575E-01
 -3.0431E-01  5.6001E-02 -1.3216E+00  6.9395E-02  4.8575E-01
 -1.0624E-01  2.6297E-02  1.3529E+00  6.9395E-02  4.8575E-01
 -6.5121E-01  6.4100E-02 -1.1817E+00  6.9014E-02  4.9384E-01
  1.2230E+00  1.5043E-01 -5.3721E-01  6.8633E-02  5.0211E-01
 -7.5437E-01  1.9689E-02 -1.1124E+00  6.8633E-02  5.0211E-01
  6.5785E-01 -1.2594E-02  1.1574E+00  6.7871E-02  5.1923E-01
  1.0261E+00 -9.5122E-02 -8.4299E-01  6.7871E-02  5.1923E-01
 -1.5573E-02  9.1390E-02  1.3281E+00  6.7871E-02  5.1923E-01
  6.7761E-01 -1.5413E-01  1.1356E+00  6.7871E-02  5.1923E-01
 -1.1488E+00  1.7955E-01 -6.4851E-01  6.7871E-02  5.1923E-01
 -1.2881E+00 -1.8415E-01  2.5014E-01  6.7489E-02  5.2808E-01
  1.3144E+00 -1.5051E-01  7.2363E-02  6.7489E-02  5.2808E-01
 -2.1180E-01 -1.1227E-01  1.3031E+00  6.7489E-02  5.2808E-01
 -1.6336E-01  7.1875E-02 -1.3129E+00  6.7489E-02  5.2808E-01
  4.5596E-01  5.6969E-02  1.2428E+00  6.7489E-02  5.2808E-01
  1.2216E+00  1.1057E-01  4.8417E-01  6.7108E-02  5.3713E-01
 -2.2050E-01 -7.2908E-02  1.2981E+00  6.7108E-02  5.3713E-01
 -1.2858E+00 -1.7731E-01  2.3250E-01  6.7108E-02  5.3713E-01
 -3.0510E-01 -1.7939E-01 -1.2638E+00  6.6726E-02  5.4640E-01
 -1.3011E+00  1.7181E-01 -1.1378E-03  6.6726E-02  5.4640E-01
 -5.6646E-01  1.7574E-01  1.1637E+00  6.6345E-02  5.5588E-01
  1.2880E+00 -1.7385E-01  2.6143E-02  6.5963E-02  5.6559E-01
 -1.1428E+00  1.3716E-01  6.0420E-01  6.5963E-02  5.6559E-01
  1.2546E+00  7.5355E-02  3.0721E-01  6.5581E-02  5.7553E-01
  9.4743E-01  1.2982E-01  8.7152E-01  6.5581E-02  5.7553E-01
  4.5267E-01 -2.9213E-02 -1.2117E+00  6.5581E-02  5.7553E-01
 -1.2279E+00 -1.4252E-01  3.8216E-01  6.5581E-02  5.7553E-01
  5.4283E-01  1.1190E-01 -1.1691E+00  6.5581E-02  5.7553E-01
  6.4748E-01 -1.6824E-01  1.1075E+00  6.5581E-02  5.7553E-01
 -5.9052E-01 -1.4027E-01 -1.1289E+00  6.4817E-02  5.9614E-01
  1.1113E+00 -1.3409E-01  6.2442E-01  6.4817E-02  5.9614E-01
 -1.4001E-01 -1.1281E-01 -1.2691E+00  6.4817E-02  5.9614E-01
  1.2802E+00 -1.8850E-02  5.9989E-02  6.4817E-02  5.9614E-01
 -6.0561E-01  7.7211E-02 -1.1270E+00  6.4817E-02  5.9614E-01
  1.0120E+00 -6.4673E-02  7.7406E-01  6.4434E-02  6.0681E-01
 -1.0262E+00 -9.2763E-02  7.5222E-01  6.4434E-02  6.0681E-01
 -1.2197E+00  1.4615E-01 -3.2166E-01  6.4051E-02  6.1776E-01
  9.8763E-01 -1.3328E-01  7.8692E-01  6.4051E-02  6.1776E-01
  1.2541E+00 -9.6485E-03 -1.5684E-01  6.3669E-02  6.2897E-01
  9.2204E-01 -9.5429E-02 -8.5921E-01  6.3669E-02  6.2897E-01
  1.1174E+00 -1.3935E-01  5.4788E-01  6.2902E-02  6.5224E-01
  4.6166E-01 -4.9889E-02 -1.1630E+00  6.2902E-02  6.5224E-01
  2.1667E-01  3.8961E-02  1.2270E+00  6.2518E-02  6.6433E-01
  1.2416E+00  1.1100E-01  1.0508E-02  6.2518E-02  6.6433E-01
  2.6868E-01  2.1565E-03 -1.2115E+00  6.2134E-02  6.7672E-01
  2.3167E-01  1.0519E-01  1.2145E+00  6.2134E-02  6.7672E-01
 -8.7329E-01  9.6510E-02 -8.7630E-01  6.2134E-02  6.7672E-01
  7.5976E-01 -1.2399E-01 -9.7327E-01  6.2134E-02  6.7672E-01
  1.2348E+00 -3.7069E-02 -1.1677E-01  6.2134E-02  6.7672E-01
 -1.1589E+00  1.4361E-01  4.0270E-01  6.1750E-02  6.8943E-01
 -1.1089E+00  5.3582E-02 -5.4161E-01  6.1750E-02  6.8943E-01
 -1.1277E+00  6.2585E-02 -4.8641E-01  6.1365E-02  7.0248E-01
  4.3288E-01  9.3511E-02 -1.1472E+00  6.1365E-02  7.0248E-01
 -4.4772E-01  7.3606E-02 -1.1370E+00  6.0980E-02  7.1587E-01
  6.8527E-01 -1.2794E-01 -9.9970E-01  6.0595E-02  7.2962E-01
 -1.1437E+00 -1.8469E-01  3.7831E-01  6.0595E-02  7.2962E-01
 -8.4321E-01 -1.0874E-01 -8.7323E-01  6.0595E-02  7.2962E-01
 -1.6944E-01 -1.5717E-01  1.1911E+00  6.0209E-02  7.4374E-01
  4.4400E-01 -7.4041E-02  1.1268E+00  6.0209E-02  7.4374E-01
 -1.4352E-01 -1.0865E-01  1.1999E+00  6.0209E-02  7.4374E-01
 -1.0002E+00  9.5529E-02 -6.8020E-01  6.0209E-02  7.4374E-01
 -1.1807E+00  1.2022E-01 -2.5242E-01  6.0209E-02  7.4374E-01
  6.2746E-01  1.7029E-01  1.0181E+00  5.9822E-02  7.5825E-01
  5.7103E-01  5.4547E-02  1.0631E+00  5.9822E-02  7.5825E-01
  6.7529E-01  2.8780E-02 -1.0012E+00  5.9822E-02  7.5825E-01
 -8.7591E-01  6.5571E-02 -8.2931E-01  5.9822E-02  7.5825E-01
  1.1687E+00 -9.2862E-02 -2.6841E-01  5.9436E-02  7.7315E-01
  1.1767E+00  1.7295E-02 -2.4834E-01  5.9436E-02  7.7315E-01
 -1.1796E+00  1.3140E-01  1.9445E-01  5.9436E-02  7.7315E-01
  1.1202E+00  3.1509E-02 -4.3672E-01  5.9436E-02  7.7315E-01
  4.2560E-01  1.5824E-01 -1.1081E+00  5.9048E-02  7.8847E-01
  1.8719E-01 -3.2395E-02 -1.1823E+00  5.9048E-02  7.8847E-01
  1.1009E+00 -8.3208E-03  4.7102E-01  5.9048E-02  7.8847E-01
  5.8576E-01 -1.6775E-01 -1.0249E+00  5.8660E-02  8.0422E-01
  1.0201E+00  1.2928E-01 -6.0361E-01  5.8660E-02  8.0422E-01
  7.6270E-01 -9.4282E-02 -9.1159E-01  5.8660E-02  8.0422E-01
 -1.1275E+00  1.4080E-01  3.6123E-01  5.8660E-02  8.0422E-01
  1.1259E+00 -3.7757E-02 -3.7463E-01  5.8271E-02  8.2042E-01
  9.9823E-01 -1.5573E-01  6.2345E-01  5.8271E-02  8.2042E-01
 -7.8675E-01  8.0993E-02 -8.7857E-01  5.7882E-02  8.3709E-01
  1.3407E-01 -1.8060E-01 -1.1605E+00  5.7882E-02  8.3709E-01
  9.0918E-01 -1.7865E-01  7.2601E-01  5.7492E-02  8.5424E-01
 -7.4211E-01  1.2353E-01  9.0533E-01  5.7492E-02  8.5424E-01
  4.3172E-01  1.2130E-01 -1.0884E+00  5.7492E-02  8.5424E-01
 -7.8886E-01 -1.2071E-01 -8.6530E-01  5.7492E-02  8.5424E-01
 -7.0953E-01 -1.5133E-01  9.2069E-01  5.7101E-02  8.7190E-01
  6.6634E-01  5.0782E-02  9.6302E-01  5.7101E-02  8.7190E-01
  9.5402E-01 -6.8008E-02 -6.7766E-01  5.7101E-02  8.7190E-01
  3.8456E-01  8.8113E-02 -1.1038E+00  5.7101E-02  8.7190E-01
 -9.7201E-02  2.1937E-02  1.1679E+00  5.7101E-02  8.7190E-01
 -2.9243E-01 -1.1393E-01  1.1243E+00  5.6710E-02  8.9009E-01
  7.0956E-01 -2.3965E-02 -9.2657E-01  5.6710E-02  8.9009E-01
  1.9455E-01 -3.5124E-02 -1.1455E+00  5.6317E-02  9.0882E-01
  1.1093E+00 -7.8765E-02 -3.3867E-01  5.6317E-02  9.0882E-01
 -3.3614E-02 -2.9384E-03  1.1572E+00  5.5924E-02  9.2814E-01
 -4.5871E-01 -1.7499E-01 -1.0485E+00  5.5924E-02  9.2814E-01
  8.8185E-01 -8.1807E-02  7.3831E-01  5.5530E-02  9.4805E-01
  7.9311E-01  2.3761E-02 -8.3016E-01  5.5134E-02  9.6859E-01
  8.5349E-01  1.6466E-01 -7.5047E-01  5.5134E-02  9.6859E-01
  6.4862E-01  1.5882E-01  9.3426E-01  5.5134E-02  9.6859E-01
 -9.8422E-01  1.8329E-02  5.8246E-01  5.4738E-02  9.8980E-01
 -7.0854E-01 -1.8472E-01  8.7871E-01  5.4738E-02  9.8980E-01
 -8.4751E-01  7.0198E-02  7.6490E-01  5.4738E-02  9.8980E-01
  1.1238E+00  1.8624E-01  1.7454E-02  5.4340E-02  1.0117E+00
  1.0977E+00 -1.7303E-01  2.5107E-01  5.4340E-02  1.0117E+00
  4.9792E-02  1.8232E-01  1.1235E+00  5.4340E-02  1.0117E+00
 -2.3915E-01  9.9006E-02 -1.1049E+00  5.3941E-02  1.0343E+00
  1.0653E+00 -8.5000E-02 -3.8171E-01  5.3941E-02  1.0343E+00
  4.8993E-02  1.2463E-01 -1.1269E+00  5.3941E-02  1.0343E+00
 -1.0934E+00 -1.1668E-01 -2.8043E-01  5.3941E-02  1.0343E+00
 -3.8263E-01  1.3316E-01 -1.0601E+00  5.3941E-02  1.0343E+00
 -6.5001E-01  4.8860E-02 -9.2359E-01  5.3541E-02  1.0577E+00
 -4.2550E-01 -2.9020E-02  1.0469E+00  5.3541E-02  1.0577E+00
  2.8861E-01 -1.2423E-02 -1.0929E+00  5.3541E-02  1.0577E+00
 -6.9177E-01  1.5264E-01  8.7540E-01  5.3139E-02  1.0818E+00
  1.0392E+00  1.3956E-01  4.1086E-01  5.3139E-02  1.0818E+00
  7.3147E-02 -1.4577E-01 -1.1143E+00  5.3139E-02  1.0818E+00
 -2.7907E-01  8.0823E-02  1.0836E+00  5.2736E-02  1.1068E+00
 -1.1073E+00 -6.0519E-02  1.3966E-01  5.2331E-02  1.1327E+00
  9.5662E-01 -1.3420E-01  5.6221E-01  5.2331E-02  1.1327E+00
  9.2385E-01 -1.8059E-01 -6.0257E-01  5.2331E-02  1.1327E+00
  9.4008E-01 -3.3509E-02  5.9593E-01  5.1925E-02  1.1595E+00
  5.9274E-01 -1.3227E-01  9.3336E-01  5.1925E-02  1.1595E+00
 -4.5785E-01 -1.2650E-02 -1.0150E+00  5.1925E-02  1.1595E+00
 -1.0782E+00 -1.4913E-01  2.3511E-01  5.1925E-02  1.1595E+00
 -6.6804E-02 -1.0388E-01  1.1026E+00  5.1516E-02  1.1873E+00
 -1.0562E+00  1.0206E-01 -3.2402E-01  5.1516E-02  1.1873E+00
 -4.1325E-01  1.4623E-01  1.0106E+00  5.0694E-02  1.2461E+00
  3.2773E-01 -3.4895E-02  1.0511E+00  5.0694E-02  1.2461E+00
 -2.0912E-01  4.0916E-02  1.0768E+00  5.0279E-02  1.2771E+00
  1.0908E+00 -7.9507E-02 -9.3496E-02  5.0279E-02  1.2771E+00
  9.1727E-03  1.3830E-01 -1.0889E+00  5.0279E-02  1.2771E+00
 -2.6500E-02  1.7011E-01  1.0841E+00  5.0279E-02  1.2771E+00
  1.0022E+00  7.5797E-02  4.4150E-01  5.0279E-02  1.2771E+00
 -4.4495E-02  1.5621E-01 -1.0818E+00  4.9863E-02  1.3094E+00
 -6.1571E-01  3.2052E-02  9.0363E-01  4.9863E-02  1.3094E+00
 -6.7581E-01  1.8326E-01 -8.3560E-01  4.9444E-02  1.3430E+00
 -1.0717E+00 -2.9259E-02 -1.9804E-01  4.9444E-02  1.3430E+00
 -1.0762E+00 -5.8849E-02 -1.6407E-01  4.9444E-02  1.3430E+00
  1.0673E+00 -1.8375E-01  1.2497E-01  4.9444E-02  1.3430E+00
 -1.0772E+00 -1.1204E-01 -1.2487E-01  4.9444E-02  1.3430E+00
 -8.4404E-01  1.0132E-01  6.7671E-01  4.9022E-02  1.3780E+00
  4.8672E-01  8.8196E-02  9.6743E-01  4.9022E-02  1.3780E+00
  1.3386E-01 -3.8387E-02  1.0776E+00  4.9022E-02  1.3780E+00
  5.9484E-02 -1.6183E-02  1.0848E+00  4.9022E-02  1.3780E+00
 -1.0749E+00  4.5295E-03 -1.3205E-01  4.8597E-02  1.4144E+00
 -4.1658E-01 -6.4401E-02  9.9756E-01  4.8597E-02  1.4144E+00
  6.6538E-01  1.2469E-01 -8.4080E-01  4.8170E-02  1.4524E+00
 -1.0648E+00  4.9684E-02  1.7028E-01  4.8170E-02  1.4524E+00
 -8.1255E-01 -1.0088E-01  7.0343E-01  4.8170E-02  1.4524E+00
  9.6250E-01 -9.9466E-02  4.7065E-01  4.7739E-02  1.4920E+00
 -6.1367E-02  1.6178E-01  1.0620E+00  4.7739E-02  1.4920E+00
  4.1512E-01  6.8661E-02  9.9034E-01  4.7739E-02  1.4920E+00
 -1.0263E+00  1.7265E-01 -2.7328E-01  4.7739E-02  1.4920E+00
 -7.1310E-01  4.9755E-02  7.9974E-01  4.7306E-02  1.5334E+00
 -9.8308E-01 -8.2890E-02  4.2101E-01  4.7306E-02  1.5334E+00
 -1.0625E+00 -4.7748E-03 -1.4674E-01  4.7306E-02  1.5334E+00
 -1.0485E+00  3.4849E-02 -2.2375E-01  4.7306E-02  1.5334E+00
 -3.9276E-01 -1.1110E-01  9.9195E-01  4.7306E-02  1.5334E+00
 -4.1441E-01 -2.0278E-02  9.8557E-01  4.6868E-02  1.5768E+00
 -7.7290E-01  1.8953E-02 -7.3875E-01  4.6868E-02  1.5768E+00
  3.1808E-01 -1.7845E-02 -1.0208E+00  4.6868E-02  1.5768E+00
  5.9326E-01 -7.8764E-03  8.8577E-01  4.6427E-02  1.6222E+00
 -1.0588E+00  9.3137E-02  1.5755E-02  4.5982E-02  1.6697E+00
  7.1348E-01 -1.8174E-01  7.6668E-01  4.5982E-02  1.6697E+00
  7.0606E-01  1.1636E-01  7.8602E-01  4.5982E-02  1.6697E+00
 -8.0793E-01 -1.7810E-01  6.6246E-01  4.5533E-02  1.7196E+00
  1.0215E+00  5.8063E-03  2.8272E-01  4.5533E-02  1.7196E+00
  1.0297E+00 -1.7096E-01  1.8401E-01  4.5533E-02  1.7196E+00
  8.1635E-01 -7.5636E-02  6.6695E-01  4.5079E-02  1.7721E+00
  9.3829E-01 -1.3676E-01 -4.6678E-01  4.5079E-02  1.7721E+00
 -1.5312E-01 -1.5856E-01  1.0336E+00  4.5079E-02  1.7721E+00
 -8.9316E-01  1.1691E-01 -5.4714E-01  4.4620E-02  1.8273E+00
  9.3970E-01  1.6265E-01 -4.4864E-01  4.4620E-02  1.8273E+00
 -1.0103E+00  6.9633E-02  2.9197E-01  4.4620E-02  1.8273E+00
 -1.0471E+00  7.2937E-02  5.4250E-02  4.4156E-02  1.8855E+00
 -6.2906E-02 -1.5752E-01 -1.0373E+00  4.4156E-02  1.8855E+00
 -2.0095E-01  6.4507E-02 -1.0297E+00  4.4156E-02  1.8855E+00
  9.9820E-01  1.0711E-01 -3.0169E-01  4.3687E-02  1.9469E+00
 -2.2310E-01  1.8193E-01 -1.0080E+00  4.3687E-02  1.9469E+00
  8.9114E-01 -2.6709E-03 -5.5205E-01  4.3687E-02  1.9469E+00
 -1.0136E+00 -7.3651E-02 -2.5726E-01  4.3687E-02  1.9469E+00
 -1.0314E+00 -1.8482E-01  3.0187E-02  4.3687E-02  1.9469E+00
  5.7589E-01  3.9339E-02  8.7179E-01  4.3212E-02  2.0119E+00
 -3.1500E-01 -1.4380E-01 -9.8656E-01  4.3212E-02  2.0119E+00
  5.1611E-01  1.2091E-01  9.0124E-01  4.3212E-02  2.0119E+00
 -1.0424E+00 -1.9537E-02  2.5914E-02  4.2730E-02  2.0806E+00
 -8.0113E-01 -1.5590E-01 -6.4930E-01  4.2730E-02  2.0806E+00
  9.7974E-01  5.9274E-02  3.5256E-01  4.2730E-02  2.0806E+00
 -7.5746E-01 -5.0489E-02  7.1513E-01  4.2730E-02  2.0806E+00
 -9.9292E-02 -2.5552E-02 -1.0379E+00  4.2730E-02  2.0806E+00
  2.8409E-01  1.8176E-01 -9.8689E-01  4.2730E-02  2.0806E+00
  6.0782E-01  1.9650E-02  8.4412E-01  4.2242E-02  2.1536E+00
  9.4404E-01  5.2672E-02 -4.3403E-01  4.2242E-02  2.1536E+00
 -9.6113E-01 -5.8596E-02  3.9389E-01  4.2242E-02  2.1536E+00
  9.9223E-01  1.8128E-01  2.4456E-01  4.1747E-02  2.2312E+00
 -1.0223E+00  1.5479E-01  8.9910E-02  4.1747E-02  2.2312E+00
 -9.7641E-01  5.0816E-02  3.4819E-01  4.1747E-02  2.2312E+00
 -4.4968E-01 -5.6324E-02 -9.3370E-01  4.1747E-02  2.2312E+00
 -9.3030E-01 -1.7286E-01  4.2643E-01  4.1747E-02  2.2312E+00
 -3.5191E-01  1.3327E-01 -9.6467E-01  4.1244E-02  2.3138E+00
  7.6918E-01 -1.2575E-02 -6.9311E-01  4.1244E-02  2.3138E+00
  1.0275E+00 -3.4328E-02  1.2315E-01  4.1244E-02  2.3138E+00
 -7.1724E-01  4.8414E-02  7.4202E-01  4.0733E-02  2.4020E+00
  8.9182E-01  1.7411E-01 -4.9164E-01  4.0733E-02  2.4020E+00
 -9.5107E-01 -3.3595E-02  4.0212E-01  4.0733E-02  2.4020E+00
  6.0081E-01 -9.4727E-02 -8.3512E-01  4.0733E-02  2.4020E+00
  1.0070E+00 -1.8529E-01  1.3775E-01  4.0733E-02  2.4020E+00
  9.7636E-01  5.4510E-02  3.2627E-01  4.0213E-02  2.4964E+00
 -2.0483E-01 -3.7197E-02 -1.0096E+00  4.0213E-02  2.4964E+00
 -7.8001E-01  1.7351E-01  6.5130E-01  4.0213E-02  2.4964E+00
  7.6491E-01 -1.2464E-01 -6.7977E-01  4.0213E-02  2.4964E+00
  6.7707E-01  1.6624E-01 -7.5641E-01  3.9683E-02  2.5977E+00
  3.6951E-01 -1.5725E-01  9.4708E-01  3.9683E-02  2.5977E+00
  9.8571E-01  1.0882E-01 -2.6538E-01  3.9143E-02  2.7067E+00
 -9.1930E-01 -1.6485E-01  4.2616E-01  3.9143E-02  2.7067E+00
  8.4989E-01 -1.4699E-01 -5.5676E-01  3.9143E-02  2.7067E+00
  9.8345E-01  1.5845E-01  2.4822E-01  3.9143E-02  2.7067E+00
 -1.0011E+00 -4.1203E-02  2.2373E-01  3.9143E-02  2.7067E+00
 -7.6226E-01  1.1429E-01  6.7808E-01  3.9143E-02  2.7067E+00
 -3.6875E-01  3.0877E-02 -9.5541E-01  3.8592E-02  2.8243E+00
  9.2388E-01  6.6911E-02  4.3785E-01  3.8592E-02  2.8243E+00
  9.9698E-01 -1.6290E-01 -1.5893E-01  3.8029E-02  2.9517E+00
  3.4421E-01  1.8064E-01 -9.4586E-01  3.8029E-02  2.9517E+00
  9.4758E-01 -1.2549E-01 -3.5818E-01  3.7452E-02  3.0900E+00
  3.1445E-01  1.5541E-01  9.5860E-01  3.7452E-02  3.0900E+00
  1.0032E+00  6.7136E-02 -1.6549E-01  3.6862E-02  3.2409E+00
  7.8143E-01  3.3824E-03  6.5396E-01  3.6862E-02  3.2409E+00
 -6.7822E-02  9.7759E-04 -1.0167E+00  3.6862E-02  3.2409E+00
  8.8380E-01 -1.2830E-01 -4.8709E-01  3.6256E-02  3.4062E+00
 -2.3827E-01 -1.6360E-01  9.7534E-01  3.6256E-02  3.4062E+00
  8.3380E-01 -2.3499E-02 -5.7942E-01  3.5633E-02  3.5880E+00
  1.0056E+00 -9.3209E-02  1.0759E-01  3.5633E-02  3.5880E+00
 -6.8548E-01 -1.0136E-01 -7.4252E-01  3.5633E-02  3.5880E+00
  8.9049E-01 -8.0842E-02 -4.7838E-01  3.4991E-02  3.7890E+00
  8.9892E-01 -7.0300E-02  4.6408E-01  3.4991E-02  3.7890E+00
  3.2018E-01  1.4701E-02  9.6209E-01  3.4991E-02  3.7890E+00
 -8.7544E-01  1.4243E-01 -4.9161E-01  3.4991E-02  3.7890E+00
  8.4368E-01  1.2486E-01  5.4589E-01  3.4329E-02  4.0125E+00
 -8.5178E-01 -4.4373E-02 -5.4579E-01  3.4329E-02  4.0125E+00
 -6.8103E-01  1.5185E-01  7.3192E-01  3.3644E-02  4.2626E+00
 -1.2307E-01  3.0282E-02  1.0032E+00  3.3644E-02  4.2626E+00
  3.8335E-01  6.6752E-02 -9.3194E-01  3.2934E-02  4.5444E+00
  8.4104E-01 -1.5875E-01 -5.3608E-01  3.2934E-02  4.5444E+00
 -1.0059E+00 -8.9279E-02 -1.0766E-02  3.2934E-02  4.5444E+00
 -1.1488E-01 -1.1225E-01 -9.9581E-01  3.2195E-02  4.8645E+00
 -1.3579E-01 -3.0330E-02  9.9904E-01  3.2195E-02  4.8645E+00
  3.7451E-01 -4.5406E-02  9.3424E-01  3.1425E-02  5.2312E+00
 -9.7244E-01  1.2366E-01  2.3281E-01  3.1425E-02  5.2312E+00
 -8.5138E-01  1.3580E-01  5.2137E-01  3.1425E-02  5.2312E+00
  2.2955E-02  2.9522E-02  1.0068E+00  3.1425E-02  5.2312E+00
 -9.0714E-01  1.5365E-01 -4.1063E-01  3.1425E-02  5.2312E+00
  1.8649E-01  6.9081E-02 -9.8662E-01  3.0618E-02  5.6557E+00
  9.1848E-01  1.7815E-01 -3.7097E-01  3.0618E-02  5.6557E+00
  9.6874E-01  7.3902E-02  2.5897E-01  2.9770E-02  6.1530E+00
 -8.3712E-01 -1.7139E-01  5.2994E-01  2.9770E-02  6.1530E+00
  9.8938E-01 -2.2643E-02  1.7255E-01  2.8874E-02  6.7438E+00
 -3.4506E-01  1.6021E-01 -9.2975E-01  2.8874E-02  6.7438E+00
 -4.7074E-02  2.7940E-02 -1.0015E+00  2.6903E-02  8.3369E+00
  5.8896E-01  1.2348E-02  8.1179E-01  2.6903E-02  8.3369E+00
  1.9109E-01 -1.5135E-02 -9.8384E-01  2.5804E-02  9.4481E+00
  2.5814E-01  4.9367E-02 -9.6727E-01  2.5804E-02  9.4481E+00
 -6.0678E-01 -1.3636E-01 -7.8608E-01  2.5804E-02  9.4481E+00
 -2.8307E-01  2.4743E-02  9.6123E-01  2.5804E-02  9.4481E+00
 -8.3950E-01 -5.2365E-02 -5.4515E-01  2.5804E-02  9.4481E+00
  8.9879E-01 -4.1544E-05  4.4369E-01  2.5804E-02  9.4481E+00
 -7.6233E-01  1.5797E-01 -6.3042E-01  2.4606E-02  1.0897E+01
  9.7348E-01  1.0169E-01  2.1339E-01  2.4606E-02  1.0897E+01
 -5.5577E-01  1.7059E-01  8.1582E-01  2.4606E-02  1.0897E+01
 -8.2011E-01 -8.0493E-02 -5.6962E-01  2.4606E-02  1.0897E+01
 -8.5704E-01  5.2726E-02  5.1420E-01  2.1787E-02  1.5696E+01
  8.4556E-01 -1.4363E-01 -5.1585E-01  2.1787E-02  1.5696E+01
 -1.9544E-01 -1.1405E-01  9.7494E-01  2.1787E-02  1.5696E+01
 -5.9863E-01  1.9992E-02  8.0142E-01  2.0058E-02  2.0115E+01
 -7.8031E-01  7.3150E-02 -6.2194E-01  2.0058E-02  2.0115E+01
 -9.8502E-01  6.8392E-02  1.6155E-01  2.0058E-02  2.0115E+01
 -9.8855E-01  9.1359E-02 -1.2439E-01  2.0058E-02  2.0115E+01
 -8.5935E-01 -4.3062E-02 -5.1010E-01  1.7969E-02  2.7981E+01
  9.7979E-01  1.6412E-01  1.1666E-01  1.7969E-02  2.7981E+01
 -8.3279E-01 -4.4792E-02  5.5226E-01  1.7969E-02  2.7981E+01
  6.2719E-01 -1.3869E-01 -7.6677E-01  1.7969E-02  2.7981E+01
