0.99977142857143D+00       620
(x,y,z) position of the X-ray source
  0.3373E+00  0.9254E-01  0.1766E+01
x | y | z | R | rho
 -2.6348E-01 -1.1762E-01  2.9097E+00  1.3485E-01  6.6205E-02
 -1.5394E+00  2.3178E-02  8.0258E-01  8.8536E-02  2.3391E-01
  1.2655E-01  1.3463E-01 -1.3042E+00  6.7024E-02  5.3917E-01
  1.5017E+00 -9.2210E-02  3.9715E+00  1.7732E-01  2.9115E-02
 -8.1548E-01  5.3804E-03 -1.5916E+00  9.0887E-02  2.1622E-01
  8.1032E-01 -1.2863E-01 -1.3377E+00  8.0640E-02  3.0957E-01
  7.0633E-01 -2.8546E-02  2.0473E+00  1.0676E-01  1.3340E-01
 -1.3209E+00 -1.2037E-02 -4.9256E-01  7.2362E-02  4.2843E-01
 -7.4215E-01  4.1450E-02  3.3865E+00  1.5305E-01  4.5280E-02
  1.0325E-01 -1.2913E-02  1.8903E+00  9.5476E-02  1.8652E-01
  1.6332E+00  1.3094E-01 -1.2147E+00  1.0164E-01  1.5459E-01
  1.5072E+00 -1.3005E-01  2.4099E+00  1.3210E-01  7.0420E-02
  1.3552E+00 -5.3870E-02  7.1323E-02  6.9445E-02  4.8471E-01
  8.2465E-02 -7.7050E-02  2.7445E+00  1.2861E-01  7.6309E-02
  1.2063E+00 -1.6982E-01 -4.2780E-01  6.5411E-02  5.8002E-01
  1.1198E+00 -7.0631E-02 -1.2661E+00  8.6490E-02  2.5091E-01
 -1.3333E+00  3.7593E-02  2.0327E-02  6.8028E-02  5.1564E-01
  1.0980E+00 -8.3915E-02  8.5611E-01  7.1528E-02  4.4358E-01
 -1.5085E+00  1.2402E-01  4.2489E+00  1.8513E-01  2.5583E-02
 -2.2230E-01 -8.7721E-02  3.4148E+00  1.5162E-01  4.6572E-02
 -1.7663E+00 -2.2406E-01  2.7599E+00  1.4706E-01  5.1038E-02
 -2.1861E-01 -1.2839E-01  1.4744E+00  7.6951E-02  3.5625E-01
  1.1478E+00 -2.1240E-01  3.3028E+00  1.5421E-01  4.4264E-02
  1.3901E+00 -6.2199E-02  5.5781E+00  2.1981E-01  1.5285E-02
 -1.5108E+00  2.9019E-01  4.7567E+00  1.9919E-01  2.0540E-02
  1.4060E+00 -5.3723E-03  1.8008E+00  1.1144E-01  1.1731E-01
  9.7928E-01 -3.8961E-02  2.3701E+00  1.2202E-01  8.9361E-02
 -4.9622E-01  2.3147E-02 -1.3472E+00  7.3780E-02  4.0420E-01
  1.5259E+00 -8.4611E-02 -6.9528E-01  8.5899E-02  2.5612E-01
 -1.5325E+00  5.0752E-02  7.0022E-01  8.6208E-02  2.5337E-01
  8.5989E-02  1.2661E-01  1.3954E+00  7.2026E-02  4.3444E-01
  7.9842E-02  1.1945E-01 -1.6591E+00  8.5259E-02  2.6193E-01
  1.2317E+00  4.2848E-02 -7.4560E-01  7.4025E-02  4.0019E-01
 -1.3658E+00  1.1631E-01  9.8256E-01  8.6248E-02  2.5302E-01
  2.5759E-01  5.0600E-02  2.0584E+00  1.0310E-01  1.4814E-01
  9.6901E-01 -1.0354E-01  5.0957E+00  2.0448E-01  1.8986E-02
  9.8062E-01 -2.4796E-02  3.0686E+00  1.4498E-01  5.3273E-02
  1.1587E+00 -1.1227E-02  1.8304E+00  1.0678E-01  1.3333E-01
  1.2631E+00 -1.8803E-01 -1.4282E+00  9.6449E-02  1.8093E-01
  1.9729E+00  2.2942E-01  8.0243E+00  2.8294E-01  7.1664E-03
 -1.8884E+00  6.6986E-02  1.0093E-01  9.5441E-02  1.8673E-01
 -6.5569E-01  1.7920E-01  1.6624E+00  9.1227E-02  2.1381E-01
  4.7345E-02  9.8495E-02  1.3225E+00  6.7611E-02  5.2524E-01
 -1.1151E+00 -1.1171E-01  2.9236E+00  1.4194E-01  5.6772E-02
 -1.7450E+00 -1.9355E-03  8.8080E+00  2.9952E-01  6.0410E-03
 -1.8193E+00 -4.0765E-03 -1.5466E+00  1.1540E-01  1.0563E-01
 -1.9394E+00  8.6791E-02  4.0309E+00  1.8407E-01  2.6031E-02
  1.7087E+00  1.6396E-01  9.5649E+00  3.1623E-01  5.1333E-03
  3.2244E-01 -2.6807E-01  5.9921E+00  2.2667E-01  1.3938E-02
 -2.1553E-01  1.3534E-01  3.6373E+00  1.5880E-01  4.0540E-02
  1.7848E+00 -4.2231E-02  3.4991E-01  9.2257E-02  2.0673E-01
  5.3070E-01  1.3418E-01  1.2257E+00  6.8526E-02  5.0447E-01
  1.8854E+00  1.8757E-03 -6.2330E-01  9.9405E-02  1.6526E-01
 -1.6188E+00  1.4161E-01 -4.2540E-02  8.3373E-02  2.8011E-01
  8.4061E-01 -1.0980E-01  3.1068E+00  1.4494E-01  5.3316E-02
  1.3632E+00 -9.0511E-02  5.2456E-02  6.9968E-02  4.7392E-01
  1.9222E+00 -3.2226E-02  1.6357E+00  1.2052E-01  9.2739E-02
  3.7051E-02  1.0837E-01  5.7195E+00  2.1905E-01  1.5444E-02
  1.5615E+00 -8.9402E-02  8.2759E-01  9.0044E-02  2.2235E-01
 -1.4769E+00  1.7378E-02  4.8734E+00  2.0181E-01  1.9752E-02
  1.3066E-01 -1.1788E-01  2.2896E+00  1.1189E-01  1.1588E-01
 -2.3555E-01 -5.6366E-02  1.7856E+00  9.1492E-02  2.1196E-01
  1.6509E+00  2.9398E-01  5.0128E+00  2.0720E-01  1.8250E-02
  5.6043E-01 -1.4355E-01 -1.2033E+00  6.8094E-02  5.1414E-01
  1.5871E+00 -3.2277E-02  8.0128E-01  9.0431E-02  2.1951E-01
  1.0935E+00  4.3199E-02  8.6798E-01  7.1637E-02  4.4156E-01
 -1.0714E+00 -9.3429E-02  7.3309E-01  6.6060E-02  5.6311E-01
 -9.1369E-01 -1.7561E-01  5.2128E+00  2.0745E-01  1.8182E-02
 -1.7536E+00  1.1978E-01  6.2766E+00  2.3998E-01  1.1746E-02
  8.6038E-01  5.6983E-02  1.0047E+00  6.7427E-02  5.2955E-01
  8.7322E-01 -8.6055E-03 -1.3741E+00  8.3496E-02  2.7887E-01
  1.3592E+00  1.5956E-01 -4.0320E-01  7.3281E-02  4.1251E-01
 -1.0998E+00  1.7892E-03  1.0651E+00  7.8733E-02  3.3261E-01
 -6.2135E-01 -4.0897E-02  1.2111E+00  6.9656E-02  4.8031E-01
  1.6644E+00  5.4346E-03  8.5779E-01  9.4584E-02  1.9185E-01
  6.1567E-01 -1.1350E-01  1.5559E+00  8.5811E-02  2.5691E-01
  1.1926E+00 -7.6312E-02  7.5700E-01  7.2624E-02  4.2381E-01
 -1.8926E+00 -4.4543E-02 -3.1751E-01  9.6610E-02  1.8003E-01
 -1.3394E+00  1.2631E-01 -1.4018E-01  6.9122E-02  4.9153E-01
  1.6970E+00 -1.6512E-01 -7.1059E-01  9.3481E-02  1.9871E-01
  2.0077E-01  3.1761E-02  3.9723E+00  1.6915E-01  3.3543E-02
 -9.7639E-01 -1.7667E-01  5.0211E+00  2.0253E-01  1.9540E-02
 -5.2269E-01  7.5950E-02  5.0874E+00  2.0244E-01  1.9568E-02
 -3.9588E-01 -9.5284E-03  1.5169E+00  8.0567E-02  3.1041E-01
 -1.0538E+00  4.6658E-02  1.6980E+00  9.9958E-02  1.6254E-01
  1.5097E+00  8.1535E-02  2.3484E+00  1.3025E-01  7.3461E-02
 -1.1008E-01 -2.3890E-01  8.2754E+00  2.8325E-01  7.1431E-03
  8.9587E-01 -2.0359E-02  9.3623E-01  6.5713E-02  5.7206E-01
 -4.4047E-01 -5.2907E-02  1.5899E+00  8.4567E-02  2.6841E-01
 -5.9751E-01  1.8167E-02 -1.7598E+00  9.3982E-02  1.9556E-01
  3.0396E-01  2.9691E-02  1.2309E+00  6.3948E-02  6.2075E-01
 -1.5102E+00  1.0388E-01 -1.6670E+00  1.1015E-01  1.2145E-01
 -3.1006E-01 -4.9554E-02 -1.6032E+00  8.3761E-02  2.7624E-01
  1.6629E+00 -1.7814E-01  5.8532E-01  9.0148E-02  2.2158E-01
  1.0067E+00  8.8568E-02  7.2502E-01  6.2325E-02  6.7052E-01
 -1.0027E-01  6.7001E-02  2.1095E+00  1.0463E-01  1.4171E-01
 -1.5817E+00  1.2475E-01  9.2435E-03  8.1491E-02  2.9997E-01
  1.4846E+00 -9.2041E-02  2.3374E+00  1.2946E-01  7.4824E-02
  1.0667E+00 -1.7160E-01  6.1507E-01  6.2294E-02  6.7154E-01
 -1.2330E+00  2.7372E-01  6.1694E+00  2.3428E-01  1.2624E-02
 -5.2576E-01 -1.3646E-01  4.3276E+00  1.8074E-01  2.7493E-02
 -3.9826E-02 -1.2103E-03  1.8541E+00  9.3806E-02  1.9666E-01
 -5.6947E-01 -4.8816E-02 -1.1627E+00  6.5689E-02  5.7270E-01
  7.5344E-01 -1.4655E-02 -1.0118E+00  6.3518E-02  6.3345E-01
  5.1031E-01 -1.5434E-01  1.4940E+00  8.1475E-02  3.0015E-01
  6.8197E-01 -6.4586E-02 -1.1638E+00  6.8996E-02  4.9423E-01
 -1.7332E+00  1.8959E-01  8.9227E+00  3.0209E-01  5.8883E-03
  2.8812E-01 -8.9366E-02  1.6761E+00  8.7014E-02  2.4640E-01
  1.1943E+00  2.4352E-02 -1.6917E+00  1.0293E-01  1.4887E-01
  1.0042E+00 -3.1159E-01  9.3391E+00  3.0906E-01  5.4992E-03
  1.4040E+00 -1.6898E-01  1.2988E+00  9.6631E-02  1.7991E-01
 -2.9709E-01 -1.3299E-01  1.3783E+00  7.2709E-02  4.2231E-01
  1.7571E+00 -8.2315E-02 -2.8269E-01  9.0585E-02  2.1839E-01
  1.4063E+00  8.0191E-02 -1.0443E+00  8.9319E-02  2.2781E-01
 -1.7239E+00 -1.5413E-01  2.4464E+00  1.3736E-01  6.2636E-02
 -7.6668E-01  2.1097E-03  5.4737E+00  2.1382E-01  1.6607E-02
  1.4396E+00  1.7460E-01  1.6302E-01  7.5029E-02  3.8434E-01
 -1.2594E+00 -2.0954E-02  7.5674E-01  7.5565E-02  3.7623E-01
  3.4005E-01 -7.1195E-02  3.7787E+00  1.6348E-01  3.7155E-02
  5.7781E-01 -2.5812E-03 -1.6197E+00  8.7780E-02  2.4001E-01
  1.6572E+00  2.5169E-01  4.6788E+00  1.9836E-01  2.0798E-02
 -8.1181E-01  9.9692E-02  1.1338E+00  7.1708E-02  4.4025E-01
 -1.2233E+00 -1.1782E-01  6.5649E-01  7.1445E-02  4.4513E-01
  1.5070E+00  1.1355E-02 -1.5267E+00  1.0593E-01  1.3655E-01
 -1.1032E+00  1.7770E-01  9.8357E-01  7.6569E-02  3.6162E-01
  9.7934E-01  9.9932E-02  1.3113E+00  8.4048E-02  2.7342E-01
  1.9090E+00 -1.2143E-01 -6.7358E-01  1.0116E-01  1.5680E-01
  6.2105E-01 -1.6320E-01  1.1211E+00  6.5465E-02  5.7860E-01
  6.4189E-02  1.4666E-01  3.4749E+00  1.5342E-01  4.4952E-02
 -1.1114E+00 -1.2386E-01 -8.5579E-01  7.2267E-02  4.3011E-01
  6.2206E-01 -2.6979E-02 -1.4487E+00  8.1011E-02  3.0533E-01
 -1.4610E+00 -1.5970E-01  8.4545E-01  8.6666E-02  2.4938E-01
 -1.6387E+00  1.7043E-01  1.9548E+00  1.2171E-01  9.0038E-02
  1.0797E+00 -8.5973E-02  2.8905E+00  1.4044E-01  5.8607E-02
  4.2813E-01 -5.8603E-02 -1.3363E+00  7.2063E-02  4.3377E-01
 -2.0869E-01 -4.8137E-02  2.7171E+00  1.2785E-01  7.7680E-02
 -1.3038E+00 -1.5094E-01  1.3373E+00  9.4641E-02  1.9150E-01
 -4.9344E-01  6.3570E-02 -1.2534E+00  6.8883E-02  4.9666E-01
  1.2974E+00  1.1975E-01 -4.0365E-01  6.9783E-02  4.7771E-01
 -7.5892E-01  1.6596E-01 -1.0652E+00  6.7094E-02  5.3748E-01
  1.7242E+00 -5.0606E-02 -4.5832E-01  9.0728E-02  2.1736E-01
  2.1658E-01  1.7123E-02 -1.2489E+00  6.3912E-02  6.2181E-01
 -1.2340E+00 -2.6264E-01  9.2518E+00  3.0768E-01  5.5731E-03
  1.6289E+00  6.2360E-02 -6.0616E-01  8.8668E-02  2.3287E-01
  3.7856E-01  5.0859E-02  1.7376E+00  9.0470E-02  2.1922E-01
  1.7027E+00  2.9650E-02  1.4308E+00  1.0907E-01  1.2510E-01
 -1.7735E+00  1.0192E-01 -1.1762E+00  1.0535E-01  1.3885E-01
 -8.9609E-01 -1.2836E-01  9.7912E-01  6.7996E-02  5.1636E-01
 -6.6293E-01 -5.7026E-02  1.1000E+00  6.5063E-02  5.8938E-01
 -4.7313E-01 -8.3559E-02  1.3899E+00  7.5626E-02  3.7530E-01
 -5.2893E-01 -8.7874E-04  1.2480E+00  6.9291E-02  4.8796E-01
 -1.6015E+00  1.3749E-01  8.3684E-02  8.2608E-02  2.8797E-01
  1.7329E-01 -1.4910E-01  2.7523E+00  1.2914E-01  7.5371E-02
 -9.4021E-01 -1.8540E-01 -8.6563E-01  6.5427E-02  5.7959E-01
 -6.9448E-01 -1.4817E-01  2.5009E+00  1.2330E-01  8.6602E-02
 -1.3301E+00  7.1106E-03  5.3489E-01  7.3658E-02  4.0620E-01
 -1.2265E+00 -1.4562E-01 -1.1490E+00  8.6269E-02  2.5284E-01
  9.9568E-01 -3.1119E-02 -7.5752E-01  6.2846E-02  6.5399E-01
 -1.1208E+00 -5.8787E-02 -1.6455E+00  9.9657E-02  1.6401E-01
  6.2145E-01  1.1405E-02 -1.0833E+00  6.2680E-02  6.5920E-01
  1.7248E+00 -8.2626E-02  2.5240E+00  1.3946E-01  5.9845E-02
  1.3313E+00  3.8884E-02  2.5130E+00  1.3206E-01  7.0490E-02
  2.8541E-01  1.4958E-01  4.8713E+00  1.9587E-01  2.1604E-02
  3.9512E-01 -9.6446E-02  4.6594E+00  1.8999E-01  2.3672E-02
  1.0910E+00  3.5271E-02  1.1495E+00  8.1421E-02  3.0074E-01
  1.0603E+00 -2.2869E-02  1.6925E+00  9.9887E-02  1.6288E-01
  1.8624E-02  1.6062E-02 -1.2713E+00  6.4165E-02  6.1448E-01
 -5.5289E-01  1.8251E-01  1.7130E+00  9.1814E-02  2.0974E-01
  1.3514E+00  2.6240E-01  8.5853E+00  2.9297E-01  6.4557E-03
  1.5429E+00  1.9344E-01  2.3566E+00  1.3133E-01  7.1672E-02
 -3.4488E-01 -8.2051E-02  1.3928E+00  7.3852E-02  4.0301E-01
  1.2032E+00 -1.4563E-01  6.9071E-01  7.1537E-02  4.4341E-01
 -6.9340E-01 -1.8912E-01  2.3554E+00  1.1822E-01  9.8241E-02
  7.2244E-01 -2.5185E-02  1.7287E+00  9.4641E-02  1.9150E-01
  1.2489E+00  6.2707E-02  6.3153E-01  7.1868E-02  4.3732E-01
  4.9414E-01  7.1604E-02  1.5266E+00  8.2444E-02  2.8968E-01
  1.4514E+00  6.9284E-02 -4.0248E-01  7.7554E-02  3.4800E-01
  1.6567E+00  9.1986E-02 -4.8398E-01  8.8179E-02  2.3676E-01
  1.2009E+00 -2.4282E-01  6.3785E+00  2.3939E-01  1.1833E-02
  8.5075E-01  6.7331E-02 -1.2896E+00  7.9505E-02  3.2301E-01
  1.8933E+00  5.6404E-02  1.6024E+00  1.1891E-01  9.6544E-02
 -4.1792E-01 -2.6721E-02 -1.7488E+00  9.1326E-02  2.1312E-01
  7.8944E-01 -1.1208E-02 -1.2044E+00  7.4009E-02  4.0045E-01
  1.3691E+00 -1.2576E-02 -4.0025E-01  7.3270E-02  4.1270E-01
  1.0339E+00 -1.7680E-01  1.8475E+00  1.0510E-01  1.3983E-01
  1.3742E+00  1.4746E-01  1.6969E-01  7.1395E-02  4.4606E-01
  1.2511E+00  2.0421E-01  9.6406E+00  3.1636E-01  5.1270E-03
  1.9262E+00 -1.5327E-01  4.0116E+00  1.8344E-01  2.6299E-02
 -1.4268E+00 -7.5352E-02 -7.5418E-01  8.2899E-02  2.8495E-01
 -1.5355E+00  3.2163E-02  1.7830E+00  1.1408E-01  1.0933E-01
  1.7691E-01  1.6726E-01  3.8292E+00  1.6480E-01  3.6271E-02
 -1.6875E+00  2.6874E-01  3.8508E+00  1.7630E-01  2.9623E-02
  2.7527E-01 -1.7344E-01 -1.3911E+00  7.3387E-02  4.1071E-01
  5.4433E-01  2.9523E-01  7.5227E+00  2.6572E-01  8.6523E-03
  2.6782E-01  1.1218E-01  3.5328E+00  1.5555E-01  4.3128E-02
 -1.6885E+00  3.7996E-02  2.3039E-01  8.7086E-02  2.4579E-01
 -1.8405E+00  1.6317E-01  9.7432E+00  3.2066E-01  4.9236E-03
  1.1271E+00  1.6920E-01  2.3354E+00  1.2326E-01  8.6685E-02
 -1.3896E+00  1.2306E-01  1.9434E+00  1.1557E-01  1.0517E-01
 -2.0187E+00  2.7623E-02  6.8516E+00  2.5575E-01  9.7040E-03
 -6.0064E-03  1.2400E-01  2.0646E+00  1.0282E-01  1.4935E-01
 -8.4230E-01  1.2944E-01 -1.0671E+00  6.9877E-02  4.7578E-01
 -1.2769E+00  2.0150E-01  8.0710E+00  2.8075E-01  7.3355E-03
  7.0444E-01  1.5732E-01  3.5367E+00  1.5763E-01  4.1444E-02
  1.7325E+00  3.6523E-02  1.3024E+00  1.0683E-01  1.3313E-01
  9.2890E-01 -4.4178E-03 -1.7620E+00  9.9660E-02  1.6400E-01
 -1.3068E+00 -3.3274E-02  1.6031E+00  1.0283E-01  1.4931E-01
 -8.2097E-01  1.1299E-01  1.4080E+00  8.3766E-02  2.7619E-01
  1.8602E-01 -1.3923E-01 -1.7501E+00  8.9861E-02  2.2372E-01
 -4.7826E-01 -1.6598E-01 -1.1373E+00  6.2405E-02  6.6794E-01
  1.8066E-02  3.1243E-01  7.3814E+00  2.6181E-01  9.0462E-03
  1.9219E+00  1.7993E-01  8.5101E+00  2.9369E-01  6.4080E-03
  6.7324E-01 -1.1897E-01  2.7492E+00  1.3166E-01  7.1124E-02
 -1.2967E+00 -1.1154E-01 -2.2748E-01  6.7261E-02  5.3347E-01
 -6.3041E-01 -1.1242E-01  2.1903E+00  1.1133E-01  1.1763E-01
  8.0220E-01  4.6308E-02 -1.7724E+00  9.7736E-02  1.7388E-01
 -1.3063E+00  1.3366E-01 -1.0994E+00  8.7453E-02  2.4270E-01
 -1.6041E-01  1.1565E-01  1.2742E+00  6.5303E-02  5.8291E-01
 -1.1772E+00 -4.5442E-02 -5.8579E-01  6.6926E-02  5.4154E-01
 -1.2063E-02 -2.2713E-01  6.5272E+00  2.4032E-01  1.1697E-02
 -1.1705E+00 -1.2285E-01 -4.4202E-01  6.3229E-02  6.4217E-01
 -1.1239E+00 -5.2246E-02  1.6567E+00  1.0011E-01  1.6181E-01
  1.5736E+00  3.9195E-02  3.5211E-01  8.2769E-02  2.8629E-01
 -3.7813E-01 -1.5824E-01  1.1895E+00  6.3290E-02  6.4033E-01
 -1.7345E+00  1.2446E-02  1.0242E-01  8.8600E-02  2.3340E-01
  7.2592E-01  1.0808E-01  1.0452E+00  6.4526E-02  6.0422E-01
  1.5768E-01  2.4555E-02  2.5111E+00  1.2022E-01  9.3427E-02
  8.9858E-01  5.3013E-02 -9.3688E-01  6.5917E-02  5.6678E-01
  4.5660E-02  1.6637E-01 -1.2341E+00  6.2488E-02  6.6530E-01
 -1.4794E+00 -1.3316E-01  1.0702E+00  9.2764E-02  2.0336E-01
  8.7792E-01 -1.9689E-01  3.4185E+00  1.5524E-01  4.3391E-02
 -1.8666E+00  1.5612E-01  2.0041E+00  1.2848E-01  7.6544E-02
 -9.6772E-01  4.4542E-02  8.2654E-01  6.4286E-02  6.1103E-01
  5.5253E-01  5.0736E-02  1.5461E+00  8.4186E-02  2.7207E-01
  1.6707E+00  5.3231E-02 -1.5246E+00  1.1057E-01  1.2009E-01
  1.3911E-01 -1.9665E-01  3.9044E+00  1.6712E-01  3.4777E-02
 -1.6715E+00 -1.4225E-01  5.8428E+00  2.2857E-01  1.3594E-02
 -1.9167E+00  1.5170E-01  1.3258E+00  1.1340E-01  1.1132E-01
  1.3608E+00 -1.0545E-01 -5.7462E-01  7.6164E-02  3.6741E-01
 -1.4122E+00  1.4847E-02 -1.8348E+00  1.1263E-01  1.1363E-01
  1.2652E+00  2.0894E-02 -5.4398E-01  7.0546E-02  4.6237E-01
 -1.2422E+00  1.7754E-02 -1.2386E-01  6.2647E-02  6.6025E-01
  1.5631E+00 -1.8501E-01  1.9302E+00  1.1927E-01  9.5677E-02
  1.6465E+00 -2.5938E-01  3.9327E+00  1.7806E-01  2.8757E-02
  1.9081E+00 -1.4669E-01  8.6562E-01  1.0413E-01  1.4379E-01
 -1.0809E+00  1.3848E-01 -6.8123E-01  6.5031E-02  5.9025E-01
 -1.2880E+00 -1.5409E-01 -2.0196E-02  6.5802E-02  5.6976E-01
 -1.2373E+00 -1.6665E-01 -6.8244E-01  7.3070E-02  4.1609E-01
  1.9095E+00  1.4103E-01  1.2137E+00  1.1075E-01  1.1951E-01
 -5.7068E-01  9.4799E-02 -1.2463E+00  7.0355E-02  4.6614E-01
  3.5237E-02  9.7717E-02 -1.2997E+00  6.6205E-02  5.5941E-01
 -1.3702E+00 -3.1976E-01  8.9872E+00  3.0221E-01  5.8813E-03
  1.1685E+00  1.7427E-01  1.6953E+00  1.0274E-01  1.4969E-01
  1.1729E+00 -2.3782E-02  7.5154E+00  2.6714E-01  8.5152E-03
  1.8259E+00 -1.3015E-01  2.2550E+00  1.3417E-01  6.7212E-02
 -1.1330E+00  1.4768E-01  1.1702E+00  8.3850E-02  2.7536E-01
  6.2134E-01  1.4816E-01  1.1821E+00  6.8600E-02  5.0285E-01
  2.0754E+00  2.8797E-01  9.0915E+00  3.0751E-01  5.5824E-03
  8.5385E-01 -2.3593E-01  8.7945E+00  2.9630E-01  6.2404E-03
  1.8296E+00  1.6233E-01  8.8540E-01  1.0162E-01  1.5470E-01
  1.2388E+00  1.0710E-02 -2.1097E-01  6.3194E-02  6.4324E-01
 -1.5923E+00  2.1066E-01  2.3426E+00  1.3192E-01  7.0703E-02
 -1.1704E+00 -4.6552E-03  4.3959E-01  6.2761E-02  6.5666E-01
  1.1519E+00  8.3402E-02  1.5368E+00  9.6731E-02  1.7935E-01
 -1.6491E+00  2.4612E-01  3.1901E+00  1.5731E-01  4.1699E-02
  8.8233E-01 -7.1160E-02 -8.9273E-01  6.3226E-02  6.4226E-01
  1.7297E+00 -2.2580E-01  8.1439E+00  2.8441E-01  7.0562E-03
 -6.2405E-01  3.8583E-02  1.5424E+00  8.5211E-02  2.6237E-01
  3.1691E-01 -1.1577E-01 -1.2976E+00  6.8425E-02  5.0672E-01
 -1.3222E+00 -1.6480E-01  1.7043E-03  6.7936E-02  5.1774E-01
 -1.3693E+00 -9.1455E-03 -9.1549E-01  8.4403E-02  2.6998E-01
  1.1420E+00  1.0099E-01 -7.2236E-01  6.9266E-02  4.8848E-01
 -1.0256E+00 -1.4989E-01  2.0548E+00  1.1209E-01  1.1528E-01
 -1.1680E+00 -8.5464E-02  6.1684E-01  6.7411E-02  5.2993E-01
 -7.0035E-01  1.6749E-01  1.4427E+00  8.2744E-02  2.8654E-01
  1.2488E+00 -8.4362E-02  9.4297E-01  8.0534E-02  3.1079E-01
 -1.5454E-01  1.4103E-01  2.1226E+00  1.0544E-01  1.3849E-01
  1.7118E+00  1.3820E-01  4.3206E+00  1.8919E-01  2.3974E-02
  8.0785E-01  1.6886E-01 -1.0428E+00  6.7784E-02  5.2122E-01
 -1.2538E+00 -1.3041E-01 -4.9528E-01  6.9227E-02  4.8930E-01
  1.0319E+00 -6.3792E-03 -1.0826E+00  7.6929E-02  3.5657E-01
 -1.6508E+00 -6.8697E-02  9.8456E-01  9.6769E-02  1.7914E-01
 -1.2172E+00 -1.5335E-01  4.9072E-01  6.7268E-02  5.3331E-01
  8.4762E-01 -8.6197E-02  1.0733E+00  7.0147E-02  4.7031E-01
  2.8586E-02  2.4541E-01  3.5930E+00  1.5737E-01  4.1650E-02
 -1.4150E-01 -4.4552E-02  1.6951E+00  8.6947E-02  2.4697E-01
  1.5614E+00  1.6224E-01  3.5339E-01  8.2584E-02  2.8821E-01
  9.3829E-02 -8.0252E-02  1.4299E+00  7.3746E-02  4.0476E-01
 -3.4226E-01 -2.6702E-01  4.4783E+00  1.8481E-01  2.5718E-02
 -3.6907E-01  2.0331E-01  4.0078E+00  1.7075E-01  3.2605E-02
 -1.5123E+00 -3.3650E-02  3.7006E-01  8.0049E-02  3.1647E-01
 -1.7824E+00  9.4938E-03 -6.4822E-01  9.5625E-02  1.8565E-01
 -3.4087E-01 -1.8745E-01  2.2529E+00  1.1150E-01  1.1712E-01
 -1.7801E+00  1.6645E-01  2.9787E+00  1.5327E-01  4.5082E-02
 -7.8946E-01  1.6739E-01  9.0448E+00  3.0185E-01  5.9026E-03
 -1.5742E+00  1.0078E-01  6.8626E+00  2.5323E-01  9.9969E-03
 -2.7348E-01  1.5698E-01 -1.5123E+00  7.9425E-02  3.2399E-01
  1.2379E+00  3.8449E-02  2.1908E+00  1.2024E-01  9.3380E-02
  1.2842E+00 -1.2462E-02  2.8637E+00  1.4219E-01  5.6470E-02
  1.4086E+00 -7.7257E-02  4.8070E+00  1.9948E-01  2.0449E-02
  1.3048E+00  4.2977E-02  2.4839E+00  1.3072E-01  7.2680E-02
 -1.3777E+00  5.4022E-02 -7.9161E-01  8.1651E-02  2.9821E-01
  2.4947E-01 -1.3507E-01  8.0479E+00  2.7788E-01  7.5656E-03
 -1.3027E+00 -1.7746E-01  8.1163E-01  7.9441E-02  3.2379E-01
 -6.8880E-01 -3.2144E-02  1.2581E+00  7.3717E-02  4.0523E-01
 -5.0481E-01  8.9434E-02 -1.4431E+00  7.8755E-02  3.3233E-01
 -5.3980E-01 -2.3625E-01  5.9194E+00  2.2513E-01  1.4226E-02
 -1.3349E+00 -9.6996E-02  1.3561E+00  9.5999E-02  1.8349E-01
  1.2514E-01  3.8750E-02  2.3380E+00  1.1364E-01  1.1062E-01
 -6.4756E-01 -5.2540E-02  2.4847E+00  1.2214E-01  8.9085E-02
  1.5135E+00 -2.0068E-03  4.3589E+00  1.8816E-01  2.4367E-02
  1.1293E+00  1.7189E-01  6.5384E-01  6.6957E-02  5.4077E-01
 -6.9180E-02 -5.0042E-02 -1.2901E+00  6.5521E-02  5.7713E-01
 -1.2700E+00 -1.3969E-01 -6.6612E-01  7.4050E-02  3.9979E-01
  4.5696E-01  1.8232E-01  2.8787E+00  1.3472E-01  6.6386E-02
 -5.4161E-01  8.7974E-02  1.5625E+00  8.4821E-02  2.6601E-01
  1.4476E+00  2.3811E-02  2.1604E+00  1.2333E-01  8.6531E-02
  1.6663E+00  1.2473E-02  1.6431E+00  1.1358E-01  1.1079E-01
 -1.0209E+00 -3.0505E-02  2.5185E+00  1.2757E-01  7.8189E-02
 -1.1769E+00 -1.8204E-01  6.4976E-01  6.9355E-02  4.8659E-01
 -1.4242E+00 -4.6212E-02  4.2027E+00  1.8300E-01  2.6489E-02
 -1.3606E+00 -1.6687E-01 -3.3909E-03  7.0173E-02  4.6978E-01
  8.7346E-01 -3.6297E-02  1.4210E+00  8.5403E-02  2.6060E-01
  1.7228E+00  4.9435E-02 -6.6461E-01  9.3483E-02  1.9870E-01
 -1.4287E+00  2.5319E-01  4.3015E+00  1.8599E-01  2.5231E-02
  1.3817E+00  7.6390E-02  3.2443E+00  1.5499E-01  4.3603E-02
  1.7768E+00 -3.4210E-02  2.6329E+00  1.4347E-01  5.4973E-02
  1.2928E+00 -1.1173E-01  2.6471E-01  6.7451E-02  5.2899E-01
  9.2473E-01  1.4479E-01 -1.3009E+00  8.2269E-02  2.9154E-01
  5.8342E-01 -1.0218E-01  3.6304E+00  1.5982E-01  3.9766E-02
  1.8130E+00  1.7286E-01  8.7329E-01  1.0082E-01  1.5840E-01
 -9.8536E-01  1.0839E-01 -8.4781E-01  6.6237E-02  5.5861E-01
 -9.6972E-01  7.0640E-02  4.0948E+00  1.7617E-01  2.9688E-02
 -8.3562E-01  9.5199E-02  1.0753E+00  6.9846E-02  4.7640E-01
 -3.5141E-01 -4.5113E-02  1.6915E+00  8.8171E-02  2.3682E-01
  7.0794E-02  1.2062E-01  1.4068E+00  7.2577E-02  4.2463E-01
 -1.0765E+00  4.4988E-02 -7.6998E-01  6.7448E-02  5.2904E-01
  1.1583E+00 -1.4011E-01  7.6013E-01  7.1401E-02  4.4595E-01
 -1.6746E+00 -8.1581E-02  1.8143E+00  1.1851E-01  9.7519E-02
 -4.8032E-01 -7.3071E-02 -1.1735E+00  6.4071E-02  6.1720E-01
 -4.4939E-01  3.0461E-02 -1.1785E+00  6.3522E-02  6.3333E-01
 -2.4972E-01  1.2949E-01  1.2527E+00  6.4953E-02  5.9239E-01
 -7.7615E-01 -1.4682E-02 -1.0414E+00  6.5896E-02  5.6733E-01
 -7.0205E-01 -1.2057E-01  1.6110E+00  8.9679E-02  2.2507E-01
 -3.1344E-01  9.5752E-02  8.5430E+00  2.8958E-01  6.6850E-03
 -9.3805E-02  1.8001E-01 -1.2452E+00  6.3518E-02  6.3344E-01
 -1.3283E+00  1.3492E-02  2.7027E-02  6.7708E-02  5.2298E-01
 -1.2282E+00 -6.4786E-02  8.5844E-01  7.7147E-02  3.5354E-01
  7.6091E-02  5.6361E-02  2.0785E+00  1.0332E-01  1.4717E-01
 -1.1636E+00 -1.1167E-01  1.7597E+00  1.0462E-01  1.4177E-01
 -9.8972E-02 -1.0699E-01  2.2285E+00  1.0943E-01  1.2388E-01
 -3.7160E-01 -8.7576E-02  1.3265E+00  7.0715E-02  4.5906E-01
 -6.8117E-01 -9.7120E-03  2.4219E+00  1.2021E-01  9.3451E-02
 -1.6357E+00  1.7107E-01  3.9336E+00  1.7782E-01  2.8870E-02
 -1.0342E+00  3.4500E-02  1.0029E+00  7.4055E-02  3.9970E-01
 -1.1911E+00 -2.5415E-01  4.5216E+00  1.9015E-01  2.3611E-02
  7.9009E-01  7.7748E-02  2.3893E+00  1.2028E-01  9.3292E-02
  1.4736E+00  2.9491E-02 -5.9507E-01  8.1631E-02  2.9842E-01
  1.3234E+00  1.5277E-01  1.3040E+00  9.4224E-02  1.9405E-01
  1.7309E+00  2.0964E-02 -1.5564E+00  1.1311E-01  1.1219E-01
 -8.1165E-03  5.9107E-02  1.3143E+00  6.6928E-02  5.4149E-01
 -1.2822E+00 -1.2147E-02 -2.4715E-01  6.6327E-02  5.5633E-01
 -1.7903E+00 -1.6644E-01  1.9288E+00  1.2465E-01  8.3807E-02
  1.2138E+00  4.2473E-02  1.1526E+00  8.5687E-02  2.5803E-01
  1.3658E+00  4.0584E-02 -9.6581E-01  8.5633E-02  2.5851E-01
 -1.1840E+00 -6.4987E-02 -1.0440E+00  8.1160E-02  3.0365E-01
 -1.0740E+00 -1.6965E-02  1.6778E+00  9.9676E-02  1.6392E-01
  1.5735E+00  1.0906E-01  2.0570E-01  8.1686E-02  2.9782E-01
 -1.2090E+00 -1.5289E-01 -1.4642E+00  9.5987E-02  1.8356E-01
  6.5824E-01 -1.5506E-01  1.6009E+00  8.8614E-02  2.3329E-01
 -4.5617E-01  7.1084E-02 -1.2010E+00  6.5131E-02  5.8753E-01
 -6.4955E-01  5.5077E-04 -1.1414E+00  6.6783E-02  5.4500E-01
 -1.5747E+00  1.2541E-03 -4.4761E-01  8.3925E-02  2.7461E-01
 -1.9475E-02  1.4093E-01 -1.7266E+00  8.8365E-02  2.3527E-01
  9.2779E-01 -5.3864E-02 -8.8260E-01  6.4813E-02  5.9623E-01
 -1.5146E+00 -6.6026E-02 -1.4893E+00  1.0513E-01  1.3972E-01
  7.6467E-02 -9.9483E-02  2.9648E+00  1.3635E-01  6.4036E-02
  1.0940E+00 -4.1749E-02 -1.4165E+00  9.0970E-02  2.1563E-01
 -1.6121E+00  7.9158E-02  4.5274E+00  1.9371E-01  2.2333E-02
 -4.0233E-01  3.4596E-02 -1.3101E+00  7.0180E-02  4.6963E-01
  1.3063E-01  1.9158E-01  3.1318E+00  1.4225E-01  5.6393E-02
 -6.4057E-01  8.9625E-03  1.5699E+00  8.6671E-02  2.4934E-01
 -6.9190E-01  5.5898E-03  7.7827E+00  2.7214E-01  8.0539E-03
 -6.7962E-01 -5.7930E-02 -1.0366E+00  6.2134E-02  6.7672E-01
 -8.5008E-01  6.3500E-02 -9.0177E-01  6.2134E-02  6.7672E-01
 -5.5276E-01  1.3394E-01 -1.1029E+00  6.2134E-02  6.7672E-01
 -4.5026E-02  2.0537E-03  1.2401E+00  6.2134E-02  6.7672E-01
  1.2152E+00  1.0599E-02  2.2168E-01  6.1750E-02  6.8943E-01
  5.4489E-01 -7.6675E-03  1.1024E+00  6.1365E-02  7.0248E-01
 -2.2802E-02  5.0068E-02 -1.2285E+00  6.1365E-02  7.0248E-01
  9.9668E-01 -3.7327E-03  7.2031E-01  6.1365E-02  7.0248E-01
 -4.9822E-01 -9.4475E-02 -1.1142E+00  6.0980E-02  7.1587E-01
  1.1435E-01  1.8168E-01  1.2052E+00  6.0980E-02  7.1587E-01
 -6.7734E-01 -1.7580E-01 -1.0045E+00  6.0980E-02  7.1587E-01
  4.5726E-01  6.5749E-02 -1.1278E+00  6.0595E-02  7.2962E-01
 -3.3894E-01  5.4678E-02  1.1694E+00  6.0595E-02  7.2962E-01
 -1.1780E+00 -1.5037E-01 -2.7400E-01  6.0595E-02  7.2962E-01
 -1.2090E+00  7.7315E-02  6.6689E-02  6.0209E-02  7.4374E-01
  8.2579E-01  5.1283E-02 -8.8751E-01  6.0209E-02  7.4374E-01
  7.7570E-01  8.2889E-02  9.2932E-01  6.0209E-02  7.4374E-01
 -4.2193E-01  1.7189E-01  1.1246E+00  6.0209E-02  7.4374E-01
  3.6383E-02 -5.6813E-04  1.2075E+00  5.9822E-02  7.5825E-01
 -3.1554E-01  1.1697E-01  1.1602E+00  5.9822E-02  7.5825E-01
  6.0501E-01 -1.7493E-02  1.0393E+00  5.9436E-02  7.7315E-01
 -1.8188E-01  3.1246E-02  1.1832E+00  5.9048E-02  7.8847E-01
 -1.1435E+00 -9.5649E-02 -3.4248E-01  5.9048E-02  7.8847E-01
 -9.7876E-01  1.3646E-01  6.7628E-01  5.9048E-02  7.8847E-01
  1.1778E+00 -1.8477E-01 -1.5604E-02  5.8660E-02  8.0422E-01
  1.0570E+00  1.7154E-01 -5.1250E-01  5.8271E-02  8.2042E-01
 -8.3354E-01  4.0180E-02 -8.4439E-01  5.8271E-02  8.2042E-01
  1.1493E+00  1.1870E-01 -2.7284E-01  5.8271E-02  8.2042E-01
  1.9139E-01 -1.2478E-01 -1.1650E+00  5.8271E-02  8.2042E-01
 -1.0586E+00 -1.2479E-01  5.2268E-01  5.8271E-02  8.2042E-01
  9.9302E-02  3.0796E-02  1.1775E+00  5.7882E-02  8.3709E-01
  1.0871E+00 -7.3455E-02 -4.5845E-01  5.7882E-02  8.3709E-01
 -1.1230E+00  3.9304E-02  3.5054E-01  5.7492E-02  8.5424E-01
  1.1762E+00 -4.7471E-03  4.5354E-02  5.7492E-02  8.5424E-01
  1.0831E+00  8.3445E-02  4.5341E-01  5.7492E-02  8.5424E-01
  1.0115E+00  1.4653E-01  5.8402E-01  5.7492E-02  8.5424E-01
  5.6450E-02 -1.5850E-01  1.1600E+00  5.7101E-02  8.7190E-01
  1.1296E+00  7.4194E-02 -3.0405E-01  5.7101E-02  8.7190E-01
  1.0412E+00  1.1136E-01  5.1593E-01  5.6710E-02  8.9009E-01
  9.1801E-01 -3.3282E-02  7.2023E-01  5.6710E-02  8.9009E-01
 -9.0302E-01 -9.6809E-02 -7.3332E-01  5.6710E-02  8.9009E-01
 -9.0963E-01  1.7971E-01 -7.0912E-01  5.6710E-02  8.9009E-01
  2.2404E-01  6.3897E-02 -1.1389E+00  5.6317E-02  9.0882E-01
  9.1206E-01 -8.5635E-02  7.1565E-01  5.6317E-02  9.0882E-01
 -5.0812E-01  2.0668E-02 -1.0348E+00  5.5530E-02  9.4805E-01
  9.4916E-01 -1.0753E-01  6.4573E-01  5.5530E-02  9.4805E-01
 -1.3527E-01  1.8273E-01  1.1304E+00  5.5530E-02  9.4805E-01
  1.1269E+00  1.8132E-01 -1.2612E-01  5.5134E-02  9.6859E-01
  1.0755E+00  4.7346E-02 -3.9975E-01  5.5134E-02  9.6859E-01
  1.0698E+00 -1.7153E-01 -3.6645E-01  5.4738E-02  9.8980E-01
  1.1155E+00 -1.1745E-01 -2.2380E-01  5.4738E-02  9.8980E-01
 -1.0673E+00  1.0722E-01 -3.9693E-01  5.4738E-02  9.8980E-01
 -1.1120E+00 -8.9445E-02  2.5260E-01  5.4738E-02  9.8980E-01
 -6.0908E-01  1.5199E-01  9.5614E-01  5.4738E-02  9.8980E-01
  1.1219E+00 -6.5371E-02 -1.8709E-01  5.4340E-02  1.0117E+00
  2.4412E-01  7.2788E-02  1.1104E+00  5.4340E-02  1.0117E+00
 -9.7820E-01  6.8018E-02 -5.8007E-01  5.4340E-02  1.0117E+00
  5.7207E-01  5.1328E-02 -9.8391E-01  5.4340E-02  1.0117E+00
  6.1027E-01  6.7749E-02 -9.5438E-01  5.3941E-02  1.0343E+00
  8.1115E-01 -1.4474E-01 -7.8035E-01  5.3941E-02  1.0343E+00
  2.9212E-01 -1.6872E-01 -1.0789E+00  5.3541E-02  1.0577E+00
  8.7666E-01  8.1194E-02  7.0908E-01  5.3541E-02  1.0577E+00
 -1.0839E+00 -2.9705E-02  3.1969E-01  5.3541E-02  1.0577E+00
 -1.0599E+00 -9.6123E-02  3.6823E-01  5.3139E-02  1.0818E+00
 -6.4303E-01  3.8892E-02  9.2367E-01  5.3139E-02  1.0818E+00
 -1.1164E+00 -1.2952E-01  7.0574E-02  5.3139E-02  1.0818E+00
 -7.0994E-01 -1.4105E-01  8.6270E-01  5.3139E-02  1.0818E+00
  8.5154E-01 -8.2867E-02  7.3224E-01  5.3139E-02  1.0818E+00
  8.3996E-01 -9.1169E-02 -7.4453E-01  5.3139E-02  1.0818E+00
  1.0936E+00  1.7895E-01  2.0063E-01  5.3139E-02  1.0818E+00
 -1.0077E+00  1.4458E-01 -4.8146E-01  5.3139E-02  1.0818E+00
 -9.8554E-01 -1.0965E-02 -5.3589E-01  5.2736E-02  1.1068E+00
 -8.4939E-01 -1.4427E-01  7.1856E-01  5.2736E-02  1.1068E+00
 -1.0565E+00  1.7882E-01  3.1774E-01  5.2331E-02  1.1327E+00
 -1.0322E+00  1.6664E-02 -4.2837E-01  5.2331E-02  1.1327E+00
  5.7325E-02 -1.5901E-01 -1.1048E+00  5.2331E-02  1.1327E+00
 -2.3162E-01  1.0342E-01  1.0843E+00  5.1925E-02  1.1595E+00
  4.3345E-01  1.6055E-01 -1.0131E+00  5.1925E-02  1.1595E+00
  5.0564E-02  2.4720E-02  1.1081E+00  5.1516E-02  1.1873E+00
  1.7424E-02  1.3372E-01  1.0972E+00  5.1106E-02  1.2161E+00
  8.4557E-01  1.1971E-01  7.0201E-01  5.1106E-02  1.2161E+00
  8.2349E-01 -6.8490E-02 -7.3438E-01  5.1106E-02  1.2161E+00
  4.0681E-01  5.0044E-02  1.0267E+00  5.1106E-02  1.2161E+00
 -9.3226E-01  5.7695E-02  5.9134E-01  5.1106E-02  1.2161E+00
 -1.1034E+00 -2.3377E-02 -6.4824E-02  5.1106E-02  1.2161E+00
 -1.0950E+00 -5.7494E-02  1.4089E-01  5.1106E-02  1.2161E+00
  2.8443E-01 -7.2421E-02 -1.0618E+00  5.0694E-02  1.2461E+00
 -1.0796E+00 -1.5181E-01  1.5742E-01  5.0694E-02  1.2461E+00
  3.1190E-01  1.7680E-01 -1.0416E+00  5.0694E-02  1.2461E+00
 -8.1793E-01  3.5523E-03  7.3209E-01  5.0279E-02  1.2771E+00
  2.8587E-02  1.6204E-01  1.0853E+00  5.0279E-02  1.2771E+00
  5.4272E-01 -1.2343E-02 -9.5409E-01  5.0279E-02  1.2771E+00
  1.0872E+00 -1.1690E-01  3.2830E-02  4.9863E-02  1.3094E+00
  1.0187E+00 -1.0016E-01  3.7521E-01  4.9444E-02  1.3430E+00
 -1.0492E+00  1.2913E-01 -2.6655E-01  4.9444E-02  1.3430E+00
 -9.3509E-01 -1.6940E-01  5.2679E-01  4.9022E-02  1.3780E+00
  1.0675E+00 -1.4158E-01  1.4503E-01  4.9022E-02  1.3780E+00
  5.9750E-01 -3.5931E-02  9.0251E-01  4.8597E-02  1.4144E+00
  9.5226E-01  7.9514E-02 -5.0961E-01  4.8597E-02  1.4144E+00
 -2.4731E-01 -1.4538E-01 -1.0406E+00  4.8170E-02  1.4524E+00
 -9.8595E-01 -1.1065E-01 -4.2532E-01  4.8170E-02  1.4524E+00
  2.6123E-01  1.7006E-01  1.0299E+00  4.7739E-02  1.4920E+00
  8.1633E-01  1.6633E-01  6.8099E-01  4.7739E-02  1.4920E+00
 -8.2034E-01 -8.1110E-02 -6.8631E-01  4.7306E-02  1.5334E+00
 -8.9796E-01  4.1890E-02  5.8522E-01  4.7306E-02  1.5334E+00
 -1.0537E+00  1.3215E-01  1.5073E-01  4.7306E-02  1.5334E+00
  8.3290E-01 -4.8103E-02 -6.6893E-01  4.6868E-02  1.5768E+00
  4.1750E-01 -8.4591E-02  9.8083E-01  4.6868E-02  1.5768E+00
 -8.3842E-01  1.5093E-01  6.4099E-01  4.6427E-02  1.6222E+00
  2.7965E-01 -8.8606E-02 -1.0250E+00  4.6427E-02  1.6222E+00
 -9.6912E-01 -9.4734E-02  4.3409E-01  4.6427E-02  1.6222E+00
 -6.6631E-01  1.5560E-01  8.1345E-01  4.5982E-02  1.6697E+00
  3.4496E-01 -1.4267E-01  9.9525E-01  4.5982E-02  1.6697E+00
  4.4069E-01  5.0630E-02  9.6598E-01  4.5982E-02  1.6697E+00
  1.0547E+00  1.0426E-01 -8.1202E-02  4.5982E-02  1.6697E+00
  7.7697E-01 -1.4241E-01  7.1128E-01  4.5982E-02  1.6697E+00
 -6.7941E-01 -9.4601E-02 -8.0795E-01  4.5533E-02  1.7196E+00
 -8.3902E-01 -4.3413E-02 -6.4615E-01  4.5533E-02  1.7196E+00
  2.2716E-01 -4.8283E-02  1.0341E+00  4.5533E-02  1.7196E+00
  9.7997E-01  2.3526E-03  3.9575E-01  4.5079E-02  1.7721E+00
  1.0326E+00  1.5084E-01 -1.6743E-01  4.5079E-02  1.7721E+00
  7.5169E-01 -1.5789E-01 -7.2594E-01  4.5079E-02  1.7721E+00
  1.0494E+00 -5.0348E-02  1.1441E-01  4.5079E-02  1.7721E+00
  1.0460E+00 -7.8147E-02 -1.2910E-01  4.5079E-02  1.7721E+00
 -4.0144E-01  7.8189E-04 -9.7765E-01  4.5079E-02  1.7721E+00
 -4.8301E-01  4.9493E-02  9.3543E-01  4.4620E-02  1.8273E+00
  8.7879E-01  1.5215E-01  5.6155E-01  4.4620E-02  1.8273E+00
  5.1863E-01 -2.6873E-02  9.1710E-01  4.4620E-02  1.8273E+00
  1.0038E+00 -2.4199E-02 -3.1086E-01  4.4156E-02  1.8855E+00
 -3.6104E-01  1.4239E-01 -9.7679E-01  4.4156E-02  1.8855E+00
  2.4432E-01  8.9692E-02  1.0183E+00  4.4156E-02  1.8855E+00
 -1.4302E-01  1.3379E-01  1.0327E+00  4.4156E-02  1.8855E+00
 -1.0309E+00  5.4370E-02  1.9767E-01  4.4156E-02  1.8855E+00
 -3.0748E-01  1.3510E-01 -9.9302E-01  4.3687E-02  1.9469E+00
  9.1496E-01  4.0685E-02  5.0439E-01  4.3212E-02  2.0119E+00
 -4.1488E-01  1.6648E-01 -9.4518E-01  4.3212E-02  2.0119E+00
 -6.2931E-01  2.9087E-02  8.3446E-01  4.3212E-02  2.0119E+00
  6.5277E-02 -8.9444E-02  1.0397E+00  4.3212E-02  2.0119E+00
 -6.2567E-01 -9.0895E-02  8.3276E-01  4.3212E-02  2.0119E+00
  8.5628E-01 -1.6105E-01 -5.7319E-01  4.2730E-02  2.0806E+00
 -6.1544E-01  1.0195E-01 -8.3578E-01  4.2730E-02  2.0806E+00
 -9.5904E-01  1.4781E-01 -3.8222E-01  4.2730E-02  2.0806E+00
 -7.8998E-01 -2.6870E-02 -6.7643E-01  4.2242E-02  2.1536E+00
  1.0316E+00  1.3242E-01  2.3419E-02  4.2242E-02  2.1536E+00
 -7.1788E-01  7.5937E-02  7.4916E-01  4.2242E-02  2.1536E+00
 -1.8045E-01 -1.7614E-01  1.0093E+00  4.2242E-02  2.1536E+00
 -8.1094E-01  1.2195E-01 -6.3615E-01  4.1747E-02  2.2312E+00
  2.8772E-01  1.1833E-01 -9.9015E-01  4.1747E-02  2.2312E+00
 -3.9977E-01 -1.1655E-01  9.4805E-01  4.1244E-02  2.3138E+00
  8.1142E-01  1.5721E-01 -6.2377E-01  4.1244E-02  2.3138E+00
 -9.7160E-01  1.1421E-01 -3.3934E-01  4.1244E-02  2.3138E+00
 -9.0129E-01  2.4928E-02  5.0917E-01  4.1244E-02  2.3138E+00
 -7.5434E-01 -1.1834E-02 -7.0583E-01  4.0733E-02  2.4020E+00
  1.6897E-01 -6.1341E-02  1.0174E+00  4.0733E-02  2.4020E+00
  1.0301E+00 -7.9567E-02 -5.5019E-03  4.0733E-02  2.4020E+00
  9.2678E-01 -7.0161E-02  4.4595E-01  4.0213E-02  2.4964E+00
  7.1300E-01 -1.6238E-01 -7.2352E-01  3.9683E-02  2.5977E+00
  3.2813E-01 -2.6512E-02 -9.7460E-01  3.9683E-02  2.5977E+00
  1.0222E+00  4.4204E-02 -8.3698E-02  3.9143E-02  2.7067E+00
  6.1223E-01 -1.3054E-01  8.1366E-01  3.9143E-02  2.7067E+00
  5.4227E-01  1.7812E-03 -8.7169E-01  3.9143E-02  2.7067E+00
  7.9197E-01  1.1943E-01 -6.3895E-01  3.8592E-02  2.8243E+00
  5.7804E-01 -1.5149E-01 -8.3226E-01  3.8592E-02  2.8243E+00
 -1.1548E-01  1.5474E-01 -1.0062E+00  3.8592E-02  2.8243E+00
 -3.5850E-01  1.4387E-01  9.4686E-01  3.8029E-02  2.9517E+00
 -7.1090E-02 -9.4770E-02  1.0139E+00  3.7452E-02  3.0900E+00
 -1.0088E+00 -1.4140E-01  2.2985E-02  3.6862E-02  3.2409E+00
 -8.3104E-01  1.0140E-01 -5.8086E-01  3.6862E-02  3.2409E+00
 -8.7899E-01  1.9712E-02  5.1506E-01  3.6862E-02  3.2409E+00
 -9.3974E-01  1.8311E-01 -3.4879E-01  3.6862E-02  3.2409E+00
  1.0012E+00  1.2455E-01  1.4269E-01  3.6862E-02  3.2409E+00
 -9.3099E-01  1.0460E-01  4.0078E-01  3.6862E-02  3.2409E+00
  2.8302E-01  1.1183E-02 -9.7703E-01  3.6256E-02  3.4062E+00
  6.4690E-01  9.6015E-02  7.7918E-01  3.6256E-02  3.4062E+00
 -8.7857E-02  3.3356E-02 -1.0129E+00  3.6256E-02  3.4062E+00
  8.7464E-01 -1.4459E-01  4.9892E-01  3.6256E-02  3.4062E+00
 -5.2253E-01  4.9085E-02  8.6952E-01  3.5633E-02  3.5880E+00
  3.5196E-01  1.3316E-01  9.4334E-01  3.5633E-02  3.5880E+00
 -7.7078E-01 -1.7502E-01  6.3779E-01  3.5633E-02  3.5880E+00
 -1.5435E-01 -6.8939E-02 -1.0015E+00  3.5633E-02  3.5880E+00
  9.4278E-01  1.8063E-01 -3.3172E-01  3.5633E-02  3.5880E+00
 -2.9849E-01 -1.8306E-01  9.5336E-01  3.5633E-02  3.5880E+00
  5.8206E-01 -1.4078E-01 -8.1838E-01  3.4991E-02  3.7890E+00
  7.6394E-01  4.8707E-02  6.6512E-01  3.4991E-02  3.7890E+00
 -1.0576E-01 -6.7386E-02 -1.0063E+00  3.4991E-02  3.7890E+00
  6.4895E-01 -2.4716E-04 -7.7924E-01  3.4991E-02  3.7890E+00
 -9.9929E-01 -1.1363E-01 -1.1788E-01  3.4329E-02  4.0125E+00
 -1.7533E-01 -1.0733E-01  9.9152E-01  3.4329E-02  4.0125E+00
 -9.7366E-01  8.5430E-02  2.6471E-01  3.4329E-02  4.0125E+00
  9.5648E-01 -1.0700E-01  3.1477E-01  3.4329E-02  4.0125E+00
  1.0080E+00  3.6771E-03 -9.6542E-02  3.4329E-02  4.0125E+00
 -9.1840E-01  1.1078E-01  4.1189E-01  3.4329E-02  4.0125E+00
  1.3463E-01 -9.3628E-02  9.9784E-01  3.3644E-02  4.2626E+00
  3.8602E-01 -7.9131E-02 -9.3129E-01  3.3644E-02  4.2626E+00
  8.2607E-01  4.7657E-03  5.8096E-01  3.2934E-02  4.5444E+00
  2.4340E-01  5.1362E-02 -9.7879E-01  3.2934E-02  4.5444E+00
  2.0581E-01 -1.7346E-01  9.7338E-01  3.2934E-02  4.5444E+00
  9.6707E-01  1.0791E-01  2.6565E-01  3.2195E-02  4.8645E+00
 -9.8906E-01  1.8122E-01 -6.3604E-02  3.1425E-02  5.2312E+00
  5.9692E-02 -1.7122E-01  9.9108E-01  3.1425E-02  5.2312E+00
  7.6219E-01  3.7334E-02  6.5787E-01  3.1425E-02  5.2312E+00
 -6.9940E-02 -9.2404E-02  9.9977E-01  3.0618E-02  5.6557E+00
  8.1929E-01  1.6328E-01 -5.6131E-01  3.0618E-02  5.6557E+00
  9.8919E-01 -1.3244E-01  1.3012E-01  3.0618E-02  5.6557E+00
 -3.4826E-01  3.6689E-02  9.4253E-01  2.9770E-02  6.1530E+00
  2.4980E-01 -1.2993E-01  9.6525E-01  2.9770E-02  6.1530E+00
  4.8150E-01 -1.6890E-01 -8.6638E-01  2.9770E-02  6.1530E+00
 -8.1045E-01 -1.2204E-01 -5.8090E-01  2.8874E-02  6.7438E+00
 -8.7352E-01  1.7963E-01  4.6245E-01  2.8874E-02  6.7438E+00
  8.0277E-01 -8.9695E-02  5.9584E-01  2.7921E-02  7.4574E+00
 -5.7324E-01  1.0154E-01  8.1768E-01  2.7921E-02  7.4574E+00
  5.8015E-01  8.6014E-02 -8.1458E-01  2.7921E-02  7.4574E+00
  9.4635E-01 -9.3418E-02 -3.1893E-01  2.6903E-02  8.3369E+00
 -6.3490E-03 -8.6428E-02 -9.9926E-01  2.6903E-02  8.3369E+00
 -8.7386E-01 -1.7470E-01 -4.5886E-01  2.5804E-02  9.4481E+00
  7.7809E-01 -9.8182E-02 -6.2421E-01  2.5804E-02  9.4481E+00
 -9.7360E-01  1.6319E-01 -1.7370E-01  2.5804E-02  9.4481E+00
 -6.5795E-03  6.7376E-02  1.0001E+00  2.5804E-02  9.4481E+00
  2.1441E-01 -2.6116E-02 -9.7880E-01  2.5804E-02  9.4481E+00
  1.8581E-01  7.2061E-02 -9.8233E-01  2.5804E-02  9.4481E+00
  3.8499E-01  1.3725E-01  9.1459E-01  2.4606E-02  1.0897E+01
 -9.6182E-01 -7.2176E-03  2.7996E-01  2.4606E-02  1.0897E+01
  5.0422E-01 -1.1431E-01  8.5804E-01  2.4606E-02  1.0897E+01
  8.8788E-01  4.5632E-04 -4.6391E-01  2.4606E-02  1.0897E+01
 -7.7337E-01 -1.4721E-01  6.1949E-01  2.4606E-02  1.0897E+01
  6.0655E-01  3.2766E-02  7.9659E-01  2.4606E-02  1.0897E+01
  6.0245E-01  1.2439E-01  7.9001E-01  2.3280E-02  1.2866E+01
  9.9596E-02  2.5863E-02  9.9597E-01  2.3280E-02  1.2866E+01
  5.9932E-01  2.5026E-02 -8.0171E-01  2.3280E-02  1.2866E+01
  9.1480E-01 -2.0852E-02 -4.0651E-01  2.3280E-02  1.2866E+01
 -2.0848E-01 -2.3587E-02  9.7861E-01  2.1787E-02  1.5696E+01
  9.4263E-01  1.8463E-01  2.8119E-01  2.1787E-02  1.5696E+01
 -7.5900E-01  5.3894E-02  6.4966E-01  2.0058E-02  2.0115E+01
  9.8877E-01  1.5244E-01  1.1713E-02  2.0058E-02  2.0115E+01
 -7.6618E-01  7.0068E-02 -6.3921E-01  1.7969E-02  2.7981E+01
 -7.4871E-01  2.9115E-02 -6.6267E-01  1.7969E-02  2.7981E+01
  2.8994E-01 -1.9360E-03 -9.5733E-01  1.7969E-02  2.7981E+01
