0.36658285714286D+01       612
(x,y,z) position of the X-ray source
  0.1147E+01  0.7259E-01  0.1385E+01
x | y | z | R | rho
 -4.7096E-01 -2.1024E-01  5.2010E+00  2.0555E-01  1.8691E-02
  1.4213E+00 -5.7440E-02  4.1196E+00  1.8064E-01  2.7538E-02
 -1.2458E+00  6.9578E-02  5.6845E+00  2.2171E-01  1.4896E-02
  2.1944E-01 -2.7446E-02  4.0176E+00  1.7056E-01  3.2715E-02
  1.5098E-01 -1.4106E-01  5.0247E+00  2.0003E-01  2.0283E-02
 -3.7487E-01 -1.4792E-01  5.7583E+00  2.2044E-01  1.5155E-02
  1.9862E+00 -8.8871E-02  7.9701E+00  2.8171E-01  7.2610E-03
  1.8416E+00 -7.3267E-02  4.4571E+00  1.9419E-01  2.2169E-02
  5.2741E-01  1.0360E-01  4.2146E+00  1.7738E-01  2.9087E-02
  1.4259E+00 -1.5236E-01  7.4983E+00  2.6781E-01  8.4510E-03
  1.6905E+00 -4.2746E-02  5.2900E+00  2.1454E-01  1.6440E-02
  1.1508E-01  2.3940E-01  3.2144E+00  1.4510E-01  5.3134E-02
 -1.9427E+00 -1.9462E-01  5.0932E+00  2.1184E-01  1.7076E-02
  4.5518E-01 -3.7844E-01  8.4591E+00  2.8796E-01  6.7988E-03
 -3.5540E-01  2.2318E-01  5.9977E+00  2.2682E-01  1.3911E-02
  1.4493E+00 -1.8931E-01  5.3565E+00  2.1450E-01  1.6448E-02
  5.3013E-02  1.5505E-01  8.1834E+00  2.8102E-01  7.3147E-03
  2.5677E-01 -2.3166E-01  4.4996E+00  1.8521E-01  2.5553E-02
 -5.1074E-01 -1.2222E-01  3.8718E+00  1.6698E-01  3.4866E-02
 -1.3365E+00 -2.5686E-01  7.6247E+00  2.7050E-01  8.2016E-03
 -1.4978E+00 -9.8581E-02  2.9194E+00  1.4701E-01  5.1096E-02
  1.3739E+00 -2.5329E-01  3.4720E+00  1.6184E-01  3.8292E-02
  3.2132E-01  5.0831E-02  6.3574E+00  2.3605E-01  1.2341E-02
 -1.4425E+00 -2.6101E-01  7.4182E+00  2.6605E-01  8.6202E-03
 -7.7238E-01  1.1223E-01  7.5176E+00  2.6596E-01  8.6287E-03
 -9.0701E-01 -2.1830E-02  3.4755E+00  1.5707E-01  4.1893E-02
 -9.8912E-01 -1.1881E-01  3.5704E+00  1.6071E-01  3.9106E-02
  7.4867E-01  7.3130E-02  3.0318E+00  1.4169E-01  5.7069E-02
 -2.0380E-01  1.3618E-01  4.2875E+00  1.7875E-01  2.8424E-02
 -1.7188E+00  3.8156E-01  8.5999E+00  2.9490E-01  6.3298E-03
 -8.1624E-01 -2.1186E-01  6.7186E+00  2.4643E-01  1.0847E-02
 -8.5357E-02 -2.5939E-03  3.9738E+00  1.6906E-01  3.3594E-02
  6.3906E-01 -1.9822E-01  3.7176E+00  1.6293E-01  3.7529E-02
 -1.1076E+00  3.0480E-03  7.9081E+00  2.7627E-01  7.6987E-03
  5.5301E-01 -1.1578E-01  6.1453E+00  2.3099E-01  1.3170E-02
 -1.9397E+00  2.3819E-01  2.7090E+00  1.4891E-01  4.9161E-02
  1.0762E-01  2.4590E-01  5.8260E+00  2.2204E-01  1.4829E-02
  1.8910E+00 -1.5057E-01  5.0624E+00  2.1051E-01  1.7402E-02
 -3.8323E-01 -8.8397E-02  4.9896E+00  1.9935E-01  2.0490E-02
  8.2510E-01  1.1085E-01  3.7871E+00  1.6606E-01  3.5450E-02
 -1.6266E+00 -1.3993E-01  2.6992E+00  1.4273E-01  5.5830E-02
 -1.1103E+00 -1.9610E-01  3.2618E+00  1.5253E-01  4.5742E-02
 -1.2769E+00 -2.1214E-03  3.0130E+00  1.4667E-01  5.1453E-02
  3.1660E-01 -2.7241E-01  5.0284E+00  2.0050E-01  2.0141E-02
 -1.2990E+00 -2.7715E-01  4.6780E+00  1.9532E-01  2.1785E-02
  4.2771E-01  2.2415E-01  7.3000E+00  2.6003E-01  9.2326E-03
  5.9999E-01 -1.4645E-01  7.0752E+00  2.5474E-01  9.8204E-03
 -8.1608E-01 -1.9416E-01  3.2958E+00  1.5090E-01  4.7247E-02
  1.5419E+00 -5.3753E-02  3.6896E+00  1.6981E-01  3.3151E-02
  1.1216E+00  1.6252E-01  3.4651E+00  1.5878E-01  4.0551E-02
  1.6605E+00 -3.3576E-01  8.8199E+00  2.9957E-01  6.0383E-03
  2.8662E-01  2.7098E-01  6.2037E+00  2.3217E-01  1.2971E-02
  4.4603E-01  1.8682E-01  5.8836E+00  2.2393E-01  1.4456E-02
 -1.2315E-02  2.5423E-01  4.2328E+00  1.7713E-01  2.9209E-02
  1.1657E+00  2.6034E-01  5.8526E+00  2.2579E-01  1.4103E-02
  1.2180E+00 -2.1524E-01  4.9738E+00  2.0273E-01  1.9482E-02
 -1.2420E+00 -2.2148E-01  4.3153E+00  1.8471E-01  2.5759E-02
 -1.6657E-02 -3.1362E-01  9.0126E+00  3.0041E-01  5.9875E-03
  2.9877E-01  4.6527E-02  4.7580E+00  1.9259E-01  2.2724E-02
  1.2432E+00  1.1415E-01  3.4785E+00  1.6037E-01  3.9360E-02
  2.2389E-01 -3.1650E-01  6.2840E+00  2.3425E-01  1.2630E-02
 -1.3968E+00  8.6362E-02  3.4524E+00  1.6130E-01  3.8682E-02
 -3.1396E-01 -9.8850E-02  3.7610E+00  1.6287E-01  3.7570E-02
  2.2214E-01 -1.8999E-01  3.3853E+00  1.5080E-01  4.7339E-02
 -5.8807E-01  3.2396E-01  6.3861E+00  2.3749E-01  1.2119E-02
 -1.6309E+00 -7.6111E-02  2.9790E+00  1.5077E-01  4.7365E-02
 -7.6406E-01 -3.3439E-01  8.3785E+00  2.8655E-01  6.8990E-03
  2.4401E-01  7.5556E-02  4.5587E+00  1.8676E-01  2.4922E-02
 -1.2171E+00 -9.8751E-02  4.6700E+00  1.9430E-01  2.2131E-02
 -1.2147E+00  1.9730E-01  3.5042E+00  1.6095E-01  3.8938E-02
 -1.8769E+00 -5.6080E-02  4.6300E+00  1.9911E-01  2.0566E-02
  1.9532E+00 -8.1167E-02  3.1776E+00  1.6147E-01  3.8556E-02
  9.5909E-01 -1.6798E-01  5.9681E+00  2.2773E-01  1.3744E-02
 -1.5231E+00  1.1095E-01  6.4314E+00  2.4234E-01  1.1406E-02
 -7.7488E-01 -9.9476E-02  3.7299E+00  1.6398E-01  3.6814E-02
  1.5563E-01  1.1527E-01  4.2511E+00  1.7758E-01  2.8988E-02
 -1.9670E-01 -2.1264E-01  4.4289E+00  1.8302E-01  2.6481E-02
 -8.9173E-01 -2.1015E-01  3.1832E+00  1.4799E-01  5.0085E-02
 -1.2907E+00 -1.8403E-02  4.5891E+00  1.9258E-01  2.2727E-02
  1.4967E+00  1.4728E-01  4.5260E+00  1.9265E-01  2.2705E-02
 -1.9780E-02  1.4404E-01  3.2030E+00  1.4447E-01  5.3839E-02
  1.3592E-01 -1.7683E-01  5.2699E+00  2.0689E-01  1.8332E-02
 -1.4233E+00  1.9913E-02  3.4882E+00  1.6262E-01  3.7744E-02
 -1.1153E-01  5.0871E-03  3.0718E+00  1.4000E-01  5.9164E-02
  1.3527E+00 -1.9034E-02  2.7366E+00  1.3928E-01  6.0082E-02
 -8.4314E-01  1.3602E-01  2.9090E+00  1.3856E-01  6.1020E-02
  1.9315E+00  2.0639E-01  2.3140E+00  1.3820E-01  6.1497E-02
  9.0679E-02 -1.4160E-03  3.0094E+00  1.3784E-01  6.1979E-02
  1.5093E+00 -4.3638E-02  2.5927E+00  1.3748E-01  6.2467E-02
 -4.5412E-01  7.8014E-02  2.9541E+00  1.3712E-01  6.2960E-02
  2.4852E-01  7.7073E-02  2.9471E+00  1.3604E-01  6.4472E-02
  6.1392E-01  1.8305E-01  2.7925E+00  1.3279E-01  6.9327E-02
 -1.6183E+00  9.7878E-02  2.3246E+00  1.3170E-01  7.1060E-02
  1.2728E-01  6.2227E-02  2.7893E+00  1.3025E-01  7.3466E-02
  1.0240E+00  1.2597E-01  2.5843E+00  1.2988E-01  7.4085E-02
  1.5014E+00 -9.0288E-02  2.2678E+00  1.2770E-01  7.7958E-02
  1.0466E+00 -2.1205E-01  2.4587E+00  1.2623E-01  8.0699E-02
  1.1029E+00  1.2671E-01  2.4176E+00  1.2550E-01  8.2120E-02
  5.6801E-01 -1.2073E-01  2.5858E+00  1.2514E-01  8.2844E-02
 -1.2053E+00  1.2351E-01  2.3343E+00  1.2440E-01  8.4318E-02
  1.2942E+00 -6.7060E-02  2.2886E+00  1.2440E-01  8.4318E-02
 -1.5648E+00  7.2324E-02  2.0749E+00  1.2330E-01  8.6599E-02
 -1.7801E+00  1.8829E-01  1.8576E+00  1.2256E-01  8.8168E-02
 -1.8616E+00 -2.9205E-02 -1.7419E+00  1.2146E-01  9.0595E-02
  4.1700E-01 -1.5138E-01  2.5108E+00  1.2146E-01  9.0595E-02
 -1.2658E+00  1.1890E-01  2.1063E+00  1.1814E-01  9.8461E-02
  1.8460E+00  1.1769E-01  1.6072E+00  1.1776E-01  9.9393E-02
  1.5681E+00 -5.9722E-04 -1.8829E+00  1.1776E-01  9.9393E-02
  1.8165E+00  8.8978E-02  1.5679E+00  1.1591E-01  1.0424E-01
 -8.2493E-01  8.6906E-02  2.2326E+00  1.1517E-01  1.0627E-01
  1.3653E+00  2.0242E-01 -1.9170E+00  1.1442E-01  1.0836E-01
 -1.5378E-02  1.5748E-01  2.3374E+00  1.1368E-01  1.1050E-01
  1.4126E+00  7.6311E-02  1.8552E+00  1.1331E-01  1.1159E-01
  2.3111E-01  6.0014E-02  2.3111E+00  1.1293E-01  1.1270E-01
  1.3907E+00  5.8072E-02 -1.8603E+00  1.1293E-01  1.1270E-01
 -4.8196E-01 -5.4527E-02  2.2623E+00  1.1256E-01  1.1382E-01
 -1.7479E+00  1.2411E-01  1.4961E+00  1.1219E-01  1.1496E-01
 -1.7575E+00  1.6072E-01 -1.4662E+00  1.1182E-01  1.1612E-01
 -1.7174E+00  6.6785E-02 -1.5200E+00  1.1182E-01  1.1612E-01
 -1.8547E+00 -4.5972E-02  1.3335E+00  1.1144E-01  1.1729E-01
  1.3733E+00  1.8689E-01 -1.8043E+00  1.1107E-01  1.1847E-01
 -1.5042E+00  4.8423E-02 -1.7063E+00  1.1107E-01  1.1847E-01
 -3.0048E-01  1.1284E-01  2.2525E+00  1.1107E-01  1.1847E-01
 -1.1842E+00 -8.3554E-02  1.9185E+00  1.1032E-01  1.2090E-01
 -1.5647E+00 -7.3931E-02  1.5701E+00  1.0882E-01  1.2596E-01
  1.7657E+00 -1.4187E-01 -1.3189E+00  1.0845E-01  1.2727E-01
  1.7000E+00  6.9183E-02 -1.3631E+00  1.0733E-01  1.3131E-01
  7.1197E-02  3.2157E-02  2.1787E+00  1.0733E-01  1.3131E-01
 -1.0174E-01 -6.4173E-02  2.1673E+00  1.0695E-01  1.3269E-01
 -1.6038E+00 -1.3465E-01  1.4424E+00  1.0658E-01  1.3410E-01
  1.8412E+00 -2.1268E-03  1.0955E+00  1.0582E-01  1.3698E-01
  1.0555E+00 -1.0587E-01  1.8614E+00  1.0582E-01  1.3698E-01
  1.0711E+00 -9.0001E-02 -1.8425E+00  1.0545E-01  1.3845E-01
  6.2773E-01  7.3689E-02  2.0276E+00  1.0507E-01  1.3994E-01
 -1.2503E+00  9.6940E-02 -1.6794E+00  1.0394E-01  1.4454E-01
 -4.5641E-02 -8.6832E-02  2.0936E+00  1.0394E-01  1.4454E-01
  1.6175E+00 -2.2330E-02 -1.3327E+00  1.0394E-01  1.4454E-01
  1.1623E+00 -4.4830E-02  1.7324E+00  1.0357E-01  1.4613E-01
  5.1096E-01 -7.6962E-02  2.0217E+00  1.0357E-01  1.4613E-01
 -1.0315E+00  4.3801E-02  1.8027E+00  1.0319E-01  1.4773E-01
 -9.2971E-01  1.0306E-01  1.8342E+00  1.0244E-01  1.5102E-01
  7.9321E-01  2.9404E-02 -1.8899E+00  1.0206E-01  1.5269E-01
  8.4015E-01 -1.1887E-01  1.8458E+00  1.0131E-01  1.5613E-01
  1.8483E+00  5.3170E-02 -8.1924E-01  1.0093E-01  1.5789E-01
  1.6899E+00  4.9177E-02 -1.1099E+00  1.0093E-01  1.5789E-01
 -1.7547E+00 -8.7879E-02  9.6443E-01  1.0017E-01  1.6148E-01
  9.3700E-01 -1.8371E-01 -1.7621E+00  1.0017E-01  1.6148E-01
 -1.6254E+00 -1.1329E-01 -1.1671E+00  1.0017E-01  1.6148E-01
  4.0293E-01 -7.3155E-03  1.9540E+00  9.9797E-02  1.6332E-01
  8.9742E-01 -9.9242E-02  1.7690E+00  9.9419E-02  1.6519E-01
 -1.3956E+00 -1.8317E-01 -1.3884E+00  9.9041E-02  1.6709E-01
  1.8123E+00  5.6899E-02  7.8821E-01  9.9041E-02  1.6709E-01
  6.4823E-01 -3.2275E-02  1.8675E+00  9.9041E-02  1.6709E-01
 -7.2746E-01  1.3603E-01 -1.8236E+00  9.8663E-02  1.6902E-01
  1.1915E+00  1.4901E-01 -1.5593E+00  9.8663E-02  1.6902E-01
 -1.3331E+00 -1.4886E-01  1.4278E+00  9.8285E-02  1.7098E-01
  1.8643E+00 -3.4565E-02  6.0113E-01  9.8285E-02  1.7098E-01
  1.9140E-01  1.1335E-01  1.9374E+00  9.7907E-02  1.7297E-01
 -1.4979E+00  3.9983E-02 -1.2341E+00  9.7529E-02  1.7499E-01
 -1.7836E+00 -1.3110E-01 -7.5497E-01  9.7529E-02  1.7499E-01
 -1.8179E+00  7.4417E-02  6.5070E-01  9.7150E-02  1.7704E-01
 -1.6110E+00  6.1401E-02  1.0489E+00  9.6772E-02  1.7912E-01
 -1.1896E+00 -7.0730E-02 -1.4984E+00  9.6393E-02  1.8124E-01
  1.8834E+00  1.2330E-02  3.4373E-01  9.6393E-02  1.8124E-01
  1.5285E+00  1.1245E-01  1.1326E+00  9.6015E-02  1.8340E-01
  1.8941E+00 -1.8585E-01 -9.6526E-02  9.6015E-02  1.8340E-01
 -5.4116E-01 -1.8952E-01  1.8174E+00  9.6015E-02  1.8340E-01
  1.0646E+00 -1.0708E-02 -1.5699E+00  9.5636E-02  1.8558E-01
  1.7934E+00  1.7624E-01  5.3317E-01  9.4878E-02  1.9007E-01
 -1.1152E+00 -7.2434E-02 -1.5108E+00  9.4878E-02  1.9007E-01
  1.8620E+00 -1.4849E-01  9.9402E-02  9.4499E-02  1.9236E-01
  1.0049E+00 -3.1594E-02 -1.5773E+00  9.4499E-02  1.9236E-01
 -1.8544E+00  3.5052E-02  2.4266E-01  9.4499E-02  1.9236E-01
  1.8557E+00  1.0850E-01 -2.0810E-01  9.4499E-02  1.9236E-01
  1.2043E+00  1.4521E-01 -1.4124E+00  9.4120E-02  1.9470E-01
  1.7450E+00 -8.1880E-02 -6.4385E-01  9.4120E-02  1.9470E-01
 -1.7298E+00  8.6020E-02 -6.8309E-01  9.4120E-02  1.9470E-01
 -7.5395E-01  8.1866E-02  1.7003E+00  9.4120E-02  1.9470E-01
  6.5245E-01  1.1916E-01  1.7303E+00  9.3741E-02  1.9707E-01
 -1.8059E+00  1.0787E-01  4.0105E-01  9.3741E-02  1.9707E-01
  1.0159E+00 -8.3541E-02  1.5476E+00  9.3741E-02  1.9707E-01
 -1.0019E+00 -1.8252E-01 -1.5481E+00  9.3741E-02  1.9707E-01
  1.0170E+00 -2.2989E-02 -1.5385E+00  9.3361E-02  1.9948E-01
  7.4784E-01 -2.6666E-02  1.6858E+00  9.3361E-02  1.9948E-01
 -1.7592E+00  1.5152E-02 -5.5380E-01  9.3361E-02  1.9948E-01
  1.8211E+00 -1.8158E-01 -1.4333E-01  9.2982E-02  2.0193E-01
 -1.7450E+00  1.3312E-01 -5.2472E-01  9.2603E-02  2.0443E-01
  6.9663E-01  5.0853E-03 -1.6891E+00  9.2603E-02  2.0443E-01
  1.7857E+00  1.6004E-01  2.4759E-01  9.1844E-02  2.0954E-01
  1.1880E+00 -1.2917E-01  1.3593E+00  9.1844E-02  2.0954E-01
 -1.7075E+00 -4.4595E-02  5.7216E-01  9.1464E-02  2.1216E-01
  6.5926E-01  7.8226E-02  1.6745E+00  9.1464E-02  2.1216E-01
 -7.6710E-01  5.1245E-02 -1.6290E+00  9.1464E-02  2.1216E-01
 -9.7273E-01  1.2170E-01 -1.5010E+00  9.1084E-02  2.1482E-01
 -1.7440E+00 -1.8502E-01 -3.2837E-01  9.0704E-02  2.1753E-01
  1.6287E+00  1.6600E-01 -6.8786E-01  9.0325E-02  2.2029E-01
 -5.1389E-01 -1.3470E-01  1.6945E+00  9.0325E-02  2.2029E-01
  1.7189E+00 -1.2161E-01 -3.9236E-01  8.9945E-02  2.2309E-01
 -1.2741E+00 -1.7612E-01 -1.1997E+00  8.9565E-02  2.2594E-01
  1.3319E+00  4.8522E-02 -1.1478E+00  8.9565E-02  2.2594E-01
  6.5631E-01 -2.7084E-03 -1.6319E+00  8.9565E-02  2.2594E-01
 -1.1764E+00  9.9542E-02 -1.3038E+00  8.9565E-02  2.2594E-01
  1.6908E+00  7.2366E-02 -4.4742E-01  8.9185E-02  2.2884E-01
 -3.9246E-01  7.2223E-02 -1.7044E+00  8.9185E-02  2.2884E-01
 -1.3702E-01  3.3915E-02  1.7448E+00  8.9185E-02  2.2884E-01
 -8.3990E-01  8.2673E-02 -1.5240E+00  8.8805E-02  2.3179E-01
 -9.7296E-01  2.5395E-02 -1.4348E+00  8.8425E-02  2.3479E-01
  8.4848E-01 -1.6244E-02  1.4928E+00  8.7664E-02  2.4095E-01
  1.3234E+00 -1.2268E-01 -1.0873E+00  8.7664E-02  2.4095E-01
 -2.0086E-02  1.1787E-01  1.7130E+00  8.7664E-02  2.4095E-01
 -2.7317E-01 -1.4480E-01  1.6807E+00  8.7284E-02  2.4412E-01
 -2.1069E-01  9.2699E-02 -1.6933E+00  8.7284E-02  2.4412E-01
  5.8807E-01  7.3475E-02  1.6028E+00  8.7284E-02  2.4412E-01
  1.5754E+00  1.4260E-01  6.2442E-01  8.6904E-02  2.4734E-01
 -2.8438E-01 -9.4026E-02  1.6741E+00  8.6904E-02  2.4734E-01
 -1.4735E+00  1.7685E-01  7.7901E-01  8.5763E-02  2.5734E-01
  1.6173E+00  9.7144E-02  3.9604E-01  8.5382E-02  2.6079E-01
  1.2214E+00  1.6735E-01  1.1235E+00  8.5382E-02  2.6079E-01
  5.8356E-01 -3.7660E-02 -1.5621E+00  8.5382E-02  2.6079E-01
 -1.5829E+00 -1.8374E-01  4.9267E-01  8.5382E-02  2.6079E-01
  6.9979E-01  1.4425E-01 -1.5072E+00  8.5382E-02  2.6079E-01
 -7.6102E-01 -1.8076E-01 -1.4548E+00  8.4622E-02  2.6789E-01
  1.4321E+00 -1.7281E-01  8.0471E-01  8.4622E-02  2.6789E-01
 -1.8043E-01 -1.4538E-01 -1.6355E+00  8.4622E-02  2.6789E-01
  1.6498E+00 -2.4293E-02  7.7310E-02  8.4622E-02  2.6789E-01
 -7.8046E-01  9.9503E-02 -1.4524E+00  8.4622E-02  2.6789E-01
  1.3039E+00 -8.3329E-02  9.9735E-01  8.4241E-02  2.7154E-01
 -1.3222E+00 -1.1952E-01  9.6922E-01  8.4241E-02  2.7154E-01
  1.2722E+00 -1.7169E-01  1.0137E+00  8.3861E-02  2.7525E-01
  1.6151E+00 -1.2426E-02 -2.0199E-01  8.3480E-02  2.7903E-01
  1.1875E+00 -1.2290E-01 -1.1065E+00  8.3480E-02  2.7903E-01
  1.4383E+00 -1.7937E-01  7.0521E-01  8.2719E-02  2.8681E-01
  5.9422E-01 -6.4214E-02 -1.4970E+00  8.2719E-02  2.8681E-01
  2.7880E-01  5.0133E-02  1.5788E+00  8.2338E-02  2.9080E-01
  1.5976E+00  1.4283E-01  1.3521E-02  8.2338E-02  2.9080E-01
  3.4560E-01  2.7740E-03 -1.5583E+00  8.1958E-02  2.9487E-01
  2.9799E-01  1.3531E-01  1.5623E+00  8.1958E-02  2.9487E-01
 -1.1233E+00  1.2414E-01 -1.1272E+00  8.1958E-02  2.9487E-01
  9.7728E-01 -1.5949E-01 -1.2519E+00  8.1958E-02  2.9487E-01
  1.5884E+00 -4.7682E-02 -1.5020E-01  8.1958E-02  2.9487E-01
 -1.4902E+00  1.8466E-01  5.1780E-01  8.1577E-02  2.9902E-01
 -1.4259E+00  6.8897E-02 -6.9642E-01  8.1577E-02  2.9902E-01
 -1.4495E+00  8.0442E-02 -6.2519E-01  8.1197E-02  3.0324E-01
  5.5638E-01  1.2019E-01 -1.4745E+00  8.1197E-02  3.0324E-01
 -5.7521E-01  9.4566E-02 -1.4608E+00  8.0816E-02  3.0755E-01
  8.8001E-01 -1.6430E-01 -1.2838E+00  8.0435E-02  3.1193E-01
 -1.0828E+00 -1.3964E-01 -1.1214E+00  8.0435E-02  3.1193E-01
  5.6991E-01 -9.5037E-02  1.4463E+00  8.0055E-02  3.1640E-01
 -1.8422E-01 -1.3946E-01  1.5402E+00  8.0055E-02  3.1640E-01
 -1.2838E+00  1.2262E-01 -8.7309E-01  8.0055E-02  3.1640E-01
 -1.5155E+00  1.5431E-01 -3.2400E-01  8.0055E-02  3.1640E-01
  7.3258E-01  6.9979E-02  1.3639E+00  7.9674E-02  3.2096E-01
  8.6634E-01  3.6923E-02 -1.2845E+00  7.9674E-02  3.2096E-01
 -1.1237E+00  8.4123E-02 -1.0639E+00  7.9674E-02  3.2096E-01
  1.4985E+00 -1.1907E-01 -3.4417E-01  7.9293E-02  3.2561E-01
  1.5088E+00  2.2176E-02 -3.1843E-01  7.9293E-02  3.2561E-01
 -1.5125E+00  1.6849E-01  2.4933E-01  7.9293E-02  3.2561E-01
  1.4363E+00  4.0402E-02 -5.5998E-01  7.9293E-02  3.2561E-01
  2.3988E-01 -4.1514E-02 -1.5151E+00  7.8913E-02  3.3034E-01
  1.4108E+00 -1.0663E-02  6.0362E-01  7.8913E-02  3.3034E-01
  1.3064E+00  1.6557E-01 -7.7307E-01  7.8532E-02  3.3517E-01
  9.7681E-01 -1.2075E-01 -1.1675E+00  7.8532E-02  3.3517E-01
 -1.4440E+00  1.8032E-01  4.6264E-01  7.8532E-02  3.3517E-01
  1.4411E+00 -4.8326E-02 -4.7950E-01  7.8152E-02  3.4009E-01
 -1.0063E+00  1.0360E-01 -1.1238E+00  7.7771E-02  3.4511E-01
 -9.4857E-01  1.5789E-01  1.1572E+00  7.7390E-02  3.5022E-01
  5.5183E-01  1.5505E-01 -1.3911E+00  7.7390E-02  3.5022E-01
 -1.0083E+00 -1.5429E-01 -1.1060E+00  7.7390E-02  3.5022E-01
  8.5110E-01  6.4862E-02  1.2300E+00  7.7010E-02  3.5544E-01
  1.2185E+00 -8.6865E-02 -8.6556E-01  7.7010E-02  3.5544E-01
  4.9119E-01  1.1254E-01 -1.4098E+00  7.7010E-02  3.5544E-01
 -1.2415E-01  2.8020E-02  1.4918E+00  7.7010E-02  3.5544E-01
 -3.7323E-01 -1.4540E-01  1.4350E+00  7.6629E-02  3.6076E-01
  9.0561E-01 -3.0587E-02 -1.1826E+00  7.6629E-02  3.6076E-01
  2.4811E-01 -4.4794E-02 -1.4609E+00  7.6248E-02  3.6619E-01
  1.4146E+00 -1.0045E-01 -4.3190E-01  7.6248E-02  3.6619E-01
 -4.2832E-02 -3.7442E-03  1.4746E+00  7.5868E-02  3.7173E-01
  1.1227E+00 -1.0415E-01  9.3997E-01  7.5487E-02  3.7739E-01
  1.0088E+00  3.0224E-02 -1.0560E+00  7.5106E-02  3.8315E-01
 -1.2508E+00  2.3292E-02  7.4019E-01  7.4726E-02  3.8904E-01
 -1.0770E+00  8.9209E-02  9.7204E-01  7.4726E-02  3.8904E-01
 -3.0331E-01  1.2557E-01 -1.4014E+00  7.3965E-02  4.0117E-01
  1.3512E+00 -1.0781E-01 -4.8412E-01  7.3965E-02  4.0117E-01
  6.2138E-02  1.5807E-01 -1.4293E+00  7.3965E-02  4.0117E-01
 -1.3868E+00 -1.4799E-01 -3.5566E-01  7.3965E-02  4.0117E-01
 -4.8529E-01  1.6888E-01 -1.3445E+00  7.3965E-02  4.0117E-01
 -8.2354E-01  6.1904E-02 -1.1702E+00  7.3584E-02  4.0743E-01
 -5.3909E-01 -3.6767E-02  1.3264E+00  7.3584E-02  4.0743E-01
  3.6565E-01 -1.5740E-02 -1.3847E+00  7.3584E-02  4.0743E-01
  1.3152E+00  1.7663E-01  5.1998E-01  7.3203E-02  4.1382E-01
  9.2575E-02 -1.8449E-01 -1.4102E+00  7.3203E-02  4.1382E-01
 -3.5280E-01  1.0217E-01  1.3699E+00  7.2822E-02  4.2035E-01
 -1.3982E+00 -7.6418E-02  1.7635E-01  7.2442E-02  4.2701E-01
  1.2079E+00 -1.6946E-01  7.0991E-01  7.2442E-02  4.2701E-01
  1.1856E+00 -4.2261E-02  7.5158E-01  7.2061E-02  4.3381E-01
  7.4757E-01 -1.6682E-01  1.1771E+00  7.2061E-02  4.3381E-01
 -5.7744E-01 -1.5954E-02 -1.2801E+00  7.2061E-02  4.3381E-01
 -8.4149E-02 -1.3085E-01  1.3889E+00  7.1680E-02  4.4076E-01
 -1.3304E+00  1.2855E-01 -4.0814E-01  7.1680E-02  4.4076E-01
 -5.1919E-01  1.8371E-01  1.2697E+00  7.0919E-02  4.5511E-01
  4.1174E-01 -4.3841E-02  1.3206E+00  7.0919E-02  4.5511E-01
 -2.6237E-01  5.1335E-02  1.3510E+00  7.0538E-02  4.6253E-01
  1.3686E+00 -9.9752E-02 -1.1730E-01  7.0538E-02  4.6253E-01
  1.1508E-02  1.7351E-01 -1.3662E+00  7.0538E-02  4.6253E-01
  1.2573E+00  9.5098E-02  5.5392E-01  7.0538E-02  4.6253E-01
 -7.7140E-01  4.0157E-02  1.1321E+00  7.0157E-02  4.7010E-01
 -1.3407E+00 -3.6605E-02 -2.4776E-01  6.9776E-02  4.7784E-01
 -1.3464E+00 -7.3623E-02 -2.0526E-01  6.9776E-02  4.7784E-01
 -1.3477E+00 -1.4017E-01 -1.5622E-01  6.9776E-02  4.7784E-01
 -1.0544E+00  1.2657E-01  8.4533E-01  6.9395E-02  4.8575E-01
  6.0800E-01  1.1017E-01  1.2085E+00  6.9395E-02  4.8575E-01
  1.6722E-01 -4.7952E-02  1.3461E+00  6.9395E-02  4.8575E-01
  7.4307E-02 -2.0216E-02  1.3551E+00  6.9395E-02  4.8575E-01
 -1.3407E+00  5.6494E-03 -1.6470E-01  6.9014E-02  4.9384E-01
 -5.1959E-01 -8.0325E-02  1.2442E+00  6.9014E-02  4.9384E-01
  8.2859E-01  1.5527E-01 -1.0470E+00  6.8633E-02  5.0211E-01
 -1.3260E+00  6.1871E-02  2.1205E-01  6.8633E-02  5.0211E-01
 -1.0119E+00 -1.2562E-01  8.7597E-01  6.8633E-02  5.0211E-01
  1.1966E+00 -1.2366E-01  5.8514E-01  6.8252E-02  5.1057E-01
  5.1610E-01  8.5365E-02  1.2313E+00  6.8252E-02  5.1057E-01
 -8.8509E-01  6.1756E-02  9.9263E-01  6.7871E-02  5.1923E-01
 -1.2202E+00 -1.0288E-01  5.2255E-01  6.7871E-02  5.1923E-01
 -1.3188E+00 -5.9265E-03 -1.8213E-01  6.7871E-02  5.1923E-01
 -1.3014E+00  4.3254E-02 -2.7772E-01  6.7871E-02  5.1923E-01
 -4.8749E-01 -1.3790E-01  1.2312E+00  6.7871E-02  5.1923E-01
 -5.1348E-01 -2.5126E-02  1.2212E+00  6.7489E-02  5.2808E-01
 -9.5768E-01  2.3484E-02 -9.1536E-01  6.7489E-02  5.2808E-01
  3.9412E-01 -2.2111E-02 -1.2648E+00  6.7489E-02  5.2808E-01
  7.3380E-01 -9.7422E-03  1.0956E+00  6.7108E-02  5.3713E-01
 -1.3072E+00  1.1499E-01  1.9451E-02  6.6726E-02  5.4640E-01
  8.7174E-01  1.4367E-01  9.7046E-01  6.6726E-02  5.4640E-01
  1.2588E+00  7.1555E-03  3.4841E-01  6.6345E-02  5.5588E-01
  1.0041E+00 -9.3035E-02  8.2037E-01  6.5963E-02  5.6559E-01
  1.1541E+00 -1.6822E-01 -5.7415E-01  6.5963E-02  5.6559E-01
 -1.0965E+00  1.4352E-01 -6.7169E-01  6.5581E-02  5.7553E-01
 -1.2403E+00  8.5483E-02  3.5843E-01  6.5581E-02  5.7553E-01
 -1.2829E+00  8.9362E-02  6.6467E-02  6.5199E-02  5.8571E-01
 -2.4620E-01  7.9033E-02 -1.2615E+00  6.5199E-02  5.8571E-01
  1.2205E+00  1.3096E-01 -3.6888E-01  6.4817E-02  5.9614E-01
  1.0896E+00 -3.2656E-03 -6.7499E-01  6.4817E-02  5.9614E-01
 -1.2393E+00 -9.0052E-02 -3.1455E-01  6.4817E-02  5.9614E-01
  7.0267E-01  4.7999E-02  1.0637E+00  6.4434E-02  6.0681E-01
 -3.8435E-01 -1.7546E-01 -1.2037E+00  6.4434E-02  6.0681E-01
  6.2972E-01  1.4753E-01  1.0996E+00  6.4434E-02  6.0681E-01
 -1.2692E+00 -2.3787E-02  3.1551E-02  6.4051E-02  6.1776E-01
  1.1929E+00  7.2168E-02  4.2925E-01  6.4051E-02  6.1776E-01
 -9.2224E-01 -6.1472E-02  8.7069E-01  6.4051E-02  6.1776E-01
 -1.2089E-01 -3.1111E-02 -1.2637E+00  6.4051E-02  6.1776E-01
  7.3843E-01  2.3873E-02  1.0255E+00  6.3669E-02  6.2897E-01
  1.1469E+00  6.3990E-02 -5.2730E-01  6.3669E-02  6.2897E-01
 -1.1677E+00 -7.1187E-02  4.7853E-01  6.3669E-02  6.2897E-01
 -1.1836E+00  6.1598E-02  4.2207E-01  6.3285E-02  6.4046E-01
 -5.4510E-01 -6.8275E-02 -1.1318E+00  6.3285E-02  6.4046E-01
 -4.2560E-01  1.6118E-01 -1.1667E+00  6.2902E-02  6.5224E-01
  9.3026E-01 -1.5208E-02 -8.3826E-01  6.2902E-02  6.5224E-01
  1.2427E+00 -4.1516E-02  1.4894E-01  6.2902E-02  6.5224E-01
 -8.6543E-01  5.8417E-02  8.9532E-01  6.2518E-02  6.6433E-01
 -1.1476E+00 -4.0536E-02  4.8521E-01  6.2518E-02  6.6433E-01
  7.2494E-01 -1.1430E-01 -1.0077E+00  6.2518E-02  6.6433E-01
  1.1753E+00  6.5616E-02  3.9274E-01  6.2134E-02  6.7672E-01
 -2.4657E-01 -4.4776E-02 -1.2153E+00  6.2134E-02  6.7672E-01
  9.2076E-01 -1.5003E-01 -8.1826E-01  6.2134E-02  6.7672E-01
  1.1808E+00  1.3036E-01 -3.1789E-01  6.1365E-02  7.0248E-01
  1.0181E+00 -1.7607E-01 -6.6692E-01  6.1365E-02  7.0248E-01
 -1.1992E+00 -4.9356E-02  2.6799E-01  6.1365E-02  7.0248E-01
 -9.1309E-01  1.3691E-01  8.1224E-01  6.1365E-02  7.0248E-01
 -4.4061E-01  3.6894E-02 -1.1416E+00  6.0980E-02  7.1587E-01
  1.1039E+00  7.9949E-02  5.2316E-01  6.0980E-02  7.1587E-01
  1.1264E+00 -1.4917E-01 -4.2576E-01  6.0209E-02  7.4374E-01
  3.7377E-01  1.8473E-01  1.1395E+00  6.0209E-02  7.4374E-01
  1.1893E+00  7.9590E-02 -1.9619E-01  5.9822E-02  7.5825E-01
  9.2639E-01  4.0099E-03  7.7527E-01  5.9822E-02  7.5825E-01
 -8.0404E-02  1.1589E-03 -1.2053E+00  5.9822E-02  7.5825E-01
  1.0449E+00 -1.5168E-01 -5.7589E-01  5.9436E-02  7.7315E-01
  9.8309E-01 -2.7707E-02 -6.8317E-01  5.9048E-02  7.8847E-01
  1.1857E+00 -1.0990E-01  1.2685E-01  5.9048E-02  7.8847E-01
 -8.0822E-01 -1.1951E-01 -8.7547E-01  5.9048E-02  7.8847E-01
  1.0470E+00 -9.5050E-02 -5.6245E-01  5.8660E-02  8.0422E-01
  1.0569E+00 -8.2655E-02  5.4564E-01  5.8660E-02  8.0422E-01
  3.7646E-01  1.7285E-02  1.1312E+00  5.8660E-02  8.0422E-01
 -1.0293E+00  1.6746E-01 -5.7801E-01  5.8660E-02  8.0422E-01
  9.8913E-01  1.4639E-01  6.4000E-01  5.8271E-02  8.2042E-01
 -9.9862E-01 -5.2023E-02 -6.3988E-01  5.8271E-02  8.2042E-01
 -7.9613E-01  1.7751E-01  8.5562E-01  5.7882E-02  8.3709E-01
 -1.4387E-01  3.5400E-02  1.1728E+00  5.7882E-02  8.3709E-01
  4.4682E-01  7.7804E-02 -1.0862E+00  5.7492E-02  8.5424E-01
  9.8029E-01 -1.8503E-01 -6.2483E-01  5.7492E-02  8.5424E-01
 -1.1724E+00 -1.0406E-01 -1.2549E-02  5.7492E-02  8.5424E-01
 -1.3350E-01 -1.3045E-01 -1.1572E+00  5.7101E-02  8.7190E-01
 -1.5780E-01 -3.5246E-02  1.1610E+00  5.7101E-02  8.7190E-01
  4.3390E-01 -5.2606E-02  1.0824E+00  5.6710E-02  8.9009E-01
 -1.1266E+00  1.4326E-01  2.6972E-01  5.6710E-02  8.9009E-01
 -9.8638E-01  1.5733E-01  6.0405E-01  5.6710E-02  8.9009E-01
  2.6595E-02  3.4204E-02  1.1665E+00  5.6710E-02  8.9009E-01
 -1.0510E+00  1.7802E-01 -4.7574E-01  5.6710E-02  8.9009E-01
  2.1540E-01  7.9789E-02 -1.1396E+00  5.6317E-02  9.0882E-01
  1.1154E+00  8.5092E-02  2.9818E-01  5.5924E-02  9.2814E-01
  1.1356E+00 -2.5988E-02  1.9804E-01  5.5530E-02  9.4805E-01
 -3.9604E-01  1.8389E-01 -1.0671E+00  5.5530E-02  9.4805E-01
 -5.3682E-02  3.1862E-02 -1.1421E+00  5.4738E-02  9.8980E-01
  6.7163E-01  1.4081E-02  9.2574E-01  5.4738E-02  9.8980E-01
  2.1720E-01 -1.7203E-02 -1.1183E+00  5.4340E-02  1.0117E+00
  2.9341E-01  5.6112E-02 -1.0994E+00  5.4340E-02  1.0117E+00
 -6.8968E-01 -1.5499E-01 -8.9347E-01  5.4340E-02  1.0117E+00
 -3.2175E-01  2.8123E-02  1.0925E+00  5.4340E-02  1.0117E+00
 -9.5420E-01 -5.9519E-02 -6.1963E-01  5.4340E-02  1.0117E+00
  1.0216E+00 -4.7220E-05  5.0431E-01  5.4340E-02  1.0117E+00
 -8.6360E-01  1.7895E-01 -7.1416E-01  5.3941E-02  1.0343E+00
  1.1028E+00  1.1520E-01  2.4173E-01  5.3941E-02  1.0343E+00
 -9.2905E-01 -9.1185E-02 -6.4529E-01  5.3941E-02  1.0343E+00
 -9.6432E-01  5.9325E-02  5.7857E-01  5.3139E-02  1.0818E+00
  9.5140E-01 -1.6161E-01 -5.8042E-01  5.3139E-02  1.0818E+00
 -2.1990E-01 -1.2832E-01  1.0970E+00  5.3139E-02  1.0818E+00
 -6.7124E-01  2.2417E-02  8.9863E-01  5.2736E-02  1.1068E+00
 -8.7495E-01  8.2023E-02 -6.9738E-01  5.2736E-02  1.1068E+00
 -1.1045E+00  7.6687E-02  1.8115E-01  5.2736E-02  1.1068E+00
 -1.1084E+00  1.0244E-01 -1.3947E-01  5.2736E-02  1.1068E+00
 -9.6022E-01 -4.8116E-02 -5.6997E-01  5.2331E-02  1.1327E+00
  1.0948E+00  1.8338E-01  1.3036E-01  5.2331E-02  1.1327E+00
 -9.3054E-01 -5.0050E-02  6.1709E-01  5.2331E-02  1.1327E+00
  7.0081E-01 -1.5497E-01 -8.5677E-01  5.2331E-02  1.1327E+00
  1.0051E+00 -1.1845E-01 -4.6440E-01  5.1925E-02  1.1595E+00
 -7.4246E-01  8.1271E-02 -8.2593E-01  5.1925E-02  1.1595E+00
  1.0972E+00 -4.8511E-02  1.8366E-01  5.1925E-02  1.1595E+00
  5.5506E-01 -5.0259E-02 -9.6404E-01  5.1925E-02  1.1595E+00
  6.9603E-01  9.3527E-02  8.5893E-01  5.1516E-02  1.1873E+00
  9.8653E-01 -1.0934E-01 -4.9575E-01  5.1516E-02  1.1873E+00
 -9.7316E-01 -2.3542E-02  5.2396E-01  5.1106E-02  1.2161E+00
 -8.3484E-01 -5.1549E-02  7.2285E-01  5.1106E-02  1.2161E+00
  1.0972E+00  1.3370E-01 -1.9263E-02  5.1106E-02  1.2161E+00
  2.0094E-01 -3.9200E-02 -1.0864E+00  5.1106E-02  1.2161E+00
  1.0140E+00 -1.3490E-01  4.0868E-01  5.0694E-02  1.2461E+00
  1.0669E+00  1.1136E-01 -2.5054E-01  5.0694E-02  1.2461E+00
 -9.7489E-01 -2.7984E-02  5.1213E-01  5.0694E-02  1.2461E+00
  1.0874E+00 -8.8394E-02  1.5231E-01  5.0694E-02  1.2461E+00
  1.0773E+00  1.5916E-01  1.3808E-01  5.0279E-02  1.2771E+00
 -7.8523E-01 -1.2128E-01 -7.5742E-01  5.0279E-02  1.2771E+00
 -8.7948E-01  1.6682E-01 -6.3535E-01  5.0279E-02  1.2771E+00
 -1.0041E+00  2.6076E-02 -4.4291E-01  5.0279E-02  1.2771E+00
  1.0263E+00 -6.0938E-03  3.8930E-01  5.0279E-02  1.2771E+00
  3.0800E-01  1.1163E-01  1.0437E+00  4.9863E-02  1.3094E+00
  3.7562E-01  2.6578E-02  1.0271E+00  4.9863E-02  1.3094E+00
  1.0661E+00 -4.4119E-02 -2.4121E-01  4.9863E-02  1.3094E+00
  4.6095E-01 -1.7824E-01 -9.7592E-01  4.9863E-02  1.3094E+00
 -8.6790E-01 -1.2283E-01  6.4823E-01  4.9444E-02  1.3430E+00
 -2.8990E-01 -1.2610E-01  1.0434E+00  4.9444E-02  1.3430E+00
  7.3880E-01  1.4478E-02 -8.0157E-01  4.9444E-02  1.3430E+00
 -9.6584E-01 -1.3819E-01  4.7818E-01  4.9022E-02  1.3780E+00
  1.0823E+00 -8.6891E-02 -4.1354E-02  4.9022E-02  1.3780E+00
  2.5918E-01 -1.1090E-01  1.0493E+00  4.9022E-02  1.3780E+00
 -1.8905E-01  5.7245E-02  1.0684E+00  4.9022E-02  1.3780E+00
 -1.0857E+00  3.5178E-02  2.3983E-02  4.9022E-02  1.3780E+00
  1.0145E+00  7.3137E-02 -3.8222E-01  4.9022E-02  1.3780E+00
 -1.0470E+00 -4.9236E-02 -2.8611E-01  4.9022E-02  1.3780E+00
  3.8190E-01  8.7165E-02 -1.0135E+00  4.9022E-02  1.3780E+00
  3.0612E-01  1.2972E-01  1.0307E+00  4.8597E-02  1.4144E+00
  1.0192E+00 -5.9260E-02  3.6140E-01  4.8597E-02  1.4144E+00
 -8.3006E-01  5.9555E-02 -6.9302E-01  4.8597E-02  1.4144E+00
  7.1892E-01 -1.6382E-01  7.9318E-01  4.8597E-02  1.4144E+00
 -8.9002E-01  1.8580E-01 -5.8187E-01  4.8170E-02  1.4524E+00
  9.1105E-01  1.3583E-01  5.6282E-01  4.8170E-02  1.4524E+00
 -1.0735E+00  8.9291E-02 -7.0168E-02  4.8170E-02  1.4524E+00
  7.4122E-01  1.1789E-01 -7.7104E-01  4.7739E-02  1.4920E+00
  8.9665E-02 -2.1822E-02 -1.0720E+00  4.7739E-02  1.4920E+00
 -3.9859E-01  3.7423E-02 -9.9877E-01  4.7739E-02  1.4920E+00
 -1.0229E+00 -3.3089E-02  3.3224E-01  4.7739E-02  1.4920E+00
  6.6756E-01  1.3092E-02 -8.4380E-01  4.7739E-02  1.4920E+00
 -3.6479E-01 -5.8106E-02 -1.0070E+00  4.7306E-02  1.5334E+00
 -9.9808E-01 -6.8359E-02  3.8694E-01  4.7306E-02  1.5334E+00
 -7.8278E-01 -9.3894E-03  7.2847E-01  4.6868E-02  1.5768E+00
 -5.5157E-01 -8.6766E-02  9.1200E-01  4.6868E-02  1.5768E+00
 -4.8891E-01 -1.6390E-01  9.3680E-01  4.6868E-02  1.5768E+00
 -4.5897E-01  1.5444E-01  9.4979E-01  4.6427E-02  1.6222E+00
 -4.7739E-01 -3.8839E-02 -9.5247E-01  4.6427E-02  1.6222E+00
 -7.8201E-01  1.1701E-01  7.1510E-01  4.6427E-02  1.6222E+00
 -9.8636E-01  6.7043E-02 -3.9901E-01  4.6427E-02  1.6222E+00
  1.0103E+00 -1.5426E-01 -3.0345E-01  4.6427E-02  1.6222E+00
 -9.9822E-01 -9.1409E-02  3.6305E-01  4.6427E-02  1.6222E+00
  8.8001E-01 -1.3163E-01 -5.8150E-01  4.5982E-02  1.6697E+00
 -4.6532E-01 -6.6816E-02  9.5336E-01  4.5982E-02  1.6697E+00
  1.0507E+00 -1.3040E-01 -9.4543E-02  4.5982E-02  1.6697E+00
 -6.1575E-01  7.1749E-03  8.6263E-01  4.5533E-02  1.7196E+00
  9.1655E-01  3.6836E-04 -5.3224E-01  4.5533E-02  1.7196E+00
 -1.0500E+00 -1.0283E-01 -1.0108E-01  4.5533E-02  1.7196E+00
 -1.0138E+00 -1.6128E-02  3.0874E-01  4.5533E-02  1.7196E+00
 -9.4758E-01 -1.6193E-01 -4.3913E-01  4.5079E-02  1.7721E+00
 -2.0198E-01 -2.6379E-02  1.0371E+00  4.5079E-02  1.7721E+00
 -6.4942E-01 -1.7257E-01 -8.1575E-01  4.5079E-02  1.7721E+00
 -6.5817E-01  1.1873E-02  8.2682E-01  4.5079E-02  1.7721E+00
  1.0459E+00  1.2882E-01  1.8915E-02  4.4620E-02  1.8273E+00
 -1.0418E+00 -2.8651E-02 -1.3604E-01  4.4156E-02  1.8855E+00
  1.0350E+00  5.5962E-02 -1.7457E-01  4.4156E-02  1.8855E+00
  7.8370E-01 -1.2405E-01  6.8507E-01  4.3687E-02  1.9469E+00
  7.0314E-01  5.8370E-02  7.7530E-01  4.3687E-02  1.9469E+00
 -9.5298E-01 -1.5290E-01 -4.0907E-01  4.3687E-02  1.9469E+00
  2.6249E-01  6.3678E-02 -1.0101E+00  4.3212E-02  2.0119E+00
  9.1786E-01  1.3980E-01  4.8083E-01  4.3212E-02  2.0119E+00
 -1.0387E+00 -3.0262E-02 -1.1610E-01  4.3212E-02  2.0119E+00
  8.5978E-01  1.9955E-02  5.9463E-01  4.3212E-02  2.0119E+00
  1.0234E+00 -1.7888E-01 -9.1115E-02  4.2730E-02  2.0806E+00
 -4.2028E-01 -1.2977E-01  9.4563E-01  4.2730E-02  2.0806E+00
 -9.4580E-02 -3.3105E-02 -1.0381E+00  4.2730E-02  2.0806E+00
 -7.6926E-01 -1.5516E-02  6.9656E-01  4.1747E-02  2.2312E+00
 -4.2091E-01 -1.1527E-02 -9.4863E-01  4.1747E-02  2.2312E+00
 -1.6811E-01  4.3500E-02  1.0232E+00  4.1747E-02  2.2312E+00
 -1.9656E-01  1.3932E-01 -1.0071E+00  4.1244E-02  2.3138E+00
 -4.2718E-01 -1.7852E-02 -9.4308E-01  4.1244E-02  2.3138E+00
 -6.3073E-01 -1.8098E-01  8.0101E-01  4.1244E-02  2.3138E+00
  5.8850E-01 -1.2660E-01 -8.3965E-01  4.0733E-02  2.4020E+00
 -2.8234E-01  1.4345E-01  9.8340E-01  4.0733E-02  2.4020E+00
 -5.2286E-01  7.6537E-02 -8.8776E-01  4.0733E-02  2.4020E+00
 -3.8240E-01 -1.4573E-01  9.4617E-01  4.0213E-02  2.4964E+00
  6.2333E-02 -2.4315E-02  1.0287E+00  4.0213E-02  2.4964E+00
 -6.5639E-01 -1.3731E-01 -7.8295E-01  4.0213E-02  2.4964E+00
 -9.1996E-01  4.5589E-02  4.6293E-01  4.0213E-02  2.4964E+00
  9.9254E-01 -1.3346E-01 -2.4447E-01  4.0213E-02  2.4964E+00
 -5.6327E-01  5.0945E-02  8.6188E-01  4.0213E-02  2.4964E+00
 -5.3030E-02 -1.9670E-02 -1.0271E+00  3.9683E-02  2.5977E+00
  8.4936E-01 -1.9992E-02  5.8000E-01  3.9683E-02  2.5977E+00
  1.0184E+00 -5.2083E-02  1.3569E-01  3.9683E-02  2.5977E+00
  3.7056E-01  6.6192E-02 -9.5509E-01  3.9143E-02  2.7067E+00
  3.5176E-01  1.2768E-01 -9.5596E-01  3.9143E-02  2.7067E+00
 -5.0500E-01 -1.4715E-01  8.7925E-01  3.8592E-02  2.8243E+00
 -2.7978E-02  1.0448E-01 -1.0188E+00  3.8592E-02  2.8243E+00
  4.2067E-01 -1.1433E-01  9.2721E-01  3.8592E-02  2.8243E+00
  9.2390E-01  8.6265E-02  4.2979E-01  3.8029E-02  2.9517E+00
 -4.3531E-01 -9.2590E-02 -9.2070E-01  3.8029E-02  2.9517E+00
  6.5263E-01 -2.5602E-02 -7.8688E-01  3.8029E-02  2.9517E+00
  8.8132E-01 -1.7424E-01 -4.8855E-01  3.8029E-02  2.9517E+00
 -5.2551E-01 -7.4145E-02  8.7195E-01  3.7452E-02  3.0900E+00
  1.1556E-01  1.3188E-01  1.0056E+00  3.7452E-02  3.0900E+00
  1.0028E+00 -1.6899E-01 -8.8240E-02  3.7452E-02  3.0900E+00
 -1.0089E+00  1.3943E-02  1.5426E-01  3.7452E-02  3.0900E+00
 -8.8258E-01 -1.8488E-01 -4.7451E-01  3.6862E-02  3.2409E+00
  5.4624E-02  1.6281E-01  1.0044E+00  3.6862E-02  3.2409E+00
  9.2141E-01  1.2541E-01 -4.1242E-01  3.6256E-02  3.4062E+00
 -3.6544E-01  6.5750E-02  9.4707E-01  3.6256E-02  3.4062E+00
 -1.0046E+00  1.1170E-01  1.1453E-01  3.6256E-02  3.4062E+00
 -5.4183E-01 -4.5169E-02 -8.5977E-01  3.6256E-02  3.4062E+00
  5.4612E-01 -8.3458E-03  8.5820E-01  3.6256E-02  3.4062E+00
 -2.0918E-01 -9.0690E-02 -9.8971E-01  3.5633E-02  3.5880E+00
  4.2325E-01  1.2918E-01  9.1415E-01  3.5633E-02  3.5880E+00
 -1.0077E+00 -3.0396E-02 -1.2287E-01  3.5633E-02  3.5880E+00
  8.5767E-01  3.3331E-02 -5.4296E-01  3.5633E-02  3.5880E+00
  9.5409E-01  1.6481E-01 -3.0152E-01  3.4991E-02  3.7890E+00
  2.6351E-01 -5.3045E-02  9.7781E-01  3.4991E-02  3.7890E+00
 -2.1093E-01 -9.9547E-02  9.8689E-01  3.4991E-02  3.7890E+00
  4.5132E-03 -6.1755E-02 -1.0107E+00  3.4329E-02  4.0125E+00
  9.9587E-01  6.1564E-03  1.8327E-01  3.4329E-02  4.0125E+00
 -8.1341E-01 -9.3780E-02  5.9577E-01  3.4329E-02  4.0125E+00
 -3.5873E-01 -8.8182E-02  9.4133E-01  3.3644E-02  4.2626E+00
  7.1696E-01 -2.3919E-02 -7.1271E-01  3.3644E-02  4.2626E+00
  6.3719E-01 -1.7877E-01 -7.6459E-01  3.3644E-02  4.2626E+00
 -7.5209E-01  9.6381E-02  6.6707E-01  3.2934E-02  4.5444E+00
 -8.6505E-01  5.9775E-02  5.1772E-01  3.2934E-02  4.5444E+00
  2.3312E-01  1.4429E-01 -9.7071E-01  3.2195E-02  4.8645E+00
 -7.8560E-01 -1.1233E-01  6.2261E-01  3.2195E-02  4.8645E+00
  9.1344E-01  7.7510E-02  4.2079E-01  3.2195E-02  4.8645E+00
 -5.8528E-01  3.8988E-02  8.2059E-01  3.2195E-02  4.8645E+00
  5.3524E-01 -9.1759E-02 -8.5002E-01  3.2195E-02  4.8645E+00
 -6.2611E-01  1.7772E-01 -7.7061E-01  3.2195E-02  4.8645E+00
 -3.2759E-01  1.5605E-01  9.4115E-01  3.2195E-02  4.8645E+00
 -5.1397E-01  3.7791E-02  8.6575E-01  3.1425E-02  5.2312E+00
 -7.4519E-01 -6.5804E-02 -6.7490E-01  3.1425E-02  5.2312E+00
  7.5198E-01 -1.1148E-01  6.6123E-01  3.1425E-02  5.2312E+00
 -3.5347E-01  4.2978E-02 -9.4137E-01  3.0618E-02  5.6557E+00
  6.2103E-01 -1.6130E-01 -7.7542E-01  3.0618E-02  5.6557E+00
  9.5429E-02  1.2263E-01  9.9440E-01  3.0618E-02  5.6557E+00
  5.1536E-01  1.7372E-01  8.4688E-01  3.0618E-02  5.6557E+00
  8.1688E-01 -5.5895E-02  5.8358E-01  2.9770E-02  6.1530E+00
  3.0750E-01 -1.4957E-02  9.5719E-01  2.9770E-02  6.1530E+00
 -9.8546E-01  8.4400E-02  1.8091E-01  2.9770E-02  6.1530E+00
  7.5163E-01  1.0969E-01 -6.5879E-01  2.9770E-02  6.1530E+00
 -9.9150E-01 -1.4204E-01 -8.7973E-02  2.9770E-02  6.1530E+00
  3.4666E-01  4.0149E-02 -9.4201E-01  2.8874E-02  6.7438E+00
 -5.1423E-01  1.4056E-01  8.5145E-01  2.8874E-02  6.7438E+00
 -4.2613E-01  8.5102E-02 -9.0572E-01  2.8874E-02  6.7438E+00
  9.5228E-01  1.8321E-02 -3.1936E-01  2.8874E-02  6.7438E+00
 -9.6803E-01  1.5923E-01 -2.1231E-01  2.7921E-02  7.4574E+00
 -8.8644E-02 -1.7678E-01 -9.8407E-01  2.7921E-02  7.4574E+00
  3.7518E-01 -1.5366E-01  9.1823E-01  2.7921E-02  7.4574E+00
 -1.8047E-01 -1.5255E-01 -9.7554E-01  2.7921E-02  7.4574E+00
 -8.3513E-01 -1.6770E-01  5.2958E-01  2.6903E-02  8.3369E+00
  8.7501E-01  5.5176E-02 -4.8717E-01  2.6903E-02  8.3369E+00
  9.0804E-01  1.8115E-01  3.8386E-01  2.5804E-02  9.4481E+00
 -9.0512E-01 -1.7027E-01 -3.9556E-01  2.5804E-02  9.4481E+00
  6.5925E-01  1.4485E-01  7.4102E-01  2.5804E-02  9.4481E+00
  9.2372E-01 -1.5089E-01  3.5870E-01  2.5804E-02  9.4481E+00
 -6.7901E-01 -1.1594E-01 -7.2736E-01  2.4606E-02  1.0897E+01
  4.4332E-01  1.2060E-01 -8.9020E-01  2.4606E-02  1.0897E+01
 -1.8997E-02 -1.2984E-01  9.9313E-01  2.4606E-02  1.0897E+01
  4.9479E-01  2.7401E-02  8.7061E-01  2.4606E-02  1.0897E+01
  3.5419E-01  9.9050E-02 -9.3181E-01  2.4606E-02  1.0897E+01
 -6.5646E-01  1.6705E-01 -7.3803E-01  2.4606E-02  1.0897E+01
  9.6567E-01  6.3477E-02 -2.5881E-01  2.4606E-02  1.0897E+01
 -9.9004E-01 -1.4950E-01  1.4634E-03  2.3280E-02  1.2866E+01
  8.6193E-01  1.1947E-01  4.9532E-01  2.3280E-02  1.2866E+01
 -7.6378E-01 -8.2197E-02  6.4221E-01  2.3280E-02  1.2866E+01
  2.6821E-01  1.3592E-01 -9.5505E-01  2.3280E-02  1.2866E+01
  7.2421E-01 -1.6681E-01 -6.7037E-01  2.1787E-02  1.5696E+01
 -9.9582E-01  9.0853E-02 -4.2440E-02  2.1787E-02  1.5696E+01
 -6.6768E-01  2.2765E-02 -7.4525E-01  2.1787E-02  1.5696E+01
  9.7725E-01  9.3378E-02 -1.9487E-01  2.1787E-02  1.5696E+01
  9.9115E-01 -1.2690E-01  5.6852E-02  2.1787E-02  1.5696E+01
 -9.8626E-01  5.0712E-02 -1.6050E-01  2.0058E-02  2.0115E+01
  9.8099E-01 -1.8017E-01 -7.8952E-02  2.0058E-02  2.0115E+01
  9.9661E-01 -7.7176E-02 -4.3048E-02  2.0058E-02  2.0115E+01
  9.5365E-01 -1.8230E-01  2.4054E-01  1.7969E-02  2.7981E+01
  8.4607E-02 -1.4752E-01 -9.8571E-01  1.7969E-02  2.7981E+01
 -9.8978E-01  1.4423E-01 -8.8706E-03  1.7969E-02  2.7981E+01
  9.7997E-01  1.6569E-01  1.1293E-01  1.7969E-02  2.7981E+01
  5.7498E-01  8.8824E-02 -8.1366E-01  1.7969E-02  2.7981E+01
