0.33325714285714D+01       602
(x,y,z) position of the X-ray source
  0.1058E+01  0.7621E-01  0.1454E+01
x | y | z | R | rho
 -4.4405E-01 -1.9823E-01  4.9039E+00  1.9717E-01  2.1178E-02
  1.3264E+00 -5.3604E-02  3.8445E+00  1.7189E-01  3.1962E-02
 -1.1810E+00  6.5962E-02  5.3891E+00  2.1355E-01  1.6669E-02
  2.0378E-01 -2.5487E-02  3.7309E+00  1.6166E-01  3.8427E-02
  1.4206E-01 -1.3273E-01  4.7278E+00  1.9157E-01  2.3091E-02
 -3.5524E-01 -1.4018E-01  5.4569E+00  2.1226E-01  1.6974E-02
  1.9108E+00 -8.5496E-02  7.6675E+00  2.7428E-01  7.8670E-03
  1.7287E+00 -6.8779E-02  4.1840E+00  1.8564E-01  2.5375E-02
  4.9144E-01  9.6538E-02  3.9271E+00  1.6858E-01  3.3885E-02
  1.3679E+00 -1.4617E-01  7.1937E+00  2.6023E-01  9.2114E-03
  1.5989E+00 -4.0431E-02  5.0034E+00  2.0628E-01  1.8494E-02
  1.0530E-01  2.1906E-01  2.9414E+00  1.3580E-01  6.4823E-02
 -1.8358E+00 -1.8391E-01  4.8129E+00  2.0355E-01  1.9250E-02
  4.3840E-01 -3.6449E-01  8.1472E+00  2.8059E-01  7.3480E-03
 -3.3746E-01  2.1191E-01  5.6950E+00  2.1873E-01  1.5512E-02
  1.3708E+00 -1.7905E-01  5.0663E+00  2.0625E-01  1.8503E-02
  5.0993E-02  1.4915E-01  7.8717E+00  2.7358E-01  7.9275E-03
  2.4012E-01 -2.1664E-01  4.2078E+00  1.7652E-01  2.9512E-02
 -4.7341E-01 -1.1329E-01  3.5888E+00  1.5802E-01  4.1143E-02
 -1.2829E+00 -2.4656E-01  7.3190E+00  2.6295E-01  8.9287E-03
  1.9148E+00  1.2681E-01  2.2358E+00  1.3562E-01  6.5073E-02
 -1.3722E+00 -9.0318E-02  2.6747E+00  1.3773E-01  6.2132E-02
  1.2699E+00 -2.3412E-01  3.2093E+00  1.5280E-01  4.5503E-02
  3.0591E-01  4.8393E-02  6.0525E+00  2.2809E-01  1.3680E-02
 -1.3834E+00 -2.5031E-01  7.1141E+00  2.5845E-01  9.4035E-03
 -7.4070E-01  1.0763E-01  7.2094E+00  2.5836E-01  9.4132E-03
 -8.3610E-01 -2.0124E-02  3.2038E+00  1.4795E-01  5.0128E-02
 -9.1370E-01 -1.0975E-01  3.2981E+00  1.5165E-01  4.6543E-02
  6.8354E-01  6.6768E-02  2.7680E+00  1.3233E-01  7.0053E-02
 -1.9002E-01  1.2698E-01  3.9977E+00  1.6997E-01  3.3060E-02
 -1.6574E+00  3.6794E-01  8.2929E+00  2.8761E-01  6.8234E-03
 -7.7923E-01 -2.0225E-01  6.4139E+00  2.3860E-01  1.1951E-02
 -7.9205E-02 -2.4069E-03  3.6874E+00  1.6013E-01  3.9534E-02
  5.9106E-01 -1.8333E-01  3.4384E+00  1.5391E-01  4.4527E-02
 -1.0645E+00  2.9292E-03  7.5999E+00  2.6878E-01  8.3602E-03
  5.2574E-01 -1.1007E-01  5.8422E+00  2.2296E-01  1.4646E-02
 -1.7792E+00  2.1849E-01  2.4850E+00  1.3966E-01  5.9587E-02
  1.0204E-01  2.3314E-01  5.5239E+00  2.1389E-01  1.6590E-02
  1.7861E+00 -1.4222E-01  4.7816E+00  2.0220E-01  1.9637E-02
 -3.6050E-01 -8.3152E-02  4.6935E+00  1.9088E-01  2.3340E-02
  7.6442E-01  1.0270E-01  3.5086E+00  1.5708E-01  4.1883E-02
 -1.4862E+00 -1.2784E-01  2.4661E+00  1.3339E-01  6.8402E-02
 -1.0208E+00 -1.8028E-01  2.9987E+00  1.4334E-01  5.5117E-02
 -1.1696E+00 -1.9432E-03  2.7598E+00  1.3738E-01  6.2602E-02
  2.9795E-01 -2.5636E-01  4.7321E+00  1.9204E-01  2.2919E-02
 -1.2200E+00 -2.6029E-01  4.3934E+00  1.8679E-01  2.4908E-02
  4.0963E-01  2.1468E-01  6.9915E+00  2.5236E-01  1.0101E-02
  5.7394E-01 -1.4009E-01  6.7680E+00  2.4700E-01  1.0772E-02
 -7.4950E-01 -1.7832E-01  3.0269E+00  1.4168E-01  5.7080E-02
  1.4313E+00 -4.9898E-02  3.4250E+00  1.6089E-01  3.8975E-02
  1.0349E+00  1.4997E-01  3.1974E+00  1.4969E-01  4.8399E-02
  1.6025E+00 -3.2403E-01  8.5118E+00  2.9233E-01  6.4982E-03
  2.7258E-01  2.5770E-01  5.8997E+00  2.2415E-01  1.4414E-02
  7.0247E-01  3.8100E-01  9.7081E+00  3.1675E-01  5.1082E-03
  4.2315E-01  1.7723E-01  5.5817E+00  2.1581E-01  1.6151E-02
 -1.1473E-02  2.3686E-01  3.9437E+00  1.6833E-01  3.4037E-02
  1.1065E+00  2.4712E-01  5.5554E+00  2.1768E-01  1.5737E-02
 -1.7092E+00  2.3523E-01  2.9313E+00  1.5091E-01  4.7232E-02
  2.3422E-02  4.0504E-01  9.5696E+00  3.1311E-01  5.2885E-03
  1.1472E+00 -2.0273E-01  4.6847E+00  1.9431E-01  2.2127E-02
 -1.1612E+00 -2.0707E-01  4.0346E+00  1.7602E-01  2.9766E-02
 -1.6077E-02 -3.0270E-01  8.6989E+00  2.9318E-01  6.4416E-03
  2.8029E-01  4.3648E-02  4.4636E+00  1.8402E-01  2.6049E-02
  1.1481E+00  1.0543E-01  3.2127E+00  1.5130E-01  4.6869E-02
  2.1305E-01 -3.0117E-01  5.9796E+00  2.2626E-01  1.4015E-02
  1.5112E+00 -3.0642E-02  9.6830E+00  3.1807E-01  5.0448E-03
 -1.2907E+00  7.9803E-02  3.1902E+00  1.5225E-01  4.6000E-02
  1.8686E+00 -1.9002E-01  2.3661E+00  1.3819E-01  6.1510E-02
 -2.9037E-01 -9.1422E-02  3.4784E+00  1.5385E-01  4.4581E-02
  2.0400E-01 -1.7448E-01  3.1089E+00  1.4158E-01  5.7201E-02
 -5.6009E-01  3.0855E-01  6.0822E+00  2.2954E-01  1.3422E-02
 -2.0623E+00  1.3204E-01  8.9908E+00  3.0514E-01  5.7136E-03
  2.0075E+00 -1.1010E-01  6.8504E+00  2.5566E-01  9.7141E-03
 -1.4978E+00 -6.9896E-02  2.7357E+00  1.4155E-01  5.7234E-02
 -7.3571E-01 -3.2199E-01  8.0676E+00  2.7918E-01  7.4604E-03
  2.2834E-01  7.0705E-02  4.2661E+00  1.7810E-01  2.8736E-02
 -1.1426E+00 -9.2705E-02  4.3841E+00  1.8575E-01  2.5328E-02
 -1.1222E+00  1.8228E-01  3.2374E+00  1.5189E-01  4.6328E-02
 -1.7654E+00 -5.2747E-02  4.3549E+00  1.9063E-01  2.3432E-02
  1.8050E+00 -7.5010E-02  2.9366E+00  1.5242E-01  4.5840E-02
  9.1092E-01 -1.5955E-01  5.6684E+00  2.1966E-01  1.5317E-02
 -1.4525E+00  1.0581E-01  6.1333E+00  2.3445E-01  1.2596E-02
 -1.8442E+00  2.1010E-01  2.3731E+00  1.3791E-01  6.1890E-02
 -7.1709E-01 -9.2057E-02  3.4517E+00  1.5497E-01  4.3616E-02
 -1.4228E+00 -2.4435E-01  3.2648E+00  1.5636E-01  4.2468E-02
  1.4503E-01  1.0742E-01  3.9615E+00  1.6878E-01  3.3761E-02
 -1.8376E-01 -1.9866E-01  4.1377E+00  1.7430E-01  3.0655E-02
 -8.1749E-01 -1.9266E-01  2.9182E+00  1.3873E-01  6.0800E-02
 -1.2109E+00 -1.7264E-02  4.3052E+00  1.8401E-01  2.6053E-02
  1.4041E+00  1.3817E-01  4.2461E+00  1.8408E-01  2.6027E-02
 -1.8092E-02  1.3175E-01  2.9297E+00  1.3515E-01  6.5757E-02
  1.2822E-01 -1.6681E-01  4.9712E+00  1.9852E-01  2.0747E-02
 -1.3161E+00  1.8415E-02  3.2256E+00  1.5359E-01  4.4802E-02
 -8.8647E-01  7.1617E-03  9.9713E+00  3.2273E-01  4.8292E-03
 -1.0171E-01  4.6393E-03  2.8013E+00  1.3061E-01  7.2853E-02
  1.2330E+00 -1.7350E-02  2.4945E+00  1.2988E-01  7.4085E-02
 -7.6816E-01  1.2392E-01  2.6503E+00  1.2916E-01  7.5345E-02
  1.7593E+00  1.8799E-01  2.1077E+00  1.2879E-01  7.5987E-02
  8.2574E-02 -1.2894E-03  2.7405E+00  1.2843E-01  7.6636E-02
  1.3740E+00 -3.9728E-02  2.3604E+00  1.2806E-01  7.7293E-02
 -4.1333E-01  7.1007E-02  2.6888E+00  1.2770E-01  7.7958E-02
 -1.8964E+00  9.1411E-02 -1.9210E+00  1.2697E-01  7.9312E-02
  2.2603E-01  7.0097E-02  2.6803E+00  1.2660E-01  8.0001E-02
  5.5707E-01  1.6610E-01  2.5340E+00  1.2330E-01  8.6599E-02
 -1.4673E+00  8.8747E-02  2.1077E+00  1.2220E-01  8.8967E-02
  1.9167E+00 -2.0803E-01 -1.6989E+00  1.2220E-01  8.8967E-02
  1.1529E-01  5.6363E-02  2.5264E+00  1.2072E-01  9.2266E-02
  1.8770E+00 -1.5611E-01 -1.6738E+00  1.2035E-01  9.3117E-02
  9.2724E-01  1.1406E-01  2.3402E+00  1.2035E-01  9.3117E-02
 -1.8627E+00  8.0898E-03  1.6672E+00  1.1961E-01  9.4853E-02
  1.3574E+00 -8.1627E-02  2.0503E+00  1.1814E-01  9.8461E-02
 -1.8590E+00 -1.8380E-01 -1.5552E+00  1.1702E-01  1.0129E-01
  1.8856E+00 -1.0890E-01 -1.5144E+00  1.1665E-01  1.0226E-01
  9.4516E-01 -1.9150E-01  2.2205E+00  1.1665E-01  1.0226E-01
  9.9554E-01  1.1437E-01  2.1822E+00  1.1591E-01  1.0424E-01
 -1.8931E+00 -9.7955E-02 -1.4579E+00  1.1554E-01  1.0525E-01
  5.1255E-01 -1.0894E-01  2.3334E+00  1.1554E-01  1.0525E-01
 -1.0870E+00  1.1139E-01  2.1052E+00  1.1480E-01  1.0731E-01
  1.1672E+00 -6.0480E-02  2.0640E+00  1.1480E-01  1.0731E-01
  5.4909E-01  2.0158E-01  2.2886E+00  1.1442E-01  1.0836E-01
 -1.4101E+00  6.5174E-02  1.8697E+00  1.1368E-01  1.1050E-01
  1.4626E-01 -2.0041E-01  2.3296E+00  1.1368E-01  1.1050E-01
 -1.4019E+00 -2.0367E-01  1.8659E+00  1.1368E-01  1.1050E-01
 -1.7642E+00 -6.0006E-02 -1.5106E+00  1.1293E-01  1.1270E-01
 -1.6032E+00  1.6959E-01  1.6730E+00  1.1293E-01  1.1270E-01
 -1.6753E+00 -2.6281E-02 -1.5675E+00  1.1182E-01  1.1612E-01
  3.7526E-01 -1.3623E-01  2.2594E+00  1.1182E-01  1.1612E-01
 -1.1362E+00  1.0673E-01  1.8907E+00  1.0845E-01  1.2727E-01
  1.6566E+00  1.0562E-01  1.4423E+00  1.0808E-01  1.2859E-01
  1.4072E+00 -5.3594E-04 -1.6897E+00  1.0808E-01  1.2859E-01
  2.9024E-01 -2.0185E-01  2.1512E+00  1.0733E-01  1.3131E-01
  1.7755E+00  1.0243E-02  1.2487E+00  1.0695E-01  1.3269E-01
  1.6279E+00  7.9737E-02  1.4051E+00  1.0620E-01  1.3553E-01
 -1.4888E-01 -1.9670E-01  2.1282E+00  1.0582E-01  1.3698E-01
 -7.3884E-01  7.7836E-02  1.9996E+00  1.0545E-01  1.3845E-01
  1.6911E+00 -1.8895E-01  1.2552E+00  1.0470E-01  1.4145E-01
  1.2221E+00  1.8120E-01 -1.7160E+00  1.0470E-01  1.4145E-01
 -1.3758E-02  1.4088E-01  2.0911E+00  1.0394E-01  1.4454E-01
  1.8494E+00  9.5050E-04 -9.6631E-01  1.0357E-01  1.4613E-01
  1.2634E+00  6.8251E-02  1.6593E+00  1.0357E-01  1.4613E-01
  2.0664E-01  5.3661E-02  2.0664E+00  1.0319E-01  1.4773E-01
  1.2434E+00  5.1924E-02 -1.6634E+00  1.0319E-01  1.4773E-01
  1.8980E+00 -4.3263E-02 -8.4343E-01  1.0319E-01  1.4773E-01
 -4.3082E-01 -4.8741E-02  2.0222E+00  1.0281E-01  1.4936E-01
 -1.5620E+00  1.1091E-01  1.3369E+00  1.0244E-01  1.5102E-01
 -1.5701E+00  1.4359E-01 -1.3099E+00  1.0206E-01  1.5269E-01
 -1.5343E+00  5.9664E-02 -1.3580E+00  1.0206E-01  1.5269E-01
 -1.6565E+00 -4.1059E-02  1.1910E+00  1.0168E-01  1.5440E-01
  1.2262E+00  1.6687E-01 -1.6111E+00  1.0131E-01  1.5613E-01
 -1.3431E+00  4.3236E-02 -1.5236E+00  1.0131E-01  1.5613E-01
 -2.6830E-01  1.0075E-01  2.0112E+00  1.0131E-01  1.5613E-01
 -1.8662E+00  1.3722E-01 -7.9093E-01  1.0131E-01  1.5613E-01
  1.6970E+00  1.9460E-01  1.0828E+00  1.0093E-01  1.5789E-01
 -1.0567E+00 -7.4562E-02  1.7120E+00  1.0055E-01  1.5967E-01
  1.7379E+00  2.0527E-02  1.0162E+00  1.0055E-01  1.5967E-01
 -6.5152E-01  1.2576E-01 -1.8912E+00  1.0017E-01  1.6148E-01
  1.4537E+00 -1.8869E-01  1.3534E+00  9.9797E-02  1.6332E-01
  8.6045E-01  1.7358E-01 -1.7917E+00  9.9797E-02  1.6332E-01
 -1.7505E+00  5.8638E-03  9.3820E-01  9.9419E-02  1.6519E-01
 -1.3948E+00 -6.5902E-02  1.3996E+00  9.9041E-02  1.6709E-01
  1.5735E+00 -1.2643E-01 -1.1753E+00  9.8663E-02  1.6902E-01
  7.4459E-01 -2.7086E-02 -1.8216E+00  9.8663E-02  1.6902E-01
 -1.7872E+00 -9.8558E-03  8.0239E-01  9.8285E-02  1.7098E-01
 -7.5103E-01  2.4742E-02 -1.7995E+00  9.7907E-02  1.7297E-01
  1.7071E+00  1.8325E-01  9.0588E-01  9.7529E-02  1.7499E-01
  1.5137E+00  6.1602E-02 -1.2137E+00  9.7529E-02  1.7499E-01
  6.3396E-02  2.8633E-02  1.9399E+00  9.7529E-02  1.7499E-01
  4.7473E-01 -1.7087E-01 -1.8652E+00  9.7150E-02  1.7704E-01
 -9.0567E-02 -5.7126E-02  1.9293E+00  9.7150E-02  1.7704E-01
 -1.4273E+00 -1.1983E-01  1.2837E+00  9.6772E-02  1.7912E-01
  1.7147E+00 -3.2439E-02  8.5088E-01  9.6393E-02  1.8124E-01
 -1.7221E+00 -1.1217E-01 -8.2887E-01  9.6393E-02  1.8124E-01
 -1.6984E-01  9.8582E-02 -1.9044E+00  9.6393E-02  1.8124E-01
  1.6377E+00 -1.8917E-03  9.7439E-01  9.6015E-02  1.8340E-01
  9.3884E-01 -9.4171E-02  1.6557E+00  9.6015E-02  1.8340E-01
  9.5249E-01 -8.0032E-02 -1.6384E+00  9.5636E-02  1.8558E-01
  1.8530E-01  8.5852E-02 -1.8770E+00  9.5257E-02  1.8781E-01
  5.5804E-01  6.5509E-02  1.8025E+00  9.5257E-02  1.8781E-01
 -7.0090E-01 -1.5101E-01 -1.7276E+00  9.4499E-02  1.9236E-01
 -1.1106E+00  8.6110E-02 -1.4918E+00  9.4120E-02  1.9470E-01
 -4.0542E-02 -7.7132E-02  1.8597E+00  9.4120E-02  1.9470E-01
  1.4368E+00 -1.9835E-02 -1.1838E+00  9.4120E-02  1.9470E-01
 -6.1172E-01  7.0742E-02 -1.7478E+00  9.3741E-02  1.9707E-01
  1.0322E+00 -3.9811E-02  1.5385E+00  9.3741E-02  1.9707E-01
  4.5376E-01 -6.8347E-02  1.7954E+00  9.3741E-02  1.9707E-01
  1.7205E+00 -7.5756E-03 -6.6448E-01  9.3361E-02  1.9948E-01
 -9.1584E-01  3.8888E-02  1.6005E+00  9.3361E-02  1.9948E-01
 -8.2500E-01  9.1450E-02  1.6277E+00  9.2603E-02  2.0443E-01
  1.7283E+00  1.4275E-01 -5.7517E-01  9.2603E-02  2.0443E-01
  7.0369E-01  2.6086E-02 -1.6766E+00  9.2223E-02  2.0696E-01
 -1.7193E+00  1.3037E-01 -5.5007E-01  9.1844E-02  2.0954E-01
 -1.7999E+00 -5.7318E-02 -4.3869E-02  9.1464E-02  2.1216E-01
  7.4496E-01 -1.0540E-01  1.6367E+00  9.1464E-02  2.1216E-01
  1.6960E-01 -1.1837E-01 -1.7808E+00  9.1084E-02  2.1482E-01
  1.6384E+00  4.7134E-02 -7.2623E-01  9.1084E-02  2.1482E-01
  1.4980E+00  4.3595E-02 -9.8390E-01  9.1084E-02  2.1482E-01
 -1.5547E+00 -7.7865E-02  8.5453E-01  9.0325E-02  2.2029E-01
  8.3022E-01 -1.6277E-01 -1.5613E+00  9.0325E-02  2.2029E-01
  2.2240E-01  3.6311E-02 -1.7614E+00  9.0325E-02  2.2029E-01
 -1.4402E+00 -1.0038E-01 -1.0341E+00  9.0325E-02  2.2029E-01
  3.5693E-01 -6.4802E-03  1.7309E+00  8.9945E-02  2.2309E-01
  9.4653E-01  1.7830E-01 -1.4818E+00  8.9945E-02  2.2309E-01
  7.9476E-01 -8.7890E-02  1.5666E+00  8.9565E-02  2.2594E-01
 -1.2356E+00 -1.6218E-01 -1.2293E+00  8.9185E-02  2.2884E-01
  3.1779E-01  8.1172E-03 -1.7214E+00  8.9185E-02  2.2884E-01
  1.6046E+00  5.0378E-02  6.9788E-01  8.9185E-02  2.2884E-01
  5.7394E-01 -2.8576E-02  1.6535E+00  8.9185E-02  2.2884E-01
 -1.6980E+00  8.7973E-02 -3.7950E-01  8.8805E-02  2.3179E-01
 -6.4394E-01  1.2041E-01 -1.6143E+00  8.8805E-02  2.3179E-01
  1.0547E+00  1.3190E-01 -1.3803E+00  8.8805E-02  2.3179E-01
 -1.1798E+00 -1.3174E-01  1.2636E+00  8.8425E-02  2.3479E-01
  1.7084E+00  1.0479E-01 -2.7659E-01  8.8425E-02  2.3479E-01
  1.6498E+00 -3.0589E-02  5.3200E-01  8.8425E-02  2.3479E-01
 -1.5669E+00 -1.7477E-01 -7.0101E-01  8.8044E-02  2.3785E-01
  1.6935E-01  1.0029E-01  1.7142E+00  8.8044E-02  2.3785E-01
 -1.3250E+00  3.5368E-02 -1.0916E+00  8.7664E-02  2.4095E-01
 -2.8973E-01  8.1417E-02 -1.6906E+00  8.7664E-02  2.4095E-01
 -1.5777E+00 -1.1597E-01 -6.6783E-01  8.7664E-02  2.4095E-01
 -1.6077E+00  6.5813E-02  5.7546E-01  8.7284E-02  2.4412E-01
 -1.4244E+00  5.4290E-02  9.2745E-01  8.6904E-02  2.4734E-01
 -1.0516E+00 -6.2525E-02 -1.3246E+00  8.6524E-02  2.5061E-01
  1.6649E+00  1.0900E-02  3.0385E-01  8.6524E-02  2.5061E-01
  1.3509E+00  9.9384E-02  1.0010E+00  8.6143E-02  2.5395E-01
  1.6740E+00 -1.6426E-01 -8.5310E-02  8.6143E-02  2.5395E-01
 -4.7828E-01 -1.6750E-01  1.6062E+00  8.6143E-02  2.5395E-01
  9.4066E-01 -9.4621E-03 -1.3872E+00  8.5763E-02  2.5734E-01
  1.5840E+00  1.5566E-01  4.7092E-01  8.5002E-02  2.6431E-01
 -9.8502E-01 -6.3977E-02 -1.3345E+00  8.5002E-02  2.6431E-01
  1.6442E+00 -1.3112E-01  8.7779E-02  8.4622E-02  2.6789E-01
  8.8740E-01 -2.7899E-02 -1.3929E+00  8.4622E-02  2.6789E-01
 -1.6375E+00  3.0953E-02  2.1428E-01  8.4622E-02  2.6789E-01
  1.6387E+00  9.5816E-02 -1.8377E-01  8.4622E-02  2.6789E-01
  1.0633E+00  1.2821E-01 -1.2470E+00  8.4241E-02  2.7154E-01
  1.5406E+00 -7.2291E-02 -5.6845E-01  8.4241E-02  2.7154E-01
 -1.5272E+00  7.5947E-02 -6.0310E-01  8.4241E-02  2.7154E-01
 -6.6566E-01  7.2279E-02  1.5012E+00  8.4241E-02  2.7154E-01
  5.7593E-01  1.0518E-01  1.5274E+00  8.3861E-02  2.7525E-01
 -1.5941E+00  9.5220E-02  3.5402E-01  8.3861E-02  2.7525E-01
  8.9672E-01 -7.3743E-02  1.3661E+00  8.3861E-02  2.7525E-01
 -8.8443E-01 -1.6111E-01 -1.3666E+00  8.3861E-02  2.7525E-01
  8.9753E-01 -2.0289E-02 -1.3578E+00  8.3480E-02  2.7903E-01
  6.6002E-01 -2.3534E-02  1.4878E+00  8.3480E-02  2.7903E-01
 -1.5526E+00  1.3372E-02 -4.8876E-01  8.3480E-02  2.7903E-01
  1.6069E+00 -1.6022E-01 -1.2647E-01  8.3100E-02  2.8288E-01
 -1.5395E+00  1.1744E-01 -4.6292E-01  8.2719E-02  2.8681E-01
  6.1459E-01  4.4864E-03 -1.4901E+00  8.2719E-02  2.8681E-01
  1.5749E+00  1.4114E-01  2.1836E-01  8.1958E-02  2.9487E-01
  1.0477E+00 -1.1392E-01  1.1988E+00  8.1958E-02  2.9487E-01
 -1.5434E+00 -1.6685E-01 -3.3594E-01  8.1577E-02  2.9902E-01
 -1.5056E+00 -3.9323E-02  5.0451E-01  8.1577E-02  2.9902E-01
  5.8132E-01  6.8978E-02  1.4766E+00  8.1577E-02  2.9902E-01
 -6.7641E-01  4.5186E-02 -1.4364E+00  8.1577E-02  2.9902E-01
 -8.5759E-01  1.0729E-01 -1.3234E+00  8.1197E-02  3.0324E-01
 -1.5373E+00 -1.6310E-01 -2.8946E-01  8.0816E-02  3.0755E-01
  1.4355E+00  1.4630E-01 -6.0625E-01  8.0435E-02  3.1193E-01
 -4.5292E-01 -1.1872E-01  1.4934E+00  8.0435E-02  3.1193E-01
  1.5148E+00 -1.0717E-01 -3.4575E-01  8.0055E-02  3.1640E-01
 -1.1226E+00 -1.5518E-01 -1.0571E+00  7.9674E-02  3.2096E-01
  1.1736E+00  4.2753E-02 -1.0113E+00  7.9674E-02  3.2096E-01
  5.7828E-01 -2.3864E-03 -1.4378E+00  7.9674E-02  3.2096E-01
 -1.0366E+00  8.7706E-02 -1.1488E+00  7.9674E-02  3.2096E-01
  1.4896E+00  6.3753E-02 -3.9417E-01  7.9293E-02  3.2561E-01
 -3.4575E-01  6.3628E-02 -1.5016E+00  7.9293E-02  3.2561E-01
 -1.2071E-01  2.9879E-02  1.5371E+00  7.9293E-02  3.2561E-01
 -7.3984E-01  7.2824E-02 -1.3425E+00  7.8913E-02  3.3034E-01
  1.3893E+00  1.7088E-01 -6.1026E-01  7.8532E-02  3.3517E-01
 -8.5695E-01  2.2367E-02 -1.2637E+00  7.8532E-02  3.3517E-01
  7.4713E-01 -1.4303E-02  1.3145E+00  7.7771E-02  3.4511E-01
  1.1653E+00 -1.0803E-01 -9.5739E-01  7.7771E-02  3.4511E-01
 -1.7687E-02  1.0379E-01  1.5084E+00  7.7771E-02  3.4511E-01
  7.6957E-01 -1.7505E-01  1.2897E+00  7.7771E-02  3.4511E-01
  1.4926E+00 -1.7091E-01  8.2172E-02  7.7390E-02  3.5022E-01
 -2.4051E-01 -1.2749E-01  1.4798E+00  7.7390E-02  3.5022E-01
 -1.8550E-01  8.1618E-02 -1.4909E+00  7.7390E-02  3.5022E-01
  5.1777E-01  6.4692E-02  1.4112E+00  7.7390E-02  3.5022E-01
  1.3870E+00  1.2554E-01  5.4972E-01  7.7010E-02  3.5544E-01
 -2.5036E-01 -8.2778E-02  1.4738E+00  7.7010E-02  3.5544E-01
 -1.2969E+00  1.5565E-01  6.8565E-01  7.5868E-02  3.7173E-01
  1.4234E+00  8.5495E-02  3.4855E-01  7.5487E-02  3.7739E-01
  1.0749E+00  1.4729E-01  9.8880E-01  7.5487E-02  3.7739E-01
  5.1358E-01 -3.3144E-02 -1.3748E+00  7.5487E-02  3.7739E-01
 -1.3931E+00 -1.6170E-01  4.3359E-01  7.5487E-02  3.7739E-01
  6.1588E-01  1.2695E-01 -1.3264E+00  7.5487E-02  3.7739E-01
 -6.6969E-01 -1.5907E-01 -1.2802E+00  7.4726E-02  3.8904E-01
  1.2602E+00 -1.5207E-01  7.0813E-01  7.4726E-02  3.8904E-01
 -1.5878E-01 -1.2793E-01 -1.4392E+00  7.4726E-02  3.8904E-01
  1.4518E+00 -2.1377E-02  6.8031E-02  7.4726E-02  3.8904E-01
 -6.8679E-01  8.7561E-02 -1.2781E+00  7.4726E-02  3.8904E-01
  1.1474E+00 -7.3325E-02  8.7761E-01  7.4345E-02  3.9504E-01
 -1.1635E+00 -1.0517E-01  8.5285E-01  7.4345E-02  3.9504E-01
 -1.3825E+00  1.6566E-01 -3.6460E-01  7.3965E-02  4.0117E-01
  1.1195E+00 -1.5107E-01  8.9196E-01  7.3965E-02  4.0117E-01
  1.4211E+00 -1.0933E-02 -1.7773E-01  7.3584E-02  4.0743E-01
  1.0448E+00 -1.0814E-01 -9.7363E-01  7.3584E-02  4.0743E-01
  1.2655E+00 -1.5782E-01  6.2048E-01  7.2822E-02  4.2035E-01
  5.2282E-01 -5.6499E-02 -1.3171E+00  7.2822E-02  4.2035E-01
  2.4530E-01  4.4110E-02  1.3891E+00  7.2442E-02  4.2701E-01
  1.4056E+00  1.2567E-01  1.1897E-02  7.2442E-02  4.2701E-01
  3.0408E-01  2.4407E-03 -1.3711E+00  7.2061E-02  4.3381E-01
  2.6219E-01  1.1905E-01  1.3746E+00  7.2061E-02  4.3381E-01
 -9.8835E-01  1.0923E-01 -9.9176E-01  7.2061E-02  4.3381E-01
  8.5986E-01 -1.4033E-01 -1.1015E+00  7.2061E-02  4.3381E-01
  1.3975E+00 -4.1953E-02 -1.3216E-01  7.2061E-02  4.3381E-01
 -1.3112E+00  1.6247E-01  4.5559E-01  7.1680E-02  4.4076E-01
 -1.2546E+00  6.0620E-02 -6.1276E-01  7.1680E-02  4.4076E-01
 -1.2754E+00  7.0780E-02 -5.5009E-01  7.1300E-02  4.4786E-01
  4.8956E-01  1.0575E-01 -1.2974E+00  7.1300E-02  4.4786E-01
 -5.0614E-01  8.3210E-02 -1.2854E+00  7.0919E-02  4.5511E-01
  7.7437E-01 -1.4458E-01 -1.1297E+00  7.0538E-02  4.6253E-01
 -9.5286E-01 -1.2288E-01 -9.8678E-01  7.0538E-02  4.6253E-01
 -1.9139E-01 -1.7753E-01  1.3455E+00  7.0157E-02  4.7010E-01
  5.0153E-01 -8.3633E-02  1.2727E+00  7.0157E-02  4.7010E-01
 -1.6212E-01 -1.2273E-01  1.3554E+00  7.0157E-02  4.7010E-01
 -1.1298E+00  1.0790E-01 -7.6832E-01  7.0157E-02  4.7010E-01
 -1.3337E+00  1.3579E-01 -2.8513E-01  7.0157E-02  4.7010E-01
  6.4472E-01  6.1586E-02  1.2003E+00  6.9776E-02  4.7784E-01
  7.6243E-01  3.2495E-02 -1.1304E+00  6.9776E-02  4.7784E-01
 -9.8895E-01  7.4034E-02 -9.3633E-01  6.9776E-02  4.7784E-01
  1.3189E+00 -1.0480E-01 -3.0291E-01  6.9395E-02  4.8575E-01
  1.3279E+00  1.9518E-02 -2.8026E-01  6.9395E-02  4.8575E-01
 -1.3312E+00  1.4829E-01  2.1944E-01  6.9395E-02  4.8575E-01
  1.2642E+00  3.5559E-02 -4.9286E-01  6.9395E-02  4.8575E-01
  4.8008E-01  1.7849E-01 -1.2499E+00  6.9014E-02  4.9384E-01
  2.1115E-01 -3.6541E-02 -1.3336E+00  6.9014E-02  4.9384E-01
  1.2418E+00 -9.3858E-03  5.3131E-01  6.9014E-02  4.9384E-01
  1.1501E+00  1.4575E-01 -6.8053E-01  6.8633E-02  5.0211E-01
  8.5989E-01 -1.0630E-01 -1.0278E+00  6.8633E-02  5.0211E-01
 -1.2712E+00  1.5874E-01  4.0726E-01  6.8633E-02  5.0211E-01
  1.2687E+00 -4.2546E-02 -4.2215E-01  6.8252E-02  5.1057E-01
  1.1249E+00 -1.7548E-01  7.0253E-01  6.8252E-02  5.1057E-01
 -8.8607E-01  9.1218E-02 -9.8948E-01  6.7871E-02  5.1923E-01
 -8.3533E-01  1.3904E-01  1.0191E+00  6.7489E-02  5.2808E-01
  4.8595E-01  1.3654E-01 -1.2251E+00  6.7489E-02  5.2808E-01
 -8.8796E-01 -1.3587E-01 -9.7399E-01  6.7489E-02  5.2808E-01
 -7.9820E-01 -1.7024E-01  1.0357E+00  6.7108E-02  5.3713E-01
  7.4961E-01  5.7128E-02  1.0834E+00  6.7108E-02  5.3713E-01
  1.0732E+00 -7.6507E-02 -7.6235E-01  6.7108E-02  5.3713E-01
  4.3262E-01  9.9124E-02 -1.2417E+00  6.7108E-02  5.3713E-01
 -1.0935E-01  2.4678E-02  1.3139E+00  6.7108E-02  5.3713E-01
 -3.2878E-01 -1.2809E-01  1.2641E+00  6.6726E-02  5.4640E-01
  7.9775E-01 -2.6944E-02 -1.0417E+00  6.6726E-02  5.4640E-01
  2.1860E-01 -3.9466E-02 -1.2871E+00  6.6345E-02  5.5588E-01
  1.2464E+00 -8.8500E-02 -3.8053E-01  6.6345E-02  5.5588E-01
 -3.7744E-02 -3.2995E-03  1.2994E+00  6.5963E-02  5.6559E-01
  9.8955E-01 -9.1799E-02  8.2848E-01  6.5581E-02  5.7553E-01
  8.8938E-01  2.6645E-02 -9.3092E-01  6.5199E-02  5.8571E-01
  9.5708E-01  1.8465E-01 -8.4156E-01  6.5199E-02  5.8571E-01
  7.2735E-01  1.7809E-01  1.0476E+00  6.5199E-02  5.8571E-01
 -1.1029E+00  2.0539E-02  6.5269E-01  6.4817E-02  5.9614E-01
 -9.4971E-01  7.8663E-02  8.5714E-01  6.4817E-02  5.9614E-01
 -2.6759E-01  1.1078E-01 -1.2363E+00  6.4051E-02  6.1776E-01
  1.1920E+00 -9.5110E-02 -4.2711E-01  6.4051E-02  6.1776E-01
  5.4820E-02  1.3946E-01 -1.2609E+00  6.4051E-02  6.1776E-01
 -1.2235E+00 -1.3056E-01 -3.1378E-01  6.4051E-02  6.1776E-01
 -4.2814E-01  1.4899E-01 -1.1861E+00  6.4051E-02  6.1776E-01
 -7.2676E-01  5.4629E-02 -1.0326E+00  6.3669E-02  6.2897E-01
 -4.7573E-01 -3.2446E-02  1.1705E+00  6.3669E-02  6.2897E-01
  3.2268E-01 -1.3890E-02 -1.2220E+00  6.3669E-02  6.2897E-01
 -7.7283E-01  1.7052E-01  9.7798E-01  6.3285E-02  6.4046E-01
  1.1609E+00  1.5592E-01  4.5900E-01  6.3285E-02  6.4046E-01
  8.1719E-02 -1.6286E-01 -1.2448E+00  6.3285E-02  6.4046E-01
 -3.1152E-01  9.0220E-02  1.2096E+00  6.2902E-02  6.5224E-01
 -1.2350E+00 -6.7499E-02  1.5577E-01  6.2518E-02  6.6433E-01
  1.0669E+00 -1.4968E-01  6.2705E-01  6.2518E-02  6.6433E-01
  1.0476E+00 -3.7341E-02  6.6408E-01  6.2134E-02  6.7672E-01
  6.6054E-01 -1.4740E-01  1.0401E+00  6.2134E-02  6.7672E-01
 -5.1022E-01 -1.4097E-02 -1.1311E+00  6.2134E-02  6.7672E-01
 -1.2015E+00 -1.6618E-01  2.6200E-01  6.2134E-02  6.7672E-01
 -7.4379E-02 -1.1566E-01  1.2276E+00  6.1750E-02  6.8943E-01
 -1.1760E+00  1.1363E-01 -3.6076E-01  6.1750E-02  6.8943E-01
 -4.5926E-01  1.6251E-01  1.1231E+00  6.0980E-02  7.1587E-01
  3.6422E-01 -3.8780E-02  1.1681E+00  6.0980E-02  7.1587E-01
 -2.3218E-01  4.5428E-02  1.1956E+00  6.0595E-02  7.2962E-01
  1.2111E+00 -8.8274E-02 -1.0380E-01  6.0595E-02  7.2962E-01
  1.0184E-02  1.5354E-01 -1.2090E+00  6.0595E-02  7.2962E-01
  1.1127E+00  8.4155E-02  4.9018E-01  6.0595E-02  7.2962E-01
 -4.9352E-02  1.7326E-01 -1.1999E+00  6.0209E-02  7.4374E-01
 -6.8293E-01  3.5551E-02  1.0023E+00  6.0209E-02  7.4374E-01
 -1.1875E+00 -3.2421E-02 -2.1944E-01  5.9822E-02  7.5825E-01
 -1.1925E+00 -6.5208E-02 -1.8179E-01  5.9822E-02  7.5825E-01
 -1.1936E+00 -1.2415E-01 -1.3837E-01  5.9822E-02  7.5825E-01
 -9.3427E-01  1.1215E-01  7.4905E-01  5.9436E-02  7.7315E-01
  5.3875E-01  9.7625E-02  1.0709E+00  5.9436E-02  7.7315E-01
  1.4817E-01 -4.2490E-02  1.1928E+00  5.9436E-02  7.7315E-01
  6.5843E-02 -1.7913E-02  1.2008E+00  5.9436E-02  7.7315E-01
 -1.1885E+00  5.0084E-03 -1.4601E-01  5.9048E-02  7.8847E-01
 -4.6063E-01 -7.1211E-02  1.1030E+00  5.9048E-02  7.8847E-01
  7.3494E-01  1.3772E-01 -9.2870E-01  5.8660E-02  8.0422E-01
 -1.1761E+00  5.4877E-02  1.8808E-01  5.8660E-02  8.0422E-01
 -8.9750E-01 -1.1142E-01  7.7696E-01  5.8660E-02  8.0422E-01
  1.0619E+00 -1.0974E-01  5.1927E-01  5.8271E-02  8.2042E-01
 -6.7707E-02  1.7850E-01  1.1717E+00  5.8271E-02  8.2042E-01
  4.5801E-01  7.5755E-02  1.0927E+00  5.8271E-02  8.2042E-01
 -7.8588E-01  5.4833E-02  8.8136E-01  5.7882E-02  8.3709E-01
 -1.0834E+00 -9.1350E-02  4.6398E-01  5.7882E-02  8.3709E-01
 -1.1710E+00 -5.2622E-03 -1.6171E-01  5.7882E-02  8.3709E-01
 -1.1555E+00  3.8406E-02 -2.4659E-01  5.7882E-02  8.3709E-01
 -4.3285E-01 -1.2244E-01  1.0932E+00  5.7882E-02  8.3709E-01
 -4.5618E-01 -2.2322E-02  1.0849E+00  5.7492E-02  8.5424E-01
 -8.5081E-01  2.0864E-02 -8.1321E-01  5.7492E-02  8.5424E-01
  3.5014E-01 -1.9643E-02 -1.1237E+00  5.7492E-02  8.5424E-01
  6.5228E-01 -8.6600E-03  9.7389E-01  5.7101E-02  8.7190E-01
 -1.1627E+00  1.0228E-01  1.7301E-02  5.6710E-02  8.9009E-01
  7.7536E-01  1.2779E-01  8.6317E-01  5.6710E-02  8.9009E-01
  1.1203E+00  6.3684E-03  3.1009E-01  5.6317E-02  9.0882E-01
  8.9424E-01 -8.2854E-02  7.3059E-01  5.5924E-02  9.2814E-01
  1.0278E+00 -1.4981E-01 -5.1132E-01  5.5924E-02  9.2814E-01
 -1.6773E-01 -1.7370E-01  1.1323E+00  5.5924E-02  9.2814E-01
 -9.7713E-01  1.2790E-01 -5.9858E-01  5.5530E-02  9.4805E-01
  1.0280E+00  1.7794E-01 -4.9082E-01  5.5530E-02  9.4805E-01
 -1.1053E+00  7.6179E-02  3.1942E-01  5.5530E-02  9.4805E-01
 -1.1441E+00  7.9690E-02  5.9272E-02  5.5134E-02  9.6859E-01
 -6.8729E-02 -1.7210E-01 -1.1333E+00  5.5134E-02  9.6859E-01
 -2.1955E-01  7.0479E-02 -1.1250E+00  5.5134E-02  9.6859E-01
  1.0892E+00  1.1687E-01 -3.2918E-01  5.4738E-02  9.8980E-01
  9.7234E-01 -2.9142E-03 -6.0235E-01  5.4738E-02  9.8980E-01
 -1.1059E+00 -8.0362E-02 -2.8070E-01  5.4738E-02  9.8980E-01
  6.2751E-01  4.2865E-02  9.4993E-01  5.4340E-02  1.0117E+00
 -3.4324E-01 -1.5669E-01 -1.0750E+00  5.4340E-02  1.0117E+00
  5.6237E-01  1.3175E-01  9.8202E-01  5.4340E-02  1.0117E+00
 -1.1343E+00 -2.1259E-02  2.8197E-02  5.3941E-02  1.0343E+00
 -8.7173E-01 -1.6964E-01 -7.0652E-01  5.3941E-02  1.0343E+00
  1.0661E+00  6.4497E-02  3.8362E-01  5.3941E-02  1.0343E+00
 -8.2421E-01 -5.4938E-02  7.7815E-01  5.3941E-02  1.0343E+00
 -1.0804E-01 -2.7804E-02 -1.1293E+00  5.3941E-02  1.0343E+00
  6.6045E-01  2.1352E-02  9.1721E-01  5.3541E-02  1.0577E+00
  1.0258E+00  5.7233E-02 -4.7161E-01  5.3541E-02  1.0577E+00
 -1.0444E+00 -6.3669E-02  4.2800E-01  5.3541E-02  1.0577E+00
 -1.1093E+00  1.6795E-01  9.7555E-02  5.3139E-02  1.0818E+00
 -1.0594E+00  5.5137E-02  3.7780E-01  5.3139E-02  1.0818E+00
 -4.8792E-01 -6.1113E-02 -1.0131E+00  5.3139E-02  1.0818E+00
 -3.8127E-01  1.4439E-01 -1.0452E+00  5.2736E-02  1.1068E+00
  8.3336E-01 -1.3624E-02 -7.5094E-01  5.2736E-02  1.1068E+00
  1.1133E+00 -3.7192E-02  1.3342E-01  5.2736E-02  1.1068E+00
 -7.7593E-01  5.2376E-02  8.0274E-01  5.2331E-02  1.1327E+00
 -1.0289E+00 -3.6344E-02  4.3503E-01  5.2331E-02  1.1327E+00
  6.4998E-01 -1.0248E-01 -9.0346E-01  5.2331E-02  1.1327E+00
  1.0547E+00  5.8882E-02  3.5243E-01  5.1925E-02  1.1595E+00
 -2.2126E-01 -4.0181E-02 -1.0906E+00  5.1925E-02  1.1595E+00
  8.2626E-01 -1.3463E-01 -7.3428E-01  5.1925E-02  1.1595E+00
  7.3025E-01  1.7930E-01 -8.1582E-01  5.1516E-02  1.1873E+00
  3.9853E-01 -1.6960E-01  1.0215E+00  5.1516E-02  1.1873E+00
  1.0615E+00  1.1719E-01 -2.8578E-01  5.1106E-02  1.2161E+00
 -9.8996E-01 -1.7753E-01  4.5891E-01  5.1106E-02  1.2161E+00
  9.1521E-01 -1.5829E-01 -5.9955E-01  5.1106E-02  1.2161E+00
  1.0590E+00  1.7063E-01  2.6730E-01  5.1106E-02  1.2161E+00
 -1.0780E+00 -4.4370E-02  2.4092E-01  5.1106E-02  1.2161E+00
 -8.2085E-01  1.2308E-01  7.3019E-01  5.1106E-02  1.2161E+00
 -3.9647E-01  3.3198E-02 -1.0272E+00  5.0694E-02  1.2461E+00
  9.9332E-01  7.1940E-02  4.7075E-01  5.0694E-02  1.2461E+00
  1.0702E+00 -1.7486E-01 -1.7060E-01  5.0279E-02  1.2771E+00
  1.0155E+00 -1.3448E-01 -3.8386E-01  4.9863E-02  1.3094E+00
  3.3699E-01  1.6655E-01  1.0273E+00  4.9863E-02  1.3094E+00
  1.0733E+00  7.1829E-02 -1.7706E-01  4.9444E-02  1.3430E+00
  8.3606E-01  3.6189E-03  6.9967E-01  4.9444E-02  1.3430E+00
 -7.2563E-02  1.0459E-03 -1.0878E+00  4.9444E-02  1.3430E+00
  9.4400E-01 -1.3703E-01 -5.2027E-01  4.9022E-02  1.3780E+00
 -2.5450E-01 -1.7474E-01  1.0418E+00  4.9022E-02  1.3780E+00
  8.8908E-01 -2.5057E-02 -6.1784E-01  4.8597E-02  1.4144E+00
  1.0723E+00 -9.9389E-02  1.1472E-01  4.8597E-02  1.4144E+00
 -7.3093E-01 -1.0808E-01 -7.9176E-01  4.8597E-02  1.4144E+00
  9.4790E-01 -8.6054E-02 -5.0922E-01  4.8170E-02  1.4524E+00
  9.5687E-01 -7.4832E-02  4.9400E-01  4.8170E-02  1.4524E+00
  3.4083E-01  1.5649E-02  1.0241E+00  4.8170E-02  1.4524E+00
 -9.3188E-01  1.5161E-01 -5.2330E-01  4.8170E-02  1.4524E+00
  8.9651E-01  1.3268E-01  5.8007E-01  4.7739E-02  1.4920E+00
 -9.0511E-01 -4.7151E-02 -5.7996E-01  4.7739E-02  1.4920E+00
 -7.2240E-01  1.6107E-01  7.7638E-01  4.7306E-02  1.5334E+00
 -1.3054E-01  3.2122E-02  1.0642E+00  4.7306E-02  1.5334E+00
  4.0591E-01  7.0680E-02 -9.8678E-01  4.6868E-02  1.5768E+00
  8.9053E-01 -1.6809E-01 -5.6762E-01  4.6868E-02  1.5768E+00
 -1.0651E+00 -9.4533E-02 -1.1400E-02  4.6868E-02  1.5768E+00
 -1.2142E-01 -1.1864E-01 -1.0525E+00  4.6427E-02  1.6222E+00
 -1.4352E-01 -3.2057E-02  1.0559E+00  4.6427E-02  1.6222E+00
  3.9512E-01 -4.7903E-02  9.8563E-01  4.5982E-02  1.6697E+00
 -1.0259E+00  1.3046E-01  2.4561E-01  4.5982E-02  1.6697E+00
 -8.9822E-01  1.4327E-01  5.5006E-01  4.5982E-02  1.6697E+00
  2.4218E-02  3.1147E-02  1.0622E+00  4.5982E-02  1.6697E+00
 -9.5704E-01  1.6211E-01 -4.3322E-01  4.5982E-02  1.6697E+00
  1.9639E-01  7.2747E-02 -1.0390E+00  4.5533E-02  1.7196E+00
  1.0183E+00  7.7680E-02  2.7221E-01  4.5079E-02  1.7721E+00
 -8.7991E-01 -1.8014E-01  5.5703E-01  4.5079E-02  1.7721E+00
  1.0380E+00 -2.3755E-02  1.8102E-01  4.4620E-02  1.8273E+00
 -3.6201E-01  1.6809E-01 -9.7543E-01  4.4620E-02  1.8273E+00
 -4.9199E-02  2.9201E-02 -1.0467E+00  4.3687E-02  1.9469E+00
  6.1554E-01  1.2905E-02  8.4843E-01  4.3687E-02  1.9469E+00
  1.9933E-01 -1.5788E-02 -1.0263E+00  4.3212E-02  2.0119E+00
  2.6928E-01  5.1496E-02 -1.0090E+00  4.3212E-02  2.0119E+00
 -6.3294E-01 -1.4224E-01 -8.1998E-01  4.3212E-02  2.0119E+00
 -2.9528E-01  2.5810E-02  1.0027E+00  4.3212E-02  2.0119E+00
 -8.7570E-01 -5.4622E-02 -5.6865E-01  4.3212E-02  2.0119E+00
  9.3755E-01 -4.3335E-05  4.6283E-01  4.3212E-02  2.0119E+00
 -7.9366E-01  1.6446E-01 -6.5632E-01  4.2730E-02  2.0806E+00
  1.0135E+00  1.0587E-01  2.2216E-01  4.2730E-02  2.0806E+00
 -5.7860E-01  1.7760E-01  8.4934E-01  4.2730E-02  2.0806E+00
 -8.5381E-01 -8.3800E-02 -5.9303E-01  4.2730E-02  2.0806E+00
 -8.8875E-01  5.4676E-02  5.3323E-01  4.1747E-02  2.2312E+00
  8.7684E-01 -1.4894E-01 -5.3494E-01  4.1747E-02  2.2312E+00
 -2.0267E-01 -1.1827E-01  1.0110E+00  4.1747E-02  2.2312E+00
 -6.1954E-01  2.0690E-02  8.2942E-01  4.1244E-02  2.3138E+00
 -8.0756E-01  7.5706E-02 -6.4367E-01  4.1244E-02  2.3138E+00
 -1.0194E+00  7.0781E-02  1.6720E-01  4.1244E-02  2.3138E+00
 -1.0231E+00  9.4550E-02 -1.2873E-01  4.1244E-02  2.3138E+00
 -8.8759E-01 -4.4476E-02 -5.2686E-01  4.0733E-02  2.4020E+00
  1.0120E+00  1.6951E-01  1.2050E-01  4.0733E-02  2.4020E+00
 -8.6015E-01 -4.6264E-02  5.7041E-01  4.0733E-02  2.4020E+00
  6.4780E-01 -1.4325E-01 -7.9196E-01  4.0733E-02  2.4020E+00
  9.3051E-01 -1.0965E-01 -4.2992E-01  4.0213E-02  2.4964E+00
 -6.8733E-01  7.5237E-02 -7.6460E-01  4.0213E-02  2.4964E+00
  1.0158E+00 -4.4909E-02  1.7002E-01  4.0213E-02  2.4964E+00
  5.1385E-01 -4.6528E-02 -8.9247E-01  4.0213E-02  2.4964E+00
  6.4535E-01  8.6716E-02  7.9638E-01  3.9683E-02  2.5977E+00
  9.1469E-01 -1.0138E-01 -4.5965E-01  3.9683E-02  2.5977E+00
 -9.0370E-01 -2.1862E-02  4.8656E-01  3.9143E-02  2.7067E+00
 -8.2089E-01  1.8378E-01 -5.8844E-01  3.9143E-02  2.7067E+00
 -7.7525E-01 -4.7869E-02  6.7126E-01  3.9143E-02  2.7067E+00
  1.0189E+00  1.2416E-01 -1.7888E-02  3.9143E-02  2.7067E+00
  1.8660E-01 -3.6402E-02 -1.0088E+00  3.9143E-02  2.7067E+00
  9.4315E-01 -1.2547E-01  3.8011E-01  3.8592E-02  2.8243E+00
  9.9233E-01  1.0357E-01 -2.3303E-01  3.8592E-02  2.8243E+00
 -9.0674E-01 -2.6028E-02  4.7633E-01  3.8592E-02  2.8243E+00
  1.0114E+00 -8.2215E-02  1.4166E-01  3.8592E-02  2.8243E+00
  1.0036E+00  1.4828E-01  1.2863E-01  3.8029E-02  2.9517E+00
 -7.3151E-01 -1.1299E-01 -7.0561E-01  3.8029E-02  2.9517E+00
 -8.1932E-01  1.5540E-01 -5.9189E-01  3.8029E-02  2.9517E+00
 -9.3537E-01  2.4292E-02 -4.1262E-01  3.8029E-02  2.9517E+00
  9.5614E-01 -5.6770E-03  3.6267E-01  3.8029E-02  2.9517E+00
  2.8740E-01  1.0416E-01  9.7391E-01  3.7452E-02  3.0900E+00
  3.5049E-01  2.4800E-02  9.5838E-01  3.7452E-02  3.0900E+00
  9.9478E-01 -4.1168E-02 -2.2507E-01  3.7452E-02  3.0900E+00
  4.3012E-01 -1.6632E-01 -9.1065E-01  3.7452E-02  3.0900E+00
 -8.1119E-01 -1.1481E-01  6.0587E-01  3.6862E-02  3.2409E+00
 -2.7096E-01 -1.1786E-01  9.7519E-01  3.6862E-02  3.2409E+00
  6.9053E-01  1.3532E-02 -7.4919E-01  3.6862E-02  3.2409E+00
 -9.0424E-01 -1.2938E-01  4.4769E-01  3.6256E-02  3.4062E+00
  1.0133E+00 -8.1350E-02 -3.8717E-02  3.6256E-02  3.4062E+00
  2.4265E-01 -1.0383E-01  9.8243E-01  3.6256E-02  3.4062E+00
 -1.7699E-01  5.3595E-02  1.0003E+00  3.6256E-02  3.4062E+00
 -1.0165E+00  3.2934E-02  2.2453E-02  3.6256E-02  3.4062E+00
  9.4978E-01  6.8473E-02 -3.5785E-01  3.6256E-02  3.4062E+00
 -9.8028E-01 -4.6097E-02 -2.6787E-01  3.6256E-02  3.4062E+00
  3.5754E-01  8.1607E-02 -9.4885E-01  3.6256E-02  3.4062E+00
  2.8708E-01  1.2165E-01  9.6659E-01  3.5633E-02  3.5880E+00
  9.5579E-01 -5.5575E-02  3.3893E-01  3.5633E-02  3.5880E+00
 -7.7845E-01  5.5852E-02 -6.4993E-01  3.5633E-02  3.5880E+00
  6.7422E-01 -1.5363E-01  7.4386E-01  3.5633E-02  3.5880E+00
 -8.3611E-01  1.7455E-01 -5.4663E-01  3.4991E-02  3.7890E+00
  8.5587E-01  1.2760E-01  5.2874E-01  3.4991E-02  3.7890E+00
 -1.0085E+00  8.3883E-02 -6.5918E-02  3.4991E-02  3.7890E+00
  6.9754E-01  1.1095E-01 -7.2561E-01  3.4329E-02  4.0125E+00
  8.4381E-02 -2.0536E-02 -1.0089E+00  3.4329E-02  4.0125E+00
 -3.7510E-01  3.5218E-02 -9.3991E-01  3.4329E-02  4.0125E+00
 -9.6263E-01 -3.1139E-02  3.1266E-01  3.4329E-02  4.0125E+00
  6.2822E-01  1.2320E-02 -7.9408E-01  3.4329E-02  4.0125E+00
 -3.4390E-01 -5.4779E-02 -9.4937E-01  3.3644E-02  4.2626E+00
 -9.4093E-01 -6.4444E-02  3.6479E-01  3.3644E-02  4.2626E+00
 -7.3927E-01 -8.8675E-03  6.8798E-01  3.2934E-02  4.5444E+00
 -5.2091E-01 -8.1944E-02  8.6131E-01  3.2934E-02  4.5444E+00
 -4.6173E-01 -1.5479E-01  8.8474E-01  3.2934E-02  4.5444E+00
 -4.3424E-01  1.4612E-01  8.9862E-01  3.2195E-02  4.8645E+00
 -4.5167E-01 -3.6747E-02 -9.0115E-01  3.2195E-02  4.8645E+00
 -7.3988E-01  1.1070E-01  6.7658E-01  3.2195E-02  4.8645E+00
 -9.3322E-01  6.3431E-02 -3.7752E-01  3.2195E-02  4.8645E+00
  9.5588E-01 -1.4595E-01 -2.8711E-01  3.2195E-02  4.8645E+00
 -9.4444E-01 -8.6485E-02  3.4350E-01  3.2195E-02  4.8645E+00
  8.3412E-01 -1.2476E-01 -5.5117E-01  3.1425E-02  5.2312E+00
 -4.4106E-01 -6.3332E-02  9.0365E-01  3.1425E-02  5.2312E+00
 -9.4687E-01  1.8220E-01 -2.9216E-01  3.1425E-02  5.2312E+00
  9.9590E-01 -1.2360E-01 -8.9613E-02  3.1425E-02  5.2312E+00
 -5.8472E-01  6.8133E-03  8.1916E-01  3.0618E-02  5.6557E+00
  8.7036E-01  3.4979E-04 -5.0541E-01  3.0618E-02  5.6557E+00
 -9.9711E-01 -9.7648E-02 -9.5989E-02  3.0618E-02  5.6557E+00
 -9.6269E-01 -1.5315E-02  2.9318E-01  3.0618E-02  5.6557E+00
 -9.0151E-01 -1.5406E-01 -4.1778E-01  2.9770E-02  6.1530E+00
 -1.9216E-01 -2.5097E-02  9.8663E-01  2.9770E-02  6.1530E+00
 -6.1784E-01 -1.6418E-01 -7.7608E-01  2.9770E-02  6.1530E+00
 -6.2617E-01  1.1296E-02  7.8662E-01  2.9770E-02  6.1530E+00
  9.9688E-01  1.2278E-01  1.8029E-02  2.8874E-02  6.7438E+00
 -9.9493E-01 -2.7362E-02 -1.2992E-01  2.7921E-02  7.4574E+00
  9.8836E-01  5.3442E-02 -1.6671E-01  2.7921E-02  7.4574E+00
  7.4985E-01 -1.1869E-01  6.5548E-01  2.6903E-02  8.3369E+00
  6.7277E-01  5.5849E-02  7.4181E-01  2.6903E-02  8.3369E+00
 -9.1182E-01 -1.4629E-01 -3.9141E-01  2.6903E-02  8.3369E+00
 -5.5463E-01 -1.8204E-01 -8.1564E-01  2.6903E-02  8.3369E+00
  2.5164E-01  6.1045E-02 -9.6832E-01  2.5804E-02  9.4481E+00
  8.7992E-01  1.3402E-01  4.6096E-01  2.5804E-02  9.4481E+00
 -9.9572E-01 -2.9011E-02 -1.1130E-01  2.5804E-02  9.4481E+00
  8.2424E-01  1.9130E-02  5.7005E-01  2.5804E-02  9.4481E+00
  9.8303E-01 -1.7182E-01 -8.7519E-02  2.4606E-02  1.0897E+01
 -4.0370E-01 -1.2464E-01  9.0831E-01  2.4606E-02  1.0897E+01
 -3.3295E-01 -1.7879E-01  9.2775E-01  2.4606E-02  1.0897E+01
 -9.0847E-02 -3.1799E-02 -9.9713E-01  2.4606E-02  1.0897E+01
 -5.4797E-01 -1.7908E-01 -8.1926E-01  2.4606E-02  1.0897E+01
 -7.4181E-01 -1.4962E-02  6.7171E-01  2.1787E-02  1.5696E+01
 -4.0589E-01 -1.1116E-02 -9.1479E-01  2.1787E-02  1.5696E+01
 -1.6212E-01  4.1948E-02  9.8675E-01  2.1787E-02  1.5696E+01
 -1.8992E-01  1.3462E-01 -9.7306E-01  2.0058E-02  2.0115E+01
 -4.1276E-01 -1.7249E-02 -9.1125E-01  2.0058E-02  2.0115E+01
 -6.0944E-01 -1.7487E-01  7.7398E-01  2.0058E-02  2.0115E+01
  5.6978E-01 -1.2257E-01 -8.1294E-01  1.7969E-02  2.7981E+01
 -2.7336E-01  1.3888E-01  9.5211E-01  1.7969E-02  2.7981E+01
 -5.0623E-01  7.4102E-02 -8.5952E-01  1.7969E-02  2.7981E+01
