0.33325714285714D+00       626
(x,y,z) position of the X-ray source
  0.1130E+00  0.9402E-01  0.1794E+01
x | y | z | R | rho
 -2.1609E-01 -9.6469E-02  2.3864E+00  1.1579E-01  1.0456E-01
 -1.1935E+00  1.7970E-02  6.2226E-01  6.8745E-02  4.9967E-01
  1.0236E-01  1.0889E-01 -1.0549E+00  4.6329E-02  1.6325E+00
  1.2980E+00 -7.9704E-02  3.4328E+00  1.5958E-01  3.9945E-02
 -6.3256E-01  4.1735E-03 -1.2346E+00  7.1102E-02  4.5160E-01
  6.3084E-01 -1.0014E-01 -1.0414E+00  6.0802E-02  7.2220E-01
  5.5593E-01 -2.2468E-02  1.6114E+00  8.7093E-02  2.4573E-01
 -1.0464E+00 -9.5352E-03 -3.9018E-01  5.2246E-02  1.1383E+00
 -6.2402E-01  3.4852E-02  2.8474E+00  1.3454E-01  6.6655E-02
  8.0286E-02 -1.0042E-02  1.4699E+00  7.5708E-02  3.7410E-01
  1.2774E+00  1.0242E-01 -9.5011E-01  8.1915E-02  2.9533E-01
  1.2312E+00 -1.0623E-01  1.9686E+00  1.1297E-01  1.1259E-01
  1.0847E+00 -4.3116E-02  5.7085E-02  4.9077E-02  1.3733E+00
  6.7015E-02 -6.2615E-02  2.2303E+00  1.0939E-01  1.2402E-01
 -1.7156E-01  6.2326E-03 -1.6048E+00  8.2817E-02  2.8578E-01
  9.8349E-01 -1.3845E-01 -3.4878E-01  4.4415E-02  1.8528E+00
  8.6832E-01 -5.4771E-02 -9.8179E-01  6.6692E-02  5.4724E-01
 -1.0735E+00  3.0267E-02  1.6366E-02  4.7484E-02  1.5162E+00
  8.7211E-01 -6.6653E-02  6.8000E-01  5.1352E-02  1.1987E+00
 -1.3138E+00  1.0801E-01  3.7006E+00  1.6763E-01  3.4460E-02
 -1.8658E-01 -7.3623E-02  2.8660E+00  1.3307E-01  6.8893E-02
 -1.4736E+00 -1.8693E-01  2.3025E+00  1.2837E-01  7.6737E-02
 -1.7117E-01 -1.0053E-01  1.1545E+00  5.7041E-02  8.7465E-01
  9.6652E-01 -1.7885E-01  2.7812E+00  1.3574E-01  6.4904E-02
  1.2445E+00 -5.5684E-02  4.9938E+00  2.0333E-01  1.9310E-02
 -1.3321E+00  2.5587E-01  4.1941E+00  1.8212E-01  2.6874E-02
 -3.7066E-01  1.7236E-01  1.5630E+00  8.2896E-02  2.8497E-01
  1.1137E+00 -4.2555E-03  1.4265E+00  9.1836E-02  2.0959E-01
  7.8796E-01 -3.1349E-02  1.9071E+00  1.0263E-01  1.5017E-01
 -3.9145E-01  1.8260E-02 -1.0628E+00  5.3747E-02  1.0455E+00
  1.1835E+00 -6.5622E-02 -5.3924E-01  6.6099E-02  5.6209E-01
 -1.5399E-01 -1.4576E-01  1.3198E+00  6.8189E-02  5.1199E-01
 -1.1884E+00  3.9358E-02  5.4302E-01  6.6410E-02  5.5425E-01
  6.8188E-02  1.0040E-01  1.1065E+00  5.1888E-02  1.1620E+00
  6.1937E-02  9.2665E-02 -1.2870E+00  6.5457E-02  5.7880E-01
 -2.6223E-01  1.6705E-01 -1.5319E+00  8.0339E-02  3.1306E-01
 -1.8460E+00  1.6738E-01  2.7124E+00  1.4709E-01  5.1007E-02
  9.7099E-01  3.3778E-02 -5.8778E-01  5.4005E-02  1.0306E+00
 -1.0592E+00  9.0199E-02  7.6197E-01  6.6450E-02  5.5324E-01
  2.0181E-01  3.9644E-02  1.6127E+00  8.3384E-02  2.8000E-01
  8.5799E-01 -9.1680E-02  4.5120E+00  1.8757E-01  2.4600E-02
  8.1583E-01 -2.0629E-02  2.5530E+00  1.2622E-01  8.0725E-02
 -1.1096E+00  1.6841E-01 -1.4195E+00  9.1829E-02  2.0963E-01
  1.9755E+00  1.7200E-01  5.0184E+00  2.1023E-01  1.7471E-02
  9.1199E-01 -8.8368E-03  1.4407E+00  8.7112E-02  2.4557E-01
  9.8296E-01 -1.4632E-01 -1.1114E+00  7.6685E-02  3.5997E-01
  1.8242E+00  2.1212E-01  7.4194E+00  2.6803E-01  8.4301E-03
  2.4925E-02  1.7403E-01 -1.6829E+00  8.6509E-02  2.5074E-01
 -1.4684E+00  5.2088E-02  7.8486E-02  7.5672E-02  3.7463E-01
 -1.5311E+00 -3.8162E-02 -3.0877E-01  8.0302E-02  3.1349E-01
  1.7422E+00  7.4365E-03 -5.7953E-01  9.2999E-02  2.0182E-01
 -5.0867E-01  1.3902E-01  1.2896E+00  7.1443E-02  4.4517E-01
  9.9097E-01  2.7068E-01  4.5034E+00  1.8831E-01  2.4312E-02
  1.6472E+00  1.0470E-01  5.1830E-02  8.4601E-02  2.6809E-01
  3.8189E-02  7.9447E-02  1.0667E+00  4.7007E-02  1.5628E+00
 -9.2387E-01 -9.2550E-02  2.4221E+00  1.2309E-01  8.7049E-02
 -1.6232E+00 -1.8003E-03  8.1931E+00  2.8497E-01  7.0149E-03
  1.7023E+00 -7.6083E-02 -7.9946E-01  9.5004E-02  1.8931E-01
 -1.4494E+00 -3.2478E-03 -1.2322E+00  9.5874E-02  1.8420E-01
 -1.6874E+00  7.5516E-02  3.5072E+00  1.6653E-01  3.5148E-02
  1.5980E+00  1.5333E-01  8.9448E+00  3.0201E-01  5.8933E-03
  2.8995E-01 -2.4106E-01  5.3884E+00  2.1038E-01  1.7433E-02
 -1.8251E-01  1.1461E-01  3.0801E+00  1.4047E-01  5.8569E-02
 -1.8481E+00 -8.4539E-02 -9.8877E-01  1.0402E-01  1.4424E-01
 -1.9791E+00 -3.3942E-01  7.1347E+00  2.6239E-01  8.9859E-03
  1.3852E+00 -3.2776E-02  2.7156E-01  7.2476E-02  4.2640E-01
  4.2635E-01  1.0780E-01  9.8475E-01  4.8050E-02  1.4633E+00
  1.4712E+00  1.4636E-03 -4.8636E-01  7.9660E-02  3.2113E-01
 -1.2570E+00  1.0996E-01 -3.3034E-02  6.3560E-02  6.3218E-01
  6.9930E-01 -9.1343E-02  2.5846E+00  1.2618E-01  8.0804E-02
  1.0889E+00 -7.2295E-02  4.1899E-02  4.9655E-02  1.3259E+00
  1.5432E+00 -2.5871E-02  1.3131E+00  1.0110E-01  1.5711E-01
  3.3154E-02  9.6968E-02  5.1179E+00  2.0255E-01  1.9534E-02
  4.0830E-01  1.4617E-02 -1.5239E+00  8.1055E-02  3.0483E-01
  1.2110E+00 -6.9332E-02  6.4180E-01  7.0257E-02  4.6810E-01
 -1.3049E+00  1.5355E-02  4.3060E+00  1.8481E-01  2.5717E-02
  1.0357E-01 -9.3440E-02  1.8149E+00  9.2300E-02  2.0644E-01
 -1.8275E-01 -4.3732E-02  1.3854E+00  7.1709E-02  4.4024E-01
  1.4648E+00  2.6084E-01  4.4477E+00  1.9036E-01  2.3533E-02
  4.5108E-01 -1.1554E-01 -9.6848E-01  4.7560E-02  1.5090E+00
  1.2309E+00 -2.5033E-02  6.2146E-01  7.0645E-02  4.6042E-01
  1.0391E-01  1.7428E-01 -1.1174E+00  5.4020E-02  1.0298E+00
  8.6823E-01  3.4300E-02  6.8918E-01  5.1470E-02  1.1905E+00
 -8.7060E-01 -7.5920E-02  5.9570E-01  4.5194E-02  1.7586E+00
 -8.1085E-01 -1.5584E-01  4.6261E+00  1.9063E-01  2.3435E-02
 -1.5893E+00  1.0856E-01  5.6887E+00  2.2404E-01  1.4435E-02
  6.9458E-01  4.6002E-02  8.1104E-01  4.6796E-02  1.5841E+00
  6.7803E-01 -6.6818E-03 -1.0669E+00  6.3685E-02  6.2850E-01
  1.0737E+00  1.2605E-01 -3.1851E-01  5.3221E-02  1.0768E+00
 -8.5842E-01  1.3965E-03  8.3137E-01  5.8864E-02  7.9588E-01
 -4.9689E-01 -3.2705E-02  9.6853E-01  4.9311E-02  1.3538E+00
  2.7937E-01  1.5501E-01  1.4037E+00  7.3981E-02  4.0091E-01
  1.2935E+00  4.2234E-03  6.6661E-01  7.4811E-02  3.8771E-01
  4.7751E-01 -8.8032E-02  1.2067E+00  6.6011E-02  5.6435E-01
  9.4394E-01 -6.0401E-02  5.9917E-01  5.2525E-02  1.1202E+00
 -3.0697E-01 -5.5847E-02 -1.7427E+00  9.0084E-02  2.2205E-01
 -1.4731E+00 -3.4668E-02 -2.4712E-01  7.6847E-02  3.5770E-01
 -9.0703E-01 -1.5345E-01  9.6562E-01  6.8008E-02  5.1609E-01
 -1.0734E+00  1.0122E-01 -1.1234E-01  4.8718E-02  1.4039E+00
  1.3179E+00 -1.2823E-01 -5.5184E-01  7.3704E-02  4.0544E-01
  1.7206E-01  2.7218E-02  3.4042E+00  1.5115E-01  4.7011E-02
  2.0720E-01 -1.4340E-01 -1.5963E+00  8.2917E-02  2.8476E-01
 -8.6321E-01 -1.5619E-01  4.4391E+00  1.8556E-01  2.5407E-02
 -4.6207E-01  6.7142E-02  4.4973E+00  1.8546E-01  2.5448E-02
 -3.0822E-01 -7.4185E-03  1.1811E+00  6.0728E-02  7.2483E-01
 -8.2277E-01  3.6428E-02  1.3257E+00  8.0217E-02  3.1449E-01
  1.2299E+00  6.6421E-02  1.9131E+00  1.1107E-01  1.1846E-01
 -1.0179E-01 -2.2092E-01  7.6524E+00  2.6835E-01  8.4004E-03
 -1.4625E+00 -1.5734E-01  1.6825E-01  7.6145E-02  3.6769E-01
  7.2925E-01 -1.6573E-02  7.6211E-01  4.4780E-02  1.8078E+00
 -9.9702E-01  1.5626E-01 -1.1723E+00  7.9527E-02  3.2274E-01
 -3.4179E-01 -4.1055E-02  1.2337E+00  6.4762E-02  5.9764E-01
 -4.6417E-01  1.4112E-02 -1.3671E+00  7.4206E-02  3.9726E-01
  2.4980E-01  2.4400E-02  1.0116E+00  4.2599E-02  2.0999E+00
 -9.1944E-01 -1.7687E-01 -4.8730E-01  4.4869E-02  1.7970E+00
 -1.1941E+00  8.2141E-02 -1.3181E+00  9.0534E-02  2.1876E-01
 -2.4071E-01 -3.8470E-02 -1.2446E+00  6.3951E-02  6.2068E-01
  1.2896E+00 -1.3815E-01  4.5393E-01  7.0361E-02  4.6602E-01
  8.3528E-01  7.3489E-02  6.0159E-01  4.0472E-02  2.4486E+00
 -1.3432E+00  1.6975E-01 -1.4111E+00  9.8138E-02  1.7175E-01
 -7.8704E-02  5.2591E-02  1.6558E+00  8.4937E-02  2.6492E-01
 -1.2302E+00  9.7025E-02  7.1894E-03  6.1663E-02  6.9237E-01
 -1.5728E+00 -1.3170E-01 -1.1331E+00  9.7602E-02  1.7459E-01
  1.2080E+00 -7.4891E-02  1.9019E+00  1.1026E-01  1.2112E-01
  8.8531E-01 -1.4241E-01  5.1045E-01  4.0430E-02  2.4564E+00
 -1.1139E+00  2.4728E-01  5.5734E+00  2.1820E-01  1.5626E-02
 -4.5600E-01 -1.1836E-01  3.7534E+00  1.6311E-01  3.7409E-02
 -3.0935E-02 -9.4007E-04  1.4402E+00  7.4030E-02  4.0011E-01
 -4.6362E-01 -3.9743E-02 -9.4656E-01  4.4750E-02  1.8114E+00
  6.2072E-01 -1.2074E-02 -8.3359E-01  4.2048E-02  2.1835E+00
 -7.5144E-01  1.3545E-01 -1.5950E+00  8.9990E-02  2.2275E-01
  3.9691E-01 -1.2004E-01  1.1620E+00  6.1646E-02  6.9292E-01
 -1.9534E-01  1.5742E-01 -1.3276E+00  6.9034E-02  4.9341E-01
 -8.5887E-01  1.6260E-01  1.0143E+00  6.8322E-02  5.0900E-01
  7.2996E-01 -1.8388E-01  9.2261E-01  5.8542E-02  8.0909E-01
  5.4681E-01 -5.1786E-02 -9.3315E-01  4.8577E-02  1.4161E+00
 -1.6136E+00  1.7651E-01  8.3070E+00  2.8759E-01  6.8248E-03
  2.2340E-01 -6.9293E-02  1.2996E+00  6.7219E-02  5.3449E-01
  1.7287E+00 -9.1889E-02  2.4904E+00  1.3860E-01  6.0967E-02
 -1.4839E+00  3.1601E-02 -1.8206E+00  1.1392E-01  1.0981E-01
  9.3548E-01  1.9075E-02 -1.3252E+00  8.3213E-02  2.8173E-01
  9.3703E-01 -2.9074E-01  8.7143E+00  2.9469E-01  6.3431E-03
  1.0928E+00 -1.3152E-01  1.0109E+00  7.6868E-02  3.5741E-01
 -2.3509E-01 -1.0523E-01  1.0906E+00  5.2616E-02  1.1144E+00
  1.3628E+00 -6.3845E-02 -2.1926E-01  7.0799E-02  4.5742E-01
  1.0904E+00  6.2180E-02 -8.0974E-01  6.9530E-02  4.8294E-01
  1.2664E+00  1.2153E-01 -1.8523E+00  1.0997E-01  1.2206E-01
 -1.4190E+00 -1.2687E-01  2.0137E+00  1.1838E-01  9.7857E-02
 -6.8355E-01  1.8810E-03  4.8803E+00  1.9717E-01  2.1178E-02
  1.1320E+00  1.3729E-01  1.2818E-01  5.5054E-02  9.7285E-01
 -9.8904E-01 -1.6456E-02  5.9428E-01  5.5610E-02  9.4394E-01
 -3.6381E-01  1.6987E-01 -1.5089E+00  8.0253E-02  3.1406E-01
  2.8956E-01 -6.0625E-02  3.2177E+00  1.4530E-01  5.2919E-02
 -1.9218E+00 -1.2383E-01  2.2405E+00  1.3590E-01  6.4675E-02
  4.4799E-01 -2.0013E-03 -1.2558E+00  6.7986E-02  5.1658E-01
  1.4602E+00  2.2177E-01  4.1226E+00  1.8127E-01  2.7256E-02
 -6.8542E-01  1.6548E-01 -1.6720E+00  9.2052E-02  2.0811E-01
 -6.4442E-01  7.9137E-02  9.0004E-01  5.1546E-02  1.1853E+00
 -1.9372E+00 -1.0613E-01  2.4336E+00  1.4130E-01  5.7538E-02
 -1.6867E+00 -1.3102E-01  5.0530E-01  8.9867E-02  2.2367E-01
 -9.7194E-01 -9.3611E-02  5.2159E-01  5.1263E-02  1.2050E+00
  7.4431E-01  1.6485E-01 -1.3884E+00  8.1362E-02  3.0140E-01
  1.1848E+00  8.9278E-03 -1.2003E+00  8.6253E-02  2.5297E-01
 -8.6451E-01  1.3924E-01  7.7073E-01  5.6648E-02  8.9301E-01
  7.6016E-01  7.7567E-02  1.0178E+00  6.4240E-02  6.1234E-01
  1.4924E+00 -9.4927E-02 -5.2657E-01  8.1433E-02  3.0061E-01
 -7.9861E-02  1.7933E-01 -1.0376E+00  4.4942E-02  1.7883E+00
  2.3420E-01  1.6628E-01 -1.3751E+00  7.2082E-02  4.3343E-01
  5.0619E-01 -1.3302E-01  9.1378E-01  4.4480E-02  1.8447E+00
  5.3997E-02  1.2338E-01  2.9231E+00  1.3492E-01  6.6089E-02
 -6.2491E-01  1.7275E-01  8.0195E-01  4.0301E-02  2.4799E+00
 -8.8062E-01 -9.8147E-02 -6.7811E-01  5.2145E-02  1.1449E+00
  4.8408E-01 -2.0994E-02 -1.1273E+00  6.1178E-02  7.0896E-01
 -1.1329E+00 -1.2384E-01  6.5559E-01  6.6869E-02  5.4291E-01
 -1.6756E+00  2.7378E-02 -1.3535E+00  1.0629E-01  1.3518E-01
 -8.6397E-01  1.6117E-01 -8.2992E-01  5.9880E-02  7.5608E-01
 -1.3179E+00  1.3707E-01  1.5721E+00  1.0232E-01  1.5155E-01
  8.9264E-01 -7.1078E-02  2.3897E+00  1.2155E-01  9.0403E-02
  3.3946E-01 -4.6466E-02 -1.0596E+00  5.1927E-02  1.1594E+00
 -1.6940E-01 -3.9074E-02  2.2056E+00  1.0861E-01  1.2672E-01
 -1.0133E+00 -1.1730E-01  1.0393E+00  7.4868E-02  3.8682E-01
 -3.9583E-01  5.0995E-02 -1.0054E+00  4.8451E-02  1.4272E+00
  1.0370E+00  9.5717E-02 -3.2264E-01  4.9451E-02  1.3424E+00
 -6.1361E-01  1.3419E-01 -8.6129E-01  4.6410E-02  1.6239E+00
  1.3374E+00 -3.9252E-02 -3.5550E-01  7.0943E-02  4.5465E-01
  1.7802E-01  1.4075E-02 -1.0266E+00  4.2553E-02  2.1067E+00
 -1.1509E+00 -2.4497E-01  8.6290E+00  2.9329E-01  6.4344E-03
  1.2629E+00  4.8350E-02 -4.6998E-01  6.8877E-02  4.9680E-01
  2.9361E-01  3.9445E-02  1.3476E+00  7.0684E-02  4.5967E-01
  1.3443E+00  2.3409E-02  1.1296E+00  8.9435E-02  2.2692E-01
 -1.3934E+00  8.0074E-02 -9.2408E-01  8.5659E-02  2.5828E-01
 -7.2156E-01 -1.0336E-01  7.8842E-01  4.7449E-02  1.5196E+00
  1.7935E+00  4.7908E-02 -1.2641E+00  1.0791E-01  1.2919E-01
  7.8863E-01 -1.8552E-01 -6.5865E-01  4.2950E-02  2.0489E+00
 -5.4147E-01 -4.6578E-02  8.9849E-01  4.3990E-02  1.9069E+00
 -3.7150E-01 -6.5612E-02  1.0914E+00  5.5674E-02  9.4069E-01
 -4.2360E-01 -7.0375E-04  9.9950E-01  4.8906E-02  1.3878E+00
 -1.2444E+00  1.0683E-01  6.5021E-02  6.2790E-02  6.5575E-01
  1.4094E-01 -1.2127E-01  2.2384E+00  1.0993E-01  1.2219E-01
 -7.6648E-01 -1.5114E-01 -7.0568E-01  4.4434E-02  1.8503E+00
 -1.1622E+00 -1.9925E-01  2.2254E+00  1.2031E-01  9.3221E-02
 -5.5988E-01 -1.1945E-01  2.0162E+00  1.0394E-01  1.4455E-01
 -1.0496E+00  5.6111E-03  4.2209E-01  5.3619E-02  1.0530E+00
 -9.5115E-01 -1.1292E-01 -8.9105E-01  6.6471E-02  5.5273E-01
  9.7716E-01 -1.8041E-01  3.7138E-01  4.5669E-02  1.7042E+00
 -7.6990E-01  1.5406E-01 -8.4595E-01  5.5627E-02  9.4308E-01
  8.2355E-01 -2.5739E-02 -6.2657E-01  4.1170E-02  2.3263E+00
 -8.7478E-01 -4.5883E-02 -1.2843E+00  7.9914E-02  3.1808E-01
  5.1453E-01  9.4425E-03 -8.9696E-01  4.0949E-02  2.3641E+00
  1.4240E+00 -6.8217E-02  2.0838E+00  1.2054E-01  9.2680E-02
  1.5308E+00  1.5802E-02  4.6259E-01  8.2107E-02  2.9326E-01
  1.0874E+00  3.1761E-02  2.0527E+00  1.1293E-01  1.1273E-01
  2.5096E-01  1.3152E-01  4.2833E+00  1.7869E-01  2.8450E-02
  3.4567E-01 -8.4374E-02  4.0762E+00  1.7264E-01  3.1550E-02
  8.4858E-01  2.7435E-02  8.9412E-01  6.1593E-02  6.9473E-01
  8.2773E-01 -1.7854E-02  1.3213E+00  8.0146E-02  3.1533E-01
  4.7388E-01  1.6801E-01 -1.5229E+00  8.2323E-02  2.9096E-01
 -1.8739E+00  4.6556E-02 -7.5803E-01  1.0091E-01  1.5798E-01
 -5.5808E-01  2.0934E-01  2.6357E+00  1.2701E-01  7.9224E-02
 -6.1619E-03  1.5187E-01 -1.7630E+00  9.0044E-02  2.2235E-01
  1.7520E+00  1.7853E-01  4.9837E-01  9.2743E-02  2.0350E-01
  1.5287E-02  1.3184E-02 -1.0435E+00  4.2874E-02  2.0598E+00
 -1.8724E+00  1.3929E-01  5.4088E-01  9.8068E-02  1.7212E-01
 -4.2901E-01  1.4162E-01  1.3292E+00  7.2032E-02  4.3434E-01
  1.2542E+00  2.4352E-01  7.9677E+00  2.7827E-01  7.5333E-03
  1.2589E+00  1.5783E-01  1.9229E+00  1.1218E-01  1.1500E-01
 -2.7200E-01 -6.4714E-02  1.0985E+00  5.3823E-02  1.0411E+00
 -1.2241E+00  1.7594E-01 -1.0654E-01  6.2157E-02  6.7599E-01
  8.8653E-01  1.6967E-01 -1.2866E+00  8.0758E-02  3.0821E-01
  9.5566E-01 -1.1567E-01  5.4861E-01  5.1363E-02  1.1980E+00
  1.9515E+00 -8.9188E-02  4.7481E+00  2.0298E-01  1.9410E-02
 -1.8146E+00 -1.3015E-01 -1.6615E+00  1.1827E-01  9.8131E-02
 -5.5476E-01 -1.5131E-01  1.8844E+00  9.8754E-02  1.6856E-01
 -1.8786E+00 -1.2834E-01  9.6007E-01  1.0466E-01  1.4160E-01
  5.6145E-01 -1.9573E-02  1.3435E+00  7.4868E-02  3.8682E-01
  1.0979E+00 -1.6939E-01  6.1822E-01  6.4153E-02  6.1484E-01
  9.9089E-01  4.9752E-02  5.0105E-01  5.1718E-02  1.1735E+00
  1.8828E+00 -1.1450E-02 -1.3315E+00  1.1227E-01  1.1473E-01
  3.8399E-01  5.5643E-02  1.1863E+00  6.2625E-02  6.6094E-01
  1.1352E+00  5.4188E-02 -3.1478E-01  5.7660E-02  8.4678E-01
  1.2845E+00  7.1319E-02 -3.7524E-01  6.8387E-02  5.0755E-01
  1.0881E+00 -2.2001E-01  5.7792E+00  2.2344E-01  1.4552E-02
 -6.1626E-01 -1.7692E-01  9.6654E-01  5.6102E-02  9.1931E-01
 -1.4437E+00  1.8426E-01  8.4765E-01  8.6143E-02  2.5394E-01
  6.6329E-01  5.2495E-02 -1.0054E+00  5.9651E-02  7.6482E-01
 -1.7155E+00  1.0598E-01  1.6600E-01  8.8106E-02  2.3735E-01
  1.5163E+00  4.5173E-02  1.2833E+00  9.9457E-02  1.6501E-01
 -3.2422E-01 -2.0730E-02 -1.3567E+00  7.1542E-02  4.4333E-01
  6.8302E-02 -1.5030E-01 -1.1260E+00  5.4231E-02  1.0178E+00
  1.7330E+00 -1.3989E-01  7.7143E-01  9.5862E-02  1.8427E-01
  6.2237E-01 -8.8360E-03 -9.4953E-01  5.3988E-02  1.0316E+00
  1.0816E+00 -9.9352E-03 -3.1619E-01  5.3209E-02  1.0776E+00
  1.5687E+00  8.2116E-02  7.6452E-01  8.9026E-02  2.3006E-01
  8.1200E-01 -1.3885E-01  1.4510E+00  8.5409E-02  2.6055E-01
  1.0920E+00  1.1717E-01  1.3484E-01  5.1209E-02  1.2088E+00
  1.1700E+00  1.9097E-01  9.0159E+00  3.0214E-01  5.8855E-03
  1.6749E+00 -1.3328E-01  3.4883E+00  1.6589E-01  3.5561E-02
 -1.1084E+00 -5.8533E-02 -5.8585E-01  6.3083E-02  6.4665E-01
 -1.2210E+00  2.5575E-02  1.4178E+00  9.4532E-02  1.9216E-01
  1.5087E-01  1.4264E-01  3.2656E+00  1.4666E-01  5.1461E-02
 -2.0322E+00 -2.3797E-01  6.7820E+00  2.5428E-01  9.8729E-03
 -1.4571E+00  2.3205E-01  3.3251E+00  1.5853E-01  4.0746E-02
  2.1738E-01 -1.3697E-01 -1.0986E+00  5.3334E-02  1.0700E+00
  4.9971E-01  2.7103E-01  6.9060E+00  2.5042E-01  1.0337E-02
  1.6848E-01 -9.1029E-02 -1.7072E+00  8.7700E-02  2.4066E-01
  5.0049E-01 -1.1156E-01 -1.7116E+00  9.0815E-02  2.1674E-01
  2.2590E-01  9.4617E-02  2.9798E+00  1.3712E-01  6.2959E-02
  1.8492E+00  9.5467E-02 -2.3505E-01  9.4324E-02  1.9344E-01
 -1.3092E+00  2.9461E-02  1.7864E-01  6.7290E-02  5.3278E-01
 -6.2854E-01 -1.8055E-01  1.3530E+00  7.7295E-02  3.5152E-01
 -1.7234E+00  1.5279E-01  9.1234E+00  3.0652E-01  5.6368E-03
  9.0860E-01  1.3640E-01  1.8827E+00  1.0390E-01  1.4472E-01
 -1.1074E+00  9.8068E-02  1.5487E+00  9.6046E-02  1.8322E-01
 -1.8447E+00  2.5241E-02  6.2609E+00  2.4021E-01  1.1712E-02
  1.5728E+00 -1.1035E-01  9.5891E-01  9.3404E-02  1.9921E-01
 -4.7043E-03  9.7118E-02  1.6170E+00  8.3103E-02  2.8285E-01
 -8.7359E-02 -1.7487E-01 -1.2029E+00  6.0591E-02  7.2975E-01
 -6.7301E-01  1.0343E-01 -8.5266E-01  4.9554E-02  1.3340E+00
 -1.1796E+00  1.8615E-01  7.4562E+00  2.6580E-01  8.6450E-03
  3.5224E-01 -1.7439E-01 -1.2354E+00  6.5744E-02  5.7126E-01
 -1.0572E+00 -1.8582E-01 -5.6149E-02  4.7598E-02  1.5053E+00
  5.9570E-01  1.3304E-01  2.9908E+00  1.3927E-01  6.0095E-02
  1.7487E+00  9.9175E-02  3.7689E-01  9.1030E-02  2.1520E-01
  1.4447E+00 -1.7344E-01 -9.4115E-01  8.8385E-02  2.3511E-01
  1.3637E+00  2.8749E-02  1.0251E+00  8.7165E-02  2.4512E-01
  7.0628E-01 -1.5435E-01  8.5921E-01  5.2834E-02  1.1007E+00
  7.2501E-01 -3.4481E-03 -1.3752E+00  7.9917E-02  3.1804E-01
 -2.2557E-01 -3.8186E-01  9.4401E+00  3.1024E-01  5.4366E-03
 -1.0235E+00 -2.6061E-02  1.2556E+00  8.3112E-02  2.8276E-01
 -6.3734E-01  8.7716E-02  1.0931E+00  6.3956E-02  6.2052E-01
 -9.7078E-01  1.7906E-01 -9.4499E-01  6.9929E-02  4.7472E-01
  1.4425E-01 -1.0797E-01 -1.3572E+00  7.0073E-02  4.7180E-01
 -1.4633E+00 -1.9247E-01 -1.6408E+00  1.0839E-01  1.2747E-01
  7.7387E-01 -1.6794E-01  1.1953E+00  7.3666E-02  4.0606E-01
 -3.9665E-01 -1.3765E-01 -9.4324E-01  4.0581E-02  2.4291E+00
  1.6556E-02  2.8631E-01  6.7644E+00  2.4641E-01  1.0850E-02
  1.7841E+00  1.6703E-01  7.8999E+00  2.7901E-01  7.4735E-03
  5.4960E-01 -9.7121E-02  2.2443E+00  1.1252E-01  1.1395E-01
 -1.0476E+00 -9.0116E-02 -1.8378E-01  4.6605E-02  1.6036E+00
 -4.9929E-01 -8.9036E-02  1.7348E+00  9.1733E-02  2.1029E-01
  6.2497E-01  3.6077E-02 -1.3809E+00  7.7979E-02  3.4235E-01
 -1.0128E+00  1.0364E-01 -8.5241E-01  6.7659E-02  5.2411E-01
 -1.3085E-01  9.4346E-02  1.0394E+00  4.4283E-02  1.8693E+00
 -9.5254E-01 -3.6771E-02 -4.7401E-01  4.6215E-02  1.6446E+00
 -1.0935E-02 -2.0590E-01  5.9170E+00  2.2439E-01  1.4368E-02
 -9.6598E-01 -1.0138E-01 -3.6477E-01  4.1674E-02  2.2430E+00
 -8.7759E-01 -4.0797E-02  1.2936E+00  8.0368E-02  3.1272E-01
  1.2225E+00  3.0450E-02  2.7355E-01  6.2953E-02  6.5068E-01
 -3.1193E-01 -1.3054E-01  9.8128E-01  4.1752E-02  2.2303E+00
 -1.3449E+00  9.6498E-03  7.9414E-02  6.8809E-02  4.9828E-01
  5.9464E-01  8.8538E-02  8.5623E-01  4.3327E-02  1.9959E+00
  1.2653E-01  1.9705E-02  2.0150E+00  1.0079E-01  1.5853E-01
  1.8903E+00 -1.0525E-01 -6.6787E-01  1.0031E-01  1.6081E-01
 -3.0837E-01  1.7488E-01 -1.0627E+00  5.2585E-02  1.1164E+00
  7.3071E-01  4.3109E-02 -7.6185E-01  4.5024E-02  1.7786E+00
  3.7849E-02  1.3791E-01 -1.0230E+00  4.0692E-02  2.4092E+00
 -1.1484E+00 -1.0337E-01  8.3079E-01  7.2984E-02  4.1756E-01
  7.4022E-01 -1.6601E-01  2.8823E+00  1.3680E-01  6.3408E-02
 -1.5166E+00  1.2684E-01  1.6283E+00  1.0925E-01  1.2448E-01
 -7.9377E-01  3.6536E-02  6.7797E-01  4.3026E-02  2.0381E+00
 -1.1039E+00 -1.8186E-01 -2.4288E-01  5.4825E-02  9.8506E-01
  1.8906E+00 -7.6937E-02 -7.2672E-01  1.0112E-01  1.5701E-01
  4.2884E-01  3.9378E-02  1.1999E+00  6.4379E-02  6.0837E-01
  1.3218E+00  4.2114E-02 -1.2062E+00  9.0956E-02  2.1573E-01
  1.1895E-01 -1.6815E-01  3.3385E+00  1.4906E-01  4.9015E-02
 -1.5049E+00 -1.2807E-01  5.2603E+00  2.1233E-01  1.6957E-02
 -1.5225E+00  1.2050E-01  1.0532E+00  9.3835E-02  1.9648E-01
  1.0672E+00 -8.2703E-02 -4.5066E-01  5.6230E-02  9.1306E-01
 -1.1206E+00  1.1781E-02 -1.4559E+00  9.3048E-02  2.0150E-01
 -1.3983E+00 -1.6981E-01  1.8126E-01  7.2927E-02  4.1855E-01
  1.0084E+00  1.6653E-02 -4.3356E-01  5.0288E-02  1.2765E+00
 -1.0287E+00  1.4703E-02 -1.0257E-01  4.0905E-02  2.3718E+00
  1.2525E+00 -1.4825E-01  1.5467E+00  9.9822E-02  1.6320E-01
  1.4243E+00 -2.2437E-01  3.4018E+00  1.6034E-01  3.9383E-02
  1.4968E+00 -1.1507E-01  6.7902E-01  8.4424E-02  2.6978E-01
 -8.8298E-01  1.1312E-01 -5.5652E-01  4.3951E-02  1.9120E+00
 -1.0480E+00 -1.2537E-01 -1.6432E-02  4.4886E-02  1.7951E+00
 -9.7798E-01 -1.3173E-01 -5.3943E-01  5.2998E-02  1.0905E+00
  8.2367E-01  1.7791E-01  6.5154E-01  4.6295E-02  1.6360E+00
  1.5111E+00  1.1160E-01  9.6050E-01  9.1138E-02  2.1444E-01
 -4.5516E-01  7.5610E-02 -9.9402E-01  5.0080E-02  1.2924E+00
  2.8612E-02  7.9347E-02 -1.0554E+00  4.5367E-02  1.7385E+00
 -1.2757E+00 -2.9771E-01  8.3673E+00  2.8771E-01  6.8163E-03
 -1.9966E-01  3.1636E-01  9.6584E+00  3.1506E-01  5.1904E-03
  3.7157E-01 -1.5480E-01  1.0179E+00  4.9937E-02  1.3036E+00
  9.1508E-01  1.3648E-01  1.3276E+00  8.3022E-02  2.8367E-01
  1.0774E+00 -2.1847E-02  6.9037E+00  2.5187E-01  1.0159E-02
  1.4961E+00 -1.0664E-01  1.8477E+00  1.1510E-01  1.0647E-01
 -1.6360E+00 -1.1945E-01 -1.5399E+00  1.1008E-01  1.2169E-01
 -8.7953E-01  1.1465E-01  9.0845E-01  6.4041E-02  6.1807E-01
  4.9902E-01  1.1899E-01  9.4941E-01  4.8132E-02  1.4558E+00
  1.9356E+00  2.6858E-01  8.4791E+00  2.9312E-01  6.4459E-03
  7.9336E-01 -2.1922E-01  8.1715E+00  2.8168E-01  7.2637E-03
  1.4310E+00  1.2696E-01  6.9250E-01  8.1892E-02  2.9558E-01
  1.0225E+00  8.8405E-03 -1.7414E-01  4.1628E-02  2.2504E+00
  6.5080E-01 -1.7586E-01 -1.7906E+00  9.6342E-02  1.8153E-01
 -1.3004E+00  1.7204E-01  1.9131E+00  1.1279E-01  1.1314E-01
 -9.6853E-01 -3.8524E-03  3.6379E-01  4.1057E-02  2.3456E+00
  8.9663E-01  6.4919E-02  1.1963E+00  7.6968E-02  3.5601E-01
 -1.3940E+00  2.0804E-01  2.6966E+00  1.3894E-01  6.0528E-02
  9.6733E-02 -3.1702E-02 -1.6940E+00  8.6739E-02  2.4875E-01
  7.2815E-01 -5.8725E-02 -7.3672E-01  4.1670E-02  2.2436E+00
  1.6002E+00 -2.0889E-01  7.5342E+00  2.6953E-01  8.2904E-03
 -4.8411E-01  2.9931E-02  1.1965E+00  6.5409E-02  5.8008E-01
 -1.7962E+00  1.2462E-01  3.1104E+00  1.5713E-01  4.1842E-02
  2.5471E-01 -9.3048E-02 -1.0429E+00  4.7935E-02  1.4738E+00
 -1.0650E+00 -1.3274E-01  1.3727E-03  4.7380E-02  1.5262E+00
 -1.0626E+00 -7.0974E-03 -7.1046E-01  6.4597E-02  6.0223E-01
  9.1469E-01  8.0885E-02 -5.7856E-01  4.8878E-02  1.3902E+00
  1.6751E+00 -5.3247E-02 -8.7489E-01  9.5366E-02  1.8716E-01
 -8.1317E-01 -1.1884E-01  1.6292E+00  9.2497E-02  2.0512E-01
 -8.6310E-01 -1.6375E-01  1.3241E+00  8.1610E-02  2.9866E-01
 -1.7321E+00  7.6628E-02  4.4483E-02  8.8451E-02  2.3458E-01
  1.6463E+00  3.8729E-02  1.0265E+00  9.7500E-02  1.7514E-01
 -9.4302E-01 -6.8999E-02  4.9801E-01  4.6777E-02  1.5860E+00
  1.5265E+00  1.5729E-01  2.9488E-01  8.0315E-02  3.1334E-01
 -5.4410E-01  1.3012E-01  1.1208E+00  6.2927E-02  6.5146E-01
  8.8773E-01 -2.3266E-01  3.4681E+00  1.5693E-01  4.2007E-02
  9.7233E-01 -6.5685E-02  7.3421E-01  6.0695E-02  7.2603E-01
 -1.2143E-01  1.1081E-01  1.6678E+00  8.5753E-02  2.5743E-01
  1.4965E+00  1.2081E-01  3.7771E+00  1.7181E-01  3.2007E-02
 -7.6904E-01 -1.5110E-01 -1.6266E+00  9.1654E-02  2.1084E-01
  7.1187E-01  1.8015E-01  1.2174E+00  7.3012E-02  4.1708E-01
 -1.1465E+00  1.6135E-01 -2.7679E-01  5.8521E-02  8.0997E-01
  6.5111E-01  1.3610E-01 -8.4052E-01  4.7207E-02  1.5431E+00
  1.1480E+00 -1.7421E-01 -9.0207E-01  7.5613E-02  3.7551E-01
 -1.0044E+00 -1.0447E-01 -3.9675E-01  4.8835E-02  1.3938E+00
  3.9344E-01 -1.5911E-01 -1.0235E+00  5.1361E-02  1.1982E+00
  8.0801E-01 -4.9952E-03 -8.4773E-01  5.7018E-02  8.7573E-01
 -1.2850E+00 -5.3475E-02  7.6639E-01  7.7006E-02  3.5549E-01
 -9.8334E-01 -1.2389E-01  3.9644E-01  4.6612E-02  1.6029E+00
  1.7355E-01 -1.6228E-01  1.1413E+00  5.6586E-02  8.9593E-01
  6.7657E-01 -6.8803E-02  8.5672E-01  4.9851E-02  1.3103E+00
  2.9708E-02  2.1604E-02 -1.7765E+00  9.0373E-02  2.1993E-01
  1.2070E+00  3.2360E-01  6.4887E+00  2.4228E-01  1.1414E-02
  2.4166E-02  2.0746E-01  3.0374E+00  1.3900E-01  6.0444E-02
 -1.9369E-01  1.6361E-01 -1.2898E+00  6.6855E-02  5.4326E-01
  1.5303E+00  6.6709E-02  9.0179E-01  9.0402E-02  2.1972E-01
  1.2927E+00 -1.9155E-01  9.6713E+00  3.1715E-01  5.0886E-03
 -1.0972E-01 -3.4545E-02  1.3144E+00  6.7151E-02  5.3609E-01
 -1.9046E+00 -1.7419E-01 -2.6622E-01  9.7097E-02  1.7733E-01
  1.2132E+00  1.2606E-01  2.7458E-01  6.2766E-02  6.5648E-01
  1.7060E+00 -1.6010E-01  6.7591E-01  9.3255E-02  2.0016E-01
  7.4024E-02 -6.3314E-02  1.1281E+00  5.3711E-02  1.0476E+00
 -2.9800E-01 -2.3250E-01  3.8993E+00  1.6730E-01  3.4667E-02
 -3.1683E-01  1.7454E-01  3.4406E+00  1.5281E-01  4.5498E-02
 -1.1782E+00 -2.6216E-02  2.8830E-01  6.0203E-02  7.4395E-01
 -1.3862E+00  7.3834E-03 -5.0413E-01  7.5857E-02  3.7189E-01
 -2.7004E-01 -1.4850E-01  1.7847E+00  9.1899E-02  2.0916E-01
 -1.8600E+00  1.9070E-01  9.8311E-01  1.0461E-01  1.4179E-01
  7.8054E-01  1.6843E-01 -7.6569E-01  5.1188E-02  1.2103E+00
 -1.4971E+00  1.4000E-01  2.5053E+00  1.3477E-01  6.6313E-02
 -7.3492E-01  1.5582E-01  8.4199E+00  2.8734E-01  6.8427E-03
 -1.4367E+00  9.1982E-02  6.2633E+00  2.3763E-01  1.2098E-02
 -2.1325E-01  1.2240E-01 -1.1792E+00  5.9569E-02  7.6795E-01
  9.9342E-01  3.0854E-02  1.7581E+00  1.0081E-01  1.5843E-01
  1.0643E+00 -1.0328E-02  2.3733E+00  1.2335E-01  8.6499E-02
  1.2423E+00 -6.8136E-02  4.2394E+00  1.8242E-01  2.6741E-02
  1.0637E+00  3.5035E-02  2.0249E+00  1.1155E-01  1.1695E-01
 -1.0714E+00  4.2010E-02 -6.1560E-01  6.1824E-02  6.8695E-01
  2.3020E-01 -1.2464E-01  7.4263E+00  2.6286E-01  8.9382E-03
  5.4532E-01  1.7650E-01  8.6093E-01  4.0986E-02  2.3578E+00
 -1.0158E+00 -1.3837E-01  6.3285E-01  5.9586E-02  7.6732E-01
 -5.4346E-01 -2.5362E-02  9.9266E-01  5.3681E-02  1.0494E+00
 -3.9401E-01  6.9805E-02 -1.1264E+00  5.8888E-02  7.9494E-01
 -4.8494E-01 -2.1224E-01  5.3178E+00  2.0880E-01  1.7832E-02
 -1.0384E+00 -7.5456E-02  1.0549E+00  7.6233E-02  3.6642E-01
  9.9444E-02  3.0792E-02  1.8579E+00  9.4077E-02  1.9496E-01
 -5.2114E-01 -4.2283E-02  1.9996E+00  1.0276E-01  1.4960E-01
  1.3219E+00 -1.7527E-03  3.8070E+00  1.7076E-01  3.2604E-02
  9.1365E-01  1.3907E-01  5.2900E-01  4.6252E-02  1.6407E+00
 -1.9093E+00  2.3074E-01  3.6130E+00  1.7268E-01  3.1528E-02
 -5.6370E-02 -4.0775E-02 -1.0512E+00  4.4547E-02  1.8363E+00
  1.7366E+00 -1.4582E-01  6.3063E-01  9.3749E-02  1.9702E-01
 -3.9410E-01  1.5105E-01  1.1723E+00  6.2476E-02  6.6569E-01
 -1.0011E+00 -1.1012E-01 -5.2508E-01  5.4031E-02  1.0292E+00
  3.7472E-01  1.4950E-01  2.3606E+00  1.1567E-01  1.0490E-01
 -4.2023E-01  6.8258E-02  1.2123E+00  6.5017E-02  5.9064E-01
  1.1671E+00  1.9197E-02  1.7418E+00  1.0398E-01  1.4441E-01
  1.3240E+00  9.9111E-03  1.3056E+00  9.4020E-02  1.9532E-01
 -8.2838E-01 -2.4751E-02  2.0435E+00  1.0832E-01  1.2772E-01
 -9.4228E-01 -1.4575E-01  5.2023E-01  4.8977E-02  1.3817E+00
 -9.2466E-01  1.6351E-01  1.1213E+00  7.5203E-02  3.8169E-01
  1.5491E+00 -1.3326E-01  6.0593E-01  8.5417E-02  2.6048E-01
  7.6545E-01  1.6758E-01  9.5883E-01  6.1955E-02  6.8260E-01
 -1.2379E+00 -4.0167E-02  3.6530E+00  1.6543E-01  3.5855E-02
 -1.0859E+00 -1.3318E-01 -2.7064E-03  4.9880E-02  1.3081E+00
  6.7754E-01 -2.8156E-02  1.1023E+00  6.5602E-02  5.7498E-01
  1.3379E+00  3.8391E-02 -5.1614E-01  7.3706E-02  4.0541E-01
 -1.2454E+00  2.2069E-01  3.7494E+00  1.6852E-01  3.3921E-02
 -9.2855E-02 -4.8338E-02 -1.5556E+00  8.0137E-02  3.1543E-01
  1.8526E+00  7.9836E-03  1.7751E+00  1.2205E-01  8.9283E-02
  6.6289E-01 -1.6476E-01  8.9135E-01  5.2841E-02  1.1002E+00
  1.1646E+00  6.4387E-02  2.7345E+00  1.3654E-01  6.3771E-02
  1.4751E+00 -2.8402E-02  2.1859E+00  1.2466E-01  8.3787E-02
  1.0435E+00 -9.0192E-02  2.1367E-01  4.6823E-02  1.5813E+00
  7.1871E-01  1.1253E-01 -1.0110E+00  6.2448E-02  6.6657E-01
  4.9467E-01 -8.6640E-02  3.0782E+00  1.4152E-01  5.7267E-02
  1.4168E+00  1.3508E-01  6.8244E-01  8.1088E-02  3.0447E-01
 -7.9999E-01  8.8003E-02 -6.8832E-01  4.5404E-02  1.7342E+00
 -8.3722E-01  6.0988E-02  3.5353E+00  1.5839E-01  4.0849E-02
 -7.1931E-01  1.6498E-01 -9.3951E-01  5.8840E-02  7.9687E-01
 -6.6776E-01  7.6075E-02  8.5927E-01  4.9521E-02  1.3367E+00
 -2.7246E-01 -3.4977E-02  1.3115E+00  6.8379E-02  5.0773E-01
  5.6041E-02  9.5486E-02  1.1137E+00  5.2475E-02  1.1234E+00
 -1.8824E+00 -1.4183E-01  4.9441E+00  2.0737E-01  1.8203E-02
 -8.6898E-01  3.6314E-02 -6.2154E-01  4.6821E-02  1.5815E+00
  9.2046E-01 -1.1133E-01  6.0402E-01  5.1216E-02  1.2083E+00
 -1.3403E+00 -6.5297E-02  1.4522E+00  9.9050E-02  1.6705E-01
 -3.9445E-01 -6.0009E-02 -9.6373E-01  4.2755E-02  2.0771E+00
 -3.7022E-01  2.5095E-02 -9.7091E-01  4.2054E-02  2.1827E+00
 -2.0409E-01  1.0583E-01  1.0238E+00  4.3855E-02  1.9247E+00
 -1.7131E+00  6.4014E-02  4.7508E-01  9.0466E-02  2.1926E-01
  1.7647E+00 -1.3834E-01  5.1255E-01  9.3295E-02  1.9990E-01
 -1.3275E+00  1.8421E-01 -1.1534E+00  8.9983E-02  2.2280E-01
 -6.3122E-01 -1.1940E-02 -8.4692E-01  4.4998E-02  1.7816E+00
 -5.4440E-01 -9.3499E-02  1.2492E+00  6.9891E-02  4.7549E-01
 -2.9053E-01  8.8755E-02  7.9187E+00  2.7481E-01  7.8215E-03
 -7.7280E-02  1.4830E-01 -1.0258E+00  4.2049E-02  2.1834E+00
  5.5809E-01  1.8357E-02  9.7596E+00  3.1752E-01  5.0710E-03
 -1.0710E+00  1.0878E-02  2.1791E-02  4.7119E-02  1.5517E+00
 -9.6133E-01 -5.0709E-02  6.7190E-01  5.7243E-02  8.6545E-01
 -8.8344E-01  6.5137E-02 -1.5167E+00  8.9452E-02  2.2680E-01
  5.9631E-02  4.4169E-02  1.6289E+00  8.3613E-02  2.7770E-01
  1.8259E-01 -2.2517E-01  2.8652E+00  1.3331E-01  6.8523E-02
 -9.1334E-01 -8.7649E-02  1.3812E+00  8.4923E-02  2.6505E-01
  6.1009E-01  1.5503E-01  9.5823E-01  5.4972E-02  9.7719E-01
 -7.8178E-02 -8.4515E-02  1.7603E+00  8.9798E-02  2.2419E-01
  1.1808E-01  1.8468E-01 -1.1030E+00  5.2989E-02  1.0910E+00
  1.6926E+00  3.4318E-02  7.6054E-02  8.6629E-02  2.4970E-01
 -2.9600E-01 -6.9757E-02  1.0566E+00  5.0473E-02  1.2625E+00
 -1.0979E+00  8.2897E-02 -1.7929E+00  1.0427E-01  1.4319E-01
 -1.9126E+00  1.3770E-01  1.9479E+00  1.2813E-01  7.7174E-02
 -1.9699E+00  1.7620E-01  5.3281E+00  2.1804E-01  1.5659E-02
 -8.1383E-01 -1.8357E-01 -6.7946E-01  4.7732E-02  1.4927E+00
 -5.4660E-01 -7.7933E-03  1.9434E+00  1.0078E-01  1.5858E-01
  1.9748E-01 -1.6201E-01 -1.5601E+00  8.1211E-02  3.0308E-01
 -1.4146E+00  1.4794E-01  3.4018E+00  1.6010E-01  3.9561E-02
 -8.1522E-01  2.7195E-02  7.9052E-01  5.4036E-02  1.0288E+00
 -1.0421E+00 -2.2237E-01  3.9562E+00  1.7281E-01  3.1458E-02
  1.6660E+00 -1.4486E-01  9.5864E-01  9.6948E-02  1.7815E-01
  6.3407E-01  6.2394E-02  1.9174E+00  1.0085E-01  1.5825E-01
  1.4954E+00  1.7610E-01 -1.7886E-01  7.7988E-02  3.4223E-01
 -2.7153E-01  1.6442E-01  1.5559E+00  8.1555E-02  2.9926E-01
 -5.6184E-01  1.7732E-01 -8.5101E-01  4.1155E-02  2.3288E+00
  1.1460E+00  2.2934E-02 -4.6277E-01  6.1805E-02  6.8760E-01
 -9.6128E-01  1.5373E-01 -1.2476E+00  8.1287E-02  3.0223E-01
  1.0282E+00  1.1869E-01  1.0131E+00  7.4449E-02  3.9339E-01
  1.3744E+00  1.6646E-02 -1.2358E+00  9.3536E-02  1.9836E-01
 -6.5676E-03  4.7828E-02  1.0635E+00  4.6217E-02  1.6444E+00
 -1.0405E+00 -9.8572E-03 -2.0057E-01  4.5511E-02  1.7220E+00
 -1.4463E+00 -1.3445E-01  1.5582E+00  1.0533E-01  1.3891E-01
  9.4149E-01  3.2943E-02  8.9401E-01  6.5886E-02  5.6756E-01
  1.0594E+00  3.1478E-02 -7.4912E-01  6.5833E-02  5.6895E-01
 -9.2120E-01 -5.0563E-02 -8.1226E-01  6.1329E-02  7.0374E-01
  1.5547E+00  1.4247E-01  4.8218E-02  8.0281E-02  3.1374E-01
 -8.3832E-01 -1.3241E-02  1.3096E+00  7.9933E-02  3.1786E-01
  1.2236E+00  8.4808E-02  1.5996E-01  6.1860E-02  6.8576E-01
 -1.2146E+00  4.5122E-02 -1.7835E+00  1.0646E-01  1.3455E-01
 -9.4051E-01 -1.1894E-01 -1.1391E+00  7.6220E-02  3.6660E-01
  5.1036E-01 -1.2022E-01  1.2413E+00  6.8822E-02  4.9798E-01
 -3.7246E-01  5.8040E-02 -9.8061E-01  4.4074E-02  1.8961E+00
 -5.2595E-01  4.4597E-04 -9.2426E-01  4.6049E-02  1.6625E+00
 -1.2224E+00  9.7354E-04 -3.4746E-01  6.4117E-02  6.1587E-01
  1.5989E+00  8.2728E-02 -4.7222E-01  8.5443E-02  2.6024E-01
 -1.5100E-02  1.0927E-01 -1.3387E+00  6.8573E-02  5.0343E-01
  7.5882E-01 -4.4055E-02 -7.2186E-01  4.3682E-02  1.9475E+00
 -1.1896E+00 -5.1858E-02 -1.1697E+00  8.5438E-02  2.6028E-01
  6.2852E-02 -8.1770E-02  2.4369E+00  1.1734E-01  1.0048E-01
  8.4863E-01 -3.2385E-02 -1.0988E+00  7.1185E-02  4.5002E-01
 -1.4149E+00  6.9475E-02  3.9736E+00  1.7647E-01  2.9537E-02
  1.0572E+00 -1.6054E-01 -1.5917E+00  9.6521E-02  1.8053E-01
 -1.2733E+00 -1.6837E-01  6.6772E-02  6.5095E-02  5.8852E-01
 -3.2975E-01  1.7421E-01 -9.8639E-01  4.4716E-02  1.8156E+00
 -3.2110E-01  2.7611E-02 -1.0456E+00  4.9888E-02  1.3074E+00
  1.0828E-01  1.5879E-01  2.5958E+00  1.2341E-01  8.6359E-02
  1.6811E+00 -3.5734E-02 -1.3290E+00  1.0586E-01  1.3685E-01
 -4.9672E-01  6.9497E-03  1.2174E+00  6.6874E-02  5.4278E-01
 -6.3695E-01  5.1459E-03  7.1647E+00  2.5699E-01  9.5641E-03
 -5.6459E-01 -4.8125E-02 -8.6118E-01  4.0213E-02  2.4964E+00
 -7.0620E-01  5.2752E-02 -7.4914E-01  4.0213E-02  2.4964E+00
 -4.5920E-01  1.1127E-01 -9.1622E-01  4.0213E-02  2.4964E+00
 -3.7405E-02  1.7061E-03  1.0302E+00  4.0213E-02  2.4964E+00
  1.0120E+00  8.8263E-03  1.8461E-01  3.9683E-02  2.5977E+00
 -1.0005E+00  1.8087E-01 -1.4237E-01  3.9143E-02  2.7067E+00
  4.5488E-01 -6.4010E-03  9.2029E-01  3.9143E-02  2.7067E+00
 -1.9035E-02  4.1798E-02 -1.0256E+00  3.9143E-02  2.7067E+00
  8.3204E-01 -3.1161E-03  6.0133E-01  3.9143E-02  2.7067E+00
 -4.1697E-01 -7.9068E-02 -9.3254E-01  3.8592E-02  2.8243E+00
  9.5706E-02  1.5205E-01  1.0087E+00  3.8592E-02  2.8243E+00
 -5.6689E-01 -1.4713E-01 -8.4068E-01  3.8592E-02  2.8243E+00
 -9.6254E-01  1.7254E-01 -3.0577E-01  3.8592E-02  2.8243E+00
  3.8368E-01  5.5169E-02 -9.4631E-01  3.8029E-02  2.9517E+00
 -2.1104E-01 -1.7876E-01 -9.8452E-01  3.8029E-02  2.9517E+00
 -2.8440E-01  4.5879E-02  9.8121E-01  3.8029E-02  2.9517E+00
 -9.8843E-01 -1.2617E-01 -2.2991E-01  3.8029E-02  2.9517E+00
 -1.0171E+00  6.5043E-02  5.6104E-02  3.7452E-02  3.0900E+00
  6.9471E-01  4.3143E-02 -7.4663E-01  3.7452E-02  3.0900E+00
  6.5257E-01  6.9732E-02  7.8181E-01  3.7452E-02  3.0900E+00
 -3.5496E-01  1.4460E-01  9.4607E-01  3.7452E-02  3.0900E+00
  3.0689E-02 -4.7923E-04  1.0185E+00  3.6862E-02  3.2409E+00
 -2.6616E-01  9.8669E-02  9.7863E-01  3.6862E-02  3.2409E+00
  5.1172E-01 -1.4796E-02  8.7906E-01  3.6256E-02  3.4062E+00
 -1.5426E-01  2.6501E-02  1.0035E+00  3.5633E-02  3.5880E+00
 -4.5177E-01 -1.7996E-01  8.9164E-01  3.5633E-02  3.5880E+00
 -9.6982E-01 -8.1124E-02 -2.9048E-01  3.5633E-02  3.5880E+00
 -8.3013E-01  1.1573E-01  5.7358E-01  3.5633E-02  3.5880E+00
  1.0017E+00 -1.5715E-01 -1.3272E-02  3.4991E-02  3.7890E+00
  9.0160E-01  1.4632E-01 -4.3714E-01  3.4329E-02  4.0125E+00
 -7.1097E-01  3.4271E-02 -7.2023E-01  3.4329E-02  4.0125E+00
  9.8029E-01  1.0124E-01 -2.3272E-01  3.4329E-02  4.0125E+00
  1.6325E-01 -1.0643E-01 -9.9368E-01  3.4329E-02  4.0125E+00
 -9.0294E-01 -1.0644E-01  4.4582E-01  3.4329E-02  4.0125E+00
  8.4945E-02  2.6343E-02  1.0073E+00  3.3644E-02  4.2626E+00
  9.2996E-01 -6.2835E-02 -3.9217E-01  3.3644E-02  4.2626E+00
 -9.6350E-01  3.3721E-02  3.0074E-01  3.2934E-02  4.5444E+00
  1.0092E+00 -4.0728E-03  3.8911E-02  3.2934E-02  4.5444E+00
  9.2923E-01  7.1592E-02  3.8901E-01  3.2934E-02  4.5444E+00
  8.6779E-01  1.2572E-01  5.0106E-01  3.2934E-02  4.5444E+00
 -9.9275E-01  1.7804E-01  1.3817E-02  3.2195E-02  4.8645E+00
  4.8576E-02 -1.3639E-01  9.9824E-01  3.2195E-02  4.8645E+00
  9.7206E-01  6.3845E-02 -2.6164E-01  3.2195E-02  4.8645E+00
  8.9865E-01  9.6117E-02  4.4532E-01  3.1425E-02  5.2312E+00
 -6.8115E-01 -1.7289E-01 -7.2199E-01  3.1425E-02  5.2312E+00
  7.9236E-01 -2.8726E-02  6.2166E-01  3.1425E-02  5.2312E+00
 -7.7943E-01 -8.3559E-02 -6.3295E-01  3.1425E-02  5.2312E+00
 -7.8513E-01  1.5512E-01 -6.1207E-01  3.1425E-02  5.2312E+00
  1.9397E-01  5.5322E-02 -9.8605E-01  3.0618E-02  5.6557E+00
  7.8966E-01 -7.4142E-02  6.1961E-01  3.0618E-02  5.6557E+00
 -4.4270E-01  1.8007E-02 -9.0158E-01  2.8874E-02  6.7438E+00
  8.2697E-01 -9.3687E-02  5.6260E-01  2.8874E-02  6.7438E+00
 -1.1786E-01  1.5920E-01  9.8485E-01  2.8874E-02  6.7438E+00
 -2.0379E-01 -1.6725E-01  9.6851E-01  2.7921E-02  7.4574E+00
  9.1004E-01  1.7007E-01 -3.8783E-01  2.7921E-02  7.4574E+00
  9.8501E-01  1.5849E-01 -1.1024E-01  2.7921E-02  7.4574E+00
  9.4006E-01  4.1383E-02 -3.4941E-01  2.7921E-02  7.4574E+00
  9.3815E-01 -1.5042E-01 -3.2134E-01  2.6903E-02  8.3369E+00
  9.7821E-01 -1.0299E-01 -1.9625E-01  2.6903E-02  8.3369E+00
 -5.5931E-01 -1.7509E-01 -8.1397E-01  2.6903E-02  8.3369E+00
 -9.3596E-01  9.4025E-02 -3.4807E-01  2.6903E-02  8.3369E+00
 -9.7509E-01 -7.8435E-02  2.2150E-01  2.6903E-02  8.3369E+00
 -5.3411E-01  1.3328E-01  8.3844E-01  2.6903E-02  8.3369E+00
  9.8706E-01 -5.7514E-02 -1.6460E-01  2.5804E-02  9.4481E+00
  2.1478E-01  6.4039E-02  9.7697E-01  2.5804E-02  9.4481E+00
 -8.6062E-01  5.9842E-02 -5.1034E-01  2.5804E-02  9.4481E+00
  5.0331E-01  4.5158E-02 -8.6564E-01  2.5804E-02  9.4481E+00
  5.3871E-01  5.9805E-02 -8.4247E-01  2.4606E-02  1.0897E+01
  7.1603E-01 -1.2777E-01 -6.8884E-01  2.4606E-02  1.0897E+01
  2.5874E-01 -1.4944E-01 -9.5565E-01  2.3280E-02  1.2866E+01
  7.7648E-01  7.1915E-02  6.2805E-01  2.3280E-02  1.2866E+01
 -9.6004E-01 -2.6311E-02  2.8316E-01  2.3280E-02  1.2866E+01
 -9.4197E-01 -8.5430E-02  3.2727E-01  2.1787E-02  1.5696E+01
 -5.7149E-01  3.4566E-02  8.2092E-01  2.1787E-02  1.5696E+01
 -9.9223E-01 -1.1511E-01  6.2723E-02  2.1787E-02  1.5696E+01
 -6.3096E-01 -1.2536E-01  7.6673E-01  2.1787E-02  1.5696E+01
  7.7806E-01  1.8469E-01 -6.0185E-01  2.1787E-02  1.5696E+01
  7.5681E-01 -7.3648E-02  6.5078E-01  2.1787E-02  1.5696E+01
 -7.2026E-01  1.8310E-01 -6.7038E-01  2.1787E-02  1.5696E+01
  7.4652E-01 -8.1027E-02 -6.6171E-01  2.1787E-02  1.5696E+01
  9.7191E-01  1.5904E-01  1.7831E-01  2.1787E-02  1.5696E+01
 -8.9560E-01  1.2850E-01 -4.2790E-01  2.1787E-02  1.5696E+01
 -8.7894E-01 -9.7789E-03 -4.7793E-01  2.0058E-02  2.0115E+01
 -7.5751E-01 -1.2867E-01  6.4083E-01  2.0058E-02  2.0115E+01
 -9.4555E-01  1.6004E-01  2.8437E-01  1.7969E-02  2.7981E+01
 -9.2377E-01  1.4914E-02 -3.8337E-01  1.7969E-02  2.7981E+01
  5.1303E-02 -1.4231E-01 -9.8876E-01  1.7969E-02  2.7981E+01
