0.99977142857144D+01       621
(x,y,z) position of the X-ray source
  0.1712E+01 -0.2911E-01 -0.5555E+00
x | y | z | R | rho
  5.3683E-01 -6.7143E-02  9.8286E+00  3.1903E-01  4.9993E-03
 -1.2700E+00 -3.0392E-01  9.6278E+00  3.1619E-01  5.1353E-03
 -2.1024E-01 -6.3888E-03  9.7877E+00  3.1784E-01  5.0557E-03
  2.0605E+00  2.7682E-01  9.4574E+00  3.1546E-01  5.1710E-03
 -7.9591E-01 -2.5059E-01  9.5344E+00  3.1294E-01  5.2968E-03
 -1.9541E+00 -2.5085E-01  9.4057E+00  3.1382E-01  5.2526E-03
 -3.1869E-01  1.4536E-02  8.7772E+00  2.9501E-01  6.3228E-03
  2.6235E-01 -4.0967E-03  8.7067E+00  2.9333E-01  6.4318E-03
 -1.3194E+00  2.2666E-01  8.5827E+00  2.9277E-01  6.4687E-03
  7.2665E-01  2.2535E-01  8.6168E+00  2.9193E-01  6.5247E-03
  3.8544E-01  1.8844E-01  8.4467E+00  2.8744E-01  6.8356E-03
  1.7766E+00 -3.7762E-01  8.0878E+00  2.8348E-01  7.1258E-03
  7.8514E-01  2.0389E-01  7.8515E+00  2.7406E-01  7.8859E-03
 -1.6417E+00 -1.8574E-01  7.7062E+00  2.7378E-01  7.9108E-03
  2.5192E-01  1.1378E-01  7.7088E+00  2.6974E-01  8.2712E-03
 -3.6099E-01 -2.2770E-01  7.6900E+00  2.6945E-01  8.2979E-03
 -1.6563E-01 -3.1512E-01  7.5978E+00  2.6713E-01  8.5158E-03
  1.8596E+00 -2.8010E-01  7.3577E+00  2.6684E-01  8.5436E-03
  1.5096E+00 -2.7408E-02  7.3208E+00  2.6393E-01  8.8293E-03
 -5.5898E-01  1.3836E-01  7.1182E+00  2.5571E-01  9.7081E-03
  1.2041E+00  2.1652E-01  6.8189E+00  2.5038E-01  1.0342E-02
 -5.6072E-01  1.2655E-01  6.7375E+00  2.4620E-01  1.0878E-02
 -1.9530E-01 -1.7072E-02  6.7236E+00  2.4530E-01  1.0998E-02
  1.9555E+00 -2.0821E-01  6.2718E+00  2.4138E-01  1.1542E-02
 -1.2499E+00  2.4456E-01  6.4362E+00  2.4108E-01  1.1585E-02
  8.0394E-01 -2.3054E-01  6.4718E+00  2.4018E-01  1.1717E-02
  3.5725E-01 -9.7193E-02  6.5151E+00  2.4018E-01  1.1717E-02
  1.9564E+00  8.9827E-02  5.8785E+00  2.3165E-01  1.3059E-02
 -7.5123E-01  1.8485E-01  6.1240E+00  2.3103E-01  1.3164E-02
 -8.2781E-01 -1.8490E-01  6.0905E+00  2.3042E-01  1.3269E-02
  1.3983E-01  1.7984E-01  6.1333E+00  2.3011E-01  1.3322E-02
 -1.7134E+00  1.4977E-01  5.8183E+00  2.2827E-01  1.3648E-02
 -1.0292E+00  3.1164E-01  5.8166E+00  2.2424E-01  1.4396E-02
 -1.1104E+00 -1.4502E-01  5.7011E+00  2.2145E-01  1.4949E-02
 -9.2789E-01  2.4009E-01  5.6477E+00  2.1926E-01  1.5400E-02
  3.4427E-01 -1.3429E-01  5.6816E+00  2.1832E-01  1.5600E-02
  1.4523E+00 -2.9235E-01  5.3890E+00  2.1549E-01  1.6222E-02
  1.6844E+00 -8.1932E-02  5.2432E+00  2.1329E-01  1.6731E-02
  6.9145E-01 -1.4266E-01  5.2172E+00  2.0661E-01  1.8405E-02
 -1.9983E-01 -2.1916E-02  5.1457E+00  2.0341E-01  1.9288E-02
 -1.1053E+00 -4.7134E-02  4.7941E+00  1.9695E-01  2.1249E-02
  1.1060E+00 -2.6724E-01  4.7632E+00  1.9630E-01  2.1461E-02
 -6.7715E-01  3.2575E-02  4.8501E+00  1.9630E-01  2.1461E-02
 -1.5221E+00  8.6937E-02  4.6178E+00  1.9532E-01  2.1784E-02
 -1.4358E+00  1.2363E-01  4.4652E+00  1.9042E-01  2.3512E-02
  1.2677E+00 -1.1733E-01  4.4569E+00  1.8877E-01  2.4132E-02
  1.5363E+00 -2.5828E-02  4.2528E+00  1.8547E-01  2.5444E-02
 -1.3594E-01 -9.1137E-02  4.4737E+00  1.8414E-01  2.5998E-02
  8.7656E-01  7.3104E-02  4.2399E+00  1.7981E-01  2.7923E-02
 -3.5865E-01  2.0138E-02  4.2476E+00  1.7780E-01  2.8881E-02
 -8.9771E-02 -1.2317E-01  4.2488E+00  1.7746E-01  2.9045E-02
  1.3205E+00 -1.3513E-01  3.9801E+00  1.7578E-01  2.9887E-02
 -2.5309E-02 -1.7869E-01  4.1917E+00  1.7578E-01  2.9887E-02
 -1.5515E+00 -2.3902E-01  3.7943E+00  1.7308E-01  3.1308E-02
  1.4818E+00 -1.7281E-01  3.7898E+00  1.7206E-01  3.1867E-02
 -8.5790E-01  1.7905E-01  3.9205E+00  1.7037E-01  3.2829E-02
 -3.6602E-02  5.5171E-02  3.9945E+00  1.6969E-01  3.3225E-02
  4.6301E-01 -1.5312E-01  3.9540E+00  1.6934E-01  3.3426E-02
  5.6389E-01  4.7367E-02  3.8987E+00  1.6798E-01  3.4247E-02
 -1.6105E+00  1.2839E-01  3.5809E+00  1.6764E-01  3.4457E-02
  1.7167E+00  6.2250E-02  3.4715E+00  1.6593E-01  3.5534E-02
 -1.4086E+00 -2.5451E-02  3.5487E+00  1.6421E-01  3.6660E-02
  2.6713E-02  1.9484E-01  3.7250E+00  1.6146E-01  3.8570E-02
  1.2808E+00 -1.2064E-01  3.4780E+00  1.6076E-01  3.9070E-02
  3.2864E-01  1.8847E-01  3.6559E+00  1.5973E-01  3.9837E-02
  1.8990E+00 -1.7895E-01  3.0649E+00  1.5764E-01  4.1436E-02
 -1.3905E+00  1.7433E-01  3.3268E+00  1.5764E-01  4.1436E-02
  6.9316E-01  2.2782E-01  3.5355E+00  1.5764E-01  4.1436E-02
 -1.9300E+00  2.0765E-01  3.0436E+00  1.5764E-01  4.1436E-02
 -1.8378E+00  6.0567E-02  3.0812E+00  1.5695E-01  4.1990E-02
  8.1555E-01 -1.2517E-02  3.4273E+00  1.5486E-01  4.3715E-02
  1.5286E+00  1.2683E-01  3.1716E+00  1.5486E-01  4.3715E-02
 -7.9430E-01 -1.9397E-01  3.3155E+00  1.5135E-01  4.6822E-02
 -1.9089E+00  2.0000E-01  2.8113E+00  1.5100E-01  4.7150E-02
  1.2548E+00  1.5620E-01  3.1489E+00  1.5065E-01  4.7481E-02
  1.6101E+00  3.2814E-02  2.8521E+00  1.4676E-01  5.1350E-02
  1.9207E+00  2.1349E-01  2.6312E+00  1.4641E-01  5.1724E-02
 -2.8349E-02  1.1390E-01  3.2412E+00  1.4570E-01  5.2483E-02
  1.1668E+00 -1.5989E-01  2.9648E+00  1.4392E-01  5.4451E-02
 -6.8473E-01 -2.1079E-01  3.1086E+00  1.4392E-01  5.4451E-02
  1.0369E+00  1.4672E-01  2.9011E+00  1.4035E-01  5.8712E-02
 -1.8722E+00 -8.4367E-02  2.3296E+00  1.3712E-01  6.2960E-02
 -1.4482E+00 -8.2540E-03  2.4481E+00  1.3207E-01  7.0476E-02
 -1.3959E+00  1.9328E-01  2.4589E+00  1.3170E-01  7.1060E-02
  1.4851E+00  1.0956E-01  2.3385E+00  1.2952E-01  7.4711E-02
  1.4503E+00  1.5942E-01  2.3333E+00  1.2879E-01  7.5987E-02
 -1.8513E+00 -1.3372E-01  2.0318E+00  1.2879E-01  7.5987E-02
  9.9481E-01  1.7056E-01  2.5492E+00  1.2843E-01  7.6636E-02
 -5.7017E-01 -1.3052E-01  2.6472E+00  1.2733E-01  7.8631E-02
  1.1463E+00  1.6176E-01  2.4402E+00  1.2697E-01  7.9312E-02
 -3.9312E-01 -2.1484E-01  2.6635E+00  1.2697E-01  7.9312E-02
 -5.4268E-01  2.1983E-01  2.6055E+00  1.2587E-01  8.1405E-02
 -2.7268E-01 -2.3723E-02  2.6564E+00  1.2587E-01  8.1405E-02
 -8.2265E-01 -1.0572E-01  2.5064E+00  1.2477E-01  8.3577E-02
 -1.8309E+00  5.0085E-02 -1.8450E+00  1.2330E-01  8.6599E-02
 -1.7529E+00 -8.2855E-02 -1.9182E+00  1.2330E-01  8.6599E-02
  7.5452E-01  8.3389E-02  2.4865E+00  1.2330E-01  8.6599E-02
  9.3069E-01  2.0412E-02  2.4166E+00  1.2293E-01  8.7378E-02
 -1.9103E+00 -9.2426E-02  1.6710E+00  1.2109E-01  9.1425E-02
 -2.4039E-02 -6.1081E-02  2.5089E+00  1.1998E-01  9.3979E-02
 -4.1220E-01  1.6349E-01  2.4401E+00  1.1888E-01  9.6634E-02
  1.2186E-01 -1.9337E-01  2.4595E+00  1.1851E-01  9.7542E-02
  1.1240E+00  8.3276E-02  2.1869E+00  1.1814E-01  9.8461E-02
  1.6270E+00  1.3724E-01  1.8271E+00  1.1776E-01  9.9393E-02
  1.6234E+00  1.7814E-01  1.8136E+00  1.1739E-01  1.0034E-01
  1.9442E-02 -7.0458E-03  2.4110E+00  1.1628E-01  1.0324E-01
  3.6396E-01  9.0187E-02  2.3718E+00  1.1591E-01  1.0424E-01
  1.4437E+00  1.0448E-01  1.9037E+00  1.1554E-01  1.0525E-01
 -1.9206E+00 -1.3831E-01 -1.4016E+00  1.1517E-01  1.0627E-01
  1.1287E+00  1.3796E-01  2.0927E+00  1.1517E-01  1.0627E-01
  4.6427E-02  1.1966E-01  2.3392E+00  1.1368E-01  1.1050E-01
  1.0320E+00  1.9339E-01  2.0834E+00  1.1331E-01  1.1159E-01
  9.9067E-01 -1.0245E-01  2.0991E+00  1.1293E-01  1.1270E-01
  6.2078E-01  1.9223E-01  2.2307E+00  1.1293E-01  1.1270E-01
 -2.7574E-01 -2.1756E-02  2.3069E+00  1.1293E-01  1.1270E-01
  1.5503E+00 -7.2369E-03  1.7175E+00  1.1256E-01  1.1382E-01
 -1.3771E+00  9.6234E-02  1.8327E+00  1.1182E-01  1.1612E-01
  1.2765E+00  1.6248E-01 -1.8880E+00  1.1144E-01  1.1729E-01
  1.1589E+00 -1.1647E-01  1.9433E+00  1.1070E-01  1.1968E-01
 -8.3843E-01  2.8116E-03  2.0739E+00  1.0957E-01  1.2339E-01
 -1.2298E+00 -1.6139E-01  1.8387E+00  1.0882E-01  1.2596E-01
  1.7372E+00 -1.1909E-01 -1.3584E+00  1.0845E-01  1.2727E-01
  1.1978E+00 -9.7168E-02  1.8529E+00  1.0845E-01  1.2727E-01
 -1.6958E+00  1.5895E-01  1.3908E+00  1.0808E-01  1.2859E-01
  1.7370E+00 -4.6446E-02 -1.3476E+00  1.0808E-01  1.2859E-01
 -6.3378E-01 -7.2003E-02  2.0847E+00  1.0733E-01  1.3131E-01
 -1.4644E+00  1.1976E-01 -1.5978E+00  1.0695E-01  1.3269E-01
  1.3695E+00 -1.1095E-01  1.6804E+00  1.0695E-01  1.3269E-01
 -9.8042E-01 -1.2941E-01 -1.8901E+00  1.0545E-01  1.3845E-01
 -1.0561E+00  1.1238E-01  1.8499E+00  1.0545E-01  1.3845E-01
 -1.2398E+00 -9.9872E-02 -1.7330E+00  1.0545E-01  1.3845E-01
  5.6381E-01  3.2611E-02  2.0570E+00  1.0545E-01  1.3845E-01
  9.2218E-01 -6.1812E-02  1.8915E+00  1.0432E-01  1.4299E-01
 -9.0830E-01 -1.3399E-01  1.8944E+00  1.0432E-01  1.4299E-01
  1.6672E+00 -1.0559E-01 -1.2658E+00  1.0394E-01  1.4454E-01
 -1.8180E+00 -9.1100E-02  1.0202E+00  1.0357E-01  1.4613E-01
 -9.1503E-01 -1.2082E-01 -1.8508E+00  1.0281E-01  1.4936E-01
  1.1447E+00  1.5106E-01 -1.7159E+00  1.0281E-01  1.4936E-01
 -5.7348E-01  2.8847E-02  1.9773E+00  1.0244E-01  1.5102E-01
 -1.5798E+00 -4.8981E-02 -1.3196E+00  1.0244E-01  1.5102E-01
  1.4936E+00  9.6348E-02 -1.4006E+00  1.0206E-01  1.5269E-01
  1.5406E+00 -1.8290E-02 -1.3521E+00  1.0206E-01  1.5269E-01
  6.2756E-01  1.0993E-01  1.9386E+00  1.0168E-01  1.5440E-01
 -1.8408E+00 -3.2822E-02 -8.5877E-01  1.0131E-01  1.5613E-01
  4.4497E-01  1.6523E-02  1.9821E+00  1.0131E-01  1.5613E-01
  9.9029E-01 -1.8482E-01  1.7536E+00  1.0093E-01  1.5789E-01
  1.4202E+00  1.0133E-01  1.4363E+00  1.0093E-01  1.5789E-01
  7.0727E-01  1.9052E-01 -1.8753E+00  1.0055E-01  1.5967E-01
  1.8690E+00  3.8855E-02  7.4733E-01  1.0055E-01  1.5967E-01
 -1.3847E+00  1.2913E-01  1.4432E+00  1.0017E-01  1.6148E-01
 -1.3588E+00  9.7088E-02 -1.4453E+00  9.9419E-02  1.6519E-01
  5.5107E-01  7.4320E-02  1.8973E+00  9.9041E-02  1.6709E-01
 -1.3355E+00 -5.9065E-02 -1.4444E+00  9.8663E-02  1.6902E-01
  6.7555E-01 -1.6602E-03  1.8485E+00  9.8663E-02  1.6902E-01
 -1.7296E+00 -1.3530E-01 -9.1001E-01  9.8285E-02  1.7098E-01
 -9.3465E-01  1.1549E-01  1.7077E+00  9.7907E-02  1.7297E-01
 -1.9065E-01  2.2263E-03  1.9318E+00  9.7529E-02  1.7499E-01
 -5.3187E-01  1.4642E-01 -1.8612E+00  9.7529E-02  1.7499E-01
 -1.5633E+00 -4.8869E-02 -1.1346E+00  9.7150E-02  1.7704E-01
  1.7505E+00  1.8613E-01 -7.9677E-01  9.7150E-02  1.7704E-01
  3.8291E-01  1.3609E-01  1.8800E+00  9.6772E-02  1.7912E-01
  2.0096E-01 -5.6126E-02  1.9031E+00  9.6393E-02  1.8124E-01
  6.4863E-01 -1.0674E-01  1.7981E+00  9.6393E-02  1.8124E-01
 -1.4450E+00 -1.0124E-01  1.2382E+00  9.6015E-02  1.8340E-01
 -1.3090E+00  1.2811E-01 -1.3668E+00  9.5636E-02  1.8558E-01
  1.1003E+00 -1.4103E-01 -1.5386E+00  9.5636E-02  1.8558E-01
 -1.6711E+00  7.5673E-02  8.9420E-01  9.5636E-02  1.8558E-01
 -5.5846E-01  1.4604E-01  1.7976E+00  9.5257E-02  1.8781E-01
 -3.8371E-01 -1.8719E-01 -1.8301E+00  9.4878E-02  1.9007E-01
 -5.7649E-01  7.2171E-02 -1.7872E+00  9.4878E-02  1.9007E-01
 -1.2505E+00  2.1307E-02 -1.3909E+00  9.4499E-02  1.9236E-01
  1.8447E+00 -1.3363E-01 -1.1503E-01  9.3741E-02  1.9707E-01
  1.0159E+00  9.7014E-02 -1.5363E+00  9.3361E-02  1.9948E-01
  1.8332E+00  2.1548E-02  9.2850E-02  9.2982E-02  2.0193E-01
  1.2222E+00 -1.7639E-01  1.3583E+00  9.2982E-02  2.0193E-01
 -5.2424E-01 -1.2794E-01 -1.7546E+00  9.2982E-02  2.0193E-01
  1.0195E+00  4.8627E-02  1.5154E+00  9.2603E-02  2.0443E-01
 -1.0881E+00 -3.7822E-02  1.4673E+00  9.2603E-02  2.0443E-01
  1.2626E+00 -3.9918E-02 -1.3081E+00  9.2223E-02  2.0696E-01
  1.8093E+00 -4.4451E-02  2.7960E-03  9.1844E-02  2.0954E-01
 -3.6322E-01 -1.6281E-01  1.7568E+00  9.1464E-02  2.1216E-01
 -1.6559E+00  1.6503E-01 -6.8968E-01  9.1464E-02  2.1216E-01
 -9.5745E-01 -1.0297E-03 -1.5258E+00  9.1464E-02  2.1216E-01
  1.5108E+00 -7.5513E-02 -9.6221E-01  9.1084E-02  2.1482E-01
  5.5401E-01 -1.3019E-01 -1.6911E+00  9.0704E-02  2.1753E-01
 -1.6673E+00  1.8213E-01 -5.8352E-01  9.0325E-02  2.2029E-01
  1.3016E+00  1.3858E-02 -1.2079E+00  9.0325E-02  2.2029E-01
  5.5049E-01 -3.8763E-02  1.6879E+00  9.0325E-02  2.2029E-01
 -6.4798E-01  2.7089E-03 -1.6533E+00  9.0325E-02  2.2029E-01
 -7.7456E-01 -1.8598E-01 -1.5871E+00  9.0325E-02  2.2029E-01
 -5.9326E-01  3.8160E-02 -1.6733E+00  9.0325E-02  2.2029E-01
 -1.7854E-01 -1.4616E-01 -1.7522E+00  8.9945E-02  2.2309E-01
  1.9115E-01 -1.5111E-01  1.7505E+00  8.9945E-02  2.2309E-01
 -1.6520E+00 -2.8447E-02  6.0305E-01  8.9565E-02  2.2594E-01
 -4.4256E-01 -1.5847E-01 -1.6949E+00  8.9565E-02  2.2594E-01
 -1.7599E-01  7.2473E-02  1.7486E+00  8.9565E-02  2.2594E-01
  1.4432E+00 -1.2143E-01 -9.9802E-01  8.9565E-02  2.2594E-01
 -1.5505E+00 -8.2378E-04  8.1244E-01  8.9185E-02  2.2884E-01
 -1.6680E+00  6.7854E-02  4.9821E-01  8.8805E-02  2.3179E-01
  1.6533E+00  4.3222E-02  5.4751E-01  8.8805E-02  2.3179E-01
  9.8110E-01  6.6259E-02  1.4178E+00  8.8044E-02  2.3785E-01
  1.6739E+00  1.1441E-02  3.8288E-01  8.7664E-02  2.4095E-01
  1.7060E+00 -5.4086E-02 -8.2521E-02  8.7284E-02  2.4412E-01
 -1.7057E+00  9.5118E-02  4.3534E-02  8.7284E-02  2.4412E-01
 -1.2298E+00 -2.7383E-02  1.1862E+00  8.7284E-02  2.4412E-01
 -9.8680E-01 -4.0033E-02 -1.3845E+00  8.6904E-02  2.4734E-01
 -1.6663E+00  8.8697E-02 -3.2803E-01  8.6904E-02  2.4734E-01
 -1.2061E+00 -3.6098E-02  1.1868E+00  8.6524E-02  2.5061E-01
  5.2179E-01  1.2011E-01 -1.6055E+00  8.6524E-02  2.5061E-01
  1.4071E+00 -5.6647E-02  9.3869E-01  8.6524E-02  2.5061E-01
 -7.4129E-01  1.4066E-01  1.5058E+00  8.6143E-02  2.5395E-01
  1.4768E+00 -1.4394E-01 -7.9686E-01  8.6143E-02  2.5395E-01
  1.5316E+00  1.4345E-01 -6.8587E-01  8.6143E-02  2.5395E-01
  1.6731E+00  1.5644E-01  1.1428E-01  8.6143E-02  2.5395E-01
  1.0771E+00  7.1824E-02 -1.2715E+00  8.5382E-02  2.6079E-01
 -1.4549E+00  3.8258E-02  8.1474E-01  8.5382E-02  2.6079E-01
  1.3376E+00  1.6164E-01 -9.6947E-01  8.5002E-02  2.6431E-01
 -1.0657E+00 -8.5127E-02  1.2697E+00  8.5002E-02  2.6431E-01
  1.2074E+00  9.7356E-02  1.1230E+00  8.4622E-02  2.6789E-01
 -9.8237E-01  1.4803E-01 -1.3196E+00  8.4622E-02  2.6789E-01
  1.6321E+00 -1.5890E-01 -1.1373E-01  8.4241E-02  2.7154E-01
 -1.1493E-01  1.5702E-01  1.6241E+00  8.3861E-02  2.7525E-01
 -1.2201E+00  3.2746E-02 -1.0770E+00  8.3480E-02  2.7903E-01
  1.5995E+00 -1.4433E-01  2.1145E-01  8.3100E-02  2.8288E-01
  1.3867E+00 -3.8111E-02  8.3629E-01  8.3100E-02  2.8288E-01
  4.1053E-01  1.1757E-01  1.5625E+00  8.3100E-02  2.8288E-01
  5.6593E-01  1.1773E-01  1.5047E+00  8.2719E-02  2.8681E-01
  1.1136E+00 -8.6216E-02  1.1512E+00  8.2338E-02  2.9080E-01
  2.8358E-01 -1.3930E-02  1.5787E+00  8.2338E-02  2.9080E-01
 -3.8800E-01 -2.3576E-03 -1.5483E+00  8.1958E-02  2.9487E-01
  1.5948E+00  4.1398E-02  5.2373E-02  8.1958E-02  2.9487E-01
  9.3011E-01  1.1020E-01  1.2925E+00  8.1958E-02  2.9487E-01
 -1.1058E+00  8.2030E-02 -1.1372E+00  8.1577E-02  2.9902E-01
 -1.4684E+00  1.6571E-01  5.6092E-01  8.1197E-02  3.0324E-01
 -7.8645E-01 -2.8202E-02  1.3529E+00  8.0435E-02  3.1193E-01
 -1.5060E+00  4.4078E-02  4.2382E-01  8.0435E-02  3.1193E-01
  8.7572E-01 -5.6344E-02 -1.2960E+00  8.0435E-02  3.1193E-01
  1.1519E+00 -1.2901E-01 -1.0517E+00  8.0435E-02  3.1193E-01
 -1.5090E+00  7.0180E-03  3.8522E-01  8.0055E-02  3.1640E-01
 -4.1191E-01  1.8332E-01  1.4907E+00  8.0055E-02  3.1640E-01
  1.2229E+00 -8.2939E-02  9.6082E-01  8.0055E-02  3.1640E-01
  1.4209E+00 -2.3202E-02 -6.1828E-01  7.9674E-02  3.2096E-01
  1.3633E+00  7.6249E-02  7.3316E-01  7.9674E-02  3.2096E-01
 -1.5118E+00  1.6116E-01  2.5838E-01  7.9293E-02  3.2561E-01
  3.7647E-01 -1.6503E-01  1.4864E+00  7.9293E-02  3.2561E-01
  1.1907E+00 -1.5774E-01 -9.6728E-01  7.9293E-02  3.2561E-01
 -5.3152E-01  1.3028E-01 -1.4337E+00  7.8913E-02  3.3034E-01
  1.3552E+00 -5.6071E-03 -7.2003E-01  7.8913E-02  3.3034E-01
  1.1649E+00  1.1215E-01  9.9265E-01  7.8913E-02  3.3034E-01
  3.7723E-02  1.8234E-01  1.5232E+00  7.8913E-02  3.3034E-01
 -4.2173E-01 -8.5715E-02 -1.4651E+00  7.8532E-02  3.3517E-01
 -9.4724E-01 -1.0446E-01  1.1932E+00  7.8532E-02  3.3517E-01
  4.9454E-03  1.8546E-01 -1.5157E+00  7.8532E-02  3.3517E-01
  1.4519E+00  1.6203E-01  3.9004E-01  7.7771E-02  3.4511E-01
  1.0011E+00 -1.8507E-01 -1.1078E+00  7.7390E-02  3.5022E-01
 -4.3414E-01  3.9967E-02  1.4401E+00  7.7390E-02  3.5022E-01
 -1.0320E-01 -7.5517E-02 -1.4917E+00  7.7010E-02  3.5544E-01
  8.5133E-01 -1.2772E-01 -1.2250E+00  7.7010E-02  3.5544E-01
 -1.4118E+00 -1.5787E-01 -4.4886E-01  7.6629E-02  3.6076E-01
  5.6184E-01 -6.2688E-02 -1.3784E+00  7.6629E-02  3.6076E-01
 -1.4180E+00  7.2857E-02  4.2650E-01  7.6248E-02  3.6619E-01
  9.9904E-01  1.6549E-01 -1.0727E+00  7.5868E-02  3.7173E-01
  1.0505E+00 -4.5590E-02  1.0347E+00  7.5868E-02  3.7173E-01
  6.8066E-01  6.7012E-02 -1.2989E+00  7.5487E-02  3.7739E-01
  9.3841E-01 -1.5783E-01  1.1177E+00  7.5487E-02  3.7739E-01
  1.2049E+00 -5.2923E-02  8.3685E-01  7.5487E-02  3.7739E-01
  1.0182E+00  3.2066E-02  1.0469E+00  7.5106E-02  3.8315E-01
 -1.4449E+00 -1.5392E-01 -3.7041E-02  7.4726E-02  3.8904E-01
  9.9771E-01 -8.7012E-02  1.0535E+00  7.4726E-02  3.8904E-01
  5.7694E-01 -9.7889E-02 -1.3306E+00  7.4726E-02  3.8904E-01
 -1.3853E+00  9.9974E-02 -4.0391E-01  7.4345E-02  3.9504E-01
  5.1127E-01 -1.7751E-01 -1.3413E+00  7.4345E-02  3.9504E-01
  1.2424E+00 -1.5096E-01 -7.1074E-01  7.3965E-02  4.0117E-01
  1.4059E+00 -1.8161E-01 -2.4926E-01  7.3965E-02  4.0117E-01
  1.0588E+00  1.7990E-02  9.7479E-01  7.3965E-02  4.0117E-01
  1.3921E+00  4.5902E-02 -3.0188E-01  7.3203E-02  4.1382E-01
  1.3948E+00  1.5917E-01 -2.4616E-01  7.3203E-02  4.1382E-01
  9.0186E-01  9.2774E-02 -1.0997E+00  7.3203E-02  4.1382E-01
  8.6231E-01  1.6324E-01 -1.1230E+00  7.3203E-02  4.1382E-01
 -7.0101E-01  9.1090E-02 -1.2376E+00  7.3203E-02  4.1382E-01
 -8.7335E-01  6.3304E-02 -1.1156E+00  7.2822E-02  4.2035E-01
  1.3691E+00  1.3907E-01  3.4301E-01  7.2822E-02  4.2035E-01
 -1.2902E+00  1.4963E-01 -5.5198E-01  7.2442E-02  4.2701E-01
 -2.9874E-01 -9.4644E-02  1.3761E+00  7.2442E-02  4.2701E-01
 -1.6793E-01  6.8023E-02  1.3927E+00  7.2061E-02  4.3381E-01
  9.1452E-01  1.6181E-01 -1.0535E+00  7.2061E-02  4.3381E-01
  5.4891E-01  6.9706E-02  1.2908E+00  7.2061E-02  4.3381E-01
  1.1621E+00  4.7677E-02  7.7479E-01  7.1680E-02  4.4076E-01
 -1.3175E+00  4.8418E-02 -4.6353E-01  7.1680E-02  4.4076E-01
  1.0427E+00  1.6465E-01  9.1583E-01  7.1680E-02  4.4076E-01
  1.3728E+00 -6.6950E-02 -2.1230E-01  7.1300E-02  4.4786E-01
 -1.3799E+00  6.0705E-02 -1.6205E-01  7.1300E-02  4.4786E-01
  8.2172E-01  1.9737E-02  1.1218E+00  7.1300E-02  4.4786E-01
  3.3027E-01  4.5772E-02 -1.3502E+00  7.1300E-02  4.4786E-01
  1.3903E+00 -3.3236E-02 -1.3664E-02  7.1300E-02  4.4786E-01
 -6.1678E-01 -1.5161E-01  1.2296E+00  7.0919E-02  4.5511E-01
 -2.9227E-01  1.2305E-01 -1.3471E+00  7.0919E-02  4.5511E-01
  1.3617E+00 -7.2169E-02  1.9290E-01  7.0538E-02  4.6253E-01
 -1.3727E+00 -7.5200E-02 -8.3068E-02  7.0538E-02  4.6253E-01
  1.3175E+00  1.4142E-01  3.7532E-01  7.0538E-02  4.6253E-01
  6.6280E-02 -1.6148E-02  1.3688E+00  7.0157E-02  4.7010E-01
 -1.3704E+00  1.4954E-03  1.6885E-02  7.0157E-02  4.7010E-01
 -1.2994E+00 -5.9948E-02 -4.3182E-01  7.0157E-02  4.7010E-01
 -4.7594E-01  2.2325E-02  1.2851E+00  7.0157E-02  4.7010E-01
  1.3346E+00 -7.9583E-02 -2.6965E-01  6.9776E-02  4.7784E-01
  9.0976E-01  1.6728E-02 -1.0160E+00  6.9776E-02  4.7784E-01
  1.3303E+00 -1.4863E-01 -2.6160E-01  6.9776E-02  4.7784E-01
  9.6486E-01 -6.6006E-02  9.5234E-01  6.9395E-02  4.8575E-01
 -1.0513E+00  1.7515E-01  8.4043E-01  6.9395E-02  4.8575E-01
  7.5893E-01  1.5171E-01 -1.1070E+00  6.9014E-02  4.9384E-01
 -9.6553E-01  2.3703E-02  9.4430E-01  6.9014E-02  4.9384E-01
 -1.1602E+00  6.3395E-02 -6.8873E-01  6.9014E-02  4.9384E-01
  1.3476E+00  8.1975E-02  4.2334E-02  6.9014E-02  4.9384E-01
  1.1418E+00  1.3118E-01 -7.0972E-01  6.9014E-02  4.9384E-01
  6.0787E-01  2.5484E-02  1.1987E+00  6.8633E-02  5.0211E-01
 -1.3320E+00 -1.2438E-01  4.5097E-04  6.8252E-02  5.1057E-01
 -9.5204E-01 -1.5612E-02  9.3969E-01  6.8252E-02  5.1057E-01
 -5.1976E-01 -5.2512E-02  1.2316E+00  6.8252E-02  5.1057E-01
  1.1646E+00  1.5730E-01  6.2572E-01  6.7871E-02  5.1923E-01
  1.0907E+00  1.4933E-01 -7.4873E-01  6.7871E-02  5.1923E-01
  1.0798E+00 -1.4728E-01  7.6481E-01  6.7871E-02  5.1923E-01
  8.1344E-01 -1.0976E-01 -1.0401E+00  6.7489E-02  5.2808E-01
  1.1291E+00  1.3786E-02  6.9325E-01  6.7489E-02  5.2808E-01
  9.3751E-01  3.8609E-02 -9.3551E-01  6.7489E-02  5.2808E-01
 -4.3041E-01  1.4808E-01  1.2444E+00  6.7489E-02  5.2808E-01
 -1.2393E+00 -1.0046E-01  4.5791E-01  6.7489E-02  5.2808E-01
  1.7437E-01  2.9468E-03  1.3135E+00  6.7489E-02  5.2808E-01
  1.1222E+00  1.6465E-01  6.8498E-01  6.7489E-02  5.2808E-01
 -1.2095E-01  1.8342E-01 -1.3002E+00  6.7108E-02  5.3713E-01
 -9.7682E-01  8.1373E-02 -8.8209E-01  6.7108E-02  5.3713E-01
  1.0894E+00 -8.4428E-03  7.3171E-01  6.6726E-02  5.4640E-01
  1.3066E+00  1.2710E-02 -1.2224E-01  6.6726E-02  5.4640E-01
  1.0495E+00  6.1177E-02  7.7519E-01  6.6345E-02  5.5588E-01
  2.5295E-01  5.5105E-02  1.2739E+00  6.5963E-02  5.6559E-01
  1.2376E+00  3.5133E-02 -3.7576E-01  6.5581E-02  5.7553E-01
  6.1436E-01 -1.3833E-01  1.1302E+00  6.5581E-02  5.7553E-01
 -1.2616E+00 -1.4067E-01 -2.5034E-01  6.5581E-02  5.7553E-01
  1.2935E+00 -3.9102E-03  2.8465E-02  6.5581E-02  5.7553E-01
  7.3214E-01 -3.6074E-02 -1.0588E+00  6.5199E-02  5.8571E-01
  4.0529E-01  1.6249E-01 -1.2115E+00  6.5199E-02  5.8571E-01
  7.3771E-01 -1.4910E-01  1.0449E+00  6.5199E-02  5.8571E-01
  6.8903E-01  9.3392E-02 -1.0767E+00  6.4817E-02  5.9614E-01
  1.0977E+00  7.0466E-02 -6.5794E-01  6.4817E-02  5.9614E-01
 -4.7889E-03  9.0016E-02  1.2786E+00  6.4817E-02  5.9614E-01
 -8.8668E-01  4.7420E-02  9.1600E-01  6.4434E-02  6.0681E-01
  5.3675E-01  1.1111E-02 -1.1573E+00  6.4434E-02  6.0681E-01
  4.1647E-01  1.6445E-01 -1.1882E+00  6.4051E-02  6.1776E-01
 -3.0175E-01 -1.1514E-01  1.2280E+00  6.4051E-02  6.1776E-01
 -9.1748E-01 -7.9050E-02 -8.6573E-01  6.3669E-02  6.2897E-01
 -1.2042E+00  2.2631E-02 -3.8320E-01  6.3669E-02  6.2897E-01
  4.6104E-01  1.7657E-01  1.1572E+00  6.3285E-02  6.4046E-01
 -2.8374E-03 -1.4527E-01 -1.2497E+00  6.3285E-02  6.4046E-01
  3.1930E-01 -1.1459E-01 -1.2115E+00  6.3285E-02  6.4046E-01
 -4.5461E-01  7.5072E-02 -1.1707E+00  6.3285E-02  6.4046E-01
 -9.3181E-01  9.4310E-02  8.3133E-01  6.2902E-02  6.5224E-01
 -8.9634E-01 -7.0331E-02 -8.6348E-01  6.2518E-02  6.6433E-01
 -1.1703E+00  9.2779E-02 -4.1932E-01  6.2518E-02  6.6433E-01
 -1.2254E+00 -1.4293E-01 -1.3378E-01  6.2134E-02  6.7672E-01
 -2.5988E-01  1.3708E-02 -1.2133E+00  6.2134E-02  6.7672E-01
  1.1597E+00  1.7395E-02 -4.2503E-01  6.1750E-02  6.8943E-01
 -3.7077E-01  1.7418E-01 -1.1654E+00  6.1750E-02  6.8943E-01
 -1.1539E+00  1.2647E-01  4.2239E-01  6.1750E-02  6.8943E-01
 -1.1894E+00  1.8619E-01  2.5074E-01  6.1365E-02  7.0248E-01
  1.1333E+00 -8.6351E-02 -4.6948E-01  6.1365E-02  7.0248E-01
 -4.4344E-01 -9.7802E-02 -1.1369E+00  6.0980E-02  7.1587E-01
 -1.1193E+00 -9.0732E-02  4.8752E-01  6.0980E-02  7.1587E-01
  1.2134E+00 -1.0838E-01 -3.4982E-02  6.0595E-02  7.2962E-01
  7.7030E-01  7.8387E-02 -9.3419E-01  6.0209E-02  7.4374E-01
  9.6987E-01  1.7390E-02 -7.2889E-01  6.0209E-02  7.4374E-01
 -1.0242E+00 -8.9288E-02  6.4447E-01  6.0209E-02  7.4374E-01
 -9.7516E-01 -1.3922E-01  6.9007E-01  5.9436E-02  7.7315E-01
 -8.9141E-01  1.0843E-01  8.0010E-01  5.9436E-02  7.7315E-01
 -1.1773E+00 -7.1908E-02 -2.3501E-01  5.9436E-02  7.7315E-01
 -5.3439E-01  1.4995E-01 -1.0670E+00  5.9436E-02  7.7315E-01
 -1.0303E+00 -8.0691E-02 -6.1521E-01  5.9436E-02  7.7315E-01
  6.2129E-01 -2.4822E-02  1.0234E+00  5.9048E-02  7.8847E-01
  9.6318E-01  1.3742E-01 -6.8919E-01  5.8660E-02  8.0422E-01
  1.0384E+00  1.4973E-01  5.6656E-01  5.8660E-02  8.0422E-01
 -6.0521E-01  1.1317E-01 -1.0210E+00  5.8660E-02  8.0422E-01
 -1.1005E+00 -8.8107E-02  4.3648E-01  5.8271E-02  8.2042E-01
  9.7567E-01 -1.4938E-01  6.5966E-01  5.8271E-02  8.2042E-01
 -1.1814E+00 -2.3759E-02  1.1436E-01  5.8271E-02  8.2042E-01
  1.1710E+00 -1.8828E-02  1.6042E-01  5.7882E-02  8.3709E-01
 -1.1807E+00  8.6488E-03 -5.6516E-02  5.7882E-02  8.3709E-01
  1.0158E+00  1.7337E-01  5.7919E-01  5.7882E-02  8.3709E-01
  7.0626E-01  3.0708E-02 -9.4121E-01  5.7492E-02  8.5424E-01
 -9.2181E-01  1.1201E-01 -7.2343E-01  5.7492E-02  8.5424E-01
  9.0703E-01  9.6635E-02  7.4403E-01  5.7492E-02  8.5424E-01
  1.1629E+00 -3.8308E-03 -1.8252E-01  5.7492E-02  8.5424E-01
  8.8385E-01 -1.0754E-01  7.6998E-01  5.7492E-02  8.5424E-01
 -2.7160E-01 -3.1863E-02  1.1398E+00  5.7101E-02  8.7190E-01
  1.1416E+00 -6.2426E-03  2.6591E-01  5.7101E-02  8.7190E-01
 -1.0425E-01  5.4133E-02 -1.1663E+00  5.7101E-02  8.7190E-01
 -1.0864E+00 -1.4437E-01 -4.1580E-01  5.7101E-02  8.7190E-01
  5.6640E-01 -1.8095E-01 -1.0045E+00  5.6710E-02  8.9009E-01
 -9.7322E-01 -1.0135E-01  6.3652E-01  5.6710E-02  8.9009E-01
 -5.3193E-01 -9.8040E-02 -1.0344E+00  5.6710E-02  8.9009E-01
  1.6728E-01 -5.2372E-02  1.1492E+00  5.6317E-02  9.0882E-01
  5.8127E-03  4.3122E-02  1.1617E+00  5.6317E-02  9.0882E-01
  1.1625E+00 -3.1264E-03  5.6476E-03  5.6317E-02  9.0882E-01
  5.2436E-01 -1.2401E-01 -1.0301E+00  5.6317E-02  9.0882E-01
 -9.3192E-01 -3.6725E-02  6.8592E-01  5.5924E-02  9.2814E-01
  1.1564E+00  1.9247E-02 -5.1459E-02  5.5924E-02  9.2814E-01
 -5.6415E-01  1.6146E-01 -9.9798E-01  5.5924E-02  9.2814E-01
  9.7500E-01  4.6866E-02  6.2248E-01  5.5924E-02  9.2814E-01
  1.1423E+00  8.3822E-02 -1.3229E-01  5.5530E-02  9.4805E-01
 -1.1237E+00 -1.2912E-01 -2.2384E-01  5.5530E-02  9.4805E-01
 -3.8128E-01 -1.7030E-01  1.0747E+00  5.5530E-02  9.4805E-01
  1.1460E+00 -9.0337E-02 -8.9818E-02  5.5530E-02  9.4805E-01
 -1.1180E+00  6.1157E-02  2.5516E-01  5.5134E-02  9.6859E-01
 -1.1170E+00  1.3907E-02 -2.6623E-01  5.5134E-02  9.6859E-01
  2.0288E-01 -1.0580E-01  1.1254E+00  5.5134E-02  9.6859E-01
  1.1131E-01 -5.7849E-02 -1.1415E+00  5.5134E-02  9.6859E-01
  6.2468E-01  2.1484E-02 -9.5791E-01  5.4738E-02  9.8980E-01
  3.3318E-01  2.4774E-03 -1.0942E+00  5.4738E-02  9.8980E-01
 -5.0035E-01 -5.3981E-02 -1.0221E+00  5.4340E-02  1.0117E+00
 -1.0842E+00 -1.2100E-01 -3.2828E-01  5.4340E-02  1.0117E+00
 -1.0924E+00 -3.1638E-02  3.2180E-01  5.4340E-02  1.0117E+00
 -1.5530E-01 -6.7014E-02  1.1222E+00  5.3941E-02  1.0343E+00
 -4.1719E-01 -1.7201E-01  1.0413E+00  5.3941E-02  1.0343E+00
  1.2889E-01 -5.2418E-02  1.1263E+00  5.3941E-02  1.0343E+00
  4.1245E-01  1.7761E-01  1.0422E+00  5.3941E-02  1.0343E+00
  8.3443E-01  1.1592E-02 -7.6906E-01  5.3941E-02  1.0343E+00
  4.7344E-01  3.4803E-02  1.0259E+00  5.3541E-02  1.0577E+00
 -8.0067E-01  6.5220E-02  7.9536E-01  5.3541E-02  1.0577E+00
 -3.3109E-01  1.5713E-01 -1.0694E+00  5.3541E-02  1.0577E+00
 -1.1014E+00  1.2045E-01  2.2418E-01  5.3541E-02  1.0577E+00
 -2.2658E-01  1.8204E-01 -1.0924E+00  5.3541E-02  1.0577E+00
 -9.0530E-01 -3.5899E-02 -6.7606E-01  5.3541E-02  1.0577E+00
  1.0586E+00 -1.6603E-01  3.4645E-01  5.3139E-02  1.0818E+00
  2.6274E-01 -1.1728E-01  1.0888E+00  5.3139E-02  1.0818E+00
 -1.0517E+00 -1.7985E-01  3.6007E-01  5.3139E-02  1.0818E+00
 -1.1186E+00 -5.3010E-02  1.1911E-01  5.3139E-02  1.0818E+00
 -9.4621E-01 -1.0906E-01 -6.0080E-01  5.3139E-02  1.0818E+00
 -2.7053E-01 -1.7778E-01  1.0742E+00  5.2736E-02  1.1068E+00
  6.6030E-02 -1.1602E-02 -1.1199E+00  5.2736E-02  1.1068E+00
 -6.0732E-01 -1.5529E-01 -9.3040E-01  5.2736E-02  1.1068E+00
  8.0718E-01  9.6040E-02  7.6710E-01  5.2331E-02  1.1327E+00
 -1.0110E+00 -2.3487E-02 -4.7602E-01  5.2331E-02  1.1327E+00
  9.0457E-01  5.9865E-03  6.5644E-01  5.2331E-02  1.1327E+00
 -9.4108E-01  1.5025E-01 -5.8396E-01  5.2331E-02  1.1327E+00
  1.2507E-01  7.0085E-02 -1.1043E+00  5.1925E-02  1.1595E+00
  1.0328E+00 -1.8365E-02 -4.0484E-01  5.1516E-02  1.1873E+00
  1.1068E+00  6.2708E-02 -4.5288E-02  5.1516E-02  1.1873E+00
 -8.7424E-01  1.8533E-01 -6.5752E-01  5.1516E-02  1.1873E+00
 -9.5713E-01  1.8312E-01 -5.2201E-01  5.1106E-02  1.2161E+00
  8.6037E-01 -3.3516E-03  6.9418E-01  5.1106E-02  1.2161E+00
  1.1016E+00 -5.5366E-02 -7.4884E-02  5.1106E-02  1.2161E+00
  7.3609E-01  1.6559E-01 -8.0263E-01  5.0694E-02  1.2461E+00
 -4.0070E-01 -1.6112E-02  1.0260E+00  5.0694E-02  1.2461E+00
  1.0097E+00 -3.9461E-02  4.3860E-01  5.0694E-02  1.2461E+00
 -7.5399E-01  5.1740E-02 -8.0142E-01  5.0694E-02  1.2461E+00
 -9.5955E-01 -1.6582E-01  5.0671E-01  5.0279E-02  1.2771E+00
  1.0327E+00  5.8747E-02 -3.6744E-01  5.0279E-02  1.2771E+00
 -3.3195E-01 -1.0264E-01  1.0373E+00  4.9863E-02  1.3094E+00
 -9.9756E-01 -1.1540E-01 -4.2438E-01  4.9444E-02  1.3430E+00
  6.5913E-01  1.3514E-01 -8.5316E-01  4.9022E-02  1.3780E+00
 -6.4102E-01  1.5130E-01  8.5967E-01  4.8597E-02  1.4144E+00
 -3.9171E-01 -1.1567E-01  1.0030E+00  4.8597E-02  1.4144E+00
 -7.9554E-01  1.0606E-01 -7.2711E-01  4.8597E-02  1.4144E+00
  9.7988E-01 -5.3854E-03  4.5281E-01  4.8170E-02  1.4524E+00
 -1.0734E+00 -6.2321E-02 -9.5915E-02  4.8170E-02  1.4524E+00
 -3.7872E-01 -1.6393E-02 -1.0107E+00  4.8170E-02  1.4524E+00
 -9.3648E-01  3.5140E-02 -5.2875E-01  4.7739E-02  1.4920E+00
 -1.0419E+00  1.0577E-01 -2.4695E-01  4.7739E-02  1.4920E+00
 -9.5567E-01 -1.1929E-01  4.7227E-01  4.7306E-02  1.5334E+00
  1.0605E+00 -1.5663E-01  3.6259E-02  4.7306E-02  1.5334E+00
 -7.9842E-01  8.7713E-02  7.1091E-01  4.7306E-02  1.5334E+00
  1.0649E+00  1.2844E-01  3.0852E-03  4.7306E-02  1.5334E+00
  6.9508E-01 -1.7988E-01  7.9247E-01  4.6868E-02  1.5768E+00
 -1.6960E-01  1.5708E-02  1.0557E+00  4.6868E-02  1.5768E+00
  9.5945E-01  5.1711E-02  4.6194E-01  4.6427E-02  1.6222E+00
  5.2418E-01  2.6322E-02 -9.2798E-01  4.6427E-02  1.6222E+00
  2.2795E-01 -1.2332E-01 -1.0341E+00  4.6427E-02  1.6222E+00
  5.5982E-01  1.0257E-01 -8.9775E-01  4.5982E-02  1.6697E+00
 -8.0827E-01  1.8150E-01 -6.6606E-01  4.5982E-02  1.6697E+00
 -5.9631E-01 -1.0160E-01 -8.7406E-01  4.5982E-02  1.6697E+00
  9.6794E-01 -5.7437E-02  4.3552E-01  4.5982E-02  1.6697E+00
 -9.4663E-01  1.3515E-01  4.5714E-01  4.5533E-02  1.7196E+00
  1.0581E+00 -6.0442E-02  8.6882E-03  4.5533E-02  1.7196E+00
  9.4589E-01  1.4403E-02 -4.7794E-01  4.5533E-02  1.7196E+00
  1.0389E+00  5.7050E-02  2.0215E-01  4.5533E-02  1.7196E+00
 -1.0496E+00 -4.0180E-02  1.4174E-01  4.5533E-02  1.7196E+00
 -8.5801E-01 -2.0682E-02 -6.2187E-01  4.5533E-02  1.7196E+00
  1.0340E+00  9.4424E-02 -2.1256E-01  4.5533E-02  1.7196E+00
 -8.1186E-01  1.3322E-01  6.6340E-01  4.5079E-02  1.7721E+00
 -6.0321E-01  1.2080E-02 -8.6773E-01  4.5079E-02  1.7721E+00
  1.3570E-01  8.8553E-02  1.0414E+00  4.4620E-02  1.8273E+00
  1.1819E-01  1.4793E-01 -1.0368E+00  4.4620E-02  1.8273E+00
  6.3556E-01  6.9458E-02  8.3425E-01  4.4156E-02  1.8855E+00
 -7.7152E-01  9.5014E-02  7.0744E-01  4.4156E-02  1.8855E+00
 -1.9861E-01  3.7636E-02 -1.0314E+00  4.4156E-02  1.8855E+00
 -1.0347E+00  1.5041E-01  1.0757E-01  4.4156E-02  1.8855E+00
  7.4356E-02 -8.6373E-02 -1.0449E+00  4.4156E-02  1.8855E+00
  8.6937E-01 -1.0451E-01 -5.8138E-01  4.4156E-02  1.8855E+00
 -1.0479E+00  2.5118E-02  1.4738E-02  4.3687E-02  1.9469E+00
  9.1723E-01 -1.5386E-01  4.8364E-01  4.3687E-02  1.9469E+00
 -1.0318E+00  1.3867E-01 -1.2295E-01  4.3687E-02  1.9469E+00
 -1.0411E+00 -7.7166E-02 -9.5225E-02  4.3687E-02  1.9469E+00
 -1.0360E+00 -1.3561E-01  3.8458E-02  4.3212E-02  2.0119E+00
  2.9026E-01  1.3991E-01 -9.9468E-01  4.3212E-02  2.0119E+00
  1.0789E-02  1.5481E-01 -1.0340E+00  4.3212E-02  2.0119E+00
 -8.6489E-01 -1.5572E-01  5.6651E-01  4.3212E-02  2.0119E+00
 -9.9067E-01  6.8985E-02 -3.1862E-01  4.2730E-02  2.0806E+00
  4.7133E-01  1.7073E-02 -9.3019E-01  4.2730E-02  2.0806E+00
  4.3777E-01 -2.4611E-02 -9.4628E-01  4.2730E-02  2.0806E+00
  5.8716E-01 -2.0956E-02 -8.6169E-01  4.2730E-02  2.0806E+00
 -1.0200E+00  8.0700E-02  1.8807E-01  4.2242E-02  2.1536E+00
 -4.2385E-01 -1.1897E-01 -9.4263E-01  4.2242E-02  2.1536E+00
 -1.0007E+00 -8.8113E-02  2.6066E-01  4.1747E-02  2.2312E+00
  4.2588E-01 -1.6299E-01 -9.3234E-01  4.1747E-02  2.2312E+00
  1.7986E-02 -1.4359E-01  1.0277E+00  4.1747E-02  2.2312E+00
  1.0875E-01  6.8679E-03 -1.0321E+00  4.1747E-02  2.2312E+00
 -3.0877E-01  1.3787E-01  9.8125E-01  4.1747E-02  2.2312E+00
  4.4959E-01 -1.4470E-01  9.2419E-01  4.1747E-02  2.2312E+00
  7.5217E-01 -1.1473E-01  7.0588E-01  4.1747E-02  2.2312E+00
  3.7991E-01  4.3504E-02  9.6227E-01  4.1244E-02  2.3138E+00
 -1.0306E+00 -9.1581E-02 -4.0924E-02  4.1244E-02  2.3138E+00
 -4.3327E-01  3.9967E-03  9.3789E-01  4.0733E-02  2.4020E+00
 -1.6023E-02 -8.3430E-02 -1.0296E+00  4.0733E-02  2.4020E+00
 -1.0186E+00  1.4517E-01 -6.4370E-02  4.0213E-02  2.4964E+00
 -4.0642E-01  1.5221E-01 -9.3508E-01  4.0213E-02  2.4964E+00
 -1.0199E+00  1.1080E-01 -1.0164E-01  4.0213E-02  2.4964E+00
  9.7592E-01  3.7020E-02 -3.3004E-01  4.0213E-02  2.4964E+00
 -8.8833E-01  1.3032E-01 -5.0656E-01  4.0213E-02  2.4964E+00
 -4.1025E-01 -1.3437E-01  9.3614E-01  4.0213E-02  2.4964E+00
  4.8533E-01  9.2814E-02 -9.0225E-01  3.9683E-02  2.5977E+00
  1.0031E+00  6.7026E-02 -2.1785E-01  3.9683E-02  2.5977E+00
 -2.9517E-01  5.7068E-02 -9.8379E-01  3.9683E-02  2.5977E+00
  9.2680E-01 -1.1766E-01 -4.3060E-01  3.9683E-02  2.5977E+00
  7.1019E-01 -5.6082E-02 -7.4209E-01  3.9683E-02  2.5977E+00
  9.7068E-01  3.1004E-02 -3.3918E-01  3.9683E-02  2.5977E+00
 -1.0092E+00  6.2921E-02  1.7739E-01  3.9143E-02  2.7067E+00
 -8.6543E-01  1.8125E-01  5.2161E-01  3.9143E-02  2.7067E+00
  6.9312E-01  1.7712E-01 -7.3628E-01  3.9143E-02  2.7067E+00
 -3.9514E-01  4.5971E-02  9.4639E-01  3.9143E-02  2.7067E+00
 -4.5579E-01 -2.5963E-02 -9.1950E-01  3.9143E-02  2.7067E+00
  9.9549E-01 -5.6199E-02  2.3579E-01  3.8592E-02  2.8243E+00
  3.0715E-01  1.0531E-01  9.7176E-01  3.8592E-02  2.8243E+00
 -6.8596E-01 -1.6007E-01  7.4403E-01  3.8592E-02  2.8243E+00
 -4.7805E-02 -1.3084E-01  1.0131E+00  3.8029E-02  2.9517E+00
  3.0768E-01  5.3354E-03 -9.7523E-01  3.8029E-02  2.9517E+00
  9.1929E-01  9.0433E-02 -4.3873E-01  3.8029E-02  2.9517E+00
 -7.6890E-02  2.3337E-02  1.0195E+00  3.8029E-02  2.9517E+00
 -8.3818E-01  1.2189E-01 -5.7303E-01  3.8029E-02  2.9517E+00
  4.5035E-01 -1.3065E-01  9.0878E-01  3.8029E-02  2.9517E+00
 -9.2448E-01  1.8377E-01 -3.9665E-01  3.8029E-02  2.9517E+00
 -5.3395E-01  1.7165E-01  8.5510E-01  3.8029E-02  2.9517E+00
 -9.0736E-01  6.0181E-02  4.6371E-01  3.7452E-02  3.0900E+00
 -7.2021E-03 -1.5793E-01 -1.0084E+00  3.7452E-02  3.0900E+00
  3.3180E-01  1.4927E-01 -9.5372E-01  3.7452E-02  3.0900E+00
  2.6216E-02  1.0628E-01  1.0131E+00  3.6862E-02  3.2409E+00
 -1.0186E+00  1.1793E-02  2.4234E-02  3.6862E-02  3.2409E+00
 -1.0114E+00  1.0349E-01  6.8347E-02  3.6862E-02  3.2409E+00
 -7.8072E-01  1.0516E-01 -6.4631E-01  3.6862E-02  3.2409E+00
 -3.2449E-02  1.7756E-01 -1.0011E+00  3.6256E-02  3.4062E+00
  9.6369E-01  1.2344E-01 -3.0148E-01  3.6256E-02  3.4062E+00
  1.6091E-01  9.3717E-02 -1.0001E+00  3.6256E-02  3.4062E+00
  4.0262E-01  1.4707E-01  9.2074E-01  3.5633E-02  3.5880E+00
 -4.1356E-01 -1.5317E-01  9.1488E-01  3.5633E-02  3.5880E+00
 -9.8981E-01 -3.7592E-02  2.2445E-01  3.5633E-02  3.5880E+00
 -5.0304E-01 -1.3690E-01  8.7162E-01  3.5633E-02  3.5880E+00
 -9.5883E-01  1.2501E-01  3.0559E-01  3.4991E-02  3.7890E+00
  6.4002E-02  1.2539E-03  1.0121E+00  3.4991E-02  3.7890E+00
 -4.6053E-01  8.0072E-02 -8.9992E-01  3.4991E-02  3.7890E+00
  6.2314E-01 -1.1585E-01 -7.9160E-01  3.4991E-02  3.7890E+00
 -4.2848E-01 -1.1400E-01 -9.1201E-01  3.4991E-02  3.7890E+00
  8.9015E-01 -4.3630E-03  4.8270E-01  3.4329E-02  4.0125E+00
 -7.7301E-01  1.6638E-01 -6.3257E-01  3.4329E-02  4.0125E+00
  8.8173E-01 -1.0279E-01 -4.8430E-01  3.3644E-02  4.2626E+00
 -7.9840E-01 -3.6251E-02  6.1952E-01  3.3644E-02  4.2626E+00
  4.0203E-01  1.2987E-01 -9.1873E-01  3.3644E-02  4.2626E+00
  8.7271E-01 -9.4406E-02 -5.0202E-01  3.3644E-02  4.2626E+00
 -5.2498E-01 -7.6054E-02  8.6092E-01  3.3644E-02  4.2626E+00
  1.0065E+00  6.5516E-02 -4.9849E-02  3.2934E-02  4.5444E+00
 -9.9427E-01  4.3517E-02 -1.7160E-01  3.2934E-02  4.5444E+00
  1.0271E-01  1.0301E-01  9.9814E-01  3.2195E-02  4.8645E+00
  8.1301E-01  1.5002E-01  5.7788E-01  3.2195E-02  4.8645E+00
 -2.1332E-03  3.0016E-02  1.0071E+00  3.1425E-02  5.2312E+00
  5.0776E-01  1.7902E-02  8.7005E-01  3.1425E-02  5.2312E+00
  2.9679E-01 -1.5640E-01 -9.5004E-01  3.1425E-02  5.2312E+00
  1.9313E-01  1.3559E-01 -9.7951E-01  3.1425E-02  5.2312E+00
 -3.5478E-01 -1.4272E-01 -9.3098E-01  3.0618E-02  5.6557E+00
 -2.8226E-01  6.3717E-03  9.6605E-01  3.0618E-02  5.6557E+00
  9.3967E-01  1.6022E-02 -3.6018E-01  3.0618E-02  5.6557E+00
 -9.8943E-01  1.0035E-01 -1.5470E-01  3.0618E-02  5.6557E+00
  8.0576E-01 -1.7274E-01  5.7610E-01  2.9770E-02  6.1530E+00
  9.8144E-01  5.8188E-02 -2.1066E-01  2.9770E-02  6.1530E+00
  8.7784E-01  1.4925E-01  4.6702E-01  2.9770E-02  6.1530E+00
 -8.3264E-01  1.5513E-01  5.4188E-01  2.9770E-02  6.1530E+00
 -9.4862E-01 -1.1650E-01  3.1230E-01  2.9770E-02  6.1530E+00
 -9.4891E-01 -7.9088E-02 -3.2013E-01  2.8874E-02  6.7438E+00
  5.0317E-02  5.0197E-02 -1.0021E+00  2.8874E-02  6.7438E+00
 -1.7327E-01 -1.4170E-01  9.7932E-01  2.8874E-02  6.7438E+00
 -2.0510E-01  3.2481E-02 -9.8203E-01  2.7921E-02  7.4574E+00
  9.8166E-01  6.2595E-02  1.9609E-01  2.6903E-02  8.3369E+00
 -8.7227E-01  1.0283E-01  4.8434E-01  2.6903E-02  8.3369E+00
 -3.3704E-01  3.0609E-02 -9.4419E-01  2.6903E-02  8.3369E+00
 -6.1847E-01  5.1902E-02  7.8792E-01  2.6903E-02  8.3369E+00
  9.3814E-01 -8.3360E-02  3.4298E-01  2.5804E-02  9.4481E+00
  6.0606E-01  1.0022E-01  7.9205E-01  2.5804E-02  9.4481E+00
 -8.5449E-01 -5.2056E-02 -5.2138E-01  2.5804E-02  9.4481E+00
  4.7703E-02 -1.1017E-01  9.9513E-01  2.5804E-02  9.4481E+00
  9.7283E-01 -9.9366E-03  2.3881E-01  2.4606E-02  1.0897E+01
  6.9738E-01  1.4770E-01  7.0384E-01  2.4606E-02  1.0897E+01
  5.6219E-01  1.7818E-01 -8.0977E-01  2.4606E-02  1.0897E+01
  5.2690E-01  9.8728E-02  8.4568E-01  2.3280E-02  1.2866E+01
  5.9386E-01  1.2959E-01 -7.9566E-01  2.3280E-02  1.2866E+01
 -8.5849E-02  1.0092E-01  9.9246E-01  2.3280E-02  1.2866E+01
  5.8423E-01  1.8311E-01 -7.9174E-01  2.1787E-02  1.5696E+01
 -7.7073E-01  3.9266E-02 -6.3729E-01  2.1787E-02  1.5696E+01
 -9.9791E-01  3.1781E-02 -6.9822E-02  2.1787E-02  1.5696E+01
  2.6916E-01 -1.4237E-01 -9.5341E-01  2.1787E-02  1.5696E+01
 -3.9910E-02 -9.3872E-02 -9.9564E-01  2.1787E-02  1.5696E+01
 -4.8663E-01 -9.7785E-02  8.6871E-01  2.0058E-02  2.0115E+01
 -5.6604E-01 -3.2260E-02 -8.2437E-01  2.0058E-02  2.0115E+01
  5.7548E-01 -1.0995E-01  8.1103E-01  2.0058E-02  2.0115E+01
  1.7648E-01 -1.1890E-01 -9.7763E-01  2.0058E-02  2.0115E+01
  7.6768E-01 -2.3658E-04 -6.4126E-01  1.7969E-02  2.7981E+01
  9.6925E-01 -1.5356E-01 -1.9369E-01  1.7969E-02  2.7981E+01
  8.8405E-01  1.2864E-01  4.4994E-01  1.7969E-02  2.7981E+01
