0.18995657142857D+02       602
(x,y,z) position of the X-ray source
 -0.7664E+00 -0.8524E-01 -0.1626E+01
x | y | z | R | rho
 -9.7323E-01  1.1365E-02  9.8615E+00  3.2049E-01  4.9312E-03
  1.0363E+00 -2.8944E-01  9.8141E+00  3.1968E-01  4.9687E-03
 -9.6599E-01  3.9779E-01  9.5977E+00  3.1481E-01  5.2029E-03
  1.6661E+00 -8.1842E-02  9.2751E+00  3.0964E-01  5.4682E-03
  4.3702E-01 -1.0647E-01  9.0254E+00  3.0084E-01  5.9621E-03
  1.1781E+00  1.9910E-02  8.8742E+00  2.9890E-01  6.0789E-03
  1.7325E+00  3.7742E-01  8.7254E+00  2.9779E-01  6.1472E-03
 -1.9987E+00 -2.3448E-01  8.3882E+00  2.9137E-01  6.5624E-03
  4.3013E-02  3.1910E-01  8.5961E+00  2.9081E-01  6.6004E-03
 -1.3204E+00  1.2229E-01  8.2190E+00  2.8433E-01  7.0621E-03
 -6.0971E-01  1.8505E-01  8.0840E+00  2.7922E-01  7.4574E-03
  5.0800E-01  9.9529E-03  8.0330E+00  2.7779E-01  7.5729E-03
 -1.6915E-02  2.3801E-01  7.9856E+00  2.7636E-01  7.6911E-03
  1.2287E+00  1.1894E-01  7.5417E+00  2.6800E-01  8.4331E-03
  1.8478E-01  1.6884E-01  7.6021E+00  2.6713E-01  8.5158E-03
  1.1527E+00  1.6621E-01  7.2146E+00  2.5984E-01  9.2535E-03
  1.4680E+00  2.0494E-01  7.1075E+00  2.5866E-01  9.3801E-03
  5.5884E-01 -1.5525E-01  7.2014E+00  2.5778E-01  9.4768E-03
 -1.2005E-01  1.6020E-01  6.9486E+00  2.5097E-01  1.0269E-02
  7.7215E-01 -1.6804E-01  6.6799E+00  2.4530E-01  1.0998E-02
 -8.3346E-01 -1.3190E-01  6.6256E+00  2.4410E-01  1.1162E-02
 -2.0051E+00  3.7132E-02  6.3214E+00  2.4289E-01  1.1328E-02
 -1.9046E+00 -6.0156E-02  6.1056E+00  2.3684E-01  1.2219E-02
 -6.6508E-01  1.0307E-01  6.1595E+00  2.3165E-01  1.3059E-02
 -1.3028E+00 -1.5634E-01  5.7917E+00  2.2487E-01  1.4277E-02
 -1.5381E+00 -1.6336E-01  5.6488E+00  2.2269E-01  1.4699E-02
  1.4634E+00 -2.5660E-01  5.3878E+00  2.1549E-01  1.6222E-02
  7.3002E-01 -1.6521E-01  5.4800E+00  2.1392E-01  1.6583E-02
  1.5297E-02  1.8354E-01  5.2962E+00  2.0757E-01  1.8151E-02
  1.4190E+00  2.0031E-01  5.0780E+00  2.0693E-01  1.8320E-02
 -7.4749E-01  2.8620E-01  5.1336E+00  2.0469E-01  1.8928E-02
  1.4911E+00  2.5709E-01  4.9464E+00  2.0405E-01  1.9107E-02
 -1.6300E+00  2.0982E-02  4.9090E+00  2.0405E-01  1.9107E-02
 -5.4398E-01  5.0324E-02  5.1089E+00  2.0309E-01  1.9380E-02
 -1.0614E+00  3.7032E-02  4.9801E+00  2.0180E-01  1.9753E-02
  1.8853E+00  2.7361E-01  4.6851E+00  2.0083E-01  2.0040E-02
 -1.7570E+00 -4.3069E-02  4.6445E+00  1.9825E-01  2.0834E-02
 -1.5012E+00  2.9094E-01  4.7125E+00  1.9792E-01  2.0937E-02
  1.7563E+00  4.8897E-02  4.4609E+00  1.9337E-01  2.2453E-02
  1.0553E+00  5.3830E-02  4.6649E+00  1.9304E-01  2.2567E-02
 -1.0157E+00 -1.1925E-01  4.6141E+00  1.9140E-01  2.3151E-02
 -9.7805E-01  1.6240E-01  4.6093E+00  1.9107E-01  2.3270E-02
 -8.4598E-01 -9.7045E-02  4.6025E+00  1.9009E-01  2.3634E-02
  1.8257E+00  9.1302E-03  4.2975E+00  1.8976E-01  2.3757E-02
  6.9911E-01 -5.6825E-03  4.5707E+00  1.8844E-01  2.4258E-02
 -7.4582E-01  2.5957E-01  4.4868E+00  1.8646E-01  2.5040E-02
 -1.5443E+00 -1.3678E-01  4.2598E+00  1.8580E-01  2.5308E-02
  5.9845E-01 -1.1163E-01  4.4351E+00  1.8414E-01  2.5998E-02
 -1.1268E+00  2.3367E-01  4.2328E+00  1.8148E-01  2.7159E-02
 -1.0825E+00 -8.6873E-02  4.2499E+00  1.8148E-01  2.7159E-02
  3.7732E-02 -2.2165E-01  4.3694E+00  1.8115E-01  2.7309E-02
 -7.1817E-02  8.1733E-02  4.3738E+00  1.8115E-01  2.7309E-02
 -2.4078E-01  1.0733E-01  4.3334E+00  1.8014E-01  2.7768E-02
  6.0000E-01 -4.2253E-02  4.2882E+00  1.7981E-01  2.7923E-02
 -1.0515E+00  3.2807E-02  4.0500E+00  1.7544E-01  3.0060E-02
 -3.9730E-01  1.3717E-01  4.1408E+00  1.7477E-01  3.0409E-02
 -1.5446E+00  6.9491E-02  3.7920E+00  1.7274E-01  3.1493E-02
  1.9322E+00 -2.1779E-01  3.5787E+00  1.7206E-01  3.1867E-02
 -1.7763E+00  1.7083E-01  3.6487E+00  1.7172E-01  3.2056E-02
 -1.3030E+00 -1.0080E-01  3.8104E+00  1.7071E-01  3.2633E-02
  3.0900E-01 -2.3705E-01  3.9314E+00  1.6832E-01  3.4039E-02
 -1.6894E+00  2.6663E-02  3.5221E+00  1.6695E-01  3.4882E-02
 -2.6996E-01  7.2944E-02  3.7527E+00  1.6249E-01  3.7837E-02
  1.0797E+00 -1.2150E-01  3.4540E+00  1.5799E-01  4.1163E-02
 -8.6166E-01  1.6601E-01  3.4119E+00  1.5486E-01  4.3715E-02
  8.6358E-01  2.3271E-01  3.3963E+00  1.5451E-01  4.4012E-02
  3.4668E-01  3.3488E-02  3.4948E+00  1.5451E-01  4.4012E-02
 -1.2862E-01 -1.1705E-01  3.4536E+00  1.5276E-01  4.5542E-02
  6.3930E-02  3.2269E-02  3.4573E+00  1.5276E-01  4.5542E-02
 -1.2456E+00  1.5012E-02  3.1564E+00  1.5065E-01  4.7481E-02
 -1.4249E+00 -2.3967E-01  3.0703E+00  1.5065E-01  4.7481E-02
 -2.7595E-01  2.0612E-01  3.3325E+00  1.4924E-01  4.8838E-02
  1.5429E-01  1.5666E-01  3.3001E+00  1.4783E-01  5.0252E-02
  1.0780E+00  6.7445E-02  3.0921E+00  1.4676E-01  5.1350E-02
  1.0094E-01  1.6428E-02  3.2310E+00  1.4535E-01  5.2868E-02
  1.8339E+00  6.1712E-02  2.6485E+00  1.4499E-01  5.3258E-02
  1.2923E-01  1.1564E-01  3.2067E+00  1.4464E-01  5.3651E-02
  1.5310E+00 -3.0921E-02  2.7380E+00  1.4214E-01  5.6525E-02
  7.0829E-01 -7.7754E-02  3.0117E+00  1.4071E-01  5.8265E-02
 -1.1514E+00 -2.0678E-01  2.8425E+00  1.4000E-01  5.9164E-02
 -3.1320E-01  1.8799E-02  3.0366E+00  1.3928E-01  6.0082E-02
  1.0332E+00 -1.7423E-01  2.8561E+00  1.3892E-01  6.0548E-02
 -1.6642E+00 -4.0327E-02  2.5087E+00  1.3784E-01  6.1979E-02
 -1.4021E-01 -1.5482E-01  2.9616E+00  1.3640E-01  6.3962E-02
  4.7494E-02  6.7829E-02  2.9365E+00  1.3532E-01  6.5509E-02
 -1.5450E+00  2.1514E-01  2.4770E+00  1.3496E-01  6.6036E-02
  1.1717E+00  3.6079E-02  2.6369E+00  1.3351E-01  6.8205E-02
  1.3503E+00 -6.8133E-02  2.5494E+00  1.3351E-01  6.8205E-02
  1.6621E+00  2.2405E-01  2.3357E+00  1.3315E-01  6.8763E-02
  1.1860E+00 -6.7560E-02  2.5958E+00  1.3243E-01  6.9898E-02
  1.3140E+00 -1.0211E-02  2.5343E+00  1.3243E-01  6.9898E-02
  2.5781E-03 -2.2356E-01  2.8149E+00  1.3134E-01  7.1651E-02
 -5.2062E-01 -9.1936E-02  2.7007E+00  1.2879E-01  7.5987E-02
  2.7692E-01 -7.1762E-02  2.7165E+00  1.2806E-01  7.7293E-02
 -1.5297E+00  6.9676E-03  2.2506E+00  1.2770E-01  7.7958E-02
 -1.5604E+00  8.3570E-02  2.2030E+00  1.2697E-01  7.9312E-02
 -1.7005E+00 -4.9545E-03  2.0984E+00  1.2697E-01  7.9312E-02
 -1.6351E+00  1.1091E-01  2.0956E+00  1.2550E-01  8.2120E-02
 -1.4444E+00 -9.4509E-02  2.1959E+00  1.2440E-01  8.4318E-02
  1.2223E+00 -7.2514E-02  2.3276E+00  1.2440E-01  8.4318E-02
 -4.5455E-01 -2.1560E-01  2.5712E+00  1.2403E-01  8.5069E-02
 -9.7590E-01  2.0686E-01  2.3681E+00  1.2220E-01  8.8967E-02
  1.6370E+00 -5.8306E-02 -1.8884E+00  1.1961E-01  9.4853E-02
  1.6979E+00  1.7860E-01  1.7988E+00  1.1888E-01  9.6634E-02
  6.2180E-01 -1.9165E-02  2.3803E+00  1.1814E-01  9.8461E-02
  1.6466E+00 -1.2307E-01 -1.8238E+00  1.1814E-01  9.8461E-02
 -1.8323E+00 -1.4232E-01  1.6058E+00  1.1739E-01  1.0034E-01
 -1.7667E+00 -1.0407E-01  1.6806E+00  1.1739E-01  1.0034E-01
 -1.8000E+00 -6.3988E-02 -1.6468E+00  1.1739E-01  1.0034E-01
 -1.5912E+00 -9.7187E-02 -1.8349E+00  1.1702E-01  1.0129E-01
 -2.0140E-01 -3.1385E-02  2.4221E+00  1.1702E-01  1.0129E-01
  1.5585E+00 -1.8444E-01 -1.8433E+00  1.1665E-01  1.0226E-01
  1.6168E+00 -2.1070E-02 -1.7885E+00  1.1628E-01  1.0324E-01
 -1.4671E+00  1.4521E-01  1.8830E+00  1.1554E-01  1.0525E-01
 -1.8052E+00 -1.5228E-01  1.5461E+00  1.1517E-01  1.0627E-01
  5.5581E-02  9.8957E-02  2.3400E+00  1.1368E-01  1.1050E-01
 -1.8732E+00 -1.4794E-01  1.3829E+00  1.1331E-01  1.1159E-01
  1.6541E+00 -1.4527E-01  1.6251E+00  1.1293E-01  1.1270E-01
  1.6171E+00 -2.4708E-02 -1.6410E+00  1.1219E-01  1.1496E-01
 -1.3775E+00 -8.6491E-02 -1.8208E+00  1.1144E-01  1.1729E-01
 -1.5271E+00 -1.8639E-01  1.6893E+00  1.1144E-01  1.1729E-01
  1.3812E+00  1.2071E-01  1.8040E+00  1.1107E-01  1.1847E-01
 -1.8500E+00 -1.9754E-01  1.3096E+00  1.1107E-01  1.1847E-01
 -1.8952E+00  8.3049E-02  1.2386E+00  1.1070E-01  1.1968E-01
 -8.8719E-01  4.2587E-02  2.0634E+00  1.0995E-01  1.2214E-01
  1.2746E+00 -5.7148E-02 -1.8490E+00  1.0995E-01  1.2214E-01
 -1.6584E+00 -5.6540E-02 -1.5002E+00  1.0957E-01  1.2339E-01
 -9.4285E-01  1.3705E-01  2.0239E+00  1.0957E-01  1.2339E-01
  1.6126E+00 -9.5179E-02  1.5198E+00  1.0882E-01  1.2596E-01
 -1.7896E+00 -6.2723E-02 -1.2925E+00  1.0845E-01  1.2727E-01
 -3.8219E-01 -2.5749E-04  2.1463E+00  1.0733E-01  1.3131E-01
 -1.1534E+00  9.0914E-02  1.8255E+00  1.0658E-01  1.3410E-01
 -1.1311E+00 -2.6456E-02  1.8304E+00  1.0620E-01  1.3553E-01
 -1.6275E+00 -1.2109E-02  1.4076E+00  1.0620E-01  1.3553E-01
  2.2065E-02  3.2222E-02  2.1515E+00  1.0620E-01  1.3553E-01
  6.7380E-01  1.8507E-01  2.0253E+00  1.0582E-01  1.3698E-01
  1.4902E+00  1.6825E-01 -1.5170E+00  1.0545E-01  1.3845E-01
  1.0229E+00 -8.4884E-02 -1.8593E+00  1.0507E-01  1.3994E-01
 -1.8550E+00 -1.7066E-02  1.0148E+00  1.0470E-01  1.4145E-01
  3.8668E-01  4.1566E-02  2.0595E+00  1.0394E-01  1.4454E-01
 -8.6896E-01 -9.7643E-02 -1.9048E+00  1.0394E-01  1.4454E-01
 -1.7429E+00 -1.3184E-01  1.1567E+00  1.0394E-01  1.4454E-01
 -1.5266E+00  4.9963E-02 -1.4217E+00  1.0357E-01  1.4613E-01
 -9.5944E-01 -1.8435E-01  1.8229E+00  1.0281E-01  1.4936E-01
  1.6580E+00 -1.9379E-01 -1.2053E+00  1.0244E-01  1.5102E-01
 -7.6056E-01 -1.8043E-01 -1.8949E+00  1.0206E-01  1.5269E-01
 -3.4130E-01 -2.5204E-02  2.0117E+00  1.0168E-01  1.5440E-01
  2.9838E-01  1.4973E-01  2.0039E+00  1.0131E-01  1.5613E-01
  1.7536E+00  1.1211E-01 -1.0194E+00  1.0131E-01  1.5613E-01
  1.7812E+00 -1.0215E-01 -9.5237E-01  1.0093E-01  1.5789E-01
  1.3969E+00  8.3491E-02  1.4474E+00  1.0055E-01  1.5967E-01
 -5.5353E-01  1.0556E-01  1.9045E+00  9.9419E-02  1.6519E-01
  1.7676E+00  9.0503E-02  8.8100E-01  9.9041E-02  1.6709E-01
  1.7212E+00 -1.2276E-01 -9.4644E-01  9.8663E-02  1.6902E-01
 -1.1484E+00  1.1109E-01  1.5944E+00  9.8663E-02  1.6902E-01
  5.5770E-01 -5.0681E-02  1.8680E+00  9.7907E-02  1.7297E-01
 -1.8488E+00  1.2074E-01  5.1664E-01  9.6772E-02  1.7912E-01
 -1.8667E+00  1.8914E-01 -4.2307E-01  9.6772E-02  1.7912E-01
  6.5498E-01 -1.5948E-01 -1.7825E+00  9.6015E-02  1.8340E-01
 -1.8273E+00  6.0391E-02 -5.0548E-01  9.5636E-02  1.8558E-01
 -9.5509E-01  5.5246E-02  1.6379E+00  9.5636E-02  1.8558E-01
 -7.1142E-01  9.6630E-02 -1.7557E+00  9.5636E-02  1.8558E-01
  1.4957E+00  7.1001E-02 -1.1500E+00  9.5257E-02  1.8781E-01
 -6.4276E-01 -3.4187E-02  1.7749E+00  9.5257E-02  1.8781E-01
  8.5858E-01 -5.7405E-02 -1.6707E+00  9.4878E-02  1.9007E-01
 -1.8602E+00  1.5575E-01  1.1943E-01  9.4499E-02  1.9236E-01
  7.3939E-01 -1.4639E-02 -1.6991E+00  9.3741E-02  1.9707E-01
  1.5872E+00 -4.7933E-02 -9.3826E-01  9.3361E-02  1.9948E-01
  1.7983E+00 -1.2967E-01  3.8867E-01  9.3361E-02  1.9948E-01
 -7.5175E-01 -5.7190E-02  1.6833E+00  9.3361E-02  1.9948E-01
 -6.6794E-01  2.7450E-02 -1.7097E+00  9.2982E-02  2.0193E-01
 -1.5449E+00  7.1564E-02 -9.8903E-01  9.2982E-02  2.0193E-01
  7.5729E-01  1.8302E-02 -1.6532E+00  9.2223E-02  2.0696E-01
 -4.3460E-01  4.2126E-02 -1.7653E+00  9.2223E-02  2.0696E-01
 -1.8090E+00 -1.8488E-01  9.5350E-03  9.2223E-02  2.0696E-01
  1.8064E+00 -1.1180E-01  1.7231E-02  9.1844E-02  2.0954E-01
 -1.6620E+00  1.7512E-02 -6.9443E-01  9.1464E-02  2.1216E-01
 -1.6417E+00 -1.3278E-01  7.2939E-01  9.1464E-02  2.1216E-01
 -1.3765E+00 -1.5808E-01  1.1377E+00  9.1084E-02  2.1482E-01
  1.7611E+00  1.5447E-01  2.4128E-01  9.0704E-02  2.1753E-01
 -1.6990E+00  1.3629E-01  4.6728E-01  8.9945E-02  2.2309E-01
  1.7599E+00  1.4292E-01 -7.5295E-02  8.9945E-02  2.2309E-01
  1.2244E+00  5.9364E-02  1.2731E+00  8.9945E-02  2.2309E-01
  4.8361E-01  3.4483E-02 -1.6995E+00  8.9945E-02  2.2309E-01
 -1.7457E+00  1.6969E-01  1.3164E-01  8.9565E-02  2.2594E-01
 -1.7329E+00  7.3071E-02  2.3676E-01  8.9185E-02  2.2884E-01
  2.2625E-01  4.9429E-02  1.7351E+00  8.9185E-02  2.2884E-01
  1.1355E+00  5.4951E-02  1.3201E+00  8.8805E-02  2.3179E-01
  1.4781E+00  1.8405E-02  9.2186E-01  8.8805E-02  2.3179E-01
  2.8470E-02  9.0717E-02 -1.7312E+00  8.8425E-02  2.3479E-01
 -1.8922E-01 -6.9479E-02 -1.7220E+00  8.8425E-02  2.3479E-01
  1.7181E+00 -3.7119E-02 -1.5438E-01  8.8044E-02  2.3785E-01
  1.6131E+00 -1.3247E-01  5.7352E-01  8.7664E-02  2.4095E-01
  1.7088E+00  1.4347E-02  9.4920E-03  8.7284E-02  2.4412E-01
  1.4606E+00  1.1841E-01 -8.6306E-01  8.6904E-02  2.4734E-01
  1.5340E+00 -1.1445E-01  7.2514E-01  8.6904E-02  2.4734E-01
 -7.5773E-01  4.7087E-02 -1.5126E+00  8.6524E-02  2.5061E-01
  4.7013E-01 -2.0568E-02 -1.6172E+00  8.6143E-02  2.5395E-01
  5.7714E-01  1.4484E-02 -1.5822E+00  8.6143E-02  2.5395E-01
 -1.4776E+00 -1.7282E-01 -7.7199E-01  8.5763E-02  2.5734E-01
 -1.3052E+00 -1.2051E-01 -1.0315E+00  8.5382E-02  2.6079E-01
  3.6151E-01 -1.0986E-02 -1.6200E+00  8.5002E-02  2.6431E-01
  1.0381E+00 -1.2482E-02  1.2951E+00  8.5002E-02  2.6431E-01
  1.6071E+00  3.1191E-02  3.8042E-01  8.4622E-02  2.6789E-01
  1.6479E+00 -7.8156E-02 -8.2710E-02  8.4622E-02  2.6789E-01
  8.8370E-01  9.6326E-03  1.3860E+00  8.4241E-02  2.7154E-01
  1.4154E+00  5.5850E-02  8.3396E-01  8.4241E-02  2.7154E-01
 -1.2575E+00 -1.5813E-01  1.0467E+00  8.4241E-02  2.7154E-01
  1.5207E+00  1.4716E-01  5.8439E-01  8.3861E-02  2.7525E-01
 -2.9995E-01  3.9814E-02 -1.5994E+00  8.3480E-02  2.7903E-01
 -9.4254E-01 -4.5594E-02  1.3263E+00  8.3480E-02  2.7903E-01
  9.6645E-01 -7.2215E-02 -1.3078E+00  8.3480E-02  2.7903E-01
 -3.1824E-01  1.4843E-01 -1.5813E+00  8.3100E-02  2.8288E-01
  8.1277E-01  4.7504E-02 -1.4004E+00  8.3100E-02  2.8288E-01
 -5.4814E-01 -6.7966E-02  1.5228E+00  8.3100E-02  2.8288E-01
  2.5145E-01  5.5095E-02 -1.5992E+00  8.3100E-02  2.8288E-01
  1.6586E-01  2.5506E-02 -1.6111E+00  8.3100E-02  2.8288E-01
 -1.5825E+00 -4.4253E-02 -3.4287E-01  8.3100E-02  2.8288E-01
 -8.2801E-02 -1.2604E-01 -1.6048E+00  8.2719E-02  2.8681E-01
  1.4766E+00 -1.6529E-01 -6.0444E-01  8.2338E-02  2.9080E-01
  9.8226E-01 -4.1561E-02  1.2674E+00  8.2338E-02  2.9080E-01
 -2.8813E-01  1.6776E-01 -1.5690E+00  8.2338E-02  2.9080E-01
 -1.0715E+00  1.3659E-01 -1.1752E+00  8.1958E-02  2.9487E-01
  1.5519E+00  1.6496E-01 -3.3475E-01  8.1958E-02  2.9487E-01
  2.2311E-01 -2.7018E-02 -1.5724E+00  8.1577E-02  2.9902E-01
  1.0979E+00 -1.2131E-01 -1.1414E+00  8.1577E-02  2.9902E-01
  1.4461E-01 -1.1101E-01  1.5779E+00  8.1577E-02  2.9902E-01
 -1.4636E+00 -1.0797E-01  6.0757E-01  8.1577E-02  2.9902E-01
  1.1589E+00  1.1548E-01 -1.0800E+00  8.1577E-02  2.9902E-01
  5.4138E-01 -1.8168E-01  1.4738E+00  8.1197E-02  3.0324E-01
  1.5360E+00 -1.2816E-01  3.5018E-01  8.1197E-02  3.0324E-01
  1.4776E+00  2.9006E-02  5.6036E-01  8.1197E-02  3.0324E-01
  1.5150E+00 -1.2798E-01  4.0278E-01  8.0816E-02  3.0755E-01
  2.4705E-01 -1.1758E-01  1.5332E+00  8.0055E-02  3.1640E-01
  1.2319E+00 -1.6078E-01 -9.3928E-01  8.0055E-02  3.1640E-01
 -1.5452E+00  3.6413E-02  1.9097E-01  8.0055E-02  3.1640E-01
 -3.3301E-01  7.2370E-02  1.5118E+00  7.9674E-02  3.2096E-01
  1.5489E+00  4.8082E-02  2.3227E-02  7.9674E-02  3.2096E-01
  1.4862E+00  1.5018E-02  4.1153E-01  7.9293E-02  3.2561E-01
  5.2194E-01  1.3628E-01  1.4366E+00  7.8913E-02  3.3034E-01
 -1.3770E+00  1.4424E-01 -6.4420E-01  7.8532E-02  3.3517E-01
 -7.4287E-01  1.7741E-01  1.3223E+00  7.8532E-02  3.3517E-01
 -1.9766E-01 -1.3961E-01  1.5077E+00  7.8532E-02  3.3517E-01
  1.1400E+00  1.0117E-01 -9.9956E-01  7.8152E-02  3.4009E-01
  6.1538E-01  9.5205E-02  1.3861E+00  7.8152E-02  3.4009E-01
  1.4950E+00 -1.0816E-01  1.9890E-01  7.7771E-02  3.4511E-01
  1.3824E+00 -1.6693E-01  5.8948E-01  7.7771E-02  3.4511E-01
 -1.0523E+00 -4.3471E-02 -1.0849E+00  7.7771E-02  3.4511E-01
 -2.7757E-01  2.8679E-02 -1.4785E+00  7.7390E-02  3.5022E-01
  1.4552E+00 -1.6742E-01  3.4374E-01  7.7390E-02  3.5022E-01
 -8.6188E-02 -1.5401E-01 -1.4942E+00  7.7390E-02  3.5022E-01
  1.0896E+00  1.7419E-01  1.0228E+00  7.7390E-02  3.5022E-01
  8.2055E-01  1.8171E-01 -1.2391E+00  7.7010E-02  3.5544E-01
  7.4438E-01 -1.4136E-01  1.2913E+00  7.7010E-02  3.5544E-01
 -1.2330E+00  1.5473E-01 -8.2185E-01  7.6629E-02  3.6076E-01
  1.1954E+00 -5.4334E-02  8.8747E-01  7.6629E-02  3.6076E-01
 -4.1016E-01  3.8725E-02  1.4241E+00  7.6248E-02  3.6619E-01
 -1.4527E+00 -1.8232E-01  2.3266E-01  7.6248E-02  3.6619E-01
 -1.4656E+00  1.5697E-01 -1.5882E-01  7.6248E-02  3.6619E-01
  1.2693E+00 -1.2067E-01  7.4200E-01  7.5868E-02  3.7173E-01
 -1.3766E+00 -6.7583E-02  5.2606E-01  7.5868E-02  3.7173E-01
  7.0647E-01  1.7939E-01 -1.2826E+00  7.5868E-02  3.7173E-01
  8.0674E-01 -1.8359E-01 -1.2213E+00  7.5868E-02  3.7173E-01
 -1.4631E+00 -1.1938E-01  2.7282E-03  7.5487E-02  3.7739E-01
  1.1654E+00 -3.2190E-02  8.9203E-01  7.5487E-02  3.7739E-01
  1.3644E+00  1.3788E-01  5.0313E-01  7.5106E-02  3.8315E-01
  1.3824E+00 -1.7809E-01  4.3708E-01  7.5106E-02  3.8315E-01
 -1.4598E+00  3.2090E-02  4.2525E-02  7.5106E-02  3.8315E-01
  1.0978E+00 -6.4883E-02 -9.6142E-01  7.5106E-02  3.8315E-01
 -7.3525E-01  1.2080E-01 -1.2480E+00  7.4726E-02  3.8904E-01
  1.2490E+00  1.4114E-01  7.1566E-01  7.4345E-02  3.9504E-01
  1.4105E+00  6.8036E-02  3.1319E-01  7.4345E-02  3.9504E-01
  1.4339E+00  1.7723E-01  6.8624E-02  7.4345E-02  3.9504E-01
  1.4369E+00 -7.6247E-02  3.3475E-02  7.3965E-02  4.0117E-01
 -1.4316E+00 -4.0451E-02 -1.1961E-02  7.3584E-02  4.0743E-01
 -8.1113E-01  7.2212E-02 -1.1782E+00  7.3584E-02  4.0743E-01
 -1.2358E+00  1.4391E-01  6.9529E-01  7.3203E-02  4.1382E-01
  9.3077E-01  2.4124E-02  1.0698E+00  7.2822E-02  4.2035E-01
  1.2908E+00  1.1115E-01 -5.7686E-01  7.2822E-02  4.2035E-01
  8.9367E-01  1.6666E-01 -1.0886E+00  7.2822E-02  4.2035E-01
 -7.1241E-01 -1.3865E-01  1.2185E+00  7.2822E-02  4.2035E-01
 -8.4290E-01  8.2030E-02  1.1290E+00  7.2442E-02  4.2701E-01
  1.3325E+00  8.7833E-02  4.5666E-01  7.2442E-02  4.2701E-01
 -2.9589E-01  8.7614E-02 -1.3772E+00  7.2442E-02  4.2701E-01
  1.3968E+00  1.6716E-01 -1.1335E-01  7.2442E-02  4.2701E-01
 -1.0090E+00 -2.4564E-02  9.8643E-01  7.2442E-02  4.2701E-01
 -1.2910E+00 -1.2980E-01  5.5526E-01  7.2442E-02  4.2701E-01
  5.4668E-01 -4.8731E-02  1.3002E+00  7.2442E-02  4.2701E-01
  1.3918E+00 -1.6654E-01  8.6976E-02  7.2061E-02  4.3381E-01
 -1.4002E+00  1.9590E-02  1.0707E-01  7.2061E-02  4.3381E-01
  1.3969E+00 -1.6133E-02  3.7986E-02  7.1680E-02  4.4076E-01
  9.5570E-01  1.5246E-01 -1.0082E+00  7.1680E-02  4.4076E-01
  1.1672E+00 -5.9673E-02  7.5382E-01  7.1300E-02  4.4786E-01
  5.8984E-01 -1.8553E-01 -1.2457E+00  7.1300E-02  4.4786E-01
  7.9612E-01  1.6802E-01 -1.1279E+00  7.1300E-02  4.4786E-01
  8.5408E-01  1.8086E-01 -1.0739E+00  7.0919E-02  4.5511E-01
 -2.1329E-01 -1.1440E-01 -1.3626E+00  7.0919E-02  4.5511E-01
  1.3490E+00  1.0996E-01  2.8908E-01  7.0919E-02  4.5511E-01
 -1.3084E+00  3.2821E-03 -4.5100E-01  7.0919E-02  4.5511E-01
  6.3180E-01 -1.8593E-01 -1.2172E+00  7.0919E-02  4.5511E-01
  8.2243E-01 -1.3218E-01 -1.0968E+00  7.0538E-02  4.6253E-01
  1.3724E+00  1.1084E-01 -3.1641E-02  7.0538E-02  4.6253E-01
  4.9900E-01  5.6324E-02 -1.2752E+00  7.0157E-02  4.7010E-01
 -1.2446E+00  5.2650E-02 -5.7148E-01  7.0157E-02  4.7010E-01
 -9.8256E-01 -5.0874E-02  9.5413E-01  7.0157E-02  4.7010E-01
 -1.2209E+00 -1.5441E-01 -5.8807E-01  6.9776E-02  4.7784E-01
  9.7508E-01 -2.3352E-04  9.4419E-01  6.9395E-02  4.8575E-01
  7.0459E-01 -1.1824E-01 -1.1541E+00  6.9395E-02  4.8575E-01
 -1.3451E+00  1.0033E-01 -1.5126E-01  6.9395E-02  4.8575E-01
  1.2747E+00  5.3288E-02 -4.4356E-01  6.9014E-02  4.9384E-01
  7.7882E-01  1.6788E-01 -1.0908E+00  6.9014E-02  4.9384E-01
 -5.2150E-01 -3.2301E-02  1.2456E+00  6.9014E-02  4.9384E-01
  1.3433E+00 -1.4600E-04 -1.4182E-01  6.9014E-02  4.9384E-01
 -1.2398E+00  1.0942E-01 -5.2493E-01  6.9014E-02  4.9384E-01
  5.6511E-01 -1.2115E-01 -1.2137E+00  6.8633E-02  5.0211E-01
  4.0380E-01  6.0499E-02  1.2807E+00  6.8633E-02  5.0211E-01
  1.0023E+00  1.0208E-01  8.8989E-01  6.8633E-02  5.0211E-01
  1.3194E+00 -8.4198E-02 -2.4320E-01  6.8633E-02  5.0211E-01
 -8.8772E-01 -1.0078E-01 -9.9571E-01  6.8252E-02  5.1057E-01
  1.4681E-01 -1.4184E-01 -1.3221E+00  6.8252E-02  5.1057E-01
  2.6274E-01  5.8712E-02 -1.3104E+00  6.8252E-02  5.1057E-01
  1.3364E+00  4.0397E-02 -4.6082E-02  6.8252E-02  5.1057E-01
 -4.4103E-01  5.8568E-02  1.2616E+00  6.8252E-02  5.1057E-01
 -4.3065E-01 -1.0071E-01 -1.2558E+00  6.7871E-02  5.1923E-01
  1.2801E+00  1.2857E-01 -3.4271E-01  6.7871E-02  5.1923E-01
  1.1937E+00 -2.5650E-02 -5.7440E-01  6.7489E-02  5.2808E-01
  1.2582E+00  5.0134E-02 -4.1221E-01  6.7489E-02  5.2808E-01
 -1.2809E+00  3.1352E-02 -3.3758E-01  6.7489E-02  5.2808E-01
  5.1895E-01  3.4599E-02 -1.2186E+00  6.7489E-02  5.2808E-01
  1.1253E+00  1.1537E-01  6.7769E-01  6.7108E-02  5.3713E-01
  4.6188E-01  3.1330E-02 -1.2347E+00  6.7108E-02  5.3713E-01
 -7.3124E-01 -2.5602E-03 -1.0898E+00  6.6726E-02  5.4640E-01
 -5.7045E-01 -1.2911E-02 -1.1819E+00  6.6726E-02  5.4640E-01
  1.2340E-03 -1.3168E-01 -1.3058E+00  6.6726E-02  5.4640E-01
 -9.9647E-01  1.4172E-01 -8.3248E-01  6.6345E-02  5.5588E-01
  1.1400E+00 -1.0136E-01 -6.2939E-01  6.6345E-02  5.5588E-01
  1.0889E+00 -7.0309E-02  7.1786E-01  6.6345E-02  5.5588E-01
 -1.1634E+00  5.7738E-03 -5.9363E-01  6.6345E-02  5.5588E-01
 -2.7796E-01  1.0176E-01  1.2722E+00  6.6345E-02  5.5588E-01
 -1.2242E+00 -9.2701E-02 -4.2727E-01  6.5963E-02  5.6559E-01
 -1.1761E-01  4.1574E-03  1.2946E+00  6.5963E-02  5.6559E-01
  1.2342E+00  1.2575E-01 -3.6739E-01  6.5581E-02  5.7553E-01
  1.2749E+00 -1.5079E-01 -1.6138E-01  6.5581E-02  5.7553E-01
 -1.0818E+00 -1.4787E-01 -6.8269E-01  6.5199E-02  5.8571E-01
  1.2598E+00 -2.8744E-02 -2.3450E-01  6.4817E-02  5.9614E-01
  8.0374E-01  9.7316E-02  9.9365E-01  6.4817E-02  5.9614E-01
  7.8135E-01 -9.7428E-02 -1.0113E+00  6.4817E-02  5.9614E-01
  3.8224E-01  2.1538E-02 -1.2169E+00  6.4434E-02  6.0681E-01
 -8.3253E-01 -5.9166E-02  9.6484E-01  6.4434E-02  6.0681E-01
 -1.1926E+00  1.0964E-01 -4.3966E-01  6.4434E-02  6.0681E-01
 -8.0957E-01 -1.6325E-01  9.6455E-01  6.4051E-02  6.1776E-01
  1.2341E-01  1.7807E-01 -1.2452E+00  6.3669E-02  6.2897E-01
 -1.2536E+00 -1.2686E-01 -9.8932E-02  6.3669E-02  6.2897E-01
  4.2576E-01 -2.8642E-02 -1.1897E+00  6.3669E-02  6.2897E-01
 -1.1506E+00  2.5013E-02  5.2257E-01  6.3669E-02  6.2897E-01
 -6.4685E-01  5.1967E-02 -1.0778E+00  6.3285E-02  6.4046E-01
  1.1618E+00 -1.5412E-01  4.5757E-01  6.3285E-02  6.4046E-01
 -1.2542E+00 -2.4048E-02  9.6440E-02  6.3285E-02  6.4046E-01
 -1.1696E+00  3.7908E-02 -4.6187E-01  6.3285E-02  6.4046E-01
 -8.3810E-01 -2.0434E-02  9.3030E-01  6.2902E-02  6.5224E-01
  4.9567E-01  1.7533E-01  1.1303E+00  6.2518E-02  6.6433E-01
  8.8675E-01  2.5091E-02 -8.7580E-01  6.2518E-02  6.6433E-01
 -1.2406E+00 -1.0773E-02  1.2199E-01  6.2518E-02  6.6433E-01
  1.1763E+00  6.4293E-02 -3.9001E-01  6.2134E-02  6.7672E-01
  1.2265E+00  1.4894E-01  1.1522E-01  6.2134E-02  6.7672E-01
 -6.7771E-01  1.6608E-01 -1.0193E+00  6.1750E-02  6.8943E-01
 -3.6140E-01  2.3232E-02  1.1752E+00  6.1365E-02  7.0248E-01
 -8.1176E-01 -9.1993E-02  9.1174E-01  6.0980E-02  7.1587E-01
 -9.5844E-01 -1.4345E-01 -7.3009E-01  6.0209E-02  7.4374E-01
 -1.2036E+00 -1.4083E-01  6.0845E-02  6.0209E-02  7.4374E-01
 -1.0244E+00 -1.4235E-01 -6.3441E-01  6.0209E-02  7.4374E-01
 -6.6234E-02 -1.6874E-01 -1.1997E+00  6.0209E-02  7.4374E-01
 -4.6862E-01 -1.7453E-01  1.1055E+00  6.0209E-02  7.4374E-01
 -9.6170E-01 -9.5571E-02 -7.2476E-01  5.9822E-02  7.5825E-01
  7.3329E-01  1.4043E-01 -9.4965E-01  5.9822E-02  7.5825E-01
  1.8113E-01 -1.7520E-01 -1.1760E+00  5.9436E-02  7.7315E-01
 -2.4914E-01 -3.9634E-02 -1.1706E+00  5.9048E-02  7.8847E-01
  1.1796E+00 -1.4225E-02 -2.0574E-01  5.9048E-02  7.8847E-01
 -6.4221E-01 -8.4411E-02 -1.0072E+00  5.9048E-02  7.8847E-01
 -1.6636E-01  5.9686E-02  1.1844E+00  5.9048E-02  7.8847E-01
 -4.5643E-01  8.3951E-02 -1.0983E+00  5.8660E-02  8.0422E-01
 -5.2063E-01  1.3739E-01 -1.0638E+00  5.8660E-02  8.0422E-01
 -9.7597E-01 -1.7031E-01 -6.6337E-01  5.8660E-02  8.0422E-01
  6.6893E-01  3.2807E-02 -9.8024E-01  5.8271E-02  8.2042E-01
  5.4438E-01 -1.0605E-01  1.0497E+00  5.8271E-02  8.2042E-01
 -9.0835E-01 -1.3471E-01  7.4443E-01  5.7882E-02  8.3709E-01
  5.6402E-01  1.7429E-02 -1.0387E+00  5.7882E-02  8.3709E-01
 -9.3062E-01  1.2320E-01  7.1846E-01  5.7882E-02  8.3709E-01
 -9.4941E-01  1.7630E-02 -6.9566E-01  5.7492E-02  8.5424E-01
 -9.7703E-01 -7.5688E-02 -6.5215E-01  5.7492E-02  8.5424E-01
 -1.1319E+00 -1.1885E-01  3.0066E-01  5.7492E-02  8.5424E-01
  1.1435E+00  9.4942E-02 -2.3935E-01  5.7101E-02  8.7190E-01
 -1.0219E+00  7.4262E-02 -5.6947E-01  5.7101E-02  8.7190E-01
  7.3951E-01 -1.6846E-01  8.9373E-01  5.7101E-02  8.7190E-01
 -7.6968E-01  1.5637E-02 -8.7745E-01  5.6710E-02  8.9009E-01
 -9.6621E-01  5.3195E-04 -6.5499E-01  5.6710E-02  8.9009E-01
 -1.9140E-01  4.8058E-02  1.1505E+00  5.6710E-02  8.9009E-01
  7.9125E-01 -1.4402E-01  8.4603E-01  5.6710E-02  8.9009E-01
  4.7458E-02  2.2187E-02  1.1661E+00  5.6710E-02  8.9009E-01
  1.0339E+00 -3.1252E-02 -5.4098E-01  5.6710E-02  8.9009E-01
 -8.0710E-01 -8.1359E-02 -8.3266E-01  5.6317E-02  9.0882E-01
  1.5334E-01  3.3537E-02 -1.1518E+00  5.6317E-02  9.0882E-01
 -6.9212E-01  1.1096E-01  9.2139E-01  5.5924E-02  9.2814E-01
  2.6343E-01  1.2538E-01 -1.1204E+00  5.5924E-02  9.2814E-01
  1.1146E-03 -5.7428E-02 -1.1563E+00  5.5924E-02  9.2814E-01
 -8.8794E-01 -1.5190E-01  7.1968E-01  5.5530E-02  9.4805E-01
 -3.6616E-01  5.5876E-02 -1.0919E+00  5.5530E-02  9.4805E-01
  1.1380E+00 -1.7914E-01 -4.7969E-02  5.5530E-02  9.4805E-01
  6.5355E-01 -1.5631E-01  9.3695E-01  5.5530E-02  9.4805E-01
  2.2623E-01  1.7320E-01 -1.1125E+00  5.5134E-02  9.6859E-01
  1.1412E+00 -8.9033E-03 -1.2758E-01  5.5134E-02  9.6859E-01
  6.6890E-01  1.2240E-01  9.2540E-01  5.5134E-02  9.6859E-01
 -9.3628E-01  1.2316E-01 -6.5344E-01  5.5134E-02  9.6859E-01
 -2.4670E-01  1.7551E-01 -1.1030E+00  5.4738E-02  9.8980E-01
 -6.5108E-01  1.4056E-01  9.2985E-01  5.4738E-02  9.8980E-01
 -5.9677E-02  1.3810E-01 -1.1339E+00  5.4738E-02  9.8980E-01
 -7.9134E-01 -1.7914E-01 -8.0620E-01  5.4738E-02  9.8980E-01
 -1.1459E-01  1.2428E-01  1.1312E+00  5.4738E-02  9.8980E-01
 -4.8023E-01 -5.1226E-02  1.0319E+00  5.4340E-02  1.0117E+00
 -3.1714E-01  1.1163E-01 -1.0839E+00  5.3941E-02  1.0343E+00
 -7.7228E-01  1.1588E-01  8.2341E-01  5.3941E-02  1.0343E+00
  1.1308E+00  9.2399E-02  2.6778E-02  5.3941E-02  1.0343E+00
 -7.3551E-01 -1.7549E-01  8.4033E-01  5.3541E-02  1.0577E+00
  6.2390E-01  1.2320E-01  9.3460E-01  5.3541E-02  1.0577E+00
 -5.5280E-01  3.6550E-02 -9.8539E-01  5.3541E-02  1.0577E+00
 -9.8901E-01 -1.2366E-01  5.3336E-01  5.3541E-02  1.0577E+00
  1.0389E+00  1.5202E-01 -4.1888E-01  5.3541E-02  1.0577E+00
 -5.8464E-01 -1.9694E-02 -9.6733E-01  5.3541E-02  1.0577E+00
 -9.7688E-01  1.5090E-01 -5.3954E-01  5.3139E-02  1.0818E+00
 -2.0403E-01 -5.2309E-02  1.1063E+00  5.3139E-02  1.0818E+00
  1.9834E-02  4.5019E-02  1.1251E+00  5.3139E-02  1.0818E+00
  7.3682E-01 -8.8086E-02  8.4706E-01  5.3139E-02  1.0818E+00
  2.5479E-01  8.5606E-02  1.0892E+00  5.2736E-02  1.1068E+00
 -9.8591E-01  1.7902E-02  5.2618E-01  5.2331E-02  1.1327E+00
 -2.6811E-01  1.8583E-01 -1.0690E+00  5.2331E-02  1.1327E+00
  8.8114E-01  7.8989E-02 -6.8305E-01  5.2331E-02  1.1327E+00
 -1.1580E-01  1.3847E-01  1.1030E+00  5.2331E-02  1.1327E+00
  1.0263E+00 -1.0275E-01 -4.3050E-01  5.2331E-02  1.1327E+00
 -5.4481E-01 -3.2555E-02 -9.6597E-01  5.1516E-02  1.1873E+00
  7.4105E-01  1.7076E-01  8.0787E-01  5.1516E-02  1.1873E+00
  8.9375E-01  1.1045E-01  6.4120E-01  5.1106E-02  1.2161E+00
  3.8571E-01  4.8625E-02  1.0307E+00  5.0694E-02  1.2461E+00
  1.0825E+00 -2.9176E-02 -2.0192E-01  5.0694E-02  1.2461E+00
 -1.0579E+00 -1.1282E-01 -2.7049E-01  5.0279E-02  1.2771E+00
 -1.0414E+00  1.0342E-01  3.3143E-01  5.0279E-02  1.2771E+00
  1.0873E+00 -1.3678E-01 -6.2919E-02  5.0279E-02  1.2771E+00
 -5.0692E-01 -1.7387E-01  9.5801E-01  5.0279E-02  1.2771E+00
 -1.0487E+00 -5.9571E-02  3.1878E-01  5.0279E-02  1.2771E+00
 -9.2402E-01  1.8330E-02  5.9231E-01  5.0279E-02  1.2771E+00
  9.2262E-01  3.4594E-02  5.8672E-01  4.9863E-02  1.3094E+00
 -1.0842E+00  1.2483E-01  7.4865E-02  4.9863E-02  1.3094E+00
  9.5954E-01  2.1599E-02 -5.2488E-01  4.9863E-02  1.3094E+00
  2.1094E-01 -6.8652E-02 -1.0712E+00  4.9863E-02  1.3094E+00
  3.4805E-01  8.3919E-02 -1.0297E+00  4.9444E-02  1.3430E+00
 -8.9452E-01  1.9745E-02 -6.2288E-01  4.9444E-02  1.3430E+00
  1.4195E-01 -1.3432E-01  1.0725E+00  4.9444E-02  1.3430E+00
 -1.0702E+00  1.8233E-01  1.0033E-01  4.9444E-02  1.3430E+00
 -1.0586E+00 -5.3037E-02 -2.5509E-01  4.9444E-02  1.3430E+00
 -2.4173E-01  1.2355E-01 -1.0559E+00  4.9444E-02  1.3430E+00
 -4.5754E-01  1.9577E-02 -9.8935E-01  4.9444E-02  1.3430E+00
 -6.7341E-01  2.6771E-02 -8.5694E-01  4.9444E-02  1.3430E+00
  7.1463E-01 -1.1950E-03  8.2332E-01  4.9444E-02  1.3430E+00
 -4.5236E-01  1.1545E-02 -9.8784E-01  4.9022E-02  1.3780E+00
  4.9147E-01 -1.5828E-01 -9.5603E-01  4.9022E-02  1.3780E+00
  2.4647E-01  9.6556E-02 -1.0501E+00  4.8597E-02  1.4144E+00
  8.4936E-01  1.8129E-01  6.4106E-01  4.8170E-02  1.4524E+00
  1.0713E+00  1.8917E-02 -1.3126E-01  4.8170E-02  1.4524E+00
 -5.1657E-01 -5.8685E-02 -9.4208E-01  4.7739E-02  1.4920E+00
  7.9908E-01  7.1263E-02 -7.1201E-01  4.7306E-02  1.5334E+00
 -4.4739E-01 -1.7937E-01 -9.5825E-01  4.7306E-02  1.5334E+00
 -1.0721E+00  4.4356E-03  3.4807E-02  4.7306E-02  1.5334E+00
 -9.7463E-01  6.9431E-02 -4.4253E-01  4.7306E-02  1.5334E+00
  4.7948E-01  1.1493E-01 -9.4888E-01  4.6868E-02  1.5768E+00
  1.5163E-01  1.2498E-01  1.0511E+00  4.6868E-02  1.5768E+00
  5.5237E-02  1.8363E-01 -1.0487E+00  4.6427E-02  1.6222E+00
 -1.0408E+00 -7.4925E-02  2.1861E-01  4.6427E-02  1.6222E+00
  5.2160E-02 -9.1521E-02 -1.0577E+00  4.5982E-02  1.6697E+00
  4.0436E-01  1.5531E-01  9.7070E-01  4.5982E-02  1.6697E+00
 -4.5817E-01 -8.9980E-02 -9.5491E-01  4.5982E-02  1.6697E+00
 -2.0160E-02 -6.7947E-02 -1.0575E+00  4.5533E-02  1.7196E+00
 -7.4430E-01 -1.6075E-01 -7.3724E-01  4.5533E-02  1.7196E+00
  6.3240E-01  1.5279E-01 -8.3670E-01  4.5533E-02  1.7196E+00
  1.6506E-01  4.3728E-03  1.0469E+00  4.5533E-02  1.7196E+00
 -8.4225E-01  1.1300E-01 -6.3339E-01  4.5533E-02  1.7196E+00
 -4.7012E-01  3.6450E-02  9.4921E-01  4.5533E-02  1.7196E+00
  1.0249E+00 -1.1656E-01  2.3001E-01  4.5079E-02  1.7721E+00
 -7.7366E-02  1.8144E-01  1.0383E+00  4.5079E-02  1.7721E+00
  1.0568E+00 -3.6708E-04  1.4102E-02  4.5079E-02  1.7721E+00
  9.9673E-01 -1.7704E-01  3.0357E-01  4.5079E-02  1.7721E+00
 -2.5362E-01  1.0701E-01  1.0204E+00  4.5079E-02  1.7721E+00
  8.0177E-01 -3.8533E-02 -6.8750E-01  4.5079E-02  1.7721E+00
 -1.0156E+00  1.4875E-01  2.3930E-01  4.4620E-02  1.8273E+00
  7.7430E-01  6.6932E-02 -7.1186E-01  4.4620E-02  1.8273E+00
 -3.3367E-02  1.2040E-01  1.0436E+00  4.4156E-02  1.8855E+00
 -7.1655E-01  2.1629E-02  7.6866E-01  4.4156E-02  1.8855E+00
 -2.6475E-01  2.5859E-03  1.0143E+00  4.3687E-02  1.9469E+00
 -8.3400E-01  1.0836E-01  6.2577E-01  4.3687E-02  1.9469E+00
 -4.5973E-01  9.3891E-02 -9.3437E-01  4.3212E-02  2.0119E+00
  8.0587E-02  2.9153E-02  1.0420E+00  4.3212E-02  2.0119E+00
  8.9125E-01  7.0939E-02 -5.4208E-01  4.3212E-02  2.0119E+00
 -6.8623E-01  1.4286E-01  7.7582E-01  4.3212E-02  2.0119E+00
  7.5866E-01 -2.4378E-03  7.1947E-01  4.3212E-02  2.0119E+00
 -2.8875E-01 -5.3622E-03  1.0021E+00  4.2730E-02  2.0806E+00
 -6.7049E-01 -6.3798E-02  7.9629E-01  4.2730E-02  2.0806E+00
 -1.0065E+00 -1.1385E-01  2.4830E-01  4.2730E-02  2.0806E+00
 -2.5312E-01 -3.4921E-02  1.0111E+00  4.2730E-02  2.0806E+00
 -5.5405E-03 -1.2305E-01  1.0356E+00  4.2730E-02  2.0806E+00
 -1.5569E-01  1.6669E-01 -1.0177E+00  4.2730E-02  2.0806E+00
  1.0427E+00  2.1511E-03  2.0751E-02  4.2730E-02  2.0806E+00
 -8.1636E-01  1.2524E-01 -6.3684E-01  4.2730E-02  2.0806E+00
  1.0011E+00 -5.1938E-02  2.7824E-01  4.2242E-02  2.1536E+00
  1.0312E+00 -6.4956E-02  1.2194E-01  4.2242E-02  2.1536E+00
 -8.1737E-01 -1.2822E-01  6.2662E-01  4.1747E-02  2.2312E+00
  8.8034E-01  7.0115E-02 -5.4524E-01  4.1747E-02  2.2312E+00
 -2.2221E-01 -7.1297E-02  1.0113E+00  4.1747E-02  2.2312E+00
  9.0940E-01  1.6554E-01  4.6666E-01  4.1244E-02  2.3138E+00
  8.1936E-01 -7.2366E-02 -6.2897E-01  4.1244E-02  2.3138E+00
 -6.0678E-01  7.9189E-02  8.3241E-01  4.0733E-02  2.4020E+00
  4.5186E-01  1.8881E-02 -9.2889E-01  4.0733E-02  2.4020E+00
 -9.8881E-02  1.1749E-01  1.0217E+00  4.0733E-02  2.4020E+00
  9.1922E-01  4.2997E-02  4.6963E-01  4.0733E-02  2.4020E+00
  4.5566E-01  2.0775E-02  9.2447E-01  4.0213E-02  2.4964E+00
  1.0178E+00 -7.8952E-02 -1.4346E-01  4.0213E-02  2.4964E+00
 -1.0183E+00  1.7888E-02  1.5944E-01  4.0213E-02  2.4964E+00
  2.0209E-01 -6.2750E-02 -1.0089E+00  4.0213E-02  2.4964E+00
  9.9922E-01  1.6847E-01 -1.7718E-01  3.9683E-02  2.5977E+00
 -9.8892E-01  6.8771E-02  2.7483E-01  3.9683E-02  2.5977E+00
  7.4204E-01  5.8009E-02  7.1010E-01  3.9683E-02  2.5977E+00
  3.5306E-01 -9.2027E-02 -9.6182E-01  3.9683E-02  2.5977E+00
  6.0586E-01  1.5594E-01  8.1395E-01  3.9143E-02  2.7067E+00
  8.4452E-01  9.1188E-02 -5.7652E-01  3.9143E-02  2.7067E+00
 -2.3573E-01 -1.2263E-01 -9.8952E-01  3.8592E-02  2.8243E+00
 -8.3980E-01 -9.8253E-02  5.7519E-01  3.8029E-02  2.9517E+00
 -1.0030E+00 -1.7878E-01  8.7790E-02  3.8029E-02  2.9517E+00
  1.7696E-01 -1.1429E-01 -1.0007E+00  3.8029E-02  2.9517E+00
  9.1121E-01  9.5622E-02  4.5000E-01  3.7452E-02  3.0900E+00
  7.6146E-01 -3.5235E-02  6.7889E-01  3.7452E-02  3.0900E+00
 -9.0496E-01  5.5513E-02  4.6504E-01  3.6862E-02  3.2409E+00
  1.0171E+00 -1.3398E-02  6.0385E-02  3.6862E-02  3.2409E+00
 -8.8286E-01  1.5038E-01 -4.8605E-01  3.6862E-02  3.2409E+00
 -6.4946E-01 -2.9373E-02  7.8463E-01  3.6862E-02  3.2409E+00
 -6.6709E-01 -1.8339E-02  7.7004E-01  3.6862E-02  3.2409E+00
  3.2146E-01  9.7316E-02 -9.6021E-01  3.6256E-02  3.4062E+00
 -1.2361E-01 -1.1734E-01  1.0029E+00  3.6256E-02  3.4062E+00
  9.6835E-01 -1.7741E-01  2.5623E-01  3.6256E-02  3.4062E+00
  5.1701E-01 -1.5916E-03  8.7608E-01  3.6256E-02  3.4062E+00
  6.9383E-01 -8.0905E-02  7.3727E-01  3.5633E-02  3.5880E+00
 -9.7865E-01 -9.4532E-02  2.5458E-01  3.5633E-02  3.5880E+00
  9.9729E-01  6.0420E-02 -1.8242E-01  3.5633E-02  3.5880E+00
  5.4264E-01  1.4002E-01  8.4702E-01  3.5633E-02  3.5880E+00
 -8.2711E-01 -7.4583E-02  5.8197E-01  3.4991E-02  3.7890E+00
  9.6586E-01  1.1302E-01 -2.8756E-01  3.4991E-02  3.7890E+00
 -6.9958E-01 -1.6628E-01  7.1505E-01  3.4991E-02  3.7890E+00
  5.0837E-01  1.5034E-01  8.6448E-01  3.4991E-02  3.7890E+00
  8.5740E-01 -9.1913E-02  5.3085E-01  3.4329E-02  4.0125E+00
  2.3600E-01  5.8541E-02  9.8298E-01  3.4329E-02  4.0125E+00
  4.6780E-01 -1.8357E-02 -8.9789E-01  3.4329E-02  4.0125E+00
  7.9989E-01 -1.8144E-01 -5.9145E-01  3.3644E-02  4.2626E+00
 -7.3128E-01 -5.6038E-02 -6.9618E-01  3.3644E-02  4.2626E+00
 -9.5729E-01 -1.2171E-01  2.9783E-01  3.2934E-02  4.5444E+00
  9.6206E-01 -1.1855E-01 -2.8337E-01  3.2934E-02  4.5444E+00
  9.6912E-01  1.5452E-01 -2.3844E-01  3.2934E-02  4.5444E+00
  4.9405E-01  8.4353E-02 -8.7677E-01  3.2934E-02  4.5444E+00
  1.9775E-02 -1.5201E-01  9.9821E-01  3.2934E-02  4.5444E+00
  5.0481E-01  1.8259E-01 -8.5542E-01  3.2934E-02  4.5444E+00
  1.0698E-01  9.4267E-02 -9.9855E-01  3.2195E-02  4.8645E+00
 -3.9763E-01 -1.1794E-01 -9.1947E-01  3.2195E-02  4.8645E+00
 -2.6887E-01 -1.3101E-01 -9.6332E-01  3.2195E-02  4.8645E+00
  9.1873E-01 -2.8228E-02  4.1542E-01  3.2195E-02  4.8645E+00
 -9.6596E-01  1.6596E-01  2.3345E-01  3.1425E-02  5.2312E+00
  6.6856E-01  7.8696E-02 -7.4964E-01  3.1425E-02  5.2312E+00
 -5.4196E-01  1.7727E-01 -8.3065E-01  3.1425E-02  5.2312E+00
 -1.4547E-01  1.7853E-01  9.8086E-01  3.1425E-02  5.2312E+00
 -7.4830E-01  5.1109E-02 -6.7272E-01  3.1425E-02  5.2312E+00
  2.1964E-01  1.4868E-01  9.7199E-01  3.1425E-02  5.2312E+00
  1.0639E-01  7.5813E-02 -9.9795E-01  3.0618E-02  5.6557E+00
  1.0008E+00 -2.5047E-02 -1.0378E-01  3.0618E-02  5.6557E+00
 -9.1569E-01 -6.5990E-02 -4.1005E-01  2.9770E-02  6.1530E+00
  9.3272E-01 -3.8662E-02  3.7354E-01  2.9770E-02  6.1530E+00
 -7.3356E-01 -5.0938E-03 -6.8632E-01  2.8874E-02  6.7438E+00
 -8.5355E-01  2.1013E-02 -5.2932E-01  2.8874E-02  6.7438E+00
 -2.5434E-01  9.5174E-02 -9.6717E-01  2.8874E-02  6.7438E+00
  9.5061E-01 -1.4859E-01 -2.8884E-01  2.8874E-02  6.7438E+00
 -9.9029E-01 -1.2348E-01  1.0764E-01  2.7921E-02  7.4574E+00
  3.0775E-01 -1.6574E-01 -9.4092E-01  2.7921E-02  7.4574E+00
  5.6209E-01 -1.6733E-02 -8.3144E-01  2.7921E-02  7.4574E+00
 -6.0749E-01  4.6691E-02  7.9768E-01  2.7921E-02  7.4574E+00
  6.8922E-01  4.0199E-02 -7.2759E-01  2.6903E-02  8.3369E+00
  5.4561E-01 -1.6267E-01 -8.2575E-01  2.6903E-02  8.3369E+00
 -3.9373E-01  1.3271E-01  9.1290E-01  2.6903E-02  8.3369E+00
  9.8231E-01  1.1419E-01 -1.6349E-01  2.5804E-02  9.4481E+00
 -8.7871E-01  1.3056E-01 -4.6299E-01  2.4606E-02  1.0897E+01
  9.4027E-01 -2.3498E-02 -3.4477E-01  2.4606E-02  1.0897E+01
  9.2421E-01  6.0498E-02  3.8172E-01  2.4606E-02  1.0897E+01
  9.5392E-01  4.6490E-03  3.0585E-01  2.4606E-02  1.0897E+01
  3.9611E-01 -6.6353E-02  9.1719E-01  2.3280E-02  1.2866E+01
 -2.6361E-01 -1.2052E-01 -9.5840E-01  2.3280E-02  1.2866E+01
  4.5022E-01  1.3454E-02 -8.9377E-01  2.1787E-02  1.5696E+01
 -8.5804E-01 -3.8494E-02 -5.1380E-01  2.1787E-02  1.5696E+01
 -9.8432E-01  7.6422E-02 -1.6067E-01  1.7969E-02  2.7981E+01
 -8.1527E-01 -8.4934E-02  5.7328E-01  1.7969E-02  2.7981E+01
  9.6698E-01 -2.4070E-03  2.5589E-01  1.7969E-02  2.7981E+01
