0.23328000000000D+02       620
(x,y,z) position of the X-ray source
 -0.1712E+01 -0.2911E-01 -0.5555E+00
x | y | z | R | rho
  1.2615E+00 -2.8548E-01  9.4694E+00  3.1264E-01  5.3123E-03
  2.6888E-02  3.2261E-01  9.3093E+00  3.0717E-01  5.6008E-03
 -9.6824E-01  8.9573E-02  9.0936E+00  3.0332E-01  5.8168E-03
 -1.8961E+00  6.6158E-02  8.8970E+00  3.0222E-01  5.8807E-03
  1.9352E+00  9.8712E-02  8.5542E+00  2.9473E-01  6.3408E-03
 -1.8720E+00 -2.1979E-01  8.5043E+00  2.9333E-01  6.4318E-03
 -1.8045E+00  2.9963E-01  8.5041E+00  2.9305E-01  6.4502E-03
 -1.5657E+00 -1.7960E-01  8.5178E+00  2.9221E-01  6.5059E-03
  1.3006E+00 -1.0572E-02  8.5032E+00  2.9081E-01  6.6004E-03
  1.1290E+00 -2.1060E-01  8.3671E+00  2.8716E-01  6.8557E-03
 -2.0605E+00 -1.6536E-01  8.0894E+00  2.8490E-01  7.0201E-03
 -1.3685E-01  1.5575E-01  8.3347E+00  2.8461E-01  7.0411E-03
 -4.6040E-01  2.0523E-01  8.2859E+00  2.8376E-01  7.1045E-03
  1.1486E+00 -8.0884E-02  8.2089E+00  2.8348E-01  7.1258E-03
 -2.0438E+00  6.3766E-02  7.8718E+00  2.7979E-01  7.4119E-03
 -7.7408E-01  2.6725E-01  8.0676E+00  2.7922E-01  7.4574E-03
 -5.5080E-01  1.4883E-01  7.6566E+00  2.6887E-01  8.3516E-03
 -1.8136E+00  3.4942E-01  7.1815E+00  2.6247E-01  8.9775E-03
  7.3078E-01  7.0589E-02  7.3668E+00  2.6218E-01  9.0076E-03
 -2.7315E-01 -2.4859E-01  7.3344E+00  2.6072E-01  9.1601E-03
  1.3577E-01  6.8530E-02  7.3422E+00  2.6072E-01  9.1601E-03
  3.3482E-01  3.3996E-01  7.1612E+00  2.5660E-01  9.6080E-03
  2.2151E-01  3.6050E-02  7.0904E+00  2.5453E-01  9.8440E-03
  2.8452E-01  2.5459E-01  7.0598E+00  2.5394E-01  9.9130E-03
  1.5882E+00 -1.7435E-01  6.7532E+00  2.5068E-01  1.0305E-02
 -7.0711E-01  4.2441E-02  6.8557E+00  2.4948E-01  1.0454E-02
  1.0932E-01  1.5613E-01  6.7592E+00  2.4620E-01  1.0878E-02
 -1.2390E+00 -2.1880E-01  6.4273E+00  2.4078E-01  1.1629E-02
  6.6156E-01 -1.7144E-01  6.4898E+00  2.4018E-01  1.1717E-02
  1.5690E+00 -4.8358E-02  6.0062E+00  2.3195E-01  1.3008E-02
 -5.1144E-01 -7.9702E-02  6.1510E+00  2.3103E-01  1.3164E-02
  1.4394E-01  2.5628E-01  6.0601E+00  2.2827E-01  1.3648E-02
 -1.0288E+00 -6.9313E-04  5.7775E+00  2.2300E-01  1.4638E-02
  5.9814E-02  8.7350E-02  5.8324E+00  2.2207E-01  1.4823E-02
  1.0633E+00  1.1430E-01  5.6633E+00  2.2020E-01  1.5204E-02
 -9.5226E-01 -7.0320E-02  5.6129E+00  2.1832E-01  1.5600E-02
 -1.5674E+00  2.9889E-01  5.3927E+00  2.1644E-01  1.6011E-02
  1.5950E+00 -1.4494E-01  5.3424E+00  2.1518E-01  1.6293E-02
 -1.8711E+00 -9.9519E-02  5.1668E+00  2.1297E-01  1.6805E-02
  6.8643E-01  1.4996E-01  5.2643E+00  2.0789E-01  1.8068E-02
 -1.7348E+00 -2.1510E-01  4.8193E+00  2.0277E-01  1.9472E-02
 -1.0794E+00  2.3457E-01  4.9003E+00  1.9987E-01  2.0333E-02
 -1.3613E+00  1.2852E-01  4.7263E+00  1.9695E-01  2.1249E-02
  1.8616E+00 -1.6594E-01  4.4276E+00  1.9369E-01  2.2339E-02
 -1.8159E+00 -1.1247E-01  4.3372E+00  1.9075E-01  2.3391E-02
  1.4094E+00  2.1117E-01  4.4703E+00  1.9042E-01  2.3512E-02
 -1.5431E+00  2.0492E-01  4.4142E+00  1.9009E-01  2.3634E-02
 -4.1729E-01  1.4751E-02  4.5935E+00  1.8811E-01  2.4386E-02
 -1.3156E+00  8.4572E-02  4.2781E+00  1.8414E-01  2.5998E-02
 -6.1251E-01  2.1976E-01  4.3607E+00  1.8215E-01  2.6862E-02
 -7.1186E-01  1.7874E-01  4.2789E+00  1.8014E-01  2.7768E-02
  1.7651E-01  8.2517E-02  4.3370E+00  1.8014E-01  2.7768E-02
 -1.8016E+00 -1.9217E-01  3.8710E+00  1.7813E-01  2.8718E-02
 -7.6828E-01 -1.9697E-01  4.1655E+00  1.7713E-01  2.9211E-02
  7.4684E-02  1.6952E-01  4.2363E+00  1.7713E-01  2.9211E-02
  1.4612E+00  1.8421E-01  3.9047E+00  1.7511E-01  3.0234E-02
  6.2910E-01  1.6666E-02  3.9901E+00  1.7105E-01  3.2439E-02
 -1.7918E+00  1.3892E-01  3.6177E+00  1.7105E-01  3.2439E-02
 -1.0090E+00  9.8549E-03  3.8655E+00  1.6969E-01  3.3225E-02
  3.0706E-01  1.1108E-01  3.9705E+00  1.6934E-01  3.3426E-02
 -1.0999E+00 -2.0426E-02  3.8175E+00  1.6900E-01  3.3629E-02
 -9.6420E-01 -1.3302E-01  3.8518E+00  1.6900E-01  3.3629E-02
  1.7316E+00  7.8948E-02  3.5131E+00  1.6730E-01  3.4669E-02
  1.9517E+00 -6.0081E-03  3.3072E+00  1.6490E-01  3.6204E-02
  8.8728E-01  2.2010E-01  3.6957E+00  1.6387E-01  3.6891E-02
  1.4540E+00 -2.4357E-01  3.3668E+00  1.5973E-01  3.9837E-02
  4.1399E-01  1.8899E-01  3.5702E+00  1.5730E-01  4.1712E-02
  1.5393E+00 -1.9931E-01  3.0780E+00  1.5240E-01  4.5858E-02
 -1.1111E+00  2.1020E-01  3.2564E+00  1.5240E-01  4.5858E-02
  8.6659E-03  1.1505E-02  3.4148E+00  1.5135E-01  4.6822E-02
 -1.4711E+00  1.9240E-01  3.0757E+00  1.5135E-01  4.6822E-02
  1.3862E-01  6.8305E-02  3.4006E+00  1.5100E-01  4.7150E-02
  9.9103E-01  1.8588E-01  3.2513E+00  1.5100E-01  4.7150E-02
 -1.2615E+00 -2.2375E-01  3.1422E+00  1.5065E-01  4.7481E-02
  6.8950E-01 -1.6720E-01  3.2853E+00  1.4959E-01  4.8494E-02
  4.1328E-01  3.6880E-02  3.3137E+00  1.4889E-01  4.9186E-02
 -1.8187E+00 -1.8720E-01  2.7433E+00  1.4747E-01  5.0614E-02
 -9.5162E-01 -9.5939E-02  3.1437E+00  1.4712E-01  5.0980E-02
  7.6751E-01 -8.9075E-02  3.1829E+00  1.4676E-01  5.1350E-02
  2.5624E-01 -1.9488E-01  3.2273E+00  1.4570E-01  5.2483E-02
 -9.2708E-01 -2.3734E-01  3.0321E+00  1.4357E-01  5.4857E-02
 -5.0311E-01  4.5344E-03  3.0217E+00  1.3964E-01  5.9620E-02
 -1.0639E+00 -5.0850E-02  2.8497E+00  1.3892E-01  6.0548E-02
 -9.6685E-01 -1.0988E-01  2.8603E+00  1.3820E-01  6.1497E-02
 -1.1039E+00 -2.6357E-03  2.8124E+00  1.3820E-01  6.1497E-02
  1.8822E+00 -1.3914E-01  2.2919E+00  1.3640E-01  6.3962E-02
  1.9135E+00 -4.6643E-02  2.2010E+00  1.3460E-01  6.6569E-02
 -7.5865E-01 -9.3709E-02  2.8042E+00  1.3424E-01  6.7108E-02
  1.2913E+00  1.8489E-01  2.3882E+00  1.2770E-01  7.7958E-02
  1.8442E-01 -1.6439E-01  2.6794E+00  1.2660E-01  8.0001E-02
  8.5793E-01  1.5424E-01  2.5027E+00  1.2514E-01  8.2844E-02
  3.5320E-03 -6.0828E-02  2.6394E+00  1.2477E-01  8.3577E-02
  1.0210E-01 -1.6603E-01  2.5723E+00  1.2256E-01  8.8168E-02
 -1.7831E+00 -4.7033E-02 -1.8358E+00  1.2183E-01  8.9776E-02
  1.6158E+00  7.7955E-02  1.9449E+00  1.2072E-01  9.2266E-02
  1.2343E+00  3.6236E-02  2.1964E+00  1.2035E-01  9.3117E-02
  1.8432E-01  1.9502E-01  2.5054E+00  1.2035E-01  9.3117E-02
  1.8183E+00  2.0362E-01 -1.7325E+00  1.2035E-01  9.3117E-02
 -1.8888E+00 -8.6347E-02 -1.6504E+00  1.1998E-01  9.3979E-02
 -1.9620E-02 -1.9641E-02  2.4502E+00  1.1776E-01  9.9393E-02
 -1.7445E-01  1.1219E-02  2.4244E+00  1.1702E-01  1.0129E-01
  1.6265E+00  1.5552E-01 -1.7596E+00  1.1591E-01  1.0424E-01
  1.6840E+00  1.6274E-01  1.6764E+00  1.1517E-01  1.0627E-01
 -1.7693E+00  1.3846E-01 -1.5737E+00  1.1480E-01  1.0731E-01
 -1.5397E+00 -7.6068E-03  1.7786E+00  1.1405E-01  1.0942E-01
 -8.2106E-01 -1.4000E-01  2.1897E+00  1.1368E-01  1.1050E-01
 -1.4601E+00  8.4585E-02  1.8301E+00  1.1368E-01  1.1050E-01
  1.3611E+00 -1.3035E-01  1.8904E+00  1.1331E-01  1.1159E-01
  1.4702E-01  1.1783E-01  2.3060E+00  1.1256E-01  1.1382E-01
  1.7215E+00 -1.6568E-01 -1.5369E+00  1.1256E-01  1.1382E-01
 -1.5134E+00  1.2868E-01 -1.7326E+00  1.1219E-01  1.1496E-01
 -9.4167E-01 -5.1751E-02  2.1022E+00  1.1219E-01  1.1496E-01
 -1.7918E+00  1.8330E-01  1.4213E+00  1.1182E-01  1.1612E-01
  1.1397E+00 -1.5882E-01  1.9850E+00  1.1182E-01  1.1612E-01
 -9.7892E-01 -1.4511E-02  2.0538E+00  1.1107E-01  1.1847E-01
 -7.8958E-01 -6.7046E-03  2.1338E+00  1.1107E-01  1.1847E-01
 -1.4739E+00 -1.1407E-01 -1.6916E+00  1.0995E-01  1.2214E-01
  1.4237E+00 -1.0985E-01 -1.7219E+00  1.0957E-01  1.2339E-01
  1.3639E+00  1.8233E-01 -1.7274E+00  1.0845E-01  1.2727E-01
  8.1941E-01 -1.9284E-01  2.0417E+00  1.0845E-01  1.2727E-01
 -1.3251E+00 -4.4971E-02 -1.7661E+00  1.0845E-01  1.2727E-01
  1.7394E+00  1.4805E-01 -1.3216E+00  1.0770E-01  1.2994E-01
  4.6858E-01  1.3148E-01  2.1251E+00  1.0733E-01  1.3131E-01
  1.8806E+00  8.7052E-02  1.0422E+00  1.0620E-01  1.3553E-01
  8.7026E-02 -6.5161E-02  2.1491E+00  1.0620E-01  1.3553E-01
  7.6474E-01 -1.2340E-01  1.9975E+00  1.0582E-01  1.3698E-01
  1.4387E+00 -8.0903E-02  1.5602E+00  1.0507E-01  1.3994E-01
  8.5849E-01 -1.1326E-01  1.9393E+00  1.0507E-01  1.3994E-01
 -9.6749E-01 -1.9043E-01 -1.8810E+00  1.0507E-01  1.3994E-01
  9.3498E-01  5.6066E-03  1.8758E+00  1.0394E-01  1.4454E-01
  5.6196E-01  4.8679E-02  2.0186E+00  1.0394E-01  1.4454E-01
  1.7327E+00 -8.6047E-02  1.1594E+00  1.0357E-01  1.4613E-01
 -1.3779E+00 -1.8310E-02  1.5545E+00  1.0319E-01  1.4773E-01
  1.4360E+00 -1.1404E-01 -1.4840E+00  1.0281E-01  1.4936E-01
  8.9172E-01 -9.6528E-02  1.8636E+00  1.0281E-01  1.4936E-01
  1.1668E+00 -1.1631E-01  1.7037E+00  1.0281E-01  1.4936E-01
 -1.3450E+00  1.0805E-01  1.5674E+00  1.0281E-01  1.4936E-01
  9.1245E-01  1.3452E-01  1.8409E+00  1.0244E-01  1.5102E-01
  1.5876E+00  1.5442E-01  1.2874E+00  1.0206E-01  1.5269E-01
  1.8057E+00 -9.6212E-02  9.6533E-01  1.0206E-01  1.5269E-01
  1.1713E+00 -1.8700E-01 -1.6718E+00  1.0206E-01  1.5269E-01
 -1.6434E+00 -1.3636E-01  1.1865E+00  1.0131E-01  1.5613E-01
 -1.5608E+00  7.7409E-02 -1.2980E+00  1.0131E-01  1.5613E-01
  1.2083E+00  5.9071E-02 -1.6207E+00  1.0093E-01  1.5789E-01
 -1.7656E+00 -4.3566E-02 -9.6640E-01  1.0055E-01  1.5967E-01
  1.7177E+00 -1.3138E-01 -1.0242E+00  1.0017E-01  1.6148E-01
  1.8017E+00  1.7797E-01  8.5959E-01  1.0017E-01  1.6148E-01
  7.9028E-01  5.5191E-02 -1.8311E+00  9.9797E-02  1.6332E-01
 -1.5928E+00  7.8753E-02 -1.1838E+00  9.9419E-02  1.6519E-01
 -1.7051E+00 -1.8266E-01 -9.8388E-01  9.9041E-02  1.6709E-01
 -1.8920E+00  1.2114E-01 -5.2816E-01  9.8663E-02  1.6902E-01
  5.9347E-01 -5.7641E-02 -1.8661E+00  9.8285E-02  1.7098E-01
  1.8115E+00 -1.9089E-01  6.9645E-01  9.7907E-02  1.7297E-01
  9.9504E-01  2.5168E-02  1.6770E+00  9.7907E-02  1.7297E-01
 -1.2037E+00 -2.7031E-02 -1.5341E+00  9.7907E-02  1.7297E-01
 -1.6365E+00 -1.5378E-01 -1.0494E+00  9.7907E-02  1.7297E-01
  7.3420E-01 -9.4396E-02  1.7752E+00  9.6772E-02  1.7912E-01
 -1.6171E+00  1.4858E-01  1.0140E+00  9.6393E-02  1.8124E-01
 -3.6510E-01  2.6182E-02  1.8702E+00  9.6015E-02  1.8340E-01
 -1.2431E+00 -4.8986E-02  1.4319E+00  9.5636E-02  1.8558E-01
  1.8919E+00  1.3635E-01  1.7196E-03  9.5636E-02  1.8558E-01
  1.3793E+00 -7.0610E-03  1.2892E+00  9.5257E-02  1.8781E-01
 -1.7674E+00  1.7233E-01 -6.4139E-01  9.5257E-02  1.8781E-01
 -9.2678E-01  1.3096E-01  1.6296E+00  9.4878E-02  1.9007E-01
  1.4345E+00 -4.0672E-02  1.2133E+00  9.4878E-02  1.9007E-01
 -1.7573E+00 -5.1053E-02  6.3875E-01  9.4499E-02  1.9236E-01
 -1.3411E+00 -2.7421E-02 -1.3037E+00  9.4499E-02  1.9236E-01
  1.0745E+00  1.7916E-01  1.5098E+00  9.4120E-02  1.9470E-01
 -5.8919E-01  6.8982E-02  1.7647E+00  9.4120E-02  1.9470E-01
 -1.6961E+00  1.3949E-01  7.5501E-01  9.4120E-02  1.9470E-01
 -8.0098E-01 -1.1901E-01 -1.6764E+00  9.4120E-02  1.9470E-01
  1.0068E+00  9.3028E-02 -1.5529E+00  9.3741E-02  1.9707E-01
  1.8261E+00  1.1645E-01 -2.9287E-01  9.3741E-02  1.9707E-01
 -9.1655E-01 -2.2640E-02  1.6104E+00  9.3741E-02  1.9707E-01
 -3.1411E-01  1.0529E-01  1.8144E+00  9.3361E-02  1.9948E-01
 -1.0047E+00  1.2652E-01  1.5415E+00  9.3361E-02  1.9948E-01
  1.9643E-01 -9.3237E-04 -1.8252E+00  9.2982E-02  2.0193E-01
  1.8348E+00 -6.7529E-03 -5.7137E-02  9.2982E-02  2.0193E-01
 -4.2472E-01 -6.5926E-02 -1.7758E+00  9.2603E-02  2.0443E-01
 -1.8008E+00 -1.0378E-01 -2.3097E-01  9.2223E-02  2.0696E-01
 -1.5957E+00 -1.0317E-01 -8.6598E-01  9.2223E-02  2.0696E-01
 -1.1129E+00 -1.2306E-02 -1.4272E+00  9.1844E-02  2.0954E-01
  1.1172E+00 -1.2306E-01  1.4186E+00  9.1844E-02  2.0954E-01
  1.4659E+00 -6.0488E-02 -1.0451E+00  9.1464E-02  2.1216E-01
  1.7814E+00 -3.7993E-02 -2.6438E-01  9.1464E-02  2.1216E-01
 -1.7900E+00 -3.8217E-02  1.9769E-01  9.1464E-02  2.1216E-01
  8.5356E-01 -1.4219E-01  1.5701E+00  9.1084E-02  2.1482E-01
 -1.3259E+00  1.4483E-01  1.1980E+00  9.1084E-02  2.1482E-01
  2.3164E-01 -1.5271E-01  1.7626E+00  9.0704E-02  2.1753E-01
  1.5260E+00 -2.9233E-02  9.2427E-01  9.0704E-02  2.1753E-01
  1.6572E+00 -6.3236E-03  6.6132E-01  9.0704E-02  2.1753E-01
 -1.5370E+00  7.7507E-03 -8.8942E-01  9.0325E-02  2.2029E-01
 -1.5527E+00 -3.8832E-02 -8.4335E-01  8.9945E-02  2.2309E-01
 -1.0174E+00  1.2852E-01 -1.4394E+00  8.9945E-02  2.2309E-01
  1.9214E-01  1.1896E-01 -1.7528E+00  8.9945E-02  2.2309E-01
 -5.6333E-01  2.9442E-02 -1.6749E+00  8.9945E-02  2.2309E-01
 -1.1755E+00  1.2765E-01  1.3135E+00  8.9945E-02  2.2309E-01
  1.5682E-01 -1.3423E-01 -1.7467E+00  8.9565E-02  2.2594E-01
 -2.5359E-01  1.3755E-01 -1.7351E+00  8.9565E-02  2.2594E-01
  1.6770E+00 -1.6746E-01 -4.4130E-01  8.8805E-02  2.3179E-01
 -1.7024E+00 -1.5430E-01 -2.3486E-01  8.8044E-02  2.3785E-01
 -1.0973E-01  6.9000E-02  1.7206E+00  8.8044E-02  2.3785E-01
 -1.3787E+00  1.7841E-01  1.0219E+00  8.8044E-02  2.3785E-01
 -1.7134E+00  1.7427E-01 -1.0525E-01  8.8044E-02  2.3785E-01
  3.6004E-02 -4.9000E-02  1.7244E+00  8.8044E-02  2.3785E-01
 -1.3184E+00 -3.6912E-03 -1.1001E+00  8.7664E-02  2.4095E-01
 -1.1768E+00 -1.4452E-01  1.2421E+00  8.7664E-02  2.4095E-01
  1.1017E+00 -8.7169E-02 -1.3034E+00  8.7284E-02  2.4412E-01
  7.0301E-01 -4.4566E-02  1.5569E+00  8.7284E-02  2.4412E-01
 -1.6990E+00 -7.5331E-02  4.8419E-03  8.6904E-02  2.4734E-01
 -1.5431E+00 -5.3268E-02 -7.1284E-01  8.6904E-02  2.4734E-01
  1.6885E+00  1.0736E-01  4.0139E-02  8.6524E-02  2.5061E-01
  1.6154E+00 -1.5287E-01 -4.8088E-01  8.6524E-02  2.5061E-01
  9.5214E-01 -6.5470E-02 -1.3977E+00  8.6524E-02  2.5061E-01
 -6.5724E-02  9.7084E-02  1.6802E+00  8.6143E-02  2.5395E-01
  3.6736E-03 -1.0220E-02 -1.6842E+00  8.6143E-02  2.5395E-01
  1.6638E+00  1.5438E-01 -1.3121E-01  8.5763E-02  2.5734E-01
 -1.4371E+00 -1.1937E-01 -8.5433E-01  8.5763E-02  2.5734E-01
 -6.6056E-01 -9.0156E-02  1.5378E+00  8.5763E-02  2.5734E-01
  8.2103E-02  2.6464E-02  1.6657E+00  8.5382E-02  2.6079E-01
 -7.1573E-01  9.1527E-03 -1.5066E+00  8.5382E-02  2.6079E-01
 -9.5233E-01 -1.5302E-02  1.3594E+00  8.5002E-02  2.6431E-01
  1.3017E+00 -6.6947E-02 -1.0146E+00  8.4622E-02  2.6789E-01
  3.4755E-01 -1.5405E-01  1.6075E+00  8.4622E-02  2.6789E-01
 -4.9736E-01 -2.4510E-02 -1.5749E+00  8.4622E-02  2.6789E-01
  2.8655E-01  1.3513E-01  1.6129E+00  8.4241E-02  2.7154E-01
 -1.0247E+00  1.8120E-01  1.2517E+00  8.3480E-02  2.7903E-01
  1.6186E+00  2.8852E-02  5.6929E-02  8.3100E-02  2.8288E-01
  1.4897E+00  2.5626E-02  6.3555E-01  8.3100E-02  2.8288E-01
 -1.4165E+00 -5.7507E-02  7.8361E-01  8.3100E-02  2.8288E-01
  3.5506E-02  1.1367E-01  1.6154E+00  8.3100E-02  2.8288E-01
 -1.6044E+00  1.5004E-01  4.2623E-02  8.2719E-02  2.8681E-01
  1.3647E+00  3.3397E-03 -8.5790E-01  8.2719E-02  2.8681E-01
 -1.5616E+00  9.2509E-03  3.9957E-01  8.2719E-02  2.8681E-01
 -1.2991E+00 -1.3913E-01  9.3051E-01  8.2338E-02  2.9080E-01
 -1.5202E+00 -5.5533E-02 -5.0868E-01  8.2338E-02  2.9080E-01
 -1.5234E+00 -1.3024E-01 -4.3023E-01  8.1577E-02  2.9902E-01
  7.0498E-01 -1.7216E-01  1.4129E+00  8.1577E-02  2.9902E-01
  3.4511E-01 -2.3649E-02  1.5423E+00  8.1197E-02  3.0324E-01
 -1.5370E+00  6.2455E-03  3.6838E-01  8.1197E-02  3.0324E-01
 -1.5664E+00 -5.8014E-02 -2.0340E-01  8.1197E-02  3.0324E-01
 -8.0561E-01  5.1412E-02  1.3589E+00  8.1197E-02  3.0324E-01
  1.2802E-01  1.7060E-01  1.5583E+00  8.0816E-02  3.0755E-01
  5.4260E-01  1.3903E-03 -1.4680E+00  8.0435E-02  3.1193E-01
  1.4920E+00  1.9271E-02  4.7235E-01  8.0435E-02  3.1193E-01
  1.3535E+00 -1.2771E-01 -7.7539E-01  8.0435E-02  3.1193E-01
 -1.7716E-01 -4.9201E-02 -1.5543E+00  8.0435E-02  3.1193E-01
 -1.0943E+00  2.4247E-02 -1.1187E+00  8.0435E-02  3.1193E-01
  1.2350E+00  1.4950E-01  9.4976E-01  8.0435E-02  3.1193E-01
  1.1274E+00 -5.1533E-02  1.0733E+00  8.0055E-02  3.1640E-01
 -5.8846E-01  1.8642E-02 -1.4419E+00  8.0055E-02  3.1640E-01
 -1.5364E+00  1.3116E-01  1.5490E-01  7.9674E-02  3.2096E-01
 -3.0944E-01 -1.2514E-01 -1.5134E+00  7.9674E-02  3.2096E-01
 -1.3248E+00 -1.5052E-01  7.8998E-01  7.9674E-02  3.2096E-01
  4.1043E-01 -1.8969E-02 -1.4864E+00  7.9293E-02  3.2561E-01
 -1.2510E+00  1.6967E-01  8.8570E-01  7.9293E-02  3.2561E-01
  2.6676E-01 -3.3352E-02  1.5185E+00  7.9293E-02  3.2561E-01
 -6.1710E-02  1.8452E-03 -1.5409E+00  7.9293E-02  3.2561E-01
  5.2909E-01  1.1290E-01 -1.4442E+00  7.9293E-02  3.2561E-01
 -1.2321E+00  1.5010E-01 -9.1528E-01  7.9293E-02  3.2561E-01
  1.1461E+00 -8.5534E-02  1.0283E+00  7.9293E-02  3.2561E-01
 -1.3176E+00  4.3310E-03  7.8666E-01  7.8913E-02  3.3034E-01
 -4.3740E-01  1.2646E-01 -1.4655E+00  7.8913E-02  3.3034E-01
  7.3759E-01  1.4437E-01 -1.3379E+00  7.8913E-02  3.3034E-01
 -1.4115E+00  8.2644E-02  5.7685E-01  7.8532E-02  3.3517E-01
 -1.5103E+00 -1.7558E-01  1.4168E-01  7.8532E-02  3.3517E-01
  1.2621E+00  1.6304E-01 -8.4399E-01  7.8532E-02  3.3517E-01
  1.3986E+00  3.1140E-02  6.1219E-01  7.8532E-02  3.3517E-01
  1.4944E+00  6.0513E-02 -2.6812E-01  7.8152E-02  3.4009E-01
  8.3729E-01 -6.6872E-02  1.2663E+00  7.8152E-02  3.4009E-01
  1.3423E+00  1.3135E-01 -7.0002E-01  7.8152E-02  3.4009E-01
  1.5122E+00 -5.1212E-02  1.4001E-01  7.8152E-02  3.4009E-01
 -1.4388E+00  1.5627E-01 -4.3780E-01  7.7771E-02  3.4511E-01
  1.5086E+00  5.5409E-02  8.5622E-02  7.7771E-02  3.4511E-01
  1.1667E-01 -9.8187E-02  1.5043E+00  7.7771E-02  3.4511E-01
 -1.2693E+00  4.7831E-02  8.2021E-01  7.7771E-02  3.4511E-01
  1.4479E+00  1.2033E-01 -4.1868E-01  7.7771E-02  3.4511E-01
  8.1243E-01  7.2863E-02 -1.2643E+00  7.7390E-02  3.5022E-01
 -5.2076E-01  7.4461E-02  1.4096E+00  7.7390E-02  3.5022E-01
  1.4320E+00 -8.7999E-03 -4.1081E-01  7.6629E-02  3.6076E-01
  1.4127E+00  1.2713E-01 -4.3116E-01  7.6248E-02  3.6619E-01
  1.1525E-01 -3.1126E-02 -1.4777E+00  7.6248E-02  3.6619E-01
  1.3937E+00 -1.2304E-01 -4.9011E-01  7.6248E-02  3.6619E-01
 -1.1396E+00 -8.9183E-02 -9.4395E-01  7.6248E-02  3.6619E-01
  1.4576E+00  5.5504E-02  2.6485E-01  7.6248E-02  3.6619E-01
 -1.4721E+00  1.3706E-01  1.0861E-01  7.6248E-02  3.6619E-01
  3.4540E-01 -2.7548E-03 -1.4342E+00  7.5868E-02  3.7173E-01
  5.7229E-01  3.4085E-02 -1.3592E+00  7.5868E-02  3.7173E-01
 -1.3716E+00 -1.0300E-01 -5.3320E-01  7.5868E-02  3.7173E-01
 -2.0540E-01 -1.8532E-01  1.4490E+00  7.5868E-02  3.7173E-01
 -3.9396E-01 -1.2147E-01 -1.4089E+00  7.5487E-02  3.7739E-01
  9.4717E-01 -7.1668E-02 -1.1097E+00  7.5106E-02  3.8315E-01
 -1.1742E+00  3.6391E-03 -8.6894E-01  7.5106E-02  3.8315E-01
  9.0195E-01  1.8048E-01 -1.1347E+00  7.5106E-02  3.8315E-01
  4.1983E-01  1.6406E-01 -1.3819E+00  7.4726E-02  3.8904E-01
 -1.4516E+00 -6.4511E-02 -3.8519E-02  7.4726E-02  3.8904E-01
  1.4325E+00  7.3398E-02 -2.3506E-01  7.4726E-02  3.8904E-01
  1.4367E+00  1.0088E-01 -1.9642E-01  7.4726E-02  3.8904E-01
 -9.2184E-01  3.3579E-02  1.1141E+00  7.4345E-02  3.9504E-01
 -9.4499E-01 -1.8443E-01  1.0794E+00  7.4345E-02  3.9504E-01
  1.4420E+00 -8.0326E-02 -7.9409E-02  7.4345E-02  3.9504E-01
  5.7154E-01 -1.2577E-01 -1.3227E+00  7.4345E-02  3.9504E-01
  1.4351E+00  1.8006E-01  8.0253E-03  7.4345E-02  3.9504E-01
 -1.3543E+00 -3.1302E-03 -4.8736E-01  7.3965E-02  4.0117E-01
 -1.3555E+00 -1.1462E-01  4.7018E-01  7.3965E-02  4.0117E-01
 -1.3750E+00  1.8012E-01  3.8546E-01  7.3965E-02  4.0117E-01
  1.2915E+00 -2.2680E-02 -6.1879E-01  7.3584E-02  4.0743E-01
  1.2606E+00  1.3655E-01  6.6594E-01  7.3584E-02  4.0743E-01
  1.3784E+00 -2.8638E-02  3.6130E-01  7.3203E-02  4.1382E-01
  1.4077E+00  1.8126E-01 -1.2913E-01  7.3203E-02  4.1382E-01
 -1.3113E+00  8.8313E-02  5.5139E-01  7.3203E-02  4.1382E-01
  4.4002E-01 -4.5194E-03  1.3556E+00  7.3203E-02  4.1382E-01
  1.2137E+00 -9.6306E-02 -7.2745E-01  7.2822E-02  4.2035E-01
 -1.3973E+00  5.9944E-02 -2.3513E-01  7.2822E-02  4.2035E-01
  9.7149E-01 -1.0881E-01  1.0179E+00  7.2442E-02  4.2701E-01
 -1.0968E+00 -9.6607E-03  8.7707E-01  7.2061E-02  4.3381E-01
  4.2323E-01  1.6882E-01 -1.3284E+00  7.2061E-02  4.3381E-01
 -1.2603E+00  8.9820E-02  6.1305E-01  7.2061E-02  4.3381E-01
  4.5451E-01 -1.3054E-01 -1.3151E+00  7.1680E-02  4.4076E-01
  8.8877E-01  1.4000E-01 -1.0694E+00  7.1680E-02  4.4076E-01
 -1.3859E+00 -9.6576E-02  1.5160E-01  7.1680E-02  4.4076E-01
 -1.3432E+00  7.4463E-02  3.5258E-01  7.1300E-02  4.4786E-01
  9.8615E-01  8.0328E-02  9.6768E-01  7.0919E-02  4.5511E-01
 -1.2496E+00  1.5724E-02 -5.6262E-01  7.0157E-02  4.7010E-01
 -2.8491E-01 -1.7931E-01  1.3286E+00  7.0157E-02  4.7010E-01
  1.1031E+00  1.8436E-01  7.9222E-01  7.0157E-02  4.7010E-01
  1.3527E+00  3.5322E-02  2.1764E-01  7.0157E-02  4.7010E-01
 -1.5289E-01  1.0957E-01 -1.3509E+00  6.9776E-02  4.7784E-01
 -8.0063E-01 -1.2467E-01 -1.0971E+00  6.9776E-02  4.7784E-01
  1.1766E-01 -1.0273E-01 -1.3483E+00  6.9395E-02  4.8575E-01
  4.4859E-01  1.3121E-01  1.2743E+00  6.9395E-02  4.8575E-01
  5.9189E-01 -1.4133E-02  1.2141E+00  6.9014E-02  4.9384E-01
 -7.0947E-01  6.2417E-02 -1.1477E+00  6.9014E-02  4.9384E-01
  3.1759E-01 -6.2912E-02 -1.3047E+00  6.8633E-02  5.0211E-01
  1.1774E+00 -1.4510E-01 -6.3214E-01  6.8633E-02  5.0211E-01
  5.8239E-01  5.1385E-02  1.2033E+00  6.8252E-02  5.1057E-01
  7.2869E-01 -8.0481E-02 -1.1190E+00  6.8252E-02  5.1057E-01
 -1.0234E+00 -5.7382E-02  8.4961E-01  6.7871E-02  5.1923E-01
  6.1771E-01  7.2231E-02  1.1772E+00  6.7871E-02  5.1923E-01
 -1.1063E+00  1.8645E-01  7.1682E-01  6.7871E-02  5.1923E-01
  1.0687E+00  4.7694E-02  7.8181E-01  6.7489E-02  5.2808E-01
  3.6403E-01  1.0560E-01 -1.2696E+00  6.7489E-02  5.2808E-01
 -2.4985E-01  1.1973E-01 -1.2957E+00  6.7489E-02  5.2808E-01
  7.4623E-01 -7.7241E-02 -1.0921E+00  6.7489E-02  5.2808E-01
 -5.9800E-01  7.9590E-02 -1.1797E+00  6.7489E-02  5.2808E-01
  9.6925E-01 -2.5353E-02 -8.9375E-01  6.7108E-02  5.3713E-01
 -1.2923E+00 -9.9048E-02 -2.4279E-01  6.7108E-02  5.3713E-01
 -8.0516E-01  4.7844E-03 -1.0443E+00  6.7108E-02  5.3713E-01
 -1.0475E+00  1.0283E-01 -7.8394E-01  6.6726E-02  5.4640E-01
  6.5023E-01 -1.9328E-02 -1.1326E+00  6.6345E-02  5.5588E-01
  4.1327E-01 -1.2898E-01 -1.2323E+00  6.6345E-02  5.5588E-01
  1.2922E+00  4.4960E-02 -1.3499E-01  6.5963E-02  5.6559E-01
  1.1173E+00  2.1288E-02 -6.6414E-01  6.5963E-02  5.6559E-01
 -2.2171E-01 -1.6714E-01  1.2637E+00  6.5581E-02  5.7553E-01
  7.2493E-01 -2.7576E-02 -1.0713E+00  6.5581E-02  5.7553E-01
  1.2853E+00  4.8150E-02 -6.4229E-02  6.5199E-02  5.8571E-01
  1.2567E+00  1.2900E-01 -2.1674E-01  6.4817E-02  5.9614E-01
 -1.5294E-01  6.5501E-02 -1.2648E+00  6.4434E-02  6.0681E-01
 -3.3201E-01 -8.5843E-02  1.2288E+00  6.4434E-02  6.0681E-01
  2.1763E-01  1.6800E-01 -1.2458E+00  6.4434E-02  6.0681E-01
 -1.2357E+00  1.5283E-01  2.4936E-01  6.4051E-02  6.1776E-01
  1.0995E+00  1.8058E-01 -6.0905E-01  6.4051E-02  6.1776E-01
 -1.1123E+00 -4.1124E-02 -5.9883E-01  6.3669E-02  6.2897E-01
 -2.6003E-01  1.9218E-02 -1.2367E+00  6.3669E-02  6.2897E-01
 -4.8736E-01 -6.7367E-03 -1.1662E+00  6.3669E-02  6.2897E-01
 -1.2260E+00  1.6405E-01  2.5979E-01  6.3669E-02  6.2897E-01
 -1.1745E+00  1.6091E-01  4.3848E-01  6.3669E-02  6.2897E-01
  8.3154E-01 -5.4994E-02  9.5027E-01  6.3669E-02  6.2897E-01
 -5.9608E-04  9.0110E-02 -1.2607E+00  6.3669E-02  6.2897E-01
 -5.9658E-01  1.5073E-01 -1.1040E+00  6.3669E-02  6.2897E-01
  1.2368E+00  1.5219E-01  1.7294E-01  6.3285E-02  6.4046E-01
  1.1740E+00 -3.9113E-02 -4.5063E-01  6.3285E-02  6.4046E-01
  1.8653E-01 -9.0665E-02 -1.2409E+00  6.3285E-02  6.4046E-01
 -1.1569E+00 -1.3398E-01 -4.7573E-01  6.3285E-02  6.4046E-01
 -1.1581E+00 -6.6966E-02 -4.8703E-01  6.3285E-02  6.4046E-01
  1.1411E+00  1.3688E-01  5.1171E-01  6.3285E-02  6.4046E-01
 -7.6469E-01  6.3256E-02  9.9702E-01  6.3285E-02  6.4046E-01
 -2.8438E-01 -1.1026E-01  1.2146E+00  6.2902E-02  6.5224E-01
 -1.2322E+00  1.6224E-01 -1.5343E-01  6.2902E-02  6.5224E-01
  9.2720E-01 -1.9259E-02  8.4155E-01  6.2902E-02  6.5224E-01
  6.1249E-01  1.5471E-01  1.0813E+00  6.2902E-02  6.5224E-01
  2.2031E-01  1.6366E-02 -1.2269E+00  6.2518E-02  6.6433E-01
 -9.4292E-01 -6.8614E-02 -8.1251E-01  6.2518E-02  6.6433E-01
  1.2120E+00 -8.9223E-02 -2.7781E-01  6.2518E-02  6.6433E-01
 -6.1390E-01 -1.0490E-01 -1.0733E+00  6.2134E-02  6.7672E-01
 -4.3776E-01 -5.2609E-02  1.1599E+00  6.2134E-02  6.7672E-01
  2.6891E-01 -5.1135E-02 -1.2046E+00  6.1750E-02  6.8943E-01
 -9.8853E-01 -9.4403E-02  7.3473E-01  6.1750E-02  6.8943E-01
  7.2622E-01  1.0610E-01 -9.8670E-01  6.1365E-02  7.0248E-01
 -1.0799E-01 -1.6449E-01 -1.2083E+00  6.0980E-02  7.1587E-01
  1.1587E+00 -5.2123E-02  3.9176E-01  6.0980E-02  7.1587E-01
  1.1471E+00  2.7439E-02  4.2669E-01  6.0980E-02  7.1587E-01
 -1.1089E+00 -1.5711E-01  4.9442E-01  6.0980E-02  7.1587E-01
 -1.5433E-01  4.4784E-02 -1.2081E+00  6.0595E-02  7.2962E-01
 -1.1555E+00  1.8539E-01  3.4038E-01  6.0595E-02  7.2962E-01
  1.0872E+00 -1.7586E-01  5.2192E-01  6.0595E-02  7.2962E-01
 -9.3266E-01  6.2963E-02  7.8201E-01  6.0595E-02  7.2962E-01
  2.1684E-01 -9.9586E-02  1.1897E+00  6.0209E-02  7.4374E-01
 -7.6127E-01  1.6840E-01  9.2271E-01  5.9822E-02  7.5825E-01
 -4.4784E-01 -1.0354E-01  1.1171E+00  5.9822E-02  7.5825E-01
  1.1365E+00 -1.3233E-01 -3.8760E-01  5.9822E-02  7.5825E-01
 -4.1532E-01  1.7923E-01 -1.1201E+00  5.9822E-02  7.5825E-01
  8.0192E-01 -2.8146E-02  9.0300E-01  5.9822E-02  7.5825E-01
  3.8248E-01  1.7617E-01 -1.1322E+00  5.9822E-02  7.5825E-01
  1.1963E+00  9.1576E-02  8.3409E-02  5.9436E-02  7.7315E-01
 -3.7650E-01 -1.0619E-01 -1.1373E+00  5.9436E-02  7.7315E-01
  1.1022E+00  1.2053E-01  4.6595E-01  5.9436E-02  7.7315E-01
  7.5095E-01 -1.0599E-01  9.3347E-01  5.9436E-02  7.7315E-01
  1.1751E+00  1.6978E-01 -1.9167E-01  5.9436E-02  7.7315E-01
  4.6929E-01 -9.0959E-04 -1.1074E+00  5.9436E-02  7.7315E-01
 -7.1403E-01  6.5117E-02 -9.6563E-01  5.9436E-02  7.7315E-01
 -1.0430E+00 -1.6551E-01 -5.7553E-01  5.9436E-02  7.7315E-01
  7.0369E-01  1.4694E-01 -9.5770E-01  5.9048E-02  7.8847E-01
 -2.9198E-01 -7.9387E-02  1.1586E+00  5.9048E-02  7.8847E-01
  7.1748E-01  7.1814E-03  9.5871E-01  5.9048E-02  7.8847E-01
  1.1741E+00  7.1376E-02 -1.9461E-01  5.8660E-02  8.0422E-01
 -1.7980E-01 -5.4078E-02 -1.1774E+00  5.8660E-02  8.0422E-01
 -9.3386E-01  1.5936E-02 -7.3284E-01  5.8271E-02  8.2042E-01
 -1.1317E+00  1.3555E-01 -3.1362E-01  5.7882E-02  8.3709E-01
  1.1722E+00  1.1861E-01 -9.6405E-02  5.7882E-02  8.3709E-01
 -5.3622E-01 -3.1408E-03  1.0479E+00  5.7492E-02  8.5424E-01
  1.0647E+00 -5.2568E-02 -4.9920E-01  5.7492E-02  8.5424E-01
 -1.1501E+00  1.7008E-01  1.4930E-01  5.7101E-02  8.7190E-01
  1.0383E+00  1.2985E-01  5.2837E-01  5.7101E-02  8.7190E-01
  8.3800E-01  1.6591E-01  8.0264E-01  5.7101E-02  8.7190E-01
  1.0447E+00 -7.9766E-02  5.2553E-01  5.7101E-02  8.7190E-01
 -1.1058E+00 -8.4041E-02 -3.7981E-01  5.7101E-02  8.7190E-01
  1.1530E+00  2.9787E-03 -1.8222E-01  5.6710E-02  8.9009E-01
 -1.1473E+00  1.3949E-01 -1.6349E-01  5.6710E-02  8.9009E-01
 -5.0257E-01 -1.8402E-01  1.0374E+00  5.6710E-02  8.9009E-01
 -4.7300E-01  9.2978E-02  1.0578E+00  5.6317E-02  9.0882E-01
 -1.1446E+00 -1.5506E-01  1.3096E-01  5.6317E-02  9.0882E-01
 -1.1310E+00 -1.4556E-01 -2.0011E-01  5.5924E-02  9.2814E-01
  1.1538E+00 -6.9806E-02 -6.5005E-02  5.5924E-02  9.2814E-01
 -5.5974E-01 -7.6939E-03  1.0134E+00  5.5924E-02  9.2814E-01
 -5.3292E-01  6.1034E-02 -1.0206E+00  5.5530E-02  9.4805E-01
  9.9039E-01 -3.2819E-02 -5.8949E-01  5.5530E-02  9.4805E-01
 -2.0588E-01 -1.3419E-01  1.1265E+00  5.5530E-02  9.4805E-01
 -7.8931E-01  9.1099E-02 -8.3554E-01  5.5530E-02  9.4805E-01
  5.3178E-01  6.7591E-02  1.0156E+00  5.5134E-02  9.6859E-01
  4.3822E-01  1.7182E-01 -1.0475E+00  5.5134E-02  9.6859E-01
 -5.9627E-01  3.1438E-02  9.8094E-01  5.5134E-02  9.6859E-01
  2.4896E-01  1.5086E-01  1.1109E+00  5.5134E-02  9.6859E-01
  4.0217E-01 -8.7286E-02  1.0721E+00  5.5134E-02  9.6859E-01
 -1.1469E+00 -4.5043E-02 -3.7384E-02  5.5134E-02  9.6859E-01
  1.0637E+00 -1.7590E-01 -3.8198E-01  5.4738E-02  9.8980E-01
 -1.1407E+00  7.9932E-02 -2.8289E-02  5.4738E-02  9.8980E-01
  1.4108E-01  8.6796E-02 -1.1317E+00  5.4738E-02  9.8980E-01
 -7.9105E-01 -4.5820E-02 -8.1861E-01  5.4340E-02  1.0117E+00
 -8.1758E-01  1.7000E-01 -7.7501E-01  5.4340E-02  1.0117E+00
 -1.1228E+00  9.8433E-02  1.6608E-01  5.4340E-02  1.0117E+00
 -4.5206E-03 -1.5606E-01  1.1285E+00  5.4340E-02  1.0117E+00
  3.8423E-01  4.8901E-02 -1.0714E+00  5.4340E-02  1.0117E+00
  4.9418E-01  1.0980E-01  1.0206E+00  5.4340E-02  1.0117E+00
  5.0234E-01 -3.8328E-02  1.0218E+00  5.4340E-02  1.0117E+00
  5.3492E-02  2.4954E-02 -1.1333E+00  5.3941E-02  1.0343E+00
  1.0820E+00 -8.7221E-02  3.3085E-01  5.3941E-02  1.0343E+00
 -1.0904E+00 -4.4591E-02 -3.1137E-01  5.3941E-02  1.0343E+00
  9.2790E-01 -1.4286E-02  6.5318E-01  5.3941E-02  1.0343E+00
 -1.6147E-01 -6.7358E-02 -1.1168E+00  5.3541E-02  1.0577E+00
  3.1886E-01  1.7711E-01 -1.0654E+00  5.3139E-02  1.0818E+00
 -5.1199E-01 -5.4599E-02 -1.0015E+00  5.3139E-02  1.0818E+00
  9.9327E-01 -6.6224E-02  5.2649E-01  5.3139E-02  1.0818E+00
  6.5705E-01  1.3919E-01  8.9861E-01  5.2736E-02  1.1068E+00
 -9.0763E-01 -3.3178E-02 -6.5139E-01  5.2331E-02  1.1327E+00
 -1.0852E+00 -9.6062E-02 -2.4944E-01  5.2331E-02  1.1327E+00
 -5.3515E-01  4.1465E-02 -9.8036E-01  5.2331E-02  1.1327E+00
  9.7118E-01  1.6978E-01  5.2649E-01  5.2331E-02  1.1327E+00
 -6.3709E-01  1.0882E-01  9.0679E-01  5.1925E-02  1.1595E+00
  6.7798E-01 -7.4086E-02  8.8026E-01  5.1925E-02  1.1595E+00
  2.8406E-01 -1.1252E-01  1.0708E+00  5.1925E-02  1.1595E+00
 -1.8896E-01 -1.0345E-01 -1.0925E+00  5.1925E-02  1.1595E+00
 -9.1457E-02 -1.7204E-01  1.0964E+00  5.1925E-02  1.1595E+00
  1.1076E+00  6.4677E-02 -5.8353E-03  5.1516E-02  1.1873E+00
  1.0962E+00 -1.0095E-01 -1.0134E-01  5.1106E-02  1.2161E+00
 -1.0316E+00  1.8056E-01 -3.5410E-01  5.1106E-02  1.2161E+00
  9.9347E-01  9.0207E-03 -4.8483E-01  5.1106E-02  1.2161E+00
  3.1206E-01 -1.2060E-01 -1.0495E+00  5.0694E-02  1.2461E+00
  6.9003E-01 -6.3370E-02 -8.5634E-01  5.0694E-02  1.2461E+00
  8.8401E-01 -6.2592E-02 -6.5428E-01  5.0694E-02  1.2461E+00
 -1.1006E+00  1.8299E-02 -4.1643E-02  5.0694E-02  1.2461E+00
 -1.0916E+00 -2.0655E-02  1.4633E-01  5.0694E-02  1.2461E+00
 -3.1664E-01 -2.7816E-02 -1.0507E+00  5.0279E-02  1.2771E+00
 -7.2489E-01 -6.2429E-02 -8.2196E-01  5.0279E-02  1.2771E+00
  2.6414E-01 -9.8431E-02  1.0609E+00  5.0279E-02  1.2771E+00
 -1.0864E+00 -1.2781E-01 -5.7001E-03  4.9863E-02  1.3094E+00
 -9.0412E-01  1.5476E-01  5.9606E-01  4.9863E-02  1.3094E+00
 -4.1061E-01  7.2850E-03 -1.0139E+00  4.9863E-02  1.3094E+00
 -3.5436E-01 -1.5919E-01  1.0226E+00  4.9863E-02  1.3094E+00
  1.0861E+00  1.1159E-01  6.7289E-02  4.9863E-02  1.3094E+00
  1.0760E+00 -5.5303E-02  1.6634E-01  4.9444E-02  1.3430E+00
 -1.0283E+00 -1.3303E-01  3.2493E-01  4.9022E-02  1.3780E+00
 -6.8247E-01 -1.0986E-01  8.3831E-01  4.9022E-02  1.3780E+00
 -1.0021E+00 -3.1574E-02 -4.1883E-01  4.9022E-02  1.3780E+00
 -1.7107E-01 -2.9868E-02  1.0726E+00  4.9022E-02  1.3780E+00
 -4.4449E-01  4.9046E-02 -9.9026E-01  4.9022E-02  1.3780E+00
  7.5671E-01 -1.3510E-01 -7.6287E-01  4.8597E-02  1.4144E+00
  6.9397E-01 -1.1066E-01 -8.2400E-01  4.8597E-02  1.4144E+00
  2.8828E-02  4.6735E-02  1.0781E+00  4.8170E-02  1.4524E+00
 -3.2135E-01  3.8630E-03  1.0305E+00  4.8170E-02  1.4524E+00
 -1.0053E+00  9.5350E-02  3.8151E-01  4.8170E-02  1.4524E+00
  2.1171E-01  9.9951E-03 -1.0584E+00  4.8170E-02  1.4524E+00
 -6.4208E-01 -5.1375E-02  8.6191E-01  4.7739E-02  1.4920E+00
 -7.6418E-01 -5.8249E-02  7.5046E-01  4.7306E-02  1.5334E+00
 -9.9780E-01 -1.0002E-01 -3.8072E-01  4.7306E-02  1.5334E+00
  3.1060E-01  3.2303E-02 -1.0262E+00  4.7306E-02  1.5334E+00
  9.2553E-01 -1.8574E-01  5.0238E-01  4.6868E-02  1.5768E+00
  3.7062E-01  1.3120E-01 -9.9444E-01  4.6868E-02  1.5768E+00
  9.5335E-01  1.1658E-01 -4.7013E-01  4.6868E-02  1.5768E+00
  5.1231E-01  1.7948E-01  9.2131E-01  4.6868E-02  1.5768E+00
 -1.0104E+00 -1.7962E-01  3.0043E-01  4.6868E-02  1.5768E+00
  9.3947E-02 -8.2120E-02 -1.0620E+00  4.6868E-02  1.5768E+00
 -9.4513E-01  1.6579E-01 -4.6460E-01  4.6427E-02  1.6222E+00
  8.5771E-01 -5.9417E-02  6.3040E-01  4.6427E-02  1.6222E+00
 -1.0634E+00  3.7269E-02 -6.6625E-02  4.6427E-02  1.6222E+00
  1.0517E-01 -7.0199E-03  1.0609E+00  4.6427E-02  1.6222E+00
 -3.9846E-01 -9.8334E-02 -9.8053E-01  4.5982E-02  1.6697E+00
 -9.9628E-01 -1.8153E-01  3.1275E-01  4.5533E-02  1.7196E+00
 -2.6048E-01  1.0146E-01  1.0223E+00  4.5533E-02  1.7196E+00
  9.5260E-01 -8.2433E-02 -4.5728E-01  4.5533E-02  1.7196E+00
  2.2892E-01 -6.6608E-02  1.0296E+00  4.5079E-02  1.7721E+00
 -1.0469E+00 -1.3016E-01 -6.2619E-02  4.5079E-02  1.7721E+00
 -5.8029E-01 -1.4555E-01  8.7123E-01  4.5079E-02  1.7721E+00
 -4.0058E-01 -7.8533E-02  9.7485E-01  4.5079E-02  1.7721E+00
  8.3157E-01 -6.4106E-02 -6.4433E-01  4.4620E-02  1.8273E+00
 -1.7712E-01 -1.8389E-01 -1.0225E+00  4.4620E-02  1.8273E+00
 -4.3300E-02  1.6036E-01 -1.0408E+00  4.4620E-02  1.8273E+00
 -1.0496E+00  9.5373E-02 -7.3000E-03  4.4620E-02  1.8273E+00
  9.8959E-01 -1.6061E-01  3.2510E-01  4.4620E-02  1.8273E+00
  9.6415E-01  8.9762E-02  4.0878E-01  4.4156E-02  1.8855E+00
 -6.8879E-01 -9.2904E-02 -7.8846E-01  4.4156E-02  1.8855E+00
 -6.8403E-01 -1.1001E-01  7.9041E-01  4.4156E-02  1.8855E+00
  1.0480E+00  7.8820E-02  1.1929E-02  4.4156E-02  1.8855E+00
  1.0098E+00 -1.7819E-01 -2.3094E-01  4.4156E-02  1.8855E+00
 -4.2758E-01  4.9702E-02  9.5582E-01  4.3687E-02  1.9469E+00
  3.2337E-01  1.2968E-01 -9.8581E-01  4.3212E-02  2.0119E+00
  1.5501E-01 -2.7849E-02 -1.0336E+00  4.3212E-02  2.0119E+00
  3.0564E-01  1.0220E-01  9.9466E-01  4.3212E-02  2.0119E+00
 -1.0209E+00  1.2016E-02  2.2556E-01  4.3212E-02  2.0119E+00
  1.0109E+00  8.6880E-02  2.4143E-01  4.2730E-02  2.0806E+00
 -6.1643E-01  8.7791E-02  8.3666E-01  4.2730E-02  2.0806E+00
 -4.8557E-01 -1.7297E-01 -9.0665E-01  4.2730E-02  2.0806E+00
  4.1312E-01  7.8894E-02 -9.5436E-01  4.2730E-02  2.0806E+00
 -1.3352E-01  1.0789E-01 -1.0261E+00  4.2242E-02  2.1536E+00
  9.1891E-01  1.7616E-01 -4.5489E-01  4.2242E-02  2.1536E+00
 -1.0338E+00 -8.2420E-02 -8.2171E-02  4.2242E-02  2.1536E+00
  2.0617E-01 -1.5760E-01  1.0049E+00  4.1747E-02  2.2312E+00
  4.0012E-01 -6.3778E-02  9.5553E-01  4.1747E-02  2.2312E+00
  3.7154E-01  1.7051E-01  9.5136E-01  4.1244E-02  2.3138E+00
  4.7388E-01 -7.5905E-03  9.2064E-01  4.1244E-02  2.3138E+00
 -2.5711E-01  1.4997E-01 -9.9177E-01  4.1244E-02  2.3138E+00
  9.3436E-01  6.7858E-02  4.4109E-01  4.1244E-02  2.3138E+00
 -6.8660E-01  8.8173E-03 -7.7193E-01  4.0733E-02  2.4020E+00
 -2.4866E-01 -1.7820E-01  9.8680E-01  4.0733E-02  2.4020E+00
  2.5590E-01  9.8994E-02  9.9369E-01  4.0213E-02  2.4964E+00
 -5.0790E-01 -1.6453E-01  8.7685E-01  3.9143E-02  2.7067E+00
  2.1752E-01  1.7802E-01  9.8737E-01  3.9143E-02  2.7067E+00
  8.6645E-01 -1.8141E-01  5.1985E-01  3.9143E-02  2.7067E+00
 -2.9230E-01  6.8818E-02 -9.7754E-01  3.8029E-02  2.9517E+00
 -9.6991E-01 -6.4897E-02  3.1752E-01  3.8029E-02  2.9517E+00
 -8.4879E-01  6.1802E-02  5.6701E-01  3.8029E-02  2.9517E+00
 -5.9474E-01  1.2863E-01  8.2189E-01  3.8029E-02  2.9517E+00
  4.4215E-01 -2.2770E-02  9.1975E-01  3.7452E-02  3.0900E+00
 -8.7094E-01  7.2748E-02  5.2390E-01  3.6862E-02  3.2409E+00
 -5.5457E-02 -1.1210E-01 -1.0095E+00  3.6256E-02  3.4062E+00
 -4.2719E-01 -6.6837E-02  9.2080E-01  3.6256E-02  3.4062E+00
 -6.3072E-01  1.3954E-01  7.8584E-01  3.6256E-02  3.4062E+00
 -6.2315E-01  1.8250E-01 -7.7893E-01  3.4991E-02  3.7890E+00
 -5.5875E-01 -8.8962E-02 -8.3980E-01  3.4329E-02  4.0125E+00
 -4.4044E-01 -2.2084E-02 -9.1000E-01  3.3644E-02  4.2626E+00
  2.8100E-01  9.8126E-02  9.6643E-01  3.3644E-02  4.2626E+00
 -1.0007E+00  1.1472E-01  7.3885E-02  3.2934E-02  4.5444E+00
 -1.8050E-01  9.6585E-02 -9.8894E-01  3.2934E-02  4.5444E+00
  8.0208E-01  7.1395E-02 -6.0950E-01  3.2934E-02  4.5444E+00
 -5.2026E-01 -7.4645E-02 -8.6236E-01  3.2934E-02  4.5444E+00
 -1.3762E-01  4.9308E-02  9.9927E-01  3.2934E-02  4.5444E+00
  9.5732E-01  1.1432E-01  2.9649E-01  3.2195E-02  4.8645E+00
  4.2866E-01  1.6812E-01  8.9745E-01  3.2195E-02  4.8645E+00
  4.4831E-01  1.0650E-01  8.9599E-01  3.1425E-02  5.2312E+00
 -7.5254E-01 -2.9667E-02  6.6927E-01  3.1425E-02  5.2312E+00
 -8.7994E-01 -1.5000E-02  4.9051E-01  3.1425E-02  5.2312E+00
  9.9001E-01  4.9913E-02 -1.8033E-01  3.1425E-02  5.2312E+00
  1.7646E-01 -3.7574E-02 -9.9125E-01  3.1425E-02  5.2312E+00
 -9.6922E-02  1.7762E-01  9.8700E-01  3.1425E-02  5.2312E+00
  9.7976E-01  6.3618E-02 -2.2614E-01  3.1425E-02  5.2312E+00
  8.5703E-01  5.4066E-02 -5.2492E-01  3.0618E-02  5.6557E+00
  1.0007E+00  1.0625E-02 -1.0677E-01  3.0618E-02  5.6557E+00
  9.7451E-01 -5.4297E-02  2.4567E-01  3.0618E-02  5.6557E+00
  5.3535E-01  1.6298E-01 -8.3536E-01  2.9770E-02  6.1530E+00
 -5.8930E-01  1.2842E-01 -8.0450E-01  2.9770E-02  6.1530E+00
  9.8016E-01 -7.7692E-02  2.0596E-01  2.8874E-02  6.7438E+00
 -8.1716E-01 -1.3202E-01  5.6920E-01  2.8874E-02  6.7438E+00
 -9.4991E-01 -1.4093E-01 -2.9490E-01  2.8874E-02  6.7438E+00
  2.4975E-01  1.6874E-01  9.5742E-01  2.7921E-02  7.4574E+00
 -9.7375E-01 -1.4415E-02  2.4313E-01  2.7921E-02  7.4574E+00
 -4.0180E-01  1.7546E-01  9.0293E-01  2.7921E-02  7.4574E+00
 -9.2692E-01 -5.6637E-02 -3.8096E-01  2.7921E-02  7.4574E+00
  6.5443E-01  4.5570E-02 -7.5971E-01  2.7921E-02  7.4574E+00
 -8.9378E-01 -1.5492E-01 -4.2799E-01  2.6903E-02  8.3369E+00
  4.1013E-01 -1.2480E-01  9.0678E-01  2.6903E-02  8.3369E+00
 -9.8711E-01  1.4654E-01  1.0076E-01  2.6903E-02  8.3369E+00
  3.6651E-01 -1.2518E-01 -9.2450E-01  2.5804E-02  9.4481E+00
  1.8512E-01  1.3823E-01  9.7536E-01  2.5804E-02  9.4481E+00
 -1.7114E-01 -3.3169E-03 -9.8703E-01  2.4606E-02  1.0897E+01
  8.2378E-01 -5.4732E-02  5.6738E-01  2.4606E-02  1.0897E+01
  9.8325E-01 -1.7324E-01 -8.2127E-02  2.4606E-02  1.0897E+01
  7.8241E-01 -1.4259E-01  6.0831E-01  2.3280E-02  1.2866E+01
 -4.6497E-01  1.1154E-01  8.7972E-01  2.3280E-02  1.2866E+01
 -9.5992E-01  1.7471E-01 -2.2487E-01  2.3280E-02  1.2866E+01
  7.5781E-01  1.2889E-01 -6.4160E-01  2.3280E-02  1.2866E+01
  9.9046E-01  9.9901E-02  1.0743E-01  2.3280E-02  1.2866E+01
  7.9108E-02 -6.6715E-02  9.9591E-01  2.3280E-02  1.2866E+01
 -9.9611E-01 -3.4101E-02 -9.1180E-02  2.1787E-02  1.5696E+01
 -7.4231E-01  1.2466E-01 -6.5966E-01  2.1787E-02  1.5696E+01
  3.9775E-01 -2.6789E-02  9.1803E-01  2.1787E-02  1.5696E+01
 -8.4986E-01  6.4445E-02  5.2405E-01  2.0058E-02  2.0115E+01
 -3.9392E-01  1.1993E-01  9.1186E-01  2.0058E-02  2.0115E+01
  4.5588E-01 -8.9052E-02  8.8588E-01  1.7969E-02  2.7981E+01
  1.0669E-01  4.7448E-02  9.9343E-01  1.7969E-02  2.7981E+01
  6.6119E-01 -1.6015E-01 -7.3329E-01  1.7969E-02  2.7981E+01
