0.73316571428572D+01       602
(x,y,z) position of the X-ray source
  0.1768E+01  0.1765E-01  0.3368E+00
x | y | z | R | rho
 -7.7587E-01 -3.4636E-01  8.5683E+00  2.9100E-01  6.5874E-03
 -1.9754E+00  1.1033E-01  9.0136E+00  3.0521E-01  5.7098E-03
  4.0023E-01 -5.0058E-02  7.3276E+00  2.6059E-01  9.1731E-03
  2.5229E-01 -2.3572E-01  8.3964E+00  2.8617E-01  6.9269E-03
 -5.9609E-01 -2.3522E-01  9.1566E+00  3.0409E-01  5.7731E-03
  9.4084E-01  1.8482E-01  7.5184E+00  2.6648E-01  8.5787E-03
 -5.5728E-01  3.4996E-01  9.4048E+00  3.0972E-01  5.4636E-03
 -9.4295E-01 -2.2565E-01  7.1482E+00  2.5751E-01  9.5069E-03
  4.9433E-01  7.8198E-02  9.7802E+00  3.1791E-01  5.0525E-03
 -1.7354E+00 -4.1769E-02  6.6497E+00  2.4899E-01  1.0516E-02
 -1.8672E+00 -2.2428E-01  6.7398E+00  2.5212E-01  1.0129E-02
  1.5238E+00  1.4884E-01  6.1704E+00  2.3584E-01  1.2375E-02
 -3.6199E-01  2.4189E-01  7.6156E+00  2.6766E-01  8.4652E-03
 -1.5647E-01 -4.7549E-03  7.2846E+00  2.5930E-01  9.3110E-03
  8.5956E-01 -1.7997E-01  9.5518E+00  3.1342E-01  5.2726E-03
  1.7052E-01  3.8962E-01  9.2312E+00  3.0550E-01  5.6935E-03
 -6.4153E-01 -1.4798E-01  8.3525E+00  2.8558E-01  6.9698E-03
  1.5282E+00  2.0531E-01  7.0142E+00  2.5671E-01  9.5953E-03
  7.0378E-01  2.9478E-01  9.2836E+00  3.0717E-01  5.6008E-03
  2.0211E+00 -3.5715E-01  8.2531E+00  2.8853E-01  6.7580E-03
  5.0941E-01  7.9330E-02  8.1124E+00  2.7968E-01  7.4200E-03
 -5.8807E-01 -1.8515E-01  7.0446E+00  2.5397E-01  9.9091E-03
  4.2304E-01  1.3099E-01  7.9035E+00  2.7461E-01  7.8393E-03
 -2.0654E+00 -1.6758E-01  7.9249E+00  2.8117E-01  7.3031E-03
  1.5010E+00 -2.6289E-01  9.3401E+00  3.1053E-01  5.4211E-03
 -1.4457E+00 -1.8559E-01  6.9587E+00  2.5493E-01  9.7984E-03
  2.7744E-01  2.0551E-01  7.5786E+00  2.6665E-01  8.5617E-03
 -3.9786E-02  2.8974E-01  6.4427E+00  2.3821E-01  1.2009E-02
  2.2317E-01 -2.9035E-01  8.6529E+00  2.9217E-01  6.5086E-03
 -2.2866E-01  1.0430E-02  6.2978E+00  2.3440E-01  1.2604E-02
 -1.7395E+00  2.8062E-01  6.0016E+00  2.3318E-01  1.2804E-02
  1.8768E-01 -2.9307E-03  6.2286E+00  2.3257E-01  1.2905E-02
 -9.4290E-01  1.6198E-01  6.1338E+00  2.3195E-01  1.3008E-02
  5.1852E-01  1.6081E-01  6.1488E+00  2.3103E-01  1.3164E-02
  2.7277E-01  1.3335E-01  5.9776E+00  2.2610E-01  1.4044E-02
  1.2477E+00 -2.6521E-01  5.6802E+00  2.2176E-01  1.4886E-02
 -1.9077E+00  2.0097E-01  5.1629E+00  2.1329E-01  1.6731E-02
  5.4093E-01  1.4047E-01  5.4094E+00  2.1139E-01  1.7186E-02
 -1.1304E+00 -1.2789E-01  5.3060E+00  2.1107E-01  1.7263E-02
 -7.1057E-01  2.6684E-01  5.3265E+00  2.0980E-01  1.7579E-02
  1.7194E-01  7.7658E-02  5.2614E+00  2.0661E-01  1.8405E-02
 -2.4622E-01 -1.5531E-01  5.2452E+00  2.0629E-01  1.8490E-02
  1.5357E+00  1.8027E-01  4.9602E+00  2.0469E-01  1.8928E-02
 -1.1239E-01 -2.1382E-01  5.1554E+00  2.0373E-01  1.9197E-02
  1.2610E+00 -1.8993E-01  4.9892E+00  2.0341E-01  1.9288E-02
  1.0168E+00 -1.8461E-02  4.9309E+00  2.0019E-01  2.0234E-02
  1.6432E+00 -8.1815E-02  4.7340E+00  1.9954E-01  2.0432E-02
  4.8851E-01  2.8931E-01  4.9449E+00  1.9857E-01  2.0733E-02
 -1.9693E+00  2.1383E-01  4.4412E+00  1.9532E-01  2.1784E-02
  1.9625E+00 -6.9977E-02  4.4238E+00  1.9467E-01  2.2004E-02
  1.7505E+00  2.0771E-01  4.4464E+00  1.9304E-01  2.2567E-02
 -3.6904E-01  9.1346E-02  4.6994E+00  1.9107E-01  2.3270E-02
  1.6029E+00  2.0027E-01  4.3688E+00  1.8943E-01  2.3881E-02
 -7.7698E-01 -2.5690E-01  4.5739E+00  1.8910E-01  2.4006E-02
  7.8399E-01  1.4097E-01  4.4397E+00  1.8514E-01  2.5581E-02
  1.6258E+00 -2.7111E-01  4.1257E+00  1.8315E-01  2.6425E-02
 -3.6094E-01  8.1458E-02  4.3369E+00  1.8048E-01  2.7614E-02
 -1.2540E-01 -1.0962E-02  4.3171E+00  1.7948E-01  2.8079E-02
 -1.6003E+00 -1.0914E-01  3.9374E+00  1.7746E-01  2.9045E-02
  1.2416E+00 -1.3220E-01  3.9821E+00  1.7511E-01  3.0234E-02
 -7.9290E-01  1.5514E-01  4.0829E+00  1.7477E-01  3.0409E-02
  5.0863E-01 -1.4586E-01  4.0945E+00  1.7376E-01  3.0944E-02
  2.2602E-01 -6.1491E-02  4.1219E+00  1.7376E-01  3.0944E-02
 -1.5838E+00 -2.4485E-01  3.7927E+00  1.7342E-01  3.1126E-02
  1.5799E+00  2.6131E-01  3.7690E+00  1.7274E-01  3.1493E-02
 -1.5784E+00 -7.7233E-02  3.7538E+00  1.7206E-01  3.1867E-02
  1.2055E+00  5.5352E-02  3.6224E+00  1.6421E-01  3.6660E-02
 -4.6199E-01  1.1368E-01  3.7662E+00  1.6352E-01  3.7125E-02
 -5.0807E-01 -1.1348E-01  3.7381E+00  1.6283E-01  3.7598E-02
  1.3988E+00 -1.6959E-01  3.4894E+00  1.6249E-01  3.7837E-02
  8.5736E-02  1.1027E-01  3.7605E+00  1.6249E-01  3.7837E-02
 -1.0442E+00  9.1269E-02  3.5457E+00  1.6042E-01  3.9323E-02
  1.2283E+00  8.6912E-02  3.3587E+00  1.5660E-01  4.2270E-02
 -6.1863E-01  1.8732E-01  3.4963E+00  1.5590E-01  4.2840E-02
 -1.5233E+00 -2.1872E-01  3.1209E+00  1.5346E-01  4.4921E-02
 -6.6087E-01 -8.6311E-02  3.3932E+00  1.5276E-01  4.5542E-02
 -5.4790E-01  1.4177E-01  3.3349E+00  1.5030E-01  4.7815E-02
  2.0258E-01 -7.9023E-02  3.3432E+00  1.4924E-01  4.8838E-02
 -1.8306E+00  1.6557E-01  2.8011E+00  1.4924E-01  4.8838E-02
 -1.6972E+00 -2.3946E-01  2.8161E+00  1.4747E-01  5.0614E-02
 -1.1766E+00  2.1170E-01  3.0493E+00  1.4676E-01  5.1350E-02
  1.7584E+00 -2.6871E-02  2.7632E+00  1.4676E-01  5.1350E-02
  8.4555E-01 -1.7021E-01  3.1376E+00  1.4606E-01  5.2102E-02
 -1.8634E+00  1.2413E-01  2.6125E+00  1.4464E-01  5.3651E-02
 -1.6328E+00  1.2005E-01  2.7503E+00  1.4428E-01  5.4049E-02
  9.7236E-01 -4.7298E-02  3.0268E+00  1.4357E-01  5.4857E-02
  1.5443E+00  8.5519E-02  2.7172E+00  1.4178E-01  5.6953E-02
  1.8900E+00  2.1328E-01  2.3744E+00  1.3892E-01  6.0548E-02
  4.1549E-01  2.2703E-01  2.9733E+00  1.3784E-01  6.1979E-02
 -1.8398E+00  8.9375E-02  2.3551E+00  1.3712E-01  6.2960E-02
  3.8855E-01 -8.0165E-02  2.9318E+00  1.3604E-01  6.4472E-02
 -2.7140E-01  2.0082E-01  2.9287E+00  1.3568E-01  6.4988E-02
 -1.7440E+00  2.1090E-01  2.2502E+00  1.3243E-01  6.9898E-02
 -1.1078E-01 -1.2149E-02  2.8525E+00  1.3243E-01  6.9898E-02
 -1.4656E+00  1.7860E-01  2.3949E+00  1.3098E-01  7.2249E-02
  7.0273E-01  2.0833E-01  2.6950E+00  1.3025E-01  7.3466E-02
 -1.8780E-01  1.8318E-01  2.7806E+00  1.3025E-01  7.3466E-02
  1.5288E+00  3.1116E-02  2.2264E+00  1.2697E-01  7.9312E-02
 -5.9537E-01 -2.5389E-02  2.5823E+00  1.2514E-01  8.2844E-02
  5.9396E-01 -1.4352E-01  2.5580E+00  1.2440E-01  8.4318E-02
 -3.6366E-01  1.7494E-02  2.6047E+00  1.2440E-01  8.4318E-02
 -8.1373E-01  4.6478E-02  2.4687E+00  1.2330E-01  8.6599E-02
  1.7731E+00 -1.7264E-03  1.9013E+00  1.2330E-01  8.6599E-02
 -1.6946E+00 -1.5817E-01  1.9252E+00  1.2220E-01  8.8967E-02
 -6.1338E-01  1.8607E-01  2.4781E+00  1.2183E-01  8.9776E-02
 -1.3123E+00 -8.9447E-02  2.1842E+00  1.2146E-01  9.0595E-02
  1.6822E+00  3.9515E-02  1.9156E+00  1.2146E-01  9.0595E-02
  1.7930E+00  1.1711E-01 -1.7948E+00  1.2109E-01  9.1425E-02
 -1.2541E+00 -1.8693E-01  2.1199E+00  1.1851E-01  9.7542E-02
  1.3622E+00 -1.3819E-01  2.0559E+00  1.1851E-01  9.7542E-02
 -7.4986E-01  6.4566E-02  2.3319E+00  1.1776E-01  9.9393E-02
 -1.6155E+00  2.0241E-01 -1.8048E+00  1.1702E-01  1.0129E-01
  6.5671E-01 -6.0785E-02  2.3089E+00  1.1591E-01  1.0424E-01
 -1.6241E+00  1.4172E-01 -1.7497E+00  1.1554E-01  1.0525E-01
  1.4457E+00 -4.0130E-03 -1.8188E+00  1.1293E-01  1.1270E-01
  7.8280E-01 -1.3161E-02  2.1670E+00  1.1219E-01  1.1496E-01
  1.4424E+00  1.2829E-01 -1.7921E+00  1.1219E-01  1.1496E-01
  1.4999E+00  1.5032E-01 -1.7170E+00  1.1144E-01  1.1729E-01
  1.5157E+00  2.5784E-02 -1.6966E+00  1.1107E-01  1.1847E-01
  1.3800E+00 -8.8147E-02 -1.7947E+00  1.1070E-01  1.1968E-01
 -6.8798E-02 -4.6124E-02  2.2641E+00  1.1070E-01  1.1968E-01
 -1.2897E+00  8.0615E-02  1.8493E+00  1.1032E-01  1.2090E-01
 -1.1362E+00  1.2797E-01 -1.9116E+00  1.0920E-01  1.2466E-01
 -1.7754E+00  8.0811E-03 -1.3293E+00  1.0882E-01  1.2596E-01
  1.5319E+00 -1.5106E-01  1.5967E+00  1.0882E-01  1.2596E-01
 -1.1832E+00  5.2748E-02  1.8528E+00  1.0808E-01  1.2859E-01
  1.6268E+00 -1.4419E-01  1.4583E+00  1.0770E-01  1.2994E-01
  1.0582E+00 -1.0125E-01 -1.9141E+00  1.0770E-01  1.2994E-01
  1.2826E+00  6.4375E-02 -1.7617E+00  1.0733E-01  1.3131E-01
 -1.7120E+00  2.8731E-02  1.3342E+00  1.0695E-01  1.3269E-01
 -4.5400E-01  1.4582E-01  2.1176E+00  1.0695E-01  1.3269E-01
  4.3371E-01  3.6171E-02  2.0978E+00  1.0582E-01  1.3698E-01
  1.2866E+00  1.6159E-01  1.7055E+00  1.0582E-01  1.3698E-01
  1.4618E+00  2.9846E-03 -1.5663E+00  1.0582E-01  1.3698E-01
  1.8685E+00 -1.7051E-01  1.0343E+00  1.0582E-01  1.3698E-01
 -1.4850E+00  1.5576E-01  1.5234E+00  1.0545E-01  1.3845E-01
 -3.5359E-01  1.4200E-01  2.0893E+00  1.0507E-01  1.3994E-01
  1.1350E+00 -4.3214E-03 -1.7510E+00  1.0357E-01  1.4613E-01
  1.3767E+00  3.2950E-02 -1.5677E+00  1.0357E-01  1.4613E-01
 -1.7556E-01  9.8577E-03  2.0792E+00  1.0357E-01  1.4613E-01
  1.1277E+00 -1.6678E-01 -1.7477E+00  1.0357E-01  1.4613E-01
 -4.3864E-02 -6.0181E-02  2.0761E+00  1.0319E-01  1.4773E-01
 -1.6850E+00 -1.5700E-01 -1.1890E+00  1.0281E-01  1.4936E-01
 -1.1077E+00  3.1515E-02 -1.7354E+00  1.0244E-01  1.5102E-01
 -1.6287E+00  1.6087E-01 -1.2493E+00  1.0244E-01  1.5102E-01
 -1.3095E+00  5.2767E-02  1.5762E+00  1.0206E-01  1.5269E-01
  8.3228E-01 -9.6495E-02 -1.8607E+00  1.0168E-01  1.5440E-01
 -8.4991E-01 -9.6190E-03 -1.8552E+00  1.0168E-01  1.5440E-01
  6.3938E-01 -6.5429E-02  1.9272E+00  1.0131E-01  1.5613E-01
 -1.2255E-02 -8.6519E-02  2.0296E+00  1.0131E-01  1.5613E-01
  1.6551E+00 -8.4265E-02 -1.1591E+00  1.0093E-01  1.5789E-01
  1.2094E+00 -3.5339E-02  1.6206E+00  1.0093E-01  1.5789E-01
 -1.8426E+00  6.0349E-02  8.3145E-01  1.0093E-01  1.5789E-01
 -1.6625E+00  6.4646E-02  1.1337E+00  1.0055E-01  1.5967E-01
  1.3152E+00 -1.7277E-01 -1.4781E+00  9.9419E-02  1.6519E-01
  1.6302E+00 -1.7098E-01 -1.0893E+00  9.8663E-02  1.6902E-01
  1.6737E+00 -3.8836E-02 -1.0347E+00  9.8663E-02  1.6902E-01
  1.7771E+00 -3.0132E-02  8.4517E-01  9.8663E-02  1.6902E-01
 -7.4024E-01 -1.1404E-01  1.8103E+00  9.8285E-02  1.7098E-01
 -1.4443E+00  1.0116E-01  1.3197E+00  9.8285E-02  1.7098E-01
 -1.6526E+00 -1.4223E-01 -1.0424E+00  9.8285E-02  1.7098E-01
  1.9036E+00 -5.3817E-02  4.2006E-01  9.7907E-02  1.7297E-01
  7.0299E-01 -8.1986E-02  1.7980E+00  9.7150E-02  1.7704E-01
  1.8836E+00  1.4484E-01  2.5064E-01  9.6015E-02  1.8340E-01
 -1.7364E+00  3.6611E-02 -7.8428E-01  9.6015E-02  1.8340E-01
  1.7535E+00 -7.1972E-02 -7.4280E-01  9.6015E-02  1.8340E-01
 -1.2375E+00 -1.2014E-01 -1.4326E+00  9.5636E-02  1.8558E-01
 -4.0320E-01  8.4152E-02  1.8426E+00  9.5257E-02  1.8781E-01
  1.3487E+00 -1.1943E-01 -1.3033E+00  9.4878E-02  1.9007E-01
 -1.2992E+00  1.3109E-01 -1.3515E+00  9.4878E-02  1.9007E-01
 -1.0424E+00  5.7284E-02  1.5626E+00  9.4878E-02  1.9007E-01
 -1.8667E+00 -1.0920E-01  4.6452E-02  9.4499E-02  1.9236E-01
 -1.7138E-02  2.5832E-02  1.8703E+00  9.4499E-02  1.9236E-01
  2.1637E-01 -7.1556E-02  1.8478E+00  9.4120E-02  1.9470E-01
  4.3727E-01 -1.8497E-01 -1.7912E+00  9.3741E-02  1.9707E-01
  1.8398E+00 -5.1342E-02  2.1552E-01  9.3741E-02  1.9707E-01
  1.7288E+00 -9.7008E-02 -6.3541E-01  9.3361E-02  1.9948E-01
 -7.8717E-01  1.7682E-01  1.6586E+00  9.3361E-02  1.9948E-01
 -2.1589E-01 -1.6375E-01  1.8244E+00  9.3361E-02  1.9948E-01
  1.7573E+00 -1.1842E-01  5.4729E-01  9.3361E-02  1.9948E-01
 -1.6676E+00 -2.6111E-02  7.8747E-01  9.3361E-02  1.9948E-01
  7.1026E-01  1.3773E-01  1.6966E+00  9.3361E-02  1.9948E-01
  1.8236E+00 -5.2225E-02 -2.0412E-01  9.2982E-02  2.0193E-01
  1.1573E+00 -1.0546E-01 -1.4099E+00  9.2603E-02  2.0443E-01
  2.6152E-01  2.1967E-02  1.8081E+00  9.2603E-02  2.0443E-01
 -1.7993E+00 -3.8691E-02  2.6019E-01  9.2223E-02  2.0696E-01
 -7.4550E-01  5.9431E-02  1.6576E+00  9.2223E-02  2.0696E-01
 -1.4635E+00 -4.2786E-02  1.0785E+00  9.2223E-02  2.0696E-01
 -6.8125E-01  4.6519E-02 -1.6761E+00  9.1844E-02  2.0954E-01
  8.4765E-01 -1.7057E-01 -1.5900E+00  9.1844E-02  2.0954E-01
 -1.4302E+00  7.1003E-02  1.0928E+00  9.1464E-02  2.1216E-01
  1.5995E+00 -7.7349E-02  8.2482E-01  9.1464E-02  2.1216E-01
 -3.6814E-01 -1.2290E-01 -1.7503E+00  9.1084E-02  2.1482E-01
 -1.7855E+00  1.5834E-01 -3.2463E-02  9.1084E-02  2.1482E-01
 -1.4819E+00 -5.3601E-02  1.0076E+00  9.1084E-02  2.1482E-01
 -1.2531E+00 -1.8481E-01 -1.2567E+00  9.0704E-02  2.1753E-01
  1.7790E+00  1.0802E-01 -8.5238E-02  9.0704E-02  2.1753E-01
  5.7517E-01  8.2116E-02 -1.6870E+00  9.0704E-02  2.1753E-01
  1.4500E+00 -4.0403E-03  1.0252E+00  9.0325E-02  2.2029E-01
  7.8709E-01  2.8540E-02  1.5916E+00  9.0325E-02  2.2029E-01
  1.2718E+00 -3.8976E-02  1.2143E+00  8.9565E-02  2.2594E-01
 -1.6810E+00  1.3481E-01 -4.6949E-01  8.9185E-02  2.2884E-01
 -1.6806E+00  5.1989E-02  4.8702E-01  8.9185E-02  2.2884E-01
 -1.5937E+00 -8.0450E-02 -6.9911E-01  8.8805E-02  2.3179E-01
 -6.3961E-01 -1.1557E-02  1.6114E+00  8.8425E-02  2.3479E-01
  1.0441E+00 -7.3084E-02 -1.3717E+00  8.8044E-02  2.3785E-01
  7.6841E-01  3.6489E-02 -1.5445E+00  8.8044E-02  2.3785E-01
  6.4290E-01  1.6053E-01  1.5931E+00  8.8044E-02  2.3785E-01
  1.5069E+00 -6.6092E-02 -8.3782E-01  8.8044E-02  2.3785E-01
  1.5643E+00 -1.0644E-01  7.2021E-01  8.8044E-02  2.3785E-01
 -1.5707E+00 -1.2869E-01 -6.6064E-01  8.7284E-02  2.4412E-01
  1.6306E+00 -1.6934E-01  4.8248E-01  8.7284E-02  2.4412E-01
 -5.5540E-01  1.1760E-01  1.6031E+00  8.6904E-02  2.4734E-01
 -9.1937E-01 -9.1055E-02  1.4180E+00  8.6524E-02  2.5061E-01
 -9.1575E-01  1.4665E-01 -1.4059E+00  8.6143E-02  2.5395E-01
  1.6609E+00  1.4651E-01 -2.3782E-01  8.6143E-02  2.5395E-01
 -7.9594E-01 -1.4535E-01  1.4679E+00  8.5763E-02  2.5734E-01
  1.1945E-02  8.7120E-02  1.6656E+00  8.5382E-02  2.6079E-01
  1.2271E+00 -2.8520E-03 -1.1297E+00  8.5382E-02  2.6079E-01
  1.6642E+00  8.4886E-02 -7.3079E-02  8.5382E-02  2.6079E-01
  1.5349E+00 -2.3091E-02 -6.3147E-01  8.5002E-02  2.6431E-01
 -9.2881E-01  9.0853E-02 -1.3727E+00  8.5002E-02  2.6431E-01
  7.4283E-01 -1.3273E-01 -1.4694E+00  8.4622E-02  2.6789E-01
 -1.4248E+00 -1.3813E-02  8.3549E-01  8.4622E-02  2.6789E-01
  5.7051E-01 -5.3735E-02  1.5492E+00  8.4622E-02  2.6789E-01
  1.6265E+00 -4.0897E-02  2.8482E-01  8.4622E-02  2.6789E-01
 -3.0013E-01 -5.6435E-02 -1.6151E+00  8.4241E-02  2.7154E-01
  1.6047E+00  3.5452E-02 -3.1515E-01  8.3861E-02  2.7525E-01
  4.3100E-01 -1.1438E-01 -1.5738E+00  8.3861E-02  2.7525E-01
  1.4555E-01  8.3468E-02  1.6191E+00  8.3480E-02  2.7903E-01
 -1.2063E+00 -5.1049E-02  1.0918E+00  8.3480E-02  2.7903E-01
 -1.5743E+00 -7.5854E-02  3.7373E-01  8.3100E-02  2.8288E-01
  7.8183E-01 -6.3373E-02 -1.4082E+00  8.2719E-02  2.8681E-01
  1.5425E+00  5.6780E-02 -4.6444E-01  8.2719E-02  2.8681E-01
  3.7035E-02 -3.7930E-02 -1.6032E+00  8.2338E-02  2.9080E-01
 -1.5636E+00 -2.2027E-02 -3.1998E-01  8.1958E-02  2.9487E-01
  1.2300E+00  1.0425E-01 -9.9963E-01  8.1577E-02  2.9902E-01
 -1.0932E+00  1.4628E-01  1.1430E+00  8.1577E-02  2.9902E-01
  8.3145E-01 -7.8352E-02  1.3419E+00  8.1197E-02  3.0324E-01
 -6.0883E-01  7.6327E-02  1.4566E+00  8.1197E-02  3.0324E-01
  3.0349E-01  9.9748E-02  1.5480E+00  8.1197E-02  3.0324E-01
 -8.4503E-01  9.0915E-02  1.3326E+00  8.1197E-02  3.0324E-01
 -1.2979E+00  9.4918E-02 -8.9704E-01  8.1197E-02  3.0324E-01
 -1.5371E+00  1.7446E-01  3.2403E-01  8.1197E-02  3.0324E-01
  1.1543E+00  1.4131E-01 -1.0589E+00  8.0816E-02  3.0755E-01
 -1.4978E-01 -1.2194E-01 -1.5609E+00  8.0816E-02  3.0755E-01
  1.5147E+00 -1.0369E-01  4.1059E-01  8.0816E-02  3.0755E-01
 -8.0164E-01  2.6419E-02  1.3440E+00  8.0435E-02  3.1193E-01
 -1.5496E+00  4.2860E-02  1.5017E-01  8.0055E-02  3.1640E-01
  4.3203E-01  7.6096E-02 -1.4864E+00  7.9674E-02  3.2096E-01
  1.4566E+00 -7.9778E-02 -5.2328E-01  7.9674E-02  3.2096E-01
 -1.4485E+00  1.1278E-01  5.1696E-01  7.9293E-02  3.2561E-01
 -7.7413E-01  1.7089E-01  1.3139E+00  7.8913E-02  3.3034E-01
  2.3548E-01 -1.1229E-01 -1.5122E+00  7.8913E-02  3.3034E-01
 -9.8373E-02 -3.2630E-03 -1.5314E+00  7.8913E-02  3.3034E-01
 -7.9453E-01  1.7175E-01  1.2927E+00  7.8532E-02  3.3517E-01
  1.0952E+00 -9.4120E-02  1.0600E+00  7.8532E-02  3.3517E-01
 -9.9575E-01 -1.2747E-02  1.1477E+00  7.8152E-02  3.4009E-01
  3.5176E-01 -5.3988E-03  1.4782E+00  7.8152E-02  3.4009E-01
 -1.2383E+00  5.4491E-02  8.7896E-01  7.8152E-02  3.4009E-01
  6.5930E-01  5.4705E-02  1.3679E+00  7.8152E-02  3.4009E-01
  1.3070E+00  4.4418E-02  7.7382E-01  7.8152E-02  3.4009E-01
  1.3054E+00  5.8647E-02 -7.6069E-01  7.7771E-02  3.4511E-01
  1.5022E+00  1.7218E-01 -1.2162E-02  7.7771E-02  3.4511E-01
 -1.4878E+00  1.5943E-01  1.5757E-01  7.7390E-02  3.5022E-01
  1.4216E-01  1.2436E-01 -1.4927E+00  7.7390E-02  3.5022E-01
 -7.9904E-01 -2.3334E-02 -1.2572E+00  7.6629E-02  3.6076E-01
 -1.1206E+00  5.8339E-02  9.8005E-01  7.6629E-02  3.6076E-01
  1.4587E+00 -1.1713E-01  2.7963E-01  7.6629E-02  3.6076E-01
  8.7129E-01 -1.8010E-01  1.1950E+00  7.6629E-02  3.6076E-01
 -3.7166E-01 -1.7577E-01 -1.4320E+00  7.6629E-02  3.6076E-01
  9.2996E-01 -1.6564E-01  1.1426E+00  7.6248E-02  3.6619E-01
 -1.0778E+00  1.1494E-01 -1.0113E+00  7.6248E-02  3.6619E-01
  1.3258E+00 -1.0679E-01 -6.3804E-01  7.5868E-02  3.7173E-01
  1.4653E+00  7.0964E-02  5.1673E-02  7.5487E-02  3.7739E-01
 -7.9959E-01 -1.2719E-01 -1.2072E+00  7.4726E-02  3.8904E-01
 -1.5582E-01 -1.7500E-01 -1.4345E+00  7.4726E-02  3.8904E-01
  1.2833E+00  1.2688E-01 -6.5511E-01  7.4345E-02  3.9504E-01
 -3.3644E-01 -8.2160E-02  1.4043E+00  7.4345E-02  3.9504E-01
  1.2799E+00 -1.1416E-01  6.4846E-01  7.3965E-02  4.0117E-01
 -8.0713E-01  8.4564E-02  1.1887E+00  7.3965E-02  4.0117E-01
  1.1941E+00 -1.0638E-01  7.9644E-01  7.3965E-02  4.0117E-01
 -1.2127E+00 -1.7006E-01  7.5630E-01  7.3965E-02  4.0117E-01
 -1.1301E+00 -4.4445E-02 -8.7878E-01  7.3584E-02  4.0743E-01
 -1.3094E+00 -1.4292E-01  5.6247E-01  7.3584E-02  4.0743E-01
  1.3053E+00  1.4765E-01  5.7075E-01  7.3584E-02  4.0743E-01
  5.2964E-01  6.5928E-02  1.3291E+00  7.3584E-02  4.0743E-01
  6.5275E-02 -4.2676E-02 -1.4301E+00  7.3584E-02  4.0743E-01
 -1.3421E+00  9.5009E-02 -4.6998E-01  7.3203E-02  4.1382E-01
 -1.4045E-01  1.6283E-01  1.4018E+00  7.2822E-02  4.2035E-01
 -1.3277E+00 -1.0802E-01 -4.8668E-01  7.2822E-02  4.2035E-01
 -3.3470E-01 -4.6419E-02 -1.3703E+00  7.2442E-02  4.2701E-01
  1.4105E+00 -2.7318E-02  3.9806E-02  7.2442E-02  4.2701E-01
  1.2101E+00  8.0676E-02  7.2182E-01  7.2442E-02  4.2701E-01
  1.3004E+00 -1.2485E-01 -5.1538E-01  7.2061E-02  4.3381E-01
  1.1166E-01  1.1598E-01 -1.3951E+00  7.2061E-02  4.3381E-01
  9.4780E-01 -6.9959E-03 -1.0363E+00  7.2061E-02  4.3381E-01
 -1.3423E+00  1.6264E-01 -3.5341E-01  7.1680E-02  4.4076E-01
  1.3285E+00  4.0366E-03 -4.3383E-01  7.1680E-02  4.4076E-01
  8.1813E-01  9.1373E-02 -1.1294E+00  7.1680E-02  4.4076E-01
 -1.3813E+00 -1.8622E-01  1.0295E-01  7.1680E-02  4.4076E-01
 -1.0886E+00 -7.1840E-02  8.7350E-01  7.1680E-02  4.4076E-01
  5.9423E-01 -1.4852E-02 -1.2648E+00  7.1680E-02  4.4076E-01
  8.1010E-01 -7.8438E-02 -1.1277E+00  7.1300E-02  4.4786E-01
  1.3684E+00 -1.1207E-01  1.7389E-01  7.0919E-02  4.5511E-01
 -1.3289E+00  1.2520E-01 -3.3942E-01  7.0538E-02  4.6253E-01
  1.1464E+00  8.2272E-02 -7.5879E-01  7.0538E-02  4.6253E-01
  1.3540E+00 -1.7674E-01  1.1780E-01  7.0157E-02  4.7010E-01
 -1.3175E+00  5.8003E-02  3.7317E-01  7.0157E-02  4.7010E-01
  8.4002E-01 -2.5375E-02 -1.0826E+00  7.0157E-02  4.7010E-01
 -1.3691E+00  6.2046E-03 -6.2874E-02  7.0157E-02  4.7010E-01
  6.6723E-01  1.3598E-02  1.1819E+00  6.9395E-02  4.8575E-01
  7.9470E-01  8.8331E-02  1.0887E+00  6.9014E-02  4.9384E-01
 -1.1561E+00  1.6051E-01 -6.7986E-01  6.9014E-02  4.9384E-01
  1.1689E+00  1.1935E-01  6.3966E-01  6.8252E-02  5.1057E-01
  1.2075E+00 -1.4560E-01  5.5714E-01  6.8252E-02  5.1057E-01
 -1.1693E-02  4.6981E-02  1.3369E+00  6.8252E-02  5.1057E-01
  1.2162E-01 -1.0846E-01 -1.3278E+00  6.8252E-02  5.1057E-01
  8.0187E-01  1.2690E-01 -1.0633E+00  6.8252E-02  5.1057E-01
  1.2095E+00 -9.1884E-02 -5.4874E-01  6.7871E-02  5.1923E-01
  1.1294E+00 -1.0643E-01 -6.8458E-01  6.7489E-02  5.2808E-01
  1.0297E+00  1.3660E-01  8.2258E-01  6.7489E-02  5.2808E-01
 -3.7538E-01 -1.8029E-01  1.2512E+00  6.7108E-02  5.3713E-01
  8.5913E-01  9.8375E-03 -1.0003E+00  6.7108E-02  5.3713E-01
  8.0652E-01  7.1875E-02 -1.0408E+00  6.7108E-02  5.3713E-01
 -2.0422E-01  2.9625E-02 -1.2961E+00  6.6726E-02  5.4640E-01
 -6.2483E-01  2.4954E-03 -1.1541E+00  6.6726E-02  5.4640E-01
  1.2434E+00  5.8849E-02  4.1560E-01  6.6726E-02  5.4640E-01
 -5.0045E-01 -1.5638E-01  1.1963E+00  6.6345E-02  5.5588E-01
  5.4341E-01  8.7776E-02 -1.1845E+00  6.6345E-02  5.5588E-01
  4.7772E-01 -6.5465E-02  1.2139E+00  6.6345E-02  5.5588E-01
  1.2284E+00  5.9320E-02 -4.3984E-01  6.6345E-02  5.5588E-01
 -2.8036E-01 -8.6304E-02  1.2728E+00  6.6345E-02  5.5588E-01
 -1.2823E+00  1.8555E-01  1.0632E-01  6.5963E-02  5.6559E-01
  4.8681E-01 -1.5948E-01  1.1948E+00  6.5963E-02  5.6559E-01
 -1.0736E+00 -1.1951E-01 -7.2322E-01  6.5963E-02  5.6559E-01
  1.1583E+00  7.6739E-02  5.7148E-01  6.5581E-02  5.7553E-01
  1.2230E+00  1.8448E-01 -3.5865E-01  6.5199E-02  5.8571E-01
  2.0495E-01  2.2181E-02 -1.2712E+00  6.5199E-02  5.8571E-01
 -1.1285E+00 -5.2259E-02 -6.1811E-01  6.5199E-02  5.8571E-01
  1.1106E+00 -8.4163E-02  6.3423E-01  6.4817E-02  5.9614E-01
  2.4548E-01  1.2481E-01  1.2518E+00  6.4817E-02  5.9614E-01
  2.3262E-01 -9.7841E-02  1.2566E+00  6.4817E-02  5.9614E-01
  1.2762E+00 -1.1823E-01 -1.6671E-02  6.4817E-02  5.9614E-01
  3.9829E-01 -9.6706E-02  1.2081E+00  6.4434E-02  6.0681E-01
  8.6848E-01 -1.6682E-01  9.1947E-01  6.4434E-02  6.0681E-01
  3.8196E-01 -8.9237E-02 -1.2077E+00  6.4051E-02  6.1776E-01
  1.0877E+00  4.0241E-02  6.4248E-01  6.3669E-02  6.2897E-01
 -1.1922E+00  7.5925E-02  4.1284E-01  6.3669E-02  6.2897E-01
  1.1015E+00 -1.7302E-01 -5.9518E-01  6.3669E-02  6.2897E-01
  1.1691E+00 -7.3253E-02 -4.7477E-01  6.3669E-02  6.2897E-01
 -5.6309E-01 -1.2194E-01  1.1250E+00  6.3669E-02  6.2897E-01
 -1.5531E-01  9.9066E-02 -1.2445E+00  6.3285E-02  6.4046E-01
 -1.1560E+00 -8.7847E-03  4.9633E-01  6.3285E-02  6.4046E-01
  9.2881E-01 -2.6526E-02  8.3958E-01  6.2902E-02  6.5224E-01
  1.0736E+00 -8.3312E-02  6.2796E-01  6.2518E-02  6.6433E-01
  4.1909E-01  5.9298E-02  1.1725E+00  6.2518E-02  6.6433E-01
  8.9948E-01 -1.8211E-01 -8.3525E-01  6.2134E-02  6.7672E-01
 -8.2944E-01 -5.8678E-02  9.2112E-01  6.2134E-02  6.7672E-01
  9.6517E-01  5.0686E-02 -7.6930E-01  6.1750E-02  6.8943E-01
  2.5748E-01 -1.0972E-01 -1.2032E+00  6.1750E-02  6.8943E-01
 -9.0595E-01 -8.1170E-02 -8.3583E-01  6.1750E-02  6.8943E-01
  1.0241E+00 -5.2431E-02  6.8881E-01  6.1750E-02  6.8943E-01
 -8.8794E-01 -1.2535E-01  8.4958E-01  6.1750E-02  6.8943E-01
  2.5649E-02 -1.6066E-01 -1.2189E+00  6.1365E-02  7.0248E-01
 -8.7487E-01 -1.3598E-01 -8.5342E-01  6.1365E-02  7.0248E-01
 -1.1284E+00  1.1823E-01  4.5992E-01  6.0980E-02  7.1587E-01
  1.2046E+00 -1.6407E-02 -2.1771E-01  6.0980E-02  7.1587E-01
 -3.2841E-01  7.8792E-03 -1.1793E+00  6.0980E-02  7.1587E-01
  1.1899E+00  1.0931E-01 -2.3972E-01  6.0595E-02  7.2962E-01
 -7.4952E-01 -7.0058E-02 -9.4476E-01  5.9822E-02  7.5825E-01
 -1.1747E+00  6.5781E-02  2.4958E-01  5.9436E-02  7.7315E-01
 -6.3061E-01  1.6693E-01  1.0104E+00  5.9436E-02  7.7315E-01
 -7.1456E-01 -1.0030E-01  9.5567E-01  5.9048E-02  7.8847E-01
  1.0090E+00  1.6753E-01  6.2271E-01  5.9048E-02  7.8847E-01
 -7.4983E-01 -3.3790E-02  9.3304E-01  5.9048E-02  7.8847E-01
 -5.8970E-01 -4.6082E-02 -1.0412E+00  5.9048E-02  7.8847E-01
  8.7174E-01 -7.2872E-02  8.0260E-01  5.8271E-02  8.2042E-01
  1.6662E-02  1.6416E-01 -1.1757E+00  5.8271E-02  8.2042E-01
  9.8627E-01  6.0012E-02  6.5808E-01  5.8271E-02  8.2042E-01
  1.0068E+00 -7.3601E-02  6.2479E-01  5.8271E-02  8.2042E-01
  1.0398E+00 -4.5258E-02 -5.7104E-01  5.8271E-02  8.2042E-01
  6.0101E-01 -1.7664E-01  9.9659E-01  5.7492E-02  8.5424E-01
 -3.7200E-02 -5.3346E-02 -1.1753E+00  5.7492E-02  8.5424E-01
 -5.4383E-01  6.8562E-02 -1.0417E+00  5.7492E-02  8.5424E-01
 -1.0229E+00  4.2669E-02 -5.8085E-01  5.7492E-02  8.5424E-01
 -1.1512E+00  3.9765E-02  2.1743E-01  5.7101E-02  8.7190E-01
 -1.1608E+00  8.3781E-02 -1.3934E-01  5.7101E-02  8.7190E-01
  1.1645E+00 -5.9607E-02 -5.4361E-02  5.6710E-02  8.9009E-01
  1.0545E+00 -1.6832E-01  4.7136E-01  5.6710E-02  8.9009E-01
 -9.2810E-01 -1.6798E-01  6.8775E-01  5.6710E-02  8.9009E-01
 -1.0637E+00 -1.4684E-01 -4.5768E-01  5.6710E-02  8.9009E-01
  1.0923E+00 -1.8346E-01 -3.5302E-01  5.6317E-02  9.0882E-01
  1.0122E+00  4.5445E-02  5.6990E-01  5.6317E-02  9.0882E-01
 -5.4299E-01 -3.2733E-02 -1.0273E+00  5.6317E-02  9.0882E-01
  1.1429E+00 -4.8870E-02  2.0674E-01  5.6317E-02  9.0882E-01
 -1.0394E+00 -1.8751E-02 -5.2027E-01  5.6317E-02  9.0882E-01
 -9.7059E-01 -1.6403E-01 -6.1839E-01  5.6317E-02  9.0882E-01
 -8.2956E-01  1.0681E-01  8.0045E-01  5.5924E-02  9.2814E-01
 -1.0620E+00 -1.3350E-01 -4.4122E-01  5.5924E-02  9.2814E-01
  2.0136E-02  1.2693E-01  1.1506E+00  5.5924E-02  9.2814E-01
  1.1575E+00  2.2166E-02 -7.8033E-04  5.5924E-02  9.2814E-01
 -4.3326E-01  7.5518E-02 -1.0709E+00  5.5924E-02  9.2814E-01
  9.1873E-01 -1.2819E-01  6.9268E-01  5.5924E-02  9.2814E-01
 -1.0147E+00  4.9276E-02  5.4531E-01  5.5530E-02  9.4805E-01
  8.3658E-01 -1.4349E-01 -7.8037E-01  5.5530E-02  9.4805E-01
 -5.5414E-01  1.6958E-01  9.9143E-01  5.5134E-02  9.6859E-01
  4.1786E-01  4.7858E-02 -1.0686E+00  5.5134E-02  9.6859E-01
  9.6877E-01 -1.6960E-01 -5.8396E-01  5.4738E-02  9.8980E-01
 -1.0712E+00  3.2900E-02  3.9972E-01  5.4738E-02  9.8980E-01
 -8.3278E-01 -1.1588E-01 -7.7545E-01  5.4738E-02  9.8980E-01
  4.5430E-01  1.1883E-01  1.0380E+00  5.4340E-02  1.0117E+00
 -9.0697E-01  7.1820E-02 -6.8573E-01  5.4340E-02  1.0117E+00
 -9.2343E-01 -6.4878E-02 -6.6411E-01  5.4340E-02  1.0117E+00
 -8.1696E-01 -1.4643E-01  7.8046E-01  5.4340E-02  1.0117E+00
 -9.3397E-01 -2.4076E-04  6.4464E-01  5.3941E-02  1.0343E+00
  2.3477E-02 -7.5377E-02 -1.1321E+00  5.3941E-02  1.0343E+00
  3.1445E-01 -7.7524E-02 -1.0876E+00  5.3941E-02  1.0343E+00
  9.0751E-01 -1.0616E-01 -6.6563E-01  5.3541E-02  1.0577E+00
 -7.7458E-01 -3.8477E-02 -8.2248E-01  5.3541E-02  1.0577E+00
 -9.2912E-01  7.7293E-02 -6.3928E-01  5.3541E-02  1.0577E+00
 -5.7556E-01 -3.2804E-03  9.7295E-01  5.3541E-02  1.0577E+00
 -1.1136E+00 -1.6723E-01  1.1238E-02  5.3139E-02  1.0818E+00
 -5.5466E-01  7.6801E-02  9.7705E-01  5.3139E-02  1.0818E+00
 -1.1027E+00 -1.2008E-01 -1.9465E-01  5.3139E-02  1.0818E+00
 -8.0153E-01 -1.6111E-01 -7.7445E-01  5.3139E-02  1.0818E+00
  1.9578E-01  1.6861E-01 -1.0961E+00  5.3139E-02  1.0818E+00
 -1.1087E+00 -9.1740E-03  1.9707E-01  5.3139E-02  1.0818E+00
 -5.0348E-02  1.0682E-01 -1.1156E+00  5.2736E-02  1.1068E+00
  7.7553E-01 -9.1367E-02  7.9963E-01  5.2331E-02  1.1327E+00
  1.0367E+00 -1.5180E-01 -3.8914E-01  5.2331E-02  1.1327E+00
 -7.7139E-01  1.5883E-01  7.8723E-01  5.1925E-02  1.1595E+00
  1.1119E+00 -4.6101E-02  4.0166E-02  5.1925E-02  1.1595E+00
 -5.6141E-01  6.4120E-02 -9.5482E-01  5.1516E-02  1.1873E+00
  6.1669E-01  1.6124E-01 -9.0811E-01  5.1516E-02  1.1873E+00
  1.0291E+00 -4.0020E-03  4.1473E-01  5.1516E-02  1.1873E+00
  1.0135E+00  1.3639E-02  4.4125E-01  5.1106E-02  1.2161E+00
  9.0645E-01 -1.0204E-01 -6.2456E-01  5.1106E-02  1.2161E+00
  4.3523E-01  1.3429E-01  1.0073E+00  5.1106E-02  1.2161E+00
  9.3800E-01 -2.7115E-02 -5.8442E-01  5.1106E-02  1.2161E+00
 -1.0802E+00  4.9652E-02 -2.0993E-01  5.0694E-02  1.2461E+00
  4.2148E-01  4.3379E-02 -1.0168E+00  5.0694E-02  1.2461E+00
  5.9008E-01  4.3533E-02  9.2918E-01  5.0694E-02  1.2461E+00
  5.7652E-01  6.3371E-02  9.2751E-01  4.9863E-02  1.3094E+00
 -4.8627E-01  8.4541E-02 -9.7625E-01  4.9863E-02  1.3094E+00
  9.9936E-01 -6.5837E-03  4.4486E-01  4.9863E-02  1.3094E+00
 -7.3590E-01 -5.3155E-02  8.0765E-01  4.9863E-02  1.3094E+00
 -2.0668E-01  9.8439E-02  1.0697E+00  4.9863E-02  1.3094E+00
  1.0788E+00 -1.2408E-01 -9.6986E-02  4.9444E-02  1.3430E+00
  1.0394E+00 -1.3518E-01  2.9990E-01  4.9444E-02  1.3430E+00
  8.0424E-01 -4.9101E-02 -7.3439E-01  4.9444E-02  1.3430E+00
  7.7720E-01 -4.8023E-02 -7.6302E-01  4.9444E-02  1.3430E+00
  3.9557E-01  6.7823E-02  1.0136E+00  4.9444E-02  1.3430E+00
 -1.0196E+00 -1.5145E-01  3.4368E-01  4.9022E-02  1.3780E+00
 -1.1684E-01  1.0991E-01 -1.0746E+00  4.9022E-02  1.3780E+00
  4.1851E-01 -1.0406E-01  9.9340E-01  4.8597E-02  1.4144E+00
 -1.0206E+00  1.0159E-01 -3.4780E-01  4.8597E-02  1.4144E+00
 -1.0349E+00 -6.5221E-02 -3.1224E-01  4.8597E-02  1.4144E+00
  1.0648E+00 -1.6765E-01  5.7726E-02  4.8170E-02  1.4524E+00
 -9.0232E-01  3.0214E-02 -5.9172E-01  4.8170E-02  1.4524E+00
 -2.2702E-01 -5.1968E-02  1.0540E+00  4.8170E-02  1.4524E+00
  4.5669E-01  6.4445E-02  9.7216E-01  4.7739E-02  1.4920E+00
 -1.5661E-01 -8.5588E-02  1.0611E+00  4.7739E-02  1.4920E+00
 -1.0627E+00  1.6848E-02  1.6761E-01  4.7739E-02  1.4920E+00
 -1.0608E+00  4.6743E-02 -1.7413E-01  4.7739E-02  1.4920E+00
  6.2457E-01 -1.5252E-01 -8.5861E-01  4.7306E-02  1.5334E+00
  9.8034E-01 -5.9434E-02  4.3124E-01  4.7306E-02  1.5334E+00
  3.6481E-01 -8.3176E-02 -1.0053E+00  4.7306E-02  1.5334E+00
 -9.8776E-01 -1.8020E-02  4.0926E-01  4.6868E-02  1.5768E+00
  7.2393E-01 -7.7121E-02 -7.8325E-01  4.6868E-02  1.5768E+00
 -2.1665E-01  8.7761E-02  1.0402E+00  4.6427E-02  1.6222E+00
 -1.0886E-01 -9.4709E-03  1.0605E+00  4.6427E-02  1.6222E+00
  9.1628E-01  6.1388E-02 -5.4154E-01  4.6427E-02  1.6222E+00
  3.3649E-01  7.0820E-02 -1.0058E+00  4.5982E-02  1.6697E+00
  4.9372E-01 -1.0563E-01  9.3189E-01  4.5533E-02  1.7196E+00
 -4.8392E-01 -1.6651E-01 -9.2813E-01  4.5533E-02  1.7196E+00
 -1.0342E+00  1.4716E-01 -1.7907E-01  4.5533E-02  1.7196E+00
 -7.8062E-01  1.4627E-01  7.0184E-01  4.5533E-02  1.7196E+00
  8.0028E-01  4.3254E-02 -6.8895E-01  4.5079E-02  1.7721E+00
 -3.2932E-01 -4.2321E-02  1.0034E+00  4.5079E-02  1.7721E+00
  9.7119E-01 -7.7357E-02 -4.0196E-01  4.4620E-02  1.8273E+00
 -1.0041E+00  1.2691E-01 -2.9418E-01  4.4620E-02  1.8273E+00
 -8.5114E-01  7.2332E-02 -6.1733E-01  4.4620E-02  1.8273E+00
 -6.1362E-01  3.9033E-02 -8.5246E-01  4.4156E-02  1.8855E+00
 -3.5193E-01 -3.5852E-02 -9.8679E-01  4.3687E-02  1.9469E+00
  6.8800E-01 -9.6725E-02 -7.8498E-01  4.3687E-02  1.9469E+00
  3.7125E-01  1.4455E-02 -9.7733E-01  4.3212E-02  2.0119E+00
 -7.3635E-01  2.0143E-02 -7.4202E-01  4.3212E-02  2.0119E+00
 -1.0314E+00 -4.7854E-02 -1.6470E-01  4.3212E-02  2.0119E+00
 -7.0497E-01 -3.3322E-02 -7.7144E-01  4.3212E-02  2.0119E+00
  3.0345E-01  3.3537E-02  1.0000E+00  4.3212E-02  2.0119E+00
  7.2257E-02 -1.0775E-01 -1.0375E+00  4.3212E-02  2.0119E+00
  3.7481E-01  8.2204E-03  9.7322E-01  4.2730E-02  2.0806E+00
  9.5412E-01  1.3955E-01  3.9735E-01  4.2730E-02  2.0806E+00
  9.4776E-01 -7.4473E-02  4.2885E-01  4.2730E-02  2.0806E+00
 -1.1473E-01  1.2863E-01 -1.0286E+00  4.2730E-02  2.0806E+00
 -9.9953E-01 -3.0439E-02 -2.8700E-01  4.2242E-02  2.1536E+00
 -2.6971E-01 -1.4572E-01 -9.9418E-01  4.2242E-02  2.1536E+00
  1.0308E+00 -3.2901E-03  1.4068E-01  4.2242E-02  2.1536E+00
  1.0348E+00  7.4942E-02 -2.9427E-02  4.1747E-02  2.2312E+00
  4.1433E-01 -6.3224E-02 -9.4949E-01  4.1747E-02  2.2312E+00
  1.0275E+00 -1.2785E-01 -7.3741E-03  4.1244E-02  2.3138E+00
  7.9524E-02  1.6711E-01 -1.0188E+00  4.1244E-02  2.3138E+00
 -7.5157E-01 -1.1756E-01  7.0251E-01  4.1244E-02  2.3138E+00
  1.0294E+00  6.7269E-02 -5.6307E-02  4.0733E-02  2.4020E+00
  9.5031E-01 -1.7588E-01 -3.6516E-01  4.0733E-02  2.4020E+00
 -7.8444E-01  7.6156E-02  6.6799E-01  4.0733E-02  2.4020E+00
  6.6538E-01 -1.3986E-01  7.7787E-01  4.0733E-02  2.4020E+00
  3.7082E-01  1.2426E-01 -9.5625E-01  4.0733E-02  2.4020E+00
 -6.5571E-01  1.5722E-01 -7.8275E-01  4.0733E-02  2.4020E+00
 -8.8929E-01 -3.3454E-02  5.2034E-01  4.0213E-02  2.4964E+00
  7.0533E-01 -8.8469E-02  7.4659E-01  4.0213E-02  2.4964E+00
  6.4348E-01 -1.5580E-01 -7.9017E-01  4.0213E-02  2.4964E+00
 -9.9010E-01 -6.2636E-02  2.8015E-01  4.0213E-02  2.4964E+00
 -7.1017E-01 -1.2173E-01  7.3726E-01  4.0213E-02  2.4964E+00
 -7.7540E-01 -3.7516E-02  6.7827E-01  4.0213E-02  2.4964E+00
  3.9576E-01 -1.0622E-01 -9.4356E-01  3.9683E-02  2.5977E+00
  1.1450E-01  1.5819E-02 -1.0222E+00  3.9683E-02  2.5977E+00
  1.0238E+00 -7.1194E-02  2.4090E-02  3.9143E-02  2.7067E+00
  4.1077E-01  8.3328E-04 -9.4083E-01  3.9143E-02  2.7067E+00
 -3.2339E-01 -1.6634E-01 -9.5786E-01  3.8592E-02  2.8243E+00
 -9.8134E-03 -2.4935E-02  1.0242E+00  3.8592E-02  2.8243E+00
  8.9696E-01  1.6279E-01  4.6766E-01  3.8592E-02  2.8243E+00
  1.0178E+00 -9.5164E-02 -6.8741E-02  3.8592E-02  2.8243E+00
  3.5391E-01  5.3058E-02 -9.6004E-01  3.8592E-02  2.8243E+00
  9.6443E-01 -2.0805E-02 -3.3943E-01  3.8029E-02  2.9517E+00
  9.9322E-01  1.3153E-02  2.3512E-01  3.7452E-02  3.0900E+00
 -1.1964E-01  1.1189E-01  1.0075E+00  3.7452E-02  3.0900E+00
 -9.9245E-01 -6.9542E-02 -2.2836E-01  3.7452E-02  3.0900E+00
  2.0583E-01 -4.4753E-02 -9.9879E-01  3.7452E-02  3.0900E+00
 -1.0065E+00  1.4277E-01 -9.2829E-02  3.7452E-02  3.0900E+00
  4.7870E-02  1.5732E-01 -1.0056E+00  3.6862E-02  3.2409E+00
  1.0082E+00 -7.8320E-02  1.2537E-01  3.6862E-02  3.2409E+00
  8.4052E-01 -3.2766E-02 -5.7511E-01  3.6862E-02  3.2409E+00
 -1.6936E-01  6.7172E-02  1.0025E+00  3.6862E-02  3.2409E+00
  9.7980E-01  6.3642E-02 -2.6601E-01  3.6256E-02  3.4062E+00
  9.4842E-01  1.9821E-03  3.6784E-01  3.6256E-02  3.4062E+00
  5.0184E-02 -7.9636E-02  1.0129E+00  3.6256E-02  3.4062E+00
  4.3346E-01 -1.1987E-01 -9.1245E-01  3.6256E-02  3.4062E+00
  4.6400E-01  3.4378E-02  9.0279E-01  3.5633E-02  3.5880E+00
 -9.7027E-01 -1.6230E-01  2.5247E-01  3.5633E-02  3.5880E+00
  9.9312E-01  9.7062E-02 -1.8922E-01  3.5633E-02  3.5880E+00
  3.8187E-01 -1.3300E-01 -9.3166E-01  3.5633E-02  3.5880E+00
 -9.8772E-01 -2.0105E-02  2.3562E-01  3.5633E-02  3.5880E+00
  9.3753E-01  1.3941E-01 -3.6484E-01  3.5633E-02  3.5880E+00
 -9.9122E-01 -1.3155E-02  2.1369E-01  3.4991E-02  3.7890E+00
  5.3760E-01 -5.1106E-02 -8.5833E-01  3.4991E-02  3.7890E+00
  4.0060E-01 -9.4280E-02 -9.2682E-01  3.4991E-02  3.7890E+00
  6.7334E-01  5.6797E-02  7.5614E-01  3.4991E-02  3.7890E+00
  6.7357E-01  7.3913E-02  7.5248E-01  3.4329E-02  4.0125E+00
 -8.2878E-01  1.7098E-01  5.5358E-01  3.3644E-02  4.2626E+00
  3.3945E-01  2.6396E-02 -9.5218E-01  3.3644E-02  4.2626E+00
 -1.0097E-01  1.4330E-01 -9.9591E-01  3.3644E-02  4.2626E+00
 -9.0242E-01  4.5169E-03 -4.5628E-01  3.3644E-02  4.2626E+00
  9.7741E-01  8.9402E-02 -2.3789E-01  3.2934E-02  4.5444E+00
  8.6792E-01 -6.1392E-02  5.1271E-01  3.2934E-02  4.5444E+00
 -1.2101E-02  5.7596E-03 -1.0086E+00  3.2195E-02  4.8645E+00
 -9.9660E-01  4.4624E-02 -1.4911E-01  3.2195E-02  4.8645E+00
  8.1336E-03 -2.9477E-03  1.0086E+00  3.2195E-02  4.8645E+00
  1.5271E-01  3.7841E-02  9.9517E-01  3.1425E-02  5.2312E+00
 -9.9203E-01  1.7385E-01  2.7830E-02  3.1425E-02  5.2312E+00
  5.1661E-01  4.4942E-02 -8.6384E-01  3.1425E-02  5.2312E+00
  6.0759E-01  4.3970E-02  8.0117E-01  3.0618E-02  5.6557E+00
  9.5929E-01  1.5479E-01 -2.6224E-01  3.0618E-02  5.6557E+00
 -9.9366E-01  1.1392E-01  1.1237E-01  3.0618E-02  5.6557E+00
 -8.1083E-01 -5.8389E-02 -5.9172E-01  2.9770E-02  6.1530E+00
 -6.6716E-01 -1.2741E-01 -7.4139E-01  2.9770E-02  6.1530E+00
  4.7650E-01  5.8243E-02  8.8348E-01  2.9770E-02  6.1530E+00
  9.0809E-01 -3.4127E-02  4.3034E-01  2.9770E-02  6.1530E+00
 -6.4608E-01 -1.2839E-01 -7.5846E-01  2.8874E-02  6.7438E+00
  2.6931E-01 -1.4319E-01  9.5715E-01  2.8874E-02  6.7438E+00
  2.4619E-01  1.5973E-01 -9.6075E-01  2.8874E-02  6.7438E+00
 -4.9088E-01 -7.3163E-02 -8.7247E-01  2.7921E-02  7.4574E+00
  9.8223E-01 -3.2230E-02 -2.0422E-01  2.7921E-02  7.4574E+00
 -6.8053E-01 -1.6121E-01 -7.2000E-01  2.7921E-02  7.4574E+00
 -3.6715E-01  1.3068E-01 -9.2348E-01  2.5804E-02  9.4481E+00
  9.3094E-01  8.3312E-02 -3.6208E-01  2.5804E-02  9.4481E+00
 -3.9992E-01  1.6454E-01  9.0426E-01  2.5804E-02  9.4481E+00
  5.7701E-01 -9.6532E-02  8.1390E-01  2.5804E-02  9.4481E+00
  1.9864E-02  5.1196E-02  1.0008E+00  2.5804E-02  9.4481E+00
  9.3163E-01 -1.6388E-01 -3.3152E-01  2.5804E-02  9.4481E+00
  4.4314E-01  8.3039E-02  8.9458E-01  2.4606E-02  1.0897E+01
 -9.5091E-01 -1.5149E-01  2.7632E-01  2.4606E-02  1.0897E+01
 -9.3700E-01  1.4423E-01  3.2366E-01  2.4606E-02  1.0897E+01
 -3.5485E-02  1.8049E-01  9.8423E-01  2.3280E-02  1.2866E+01
  4.2693E-01 -4.4151E-02  9.0461E-01  2.3280E-02  1.2866E+01
  2.6753E-01  8.2841E-02  9.6130E-01  2.3280E-02  1.2866E+01
  6.2961E-01  1.5640E-01 -7.6267E-01  2.3280E-02  1.2866E+01
  4.3106E-01 -2.7854E-02 -9.0330E-01  2.3280E-02  1.2866E+01
 -1.1883E-01 -9.3759E-03  9.9415E-01  2.3280E-02  1.2866E+01
  8.3934E-01 -6.5074E-02  5.4205E-01  2.3280E-02  1.2866E+01
  9.0375E-01  1.7632E-02 -4.3065E-01  2.3280E-02  1.2866E+01
  6.7064E-01 -3.1305E-03  7.4293E-01  2.1787E-02  1.5696E+01
  9.4501E-01 -1.1928E-01  3.0732E-01  2.1787E-02  1.5696E+01
 -1.0844E-01  1.6042E-01  9.8194E-01  2.1787E-02  1.5696E+01
  1.8765E-01 -1.6810E-01  9.6863E-01  2.1787E-02  1.5696E+01
  9.9072E-01 -1.2247E-01  6.7179E-02  2.0058E-02  2.0115E+01
 -1.3672E-01  1.2890E-01 -9.8246E-01  1.7969E-02  2.7981E+01
 -6.0037E-01  4.1953E-02  7.9896E-01  1.7969E-02  2.7981E+01
  2.5007E-01 -1.6128E-01 -9.5498E-01  1.7969E-02  2.7981E+01
 -8.0410E-01  1.0919E-01  5.8484E-01  1.7969E-02  2.7981E+01
 -5.7171E-02  1.4586E-01  9.8792E-01  1.7969E-02  2.7981E+01
