0.17662628571429D+02       637
(x,y,z) position of the X-ray source
 -0.3373E+00 -0.9254E-01 -0.1766E+01
x | y | z | R | rho
 -9.7712E-01 -8.5010E-02  9.5190E+00  3.1291E-01  5.2984E-03
 -8.9799E-02 -2.2817E-01  9.3723E+00  3.0854E-01  5.5266E-03
  7.4624E-02 -2.7044E-02  9.2540E+00  3.0580E-01  5.6766E-03
  1.4009E+00  3.4712E-01  9.1289E+00  3.0553E-01  5.6919E-03
 -1.0854E+00 -8.5638E-02  9.0804E+00  3.0332E-01  5.8168E-03
  1.9211E+00  7.1337E-02  8.5577E+00  2.9473E-01  6.3408E-03
 -8.4958E-01  9.9209E-03  8.6085E+00  2.9193E-01  6.5247E-03
  9.0422E-01 -2.5253E-01  8.5629E+00  2.9109E-01  6.5814E-03
 -8.4023E-01  3.4601E-01  8.3482E+00  2.8603E-01  6.9372E-03
  1.4442E+00 -7.0945E-02  8.0401E+00  2.8064E-01  7.3444E-03
  3.7651E-01 -9.1729E-02  7.7759E+00  2.7147E-01  8.1138E-03
  1.0136E+00  1.7129E-02  7.6348E+00  2.6945E-01  8.2979E-03
  1.4893E+00  3.2445E-01  7.5007E+00  2.6829E-01  8.4058E-03
 -1.7098E+00 -2.0059E-01  7.1759E+00  2.6159E-01  9.0681E-03
  1.0585E+00 -3.3139E-01  7.2715E+00  2.6101E-01  9.1293E-03
  3.6780E-02  2.7286E-01  7.3505E+00  2.6101E-01  9.1293E-03
  8.2733E-01 -3.3646E-01  7.2292E+00  2.5925E-01  9.3165E-03
 -1.1232E+00  1.0403E-01  6.9916E+00  2.5424E-01  9.8784E-03
 -5.1643E-01  1.5674E-01  6.8473E+00  2.4889E-01  1.0529E-02
  4.2975E-01  8.4199E-03  6.7957E+00  2.4739E-01  1.0721E-02
 -1.4292E-02  2.0110E-01  6.7471E+00  2.4590E-01  1.0918E-02
 -1.8898E+00  4.2658E-02  6.4677E+00  2.4560E-01  1.0958E-02
  1.8362E+00  2.3758E-01  6.3190E+00  2.4169E-01  1.1499E-02
  1.0303E+00  9.9733E-02  6.3237E+00  2.3714E-01  1.2172E-02
  1.5481E-01  1.4145E-01  6.3690E+00  2.3623E-01  1.2314E-02
  9.5886E-01  1.3825E-01  6.0012E+00  2.2857E-01  1.3593E-02
  1.2196E+00  1.7027E-01  5.9050E+00  2.2734E-01  1.3816E-02
  4.6388E-01 -1.2886E-01  5.9776E+00  2.2641E-01  1.3986E-02
 -9.8931E-02  1.3202E-01  5.7261E+00  2.1926E-01  1.5400E-02
  1.7731E+00 -2.9433E-01  5.3656E+00  2.1738E-01  1.5803E-02
  6.7864E-01 -2.8631E-01  5.5519E+00  2.1581E-01  1.6151E-02
  6.3224E-01 -1.3759E-01  5.4695E+00  2.1329E-01  1.6731E-02
 -6.8149E-01 -1.0785E-01  5.4176E+00  2.1202E-01  1.7032E-02
 -1.6372E+00  3.0318E-02  5.1615E+00  2.1075E-01  1.7341E-02
 -1.5437E+00 -4.8758E-02  4.9487E+00  2.0437E-01  1.9017E-02
  1.7176E+00 -1.6059E-01  4.7788E+00  2.0148E-01  1.9848E-02
 -5.3548E-01  8.2985E-02  4.9593E+00  1.9889E-01  2.0632E-02
 -1.0393E+00 -1.2472E-01  4.6204E+00  1.9173E-01  2.3032E-02
 -1.2743E+00 -2.5868E-01  4.5319E+00  1.9107E-01  2.3270E-02
  1.6879E+00 -5.5870E-02  4.3897E+00  1.9075E-01  2.3391E-02
 -1.2232E+00 -1.2992E-01  4.4925E+00  1.8943E-01  2.3881E-02
  1.1514E+00 -2.0191E-01  4.2395E+00  1.8181E-01  2.7010E-02
 -1.6366E+00 -1.7641E-01  4.0780E+00  1.8181E-01  2.7010E-02
  5.7302E-01 -1.2968E-01  4.3015E+00  1.8014E-01  2.7768E-02
  9.4900E-01  2.6850E-01  4.1471E+00  1.7780E-01  2.8881E-02
  1.9737E+00  5.1285E-02  3.7147E+00  1.7612E-01  2.9716E-02
  1.1885E-02  1.4260E-01  4.1149E+00  1.7342E-01  3.1126E-02
  1.1013E+00  1.5547E-01  3.9412E+00  1.7274E-01  3.1493E-02
 -1.9541E+00  8.7766E-02  3.5850E+00  1.7240E-01  3.1679E-02
 -5.7795E-01  2.2129E-01  3.9693E+00  1.7037E-01  3.2829E-02
  1.1516E+00  1.9856E-01  3.8203E+00  1.6969E-01  3.3225E-02
 -1.2589E+00  1.6205E-02  3.7914E+00  1.6969E-01  3.3225E-02
 -4.1944E-01  3.8802E-02  3.9393E+00  1.6866E-01  3.3833E-02
 -3.6142E-01  2.3814E-01  3.9380E+00  1.6866E-01  3.3833E-02
 -8.1653E-01  2.8489E-02  3.8313E+00  1.6730E-01  3.4669E-02
  1.4479E+00  2.1014E-01  3.5982E+00  1.6627E-01  3.5315E-02
 -1.8055E+00  1.1525E-01  3.3998E+00  1.6524E-01  3.5979E-02
 -1.3431E+00 -3.2924E-02  3.5504E+00  1.6352E-01  3.7125E-02
 -1.1469E+00  2.2227E-01  3.6003E+00  1.6318E-01  3.7360E-02
 -1.4981E+00 -2.2501E-01  3.4327E+00  1.6215E-01  3.8079E-02
  1.5536E+00 -1.7807E-02  3.3671E+00  1.6076E-01  3.9070E-02
 -1.7122E+00 -1.1536E-01  3.2132E+00  1.5869E-01  4.0625E-02
  1.3304E+00  3.7039E-02  3.3791E+00  1.5834E-01  4.0893E-02
  1.7445E+00 -3.9782E-02  3.1727E+00  1.5799E-01  4.1163E-02
  7.9890E-01  4.0751E-02  3.5314E+00  1.5799E-01  4.1163E-02
 -7.6645E-01 -8.9990E-02  3.4819E+00  1.5625E-01  4.2554E-02
 -7.3758E-01  1.2247E-01  3.4760E+00  1.5590E-01  4.2840E-02
 -6.3675E-01 -7.3043E-02  3.4642E+00  1.5486E-01  4.3715E-02
  1.3733E+00  6.8676E-03  3.2325E+00  1.5451E-01  4.4012E-02
  5.2448E-01 -4.2631E-03  3.4289E+00  1.5311E-01  4.5230E-02
  1.7613E+00  1.2991E-01  2.9856E+00  1.5311E-01  4.5230E-02
 -5.5727E-01  1.9395E-01  3.3525E+00  1.5100E-01  4.7150E-02
 -1.1523E+00 -1.0206E-01  3.1786E+00  1.5030E-01  4.7815E-02
  4.4501E-01 -8.3010E-02  3.2979E+00  1.4853E-01  4.9538E-02
  1.5803E+00  2.3560E-01  2.8592E+00  1.4676E-01  5.1350E-02
  1.9083E+00 -5.8503E-02  2.6482E+00  1.4641E-01  5.1724E-02
 -8.3312E-01  1.7278E-01  3.1297E+00  1.4570E-01  5.2483E-02
 -8.0040E-01 -6.4234E-02  3.1423E+00  1.4570E-01  5.2483E-02
  2.7879E-02 -1.6377E-01  3.2284E+00  1.4535E-01  5.2868E-02
 -5.3063E-02  6.0390E-02  3.2317E+00  1.4535E-01  5.2868E-02
 -1.0033E+00  2.1011E-01  3.0546E+00  1.4499E-01  5.3258E-02
 -1.7752E-01  7.9130E-02  3.1948E+00  1.4428E-01  5.4049E-02
  4.4204E-01 -3.1128E-02  3.1592E+00  1.4392E-01  5.4451E-02
 -1.6282E+00  7.8561E-02  2.6556E+00  1.4143E-01  5.7386E-02
 -7.6715E-01  2.3935E-02  2.9547E+00  1.3928E-01  6.0082E-02
 -2.8941E-01  9.9916E-02  3.0163E+00  1.3856E-01  6.1020E-02
 -1.1199E+00  5.0381E-02  2.7492E+00  1.3640E-01  6.3962E-02
  1.3986E+00 -1.5765E-01  2.5904E+00  1.3568E-01  6.4988E-02
 -1.2847E+00  1.2356E-01  2.6390E+00  1.3532E-01  6.5509E-02
 -9.4016E-01 -7.2730E-02  2.7493E+00  1.3424E-01  6.7108E-02
 -1.6634E+00 -1.1140E-01  2.2919E+00  1.3170E-01  7.1060E-02
  2.2166E-01 -1.7005E-01  2.8203E+00  1.3170E-01  7.1060E-02
 -1.2078E+00  1.9063E-02  2.5182E+00  1.3025E-01  7.3466E-02
 -9.0674E-01 -1.8978E-01  2.6130E+00  1.2952E-01  7.4711E-02
  8.9307E-01  2.1726E-01  2.5505E+00  1.2733E-01  7.8631E-02
  1.8249E+00  1.7536E-01  1.9557E+00  1.2623E-01  8.0699E-02
 -1.9085E-01  5.1567E-02  2.6530E+00  1.2550E-01  8.2120E-02
  1.1560E+00 -2.0969E-01  2.3417E+00  1.2403E-01  8.5069E-02
  1.3857E+00  4.6309E-03  2.1283E+00  1.2109E-01  9.1425E-02
 -1.5187E+00 -1.0163E-01  2.0205E+00  1.2072E-01  9.2266E-02
  7.5436E-01 -8.4882E-02  2.4131E+00  1.2072E-01  9.2266E-02
 -8.2527E-01 -1.8216E-01  2.3632E+00  1.1998E-01  9.3979E-02
  9.3962E-02 -1.9154E-01  2.4907E+00  1.1961E-01  9.4853E-02
  1.3696E+00  1.6394E-01  2.0372E+00  1.1814E-01  9.8461E-02
 -5.9691E-01  1.1500E-01  2.3636E+00  1.1739E-01  1.0034E-01
 -1.7417E+00 -2.0325E-01  1.6833E+00  1.1702E-01  1.0129E-01
  5.9767E-01  1.6105E-01  2.3506E+00  1.1702E-01  1.0129E-01
  2.3993E-01  2.3176E-02  2.4187E+00  1.1702E-01  1.0129E-01
 -1.7671E+00 -3.3851E-02 -1.6110E+00  1.1554E-01  1.0525E-01
  1.7134E+00  9.2515E-02 -1.6658E+00  1.1554E-01  1.0525E-01
  1.8345E+00  4.6709E-03  1.5189E+00  1.1517E-01  1.0627E-01
 -8.8588E-02 -8.0620E-02  2.3787E+00  1.1517E-01  1.0627E-01
  4.4032E-02  2.2225E-02  2.3812E+00  1.1517E-01  1.0627E-01
  1.8887E+00 -1.0366E-01  1.4473E+00  1.1517E-01  1.0627E-01
  1.7210E+00  9.4388E-02 -1.6010E+00  1.1405E-01  1.0942E-01
  1.7358E+00  1.1609E-02 -1.5733E+00  1.1368E-01  1.1050E-01
 -8.5285E-01  1.0279E-02  2.1612E+00  1.1293E-01  1.1270E-01
 -9.7561E-01 -1.6410E-01  2.1022E+00  1.1293E-01  1.1270E-01
 -1.8819E-01  1.4057E-01  2.2727E+00  1.1144E-01  1.1729E-01
 -4.5813E-01 -2.0111E-01  2.1999E+00  1.1032E-01  1.2090E-01
  1.0480E-01  1.0641E-01  2.2415E+00  1.0995E-01  1.2214E-01
  7.2998E-01  4.5671E-02  2.0939E+00  1.0882E-01  1.2596E-01
 -1.4654E+00 -1.6870E-01 -1.6436E+00  1.0845E-01  1.2727E-01
 -1.6766E+00  2.6344E-02  1.4371E+00  1.0845E-01  1.2727E-01
 -1.3404E+00  1.9682E-03 -1.7312E+00  1.0770E-01  1.2994E-01
 -1.4448E+00  1.2965E-01  1.6274E+00  1.0733E-01  1.3131E-01
  1.8393E+00 -1.6409E-01 -1.1588E+00  1.0733E-01  1.3131E-01
  6.8074E-02  1.1079E-02  2.1790E+00  1.0733E-01  1.3131E-01
  1.6350E+00  5.2557E-05 -1.4277E+00  1.0695E-01  1.3269E-01
  1.2355E+00  4.1575E-02  1.7843E+00  1.0695E-01  1.3269E-01
  1.0716E+00  1.9574E-01 -1.8666E+00  1.0658E-01  1.3410E-01
  8.6974E-02  7.7824E-02  2.1581E+00  1.0658E-01  1.3410E-01
 -1.2365E+00 -6.8685E-02 -1.7598E+00  1.0620E-01  1.3553E-01
  1.7850E+00  1.9819E-01 -1.1509E+00  1.0545E-01  1.3845E-01
  1.7158E+00  8.0225E-02  1.2490E+00  1.0507E-01  1.3994E-01
  1.2915E+00 -1.8436E-01  1.6523E+00  1.0432E-01  1.4299E-01
  1.8542E+00 -1.9324E-01  9.7796E-01  1.0432E-01  1.4299E-01
  1.0228E+00 -2.0658E-02  1.8293E+00  1.0394E-01  1.4454E-01
 -1.6967E+00  6.6342E-02  1.2128E+00  1.0357E-01  1.4613E-01
  1.0317E+00  1.0113E-02 -1.7925E+00  1.0281E-01  1.4936E-01
  4.7122E-01 -5.1729E-02  2.0037E+00  1.0244E-01  1.5102E-01
 -1.5415E+00 -9.3235E-02  1.3618E+00  1.0244E-01  1.5102E-01
 -7.6440E-01 -1.3728E-01  1.8871E+00  1.0168E-01  1.5440E-01
 -1.4320E+00  1.2730E-01 -1.4482E+00  1.0168E-01  1.5440E-01
  1.2524E+00  1.5975E-01 -1.6032E+00  1.0168E-01  1.5440E-01
  1.7393E+00 -1.1563E-01 -1.0433E+00  1.0131E-01  1.5613E-01
 -2.0749E-01  1.2454E-02  2.0117E+00  1.0093E-01  1.5789E-01
 -1.3176E+00  6.4722E-03  1.5343E+00  1.0093E-01  1.5789E-01
  6.8374E-01 -1.1530E-01  1.8901E+00  1.0055E-01  1.5967E-01
 -1.7439E+00  1.4567E-01 -9.5822E-01  9.9797E-02  1.6332E-01
  2.9514E-01  1.8290E-01  1.9647E+00  9.9797E-02  1.6332E-01
  1.5027E+00 -1.0008E-01  1.2948E+00  9.9419E-02  1.6519E-01
 -1.0978E+00 -2.6602E-02  1.6549E+00  9.9419E-02  1.6519E-01
  9.5496E-01 -3.9699E-02 -1.7101E+00  9.8285E-02  1.7098E-01
  1.8339E+00  4.8463E-02  6.6148E-01  9.7907E-02  1.7297E-01
 -9.2093E-02 -1.0169E-01  1.9453E+00  9.7907E-02  1.7297E-01
 -1.7530E+00 -1.2949E-01 -8.2360E-01  9.7529E-02  1.7499E-01
 -1.8082E+00  1.6783E-01  6.6038E-01  9.7150E-02  1.7704E-01
  3.1096E-02  4.4410E-02  1.9226E+00  9.6772E-02  1.7912E-01
  5.7165E-01 -1.2795E-01 -1.8227E+00  9.6393E-02  1.8124E-01
  4.6773E-01 -1.2153E-01 -1.8525E+00  9.6393E-02  1.8124E-01
  1.7242E+00  6.7404E-02 -8.2951E-01  9.6393E-02  1.8124E-01
 -1.0105E+00  1.4071E-01  1.6200E+00  9.6393E-02  1.8124E-01
  1.8055E+00  4.0324E-02 -6.0851E-01  9.6015E-02  1.8340E-01
  1.6289E-01  1.7719E-01  1.8904E+00  9.6015E-02  1.8340E-01
  1.1817E+00  2.6434E-02 -1.4948E+00  9.6015E-02  1.8340E-01
  1.3573E+00  9.2316E-02  1.3218E+00  9.5636E-02  1.8558E-01
 -1.6009E+00 -9.5630E-02 -1.0129E+00  9.5636E-02  1.8558E-01
  1.6486E+00  5.1859E-02 -9.3670E-01  9.5636E-02  1.8558E-01
 -1.4180E+00  1.6736E-01 -1.2353E+00  9.5257E-02  1.8781E-01
  1.2600E-01  9.3583E-02 -1.8815E+00  9.5257E-02  1.8781E-01
  7.6301E-01  2.3495E-02  1.7172E+00  9.4878E-02  1.9007E-01
  1.4772E+00  3.1836E-02  1.1613E+00  9.4878E-02  1.9007E-01
  8.7934E-01 -4.4370E-02  1.6603E+00  9.4878E-02  1.9007E-01
  1.0812E+00  1.4575E-01  1.5194E+00  9.4499E-02  1.9236E-01
 -1.6976E+00 -1.1669E-01 -7.5540E-01  9.4120E-02  1.9470E-01
  1.8281E+00  6.1775E-02  3.4695E-01  9.4120E-02  1.9470E-01
  7.6985E-01 -4.3855E-02  1.6850E+00  9.3741E-02  1.9707E-01
  8.5296E-01 -6.6282E-03  1.6451E+00  9.3741E-02  1.9707E-01
 -1.5788E+00 -9.0650E-02  9.6593E-01  9.3741E-02  1.9707E-01
 -1.6689E+00 -9.7891E-02  7.7917E-01  9.3361E-02  1.9948E-01
 -7.6587E-01 -1.6748E-01  1.6695E+00  9.3361E-02  1.9948E-01
  1.5992E+00 -4.8648E-02 -9.1752E-01  9.3361E-02  1.9948E-01
 -1.7489E+00 -1.2735E-02 -5.8567E-01  9.3361E-02  1.9948E-01
  2.3478E-01 -7.6146E-02 -1.8191E+00  9.2982E-02  2.0193E-01
  4.0075E-01 -1.3369E-01 -1.7865E+00  9.2982E-02  2.0193E-01
  3.8596E-01 -1.3554E-01 -1.7807E+00  9.2603E-02  2.0443E-01
 -1.5743E+00  6.7355E-02 -9.2474E-01  9.2603E-02  2.0443E-01
  1.6681E-03 -1.4465E-01  1.8214E+00  9.2603E-02  2.0443E-01
  1.0372E+00 -1.5016E-01 -1.4861E+00  9.2223E-02  2.0696E-01
 -1.3399E+00  1.1385E-01  1.2241E+00  9.2223E-02  2.0696E-01
  7.2747E-01  1.5771E-01 -1.6497E+00  9.1844E-02  2.0954E-01
 -1.4854E+00  3.4814E-02 -1.0185E+00  9.1464E-02  2.1216E-01
 -1.5971E+00 -8.2042E-02 -8.2909E-01  9.1464E-02  2.1216E-01
 -1.5945E+00  3.2713E-02 -8.1895E-01  9.1084E-02  2.1482E-01
 -1.5493E+00  1.2439E-01 -8.9342E-01  9.1084E-02  2.1482E-01
 -1.2749E+00  1.6693E-01  1.2248E+00  9.0325E-02  2.2029E-01
  1.4127E+00 -6.8334E-02  1.0598E+00  8.9945E-02  2.2309E-01
 -3.3435E-01 -5.9043E-02  1.7344E+00  8.9945E-02  2.2309E-01
  6.4079E-01  1.3443E-02 -1.6380E+00  8.9565E-02  2.2594E-01
  1.7746E-01 -4.5990E-02  1.7409E+00  8.9185E-02  2.2884E-01
 -9.7931E-01  4.4605E-03  1.4408E+00  8.8805E-02  2.3179E-01
 -1.7125E+00  1.8171E-01 -2.6333E-01  8.8805E-02  2.3179E-01
 -1.2864E+00  3.1228E-02 -1.1744E+00  8.8805E-02  2.3179E-01
 -1.7374E+00 -1.2845E-01  5.2434E-03  8.8805E-02  2.3179E-01
 -9.9681E-01  5.3387E-02  1.4074E+00  8.8044E-02  2.3785E-01
 -1.6830E+00 -1.7955E-01  3.3524E-01  8.8044E-02  2.3785E-01
  1.7066E+00  2.7743E-02 -2.5307E-01  8.8044E-02  2.3785E-01
 -1.0863E+00 -3.1651E-03  1.3405E+00  8.8044E-02  2.3785E-01
 -1.2252E+00 -1.7639E-01  1.2020E+00  8.8044E-02  2.3785E-01
 -1.1778E+00  1.6096E-01  1.2506E+00  8.8044E-02  2.3785E-01
  1.7122E+00 -1.2751E-01 -1.7068E-01  8.8044E-02  2.3785E-01
  1.4520E+00  1.7905E-01  8.9894E-01  8.7664E-02  2.4095E-01
 -1.5198E+00 -5.9249E-02  7.9707E-01  8.7664E-02  2.4095E-01
  1.1193E+00 -1.4495E-01  1.2831E+00  8.7284E-02  2.4412E-01
  9.8131E-04  1.4635E-02 -1.7088E+00  8.7284E-02  2.4412E-01
 -1.6841E+00 -4.4118E-02  2.3235E-01  8.6904E-02  2.4734E-01
  1.6392E+00 -7.5936E-02 -4.1407E-01  8.6524E-02  2.5061E-01
 -1.0402E+00  7.0561E-02  1.3332E+00  8.6524E-02  2.5061E-01
  1.0026E+00  1.0808E-01 -1.3592E+00  8.6524E-02  2.5061E-01
 -1.5648E+00  9.1096E-02 -6.3830E-01  8.6524E-02  2.5061E-01
  9.3321E-01 -1.2369E-01 -1.3868E+00  8.5763E-02  2.5734E-01
  9.9121E-01 -1.6857E-01 -1.3410E+00  8.5763E-02  2.5734E-01
  1.6647E+00  6.5409E-02 -1.8401E-01  8.5763E-02  2.5734E-01
  1.6416E+00 -7.7196E-02  2.8504E-01  8.5382E-02  2.6079E-01
 -9.1602E-01 -5.9938E-02  1.3926E+00  8.5382E-02  2.6079E-01
  7.7521E-01 -4.5988E-02  1.4761E+00  8.5382E-02  2.6079E-01
 -1.6573E+00 -4.4951E-02  1.8284E-01  8.5382E-02  2.6079E-01
 -2.8798E-01 -1.3660E-01  1.6290E+00  8.5002E-02  2.6431E-01
  1.5473E+00 -3.6698E-02 -5.9963E-01  8.5002E-02  2.6431E-01
  1.6075E+00 -1.8632E-01 -3.6936E-01  8.5002E-02  2.6431E-01
  1.5317E+00 -2.5776E-03 -6.3966E-01  8.5002E-02  2.6431E-01
 -1.5850E+00  1.7056E-01  4.3257E-01  8.4622E-02  2.6789E-01
 -6.7374E-01  1.3342E-01 -1.5022E+00  8.4622E-02  2.6789E-01
 -1.6081E+00 -1.1502E-01 -3.2031E-01  8.4241E-02  2.7154E-01
 -5.2540E-01  1.4567E-01 -1.5422E+00  8.3861E-02  2.7525E-01
 -8.6753E-01  5.9104E-02 -1.3855E+00  8.3861E-02  2.7525E-01
 -1.5562E+00  8.2974E-02 -4.9706E-01  8.3861E-02  2.7525E-01
  1.5864E+00  1.4983E-01 -3.3238E-01  8.3480E-02  2.7903E-01
 -1.3333E+00 -1.1512E-01  9.1263E-01  8.3100E-02  2.8288E-01
  7.1728E-01 -1.0573E-02 -1.4523E+00  8.3100E-02  2.8288E-01
 -6.1518E-01  1.3040E-01  1.4928E+00  8.3100E-02  2.8288E-01
  1.3990E+00  1.7194E-01  7.9812E-01  8.3100E-02  2.8288E-01
  1.4996E+00  2.3012E-02  5.9060E-01  8.2719E-02  2.8681E-01
 -1.6082E+00 -1.0957E-01  1.6353E-03  8.2719E-02  2.8681E-01
  1.3597E+00 -8.1728E-03  8.6563E-01  8.2719E-02  2.8681E-01
 -1.5754E+00 -5.8308E-02  2.9617E-01  8.2338E-02  2.9080E-01
 -1.2695E+00  1.6344E-01  9.5367E-01  8.1958E-02  2.9487E-01
 -1.2159E+00  4.4431E-02 -1.0331E+00  8.1958E-02  2.9487E-01
  1.4420E+00 -3.9431E-02  6.8336E-01  8.1958E-02  2.9487E-01
  4.9838E-01  1.5938E-01 -1.5080E+00  8.1958E-02  2.9487E-01
  1.4811E+00 -5.3996E-02 -5.7139E-01  8.1577E-02  2.9902E-01
 -1.5476E+00 -1.6452E-01 -3.1753E-01  8.1577E-02  2.9902E-01
 -5.9512E-01 -4.0909E-02 -1.4637E+00  8.1197E-02  3.0324E-01
  7.3467E-01 -9.0830E-02 -1.3965E+00  8.1197E-02  3.0324E-01
 -3.1049E-01 -9.2192E-02 -1.5391E+00  8.0816E-02  3.0755E-01
  1.4513E+00  1.4238E-01 -5.8935E-01  8.0816E-02  3.0755E-01
  1.0249E+00 -3.6504E-02 -1.1823E+00  8.0435E-02  3.1193E-01
 -1.3182E+00 -2.9983E-02  8.4320E-01  8.0435E-02  3.1193E-01
  1.4972E+00 -1.6609E-01  4.2475E-01  8.0435E-02  3.1193E-01
  1.5451E+00  1.8431E-01 -6.6406E-02  8.0055E-02  3.1640E-01
  2.4904E-01 -1.8029E-01 -1.5190E+00  7.9674E-02  3.2096E-01
  1.0610E+00  1.1160E-01  1.1241E+00  7.9674E-02  3.2096E-01
  1.2166E-02  1.6362E-01 -1.5334E+00  7.9293E-02  3.2561E-01
 -2.1941E-01  1.5896E-01 -1.5182E+00  7.9293E-02  3.2561E-01
 -1.4693E+00  1.3855E-01 -4.4748E-01  7.9293E-02  3.2561E-01
  3.8784E-01 -1.1954E-02  1.4847E+00  7.8913E-02  3.3034E-01
  1.0271E+00 -7.6765E-02 -1.1376E+00  7.8913E-02  3.3034E-01
 -1.4523E+00 -2.6610E-02  4.7119E-01  7.8532E-02  3.3517E-01
  6.5302E-01  1.3998E-01 -1.3649E+00  7.8152E-02  3.4009E-01
 -1.4044E+00 -1.0088E-01  5.7123E-01  7.8152E-02  3.4009E-01
 -1.1408E+00 -8.8611E-02  9.9982E-01  7.8152E-02  3.4009E-01
 -1.1000E+00 -6.4799E-02  1.0463E+00  7.8152E-02  3.4009E-01
  1.4554E+00 -3.9073E-02  4.3497E-01  7.8152E-02  3.4009E-01
 -1.1207E+00 -3.9840E-02 -1.0253E+00  7.8152E-02  3.4009E-01
  1.3107E+00 -1.3463E-01  7.4170E-01  7.7771E-02  3.4511E-01
 -9.8984E-01 -6.0457E-02 -1.1414E+00  7.7771E-02  3.4511E-01
 -2.0398E-01 -1.8513E-01  1.4867E+00  7.7771E-02  3.4511E-01
  4.5474E-01 -1.7984E-01  1.4308E+00  7.7771E-02  3.4511E-01
 -1.2528E-01 -1.9523E-02  1.5067E+00  7.7771E-02  3.4511E-01
  9.6863E-01 -1.1463E-01 -1.1456E+00  7.7390E-02  3.5022E-01
 -1.0233E-01  1.7275E-01 -1.4837E+00  7.7010E-02  3.5544E-01
  1.3963E-01 -1.6968E-01 -1.4810E+00  7.7010E-02  3.5544E-01
  1.2263E+00 -1.0344E-01 -8.5262E-01  7.7010E-02  3.5544E-01
  1.0040E+00 -1.3084E-02 -1.1106E+00  7.7010E-02  3.5544E-01
  2.0115E-01 -1.7750E-01  1.4655E+00  7.6629E-02  3.6076E-01
 -1.4814E+00 -5.4074E-02 -2.0573E-02  7.6248E-02  3.6619E-01
 -1.4532E+00 -1.2958E-02 -2.9277E-01  7.6248E-02  3.6619E-01
 -9.0947E-01  9.0020E-02  1.1673E+00  7.6248E-02  3.6619E-01
 -1.1944E+00 -1.0812E-01  8.7152E-01  7.6248E-02  3.6619E-01
  6.2901E-01  1.4975E-01  1.3260E+00  7.5868E-02  3.7173E-01
 -1.1181E+00 -9.4319E-02  9.5767E-01  7.5868E-02  3.7173E-01
 -1.0498E+00 -1.5833E-01  1.0137E+00  7.5487E-02  3.7739E-01
  1.2199E+00 -4.0430E-02  8.0243E-01  7.5106E-02  3.8315E-01
  8.2338E-01 -1.6991E-01  1.1945E+00  7.5106E-02  3.8315E-01
  3.4493E-02  1.8647E-01  1.4484E+00  7.5106E-02  3.8315E-01
  3.4315E-02  6.1096E-02  1.4447E+00  7.4345E-02  3.9504E-01
 -1.3601E+00  7.6151E-03 -4.9198E-01  7.4345E-02  3.9504E-01
 -1.3949E+00  3.1361E-02  3.5356E-01  7.3965E-02  4.0117E-01
 -1.1556E+00 -9.1265E-02  8.5315E-01  7.3965E-02  4.0117E-01
  7.4498E-01 -1.3205E-01 -1.2244E+00  7.3965E-02  4.0117E-01
  1.0197E+00 -8.9550E-02  1.0018E+00  7.3584E-02  4.0743E-01
 -1.3066E+00 -2.9844E-02  5.6840E-01  7.3203E-02  4.1382E-01
  9.0840E-01 -1.3513E-01  1.0807E+00  7.2822E-02  4.2035E-01
  9.9540E-01 -1.5209E-02 -1.0101E+00  7.2822E-02  4.2035E-01
 -4.4135E-01 -1.7817E-01 -1.3360E+00  7.2822E-02  4.2035E-01
  2.8032E-01 -8.2733E-03 -1.3902E+00  7.2822E-02  4.2035E-01
  6.3603E-01  1.7564E-01 -1.2476E+00  7.2442E-02  4.2701E-01
  5.9522E-01 -8.1014E-02 -1.2771E+00  7.2442E-02  4.2701E-01
 -8.4669E-01 -5.3164E-02 -1.1192E+00  7.2061E-02  4.3381E-01
 -1.0612E+00  1.3471E-01  9.1002E-01  7.2061E-02  4.3381E-01
 -9.3866E-01 -1.1457E-01  1.0383E+00  7.2061E-02  4.3381E-01
  8.4838E-01  7.4144E-02  1.1081E+00  7.1680E-02  4.4076E-01
 -1.1363E+00 -1.2134E-01  8.0445E-01  7.1680E-02  4.4076E-01
  4.5550E-01 -1.7097E-01  1.3101E+00  7.1680E-02  4.4076E-01
  4.5857E-01  1.3803E-01  1.3129E+00  7.1680E-02  4.4076E-01
 -1.1634E+00  5.0979E-02  7.6032E-01  7.1300E-02  4.4786E-01
  1.3741E+00  8.6348E-02 -1.4028E-01  7.0919E-02  4.5511E-01
 -1.2126E+00 -7.1850E-02  6.6312E-01  7.0919E-02  4.5511E-01
  1.0872E+00 -1.8337E-01  8.3655E-01  7.0919E-02  4.5511E-01
 -2.1839E-01 -1.8480E-01 -1.3541E+00  7.0919E-02  4.5511E-01
 -1.3302E+00  1.4924E-01 -3.2412E-01  7.0538E-02  4.6253E-01
 -3.0957E-01 -2.5885E-02 -1.3417E+00  7.0538E-02  4.6253E-01
  5.4682E-01 -1.4035E-01  1.2562E+00  7.0538E-02  4.6253E-01
 -1.2899E+00 -1.6294E-01 -4.5440E-01  7.0538E-02  4.6253E-01
 -5.4390E-01  2.6108E-02  1.2650E+00  7.0538E-02  4.6253E-01
  7.8138E-01 -3.5035E-02 -1.1336E+00  7.0538E-02  4.6253E-01
 -1.0161E+00 -3.4641E-02 -9.1914E-01  7.0157E-02  4.7010E-01
 -5.7767E-01  8.3969E-02  1.2400E+00  7.0157E-02  4.7010E-01
  5.7200E-01  1.0208E-01 -1.2266E+00  6.9395E-02  4.8575E-01
  9.8685E-01 -5.8247E-02  9.3005E-01  6.9395E-02  4.8575E-01
 -4.2123E-01  7.1695E-02 -1.2814E+00  6.9014E-02  4.9384E-01
  1.3077E+00  1.1682E-01  3.1753E-01  6.9014E-02  4.9384E-01
 -1.0946E+00 -3.8363E-02 -7.9053E-01  6.9014E-02  4.9384E-01
  5.6177E-01 -5.6270E-02 -1.2199E+00  6.8633E-02  5.0211E-01
 -3.6817E-02 -5.7189E-02 -1.3425E+00  6.8633E-02  5.0211E-01
  6.5355E-02  1.4000E-01 -1.3288E+00  6.8252E-02  5.1057E-01
  4.4352E-01 -1.5622E-02 -1.2552E+00  6.7871E-02  5.1923E-01
 -2.3340E-01 -1.5725E-04  1.3107E+00  6.7871E-02  5.1923E-01
 -1.3611E-01 -1.4640E-01  1.3163E+00  6.7871E-02  5.1923E-01
  1.3243E+00  2.7330E-02  3.0898E-02  6.7489E-02  5.2808E-01
 -2.3636E-01  5.4980E-02 -1.3026E+00  6.7489E-02  5.2808E-01
 -7.0371E-01  5.5470E-02  1.1138E+00  6.7108E-02  5.3713E-01
 -1.2850E+00  6.3018E-02  2.8924E-01  6.7108E-02  5.3713E-01
 -1.3167E+00 -6.8267E-02 -2.0136E-02  6.7108E-02  5.3713E-01
  2.4443E-01 -6.1233E-02 -1.2944E+00  6.7108E-02  5.3713E-01
 -6.8982E-01 -1.6135E-02  1.1164E+00  6.6726E-02  5.4640E-01
 -9.9262E-01 -7.3851E-03  8.5849E-01  6.6726E-02  5.4640E-01
  1.3032E+00 -2.5279E-02  1.5290E-01  6.6726E-02  5.4640E-01
  1.3457E-02  1.9652E-02  1.3122E+00  6.6726E-02  5.4640E-01
 -1.1556E+00  1.4266E-01  5.9176E-01  6.6345E-02  5.5588E-01
  4.1078E-01  1.1283E-01  1.2347E+00  6.6345E-02  5.5588E-01
 -1.6058E-01  4.5198E-02 -1.2955E+00  6.6345E-02  5.5588E-01
  9.0817E-01  1.0253E-01 -9.2447E-01  6.5963E-02  5.6559E-01
  1.2867E+00  1.5312E-01 -1.0475E-01  6.5963E-02  5.6559E-01
 -1.2774E+00  1.2635E-01 -2.0519E-01  6.5963E-02  5.6559E-01
  7.6357E-01 -1.3953E-01  1.0428E+00  6.5963E-02  5.6559E-01
  6.2315E-01 -5.1712E-02 -1.1327E+00  6.5581E-02  5.7553E-01
  6.5672E-02 -5.9942E-02 -1.2908E+00  6.5581E-02  5.7553E-01
 -1.1297E+00 -1.0393E-02  6.1803E-01  6.5199E-02  5.8571E-01
 -1.2697E+00 -1.3300E-01 -1.1376E-01  6.4817E-02  5.9614E-01
  1.2417E+00 -1.3800E-01 -2.5802E-01  6.4434E-02  6.0681E-01
  2.3536E-01  2.5301E-02  1.2536E+00  6.4434E-02  6.0681E-01
 -5.2892E-01 -5.9433E-02 -1.1594E+00  6.4434E-02  6.0681E-01
 -4.7419E-01  1.7418E-01  1.1715E+00  6.4434E-02  6.0681E-01
 -1.0608E+00 -8.0250E-02  7.0405E-01  6.4434E-02  6.0681E-01
 -1.2553E+00 -7.1918E-03 -1.9157E-01  6.4051E-02  6.1776E-01
 -9.2900E-01  3.0405E-02 -8.6513E-01  6.4051E-02  6.1776E-01
 -1.1021E+00 -1.8515E-01  5.9035E-01  6.3669E-02  6.2897E-01
 -1.2596E+00  5.6164E-02 -8.8700E-02  6.3669E-02  6.2897E-01
  1.0102E-01  7.1316E-02 -1.2520E+00  6.3285E-02  6.4046E-01
 -5.8363E-01 -1.1214E-01  1.1089E+00  6.3285E-02  6.4046E-01
 -1.1700E+00 -1.8453E-01 -4.0663E-01  6.2902E-02  6.5224E-01
  1.0084E+00 -1.1786E-01 -7.3310E-01  6.2902E-02  6.5224E-01
 -1.2292E+00 -1.7753E-01  1.0763E-01  6.2518E-02  6.6433E-01
 -4.6253E-01 -1.0973E-01 -1.1524E+00  6.2518E-02  6.6433E-01
 -7.9997E-01 -1.3133E-01 -9.4698E-01  6.2518E-02  6.6433E-01
 -1.1707E+00 -8.4851E-02  4.0251E-01  6.2134E-02  6.7672E-01
  1.2398E+00 -4.1964E-03  5.3317E-02  6.2134E-02  6.7672E-01
  1.1973E+00  3.3080E-02 -3.2434E-01  6.2134E-02  6.7672E-01
 -2.0754E-01 -1.5326E-02  1.2233E+00  6.2134E-02  6.7672E-01
 -7.2839E-01  1.7835E-01  9.8868E-01  6.2134E-02  6.7672E-01
  1.8144E-01  9.1049E-02  1.2185E+00  6.1750E-02  6.8943E-01
  1.1821E+00  1.3872E-01  3.3081E-01  6.1750E-02  6.8943E-01
 -4.2404E-02  1.3487E-01 -1.2272E+00  6.1750E-02  6.8943E-01
  1.0663E+00  6.8173E-02 -6.1987E-01  6.1750E-02  6.8943E-01
 -7.8850E-01 -1.6372E-01  9.3670E-01  6.1750E-02  6.8943E-01
 -1.2083E+00 -1.3771E-01 -1.8235E-01  6.1365E-02  7.0248E-01
  6.2676E-01  1.2019E-01 -1.0512E+00  6.1365E-02  7.0248E-01
  1.0831E+00 -6.2114E-02 -5.7910E-01  6.1365E-02  7.0248E-01
  8.4942E-01  5.0769E-02  8.8011E-01  6.0980E-02  7.1587E-01
  1.2144E+00  2.6525E-04 -1.5506E-01  6.0980E-02  7.1587E-01
 -9.0267E-01  1.6854E-01 -8.0134E-01  6.0595E-02  7.2962E-01
  1.1970E+00  1.5100E-01  1.7234E-01  6.0595E-02  7.2962E-01
  9.4790E-02 -1.7304E-01  1.1972E+00  6.0209E-02  7.4374E-01
 -8.0819E-02  1.4466E-01  1.2020E+00  6.0209E-02  7.4374E-01
 -3.3667E-01  6.4202E-02  1.1584E+00  5.9822E-02  7.5825E-01
 -4.5284E-01 -1.7463E-01 -1.1004E+00  5.9436E-02  7.7315E-01
  1.0753E+00  5.5056E-02  5.3594E-01  5.9436E-02  7.7315E-01
 -1.1788E+00  1.5834E-01 -1.3873E-01  5.9048E-02  7.8847E-01
  1.0473E+00 -7.4695E-02 -5.7587E-01  5.9048E-02  7.8847E-01
 -6.9873E-01  6.7593E-02  9.7014E-01  5.9048E-02  7.8847E-01
 -8.2071E-02 -1.6841E-01  1.1775E+00  5.8660E-02  8.0422E-01
  3.3951E-01 -3.0853E-02  1.1372E+00  5.8271E-02  8.2042E-01
 -1.4240E-01  1.2648E-01  1.1667E+00  5.7882E-02  8.3709E-01
  9.1662E-01 -1.7523E-01  7.2562E-01  5.7882E-02  8.3709E-01
 -2.6173E-01 -1.8132E-01  1.1384E+00  5.7882E-02  8.3709E-01
  1.1690E+00  1.7539E-01  4.4859E-03  5.7882E-02  8.3709E-01
  7.0277E-01  1.7425E-01  9.2810E-01  5.7492E-02  8.5424E-01
 -5.1478E-01 -1.2115E-01  1.0516E+00  5.7492E-02  8.5424E-01
  1.1215E+00 -1.6550E-01  3.1696E-01  5.7492E-02  8.5424E-01
 -1.0587E+00 -1.4252E-01 -4.8262E-01  5.7101E-02  8.7190E-01
 -1.1267E+00  7.3585E-02  3.1486E-01  5.7101E-02  8.7190E-01
 -1.1580E+00 -1.6320E-01 -8.0258E-02  5.7101E-02  8.7190E-01
 -1.1376E+00  1.1527E-01 -2.5783E-01  5.7101E-02  8.7190E-01
  5.4509E-01 -1.3237E-01  1.0237E+00  5.6710E-02  8.9009E-01
  2.0392E-01 -1.5738E-01  1.1385E+00  5.6710E-02  8.9009E-01
 -3.4079E-02 -1.3871E-01 -1.1537E+00  5.6317E-02  9.0882E-01
  7.6195E-01  1.8636E-01 -8.5793E-01  5.6317E-02  9.0882E-01
  1.1103E+00 -1.1890E-01 -3.2329E-01  5.6317E-02  9.0882E-01
  3.9954E-01 -9.7283E-02 -1.0873E+00  5.6317E-02  9.0882E-01
  8.9358E-01 -1.3683E-01  7.3085E-01  5.6317E-02  9.0882E-01
 -1.1152E+00  3.6859E-02 -3.0851E-01  5.5924E-02  9.2814E-01
 -5.8293E-01  3.3719E-02  9.9968E-01  5.5924E-02  9.2814E-01
 -4.3420E-01  5.8977E-02 -1.0716E+00  5.5924E-02  9.2814E-01
  4.6281E-01  1.2466E-01 -1.0538E+00  5.5924E-02  9.2814E-01
  9.1342E-01  4.3360E-02 -7.0229E-01  5.5530E-02  9.4805E-01
 -3.9253E-01 -2.0878E-02  1.0839E+00  5.5530E-02  9.4805E-01
  5.2466E-01 -3.5079E-02 -1.0209E+00  5.5134E-02  9.6859E-01
 -7.5228E-01 -1.4624E-01  8.4910E-01  5.4738E-02  9.8980E-01
 -1.1375E+00  9.5239E-02  7.3029E-02  5.4738E-02  9.8980E-01
 -9.7436E-01 -1.6703E-01 -5.6630E-01  5.4340E-02  1.0117E+00
 -7.9411E-01 -1.3026E-01 -8.0647E-01  5.4340E-02  1.0117E+00
  1.0427E+00 -1.7982E-01  4.1036E-01  5.3941E-02  1.0343E+00
  4.5281E-01 -8.9652E-03 -1.0405E+00  5.3941E-02  1.0343E+00
 -1.0168E+00  1.6016E-01 -4.7782E-01  5.3941E-02  1.0343E+00
  9.7280E-01 -2.9379E-02 -5.7507E-01  5.3541E-02  1.0577E+00
  1.1022E+00 -7.9474E-02  2.3822E-01  5.3541E-02  1.0577E+00
 -4.6076E-01 -3.5053E-02  1.0317E+00  5.3541E-02  1.0577E+00
 -4.0975E-01  1.6839E-02 -1.0488E+00  5.3139E-02  1.0818E+00
 -1.0210E+00  1.6174E-01 -4.4673E-01  5.3139E-02  1.0818E+00
 -9.4770E-01  4.3901E-02 -6.0672E-01  5.3139E-02  1.0818E+00
 -6.6321E-01 -1.5113E-01 -8.9213E-01  5.2736E-02  1.1068E+00
  5.2418E-01 -1.7863E-01 -9.7566E-01  5.2736E-02  1.1068E+00
  4.6545E-01  1.1249E-02 -1.0161E+00  5.2331E-02  1.1327E+00
 -2.6711E-01  2.5892E-02 -1.0850E+00  5.2331E-02  1.1327E+00
 -1.1119E+00 -1.1363E-01  5.8605E-03  5.2331E-02  1.1327E+00
 -1.0496E+00  1.4429E-01  3.4281E-01  5.1925E-02  1.1595E+00
  1.1114E+00 -6.8783E-02  1.0602E-02  5.1925E-02  1.1595E+00
  5.5965E-02 -1.7359E-01 -1.0985E+00  5.1925E-02  1.1595E+00
  6.8898E-01 -1.2122E-01  8.6638E-01  5.1925E-02  1.1595E+00
  6.6861E-01 -1.2452E-01 -8.7660E-01  5.1516E-02  1.1873E+00
 -1.0237E+00  1.0786E-02 -4.2772E-01  5.1516E-02  1.1873E+00
  6.9168E-01  1.3281E-01 -8.5727E-01  5.1516E-02  1.1873E+00
 -1.0112E+00 -8.1781E-02  4.4925E-01  5.1516E-02  1.1873E+00
 -8.4882E-01 -9.7479E-02  7.0152E-01  5.1106E-02  1.2161E+00
 -1.0941E+00 -1.4952E-01  5.2939E-02  5.1106E-02  1.2161E+00
 -1.0126E+00  1.5927E-01 -4.1393E-01  5.1106E-02  1.2161E+00
  1.0886E+00  1.8144E-01 -6.4584E-02  5.1106E-02  1.2161E+00
  1.0873E+00  9.5368E-02  1.4896E-01  5.0694E-02  1.2461E+00
 -1.0457E-01 -1.4188E-01 -1.0835E+00  5.0279E-02  1.2771E+00
  2.4005E-02  1.4968E-01 -1.0872E+00  5.0279E-02  1.2771E+00
  6.3005E-01 -1.3663E-01 -8.8845E-01  5.0279E-02  1.2771E+00
 -1.0516E+00  8.4357E-02  2.8923E-01  4.9863E-02  1.3094E+00
  1.0893E+00  8.8463E-02 -4.6606E-02  4.9863E-02  1.3094E+00
 -9.8467E-01 -1.6099E-01  4.4854E-01  4.9863E-02  1.3094E+00
  7.5789E-01  3.6744E-02  7.8799E-01  4.9863E-02  1.3094E+00
  2.9934E-01  2.1344E-02 -1.0520E+00  4.9863E-02  1.3094E+00
 -1.0820E+00  1.0518E-01  8.1591E-02  4.9444E-02  1.3430E+00
 -2.2216E-01 -1.4644E-01 -1.0572E+00  4.9444E-02  1.3430E+00
 -1.0756E+00  4.5356E-02  1.4696E-01  4.9022E-02  1.3780E+00
  1.4044E-01  3.0681E-02  1.0770E+00  4.9022E-02  1.3780E+00
  4.6391E-01 -1.2976E-01  9.7393E-01  4.9022E-02  1.3780E+00
  7.0584E-01  3.4160E-02  8.2063E-01  4.8597E-02  1.4144E+00
 -1.0745E+00  1.2424E-01  5.3649E-02  4.8597E-02  1.4144E+00
  9.1885E-01  1.1441E-02  5.7307E-01  4.8597E-02  1.4144E+00
 -6.3042E-01 -1.7430E-01 -8.6314E-01  4.8597E-02  1.4144E+00
  1.7726E-02  5.6481E-02 -1.0778E+00  4.8170E-02  1.4524E+00
 -1.1781E-01 -4.3258E-02 -1.0721E+00  4.8170E-02  1.4524E+00
  1.0714E+00 -2.3148E-02 -9.6276E-02  4.7739E-02  1.4920E+00
 -1.1747E-02 -1.7387E-01 -1.0618E+00  4.7739E-02  1.4920E+00
  1.0077E+00 -8.2749E-02  3.5826E-01  4.7306E-02  1.5334E+00
  6.5938E-01  1.6938E-01  8.2891E-01  4.7306E-02  1.5334E+00
  1.0693E+00  8.9779E-03  5.9397E-03  4.6868E-02  1.5768E+00
  9.1562E-01  7.4230E-02 -5.4105E-01  4.6427E-02  1.6222E+00
  9.6167E-01 -7.1748E-02  4.5459E-01  4.6427E-02  1.6222E+00
 -4.7591E-01  2.9574E-02 -9.5001E-01  4.5982E-02  1.6697E+00
  1.0304E+00 -1.2524E-01  2.2899E-01  4.5982E-02  1.6697E+00
  2.9585E-01 -1.2943E-02 -1.0177E+00  4.5533E-02  1.7196E+00
  9.7595E-01 -1.7070E-01 -3.7646E-01  4.5533E-02  1.7196E+00
  3.6319E-01  9.1149E-03 -9.9567E-01  4.5533E-02  1.7196E+00
 -7.0495E-01 -1.3723E-01  7.7946E-01  4.5533E-02  1.7196E+00
 -9.3174E-01 -1.0897E-01 -4.8679E-01  4.5079E-02  1.7721E+00
 -8.9328E-01 -1.8503E-01  5.3365E-01  4.5079E-02  1.7721E+00
 -3.5988E-01  1.3447E-01 -9.8457E-01  4.5079E-02  1.7721E+00
 -8.2473E-01 -7.6150E-02 -6.5175E-01  4.4620E-02  1.8273E+00
 -9.9778E-01  1.3346E-01  3.1208E-01  4.4620E-02  1.8273E+00
  2.2892E-01 -6.9564E-03 -1.0258E+00  4.4156E-02  1.8855E+00
  6.5738E-01 -7.9038E-03  8.2008E-01  4.4156E-02  1.8855E+00
  7.7235E-01  1.6048E-01 -6.9460E-01  4.4156E-02  1.8855E+00
  1.0199E+00  1.9795E-02  2.4142E-01  4.3687E-02  1.9469E+00
  1.0458E+00 -4.9600E-02 -5.2491E-02  4.3687E-02  1.9469E+00
 -8.1161E-02  1.7302E-01 -1.0307E+00  4.3687E-02  1.9469E+00
  7.3570E-01 -1.4848E-01 -7.3184E-01  4.3687E-02  1.9469E+00
  5.6211E-01  6.1272E-03  8.8159E-01  4.3212E-02  2.0119E+00
  8.5810E-01  1.7027E-01  5.7262E-01  4.3212E-02  2.0119E+00
  9.0031E-01  3.5526E-02  5.3047E-01  4.3212E-02  2.0119E+00
 -2.9100E-01 -1.4375E-01  9.9391E-01  4.3212E-02  2.0119E+00
 -7.9986E-01 -1.0058E-01  6.6582E-01  4.3212E-02  2.0119E+00
  9.6957E-01  9.3825E-02  3.7260E-01  4.2730E-02  2.0806E+00
  1.0111E+00  1.7473E-01 -1.8644E-01  4.2730E-02  2.0806E+00
 -7.2592E-01 -1.8545E-01  7.2181E-01  4.2242E-02  2.1536E+00
 -6.7502E-01 -1.5739E-01  7.7584E-01  4.2242E-02  2.1536E+00
 -1.9171E-01  2.5446E-02 -1.0222E+00  4.2242E-02  2.1536E+00
 -6.0241E-01 -2.9140E-02  8.4771E-01  4.2242E-02  2.1536E+00
  1.0226E+00 -1.7800E-01  7.0555E-02  4.2242E-02  2.1536E+00
  6.1769E-01 -4.6155E-02 -8.3588E-01  4.2242E-02  2.1536E+00
 -2.0391E-01  9.5106E-02 -1.0132E+00  4.1747E-02  2.2312E+00
  5.2077E-01  3.0437E-02 -8.9726E-01  4.1747E-02  2.2312E+00
 -3.5121E-01 -4.3548E-02  9.7568E-01  4.1747E-02  2.2312E+00
  1.6111E-01  3.5301E-02 -1.0247E+00  4.1747E-02  2.2312E+00
  1.0627E-01  1.6342E-02 -1.0323E+00  4.1747E-02  2.2312E+00
 -1.0140E+00 -2.8354E-02 -2.1969E-01  4.1747E-02  2.2312E+00
 -5.3190E-02 -8.0968E-02 -1.0309E+00  4.1244E-02  2.3138E+00
 -3.8219E-01 -1.8383E-01 -9.4463E-01  4.1244E-02  2.3138E+00
  9.5104E-01 -1.0646E-01 -3.8931E-01  4.0733E-02  2.4020E+00
  3.0866E-01  1.5577E-01 -9.7357E-01  4.0733E-02  2.4020E+00
  6.3266E-01 -2.6769E-02  8.1633E-01  4.0733E-02  2.4020E+00
 -9.0422E-01 -1.2413E-01  4.8409E-01  4.0733E-02  2.4020E+00
 -1.8558E-01  1.0805E-01 -1.0106E+00  4.0733E-02  2.4020E+00
  8.5793E-01 -1.2699E-01  5.5726E-01  4.0213E-02  2.4964E+00
 -7.6169E-01 -1.3992E-01 -6.8041E-01  4.0213E-02  2.4964E+00
 -6.9199E-01  8.8218E-02 -7.5900E-01  4.0213E-02  2.4964E+00
  7.7963E-01 -1.3809E-01  6.6017E-01  4.0213E-02  2.4964E+00
  1.0023E+00  1.0654E-01 -2.1619E-01  4.0213E-02  2.4964E+00
  1.4449E-01 -1.7498E-02 -1.0183E+00  3.9683E-02  2.5977E+00
 -9.7947E-02 -1.6980E-01 -1.0098E+00  3.9683E-02  2.5977E+00
  7.1104E-01 -7.8569E-02 -7.3924E-01  3.9683E-02  2.5977E+00
  9.3654E-02 -7.1894E-02  1.0219E+00  3.9683E-02  2.5977E+00
 -9.4789E-01 -6.9926E-02  3.9349E-01  3.9683E-02  2.5977E+00
  7.5057E-01  7.4791E-02 -6.9948E-01  3.9683E-02  2.5977E+00
  3.5163E-01 -1.1800E-01  9.5725E-01  3.9143E-02  2.7067E+00
  9.9762E-01 -8.3243E-02  2.2744E-01  3.9143E-02  2.7067E+00
  9.5973E-01  1.8839E-02  3.6396E-01  3.9143E-02  2.7067E+00
  7.1557E-01  1.4812E-01 -7.2105E-01  3.9143E-02  2.7067E+00
 -7.0786E-01 -1.5580E-01 -7.2416E-01  3.8592E-02  2.8243E+00
  9.8689E-01 -8.3370E-02  2.6238E-01  3.8592E-02  2.8243E+00
  1.0129E+00  1.4064E-01 -6.3032E-03  3.8029E-02  2.9517E+00
  1.0137E+00  1.2879E-01  3.9317E-02  3.8029E-02  2.9517E+00
  1.6192E-01 -7.7066E-02  1.0049E+00  3.7452E-02  3.0900E+00
  8.0738E-01 -1.0538E-01 -6.1562E-01  3.7452E-02  3.0900E+00
 -3.8971E-01 -1.7624E-01  9.2683E-01  3.7452E-02  3.0900E+00
 -1.0128E+00  2.3866E-02  1.2516E-01  3.7452E-02  3.0900E+00
 -2.1895E-01  4.7583E-02  9.9403E-01  3.6862E-02  3.2409E+00
  9.5539E-01 -1.4452E-01  3.2350E-01  3.6862E-02  3.2409E+00
  1.0184E+00  3.1614E-02  1.5272E-02  3.6862E-02  3.2409E+00
 -5.8781E-01 -1.6924E-01 -8.1495E-01  3.6862E-02  3.2409E+00
  9.8032E-01  9.9062E-03  2.7146E-01  3.6256E-02  3.4062E+00
 -4.3081E-01  1.8487E-01 -9.0280E-01  3.6256E-02  3.4062E+00
  3.2321E-01  1.2981E-01  9.5577E-01  3.6256E-02  3.4062E+00
  8.5580E-01  1.5238E-01 -5.2840E-01  3.6256E-02  3.4062E+00
 -1.0822E-02 -1.4905E-01 -1.0062E+00  3.6256E-02  3.4062E+00
 -8.0245E-01 -1.7613E-01 -5.9990E-01  3.6256E-02  3.4062E+00
 -8.9241E-01  1.7350E-01  4.5278E-01  3.5633E-02  3.5880E+00
  9.5108E-01 -1.8564E-01 -3.0412E-01  3.5633E-02  3.5880E+00
  3.4543E-01  9.0197E-02  9.5081E-01  3.5633E-02  3.5880E+00
 -9.1442E-01  9.5790E-02 -4.2780E-01  3.4991E-02  3.7890E+00
 -4.9333E-01  1.1781E-01  8.7813E-01  3.4991E-02  3.7890E+00
 -7.9331E-01  1.6509E-01 -6.0972E-01  3.4991E-02  3.7890E+00
 -9.8804E-01  1.4209E-01  1.7875E-01  3.4991E-02  3.7890E+00
 -1.3127E-01 -9.2714E-02  1.0013E+00  3.4991E-02  3.7890E+00
 -9.8384E-01  1.7323E-01  1.6560E-01  3.4329E-02  4.0125E+00
  8.8207E-01 -1.5548E-01  4.7239E-01  3.4329E-02  4.0125E+00
  7.5969E-01  6.7418E-02 -6.6611E-01  3.4329E-02  4.0125E+00
  4.1009E-01  6.3445E-02  9.2368E-01  3.4329E-02  4.0125E+00
  2.6731E-01  1.5569E-01  9.6274E-01  3.3644E-02  4.2626E+00
  9.9982E-01 -7.2333E-02  1.3302E-01  3.3644E-02  4.2626E+00
  9.2449E-01 -1.1164E-01  3.9423E-01  3.3644E-02  4.2626E+00
 -9.6351E-01 -1.3808E-01  2.7415E-01  3.3644E-02  4.2626E+00
 -7.0373E-01 -2.9072E-02 -7.2559E-01  3.3644E-02  4.2626E+00
 -1.8631E-01  1.9250E-02 -9.9239E-01  3.2934E-02  4.5444E+00
 -1.9856E-01 -1.7537E-01 -9.7455E-01  3.2934E-02  4.5444E+00
  9.7676E-01 -1.1238E-01  2.3073E-01  3.2934E-02  4.5444E+00
 -4.1013E-01  1.8379E-01 -9.0440E-01  3.2934E-02  4.5444E+00
 -5.7851E-02 -1.0337E-01 -1.0029E+00  3.2934E-02  4.5444E+00
  7.3139E-01  1.1692E-01  6.8653E-01  3.2934E-02  4.5444E+00
  5.5282E-01  1.2242E-01 -8.3477E-01  3.2195E-02  4.8645E+00
  5.0150E-01 -9.5239E-02  8.6998E-01  3.2195E-02  4.8645E+00
 -8.3382E-01  1.0464E-01 -5.5580E-01  3.1425E-02  5.2312E+00
  8.0843E-01 -3.6745E-02  6.0018E-01  3.1425E-02  5.2312E+00
 -2.7846E-01  2.6290E-02  9.6682E-01  3.0618E-02  5.6557E+00
  2.0313E-01  1.5615E-01  9.7331E-01  3.0618E-02  5.6557E+00
 -9.8626E-01 -1.2378E-01  1.5795E-01  3.0618E-02  5.6557E+00
 -9.9498E-01  1.0656E-01 -1.0783E-01  3.0618E-02  5.6557E+00
 -9.0744E-01 -1.3389E-01 -4.1423E-01  3.0618E-02  5.6557E+00
  9.0272E-01  1.4124E-01  4.2204E-01  3.0618E-02  5.6557E+00
  8.6513E-01 -8.2246E-02  5.0573E-01  2.9770E-02  6.1530E+00
 -9.3825E-01 -4.6064E-02  3.5855E-01  2.9770E-02  6.1530E+00
  4.8152E-01  1.2227E-01 -8.7417E-01  2.9770E-02  6.1530E+00
 -5.4356E-01 -1.5126E-01  8.3225E-01  2.9770E-02  6.1530E+00
  5.4986E-01 -1.2513E-01 -8.3245E-01  2.9770E-02  6.1530E+00
  8.8961E-01  1.5775E-01  4.3917E-01  2.8874E-02  6.7438E+00
 -9.6014E-02  1.6388E-01  9.8645E-01  2.8874E-02  6.7438E+00
 -1.0012E+00 -8.1698E-02  1.8670E-03  2.8874E-02  6.7438E+00
  7.9752E-01 -2.2029E-02  6.1045E-01  2.8874E-02  6.7438E+00
  9.3755E-01  9.4748E-02  3.4573E-01  2.7921E-02  7.4574E+00
  9.4991E-01 -1.2237E-01  3.0034E-01  2.7921E-02  7.4574E+00
 -1.0031E+00  2.2051E-02  2.9221E-02  2.7921E-02  7.4574E+00
  7.5437E-01 -4.4585E-02 -6.6064E-01  2.7921E-02  7.4574E+00
 -3.4634E-01 -1.7496E-01  9.2491E-01  2.6903E-02  8.3369E+00
 -5.0735E-01  8.3358E-02 -8.6120E-01  2.6903E-02  8.3369E+00
 -3.7472E-01 -1.7160E-01 -9.1442E-01  2.6903E-02  8.3369E+00
  8.6554E-01  9.7806E-02  4.9595E-01  2.5804E-02  9.4481E+00
  9.7743E-01  4.7148E-02  2.1703E-01  2.5804E-02  9.4481E+00
  6.1303E-01  1.4908E-01  7.7889E-01  2.5804E-02  9.4481E+00
 -4.7662E-01 -1.3200E-01  8.7184E-01  2.5804E-02  9.4481E+00
  9.9365E-01  1.2282E-01  4.7556E-02  2.5804E-02  9.4481E+00
 -9.8103E-01  1.6499E-01 -1.2273E-01  2.5804E-02  9.4481E+00
 -5.6213E-01 -1.6082E-01  8.1344E-01  2.4606E-02  1.0897E+01
 -6.9765E-01 -1.7644E-01 -6.9691E-01  2.4606E-02  1.0897E+01
  1.0001E+00 -5.3068E-02  2.3299E-02  2.4606E-02  1.0897E+01
 -5.3119E-01 -1.7067E-01 -8.3142E-01  2.3280E-02  1.2866E+01
 -1.0008E+00 -2.8279E-02 -8.3621E-03  2.3280E-02  1.2866E+01
 -5.6705E-01  5.0483E-02 -8.2368E-01  2.3280E-02  1.2866E+01
 -8.6781E-01  1.0106E-01  4.8826E-01  2.1787E-02  1.5696E+01
  6.5663E-01  1.7019E-02  7.5471E-01  2.0058E-02  2.0115E+01
  9.1065E-01  7.8410E-02 -4.0696E-01  2.0058E-02  2.0115E+01
  6.3045E-01  1.1757E-01 -7.6795E-01  2.0058E-02  2.0115E+01
  6.8618E-01 -1.5329E-01  7.1183E-01  2.0058E-02  2.0115E+01
 -5.0258E-01 -9.7812E-02  8.5959E-01  2.0058E-02  2.0115E+01
 -5.9741E-01  5.8139E-02  8.0016E-01  1.7969E-02  2.7981E+01
  9.4441E-01  6.2252E-02  3.2366E-01  1.7969E-02  2.7981E+01
 -2.0971E-01  6.2097E-02 -9.7606E-01  1.7969E-02  2.7981E+01
  9.8997E-01  1.1848E-01 -8.0341E-02  1.7969E-02  2.7981E+01
 -7.1515E-01 -1.7410E-02  6.9914E-01  1.7969E-02  2.7981E+01
 -9.1498E-01 -9.1995E-02  3.9355E-01  1.7969E-02  2.7981E+01
  3.8746E-01 -3.4538E-02  9.2153E-01  1.7969E-02  2.7981E+01
