0.16996114285715D+02       615
(x,y,z) position of the X-ray source
 -0.1130E+00 -0.9402E-01 -0.1794E+01
x | y | z | R | rho
 -8.3963E-02  3.3734E-01  9.5995E+00  3.1373E-01  5.2572E-03
 -9.1285E-01 -7.9418E-02  8.8929E+00  2.9862E-01  6.0959E-03
 -8.3777E-02 -2.1287E-01  8.7438E+00  2.9417E-01  6.3769E-03
  6.9559E-02 -2.5208E-02  8.6259E+00  2.9137E-01  6.5624E-03
  1.3057E+00  3.2354E-01  8.5085E+00  2.9109E-01  6.5814E-03
 -1.0109E+00 -7.9761E-02  8.4572E+00  2.8884E-01  6.7361E-03
  1.7841E+00  6.6247E-02  7.9470E+00  2.8007E-01  7.3893E-03
 -7.8817E-01  9.2038E-03  7.9863E+00  2.7722E-01  7.6199E-03
  8.3861E-01 -2.3421E-01  7.9415E+00  2.7636E-01  7.6911E-03
 -7.7781E-01  3.2030E-01  7.7279E+00  2.7118E-01  8.1398E-03
  1.3342E+00 -6.5537E-02  7.4273E+00  2.6568E-01  8.6562E-03
 -8.6391E-01  3.4993E-01  7.1643E+00  2.5778E-01  9.4768E-03
  3.4651E-01 -8.4421E-02  7.1563E+00  2.5631E-01  9.6412E-03
  9.3201E-01  1.5751E-02  7.0204E+00  2.5424E-01  9.8784E-03
  1.3688E+00  2.9819E-01  6.8936E+00  2.5305E-01  1.0018E-02
 -1.5667E+00 -1.8381E-01  6.5753E+00  2.4620E-01  1.0878E-02
  9.6966E-01 -3.0357E-01  6.6612E+00  2.4560E-01  1.0958E-02
  3.3693E-02  2.4996E-01  6.7335E+00  2.4560E-01  1.0958E-02
  7.5726E-01 -3.0797E-01  6.6170E+00  2.4379E-01  1.1203E-02
 -1.0256E+00  9.4990E-02  6.3842E+00  2.3866E-01  1.1942E-02
 -4.7030E-01  1.4274E-01  6.2356E+00  2.3318E-01  1.2804E-02
  3.9106E-01  7.6618E-03  6.1838E+00  2.3165E-01  1.3059E-02
 -1.2995E-02  1.8285E-01  6.1348E+00  2.3011E-01  1.3322E-02
 -1.7180E+00  3.8781E-02  5.8798E+00  2.2981E-01  1.3376E-02
  1.6658E+00  2.1553E-01  5.7326E+00  2.2579E-01  1.4101E-02
  9.3231E-01  9.0248E-02  5.7222E+00  2.2113E-01  1.5012E-02
  1.4002E-01  1.2793E-01  5.7603E+00  2.2020E-01  1.5204E-02
  8.6327E-01  1.2447E-01  5.4030E+00  2.1234E-01  1.6956E-02
  1.0972E+00  1.5318E-01  5.3123E+00  2.1107E-01  1.7263E-02
  4.1707E-01 -1.1586E-01  5.3745E+00  2.1012E-01  1.7499E-02
  1.9058E+00 -2.4009E-01  5.0257E+00  2.0980E-01  1.7579E-02
  4.1507E-01  3.0015E-01  5.3210E+00  2.0885E-01  1.7821E-02
 -8.8536E-02  1.1815E-01  5.1244E+00  2.0277E-01  1.9472E-02
  1.5847E+00 -2.6307E-01  4.7957E+00  2.0083E-01  2.0040E-02
  6.0590E-01 -2.5563E-01  4.9568E+00  1.9922E-01  2.0531E-02
  5.6348E-01 -1.2263E-01  4.8747E+00  1.9662E-01  2.1355E-02
 -6.0682E-01 -9.6031E-02  4.8240E+00  1.9532E-01  2.1784E-02
 -1.4565E+00  2.6972E-02  4.5917E+00  1.9402E-01  2.2227E-02
 -1.3667E+00 -4.3168E-02  4.3814E+00  1.8745E-01  2.4645E-02
 -1.9141E+00  4.7173E-02  4.1714E+00  1.8745E-01  2.4645E-02
  1.9009E+00 -4.2564E-02  4.1276E+00  1.8613E-01  2.5174E-02
 -1.9751E+00 -2.7887E-01  4.0455E+00  1.8514E-01  2.5581E-02
  1.5173E+00 -1.4186E-01  4.2213E+00  1.8447E-01  2.5858E-02
 -4.7203E-01  7.3152E-02  4.3717E+00  1.8181E-01  2.7010E-02
 -9.1060E-01 -1.0928E-01  4.0483E+00  1.7443E-01  3.0586E-02
 -1.1159E+00 -2.2652E-01  3.9684E+00  1.7376E-01  3.0944E-02
 -1.9346E+00  2.3765E-01  3.6268E+00  1.7342E-01  3.1126E-02
  1.4777E+00 -4.8910E-02  3.8428E+00  1.7342E-01  3.1126E-02
 -1.0696E+00 -1.1360E-01  3.9282E+00  1.7206E-01  3.1867E-02
 -1.8704E+00 -9.6846E-02  3.5414E+00  1.7003E-01  3.3026E-02
  1.9227E+00  8.2530E-02  3.4756E+00  1.6900E-01  3.3629E-02
  9.9971E-01 -1.7530E-01  3.6808E+00  1.6421E-01  3.6660E-02
 -1.4209E+00 -1.5317E-01  3.5406E+00  1.6421E-01  3.6660E-02
  1.0921E+00  2.4308E-01  3.6505E+00  1.6421E-01  3.6660E-02
  4.9669E-01 -1.1240E-01  3.7285E+00  1.6249E-01  3.7837E-02
  8.2068E-01  2.3219E-01  3.5864E+00  1.6007E-01  3.9579E-02
  1.7039E+00  4.4275E-02  3.2069E+00  1.5834E-01  4.0893E-02
  1.0232E-02  1.2277E-01  3.5425E+00  1.5555E-01  4.3129E-02
  9.4746E-01  1.3375E-01  3.3905E+00  1.5486E-01  4.3715E-02
 -1.6805E+00  7.5477E-02  3.0830E+00  1.5451E-01  4.4012E-02
 -4.9595E-01  1.8989E-01  3.4061E+00  1.5240E-01  4.5858E-02
  9.8747E-01  1.7026E-01  3.2758E+00  1.5170E-01  4.6497E-02
 -1.0795E+00  1.3896E-02  3.2511E+00  1.5170E-01  4.6497E-02
 -3.5925E-01  3.3235E-02  3.3741E+00  1.5065E-01  4.7481E-02
 -3.0956E-01  2.0397E-01  3.3730E+00  1.5065E-01  4.7481E-02
  1.9249E+00  2.4063E-01  2.7710E+00  1.5030E-01  4.7815E-02
 -1.6976E+00  1.1326E-02  2.9008E+00  1.4959E-01  4.8494E-02
 -6.9831E-01  2.4365E-02  3.2766E+00  1.4924E-01  4.8838E-02
  1.2369E+00  1.7951E-01  3.0737E+00  1.4818E-01  4.9893E-02
 -1.5405E+00  9.8336E-02  2.9009E+00  1.4712E-01  5.0980E-02
 -1.8468E+00 -2.5712E-02  2.6790E+00  1.4606E-01  5.2102E-02
 -1.1438E+00 -2.8037E-02  3.0234E+00  1.4535E-01  5.2868E-02
 -9.7629E-01  1.8920E-01  3.0647E+00  1.4499E-01  5.3258E-02
 -1.2737E+00 -1.9131E-01  2.9185E+00  1.4392E-01  5.4451E-02
  1.3187E+00 -1.5115E-02  2.8581E+00  1.4250E-01  5.6101E-02
  8.9408E-01 -2.3430E-01  2.9647E+00  1.4107E-01  5.7823E-02
 -1.4497E+00 -9.7678E-02  2.7206E+00  1.4035E-01  5.8712E-02
  1.1260E+00  3.1349E-02  2.8599E+00  1.4000E-01  5.9164E-02
 -1.8074E+00  1.6584E-01  2.4807E+00  1.4000E-01  5.9164E-02
  1.4758E+00 -3.3656E-02  2.6841E+00  1.3964E-01  5.9620E-02
  6.7588E-01  3.4475E-02  2.9876E+00  1.3964E-01  5.9620E-02
 -6.4704E-01 -7.5970E-02  2.9395E+00  1.3784E-01  6.1979E-02
 -6.2240E-01  1.0335E-01  2.9332E+00  1.3748E-01  6.2467E-02
 -5.3662E-01 -6.1557E-02  2.9194E+00  1.3640E-01  6.3962E-02
  1.1568E+00  5.7850E-03  2.7230E+00  1.3604E-01  6.4472E-02
  1.7976E+00 -7.3331E-02  2.3223E+00  1.3532E-01  6.5509E-02
  4.4103E-01 -3.5848E-03  2.8833E+00  1.3460E-01  6.6569E-02
  1.4811E+00  1.0924E-01  2.5105E+00  1.3460E-01  6.6569E-02
 -1.9099E+00  7.0542E-02  2.1760E+00  1.3388E-01  6.7653E-02
 -4.6734E-01  1.6265E-01  2.8115E+00  1.3243E-01  6.9898E-02
 -9.6546E-01 -8.5510E-02  2.6632E+00  1.3170E-01  7.1060E-02
  1.7895E+00  1.3408E-01  2.1401E+00  1.3025E-01  7.3466E-02
  3.7199E-01 -6.9389E-02  2.7568E+00  1.2988E-01  7.4085E-02
 -1.8479E+00  1.7925E-01  2.0451E+00  1.2916E-01  7.5345E-02
  1.3179E+00  1.9648E-01  2.3845E+00  1.2806E-01  7.7293E-02
  1.5907E+00 -4.8766E-02  2.2074E+00  1.2770E-01  7.7958E-02
 -6.9379E-01  1.4388E-01  2.6063E+00  1.2697E-01  7.9312E-02
 -6.6654E-01 -5.3492E-02  2.6168E+00  1.2697E-01  7.9312E-02
  2.3206E-02 -1.3632E-01  2.6872E+00  1.2660E-01  8.0001E-02
 -4.4168E-02  5.0267E-02  2.6899E+00  1.2660E-01  8.0001E-02
 -8.3467E-01  1.7481E-01  2.5413E+00  1.2623E-01  8.0699E-02
 -1.4755E-01  6.5769E-02  2.6554E+00  1.2550E-01  8.2120E-02
  1.7018E+00  6.5465E-02  2.0306E+00  1.2514E-01  8.2844E-02
  3.6722E-01 -2.5860E-02  2.6245E+00  1.2514E-01  8.2844E-02
  1.8502E+00  1.8236E-02  1.8263E+00  1.2330E-01  8.6599E-02
 -1.3480E+00  6.5040E-02  2.1985E+00  1.2256E-01  8.8168E-02
 -1.8596E+00 -1.2191E-01  1.7693E+00  1.2220E-01  8.8967E-02
  9.0947E-01 -2.1244E-01  2.3617E+00  1.2109E-01  9.1425E-02
 -6.3320E-01  1.9756E-02  2.4388E+00  1.2035E-01  9.3117E-02
 -2.3863E-01  8.2387E-02  2.4871E+00  1.1961E-01  9.4853E-02
 -1.7655E+00  3.3490E-02  1.7554E+00  1.1925E-01  9.5738E-02
 -1.7370E+00  1.7148E-01 -1.7057E+00  1.1739E-01  1.0034E-01
 -9.2054E-01  4.1414E-02  2.2599E+00  1.1739E-01  1.0034E-01
  1.1485E+00 -1.2945E-01  2.1272E+00  1.1665E-01  1.0226E-01
 -1.0544E+00  1.0141E-01  2.1659E+00  1.1628E-01  1.0324E-01
  1.9207E+00 -1.9867E-02 -1.4411E+00  1.1591E-01  1.0424E-01
 -1.8736E+00 -6.7964E-02 -1.5004E+00  1.1591E-01  1.0424E-01
 -1.6311E+00  7.2650E-02 -1.7608E+00  1.1591E-01  1.0424E-01
 -7.7041E-01 -5.9598E-02  2.2529E+00  1.1517E-01  1.0627E-01
  1.8795E+00  7.7470E-02 -1.4449E+00  1.1480E-01  1.0731E-01
 -1.8990E+00 -1.2361E-02 -1.3885E+00  1.1405E-01  1.0942E-01
  1.3837E+00 -1.0767E-01 -1.8874E+00  1.1368E-01  1.1050E-01
 -1.3580E+00 -9.0948E-02  1.8711E+00  1.1256E-01  1.1382E-01
  1.8096E-01 -1.3883E-01  2.3025E+00  1.1256E-01  1.1382E-01
  7.0651E-01  1.9682E-01  2.1842E+00  1.1219E-01  1.1496E-01
 -1.7524E+00 -2.6898E-02  1.4956E+00  1.1219E-01  1.1496E-01
 -1.2914E+00  1.6883E-01 -1.8656E+00  1.1107E-01  1.1847E-01
 -9.8394E-01  1.5530E-02  2.0514E+00  1.1107E-01  1.1847E-01
  1.6007E+00  1.7416E-01 -1.5803E+00  1.1032E-01  1.2090E-01
 -7.3787E-01 -1.5444E-01  2.1264E+00  1.1032E-01  1.2090E-01
  6.2653E-01  1.8408E-01  2.1495E+00  1.0995E-01  1.2214E-01
  8.5874E-01  1.9196E-01  2.0566E+00  1.0957E-01  1.2339E-01
  9.1415E-01  1.9834E-01  2.0005E+00  1.0845E-01  1.2727E-01
 -1.6692E+00  4.6082E-03 -1.4315E+00  1.0808E-01  1.2859E-01
  7.2436E-01  1.7622E-01  2.0687E+00  1.0808E-01  1.2859E-01
  1.8787E+00  1.4467E-01 -1.0777E+00  1.0695E-01  1.3269E-01
  1.4777E+00  1.4200E-01  1.5836E+00  1.0695E-01  1.3269E-01
 -1.5437E-01  4.1711E-02  2.1459E+00  1.0620E-01  1.3553E-01
  1.2973E+00 -2.9918E-02 -1.6813E+00  1.0507E-01  1.3994E-01
  9.3299E-01 -1.6923E-01  1.8900E+00  1.0470E-01  1.4145E-01
 -1.7624E+00 -1.8953E-01 -1.1529E+00  1.0470E-01  1.4145E-01
 -1.6883E+00  1.0086E-02  1.2575E+00  1.0432E-01  1.4299E-01
  1.8732E+00  5.6127E-02  9.3845E-01  1.0394E-01  1.4454E-01
  1.1134E+00  3.7209E-03  1.7101E+00  1.0168E-01  1.5440E-01
 -1.2196E+00 -8.1613E-02  1.6226E+00  1.0131E-01  1.5613E-01
  6.0580E-01 -6.8165E-02  1.9379E+00  1.0131E-01  1.5613E-01
  1.2060E+00 -1.8539E-02 -1.6234E+00  1.0093E-01  1.5789E-01
 -1.6974E+00 -7.5216E-02  1.0800E+00  1.0055E-01  1.5967E-01
 -6.6200E-01 -1.4612E-01  1.8957E+00  1.0055E-01  1.5967E-01
  7.5332E-02 -1.5356E-01  1.9969E+00  1.0017E-01  1.6148E-01
 -5.8262E-01 -7.5660E-02 -1.8972E+00  9.9419E-02  1.6519E-01
 -1.8893E+00  6.0757E-02  5.7944E-01  9.9041E-02  1.6709E-01
 -1.0045E+00  1.4754E-01 -1.6965E+00  9.9041E-02  1.6709E-01
  1.0956E+00  1.3114E-01  1.6297E+00  9.8663E-02  1.6902E-01
 -6.1268E-01  5.4275E-02 -1.8695E+00  9.8663E-02  1.6902E-01
  1.8270E+00 -1.4657E-02 -7.3157E-01  9.8663E-02  1.6902E-01
 -1.7154E+00  1.5335E-01  9.3383E-01  9.8285E-02  1.7098E-01
 -1.3123E+00  1.7213E-01 -1.4444E+00  9.8285E-02  1.7098E-01
 -4.7697E-01  9.1893E-02  1.8887E+00  9.7907E-02  1.7297E-01
  1.7913E+00 -1.1486E-01  7.3901E-01  9.7529E-02  1.7499E-01
 -1.3909E+00 -1.6232E-01  1.3443E+00  9.7529E-02  1.7499E-01
  4.7731E-01  1.2862E-01  1.8772E+00  9.7529E-02  1.7499E-01
  1.9161E-01  1.8509E-02  1.9316E+00  9.7529E-02  1.7499E-01
 -5.4425E-01 -1.7676E-01  1.8456E+00  9.7150E-02  1.7704E-01
  1.8284E+00  4.3862E-02  6.2345E-01  9.7150E-02  1.7704E-01
 -7.9295E-01 -6.0124E-02 -1.7513E+00  9.6772E-02  1.7912E-01
 -1.8972E+00 -9.7636E-02 -3.0094E-01  9.6772E-02  1.7912E-01
 -1.8564E+00  6.3976E-02 -4.9903E-01  9.6772E-02  1.7912E-01
 -1.4081E+00 -2.6975E-02 -1.2838E+00  9.6015E-02  1.8340E-01
  1.3653E+00  7.3722E-02 -1.3274E+00  9.6015E-02  1.8340E-01
  1.4610E+00  3.7200E-03  1.2097E+00  9.5636E-02  1.8558E-01
 -7.0554E-02 -6.4208E-02  1.8944E+00  9.5636E-02  1.8558E-01
  3.5068E-02  1.7701E-02  1.8964E+00  9.5636E-02  1.8558E-01
  1.5042E+00 -8.2559E-02  1.1526E+00  9.5636E-02  1.8558E-01
 -1.8349E+00  1.2642E-01 -3.8569E-01  9.4878E-02  1.9007E-01
  1.8061E+00  2.2096E-02  4.8609E-01  9.4499E-02  1.9236E-01
  1.8690E+00  7.4649E-02 -1.4205E-03  9.4499E-02  1.9236E-01
  1.3684E+00  7.5050E-02 -1.2730E+00  9.4499E-02  1.9236E-01
 -5.4549E-01 -9.0417E-02 -1.7869E+00  9.4499E-02  1.9236E-01
 -7.9859E-01  3.1750E-02 -1.6912E+00  9.4499E-02  1.9236E-01
  1.3794E+00  9.2255E-03 -1.2503E+00  9.4120E-02  1.9470E-01
 -1.8122E+00 -1.1158E-01 -4.1202E-01  9.4120E-02  1.9470E-01
 -1.5285E+00  4.1739E-02  1.0467E+00  9.3741E-02  1.9707E-01
 -9.3099E-01 -1.4748E-01 -1.5954E+00  9.3741E-02  1.9707E-01
  1.8487E+00 -3.5894E-02 -1.2219E-01  9.3741E-02  1.9707E-01
 -6.7702E-01  8.1596E-03  1.7156E+00  9.3361E-02  1.9948E-01
 -7.7448E-01 -1.3027E-01  1.6688E+00  9.3361E-02  1.9948E-01
  3.1854E-01  8.8231E-02 -1.7969E+00  9.2603E-02  2.0443E-01
  1.6631E+00 -1.5664E-01  7.1862E-01  9.2223E-02  2.0696E-01
 -1.5864E+00  1.6887E-01 -8.7281E-01  9.2223E-02  2.0696E-01
 -1.4907E-01  1.1135E-01  1.8003E+00  9.1844E-02  2.0954E-01
  1.6976E+00  6.9603E-02  6.2374E-01  9.1844E-02  2.0954E-01
 -1.6788E+00  1.2053E-01  5.9226E-01  9.0704E-02  2.1753E-01
 -3.6233E-01 -1.5906E-01  1.7398E+00  9.0704E-02  2.1753E-01
  8.2842E-02  8.4115E-02  1.7719E+00  9.0325E-02  2.2029E-01
 -1.7137E+00 -1.0205E-01 -4.1998E-01  8.9945E-02  2.2309E-01
  1.7054E+00  9.4430E-02 -4.5414E-01  8.9945E-02  2.2309E-01
 -8.2224E-01  7.8045E-02 -1.5529E+00  8.9565E-02  2.2594E-01
  1.7583E+00  3.9260E-02 -2.1329E-02  8.9565E-02  2.2594E-01
  3.0335E-01 -6.5047E-02 -1.7228E+00  8.9185E-02  2.2884E-01
  5.7613E-01  3.6046E-02  1.6526E+00  8.9185E-02  2.2884E-01
 -1.1560E+00 -1.3308E-01 -1.2965E+00  8.8805E-02  2.3179E-01
 -1.3226E+00  2.0781E-02  1.1337E+00  8.8805E-02  2.3179E-01
 -8.0471E-02 -1.7698E-01 -1.7312E+00  8.8805E-02  2.3179E-01
  7.1932E-01 -5.7536E-02 -1.5765E+00  8.8425E-02  2.3479E-01
 -1.0563E+00  1.5510E-03 -1.3643E+00  8.8044E-02  2.3785E-01
 -1.1380E+00  1.0212E-01  1.2818E+00  8.7664E-02  2.4095E-01
  1.4487E+00 -1.2925E-01 -9.1275E-01  8.7664E-02  2.4095E-01
 -1.7031E+00  4.4614E-02  2.1427E-01  8.7664E-02  2.4095E-01
  5.3619E-02  8.7261E-03  1.7163E+00  8.7664E-02  2.4095E-01
  1.2872E+00  4.1376E-05 -1.1240E+00  8.7284E-02  2.4412E-01
  9.7264E-01  3.2730E-02  1.4047E+00  8.7284E-02  2.4412E-01
 -1.5720E+00 -1.8631E-01  6.2146E-01  8.6904E-02  2.4734E-01
  8.4325E-01  1.5402E-01 -1.4688E+00  8.6904E-02  2.4734E-01
  6.8438E-02  6.1238E-02  1.6982E+00  8.6904E-02  2.4734E-01
 -9.7253E-01 -5.4020E-02 -1.3840E+00  8.6524E-02  2.5061E-01
 -7.5811E-01  1.7073E-01 -1.4942E+00  8.6143E-02  2.5395E-01
  1.4026E+00  1.5572E-01 -9.0433E-01  8.5763E-02  2.5734E-01
  2.3541E-01  2.1275E-02 -1.6593E+00  8.5763E-02  2.5734E-01
 -1.6626E+00  8.8328E-02 -1.0093E-01  8.5382E-02  2.6079E-01
  1.3476E+00  6.3006E-02  9.8091E-01  8.5382E-02  2.6079E-01
  1.0133E+00 -1.4465E-01  1.2964E+00  8.4622E-02  2.6789E-01
  1.4549E+00 -1.5162E-01  7.6733E-01  8.4622E-02  2.6789E-01
 -3.7291E-01 -1.2462E-01 -1.6043E+00  8.4622E-02  2.6789E-01
  5.4014E-01  9.9602E-02 -1.5493E+00  8.4241E-02  2.7154E-01
 -2.8062E-01  1.6565E-01 -1.6111E+00  8.4241E-02  2.7154E-01
  8.0217E-01 -1.6202E-02  1.4346E+00  8.4241E-02  2.7154E-01
 -1.3301E+00  5.2006E-02  9.5073E-01  8.3861E-02  2.7525E-01
  1.6044E+00  1.9866E-02 -2.2217E-01  8.3100E-02  2.8288E-01
  8.0805E-01  7.9208E-03 -1.4039E+00  8.3100E-02  2.8288E-01
  3.6890E-01 -4.0497E-02  1.5686E+00  8.2719E-02  2.8681E-01
 -1.5499E+00  4.8394E-02 -4.4000E-01  8.2719E-02  2.8681E-01
 -1.2068E+00 -7.2991E-02  1.0661E+00  8.2719E-02  2.8681E-01
  1.5935E+00 -8.8072E-02 -2.2622E-01  8.2719E-02  2.8681E-01
 -5.9791E-01 -1.0738E-01  1.4761E+00  8.1958E-02  2.9487E-01
 -1.1201E+00  9.9570E-02 -1.1328E+00  8.1958E-02  2.9487E-01
  9.7962E-01  1.2496E-01 -1.2540E+00  8.1958E-02  2.9487E-01
  7.2801E-01  1.5864E-01 -1.4028E+00  8.1577E-02  2.9902E-01
  1.3599E+00 -9.0408E-02 -8.1576E-01  8.1577E-02  2.9902E-01
 -1.6216E-01  9.7331E-03  1.5722E+00  8.1197E-02  3.0324E-01
  2.2946E-01 -1.7406E-01  1.5541E+00  8.1197E-02  3.0324E-01
 -1.0297E+00  5.0584E-03  1.1991E+00  8.1197E-02  3.0324E-01
  3.3852E-01 -7.3447E-02 -1.5342E+00  8.0816E-02  3.0755E-01
  5.3415E-01 -9.0075E-02  1.4766E+00  8.0816E-02  3.0755E-01
  1.5373E+00  1.6050E-01  2.9111E-01  8.0816E-02  3.0755E-01
  1.9136E-01  1.5027E-01 -1.5461E+00  8.0435E-02  3.1193E-01
 -1.3613E+00  1.1371E-01 -7.4800E-01  8.0055E-02  3.1640E-01
  2.3039E-01  1.4278E-01  1.5337E+00  8.0055E-02  3.1640E-01
  6.9512E-03  1.1417E-01 -1.5532E+00  8.0055E-02  3.1640E-01
 -2.8633E-02 -1.5591E-01  1.5493E+00  8.0055E-02  3.1640E-01
  1.1726E+00 -7.8095E-02  1.0104E+00  7.9674E-02  3.2096E-01
 -8.5665E-01 -2.0758E-02  1.2913E+00  7.9674E-02  3.2096E-01
 -7.5023E-01 -1.7366E-01  1.3361E+00  7.9293E-02  3.2561E-01
 -2.8303E-02 -1.7666E-01 -1.5241E+00  7.8913E-02  3.3034E-01
  7.4436E-01 -3.0944E-02 -1.3330E+00  7.8532E-02  3.3517E-01
  1.4873E+00 -1.7251E-01 -2.9976E-01  7.8532E-02  3.3517E-01
  1.5155E+00  6.6346E-02  1.7485E-01  7.8532E-02  3.3517E-01
 -1.4886E+00  1.0913E-03 -3.4027E-01  7.8532E-02  3.3517E-01
  1.4289E+00  3.7762E-02  5.1542E-01  7.8152E-02  3.4009E-01
 -7.1758E-02 -7.9237E-02  1.5158E+00  7.8152E-02  3.4009E-01
 -1.3393E+00  1.6007E-01  6.8324E-01  7.7771E-02  3.4511E-01
  1.5053E+00 -8.1647E-04  1.4232E-01  7.7771E-02  3.4511E-01
 -1.3655E+00 -1.0087E-01 -6.4152E-01  7.7771E-02  3.4511E-01
  8.4740E-01  1.7633E-01  1.2307E+00  7.7390E-02  3.5022E-01
 -1.4080E+00  1.3068E-01  5.1421E-01  7.7390E-02  3.5022E-01
  2.4205E-02  3.4569E-02  1.4966E+00  7.7010E-02  3.5544E-01
  4.4484E-01 -9.9567E-02 -1.4184E+00  7.6629E-02  3.6076E-01
  3.6398E-01 -9.4572E-02 -1.4416E+00  7.6629E-02  3.6076E-01
  1.3417E+00  5.2452E-02 -6.4550E-01  7.6629E-02  3.6076E-01
  1.4832E+00  1.0093E-01  9.7073E-02  7.6629E-02  3.6076E-01
 -7.8631E-01  1.0949E-01  1.2607E+00  7.6629E-02  3.6076E-01
  1.4045E+00  3.1369E-02 -4.7338E-01  7.6248E-02  3.6619E-01
  1.2672E-01  1.3785E-01  1.4706E+00  7.6248E-02  3.6619E-01
  9.1932E-01  2.0564E-02 -1.1628E+00  7.6248E-02  3.6619E-01
  1.0556E+00  7.1796E-02  1.0280E+00  7.5868E-02  3.7173E-01
 -1.2451E+00 -7.4373E-02 -7.8774E-01  7.5868E-02  3.7173E-01
  1.2821E+00  4.0331E-02 -7.2848E-01  7.5868E-02  3.7173E-01
 -1.1025E+00  1.3012E-01 -9.6046E-01  7.5487E-02  3.7739E-01
  9.7962E-02  7.2760E-02 -1.4629E+00  7.5487E-02  3.7739E-01
  5.9308E-01  1.8263E-02  1.3348E+00  7.5106E-02  3.8315E-01
  1.1482E+00  2.4745E-02  9.0267E-01  7.5106E-02  3.8315E-01
  6.8350E-01 -3.4488E-02  1.2905E+00  7.5106E-02  3.8315E-01
  8.4019E-01  1.1326E-01  1.1807E+00  7.4726E-02  3.8904E-01
 -1.2965E-01 -1.8549E-01  1.4286E+00  7.4345E-02  3.9504E-01
 -1.3189E+00 -9.0657E-02 -5.8687E-01  7.4345E-02  3.9504E-01
  1.4203E+00  4.7993E-02  2.6954E-01  7.4345E-02  3.9504E-01
  5.9796E-01 -3.4063E-02  1.3088E+00  7.3965E-02  4.0117E-01
  6.6251E-01 -5.1482E-03  1.2778E+00  7.3965E-02  4.0117E-01
 -1.2263E+00 -7.0409E-02  7.5025E-01  7.3965E-02  4.0117E-01
 -1.2959E+00 -7.6017E-02  6.0506E-01  7.3584E-02  4.0743E-01
 -1.1629E+00  1.8495E-01 -8.1539E-01  7.3584E-02  4.0743E-01
 -5.9473E-01 -1.3006E-01  1.2964E+00  7.3584E-02  4.0743E-01
  1.2419E+00 -3.7777E-02 -7.1249E-01  7.3584E-02  4.0743E-01
  1.9418E-02 -1.7600E-01  1.4213E+00  7.3584E-02  4.0743E-01
 -1.3581E+00 -9.8892E-03 -4.5480E-01  7.3584E-02  4.0743E-01
  1.8228E-01 -5.9118E-02 -1.4123E+00  7.3203E-02  4.1382E-01
  3.1113E-01 -1.0379E-01 -1.3870E+00  7.3203E-02  4.1382E-01
  1.3856E+00  1.5037E-01 -2.9779E-01  7.3203E-02  4.1382E-01
  1.0479E+00  1.4827E-01 -9.5461E-01  7.3203E-02  4.1382E-01
  2.9960E-01 -1.0521E-01 -1.3822E+00  7.2822E-02  4.2035E-01
 -1.2221E+00  5.2283E-02 -7.1781E-01  7.2822E-02  4.2035E-01
  1.2949E-03 -1.1228E-01  1.4138E+00  7.2822E-02  4.2035E-01
  1.0973E+00  1.5244E-01  8.7432E-01  7.2442E-02  4.2701E-01
  8.0493E-01 -1.1654E-01 -1.1534E+00  7.2442E-02  4.2701E-01
 -1.0399E+00  8.8360E-02  9.5003E-01  7.2442E-02  4.2701E-01
  5.6449E-01  1.2237E-01 -1.2801E+00  7.2061E-02  4.3381E-01
 -3.2754E-01  1.7500E-01  1.3544E+00  7.2061E-02  4.3381E-01
 -1.1524E+00  2.7010E-02 -7.9017E-01  7.1680E-02  4.4076E-01
 -1.2391E+00 -6.3652E-02 -6.4324E-01  7.1680E-02  4.4076E-01
  4.0429E-01 -1.4679E-01 -1.3297E+00  7.1680E-02  4.4076E-01
 -1.2369E+00  2.5376E-02 -6.3529E-01  7.1300E-02  4.4786E-01
 -1.2019E+00  9.6496E-02 -6.9306E-01  7.1300E-02  4.4786E-01
 -1.0558E+00 -1.5258E-01 -8.7105E-01  7.0538E-02  4.6253E-01
 -9.8877E-01  1.2946E-01  9.4991E-01  7.0538E-02  4.6253E-01
  1.0955E+00 -5.2992E-02  8.2184E-01  7.0157E-02  4.7010E-01
 -2.5929E-01 -4.5787E-02  1.3450E+00  7.0157E-02  4.7010E-01
  4.9688E-01  1.0424E-02 -1.2701E+00  6.9776E-02  4.7784E-01
  1.3760E-01 -3.5659E-02  1.3498E+00  6.9395E-02  4.8575E-01
 -7.5930E-01  3.4585E-03  1.1171E+00  6.9014E-02  4.9384E-01
 -1.3278E+00  1.4089E-01 -2.0417E-01  6.9014E-02  4.9384E-01
 -9.9738E-01  2.4212E-02 -9.1059E-01  6.9014E-02  4.9384E-01
 -1.3471E+00 -9.9596E-02  4.0655E-03  6.9014E-02  4.9384E-01
 -7.7285E-01  4.1392E-02  1.0912E+00  6.8252E-02  5.1057E-01
 -1.3049E+00 -1.3921E-01  2.5992E-01  6.8252E-02  5.1057E-01
  1.3231E+00  2.1510E-02 -1.9621E-01  6.8252E-02  5.1057E-01
 -8.4226E-01 -2.4540E-03  1.0393E+00  6.8252E-02  5.1057E-01
 -9.4996E-01 -1.3676E-01  9.3194E-01  6.8252E-02  5.1057E-01
  9.7647E-01 -1.7191E-01  8.9811E-01  6.8252E-02  5.1057E-01
 -9.1316E-01  1.2480E-01  9.6964E-01  6.8252E-02  5.1057E-01
  1.3190E+00 -1.5426E-01  1.6119E-01  6.8252E-02  5.1057E-01
  1.3275E+00 -9.8862E-02 -1.3233E-01  6.8252E-02  5.1057E-01
  1.1258E+00  1.3882E-01  6.9697E-01  6.7871E-02  5.1923E-01
 -1.1783E+00 -4.5938E-02  6.1800E-01  6.7871E-02  5.1923E-01
  8.6787E-01 -1.1239E-01  9.9487E-01  6.7489E-02  5.2808E-01
  1.1662E+00 -1.4482E-01  6.1209E-01  6.7489E-02  5.2808E-01
  9.9963E-01 -1.8289E-01  8.5023E-01  6.7489E-02  5.2808E-01
  7.6086E-04  1.1348E-02 -1.3249E+00  6.7489E-02  5.2808E-01
 -1.3058E+00 -3.4209E-02  1.8016E-01  6.7108E-02  5.3713E-01
 -7.3401E-01 -1.5963E-01  1.0838E+00  6.7108E-02  5.3713E-01
  1.2711E+00 -5.8884E-02 -3.2109E-01  6.6726E-02  5.4640E-01
 -8.0660E-01  5.4716E-02  1.0338E+00  6.6726E-02  5.4640E-01
  7.7749E-01  8.3812E-02 -1.0540E+00  6.6726E-02  5.4640E-01
 -1.2134E+00  7.0640E-02 -4.9497E-01  6.6726E-02  5.4640E-01
 -9.1336E-01  1.8197E-01 -9.0697E-01  6.5963E-02  5.6559E-01
 -6.7230E-01  1.7558E-01  1.0987E+00  6.5963E-02  5.6559E-01
  7.2380E-01 -9.5933E-02 -1.0756E+00  6.5963E-02  5.6559E-01
  7.6878E-01 -1.3074E-01 -1.0401E+00  6.5963E-02  5.6559E-01
  1.2911E+00  5.0731E-02 -1.4272E-01  6.5963E-02  5.6559E-01
  1.2734E+00 -5.9881E-02  2.2110E-01  6.5581E-02  5.7553E-01
 -7.1056E-01 -4.6494E-02  1.0803E+00  6.5581E-02  5.7553E-01
  6.0134E-01 -3.5673E-02  1.1451E+00  6.5581E-02  5.7553E-01
 -1.2856E+00 -3.4869E-02  1.4183E-01  6.5581E-02  5.7553E-01
 -2.2342E-01 -1.0598E-01  1.2638E+00  6.5199E-02  5.8571E-01
  1.2005E+00 -2.8471E-02 -4.6521E-01  6.5199E-02  5.8571E-01
  1.2471E+00 -1.4455E-01 -2.8656E-01  6.5199E-02  5.8571E-01
  1.1883E+00 -1.9998E-03 -4.9626E-01  6.5199E-02  5.8571E-01
 -1.2299E+00  1.3235E-01  3.3566E-01  6.4817E-02  5.9614E-01
 -5.2280E-01  1.0353E-01 -1.1657E+00  6.4817E-02  5.9614E-01
 -1.2481E+00 -8.9265E-02 -2.4860E-01  6.4434E-02  6.0681E-01
 -4.0786E-01  1.1308E-01 -1.1972E+00  6.4051E-02  6.1776E-01
 -6.7345E-01  4.5882E-02 -1.0755E+00  6.4051E-02  6.1776E-01
 -1.2080E+00  6.4411E-02 -3.8586E-01  6.4051E-02  6.1776E-01
  1.2318E+00  1.1634E-01 -2.5809E-01  6.3669E-02  6.2897E-01
 -1.0356E+00 -8.9415E-02  7.0882E-01  6.3285E-02  6.4046E-01
  5.5710E-01 -8.2116E-03 -1.1280E+00  6.3285E-02  6.4046E-01
 -4.7780E-01  1.0128E-01  1.1594E+00  6.3285E-02  6.4046E-01
  1.0866E+00  1.3354E-01  6.1989E-01  6.3285E-02  6.4046E-01
  1.1651E+00  1.7878E-02  4.5884E-01  6.2902E-02  6.5224E-01
 -1.2494E+00 -8.5123E-02  1.2705E-03  6.2902E-02  6.5224E-01
  1.0564E+00 -6.3495E-03  6.7252E-01  6.2902E-02  6.5224E-01
 -1.2243E+00 -4.5314E-02  2.3017E-01  6.2518E-02  6.6433E-01
 -1.0968E+00 -1.6034E-01  5.7029E-01  6.2518E-02  6.6433E-01
 -9.8693E-01  1.2706E-01  7.4141E-01  6.2134E-02  6.7672E-01
  1.1359E+00 -1.7019E-01  4.6968E-01  6.2134E-02  6.7672E-01
 -9.4529E-01  3.4541E-02 -8.0318E-01  6.2134E-02  6.7672E-01
  1.1210E+00 -3.0654E-02  5.3126E-01  6.2134E-02  6.7672E-01
  3.8745E-01  1.2391E-01 -1.1723E+00  6.2134E-02  6.7672E-01
  1.1518E+00 -4.1993E-02 -4.4437E-01  6.1750E-02  6.8943E-01
 -1.2036E+00 -1.2795E-01 -2.4695E-01  6.1750E-02  6.8943E-01
 -4.6302E-01 -3.1828E-02 -1.1388E+00  6.1365E-02  7.0248E-01
  5.7159E-01 -7.0667E-02 -1.0865E+00  6.1365E-02  7.0248E-01
 -7.0213E-01  1.7585E-01  9.8731E-01  6.0980E-02  7.1587E-01
 -2.4167E-01 -7.1758E-02 -1.1980E+00  6.0980E-02  7.1587E-01
  1.1296E+00  1.1082E-01 -4.5872E-01  6.0980E-02  7.1587E-01
  7.9807E-01 -2.8426E-02 -9.2067E-01  6.0595E-02  7.2962E-01
 -7.9401E-02 -1.8601E-01  1.2019E+00  6.0595E-02  7.2962E-01
 -1.0265E+00 -2.3348E-02  6.5660E-01  6.0595E-02  7.2962E-01
  1.1659E+00 -1.2933E-01  3.3075E-01  6.0595E-02  7.2962E-01
 -5.0138E-01 -1.6012E-01  1.0933E+00  6.0209E-02  7.4374E-01
  1.2037E+00  1.4359E-01 -5.1735E-02  6.0209E-02  7.4374E-01
  1.9412E-01 -1.4053E-01 -1.1840E+00  5.9822E-02  7.5825E-01
  8.2703E-01  8.6992E-02  8.7620E-01  5.9822E-02  7.5825E-01
  9.4882E-03  1.2761E-01 -1.1959E+00  5.9436E-02  7.7315E-01
 -1.7112E-01  1.2397E-01 -1.1840E+00  5.9436E-02  7.7315E-01
 -1.1459E+00  1.0806E-01 -3.4899E-01  5.9436E-02  7.7315E-01
  3.0265E-01 -9.3280E-03  1.1586E+00  5.9048E-02  7.8847E-01
  8.0145E-01 -5.9902E-02 -8.8772E-01  5.9048E-02  7.8847E-01
 -1.1339E+00 -2.0777E-02  3.6790E-01  5.8660E-02  8.0422E-01
  5.1020E-01  1.0936E-01 -1.0664E+00  5.8271E-02  8.2042E-01
 -1.0973E+00 -7.8815E-02  4.4630E-01  5.8271E-02  8.2042E-01
 -1.5512E-01  1.7527E-01 -1.1639E+00  5.8271E-02  8.2042E-01
 -8.9130E-01 -6.9231E-02  7.8115E-01  5.8271E-02  8.2042E-01
 -8.5938E-01 -5.0627E-02  8.1750E-01  5.8271E-02  8.2042E-01
  1.1371E+00 -3.0528E-02  3.3984E-01  5.8271E-02  8.2042E-01
 -8.7561E-01 -3.1127E-02 -8.0109E-01  5.8271E-02  8.2042E-01
  4.4060E-01 -1.7629E-01  1.0827E+00  5.7882E-02  8.3709E-01
  1.0247E+00 -1.0525E-01  5.7987E-01  5.7882E-02  8.3709E-01
 -7.7387E-01 -4.7265E-02 -8.9236E-01  5.7882E-02  8.3709E-01
 -1.5947E-01 -1.4473E-01  1.1623E+00  5.7882E-02  8.3709E-01
  3.5552E-01 -1.4060E-01  1.1186E+00  5.7882E-02  8.3709E-01
 -9.7945E-02 -1.5264E-02  1.1780E+00  5.7882E-02  8.3709E-01
  7.5781E-01 -8.9681E-02 -8.9627E-01  5.7492E-02  8.5424E-01
 -8.0115E-02  1.3525E-01 -1.1616E+00  5.7101E-02  8.7190E-01
  8.4982E-01 -1.6218E-01 -7.9089E-01  5.7101E-02  8.7190E-01
  6.9633E-01 -1.7848E-01  9.2589E-01  5.7101E-02  8.7190E-01
  1.0932E-01 -1.3285E-01 -1.1595E+00  5.7101E-02  8.7190E-01
  9.6013E-01 -8.0981E-02 -6.6753E-01  5.7101E-02  8.7190E-01
  7.8605E-01 -1.0244E-02 -8.6950E-01  5.7101E-02  8.7190E-01
  1.5760E-01 -1.3907E-01  1.1482E+00  5.6710E-02  8.9009E-01
 -1.1616E+00 -4.2401E-02 -1.6132E-02  5.6317E-02  9.0882E-01
 -1.1395E+00 -1.0161E-02 -2.2957E-01  5.6317E-02  9.0882E-01
 -1.1105E+00 -1.5708E-01  3.0574E-01  5.6317E-02  9.0882E-01
 -7.1314E-01  7.0588E-02  9.1531E-01  5.6317E-02  9.0882E-01
 -9.3656E-01 -8.4781E-02  6.8339E-01  5.6317E-02  9.0882E-01
  4.9363E-01  1.1752E-01  1.0406E+00  5.5924E-02  9.2814E-01
 -8.7748E-01 -7.4020E-02  7.5156E-01  5.5924E-02  9.2814E-01
 -8.2460E-01 -1.2436E-01  7.9624E-01  5.5530E-02  9.4805E-01
  9.5906E-01 -3.1784E-02  6.3084E-01  5.5134E-02  9.6859E-01
  1.1343E+00  1.7822E-01  1.8899E-02  5.5134E-02  9.6859E-01
  6.4732E-01 -1.3358E-01  9.3910E-01  5.5134E-02  9.6859E-01
  2.7117E-02  1.4660E-01  1.1387E+00  5.5134E-02  9.6859E-01
  2.7029E-02  4.8123E-02  1.1379E+00  5.4340E-02  1.0117E+00
 -1.0713E+00  5.9981E-03 -3.8752E-01  5.4340E-02  1.0117E+00
 -1.0998E+00  2.4727E-02  2.7876E-01  5.3941E-02  1.0343E+00
 -9.1115E-01 -7.1959E-02  6.7267E-01  5.3941E-02  1.0343E+00
  5.8739E-01 -1.0411E-01 -9.6540E-01  5.3941E-02  1.0343E+00
  8.0480E-01 -7.0680E-02  7.9071E-01  5.3541E-02  1.0577E+00
 -1.0324E+00 -2.3581E-02  4.4911E-01  5.3139E-02  1.0818E+00
  5.3672E-01  1.7834E-01 -9.7380E-01  5.3139E-02  1.0818E+00
  7.1857E-01 -1.0689E-01  8.5488E-01  5.2736E-02  1.1068E+00
  7.8739E-01 -1.2031E-02 -7.9904E-01  5.2736E-02  1.1068E+00
 -3.4912E-01 -1.4094E-01 -1.0568E+00  5.2736E-02  1.1068E+00
  2.2174E-01 -6.5444E-03 -1.0997E+00  5.2736E-02  1.1068E+00
  5.0370E-01  1.3910E-01 -9.8800E-01  5.2331E-02  1.1327E+00
  4.7139E-01 -6.4159E-02 -1.0114E+00  5.2331E-02  1.1327E+00
 -6.7134E-01 -4.2153E-02 -8.8742E-01  5.1925E-02  1.1595E+00
  1.9657E-01  1.6228E-01 -1.0840E+00  5.1925E-02  1.1595E+00
 -8.4140E-01  1.0681E-01  7.2156E-01  5.1925E-02  1.1595E+00
 -7.4426E-01 -9.0839E-02  8.2330E-01  5.1925E-02  1.1595E+00
  6.7352E-01  5.8862E-02  8.7970E-01  5.1516E-02  1.1873E+00
 -9.0213E-01 -9.6328E-02  6.3864E-01  5.1516E-02  1.1873E+00
  3.6161E-01 -1.3573E-01  1.0401E+00  5.1516E-02  1.1873E+00
  9.6633E-01  1.8492E-01  5.1283E-01  5.1516E-02  1.1873E+00
  3.6405E-01  1.0958E-01  1.0423E+00  5.1516E-02  1.1873E+00
 -9.2477E-01  4.0523E-02  6.0438E-01  5.1106E-02  1.2161E+00
 -7.2629E-01 -1.5429E-01  8.1904E-01  5.1106E-02  1.2161E+00
  1.0937E+00  6.8729E-02 -1.1166E-01  5.0694E-02  1.2461E+00
 -9.6520E-01 -5.7190E-02  5.2782E-01  5.0694E-02  1.2461E+00
  8.6533E-01 -1.4595E-01  6.6586E-01  5.0694E-02  1.2461E+00
 -1.7383E-01 -1.4709E-01 -1.0778E+00  5.0694E-02  1.2461E+00
 -1.0602E+00  1.1895E-01 -2.5833E-01  5.0279E-02  1.2771E+00
 -2.4674E-01 -2.0632E-02 -1.0694E+00  5.0279E-02  1.2771E+00
  4.3584E-01 -1.1187E-01  1.0013E+00  5.0279E-02  1.2771E+00
  5.9711E-01  1.7436E-01  9.0445E-01  5.0279E-02  1.2771E+00
 -1.0281E+00 -1.2987E-01 -3.6218E-01  5.0279E-02  1.2771E+00
 -4.3351E-01  2.0809E-02  1.0083E+00  5.0279E-02  1.2771E+00
  6.2280E-01 -2.7924E-02 -9.0351E-01  5.0279E-02  1.2771E+00
 -8.1098E-01 -2.7649E-02 -7.3363E-01  4.9863E-02  1.3094E+00
 -4.6108E-01  6.7021E-02  9.8974E-01  4.9863E-02  1.3094E+00
 -8.2243E-01 -1.7594E-01 -6.8794E-01  4.9022E-02  1.3780E+00
  4.5790E-01  8.1718E-02 -9.8196E-01  4.9022E-02  1.3780E+00
  7.9000E-01 -4.6628E-02  7.4453E-01  4.9022E-02  1.3780E+00
 -3.3772E-01  5.7482E-02 -1.0274E+00  4.8597E-02  1.4144E+00
  1.0484E+00  9.3665E-02  2.5458E-01  4.8597E-02  1.4144E+00
 -8.7759E-01 -3.0758E-02 -6.3381E-01  4.8597E-02  1.4144E+00
  4.5111E-01 -4.5186E-02 -9.7963E-01  4.8170E-02  1.4524E+00
 -2.9565E-02 -4.5924E-02 -1.0781E+00  4.8170E-02  1.4524E+00
  5.2567E-02  1.1260E-01 -1.0688E+00  4.7739E-02  1.4920E+00
  9.2724E-01 -1.5997E-01  5.1497E-01  4.7306E-02  1.5334E+00
  3.5733E-01 -1.2586E-02 -1.0113E+00  4.7306E-02  1.5334E+00
 -1.8805E-01 -1.2669E-04  1.0560E+00  4.7306E-02  1.5334E+00
 -1.0966E-01 -1.1795E-01  1.0605E+00  4.7306E-02  1.5334E+00
  1.0688E+00  2.2057E-02  2.4937E-02  4.6868E-02  1.5768E+00
 -1.9075E-01  4.4372E-02 -1.0513E+00  4.6868E-02  1.5768E+00
 -5.6894E-01  4.4847E-02  9.0050E-01  4.6427E-02  1.6222E+00
 -1.0389E+00  5.0949E-02  2.3384E-01  4.6427E-02  1.6222E+00
 -1.0646E+00 -5.5192E-02 -1.6280E-02  4.6427E-02  1.6222E+00
  4.7094E-01 -1.6878E-01 -9.4145E-01  4.6427E-02  1.6222E+00
  1.9761E-01 -4.9506E-02 -1.0465E+00  4.6427E-02  1.6222E+00
 -5.5872E-01 -1.3069E-02  9.0418E-01  4.5982E-02  1.6697E+00
 -8.0397E-01 -5.9815E-03  6.9533E-01  4.5982E-02  1.6697E+00
  1.0555E+00 -2.0474E-02  1.2384E-01  4.5982E-02  1.6697E+00
  1.0899E-02  1.5917E-02  1.0628E+00  4.5982E-02  1.6697E+00
 -9.3774E-01  1.1576E-01  4.8018E-01  4.5533E-02  1.7196E+00
  1.0480E+00 -1.5491E-01  3.2183E-02  4.5533E-02  1.7196E+00
  3.3333E-01  9.1553E-02  1.0019E+00  4.5533E-02  1.7196E+00
 -1.3030E-01  3.6676E-02 -1.0512E+00  4.5533E-02  1.7196E+00
  7.3833E-01  8.3357E-02 -7.5159E-01  4.5079E-02  1.7721E+00
  1.0460E+00  1.2449E-01 -8.5163E-02  4.5079E-02  1.7721E+00
 -1.0386E+00  1.0272E-01 -1.6682E-01  4.5079E-02  1.7721E+00
  6.2077E-01 -1.1343E-01  8.4779E-01  4.5079E-02  1.7721E+00
  1.0102E+00  1.5236E-01  2.7065E-01  4.5079E-02  1.7721E+00
 -1.1205E-01  1.6796E-01  1.0344E+00  4.4620E-02  1.8273E+00
  5.0761E-01 -4.2123E-02 -9.2268E-01  4.4620E-02  1.8273E+00
 -7.5143E-01 -1.5292E-01 -7.2300E-01  4.4620E-02  1.8273E+00
  5.3495E-02 -4.8827E-02 -1.0514E+00  4.4620E-02  1.8273E+00
 -1.0245E+00 -1.7363E-01 -1.5808E-01  4.4156E-02  1.8855E+00
 -9.2207E-01 -8.4829E-03  5.0443E-01  4.4156E-02  1.8855E+00
 -9.7357E-01 -1.7595E-01  3.4655E-01  4.3687E-02  1.9469E+00
 -1.0385E+00 -1.0877E-01 -9.3039E-02  4.3687E-02  1.9469E+00
  6.6296E-01 -1.5486E-01 -7.9712E-01  4.3687E-02  1.9469E+00
  1.0177E+00 -1.1311E-01 -2.1146E-01  4.3212E-02  2.0119E+00
  1.9290E-01  2.0736E-02  1.0274E+00  4.3212E-02  2.0119E+00
 -4.3349E-01 -4.8710E-02 -9.5022E-01  4.3212E-02  2.0119E+00
 -1.0319E+00  1.5666E-01  6.1550E-02  4.3212E-02  2.0119E+00
 -3.8864E-01  1.4275E-01  9.6010E-01  4.3212E-02  2.0119E+00
 -8.6944E-01 -6.5771E-02  5.7703E-01  4.3212E-02  2.0119E+00
 -1.0310E+00 -5.9068E-03 -1.5734E-01  4.2730E-02  2.0806E+00
 -7.6301E-01  2.4972E-02 -7.1056E-01  4.2730E-02  2.0806E+00
 -9.0720E-01 -1.5240E-01  4.8593E-01  4.2242E-02  2.1536E+00
 -9.2706E-01  1.7823E-01 -4.3722E-01  4.2242E-02  2.1536E+00
 -1.0368E+00  4.6230E-02 -7.3011E-02  4.2242E-02  2.1536E+00
  8.1604E-01 -1.6121E-01 -6.2071E-01  4.1747E-02  2.2312E+00
 -6.9608E-01 -1.6876E-01 -7.5113E-01  4.1747E-02  2.2312E+00
  8.3338E-02  5.8833E-02 -1.0329E+00  4.1747E-02  2.2312E+00
 -4.8147E-01 -9.2513E-02  9.1478E-01  4.1747E-02  2.2312E+00
 -9.6741E-01 -1.5258E-01 -3.3622E-01  4.1244E-02  2.3138E+00
  8.3383E-01 -9.7455E-02 -6.0616E-01  4.1244E-02  2.3138E+00
 -1.0187E+00 -1.4713E-01  8.9204E-02  4.0733E-02  2.4020E+00
 -3.8333E-01 -9.0938E-02 -9.5507E-01  4.0733E-02  2.4020E+00
 -6.6299E-01 -1.0884E-01 -7.8483E-01  4.0733E-02  2.4020E+00
 -9.7259E-01 -7.0489E-02  3.3439E-01  4.0213E-02  2.4964E+00
  1.0299E+00 -3.4861E-03  4.4293E-02  4.0213E-02  2.4964E+00
  9.9466E-01  2.7481E-02 -2.6944E-01  4.0213E-02  2.4964E+00
 -1.7242E-01 -1.2732E-02  1.0163E+00  4.0213E-02  2.4964E+00
 -6.0511E-01  1.4816E-01  8.2134E-01  4.0213E-02  2.4964E+00
  8.9751E-01  1.5590E-01  4.7790E-01  3.9683E-02  2.5977E+00
  1.5109E-01  7.5821E-02  1.0147E+00  3.9683E-02  2.5977E+00
  9.8437E-01  1.1552E-01  2.7548E-01  3.9683E-02  2.5977E+00
 -3.5312E-02  1.1232E-01 -1.0219E+00  3.9683E-02  2.5977E+00
  8.8799E-01  5.6771E-02 -5.1620E-01  3.9683E-02  2.5977E+00
 -6.5663E-01 -1.3634E-01  7.8005E-01  3.9683E-02  2.5977E+00
 -1.0087E+00 -1.1496E-01 -1.5223E-01  3.9143E-02  2.7067E+00
  5.2323E-01  1.0034E-01 -8.7753E-01  3.9143E-02  2.7067E+00
  9.0416E-01 -5.1854E-02 -4.8344E-01  3.9143E-02  2.7067E+00
  7.1090E-01  4.2489E-02  7.3659E-01  3.8592E-02  2.8243E+00
  1.0163E+00  2.2199E-04 -1.2977E-01  3.8592E-02  2.8243E+00
 -7.5741E-01  1.4141E-01 -6.7239E-01  3.8029E-02  2.9517E+00
  1.0041E+00 -1.6917E-01  9.4954E-02  3.8029E-02  2.9517E+00
  1.0044E+00  1.2670E-01  1.4461E-01  3.8029E-02  2.9517E+00
  7.9744E-02 -1.4557E-01  1.0072E+00  3.7452E-02  3.0900E+00
 -6.7991E-02  1.2170E-01  1.0112E+00  3.7452E-02  3.0900E+00
 -6.6709E-01  1.6968E-01 -7.5133E-01  3.6862E-02  3.2409E+00
 -2.8399E-01  5.4156E-02  9.7710E-01  3.6862E-02  3.2409E+00
 -3.8301E-01 -1.4770E-01 -9.3076E-01  3.6256E-02  3.4062E+00
 -9.3208E-01  1.6028E-01  3.7464E-01  3.6256E-02  3.4062E+00
 -8.7560E-01  1.6173E-01  4.9192E-01  3.6256E-02  3.4062E+00
  9.0949E-01  4.6566E-02  4.5330E-01  3.6256E-02  3.4062E+00
 -9.9981E-01  1.3429E-01 -1.1766E-01  3.5633E-02  3.5880E+00
  8.8823E-01 -6.3352E-02 -4.8842E-01  3.5633E-02  3.5880E+00
 -5.9262E-01  5.7328E-02  8.2281E-01  3.5633E-02  3.5880E+00
 -6.9804E-02 -1.4324E-01  1.0015E+00  3.4991E-02  3.7890E+00
 -6.1196E-01  1.7088E-01 -7.9036E-01  3.4991E-02  3.7890E+00
  2.8959E-01 -2.6316E-02  9.6996E-01  3.4329E-02  4.0125E+00
 -1.2181E-01  1.0819E-01  9.9801E-01  3.3644E-02  4.2626E+00
  7.8410E-01 -1.4989E-01  6.2071E-01  3.3644E-02  4.2626E+00
 -2.2389E-01 -1.5511E-01  9.7385E-01  3.3644E-02  4.2626E+00
  1.0000E+00  1.5003E-01  3.8374E-03  3.3644E-02  4.2626E+00
  6.0294E-01  1.4950E-01  7.9626E-01  3.2934E-02  4.5444E+00
 -4.4166E-01 -1.0394E-01  9.0225E-01  3.2934E-02  4.5444E+00
  9.6219E-01 -1.4199E-01  2.7194E-01  3.2934E-02  4.5444E+00
 -8.8035E-01 -1.7478E-01  4.6299E-01  3.2934E-02  4.5444E+00
 -9.1100E-01 -1.2264E-01 -4.1530E-01  3.2195E-02  4.8645E+00
  7.6593E-01 -1.7724E-01 -6.3196E-01  3.2195E-02  4.8645E+00
  9.7100E-01 -1.6686E-01  2.1625E-01  3.2195E-02  4.8645E+00
 -9.6955E-01  6.3321E-02  2.7094E-01  3.2195E-02  4.8645E+00
 -9.9647E-01 -1.4044E-01 -6.9064E-02  3.2195E-02  4.8645E+00
 -9.7897E-01  9.9190E-02 -2.2187E-01  3.2195E-02  4.8645E+00
  4.7049E-01 -1.1425E-01  8.8358E-01  3.1425E-02  5.2312E+00
  1.7601E-01 -1.3584E-01  9.8269E-01  3.1425E-02  5.2312E+00
 -2.9505E-02 -1.2009E-01 -9.9884E-01  3.0618E-02  5.6557E+00
  6.5969E-01  1.6135E-01 -7.4279E-01  3.0618E-02  5.6557E+00
  9.6126E-01 -1.0295E-01 -2.7991E-01  3.0618E-02  5.6557E+00
  3.4592E-01 -8.4227E-02 -9.4139E-01  3.0618E-02  5.6557E+00
  7.7366E-01 -1.1847E-01  6.3277E-01  3.0618E-02  5.6557E+00
  2.1672E-01 -1.7381E-01 -9.6736E-01  3.0618E-02  5.6557E+00
 -9.6859E-01  3.2012E-02 -2.6795E-01  2.9770E-02  6.1530E+00
 -5.0627E-01  2.9285E-02  8.6822E-01  2.9770E-02  6.1530E+00
 -3.7711E-01  5.1221E-02 -9.3067E-01  2.9770E-02  6.1530E+00
  4.0195E-01  1.0827E-01 -9.1526E-01  2.9770E-02  6.1530E+00
  7.9583E-01  3.7778E-02 -6.1188E-01  2.8874E-02  6.7438E+00
 -3.4200E-01 -1.8190E-02  9.4439E-01  2.8874E-02  6.7438E+00
  4.5858E-01 -3.0661E-02 -8.9234E-01  2.7921E-02  7.4574E+00
 -6.5968E-01 -1.2824E-01  7.4458E-01  2.6903E-02  8.3369E+00
 -9.9747E-01  8.3516E-02  6.4040E-02  2.6903E-02  8.3369E+00
  9.7332E-01 -1.7834E-01 -1.5979E-01  2.5804E-02  9.4481E+00
 -6.3903E-01 -1.7293E-01  7.5261E-01  2.5804E-02  9.4481E+00
 -8.5724E-01 -1.4695E-01 -4.9823E-01  2.5804E-02  9.4481E+00
 -6.9866E-01 -1.1461E-01 -7.0954E-01  2.5804E-02  9.4481E+00
  9.2039E-01 -1.5874E-01  3.6224E-01  2.4606E-02  1.0897E+01
  3.9971E-01 -7.9139E-03 -9.1853E-01  2.4606E-02  1.0897E+01
 -8.9757E-01  1.4138E-01 -4.2179E-01  2.4606E-02  1.0897E+01
  8.6164E-01 -2.6021E-02 -5.0936E-01  2.3280E-02  1.2866E+01
  9.7625E-01 -7.0392E-02  2.1100E-01  2.3280E-02  1.2866E+01
 -4.0811E-01 -3.1047E-02  9.1380E-01  2.3280E-02  1.2866E+01
 -3.6417E-01  1.4966E-02 -9.3213E-01  2.1787E-02  1.5696E+01
 -9.0742E-01  1.4374E-01 -3.9703E-01  2.1787E-02  1.5696E+01
 -8.4227E-01  3.9017E-02 -5.3923E-01  2.1787E-02  1.5696E+01
 -5.9147E-01 -1.3478E-01 -7.9563E-01  2.0058E-02  2.0115E+01
  9.8097E-01  1.6736E-01 -1.0357E-01  2.0058E-02  2.0115E+01
  4.6748E-01 -1.5931E-01 -8.7013E-01  2.0058E-02  2.0115E+01
  2.3258E-01  1.6991E-01  9.5816E-01  2.0058E-02  2.0115E+01
  4.1655E-01  1.0067E-02 -9.0935E-01  1.7969E-02  2.7981E+01
 -2.3905E-01  2.3172E-02 -9.7101E-01  1.7969E-02  2.7981E+01
 -9.9507E-01 -1.0169E-01  5.2448E-03  1.7969E-02  2.7981E+01
