0.69984000000000D+01       600
(x,y,z) position of the X-ray source
  0.1743E+01  0.2343E-01  0.4470E+00
x | y | z | R | rho
 -7.4767E-01 -3.3378E-01  8.2569E+00  2.8367E-01  7.1113E-03
 -1.9081E+00  1.0657E-01  8.7066E+00  2.9802E-01  6.1328E-03
  3.8337E-01 -4.7949E-02  7.0189E+00  2.5293E-01  1.0033E-02
  2.4291E-01 -2.2696E-01  8.0843E+00  2.7879E-01  7.4917E-03
 -5.7569E-01 -2.2717E-01  8.8431E+00  2.9689E-01  6.2031E-03
  9.0236E-01  1.7726E-01  7.2109E+00  2.5888E-01  9.3563E-03
 -5.3867E-01  3.3827E-01  9.0908E+00  3.0258E-01  5.8596E-03
 -9.0259E-01 -2.1599E-01  6.8423E+00  2.4980E-01  1.0414E-02
  4.7840E-01  7.5679E-02  9.4651E+00  3.1085E-01  5.4047E-03
 -1.6578E+00 -3.9900E-02  6.3523E+00  2.4119E-01  1.1570E-02
 -1.7850E+00 -2.1441E-01  6.4432E+00  2.4435E-01  1.1126E-02
  1.4506E+00  1.4169E-01  5.8742E+00  2.2787E-01  1.3719E-02
 -3.4727E-01  2.3205E-01  7.3059E+00  2.6008E-01  9.2275E-03
 -1.1927E+00 -3.0958E-01  9.8177E+00  3.2017E-01  4.9463E-03
 -1.4983E-01 -4.5532E-03  6.9756E+00  2.5162E-01  1.0190E-02
  8.3132E-01 -1.7405E-01  9.2380E+00  3.0631E-01  5.6481E-03
  1.6472E-01  3.7637E-01  8.9172E+00  2.9832E-01  6.1146E-03
 -6.1762E-01 -1.4246E-01  8.0412E+00  2.7819E-01  7.5399E-03
  1.4625E+00  1.9648E-01  6.7127E+00  2.4900E-01  1.0515E-02
  2.0376E+00  2.9526E-01  6.2952E+00  2.4267E-01  1.1359E-02
  6.8002E-01  2.8483E-01  8.9701E+00  3.0001E-01  6.0118E-03
  1.7705E+00  3.9542E-01  8.8893E+00  3.0166E-01  5.9136E-03
  1.9468E+00 -3.4402E-01  7.9497E+00  2.8118E-01  7.3023E-03
  4.8988E-01  7.6288E-02  7.8014E+00  2.7223E-01  8.0460E-03
 -5.6244E-01 -1.7708E-01  6.7375E+00  2.4623E-01  1.0874E-02
  4.0642E-01  1.2584E-01  7.5929E+00  2.6710E-01  8.5189E-03
 -1.9868E+00 -1.6120E-01  7.6232E+00  2.7373E-01  7.9144E-03
  1.4510E+00 -2.5415E-01  9.0294E+00  3.0340E-01  5.8125E-03
 -1.3830E+00 -1.7754E-01  6.6569E+00  2.4719E-01  1.0747E-02
  2.6611E-01  1.9711E-01  7.2689E+00  2.5906E-01  9.3371E-03
 -3.3106E-01 -3.5789E-01  7.4543E+00  2.6382E-01  8.8407E-03
 -3.7901E-02  2.7601E-01  6.1374E+00  2.3027E-01  1.3294E-02
  2.1511E-01 -2.7985E-01  8.3401E+00  2.8485E-01  7.0232E-03
 -2.1760E-01  9.9250E-03  5.9930E+00  2.2641E-01  1.3986E-02
 -1.6548E+00  2.6695E-01  5.7092E+00  2.2518E-01  1.4218E-02
  1.7850E-01 -2.7874E-03  5.9241E+00  2.2456E-01  1.4336E-02
 -8.9665E-01  1.5404E-01  5.8329E+00  2.2393E-01  1.4456E-02
  4.9296E-01  1.5288E-01  5.8457E+00  2.2300E-01  1.4638E-02
  2.5895E-01  1.2660E-01  5.6746E+00  2.1801E-01  1.5667E-02
  1.1829E+00 -2.5143E-01  5.3852E+00  2.1360E-01  1.6657E-02
 -1.8036E+00  1.9000E-01  4.8811E+00  2.0501E-01  1.8839E-02
  5.1108E-01  1.3272E-01  5.1109E+00  2.0309E-01  1.9380E-02
 -1.0679E+00 -1.2082E-01  5.0127E+00  2.0277E-01  1.9472E-02
 -6.7099E-01  2.5197E-01  5.0298E+00  2.0148E-01  1.9848E-02
  1.6218E-01  7.3249E-02  4.9627E+00  1.9825E-01  2.0834E-02
 -2.3222E-01 -1.4647E-01  4.9468E+00  1.9792E-01  2.0937E-02
  1.4475E+00  1.6992E-01  4.6753E+00  1.9630E-01  2.1461E-02
 -1.0590E-01 -2.0147E-01  4.8576E+00  1.9532E-01  2.1784E-02
  1.1880E+00 -1.7894E-01  4.7004E+00  1.9500E-01  2.1894E-02
  1.9781E+00 -2.7987E-01  4.3459E+00  1.9304E-01  2.2567E-02
  9.5677E-01 -1.7371E-02  4.6398E+00  1.9173E-01  2.3032E-02
  1.5458E+00 -7.6967E-02  4.4534E+00  1.9107E-01  2.3270E-02
  4.5939E-01  2.7207E-01  4.6501E+00  1.9009E-01  2.3634E-02
 -1.8495E+00  2.0082E-01  4.1711E+00  1.8679E-01  2.4907E-02
  1.8427E+00 -6.5703E-02  4.1536E+00  1.8613E-01  2.5174E-02
  1.6425E+00  1.9490E-01  4.1720E+00  1.8447E-01  2.5858E-02
 -3.4598E-01  8.5640E-02  4.4058E+00  1.8248E-01  2.6715E-02
  1.5017E+00  1.8763E-01  4.0931E+00  1.8081E-01  2.7461E-02
 -7.2784E-01 -2.4065E-01  4.2846E+00  1.8048E-01  2.7614E-02
  7.3313E-01  1.3183E-01  4.1517E+00  1.7645E-01  2.9546E-02
  1.5189E+00 -2.5329E-01  3.8547E+00  1.7443E-01  3.0586E-02
  1.9569E+00  1.8693E-01  3.6432E+00  1.7409E-01  3.0764E-02
 -3.3681E-01  7.6013E-02  4.0470E+00  1.7172E-01  3.2056E-02
 -1.1696E-01 -1.0224E-02  4.0266E+00  1.7071E-01  3.2633E-02
 -1.4912E+00 -1.0170E-01  3.6690E+00  1.6866E-01  3.3833E-02
  1.1556E+00 -1.2305E-01  3.7064E+00  1.6627E-01  3.5315E-02
 -7.3788E-01  1.4437E-01  3.7996E+00  1.6593E-01  3.5534E-02
  4.7310E-01 -1.3567E-01  3.8085E+00  1.6490E-01  3.6204E-02
  2.1023E-01 -5.7195E-02  3.8340E+00  1.6490E-01  3.6204E-02
 -1.4729E+00 -2.2771E-01  3.5272E+00  1.6456E-01  3.6431E-02
  1.4688E+00  2.4294E-01  3.5040E+00  1.6387E-01  3.6891E-02
 -1.4669E+00 -7.1777E-02  3.4886E+00  1.6318E-01  3.7360E-02
  1.1158E+00  5.1230E-02  3.3527E+00  1.5520E-01  4.3420E-02
 -4.2743E-01  1.0518E-01  3.4844E+00  1.5451E-01  4.4012E-02
 -4.6988E-01 -1.0495E-01  3.4571E+00  1.5381E-01  4.4615E-02
  1.2934E+00 -1.5681E-01  3.2265E+00  1.5346E-01  4.4921E-02
  7.9277E-02  1.0196E-01  3.4772E+00  1.5346E-01  4.4921E-02
 -9.6438E-01  8.4295E-02  3.2748E+00  1.5135E-01  4.6822E-02
  1.1320E+00  8.0096E-02  3.0952E+00  1.4747E-01  5.0614E-02
 -5.6987E-01  1.7256E-01  3.2208E+00  1.4676E-01  5.1350E-02
 -1.4012E+00 -2.0119E-01  2.8707E+00  1.4428E-01  5.4049E-02
 -1.8533E+00  2.1596E-02  2.5964E+00  1.4392E-01  5.4451E-02
 -6.0764E-01 -7.9360E-02  3.1199E+00  1.4357E-01  5.4857E-02
 -5.0301E-01  1.3015E-01  3.0616E+00  1.4107E-01  5.7823E-02
  1.8586E-01 -7.2501E-02  3.0673E+00  1.4000E-01  5.9164E-02
 -1.6795E+00  1.5190E-01  2.5699E+00  1.4000E-01  5.9164E-02
 -1.5554E+00 -2.1946E-01  2.5808E+00  1.3820E-01  6.1497E-02
 -1.0778E+00  1.9392E-01  2.7933E+00  1.3748E-01  6.2467E-02
  1.6107E+00 -2.4615E-02  2.5312E+00  1.3748E-01  6.2467E-02
  7.7420E-01 -1.5585E-01  2.8728E+00  1.3676E-01  6.3458E-02
 -1.7046E+00  1.1355E-01  2.3899E+00  1.3532E-01  6.5509E-02
 -1.4933E+00  1.0980E-01  2.5154E+00  1.3496E-01  6.6036E-02
  8.8887E-01 -4.3237E-02  2.7669E+00  1.3424E-01  6.7108E-02
  1.4100E+00  7.8084E-02  2.4810E+00  1.3243E-01  6.9898E-02
  1.7223E+00  1.9436E-01  2.1638E+00  1.2952E-01  7.4711E-02
  3.7835E-01  2.0674E-01  2.7076E+00  1.2843E-01  7.6636E-02
 -1.6746E+00  8.1347E-02  2.1435E+00  1.2770E-01  7.7958E-02
  3.5339E-01 -7.2909E-02  2.6665E+00  1.2660E-01  8.0001E-02
 -2.4677E-01  1.8260E-01  2.6630E+00  1.2623E-01  8.0699E-02
 -1.5821E+00  1.9132E-01  2.0413E+00  1.2293E-01  8.7378E-02
 -1.0050E-01 -1.1021E-02  2.5878E+00  1.2293E-01  8.7378E-02
 -1.3282E+00  1.6185E-01  2.1704E+00  1.2146E-01  9.0595E-02
  6.3650E-01  1.8870E-01  2.4410E+00  1.2072E-01  9.2266E-02
 -1.7010E-01  1.6591E-01  2.5185E+00  1.2072E-01  9.2266E-02
 -1.7678E+00  1.0748E-01  1.7642E+00  1.1961E-01  9.4853E-02
  1.3814E+00  2.8117E-02  2.0117E+00  1.1739E-01  1.0034E-01
 -1.8989E+00  3.6309E-02  1.5170E+00  1.1702E-01  1.0129E-01
  1.7680E+00  1.5780E-01 -1.6172E+00  1.1591E-01  1.0424E-01
 -5.3724E-01 -2.2910E-02  2.3302E+00  1.1554E-01  1.0525E-01
 -1.0568E-02  2.0801E-01  2.3824E+00  1.1554E-01  1.0525E-01
  5.3568E-01 -1.2944E-01  2.3070E+00  1.1480E-01  1.0731E-01
 -3.2797E-01  1.5777E-02  2.3491E+00  1.1480E-01  1.0731E-01
 -7.3328E-01  4.1883E-02  2.2247E+00  1.1368E-01  1.1050E-01
  1.5978E+00 -1.5557E-03  1.7134E+00  1.1368E-01  1.1050E-01
 -1.5258E+00 -1.4242E-01  1.7335E+00  1.1256E-01  1.1382E-01
 -5.5213E-01  1.6749E-01  2.2307E+00  1.1219E-01  1.1496E-01
 -1.1809E+00 -8.0493E-02  1.9656E+00  1.1182E-01  1.1612E-01
  1.5138E+00  3.5560E-02  1.7238E+00  1.1182E-01  1.1612E-01
 -1.8642E+00  9.1604E-02 -1.3178E+00  1.1144E-01  1.1729E-01
  1.6131E+00  1.0536E-01 -1.6147E+00  1.1144E-01  1.1729E-01
 -1.1261E+00 -1.6785E-01  1.9034E+00  1.0882E-01  1.2596E-01
  1.8874E+00 -1.2234E-01  1.1584E+00  1.0882E-01  1.2596E-01
  1.2231E+00 -1.2408E-01  1.8460E+00  1.0882E-01  1.2596E-01
 -6.7292E-01  5.7941E-02  2.0927E+00  1.0808E-01  1.2859E-01
  1.9141E+00  8.7026E-02 -1.0399E+00  1.0733E-01  1.3131E-01
 -1.4490E+00  1.8154E-01 -1.6187E+00  1.0733E-01  1.3131E-01
  1.0345E+00  1.9844E-02 -1.9081E+00  1.0695E-01  1.3269E-01
 -1.1589E+00 -6.1200E-02 -1.8232E+00  1.0658E-01  1.3410E-01
  5.8851E-01 -5.4472E-02  2.0691E+00  1.0620E-01  1.3553E-01
 -1.4550E+00  1.2696E-01 -1.5675E+00  1.0582E-01  1.3698E-01
 -1.9032E+00 -1.9106E-01  9.2301E-01  1.0507E-01  1.3994E-01
  6.8361E-02  1.9750E-01  2.0855E+00  1.0394E-01  1.4454E-01
  1.2927E+00 -3.5881E-03 -1.6262E+00  1.0319E-01  1.4773E-01
  1.0211E+00  4.6224E-02 -1.7979E+00  1.0281E-01  1.4936E-01
  6.9953E-01 -1.1761E-02  1.9365E+00  1.0244E-01  1.5102E-01
  1.2890E+00  1.1465E-01 -1.6015E+00  1.0244E-01  1.5102E-01
  1.3396E+00  1.3426E-01 -1.5335E+00  1.0168E-01  1.5440E-01
  1.8739E+00  1.0940E-01  8.0059E-01  1.0168E-01  1.5440E-01
  1.3534E+00  2.3022E-02 -1.5149E+00  1.0131E-01  1.5613E-01
  1.2319E+00 -7.8683E-02 -1.6020E+00  1.0093E-01  1.5789E-01
 -6.1411E-02 -4.1172E-02  2.0210E+00  1.0093E-01  1.5789E-01
  8.5757E-01  1.1752E-01 -1.8278E+00  1.0093E-01  1.5789E-01
  1.8752E+00 -6.7993E-03 -7.3280E-01  1.0055E-01  1.5967E-01
 -1.1509E+00  7.1940E-02  1.6503E+00  1.0055E-01  1.5967E-01
  1.7511E+00 -1.3993E-01 -9.8350E-01  1.0055E-01  1.5967E-01
 -1.0131E+00  1.1411E-01 -1.7044E+00  9.9419E-02  1.6519E-01
 -1.5826E+00  7.2035E-03 -1.1849E+00  9.9041E-02  1.6709E-01
  1.3656E+00 -1.3465E-01  1.4233E+00  9.9041E-02  1.6709E-01
 -5.8701E-01 -1.8750E-01 -1.8691E+00  9.8663E-02  1.6902E-01
 -1.0541E+00  4.6994E-02  1.6506E+00  9.8285E-02  1.7098E-01
  1.4490E+00 -1.2842E-01  1.2989E+00  9.7907E-02  1.7297E-01
  9.4251E-01 -9.0178E-02 -1.7049E+00  9.7907E-02  1.7297E-01
  1.1421E+00  5.7322E-02 -1.5686E+00  9.7529E-02  1.7499E-01
 -1.5240E+00  2.5576E-02  1.1877E+00  9.7150E-02  1.7704E-01
 -4.0415E-01  1.2981E-01  1.8851E+00  9.7150E-02  1.7704E-01
 -4.0097E-01 -2.5529E-02 -1.8900E+00  9.7150E-02  1.7704E-01
  2.8245E-01 -1.3980E-01 -1.8974E+00  9.6772E-02  1.7912E-01
  1.8949E+00 -1.2451E-01  2.4308E-01  9.6393E-02  1.8124E-01
 -1.8924E+00  1.7794E-01  2.2916E-01  9.6393E-02  1.8124E-01
  3.8577E-01  3.2173E-02  1.8659E+00  9.6015E-02  1.8340E-01
  1.1444E+00  1.4373E-01  1.5170E+00  9.6015E-02  1.8340E-01
  1.3002E+00  2.6547E-03 -1.3932E+00  9.6015E-02  1.8340E-01
  1.6620E+00 -1.5167E-01  9.1999E-01  9.6015E-02  1.8340E-01
 -1.3205E+00  1.3851E-01  1.3547E+00  9.5636E-02  1.8558E-01
 -3.1434E-01  1.2624E-01  1.8574E+00  9.5257E-02  1.8781E-01
 -1.8616E+00 -6.4055E-02 -3.0851E-01  9.5257E-02  1.8781E-01
  6.2494E-01 -2.9250E-02 -1.7628E+00  9.4499E-02  1.9236E-01
  1.7006E-02  1.2649E-02 -1.8617E+00  9.4120E-02  1.9470E-01
  1.0079E+00 -3.8377E-03 -1.5550E+00  9.3741E-02  1.9707E-01
  1.2226E+00  2.9261E-02 -1.3922E+00  9.3741E-02  1.9707E-01
 -1.5591E-01  8.7542E-03  1.8465E+00  9.3741E-02  1.9707E-01
  1.0015E+00 -1.4811E-01 -1.5521E+00  9.3741E-02  1.9707E-01
 -3.8944E-02 -5.3431E-02  1.8432E+00  9.3361E-02  1.9948E-01
  1.8370E-01 -1.5458E-05 -1.8352E+00  9.3361E-02  1.9948E-01
  1.7016E+00 -8.9804E-02 -7.0584E-01  9.3361E-02  1.9948E-01
 -1.4956E+00 -1.3935E-01 -1.0553E+00  9.2982E-02  2.0193E-01
 -9.8290E-01  2.7965E-02 -1.5399E+00  9.2603E-02  2.0443E-01
 -1.4453E+00  1.4275E-01 -1.1086E+00  9.2603E-02  2.0443E-01
 -4.0067E-01  1.0046E-01 -1.7798E+00  9.2603E-02  2.0443E-01
 -1.1617E+00  4.6812E-02  1.3983E+00  9.2223E-02  2.0696E-01
  7.3817E-01 -8.5583E-02 -1.6503E+00  9.1844E-02  2.0954E-01
 -7.5380E-01 -8.5312E-03 -1.6454E+00  9.1844E-02  2.0954E-01
 -1.7850E+00  6.7680E-02  2.3268E-01  9.1464E-02  2.1216E-01
  5.6694E-01 -5.8016E-02  1.7088E+00  9.1464E-02  2.1216E-01
 -3.3059E-01 -2.4817E-02 -1.7706E+00  9.1464E-02  2.1216E-01
 -1.0866E-02 -7.6717E-02  1.7997E+00  9.1464E-02  2.1216E-01
  1.4672E+00 -7.4699E-02 -1.0275E+00  9.1084E-02  2.1482E-01
  1.0721E+00 -3.1327E-02  1.4366E+00  9.1084E-02  2.1482E-01
 -1.6334E+00  5.3498E-02  7.3706E-01  9.1084E-02  2.1482E-01
 -1.7670E+00  1.5468E-01  1.9306E-01  9.0704E-02  2.1753E-01
 -1.4734E+00  5.7293E-02  1.0047E+00  9.0704E-02  2.1753E-01
 -1.0469E-01 -1.8472E-02 -1.7726E+00  9.0325E-02  2.2029E-01
  1.1648E+00 -1.5300E-01 -1.3090E+00  8.9565E-02  2.2594E-01
  2.4276E-01  1.8438E-01 -1.7323E+00  8.9565E-02  2.2594E-01
  1.4430E+00 -1.5135E-01 -9.6421E-01  8.8805E-02  2.3179E-01
  1.4815E+00 -3.4378E-02 -9.1594E-01  8.8805E-02  2.3179E-01
  1.5731E+00 -2.6672E-02  7.4814E-01  8.8805E-02  2.3179E-01
 -8.6646E-02  7.2127E-02 -1.7385E+00  8.8805E-02  2.3179E-01
 -6.5510E-01 -1.0092E-01  1.6021E+00  8.8425E-02  2.3479E-01
 -1.2782E+00  8.9524E-02  1.1680E+00  8.8425E-02  2.3479E-01
 -1.4625E+00 -1.2587E-01 -9.2254E-01  8.8425E-02  2.3479E-01
  1.6843E+00 -4.7617E-02  3.7166E-01  8.8044E-02  2.3785E-01
 -1.7093E+00  1.6373E-01 -1.3192E-02  8.7664E-02  2.4095E-01
  6.2171E-01 -7.2507E-02  1.5901E+00  8.7284E-02  2.4412E-01
 -1.3004E-01 -4.5655E-02 -1.7033E+00  8.7284E-02  2.4412E-01
  1.5762E+00  1.6933E-01 -6.1569E-01  8.6904E-02  2.4734E-01
  6.8433E-01  1.7086E-01 -1.5384E+00  8.6524E-02  2.5061E-01
  1.6647E+00  1.2801E-01  2.2152E-01  8.6143E-02  2.5395E-01
 -1.5347E+00  3.2357E-02 -6.9315E-01  8.6143E-02  2.5395E-01
  1.5280E+00 -1.8619E-01  6.8358E-01  8.6143E-02  2.5395E-01
  1.5497E+00 -6.3609E-02 -6.5649E-01  8.6143E-02  2.5395E-01
 -1.0934E+00 -1.0615E-01 -1.2658E+00  8.5763E-02  2.5734E-01
 -3.5620E-01  7.4342E-02  1.6278E+00  8.5382E-02  2.6079E-01
  1.1912E+00 -1.0548E-01 -1.1511E+00  8.5002E-02  2.6431E-01
 -1.1475E+00  1.1578E-01 -1.1937E+00  8.5002E-02  2.6431E-01
 -9.2071E-01  5.0596E-02  1.3802E+00  8.5002E-02  2.6431E-01
 -1.6485E+00 -9.6431E-02  4.1020E-02  8.4622E-02  2.6789E-01
 -1.5134E-02  2.2811E-02  1.6516E+00  8.4622E-02  2.6789E-01
  1.9104E-01 -6.3176E-02  1.6314E+00  8.4241E-02  2.7154E-01
  3.8599E-01 -1.6328E-01 -1.5811E+00  8.3861E-02  2.7525E-01
  1.6240E+00 -4.5321E-02  1.9024E-01  8.3861E-02  2.7525E-01
  1.5257E+00 -8.5615E-02 -5.6079E-01  8.3480E-02  2.7903E-01
 -6.9472E-01  1.5606E-01  1.4638E+00  8.3480E-02  2.7903E-01
 -1.9053E-01 -1.4452E-01  1.6101E+00  8.3480E-02  2.7903E-01
  1.5509E+00 -1.0451E-01  4.8301E-01  8.3480E-02  2.7903E-01
 -1.4718E+00 -2.3044E-02  6.9499E-01  8.3480E-02  2.7903E-01
  6.2685E-01  1.2155E-01  1.4973E+00  8.3480E-02  2.7903E-01
  1.6091E+00 -4.6083E-02 -1.8011E-01  8.3100E-02  2.8288E-01
 -8.4975E-01 -1.8286E-01 -1.3575E+00  8.2719E-02  2.8681E-01
  1.0210E+00 -9.3037E-02 -1.2439E+00  8.2719E-02  2.8681E-01
  2.3072E-01  1.9380E-02  1.5952E+00  8.2719E-02  2.8681E-01
 -1.5872E+00 -3.4128E-02  2.2951E-01  8.2338E-02  2.9080E-01
 -6.5759E-01  5.2423E-02  1.4621E+00  8.2338E-02  2.9080E-01
 -1.2909E+00 -3.7741E-02  9.5134E-01  8.2338E-02  2.9080E-01
 -6.0081E-01  4.1026E-02 -1.4782E+00  8.1958E-02  2.9487E-01
  7.4756E-01 -1.5043E-01 -1.4023E+00  8.1958E-02  2.9487E-01
 -1.2611E+00  6.2609E-02  9.6359E-01  8.1577E-02  2.9902E-01
  1.4104E+00 -6.8204E-02  7.2731E-01  8.1577E-02  2.9902E-01
 -3.2456E-01 -1.0835E-01 -1.5431E+00  8.1197E-02  3.0324E-01
 -1.5741E+00  1.3960E-01 -2.8620E-02  8.1197E-02  3.0324E-01
 -1.3065E+00 -4.7256E-02  8.8830E-01  8.1197E-02  3.0324E-01
 -1.5562E+00 -1.7534E-01  1.4566E-01  8.0816E-02  3.0755E-01
 -1.1046E+00 -1.6291E-01 -1.1078E+00  8.0816E-02  3.0755E-01
  1.5681E+00  9.5217E-02 -7.5137E-02  8.0816E-02  3.0755E-01
  5.0701E-01  7.2385E-02 -1.4871E+00  8.0816E-02  3.0755E-01
  1.2779E+00 -3.5610E-03  9.0356E-01  8.0435E-02  3.1193E-01
  6.9371E-01  2.5154E-02  1.4028E+00  8.0435E-02  3.1193E-01
  1.4561E+00 -1.6674E-01 -5.2679E-01  8.0055E-02  3.1640E-01
  1.1206E+00 -3.4342E-02  1.0700E+00  7.9674E-02  3.2096E-01
 -1.4809E+00  1.1877E-01 -4.1361E-01  7.9293E-02  3.2561E-01
 -1.4806E+00  4.5801E-02  4.2906E-01  7.9293E-02  3.2561E-01
 -1.4038E+00 -7.0866E-02 -6.1583E-01  7.8913E-02  3.3034E-01
 -1.0109E+00 -1.6943E-01 -1.1319E+00  7.8532E-02  3.3517E-01
 -5.6334E-01 -1.0179E-02  1.4193E+00  7.8532E-02  3.3517E-01
  8.2345E-01 -1.6623E-01  1.2752E+00  7.8532E-02  3.3517E-01
  7.1301E-02 -1.7240E-01 -1.5156E+00  7.8532E-02  3.3517E-01
  9.1950E-01 -6.4362E-02 -1.2080E+00  7.8152E-02  3.4009E-01
  6.7671E-01  3.2134E-02 -1.3601E+00  7.8152E-02  3.4009E-01
  5.6617E-01  1.4137E-01  1.4030E+00  7.8152E-02  3.4009E-01
  1.3271E+00 -5.8204E-02 -7.3783E-01  7.8152E-02  3.4009E-01
  1.3776E+00 -9.3733E-02  6.3426E-01  7.8152E-02  3.4009E-01
 -1.3830E+00 -1.1331E-01 -5.8167E-01  7.7390E-02  3.5022E-01
  1.4357E+00 -1.4910E-01  4.2480E-01  7.7390E-02  3.5022E-01
 -4.8896E-01  1.0353E-01  1.4113E+00  7.7010E-02  3.5544E-01
 -8.0931E-01 -8.0155E-02  1.2483E+00  7.6629E-02  3.6076E-01
  1.4651E+00 -1.8097E-01  1.3572E-01  7.6248E-02  3.6619E-01
 -8.0606E-01  1.2908E-01 -1.2375E+00  7.6248E-02  3.6619E-01
  1.4620E+00  1.2896E-01 -2.0934E-01  7.6248E-02  3.6619E-01
 -7.0055E-01 -1.2793E-01  1.2919E+00  7.5868E-02  3.7173E-01
  1.0512E-02  7.6673E-02  1.4659E+00  7.5487E-02  3.7739E-01
  6.2417E-01  1.6835E-01  1.3179E+00  7.5487E-02  3.7739E-01
  1.0800E+00 -2.5100E-03 -9.9423E-01  7.5487E-02  3.7739E-01
  1.4646E+00  7.4707E-02 -6.4316E-02  7.5487E-02  3.7739E-01
  1.3507E+00 -2.0321E-02 -5.5572E-01  7.5106E-02  3.8315E-01
 -8.1738E-01  7.9954E-02 -1.2080E+00  7.5106E-02  3.8315E-01
  6.5368E-01 -1.1680E-01 -1.2930E+00  7.4726E-02  3.8904E-01
 -1.2538E+00 -1.2155E-02  7.3522E-01  7.4726E-02  3.8904E-01
  5.0204E-01 -4.7286E-02  1.3633E+00  7.4726E-02  3.8904E-01
  1.4313E+00 -3.5989E-02  2.5064E-01  7.4726E-02  3.8904E-01
 -2.6410E-01 -4.9660E-02 -1.4212E+00  7.4345E-02  3.9504E-01
  3.0637E-01  1.7733E-01  1.4024E+00  7.4345E-02  3.9504E-01
  1.4120E+00  3.1194E-02 -2.7730E-01  7.3965E-02  4.0117E-01
  1.4191E+00 -1.7695E-01 -1.6298E-01  7.3965E-02  4.0117E-01
  3.7924E-01 -1.0065E-01 -1.3848E+00  7.3965E-02  4.0117E-01
  1.2806E-01  7.3442E-02  1.4246E+00  7.3584E-02  4.0743E-01
 -1.0614E+00 -4.4917E-02  9.6063E-01  7.3584E-02  4.0743E-01
  1.3669E+00 -1.7541E-01  3.6342E-01  7.3203E-02  4.1382E-01
 -1.3852E+00 -6.6741E-02  3.2883E-01  7.3203E-02  4.1382E-01
 -1.2061E+00  1.7424E-01  7.2549E-01  7.2822E-02  4.2035E-01
  6.8790E-01 -5.5758E-02 -1.2390E+00  7.2822E-02  4.2035E-01
  1.3572E+00  4.9958E-02 -4.0864E-01  7.2822E-02  4.2035E-01
  3.2585E-02 -3.3373E-02 -1.4105E+00  7.2442E-02  4.2701E-01
  8.4899E-01  1.6927E-01  1.1146E+00  7.2442E-02  4.2701E-01
 -1.3758E+00 -1.9381E-02 -2.8153E-01  7.2061E-02  4.3381E-01
  1.0822E+00  9.1725E-02 -8.7954E-01  7.1680E-02  4.4076E-01
 -9.6185E-01  1.2871E-01  1.0057E+00  7.1680E-02  4.4076E-01
  7.3158E-01 -6.8941E-02  1.1808E+00  7.1300E-02  4.4786E-01
 -5.3570E-01  6.7159E-02  1.2817E+00  7.1300E-02  4.4786E-01
  2.6704E-01  8.7767E-02  1.3620E+00  7.1300E-02  4.4786E-01
 -7.4353E-01  7.9995E-02  1.1726E+00  7.1300E-02  4.4786E-01
 -1.1420E+00  8.3517E-02 -7.8929E-01  7.1300E-02  4.4786E-01
 -1.3525E+00  1.5351E-01  2.8511E-01  7.1300E-02  4.4786E-01
 -8.5665E-01 -1.7866E-01  1.0722E+00  7.0919E-02  4.5511E-01
  5.6242E-02  1.8398E-01 -1.3705E+00  7.0919E-02  4.5511E-01
  1.0157E+00  1.2434E-01 -9.3177E-01  7.0919E-02  4.5511E-01
 -1.3415E+00 -1.7952E-01  2.8877E-01  7.0919E-02  4.5511E-01
 -1.3179E-01 -1.0730E-01 -1.3735E+00  7.0919E-02  4.5511E-01
  1.3329E+00 -9.1235E-02  3.6129E-01  7.0919E-02  4.5511E-01
 -7.0540E-01  2.3247E-02  1.1826E+00  7.0538E-02  4.6253E-01
 -1.3636E+00  3.7717E-02  1.3215E-01  7.0157E-02  4.7010E-01
  3.8021E-01  6.6969E-02 -1.3081E+00  6.9776E-02  4.7784E-01
 -1.3522E+00 -1.7719E-01  1.6536E-02  6.9776E-02  4.7784E-01
  1.2819E+00 -7.0209E-02 -4.6052E-01  6.9776E-02  4.7784E-01
 -1.2749E+00  9.9258E-02  4.5500E-01  6.9395E-02  4.8575E-01
 -6.8139E-01  1.5042E-01  1.1565E+00  6.9014E-02  4.9384E-01
  2.0727E-01 -9.8841E-02 -1.3311E+00  6.9014E-02  4.9384E-01
 -8.6589E-02 -2.8722E-03 -1.3480E+00  6.9014E-02  4.9384E-01
 -6.9942E-01  1.5119E-01  1.1379E+00  6.8633E-02  5.0211E-01
  9.6406E-01 -8.2853E-02  9.3312E-01  6.8633E-02  5.0211E-01
 -8.7665E-01 -1.1223E-02  1.0104E+00  6.8252E-02  5.1057E-01
  3.0969E-01 -4.7531E-03  1.3014E+00  6.8252E-02  5.1057E-01
 -1.0902E+00  4.7974E-02  7.7383E-01  6.8252E-02  5.1057E-01
  5.8044E-01  4.8162E-02  1.2043E+00  6.8252E-02  5.1057E-01
  1.1506E+00  3.9105E-02  6.8127E-01  6.8252E-02  5.1057E-01
  1.1494E+00  5.1639E-02 -6.6979E-01  6.7871E-02  5.1923E-01
  1.3227E+00  1.5161E-01 -1.0709E-02  6.7871E-02  5.1923E-01
 -1.3102E+00  1.4040E-01  1.3876E-01  6.7489E-02  5.2808E-01
 -1.1524E+00  1.8566E-01 -6.2696E-01  6.7489E-02  5.2808E-01
  1.2519E-01  1.0952E-01 -1.3145E+00  6.7489E-02  5.2808E-01
 -6.3622E-01 -1.7251E-01 -1.1421E+00  6.7108E-02  5.3713E-01
  8.7728E-01  1.7372E-01  9.6906E-01  6.7108E-02  5.3713E-01
 -7.0387E-01 -2.0555E-02 -1.1075E+00  6.6726E-02  5.4640E-01
 -9.8711E-01  5.1391E-02  8.6333E-01  6.6726E-02  5.4640E-01
  1.2849E+00 -1.0318E-01  2.4633E-01  6.6726E-02  5.4640E-01
  7.6752E-01 -1.5865E-01  1.0527E+00  6.6726E-02  5.4640E-01
 -3.2740E-01 -1.5484E-01 -1.2614E+00  6.6726E-02  5.4640E-01
  9.8453E-01 -1.7361E-01 -8.4059E-01  6.6345E-02  5.5588E-01
  8.1934E-01 -1.4594E-01  1.0067E+00  6.6345E-02  5.5588E-01
 -9.4964E-01  1.0127E-01 -8.9105E-01  6.6345E-02  5.5588E-01
  1.1683E+00 -9.4106E-02 -5.6225E-01  6.5963E-02  5.6559E-01
  1.2915E+00  6.2547E-02  4.5544E-02  6.5581E-02  5.7553E-01
 -7.0507E-01 -1.1216E-01 -1.0645E+00  6.4817E-02  5.9614E-01
 -1.3740E-01 -1.5431E-01 -1.2650E+00  6.4817E-02  5.9614E-01
  1.1319E+00  1.1191E-01 -5.7781E-01  6.4434E-02  6.0681E-01
 -2.9674E-01 -7.2465E-02  1.2386E+00  6.4434E-02  6.0681E-01
  1.1291E+00 -1.0072E-01  5.7209E-01  6.4051E-02  6.1776E-01
 -7.1208E-01  7.4605E-02  1.0487E+00  6.4051E-02  6.1776E-01
  1.0535E+00 -9.3848E-02  7.0265E-01  6.4051E-02  6.1776E-01
 -1.0699E+00 -1.5004E-01  6.6723E-01  6.4051E-02  6.1776E-01
 -9.9728E-01 -3.9221E-02 -7.7550E-01  6.3669E-02  6.2897E-01
 -1.1555E+00 -1.2612E-01  4.9637E-01  6.3669E-02  6.2897E-01
  1.1519E+00  1.3030E-01  5.0368E-01  6.3669E-02  6.2897E-01
  4.6739E-01  5.8180E-02  1.1729E+00  6.3669E-02  6.2897E-01
  5.7603E-02 -3.7660E-02 -1.2620E+00  6.3669E-02  6.2897E-01
  7.4993E-01  1.7631E-01  9.9464E-01  6.3285E-02  6.4046E-01
 -1.1848E+00  8.3867E-02 -4.1487E-01  6.3285E-02  6.4046E-01
 -1.2402E-01  1.4378E-01  1.2378E+00  6.2902E-02  6.5224E-01
 -1.1724E+00 -9.5381E-02 -4.2974E-01  6.2902E-02  6.5224E-01
 -2.9564E-01 -4.1001E-02 -1.2103E+00  6.2518E-02  6.6433E-01
  1.2459E+00 -2.4130E-02  3.5160E-02  6.2518E-02  6.6433E-01
  1.0688E+00  7.1260E-02  6.3757E-01  6.2518E-02  6.6433E-01
  1.1491E+00 -1.1031E-01 -4.5538E-01  6.2134E-02  6.7672E-01
  9.8663E-02  1.0248E-01 -1.2327E+00  6.2134E-02  6.7672E-01
  8.3746E-01 -6.1814E-03 -9.1569E-01  6.2134E-02  6.7672E-01
 -1.1865E+00  1.4376E-01 -3.1238E-01  6.1750E-02  6.8943E-01
  1.1743E+00  3.5679E-03 -3.8346E-01  6.1750E-02  6.8943E-01
  7.2315E-01  8.0764E-02 -9.9824E-01  6.1750E-02  6.8943E-01
 -1.2209E+00 -1.6460E-01  9.1001E-02  6.1750E-02  6.8943E-01
 -9.6218E-01 -6.3499E-02  7.7209E-01  6.1750E-02  6.8943E-01
  5.2524E-01 -1.3128E-02 -1.1180E+00  6.1750E-02  6.8943E-01
  7.1631E-01 -6.9357E-02 -9.9715E-01  6.1365E-02  7.0248E-01
  1.2105E+00 -9.9130E-02  1.5382E-01  6.0980E-02  7.1587E-01
 -1.1760E+00  1.1080E-01 -3.0036E-01  6.0595E-02  7.2962E-01
  1.0145E+00  7.2805E-02 -6.7148E-01  6.0595E-02  7.2962E-01
  6.8268E-01  1.6656E-01 -9.9578E-01  6.0595E-02  7.2962E-01
  1.1987E+00 -1.5646E-01  1.0429E-01  6.0209E-02  7.4374E-01
 -1.1664E+00  5.1350E-02  3.3037E-01  6.0209E-02  7.4374E-01
  7.4367E-01 -2.2464E-02 -9.5847E-01  6.0209E-02  7.4374E-01
 -1.2121E+00  5.4930E-03 -5.5662E-02  6.0209E-02  7.4374E-01
 -4.1426E-01 -1.7922E-01 -1.1205E+00  5.9822E-02  7.5825E-01
 -1.1520E+00 -1.6615E-01 -3.0315E-01  5.9436E-02  7.7315E-01
  5.9123E-01  1.2050E-02  1.0473E+00  5.9436E-02  7.7315E-01
 -3.6777E-01 -1.8403E-01  1.1246E+00  5.9048E-02  7.8847E-01
  7.0453E-01  7.8308E-02  9.6512E-01  5.9048E-02  7.8847E-01
 -1.0249E+00  1.4230E-01 -6.0272E-01  5.9048E-02  7.8847E-01
  1.0373E+00  1.0591E-01  5.6766E-01  5.8271E-02  8.2042E-01
  1.0716E+00 -1.2921E-01  4.9442E-01  5.8271E-02  8.2042E-01
 -1.0377E-02  4.1692E-02  1.1864E+00  5.8271E-02  8.2042E-01
  1.0793E-01 -9.6252E-02 -1.1783E+00  5.8271E-02  8.2042E-01
  7.1160E-01  1.1261E-01 -9.4358E-01  5.8271E-02  8.2042E-01
  1.0740E+00 -8.1584E-02 -4.8723E-01  5.7882E-02  8.3709E-01
  1.0034E+00 -9.4555E-02 -6.0818E-01  5.7492E-02  8.5424E-01
  9.1480E-01  1.2136E-01  7.3078E-01  5.7492E-02  8.5424E-01
 -3.3368E-01 -1.6026E-01  1.1122E+00  5.7101E-02  8.7190E-01
  7.6370E-01  8.7447E-03 -8.8921E-01  5.7101E-02  8.7190E-01
  7.1693E-01  6.3891E-02 -9.2517E-01  5.7101E-02  8.7190E-01
 -1.8164E-01  2.6350E-02 -1.1528E+00  5.6710E-02  8.9009E-01
 -5.5576E-01  2.2195E-03 -1.0265E+00  5.6710E-02  8.9009E-01
  1.1060E+00  5.2343E-02  3.6966E-01  5.6710E-02  8.9009E-01
 -4.4540E-01 -1.3918E-01  1.0647E+00  5.6317E-02  9.0882E-01
  9.9987E-01 -1.8523E-01 -5.6329E-01  5.6317E-02  9.0882E-01
  4.8363E-01  7.8121E-02 -1.0542E+00  5.6317E-02  9.0882E-01
  4.8938E-01  1.8637E-01  1.0378E+00  5.6317E-02  9.0882E-01
  4.2517E-01 -5.8264E-02  1.0804E+00  5.6317E-02  9.0882E-01
  1.0933E+00  5.2794E-02 -3.9145E-01  5.6317E-02  9.0882E-01
 -2.4952E-01 -7.6811E-02  1.1328E+00  5.6317E-02  9.0882E-01
 -1.1419E+00  1.6525E-01  9.4686E-02  5.5924E-02  9.2814E-01
  4.3353E-01 -1.4203E-01  1.0640E+00  5.5924E-02  9.2814E-01
 -9.5611E-01 -1.0643E-01 -6.4408E-01  5.5924E-02  9.2814E-01
 -1.0973E+00 -1.7268E-01 -3.2606E-01  5.5924E-02  9.2814E-01
  1.0322E+00  6.8387E-02  5.0927E-01  5.5530E-02  9.4805E-01
  1.0906E+00  1.6452E-01 -3.1983E-01  5.5134E-02  9.6859E-01
  1.8276E-01  1.9780E-02 -1.1336E+00  5.5134E-02  9.6859E-01
 -1.0064E+00 -4.6603E-02 -5.5121E-01  5.5134E-02  9.6859E-01
  9.9111E-01 -7.5107E-02  5.6598E-01  5.4738E-02  9.8980E-01
  2.1907E-01  1.1138E-01  1.1171E+00  5.4738E-02  9.8980E-01
  2.0759E-01 -8.7312E-02  1.1214E+00  5.4738E-02  9.8980E-01
  1.1388E+00 -1.0551E-01 -1.4877E-02  5.4738E-02  9.8980E-01
  3.5569E-01 -8.6362E-02  1.0789E+00  5.4340E-02  1.0117E+00
  7.7558E-01 -1.4897E-01  8.2113E-01  5.4340E-02  1.0117E+00
  3.4136E-01 -7.9752E-02 -1.0793E+00  5.3941E-02  1.0343E+00
  9.7284E-01  3.5991E-02  5.7464E-01  5.3541E-02  1.0577E+00
 -1.0663E+00  6.7907E-02  3.6924E-01  5.3541E-02  1.0577E+00
  9.8519E-01 -1.5475E-01 -5.3233E-01  5.3541E-02  1.0577E+00
  1.0456E+00 -6.5517E-02 -4.2463E-01  5.3541E-02  1.0577E+00
 -5.0363E-01 -1.0907E-01  1.0062E+00  5.3541E-02  1.0577E+00
 -1.3902E-01  8.8675E-02 -1.1140E+00  5.3139E-02  1.0818E+00
  1.0443E+00 -1.8372E-01 -3.7916E-01  5.3139E-02  1.0818E+00
 -1.0348E+00 -7.8633E-03  4.4427E-01  5.3139E-02  1.0818E+00
  8.3206E-01 -2.3763E-02  7.5213E-01  5.2736E-02  1.1068E+00
  7.7717E-01  1.7909E-01 -7.8901E-01  5.2736E-02  1.1068E+00
  9.6262E-01 -7.4696E-02  5.6302E-01  5.2331E-02  1.1327E+00
  3.7575E-01  5.3166E-02  1.0513E+00  5.2331E-02  1.1327E+00
  8.0716E-01 -1.6342E-01 -7.4952E-01  5.1925E-02  1.1595E+00
 -7.4431E-01 -5.2656E-02  8.2658E-01  5.1925E-02  1.1595E+00
  8.6688E-01  4.5525E-02 -6.9095E-01  5.1516E-02  1.1873E+00
  2.3126E-01 -9.8544E-02 -1.0806E+00  5.1516E-02  1.1873E+00
 -8.1369E-01 -7.2904E-02 -7.5071E-01  5.1516E-02  1.1873E+00
  9.1979E-01 -4.7091E-02  6.1867E-01  5.1516E-02  1.1873E+00
 -7.9752E-01 -1.1258E-01  7.6307E-01  5.1516E-02  1.1873E+00
  2.3058E-02 -1.4443E-01 -1.0958E+00  5.1106E-02  1.2161E+00
 -7.8649E-01 -1.2224E-01 -7.6721E-01  5.1106E-02  1.2161E+00
 -1.0153E+00  1.0639E-01  4.1385E-01  5.0694E-02  1.2461E+00
 -4.8530E-01 -1.7225E-01 -9.7380E-01  5.0694E-02  1.2461E+00
  1.0839E+00 -1.4763E-02 -1.9590E-01  5.0694E-02  1.2461E+00
 -2.9552E-01  7.0899E-03 -1.0612E+00  5.0694E-02  1.2461E+00
 -6.9175E-01 -1.6862E-01  8.4055E-01  5.0694E-02  1.2461E+00
  1.0718E+00  9.8457E-02 -2.1592E-01  5.0279E-02  1.2771E+00
 -6.7643E-01 -6.3226E-02 -8.5264E-01  4.9444E-02  1.3430E+00
 -4.3033E-01  1.7110E-01 -9.8292E-01  4.9022E-02  1.3780E+00
  8.4544E-01  1.6852E-01  6.6138E-01  4.9022E-02  1.3780E+00
 -1.0612E+00  5.9428E-02  2.2547E-01  4.9022E-02  1.3780E+00
 -5.6970E-01  1.5081E-01  9.1285E-01  4.9022E-02  1.3780E+00
 -6.4623E-01 -9.0708E-02  8.6428E-01  4.8597E-02  1.4144E+00
  8.6389E-01  1.8202E-01  6.2720E-01  4.8597E-02  1.4144E+00
  9.1253E-01  1.5151E-01  5.6316E-01  4.8597E-02  1.4144E+00
 -6.7813E-01 -3.0559E-02  8.4382E-01  4.8597E-02  1.4144E+00
 -5.3331E-01 -4.1676E-02 -9.4163E-01  4.8597E-02  1.4144E+00
  7.9011E-01 -6.6048E-02  7.2744E-01  4.7739E-02  1.4920E+00
  1.5102E-02  1.4879E-01 -1.0656E+00  4.7739E-02  1.4920E+00
 -6.1407E-01  1.7634E-01  8.6581E-01  4.7739E-02  1.4920E+00
  8.9392E-01  5.4392E-02  5.9646E-01  4.7739E-02  1.4920E+00
  9.1251E-01 -6.6709E-02  5.6629E-01  4.7739E-02  1.4920E+00
  9.4247E-01 -4.1020E-02 -5.1757E-01  4.7739E-02  1.4920E+00
  5.4598E-01 -1.6047E-01  9.0534E-01  4.6868E-02  1.5768E+00
 -3.3794E-02 -4.8462E-02 -1.0677E+00  4.6868E-02  1.5768E+00
 -4.9404E-01  6.2284E-02 -9.4633E-01  4.6868E-02  1.5768E+00
 -9.2928E-01  3.8763E-02 -5.2767E-01  4.6868E-02  1.5768E+00
 -1.0470E+00  3.6167E-02  1.9776E-01  4.6427E-02  1.6222E+00
 -1.0558E+00  7.6200E-02 -1.2673E-01  4.6427E-02  1.6222E+00
  6.7294E-01  1.7608E-01  8.0793E-01  4.6427E-02  1.6222E+00
  1.0604E+00 -5.4279E-02 -4.9502E-02  4.5982E-02  1.6697E+00
  9.6029E-01 -1.5327E-01  4.2923E-01  4.5982E-02  1.6697E+00
 -8.4514E-01 -1.5296E-01  6.2628E-01  4.5982E-02  1.6697E+00
 -9.6866E-01 -1.3372E-01 -4.1677E-01  4.5982E-02  1.6697E+00
  9.9587E-01 -1.6727E-01 -3.2186E-01  4.5533E-02  1.7196E+00
  9.2284E-01  4.1434E-02  5.1960E-01  4.5533E-02  1.7196E+00
 -4.9507E-01 -2.9844E-02 -9.3667E-01  4.5533E-02  1.7196E+00
  1.0420E+00 -4.4556E-02  1.8850E-01  4.5533E-02  1.7196E+00
 -9.4765E-01 -1.7096E-02 -4.7435E-01  4.5533E-02  1.7196E+00
 -8.8492E-01 -1.4955E-01 -5.6381E-01  4.5533E-02  1.7196E+00
 -7.5730E-01  9.7503E-02  7.3072E-01  4.5079E-02  1.7721E+00
 -9.6947E-01 -1.2187E-01 -4.0278E-01  4.5079E-02  1.7721E+00
  1.8382E-02  1.1587E-01  1.0503E+00  4.5079E-02  1.7721E+00
  1.0567E+00  2.0235E-02 -7.1236E-04  4.5079E-02  1.7721E+00
 -3.9552E-01  6.8940E-02 -9.7764E-01  4.5079E-02  1.7721E+00
  8.3870E-01 -1.1702E-01  6.3234E-01  4.5079E-02  1.7721E+00
 -9.2752E-01  4.5042E-02  4.9845E-01  4.4620E-02  1.8273E+00
 -2.5258E-01 -1.7043E-01  1.0089E+00  4.4620E-02  1.8273E+00
  7.6469E-01 -1.3116E-01 -7.1331E-01  4.4620E-02  1.8273E+00
 -5.0718E-01  1.5521E-01  9.0742E-01  4.4156E-02  1.8855E+00
  3.8245E-01  4.3802E-02 -9.7804E-01  4.4156E-02  1.8855E+00
  8.8786E-01 -1.5544E-01 -5.3519E-01  4.3687E-02  1.9469E+00
 -9.8172E-01  3.0152E-02  3.6634E-01  4.3687E-02  1.9469E+00
 -7.6323E-01 -1.0621E-01 -7.1069E-01  4.3687E-02  1.9469E+00
  4.1693E-01  1.0905E-01  9.5262E-01  4.3212E-02  2.0119E+00
 -8.3236E-01  6.5912E-02 -6.2932E-01  4.3212E-02  2.0119E+00
 -8.4746E-01 -5.9541E-02 -6.0948E-01  4.3212E-02  2.0119E+00
 -7.4975E-01 -1.3438E-01  7.1626E-01  4.3212E-02  2.0119E+00
 -8.5833E-01 -2.2126E-04  5.9243E-01  4.2730E-02  2.0806E+00
  2.1575E-02 -6.9273E-02 -1.0404E+00  4.2730E-02  2.0806E+00
  2.8898E-01 -7.1246E-02 -9.9956E-01  4.2730E-02  2.0806E+00
  8.3519E-01 -9.7702E-02 -6.1259E-01  4.2242E-02  2.1536E+00
 -7.1285E-01 -3.5411E-02 -7.5694E-01  4.2242E-02  2.1536E+00
 -8.5508E-01  7.1134E-02 -5.8834E-01  4.2242E-02  2.1536E+00
 -5.2970E-01 -3.0190E-03  8.9542E-01  4.2242E-02  2.1536E+00
 -1.0263E+00 -1.5413E-01  1.0357E-02  4.1747E-02  2.2312E+00
 -5.1119E-01  7.0783E-02  9.0048E-01  4.1747E-02  2.2312E+00
 -1.0162E+00 -1.1067E-01 -1.7939E-01  4.1747E-02  2.2312E+00
 -7.3871E-01 -1.4848E-01 -7.1376E-01  4.1747E-02  2.2312E+00
  1.8044E-01  1.5540E-01 -1.0102E+00  4.1747E-02  2.2312E+00
 -1.0218E+00 -8.4551E-03  1.8163E-01  4.1747E-02  2.2312E+00
 -4.6471E-02  9.8598E-02 -1.0297E+00  4.1244E-02  2.3138E+00
  7.1687E-01 -8.4456E-02  7.3915E-01  4.0733E-02  2.4020E+00
  9.5828E-01 -1.4031E-01 -3.5970E-01  4.0733E-02  2.4020E+00
 -7.1412E-01  1.4704E-01  7.2878E-01  4.0213E-02  2.4964E+00
  1.0293E+00 -4.2678E-02  3.7184E-02  4.0213E-02  2.4964E+00
 -5.2053E-01  5.9451E-02 -8.8529E-01  3.9683E-02  2.5977E+00
  5.7178E-01  1.4950E-01 -8.4198E-01  3.9683E-02  2.5977E+00
  9.5412E-01 -3.7105E-03  3.8453E-01  3.9683E-02  2.5977E+00
  9.4119E-01  1.2666E-02  4.0975E-01  3.9143E-02  2.7067E+00
  8.4175E-01 -9.4754E-02 -5.7998E-01  3.9143E-02  2.7067E+00
  4.0417E-01  1.2471E-01  9.3541E-01  3.9143E-02  2.7067E+00
  8.7106E-01 -2.5179E-02 -5.4270E-01  3.9143E-02  2.7067E+00
 -1.0047E+00  4.6181E-02 -1.9525E-01  3.8592E-02  2.8243E+00
  3.9201E-01  4.0346E-02 -9.4575E-01  3.8592E-02  2.8243E+00
  5.4883E-01  4.0490E-02  8.6423E-01  3.8592E-02  2.8243E+00
  5.3796E-01  5.9133E-02  8.6548E-01  3.7452E-02  3.0900E+00
 -4.5375E-01  7.8887E-02 -9.1096E-01  3.7452E-02  3.0900E+00
  9.3252E-01 -6.1434E-03  4.1511E-01  3.7452E-02  3.0900E+00
 -6.8668E-01 -4.9600E-02  7.5363E-01  3.7452E-02  3.0900E+00
 -1.9286E-01  9.1855E-02  9.9816E-01  3.7452E-02  3.0900E+00
  1.0083E+00 -1.1597E-01 -9.0649E-02  3.6862E-02  3.2409E+00
 -9.9909E-01  1.7647E-01  9.4768E-02  3.6862E-02  3.2409E+00
  9.7148E-01 -1.2635E-01  2.8030E-01  3.6862E-02  3.2409E+00
  7.5169E-01 -4.5893E-02 -6.8641E-01  3.6862E-02  3.2409E+00
  7.2642E-01 -4.4885E-02 -7.1316E-01  3.6862E-02  3.2409E+00
  3.6973E-01  6.3391E-02  9.4741E-01  3.6862E-02  3.2409E+00
 -9.5456E-01 -1.4179E-01  3.2176E-01  3.6256E-02  3.4062E+00
 -1.0939E-01  1.0290E-01 -1.0061E+00  3.6256E-02  3.4062E+00
 -8.5774E-01  1.8144E-01  5.1271E-01  3.5633E-02  3.5880E+00
  3.9249E-01 -9.7588E-02  9.3163E-01  3.5633E-02  3.5880E+00
 -9.5710E-01  9.5277E-02 -3.2617E-01  3.5633E-02  3.5880E+00
 -9.7058E-01 -6.1166E-02 -2.9282E-01  3.5633E-02  3.5880E+00
  1.0003E+00 -1.5749E-01  5.4230E-02  3.4991E-02  3.7890E+00
 -8.4767E-01  2.8384E-02 -5.5589E-01  3.4991E-02  3.7890E+00
 -2.1327E-01 -4.8821E-02  9.9020E-01  3.4991E-02  3.7890E+00
  4.2978E-01  6.0647E-02  9.1487E-01  3.4329E-02  4.0125E+00
 -1.4739E-01 -8.0545E-02  9.9858E-01  3.4329E-02  4.0125E+00
 -1.0001E+00  1.5856E-02  1.5774E-01  3.4329E-02  4.0125E+00
 -9.9830E-01  4.3988E-02 -1.6387E-01  3.4329E-02  4.0125E+00
  5.8880E-01 -1.4378E-01 -8.0945E-01  3.3644E-02  4.2626E+00
  9.2420E-01 -5.6031E-02  4.0655E-01  3.3644E-02  4.2626E+00
  3.4392E-01 -7.8413E-02 -9.4770E-01  3.3644E-02  4.2626E+00
 -9.3286E-01 -1.7018E-02  3.8651E-01  3.2934E-02  4.5444E+00
  6.8369E-01 -7.2835E-02 -7.3972E-01  3.2934E-02  4.5444E+00
 -2.0498E-01  8.3033E-02  9.8414E-01  3.2195E-02  4.8645E+00
 -1.0300E-01 -8.9607E-03  1.0034E+00  3.2195E-02  4.8645E+00
 -7.1488E-01 -1.7991E-01 -6.8849E-01  3.2195E-02  4.8645E+00
  8.6692E-01  5.8081E-02 -5.1237E-01  3.2195E-02  4.8645E+00
  5.6340E-01 -1.7866E-01 -8.1596E-01  3.1425E-02  5.2312E+00
  3.1894E-01  6.7127E-02 -9.5336E-01  3.1425E-02  5.2312E+00
  4.6884E-01 -1.0031E-01  8.8493E-01  3.0618E-02  5.6557E+00
 -4.5954E-01 -1.5812E-01 -8.8136E-01  3.0618E-02  5.6557E+00
 -9.8210E-01  1.3975E-01 -1.7005E-01  3.0618E-02  5.6557E+00
 -7.4128E-01  1.3890E-01  6.6647E-01  3.0618E-02  5.6557E+00
  7.6136E-01  4.1151E-02 -6.5545E-01  2.9770E-02  6.1530E+00
 -3.1331E-01 -4.0263E-02  9.5457E-01  2.9770E-02  6.1530E+00
  9.2571E-01 -7.3734E-02 -3.8313E-01  2.8874E-02  6.7438E+00
 -9.5703E-01  1.2097E-01 -2.8040E-01  2.8874E-02  6.7438E+00
 -8.1128E-01  6.8945E-02 -5.8842E-01  2.8874E-02  6.7438E+00
 -5.8600E-01  3.7276E-02 -8.1408E-01  2.7921E-02  7.4574E+00
 -3.3673E-01 -3.4304E-02 -9.4417E-01  2.6903E-02  8.3369E+00
 -8.5068E-01  1.8198E-01 -4.9924E-01  2.6903E-02  8.3369E+00
  6.5829E-01 -9.2548E-02 -7.5107E-01  2.6903E-02  8.3369E+00
  3.5591E-01  1.3858E-02 -9.3693E-01  2.5804E-02  9.4481E+00
 -7.0591E-01  1.9310E-02 -7.1135E-01  2.5804E-02  9.4481E+00
 -9.8877E-01 -4.5875E-02 -1.5789E-01  2.5804E-02  9.4481E+00
 -6.7583E-01 -3.1945E-02 -7.3955E-01  2.5804E-02  9.4481E+00
  2.9090E-01  3.2151E-02  9.5866E-01  2.5804E-02  9.4481E+00
  6.9270E-02 -1.0330E-01 -9.9460E-01  2.5804E-02  9.4481E+00
  3.6001E-01  7.8959E-03  9.3481E-01  2.4606E-02  1.0897E+01
  9.1646E-01  1.3404E-01  3.8167E-01  2.4606E-02  1.0897E+01
  9.1035E-01 -7.1534E-02  4.1192E-01  2.4606E-02  1.0897E+01
 -1.1020E-01  1.2355E-01 -9.8799E-01  2.4606E-02  1.0897E+01
 -9.6197E-01 -2.9295E-02 -2.7622E-01  2.3280E-02  1.2866E+01
 -2.5957E-01 -1.4024E-01 -9.5681E-01  2.3280E-02  1.2866E+01
  9.9207E-01 -3.1665E-03  1.3540E-01  2.3280E-02  1.2866E+01
  9.9784E-01  7.2268E-02 -2.8377E-02  2.1787E-02  1.5696E+01
  3.9955E-01 -6.0968E-02 -9.1562E-01  2.1787E-02  1.5696E+01
  9.9284E-01 -1.2354E-01 -7.1252E-03  2.0058E-02  2.0115E+01
  7.6840E-02  1.6147E-01 -9.8441E-01  2.0058E-02  2.0115E+01
 -7.2620E-01 -1.1360E-01  6.7880E-01  2.0058E-02  2.0115E+01
  2.8613E-01 -1.8442E-01  9.4056E-01  1.7969E-02  2.7981E+01
  9.9666E-01  6.5129E-02 -5.4516E-02  1.7969E-02  2.7981E+01
  9.2008E-01 -1.7028E-01 -3.5354E-01  1.7969E-02  2.7981E+01
 -7.5949E-01  7.3734E-02  6.4674E-01  1.7969E-02  2.7981E+01
  6.4421E-01 -1.3541E-01  7.5312E-01  1.7969E-02  2.7981E+01
  3.5902E-01  1.2031E-01 -9.2583E-01  1.7969E-02  2.7981E+01
 -6.3485E-01  1.5222E-01 -7.5785E-01  1.7969E-02  2.7981E+01
