0.26660571428572D+02       575
(x,y,z) position of the X-ray source
 -0.1712E+01  0.2911E-01  0.5555E+00
x | y | z | R | rho
  1.5981E-01  2.2824E-01  9.8811E+00  3.1995E-01  4.9562E-03
 -1.8288E+00 -3.2294E-01  9.4864E+00  3.1508E-01  5.1895E-03
  9.7752E-01 -2.5332E-01  9.5892E+00  3.1454E-01  5.2164E-03
 -7.6878E-01 -1.1981E-01  9.2459E+00  3.0635E-01  5.6461E-03
  2.1754E-01  3.8732E-01  9.1589E+00  3.0388E-01  5.7852E-03
 -1.5715E+00 -1.0588E-03  8.8253E+00  2.9918E-01  6.0620E-03
  9.1544E-02  1.3369E-01  8.9264E+00  2.9834E-01  6.1129E-03
  1.6338E+00  1.7562E-01  8.7016E+00  2.9668E-01  6.2166E-03
 -1.4690E+00 -1.0848E-01  8.6586E+00  2.9501E-01  6.3228E-03
  1.0838E+00  2.3678E-01  8.3117E+00  2.8574E-01  6.9578E-03
 -6.9245E-01  2.4478E-02  7.6225E+00  2.6829E-01  8.4058E-03
 -1.2081E+00  3.0333E-01  7.2615E+00  2.6130E-01  9.0986E-03
  2.9954E-01  1.4003E-01  7.3601E+00  2.6130E-01  9.0986E-03
 -1.3155E+00 -3.3725E-01  7.1322E+00  2.5866E-01  9.3801E-03
  1.2787E-01  2.9025E-01  7.2534E+00  2.5866E-01  9.3801E-03
  1.0974E+00  2.9072E-02  6.9604E+00  2.5335E-01  9.9827E-03
 -1.7676E+00  1.7265E-02  6.7720E+00  2.5216E-01  1.0124E-02
  5.3853E-01  1.9482E-01  6.9635E+00  2.5186E-01  1.0160E-02
 -1.9312E+00 -3.5863E-02  6.7024E+00  2.5157E-01  1.0196E-02
 -1.6929E+00 -2.3355E-01  6.7626E+00  2.5157E-01  1.0196E-02
  1.6172E-02  2.1470E-02  6.3724E+00  2.3623E-01  1.2314E-02
  2.5902E-01  1.2763E-01  6.3542E+00  2.3593E-01  1.2362E-02
  1.2952E+00 -3.1408E-01  6.1714E+00  2.3471E-01  1.2555E-02
  7.7842E-01  6.9464E-02  6.2414E+00  2.3410E-01  1.2654E-02
 -1.8046E+00 -1.8193E-01  5.9616E+00  2.3257E-01  1.2905E-02
  1.4575E+00 -1.6915E-01  6.0441E+00  2.3226E-01  1.2956E-02
 -9.8303E-01  8.8596E-03  5.9040E+00  2.2610E-01  1.4044E-02
 -1.9004E+00 -2.1598E-01  5.6221E+00  2.2487E-01  1.4277E-02
 -1.5165E+00 -1.8732E-01  5.6055E+00  2.2145E-01  1.4949E-02
  7.3684E-03 -1.2690E-01  5.5062E+00  2.1329E-01  1.6731E-02
 -4.2340E-02 -4.2384E-02  5.2875E+00  2.0725E-01  1.8235E-02
 -3.7785E-01  2.4300E-02  5.2512E+00  2.0661E-01  1.8405E-02
  3.2575E-01  2.6108E-01  5.1095E+00  2.0277E-01  1.9472E-02
 -1.7632E+00 -1.4972E-02  4.7648E+00  2.0148E-01  1.9848E-02
  1.9944E-01 -1.4933E-01  4.9252E+00  1.9727E-01  2.1144E-02
  1.7562E+00 -2.8338E-01  4.5873E+00  1.9695E-01  2.1249E-02
  1.9796E+00 -2.6115E-01  4.4717E+00  1.9630E-01  2.1461E-02
  1.3039E+00  1.1295E-01  4.6835E+00  1.9532E-01  2.1784E-02
  1.7737E+00 -2.2804E-01  4.2886E+00  1.8910E-01  2.4006E-02
 -8.8586E-01  6.3526E-02  4.5377E+00  1.8844E-01  2.4258E-02
 -1.4453E+00  1.6922E-01  4.3291E+00  1.8679E-01  2.4907E-02
 -7.7395E-01  2.5942E-01  4.4706E+00  1.8613E-01  2.5174E-02
 -2.7895E-01  1.7541E-01  4.3740E+00  1.8148E-01  2.7159E-02
  9.1530E-02 -1.2457E-01  4.3837E+00  1.8148E-01  2.7159E-02
  1.7953E+00 -1.1381E-01  3.9759E+00  1.8081E-01  2.7461E-02
 -1.6898E-01  2.4960E-01  4.3197E+00  1.7981E-01  2.7923E-02
 -1.7021E+00 -2.3231E-01  3.9626E+00  1.7948E-01  2.8079E-02
  2.1204E-01  6.8347E-02  4.3019E+00  1.7914E-01  2.8237E-02
  9.1365E-01 -6.2608E-02  4.0830E+00  1.7544E-01  3.0060E-02
  7.1416E-01 -8.9288E-02  4.0653E+00  1.7376E-01  3.0944E-02
  3.1513E-01 -2.6520E-01  4.0631E+00  1.7240E-01  3.1679E-02
 -1.4097E+00  2.0156E-01  3.8158E+00  1.7206E-01  3.1867E-02
  1.2197E+00 -1.2528E-02  3.7576E+00  1.6832E-01  3.4039E-02
  1.6779E+00 -4.0063E-02  3.4417E+00  1.6456E-01  3.6431E-02
  1.6574E+00  1.4623E-01  3.4243E+00  1.6387E-01  3.6891E-02
  1.7613E+00  2.0595E-01  3.3565E+00  1.6352E-01  3.7125E-02
 -9.6224E-01 -2.4879E-01  3.5613E+00  1.6042E-01  3.9323E-02
 -1.2812E+00 -1.5397E-01  3.3948E+00  1.5834E-01  4.0893E-02
 -8.6430E-01 -2.3500E-01  3.4297E+00  1.5555E-01  4.3129E-02
 -1.5950E+00 -9.3421E-03  3.1169E+00  1.5416E-01  4.4312E-02
 -1.6719E+00 -2.2981E-02  3.0269E+00  1.5276E-01  4.5542E-02
  1.5913E+00  2.0226E-01  3.0390E+00  1.5205E-01  4.6176E-02
 -1.7843E+00  9.4074E-02  2.9354E+00  1.5205E-01  4.6176E-02
  1.5057E+00 -1.1488E-01  3.0628E+00  1.5135E-01  4.6822E-02
 -5.1569E-01 -9.0034E-02  3.2332E+00  1.4676E-01  5.1350E-02
  8.6901E-02  1.4088E-01  3.2498E+00  1.4606E-01  5.2102E-02
 -9.6869E-01  1.1645E-02  3.1064E+00  1.4606E-01  5.2102E-02
 -1.9354E+00 -1.5485E-01  2.5980E+00  1.4570E-01  5.2483E-02
  3.1680E-01 -2.1145E-02  3.1956E+00  1.4464E-01  5.3651E-02
  6.8868E-01 -2.0038E-01  3.0975E+00  1.4357E-01  5.4857E-02
 -1.2051E+00 -2.3626E-01  2.9328E+00  1.4357E-01  5.4857E-02
 -1.2839E+00  1.4924E-01  2.8701E+00  1.4250E-01  5.6101E-02
  1.1972E+00 -1.9083E-01  2.8590E+00  1.4107E-01  5.7823E-02
  1.4164E+00 -2.2687E-02  2.7517E+00  1.4071E-01  5.8265E-02
  1.3087E+00 -6.7394E-02  2.7223E+00  1.3820E-01  6.1497E-02
 -1.2599E+00 -1.9713E-01  2.7158E+00  1.3748E-01  6.2467E-02
 -4.0173E-01  1.4394E-01  2.9171E+00  1.3568E-01  6.4988E-02
  2.2473E-01 -1.8952E-01  2.8292E+00  1.3207E-01  7.0476E-02
  1.1263E+00 -7.5857E-02  2.5996E+00  1.3170E-01  7.1060E-02
  3.0008E-01  1.3346E-01  2.7942E+00  1.3098E-01  7.2249E-02
  1.1662E+00  7.8546E-02  2.5026E+00  1.2916E-01  7.5345E-02
  1.9347E+00  1.0130E-02  1.9426E+00  1.2843E-01  7.6636E-02
 -1.5159E+00  1.1938E-01  2.2691E+00  1.2806E-01  7.7293E-02
  9.0750E-01 -1.1425E-01  2.5413E+00  1.2697E-01  7.9312E-02
 -5.5154E-01 -2.1161E-01  2.5939E+00  1.2550E-01  8.2120E-02
 -9.7130E-01  1.0792E-01  2.4743E+00  1.2550E-01  8.2120E-02
  4.5359E-01 -4.1146E-02  2.5903E+00  1.2440E-01  8.4318E-02
  3.9936E-01 -1.1715E-01  2.5053E+00  1.2109E-01  9.1425E-02
  1.3351E+00 -8.2786E-02  2.1119E+00  1.1961E-01  9.4853E-02
 -1.4065E+00  1.9001E-02  2.0666E+00  1.1961E-01  9.4853E-02
 -9.9279E-01  1.6899E-01  2.2664E+00  1.1888E-01  9.6634E-02
  1.7257E+00  2.8557E-02  1.7671E+00  1.1851E-01  9.7542E-02
 -1.6052E+00  1.9612E-01 -1.8541E+00  1.1814E-01  9.8461E-02
  1.7564E+00  2.0701E-01  1.6818E+00  1.1739E-01  1.0034E-01
  1.7701E+00  8.0095E-02 -1.6495E+00  1.1665E-01  1.0226E-01
 -1.6700E+00 -3.3684E-02 -1.7523E+00  1.1665E-01  1.0226E-01
 -1.8629E+00  1.5804E-01  1.5069E+00  1.1591E-01  1.0424E-01
 -4.4415E-01  3.5427E-02  2.3596E+00  1.1591E-01  1.0424E-01
 -1.4552E-01  7.0301E-02  2.3372E+00  1.1368E-01  1.1050E-01
 -7.3149E-01  6.8794E-02  2.2042E+00  1.1293E-01  1.1270E-01
 -1.2042E-01  1.5301E-01  2.3152E+00  1.1293E-01  1.1270E-01
  1.3653E+00 -5.0698E-02 -1.8553E+00  1.1219E-01  1.1496E-01
 -6.3506E-01 -7.0626E-02  2.1836E+00  1.1107E-01  1.1847E-01
 -1.7362E+00  1.4425E-01  1.4334E+00  1.1032E-01  1.2090E-01
 -1.2642E+00 -1.9813E-01  1.8464E+00  1.0995E-01  1.2214E-01
  1.7024E+00 -3.6982E-02  1.4653E+00  1.0995E-01  1.2214E-01
 -1.7403E+00  1.5700E-01  1.3966E+00  1.0957E-01  1.2339E-01
 -1.5293E-01  1.3008E-02  2.2317E+00  1.0957E-01  1.2339E-01
  9.1452E-01 -1.8466E-01  2.0226E+00  1.0920E-01  1.2466E-01
 -1.4047E+00  2.0151E-01 -1.7045E+00  1.0882E-01  1.2596E-01
  1.9061E+00 -1.0659E-01 -1.1103E+00  1.0845E-01  1.2727E-01
  1.4238E+00 -9.4906E-02  1.6855E+00  1.0845E-01  1.2727E-01
  1.2603E-01 -1.7949E-01  2.1975E+00  1.0845E-01  1.2727E-01
  5.1374E-01  1.3707E-01  2.1337E+00  1.0808E-01  1.2859E-01
 -1.8613E+00  1.0251E-01 -1.1665E+00  1.0808E-01  1.2859E-01
 -5.3742E-01  3.5940E-02  2.1125E+00  1.0733E-01  1.3131E-01
  1.6083E+00  1.4835E-01  1.4361E+00  1.0658E-01  1.3410E-01
  1.7847E+00 -1.6752E-01  1.1904E+00  1.0620E-01  1.3553E-01
  4.4703E-02  4.1216E-02  2.1323E+00  1.0545E-01  1.3845E-01
  1.2353E+00  1.7175E-01 -1.7305E+00  1.0545E-01  1.3845E-01
 -9.6061E-01 -1.9515E-01  1.8841E+00  1.0507E-01  1.3994E-01
 -1.8794E+00  1.6967E-01 -9.5398E-01  1.0470E-01  1.4145E-01
 -7.8364E-01 -1.1842E-01  1.9503E+00  1.0432E-01  1.4299E-01
  1.6650E+00 -8.0748E-02 -1.2857E+00  1.0432E-01  1.4299E-01
 -1.5377E+00 -2.5600E-02  1.4240E+00  1.0394E-01  1.4454E-01
  4.0765E-01 -1.8374E-02  2.0558E+00  1.0394E-01  1.4454E-01
 -1.4268E+00  1.8384E-01 -1.5242E+00  1.0394E-01  1.4454E-01
  1.3567E+00 -8.9840E-02  1.5706E+00  1.0319E-01  1.4773E-01
  1.6061E+00 -4.6036E-02 -1.3023E+00  1.0281E-01  1.4936E-01
 -1.8570E+00 -1.4635E-01  8.5541E-01  1.0206E-01  1.5269E-01
  1.0776E+00 -8.1639E-02  1.7418E+00  1.0206E-01  1.5269E-01
  1.5798E+00 -7.7827E-02 -1.2894E+00  1.0168E-01  1.5440E-01
  1.8928E+00 -1.2694E-01 -7.0095E-01  1.0093E-01  1.5789E-01
  1.2075E+00 -9.2539E-02 -1.5970E+00  1.0017E-01  1.6148E-01
  7.8347E-01 -3.8938E-02  1.8246E+00  9.9419E-02  1.6519E-01
  1.2850E+00 -2.1577E-02 -1.5142E+00  9.9419E-02  1.6519E-01
  1.5704E+00  5.3590E-02 -1.2147E+00  9.9419E-02  1.6519E-01
  1.7525E+00 -8.2527E-02 -9.3092E-01  9.9419E-02  1.6519E-01
 -1.8191E+00 -1.3698E-01 -7.8525E-01  9.9419E-02  1.6519E-01
 -1.7847E+00  2.2163E-02 -8.5030E-01  9.9041E-02  1.6709E-01
  1.5986E+00  1.3991E-02 -1.1479E+00  9.8663E-02  1.6902E-01
  9.0526E-02  5.1561E-02  1.9653E+00  9.8663E-02  1.6902E-01
 -1.8104E+00 -1.9159E-02  7.7164E-01  9.8663E-02  1.6902E-01
  7.7819E-01 -1.3301E-01  1.8028E+00  9.8663E-02  1.6902E-01
  1.6476E+00 -4.1310E-02 -1.0756E+00  9.8663E-02  1.6902E-01
  1.3753E+00 -1.8104E-01 -1.3834E+00  9.8285E-02  1.7098E-01
 -1.0645E+00 -8.6178E-02 -1.6210E+00  9.7529E-02  1.7499E-01
 -1.3988E+00 -1.1264E-01 -1.3023E+00  9.6393E-02  1.8124E-01
  1.7776E+00 -7.9178E-02  6.8234E-01  9.6015E-02  1.8340E-01
  1.2919E+00 -1.8357E-01  1.3889E+00  9.6015E-02  1.8340E-01
  2.6623E-02 -4.7708E-02 -1.8961E+00  9.5636E-02  1.8558E-01
 -1.7740E+00 -1.6749E-01 -6.2420E-01  9.5257E-02  1.8781E-01
  1.4128E+00  1.6939E-01 -1.2276E+00  9.4878E-02  1.9007E-01
 -1.4931E+00 -1.4812E-01 -1.1315E+00  9.4878E-02  1.9007E-01
  1.3828E+00 -3.5100E-02  1.2721E+00  9.4878E-02  1.9007E-01
 -1.7025E+00 -1.1067E-01  7.4540E-01  9.4120E-02  1.9470E-01
  1.0235E+00  1.3950E-01  1.5385E+00  9.3741E-02  1.9707E-01
 -2.5108E-01 -1.7528E-01  1.8188E+00  9.3361E-02  1.9948E-01
 -1.7049E+00 -1.7916E-01  6.8034E-01  9.3361E-02  1.9948E-01
 -9.7978E-01 -1.1811E-01  1.5479E+00  9.2982E-02  2.0193E-01
 -9.3061E-01 -5.0770E-02 -1.5815E+00  9.2982E-02  2.0193E-01
 -1.3319E+00 -3.9056E-02 -1.2501E+00  9.2603E-02  2.0443E-01
 -9.2879E-01 -1.2595E-01  1.5684E+00  9.2603E-02  2.0443E-01
  1.2127E+00  4.4501E-02 -1.3659E+00  9.2603E-02  2.0443E-01
  1.2114E+00  9.8912E-03  1.3562E+00  9.2223E-02  2.0696E-01
  1.6968E+00  1.4108E-01 -6.3854E-01  9.2223E-02  2.0696E-01
  1.7649E+00  1.3598E-01 -3.7720E-01  9.1844E-02  2.0954E-01
  5.9541E-01  1.0728E-02 -1.7091E+00  9.1844E-02  2.0954E-01
  1.4870E-02  5.1692E-02 -1.8091E+00  9.1844E-02  2.0954E-01
  1.7831E+00 -1.2614E-01 -2.2240E-01  9.1464E-02  2.1216E-01
 -1.4271E+00  1.1886E-01 -1.0927E+00  9.1464E-02  2.1216E-01
  2.7605E-01 -1.1139E-01 -1.7679E+00  9.1084E-02  2.1482E-01
 -1.2878E+00 -1.7120E-01  1.2355E+00  9.1084E-02  2.1482E-01
 -1.6036E+00 -6.4323E-02 -7.9908E-01  9.1084E-02  2.1482E-01
 -1.6870E+00 -1.1654E-01  5.9551E-01  9.1084E-02  2.1482E-01
 -1.5447E+00  6.0421E-02 -9.0792E-01  9.1084E-02  2.1482E-01
  1.2764E+00 -2.3261E-02  1.2466E+00  9.0704E-02  2.1753E-01
 -6.9701E-01 -1.0555E-01  1.6391E+00  9.0704E-02  2.1753E-01
  5.1006E-01 -1.6787E-01 -1.7016E+00  9.0704E-02  2.1753E-01
  1.4375E+00 -3.4444E-02 -1.0420E+00  9.0325E-02  2.2029E-01
  1.2137E+00  7.3329E-02  1.2942E+00  9.0325E-02  2.2029E-01
 -1.1894E+00  1.3163E-01 -1.3005E+00  8.9945E-02  2.2309E-01
  1.6863E+00 -9.3016E-02  4.9131E-01  8.9565E-02  2.2594E-01
 -6.5351E-02  1.1752E-02 -1.7492E+00  8.9185E-02  2.2884E-01
  7.1947E-01 -2.5253E-02 -1.5864E+00  8.8805E-02  2.3179E-01
 -1.6977E+00  1.6609E-01 -3.5384E-01  8.8805E-02  2.3179E-01
  1.6461E+00 -1.6383E-01  5.1921E-01  8.8425E-02  2.3479E-01
  1.2874E+00 -1.5468E-01 -1.1509E+00  8.8425E-02  2.3479E-01
  1.6982E+00  1.3762E-01  3.2095E-01  8.8425E-02  2.3479E-01
  1.1342E+00 -7.1503E-02 -1.2983E+00  8.8044E-02  2.3785E-01
 -1.6976E+00  4.5755E-02  2.5451E-01  8.7664E-02  2.4095E-01
 -6.0455E-01 -1.1351E-01  1.6032E+00  8.7664E-02  2.4095E-01
 -1.2400E+00 -2.9846E-02  1.1635E+00  8.6904E-02  2.4734E-01
 -1.0342E+00  1.4048E-01  1.3323E+00  8.6524E-02  2.5061E-01
 -9.1035E-03  2.8473E-02  1.6922E+00  8.6524E-02  2.5061E-01
  6.8678E-01 -2.0857E-02  1.5377E+00  8.6143E-02  2.5395E-01
  1.1885E+00 -1.5193E-01 -1.1836E+00  8.6143E-02  2.5395E-01
 -1.5176E+00 -7.5449E-02  7.2650E-01  8.6143E-02  2.5395E-01
  7.5390E-01 -5.6174E-02 -1.4959E+00  8.5763E-02  2.5734E-01
 -1.5406E+00  7.4657E-02  6.3491E-01  8.5382E-02  2.6079E-01
 -1.3150E+00  8.8175E-02 -1.0090E+00  8.5002E-02  2.6431E-01
 -8.4235E-03  1.8207E-01  1.6417E+00  8.4622E-02  2.6789E-01
  1.6313E+00  1.6896E-01 -1.9721E-01  8.4622E-02  2.6789E-01
  7.6650E-01 -4.1488E-02 -1.4535E+00  8.4241E-02  2.7154E-01
  3.2082E-01  4.2433E-02 -1.6116E+00  8.4241E-02  2.7154E-01
  1.4925E+00  1.0576E-01  6.8054E-01  8.4241E-02  2.7154E-01
  3.5899E-01  1.2654E-02 -1.6040E+00  8.4241E-02  2.7154E-01
 -1.6223E+00 -1.3531E-01  1.5941E-01  8.3861E-02  2.7525E-01
 -1.6340E+00 -2.4174E-02 -7.1255E-02  8.3861E-02  2.7525E-01
  8.0828E-01 -1.4475E-02 -1.4220E+00  8.3861E-02  2.7525E-01
  7.6783E-01 -1.4328E-01 -1.4372E+00  8.3861E-02  2.7525E-01
 -1.5147E+00  1.7987E-01  5.9070E-01  8.3861E-02  2.7525E-01
  9.1149E-01 -1.5644E-01 -1.3395E+00  8.3480E-02  2.7903E-01
  1.5651E+00  9.4460E-02  4.3734E-01  8.3480E-02  2.7903E-01
  9.9448E-02  5.5864E-02  1.6238E+00  8.3480E-02  2.7903E-01
  1.5294E+00 -1.0290E-01 -5.4761E-01  8.3480E-02  2.7903E-01
 -6.0144E-01 -6.4215E-02  1.5112E+00  8.3480E-02  2.7903E-01
 -1.2887E+00 -4.0128E-02 -9.8062E-01  8.3100E-02  2.8288E-01
  1.2218E+00 -6.6424E-02 -1.0493E+00  8.2719E-02  2.8681E-01
  1.5442E-01  1.6920E-01  1.5956E+00  8.2719E-02  2.8681E-01
  5.7922E-01  5.5680E-02 -1.5032E+00  8.2719E-02  2.8681E-01
  1.5660E+00  1.0866E-01  3.6632E-01  8.2719E-02  2.8681E-01
 -1.5374E+00 -5.8908E-02  4.5364E-01  8.2338E-02  2.9080E-01
 -8.2293E-01 -4.7644E-02 -1.3760E+00  8.2338E-02  2.9080E-01
  1.3413E+00  3.0889E-05 -8.7961E-01  8.2338E-02  2.9080E-01
  1.4228E+00  1.7292E-01  7.0256E-01  8.1958E-02  2.9487E-01
 -1.5815E+00  1.3650E-01  5.6651E-02  8.1577E-02  2.9902E-01
  5.8496E-01  1.7918E-01 -1.4658E+00  8.1577E-02  2.9902E-01
  6.9230E-01  7.3595E-02  1.4277E+00  8.1577E-02  2.9902E-01
 -2.1818E-01 -1.4204E-01  1.5590E+00  8.1197E-02  3.0324E-01
 -1.5785E+00  8.1659E-02 -6.0945E-03  8.1197E-02  3.0324E-01
 -9.2640E-01  1.2936E-01  1.2645E+00  8.0816E-02  3.0755E-01
 -1.4488E+00  7.4694E-02  5.8731E-01  8.0435E-02  3.1193E-01
  8.7295E-02 -1.8081E-01 -1.5522E+00  8.0435E-02  3.1193E-01
 -4.1662E-01  1.0068E-01 -1.4973E+00  8.0055E-02  3.1640E-01
 -1.0979E+00  1.6019E-01  1.0820E+00  7.9674E-02  3.2096E-01
 -5.7054E-01 -1.7177E-01  1.4307E+00  7.9674E-02  3.2096E-01
 -1.3316E+00 -1.7829E-01 -7.7265E-01  7.9674E-02  3.2096E-01
 -5.8070E-01  1.4780E-01  1.4292E+00  7.9674E-02  3.2096E-01
  5.2649E-01 -1.2085E-01  1.4445E+00  7.9293E-02  3.2561E-01
  5.1402E-02 -1.0241E-01  1.5303E+00  7.8913E-02  3.3034E-01
 -4.5128E-01  4.1130E-02 -1.4661E+00  7.8913E-02  3.3034E-01
 -1.3882E+00  6.1544E-02  6.3312E-01  7.8532E-02  3.3517E-01
 -1.5022E+00  1.2388E-01  1.9209E-01  7.8152E-02  3.4009E-01
 -6.8373E-01  7.1464E-02  1.3551E+00  7.8152E-02  3.4009E-01
 -1.0038E+00 -1.3107E-01 -1.1332E+00  7.8152E-02  3.4009E-01
 -1.2618E+00  8.0093E-02  8.4288E-01  7.8152E-02  3.4009E-01
 -1.3001E+00  3.8118E-02 -7.7109E-01  7.7771E-02  3.4511E-01
 -1.1093E+00 -1.7726E-01  1.0121E+00  7.7771E-02  3.4511E-01
  1.2108E+00 -7.7959E-03 -8.9317E-01  7.7390E-02  3.5022E-01
 -8.9131E-01 -1.1265E-01  1.1977E+00  7.7010E-02  3.5544E-01
  1.4849E+00  1.5386E-01 -1.1435E-01  7.7010E-02  3.5544E-01
 -1.8623E-01 -1.1342E-01 -1.4812E+00  7.7010E-02  3.5544E-01
 -1.1026E+00  9.6153E-02 -1.0082E+00  7.7010E-02  3.5544E-01
 -1.2245E+00  7.8026E-02  8.4499E-01  7.6629E-02  3.6076E-01
 -4.6597E-01  2.8799E-02  1.4148E+00  7.6629E-02  3.6076E-01
 -1.0861E+00 -3.5883E-02  1.0084E+00  7.6248E-02  3.6619E-01
  1.4070E+00  2.8086E-02  4.4238E-01  7.5868E-02  3.7173E-01
  2.3516E-01  2.1519E-04 -1.4563E+00  7.5868E-02  3.7173E-01
  1.4665E+00  1.1634E-02 -1.5958E-01  7.5868E-02  3.7173E-01
 -1.4654E+00 -7.9455E-02  1.5029E-01  7.5868E-02  3.7173E-01
  5.7831E-01  5.5815E-02 -1.3560E+00  7.5868E-02  3.7173E-01
 -1.1439E+00  1.5033E-01 -9.0764E-01  7.5487E-02  3.7739E-01
 -1.3760E+00  1.5060E-02 -5.1127E-01  7.5487E-02  3.7739E-01
 -1.4621E+00 -1.7593E-02 -1.2970E-01  7.5487E-02  3.7739E-01
 -1.2841E+00  6.7863E-02 -6.9302E-01  7.5106E-02  3.8315E-01
  1.3560E-01 -1.4752E-01  1.4397E+00  7.4726E-02  3.8904E-01
  1.0780E+00 -9.0923E-02  9.6006E-01  7.4345E-02  3.9504E-01
 -2.3427E-01  1.0046E-01 -1.4238E+00  7.4345E-02  3.9504E-01
  3.6719E-01  1.6471E-01  1.3893E+00  7.4345E-02  3.9504E-01
  1.4031E+00  1.0424E-01 -3.3537E-01  7.4345E-02  3.9504E-01
 -1.4127E+00  2.6104E-02  2.7437E-01  7.3965E-02  4.0117E-01
 -1.4266E+00 -4.1145E-02  1.8613E-01  7.3965E-02  4.0117E-01
  1.4259E+00 -9.7884E-02 -9.1988E-02  7.3584E-02  4.0743E-01
  1.2685E+00  1.7352E-01  6.4199E-01  7.3584E-02  4.0743E-01
  1.3787E+00 -1.2773E-02  3.6097E-01  7.3203E-02  4.1382E-01
 -1.3290E+00  8.1204E-02  5.0832E-01  7.3203E-02  4.1382E-01
  1.2405E+00  1.4614E-01  6.8629E-01  7.3203E-02  4.1382E-01
 -9.7986E-01  1.5396E-01  1.0137E+00  7.2822E-02  4.2035E-01
  1.3150E+00 -6.7337E-02 -5.2687E-01  7.2822E-02  4.2035E-01
  1.7865E-01 -3.2601E-02 -1.3996E+00  7.2442E-02  4.2701E-01
 -1.5464E-01 -1.2362E-01  1.3973E+00  7.2442E-02  4.2701E-01
 -1.4026E+00 -1.0574E-01  1.1498E-01  7.2442E-02  4.2701E-01
  4.0864E-02 -1.4837E-01  1.3959E+00  7.2061E-02  4.3381E-01
 -1.3838E+00 -1.1695E-01  2.0931E-01  7.2061E-02  4.3381E-01
 -1.3293E+00 -1.2736E-01  4.1217E-01  7.1680E-02  4.4076E-01
  9.3675E-01  1.5235E-02 -1.0370E+00  7.1680E-02  4.4076E-01
  1.3635E+00  7.0147E-02  2.9857E-01  7.1680E-02  4.4076E-01
  1.3915E+00 -5.9476E-03 -1.2950E-01  7.1680E-02  4.4076E-01
 -1.3693E+00  1.3046E-01 -2.0528E-01  7.1300E-02  4.4786E-01
 -1.0500E-01  1.5431E-01 -1.3645E+00  7.0538E-02  4.6253E-01
 -5.5078E-01  5.1783E-02  1.2612E+00  7.0538E-02  4.6253E-01
  1.1432E+00  1.6537E-01 -7.4998E-01  7.0538E-02  4.6253E-01
 -9.5723E-01 -1.4578E-01 -9.6997E-01  7.0157E-02  4.7010E-01
 -4.9418E-01 -1.0171E-01  1.2671E+00  6.9776E-02  4.7784E-01
 -1.0386E+00  1.6677E-01 -8.6815E-01  6.9776E-02  4.7784E-01
 -9.8570E-01  1.1336E-01 -9.3583E-01  6.9776E-02  4.7784E-01
  2.7198E-01 -4.2534E-02 -1.3224E+00  6.9014E-02  4.9384E-01
  7.4969E-01  5.0732E-02  1.1225E+00  6.9014E-02  4.9384E-01
  8.0236E-01  1.4240E-02  1.0784E+00  6.8633E-02  5.0211E-01
  1.1577E-01 -2.7197E-02 -1.3390E+00  6.8633E-02  5.0211E-01
  1.0066E-01 -1.3794E-01 -1.3333E+00  6.8633E-02  5.0211E-01
  1.2803E+00  5.0634E-02 -3.8463E-01  6.8252E-02  5.1057E-01
 -1.1351E+00  5.8139E-04 -7.0800E-01  6.8252E-02  5.1057E-01
  7.4000E-01  1.3006E-01  1.1069E+00  6.8252E-02  5.1057E-01
  1.3270E+00 -4.5487E-02  9.7528E-02  6.7871E-02  5.1923E-01
 -6.2621E-01  6.9611E-02 -1.1728E+00  6.7871E-02  5.1923E-01
 -5.7811E-02 -8.4875E-02  1.3274E+00  6.7871E-02  5.1923E-01
  7.0371E-01 -6.5081E-03 -1.1227E+00  6.7489E-02  5.2808E-01
 -1.2789E+00 -1.0888E-01  3.2876E-01  6.7489E-02  5.2808E-01
 -8.4750E-01 -1.5883E-01 -1.0060E+00  6.7489E-02  5.2808E-01
  1.2291E+00 -2.0349E-02  4.9453E-01  6.7489E-02  5.2808E-01
 -1.1796E+00 -1.7705E-01 -5.6221E-01  6.7108E-02  5.3713E-01
  1.9066E-01 -1.3662E-01  1.2976E+00  6.7108E-02  5.3713E-01
  1.2345E+00 -7.0928E-02  4.5797E-01  6.7108E-02  5.3713E-01
  8.1947E-01  1.2203E-01 -1.0259E+00  6.7108E-02  5.3713E-01
 -1.2991E+00 -7.0010E-02 -1.7291E-01  6.6726E-02  5.4640E-01
  1.1535E-01  1.7812E-01  1.2951E+00  6.6726E-02  5.4640E-01
  1.2343E+00 -1.1219E-01  4.3149E-01  6.6726E-02  5.4640E-01
  1.2518E+00 -1.8326E-01  3.2479E-01  6.6345E-02  5.5588E-01
  5.4123E-01  1.0348E-01  1.1774E+00  6.5963E-02  5.6559E-01
  1.2608E+00  4.6425E-02  3.1341E-01  6.5963E-02  5.6559E-01
  1.2432E+00  6.6143E-02 -3.5220E-01  6.5581E-02  5.7553E-01
  1.0581E+00  9.4616E-02  7.3852E-01  6.5581E-02  5.7553E-01
  1.1840E+00 -5.7670E-02 -5.1862E-01  6.5581E-02  5.7553E-01
  1.2567E+00  3.2606E-02  3.0625E-01  6.5581E-02  5.7553E-01
 -6.6138E-01 -1.3801E-02  1.1049E+00  6.5199E-02  5.8571E-01
 -1.2789E+00  5.4921E-02 -6.4431E-02  6.4817E-02  5.9614E-01
  1.2777E+00 -1.0183E-01 -2.1809E-03  6.4817E-02  5.9614E-01
  2.7057E-01  6.9521E-02  1.2448E+00  6.4434E-02  6.0681E-01
 -2.4002E-01  6.0855E-02 -1.2515E+00  6.4434E-02  6.0681E-01
  1.1356E+00 -6.3473E-02  5.6457E-01  6.4051E-02  6.1776E-01
 -1.7746E-01 -1.4532E-01  1.2489E+00  6.4051E-02  6.1776E-01
  6.5955E-01  2.8763E-06 -1.0851E+00  6.4051E-02  6.1776E-01
  7.2924E-01 -3.4696E-02  1.0318E+00  6.3669E-02  6.2897E-01
 -1.4141E-01  9.5161E-02 -1.2524E+00  6.3669E-02  6.2897E-01
  1.2351E+00  1.2549E-01  2.0380E-01  6.3285E-02  6.4046E-01
  7.5312E-01 -1.7730E-01 -9.9206E-01  6.3285E-02  6.4046E-01
 -6.9786E-01  3.9149E-03 -1.0468E+00  6.3285E-02  6.4046E-01
 -1.2247E+00 -6.4150E-02  2.8061E-01  6.3285E-02  6.4046E-01
  1.0329E+00  9.3279E-02  7.1217E-01  6.3285E-02  6.4046E-01
 -1.3045E-01  1.7323E-01 -1.2334E+00  6.2902E-02  6.5224E-01
  6.5072E-01 -1.2370E-01 -1.0628E+00  6.2902E-02  6.5224E-01
 -6.3675E-01 -4.3515E-02  1.0708E+00  6.2518E-02  6.6433E-01
  5.8330E-01  5.7895E-02  1.1002E+00  6.2518E-02  6.6433E-01
 -7.4323E-01  8.0448E-03 -1.0008E+00  6.2518E-02  6.6433E-01
  1.0788E+00  1.0661E-01  6.0382E-01  6.2134E-02  6.7672E-01
 -2.9999E-01 -2.2559E-02  1.1924E+00  6.1365E-02  7.0248E-01
  5.1607E-01  1.5283E-01 -1.0995E+00  6.0980E-02  7.1587E-01
 -6.1935E-01 -6.6316E-02  1.0539E+00  6.0980E-02  7.1587E-01
  1.1942E+00  1.1878E-01 -2.1245E-01  6.0595E-02  7.2962E-01
  8.6440E-01 -1.4865E-03  8.5916E-01  6.0595E-02  7.2962E-01
 -7.3347E-02  5.0685E-02 -1.2155E+00  6.0595E-02  7.2962E-01
 -4.4597E-02 -1.1437E-02 -1.2179E+00  6.0595E-02  7.2962E-01
 -1.0926E+00  7.0277E-02  5.2294E-01  6.0209E-02  7.4374E-01
 -7.6257E-01 -1.3232E-01  9.2750E-01  5.9822E-02  7.5825E-01
  8.7415E-01 -6.2989E-02  8.3136E-01  5.9822E-02  7.5825E-01
  2.1738E-02  1.4823E-01 -1.1987E+00  5.9822E-02  7.5825E-01
 -1.1887E+00  1.7638E-01 -1.2287E-01  5.9822E-02  7.5825E-01
 -5.3590E-01 -6.7927E-02 -1.0746E+00  5.9436E-02  7.7315E-01
  1.0277E+00 -3.4644E-02 -6.2386E-01  5.9436E-02  7.7315E-01
 -1.1227E+00  1.8125E-01  3.9145E-01  5.9436E-02  7.7315E-01
 -5.2981E-01 -5.8089E-02  1.0723E+00  5.9048E-02  7.8847E-01
 -7.0204E-01  4.9378E-02  9.6885E-01  5.9048E-02  7.8847E-01
 -3.1773E-01  1.8153E-01  1.1402E+00  5.9048E-02  7.8847E-01
  8.7828E-02 -6.8962E-02 -1.1923E+00  5.9048E-02  7.8847E-01
  2.9562E-01  6.8702E-02 -1.1530E+00  5.8660E-02  8.0422E-01
  2.7376E-01 -1.3273E-01  1.1528E+00  5.8660E-02  8.0422E-01
 -1.0136E+00  1.7291E-01 -6.0358E-01  5.8660E-02  8.0422E-01
  9.9235E-01 -3.4098E-02  6.5076E-01  5.8271E-02  8.2042E-01
  6.5881E-01 -9.6677E-02 -9.8287E-01  5.8271E-02  8.2042E-01
 -4.3256E-01 -1.0658E-01  1.1004E+00  5.8271E-02  8.2042E-01
 -1.2255E-01  1.7677E-01  1.1573E+00  5.7492E-02  8.5424E-01
  6.5755E-01  8.3897E-02 -9.7273E-01  5.7492E-02  8.5424E-01
 -5.9160E-01 -6.5605E-02 -1.0155E+00  5.7492E-02  8.5424E-01
  9.1485E-01 -1.2660E-01  7.2982E-01  5.7492E-02  8.5424E-01
 -1.1258E+00 -1.2812E-01 -3.1899E-01  5.7492E-02  8.5424E-01
  7.5889E-01  9.5926E-02 -8.8819E-01  5.7101E-02  8.7190E-01
 -7.3305E-01  1.7227E-01  8.9831E-01  5.7101E-02  8.7190E-01
 -8.2174E-01  1.0252E-01  8.2960E-01  5.7101E-02  8.7190E-01
  7.9560E-01  2.1636E-02 -8.5390E-01  5.6710E-02  8.9009E-01
 -8.6815E-01  8.4579E-02  7.7573E-01  5.6710E-02  8.9009E-01
 -1.1226E+00 -1.8134E-01  2.6341E-01  5.6710E-02  8.9009E-01
  1.1660E+00 -4.9741E-02 -2.3186E-02  5.6710E-02  8.9009E-01
  3.7012E-01  2.2292E-02 -1.1018E+00  5.6317E-02  9.0882E-01
 -9.4209E-01 -1.4681E-01  6.6503E-01  5.6317E-02  9.0882E-01
 -9.6583E-01  1.8117E-01  6.2104E-01  5.6317E-02  9.0882E-01
 -8.4558E-01 -4.0193E-02  7.9670E-01  5.6317E-02  9.0882E-01
 -5.8131E-01  4.5796E-02  9.9470E-01  5.5530E-02  9.4805E-01
 -9.5461E-01 -1.5511E-01  6.2777E-01  5.5530E-02  9.4805E-01
  2.8355E-01  1.1334E-03  1.1176E+00  5.5530E-02  9.4805E-01
  9.1553E-01  1.8487E-02 -7.0064E-01  5.5530E-02  9.4805E-01
 -2.6750E-02 -1.5824E-01  1.1371E+00  5.5134E-02  9.6859E-01
 -1.1133E+00  1.7616E-01  2.1956E-01  5.5134E-02  9.6859E-01
  2.1036E-01 -9.3609E-02  1.1251E+00  5.5134E-02  9.6859E-01
 -4.7032E-01  5.9749E-03 -1.0476E+00  5.5134E-02  9.6859E-01
 -1.0575E+00 -9.4174E-02 -4.2548E-01  5.4738E-02  9.8980E-01
  1.0549E+00 -1.3094E-01  4.0991E-01  5.4340E-02  1.0117E+00
 -1.0573E+00 -4.0222E-02  4.2238E-01  5.4340E-02  1.0117E+00
  5.5721E-01 -1.4339E-01  9.8332E-01  5.4340E-02  1.0117E+00
  9.4992E-01 -1.5025E-01  6.1078E-01  5.4340E-02  1.0117E+00
  1.0951E+00  8.7937E-02  2.8439E-01  5.3941E-02  1.0343E+00
  1.1310E+00  9.3091E-02 -1.0926E-02  5.3941E-02  1.0343E+00
 -2.7385E-01  4.3025E-02  1.1005E+00  5.3941E-02  1.0343E+00
 -1.0340E+00  8.1237E-02  4.6044E-01  5.3941E-02  1.0343E+00
 -1.0421E+00  2.7854E-02 -4.3721E-01  5.3541E-02  1.0577E+00
  5.2366E-01 -1.7492E-01 -9.8646E-01  5.3541E-02  1.0577E+00
  4.0747E-01 -1.0638E-01  1.0491E+00  5.3541E-02  1.0577E+00
  1.8387E-01  1.8760E-02 -1.1152E+00  5.3541E-02  1.0577E+00
 -5.1363E-01  1.8402E-01 -9.8513E-01  5.3139E-02  1.0818E+00
  1.0997E+00  5.6507E-02 -2.3605E-01  5.3139E-02  1.0818E+00
 -4.8915E-01 -1.4972E-01 -1.0032E+00  5.3139E-02  1.0818E+00
 -1.1244E+00 -5.8098E-02  2.0299E-02  5.3139E-02  1.0818E+00
 -3.6634E-01 -5.3570E-03  1.0649E+00  5.3139E-02  1.0818E+00
 -4.4828E-01 -8.6417E-02  1.0248E+00  5.2736E-02  1.1068E+00
 -1.1031E+00  6.9196E-02  1.9204E-01  5.2736E-02  1.1068E+00
  3.6459E-02  1.5066E-01  1.1111E+00  5.2736E-02  1.1068E+00
  1.0995E+00  1.3385E-01 -1.7825E-01  5.2736E-02  1.1068E+00
 -7.2033E-01 -9.5798E-02  8.5472E-01  5.2736E-02  1.1068E+00
 -3.9356E-01 -1.3429E-01  1.0374E+00  5.2331E-02  1.1327E+00
  1.6963E-01 -7.0564E-02  1.1025E+00  5.2331E-02  1.1327E+00
  2.7150E-01  1.2003E-01 -1.0733E+00  5.1925E-02  1.1595E+00
 -8.2871E-01 -4.0552E-02 -7.4269E-01  5.1925E-02  1.1595E+00
  5.8377E-01 -5.9226E-02 -9.4164E-01  5.1516E-02  1.1873E+00
  9.5635E-01  1.1341E-02  5.6236E-01  5.1516E-02  1.1873E+00
 -4.0528E-01  1.6539E-01 -1.0195E+00  5.1516E-02  1.1873E+00
 -9.0625E-01 -1.2014E-01  6.2869E-01  5.1516E-02  1.1873E+00
  7.6945E-02  3.1389E-02  1.1064E+00  5.1516E-02  1.1873E+00
  1.0850E+00 -1.5370E-01 -1.4596E-01  5.1106E-02  1.2161E+00
 -1.0937E+00 -1.0145E-01 -1.2519E-01  5.1106E-02  1.2161E+00
 -1.5085E-02 -1.3996E-01  1.0925E+00  5.0694E-02  1.2461E+00
  2.4914E-01 -1.5639E-01  1.0616E+00  5.0694E-02  1.2461E+00
  6.9663E-02 -1.5035E-01  1.0851E+00  5.0279E-02  1.2771E+00
 -5.0502E-01 -8.6924E-02  9.6648E-01  4.9863E-02  1.3094E+00
  2.3502E-01  7.4089E-02  1.0620E+00  4.9444E-02  1.3430E+00
 -6.0301E-01 -4.3736E-02  9.0720E-01  4.9444E-02  1.3430E+00
  2.3679E-01  8.9841E-02 -1.0566E+00  4.9022E-02  1.3780E+00
  4.8439E-01  1.4281E-01 -9.5801E-01  4.8597E-02  1.4144E+00
 -1.0363E+00 -1.2062E-01 -2.9047E-01  4.8597E-02  1.4144E+00
 -6.4565E-02  7.6834E-02  1.0783E+00  4.8597E-02  1.4144E+00
  1.2125E-01  1.3800E-01  1.0673E+00  4.8597E-02  1.4144E+00
 -3.8192E-02  1.3541E-01  1.0702E+00  4.8170E-02  1.4524E+00
 -1.0662E+00  5.2636E-02 -1.3472E-01  4.7739E-02  1.4920E+00
  9.4254E-01 -8.6958E-02  5.1173E-01  4.7739E-02  1.4920E+00
  9.3785E-01  3.4988E-02  5.2632E-01  4.7739E-02  1.4920E+00
 -7.9219E-01 -1.4056E-01 -7.0439E-01  4.6868E-02  1.5768E+00
 -3.4925E-01 -1.2304E-02  1.0106E+00  4.6868E-02  1.5768E+00
 -1.0049E+00 -2.9454E-02 -3.6443E-01  4.6868E-02  1.5768E+00
  5.2617E-01 -5.6940E-02  9.2919E-01  4.6868E-02  1.5768E+00
 -1.0083E+00  7.6746E-02  3.4783E-01  4.6868E-02  1.5768E+00
  6.1386E-01  4.8806E-03  8.7559E-01  4.6868E-02  1.5768E+00
  6.4904E-01  9.7772E-02 -8.4420E-01  4.6868E-02  1.5768E+00
  9.2723E-01 -1.4689E-01  5.0523E-01  4.6427E-02  1.6222E+00
 -8.0427E-01 -3.5307E-02  6.9894E-01  4.6427E-02  1.6222E+00
 -7.7573E-01 -4.8474E-02  7.2973E-01  4.6427E-02  1.6222E+00
 -4.4403E-01  1.6693E-01 -9.5124E-01  4.5982E-02  1.6697E+00
 -9.6628E-01  1.3007E-01 -4.2339E-01  4.5982E-02  1.6697E+00
  2.7250E-01  1.8049E-02 -1.0241E+00  4.5533E-02  1.7196E+00
 -9.7085E-01 -9.8576E-02  4.1361E-01  4.5533E-02  1.7196E+00
 -6.0862E-01  1.6587E-01 -8.5171E-01  4.5533E-02  1.7196E+00
 -8.7980E-01  6.6208E-02  5.7648E-01  4.4620E-02  1.8273E+00
 -1.0318E+00 -1.4809E-02  2.1445E-01  4.4620E-02  1.8273E+00
 -7.0566E-01 -1.7168E-01  7.5981E-01  4.4156E-02  1.8855E+00
  7.0596E-02 -6.1006E-02  1.0469E+00  4.4156E-02  1.8855E+00
 -1.6121E-01 -1.4681E-01  1.0282E+00  4.4156E-02  1.8855E+00
 -2.0370E-01 -1.4854E-01 -1.0175E+00  4.3687E-02  1.9469E+00
 -1.1204E-02 -1.2854E-01  1.0403E+00  4.3687E-02  1.9469E+00
  5.2670E-01 -1.2135E-01  8.9820E-01  4.3687E-02  1.9469E+00
 -3.2490E-02  5.4644E-02 -1.0464E+00  4.3687E-02  1.9469E+00
 -3.8417E-01 -9.9969E-02 -9.7021E-01  4.3687E-02  1.9469E+00
  4.6292E-01 -1.8782E-02  9.3732E-01  4.3212E-02  2.0119E+00
  7.3538E-02 -1.9600E-02 -1.0428E+00  4.3212E-02  2.0119E+00
 -6.4926E-01  7.6704E-02 -8.1596E-01  4.3212E-02  2.0119E+00
  1.7889E-01 -1.2961E-02 -1.0274E+00  4.2730E-02  2.0806E+00
  5.0530E-01 -5.9556E-02 -9.1040E-01  4.2730E-02  2.0806E+00
  6.2665E-02 -1.1739E-01  1.0318E+00  4.2242E-02  2.1536E+00
  9.6091E-02  1.0212E-01 -1.0309E+00  4.2242E-02  2.1536E+00
  8.8847E-01 -3.3445E-02 -5.4024E-01  4.2242E-02  2.1536E+00
 -4.6159E-01  2.5650E-02  9.3201E-01  4.2242E-02  2.1536E+00
 -6.4503E-01  7.5779E-02  8.1275E-01  4.2242E-02  2.1536E+00
 -1.0333E+00  1.0605E-01 -5.7793E-02  4.2242E-02  2.1536E+00
  1.1647E-01  1.3993E-01  1.0243E+00  4.2242E-02  2.1536E+00
  6.0578E-01 -1.6967E-01  8.2549E-01  4.1747E-02  2.2312E+00
 -5.3539E-01  1.6114E-01 -8.7441E-01  4.1747E-02  2.2312E+00
 -1.0249E+00  6.5725E-02  1.3246E-01  4.1244E-02  2.3138E+00
  6.4309E-02 -1.5023E-01  1.0225E+00  4.1244E-02  2.3138E+00
 -5.7879E-01 -2.0425E-02  8.5836E-01  4.1244E-02  2.3138E+00
  4.1426E-01 -3.9723E-02 -9.4561E-01  4.0733E-02  2.4020E+00
 -6.8795E-01  1.2159E-01  7.6112E-01  4.0733E-02  2.4020E+00
 -7.0118E-01  1.4179E-01  7.4226E-01  4.0213E-02  2.4964E+00
  1.0025E+00  7.4270E-02 -2.2862E-01  4.0213E-02  2.4964E+00
 -3.2647E-01 -3.6299E-02 -9.7714E-01  4.0213E-02  2.4964E+00
 -1.0161E+00 -1.1018E-01  1.1628E-01  3.9683E-02  2.5977E+00
  1.0150E+00 -1.6619E-01 -2.0503E-02  3.9683E-02  2.5977E+00
 -8.3202E-02 -5.8157E-02 -1.0237E+00  3.9683E-02  2.5977E+00
  5.7196E-01  6.7476E-03  8.5501E-01  3.9683E-02  2.5977E+00
 -4.0942E-01 -1.7168E-01  9.2563E-01  3.9143E-02  2.7067E+00
 -3.2554E-01  1.8505E-01  9.5587E-01  3.9143E-02  2.7067E+00
  5.6746E-01 -1.6724E-01 -8.3900E-01  3.9143E-02  2.7067E+00
 -9.7412E-01  9.8419E-02 -3.0873E-01  3.9143E-02  2.7067E+00
 -9.2241E-01 -1.7637E-01 -4.1467E-01  3.9143E-02  2.7067E+00
 -4.6095E-01  1.6904E-01  8.9928E-01  3.8592E-02  2.8243E+00
  9.7713E-01  3.8272E-03  3.0815E-01  3.8592E-02  2.8243E+00
  2.1170E-01  1.0424E-01  9.9703E-01  3.8592E-02  2.8243E+00
  4.2335E-01 -1.6148E-01  9.1894E-01  3.8592E-02  2.8243E+00
  1.2403E-01 -2.3048E-02 -1.0168E+00  3.8592E-02  2.8243E+00
  4.8053E-01  1.6168E-02  9.0255E-01  3.8029E-02  2.9517E+00
 -3.2150E-02 -1.4720E-01  1.0115E+00  3.8029E-02  2.9517E+00
 -6.3863E-01  4.8063E-02 -7.9725E-01  3.8029E-02  2.9517E+00
 -3.4555E-01 -2.2536E-02 -9.6221E-01  3.8029E-02  2.9517E+00
 -1.0086E+00 -1.6688E-01 -2.3482E-02  3.8029E-02  2.9517E+00
 -9.9260E-01 -1.6887E-01 -1.6787E-01  3.7452E-02  3.0900E+00
 -4.4736E-01  1.7753E-01 -9.0017E-01  3.7452E-02  3.0900E+00
  5.2493E-01  3.0861E-03 -8.7543E-01  3.7452E-02  3.0900E+00
  8.5507E-01  9.2865E-02  5.4972E-01  3.7452E-02  3.0900E+00
 -5.8339E-01 -2.1817E-02 -8.3734E-01  3.7452E-02  3.0900E+00
 -3.3282E-02  4.5753E-02 -1.0192E+00  3.7452E-02  3.0900E+00
  4.7699E-01  1.7329E-01 -8.8360E-01  3.6862E-02  3.2409E+00
  2.1481E-01 -4.3746E-02 -9.9511E-01  3.6862E-02  3.2409E+00
  1.0087E+00 -4.1696E-02 -1.3816E-01  3.6862E-02  3.2409E+00
  6.4269E-01 -1.0444E-01  7.8380E-01  3.6862E-02  3.2409E+00
 -9.9689E-01 -1.1283E-01 -1.6821E-01  3.6256E-02  3.4062E+00
 -4.2069E-01 -1.0428E-01 -9.2031E-01  3.6256E-02  3.4062E+00
 -6.7394E-01 -1.5596E-01  7.4363E-01  3.5633E-02  3.5880E+00
 -6.3608E-01  1.6100E-01 -7.7524E-01  3.5633E-02  3.5880E+00
  8.3663E-02  1.2233E-01 -1.0048E+00  3.5633E-02  3.5880E+00
 -9.6772E-02 -9.1355E-02 -1.0069E+00  3.5633E-02  3.5880E+00
 -1.0083E+00  1.1362E-01 -4.3524E-02  3.5633E-02  3.5880E+00
  5.4340E-01 -3.2668E-02  8.5741E-01  3.5633E-02  3.5880E+00
  4.2820E-01 -1.6785E-01 -9.0379E-01  3.4991E-02  3.7890E+00
 -8.1069E-01 -5.9527E-03  6.0918E-01  3.4991E-02  3.7890E+00
  2.4407E-01 -1.0145E-01 -9.7903E-01  3.4991E-02  3.7890E+00
  1.0049E+00 -8.0752E-02 -1.1003E-01  3.4991E-02  3.7890E+00
  9.1315E-01  1.1057E-01 -4.2696E-01  3.4991E-02  3.7890E+00
  9.0577E-01 -1.2057E-03  4.5272E-01  3.4329E-02  4.0125E+00
  9.9129E-01  5.8704E-02 -1.9818E-01  3.4329E-02  4.0125E+00
  6.0626E-01 -1.5386E-01 -7.9634E-01  3.4329E-02  4.0125E+00
 -6.6333E-01  7.4628E-02  7.6145E-01  3.4329E-02  4.0125E+00
 -9.1608E-01 -1.6041E-01 -4.0055E-01  3.4329E-02  4.0125E+00
 -8.7831E-01 -1.4536E-01  4.7958E-01  3.3644E-02  4.2626E+00
 -4.8029E-02 -1.7339E-01  9.9375E-01  3.2934E-02  4.5444E+00
 -7.4490E-01 -5.0742E-03 -6.8010E-01  3.2195E-02  4.8645E+00
  6.1286E-01  7.2142E-04 -8.0115E-01  3.2195E-02  4.8645E+00
  8.6047E-01  7.9299E-02 -5.1810E-01  3.1425E-02  5.2312E+00
 -2.8456E-01 -3.1355E-03  9.6651E-01  3.1425E-02  5.2312E+00
 -9.9263E-01 -3.5770E-02  1.6892E-01  3.1425E-02  5.2312E+00
  5.4375E-01 -1.4578E-01 -8.3559E-01  3.1425E-02  5.2312E+00
  8.0165E-01  1.7986E-01 -5.8135E-01  3.0618E-02  5.6557E+00
  9.3079E-01 -7.4168E-02 -3.7562E-01  3.0618E-02  5.6557E+00
  8.0459E-01  6.2064E-02  5.9980E-01  2.9770E-02  6.1530E+00
  9.2918E-01 -9.3408E-02 -3.7268E-01  2.9770E-02  6.1530E+00
 -9.0057E-01  1.2480E-01 -4.2940E-01  2.9770E-02  6.1530E+00
 -2.7947E-01  2.4062E-02 -9.6462E-01  2.8874E-02  6.7438E+00
 -3.4869E-01 -3.9903E-02 -9.4127E-01  2.8874E-02  6.7438E+00
 -9.7105E-01 -9.9877E-02 -2.3365E-01  2.7921E-02  7.4574E+00
 -9.9163E-01 -1.4460E-01 -5.7267E-02  2.7921E-02  7.4574E+00
  9.7441E-01 -1.4068E-01  1.9557E-01  2.7921E-02  7.4574E+00
 -3.0956E-01  6.6018E-02  9.5175E-01  2.6903E-02  8.3369E+00
  9.8706E-01  1.7798E-01 -7.9373E-03  2.6903E-02  8.3369E+00
  6.6701E-01 -2.9613E-02 -7.4849E-01  2.6903E-02  8.3369E+00
  2.8111E-01 -1.0004E-01 -9.5760E-01  2.6903E-02  8.3369E+00
  9.4103E-01  1.7123E-01  2.9974E-01  2.5804E-02  9.4481E+00
  4.4102E-01 -1.2269E-01  8.9171E-01  2.5804E-02  9.4481E+00
 -5.1310E-01 -1.8796E-02  8.6085E-01  2.5804E-02  9.4481E+00
  6.6827E-01  5.4557E-02  7.4429E-01  2.4606E-02  1.0897E+01
  3.5375E-01  3.0660E-02 -9.3673E-01  2.4606E-02  1.0897E+01
  2.5839E-01 -1.3732E-01 -9.5808E-01  2.4606E-02  1.0897E+01
  2.8651E-01 -2.5039E-02 -9.5908E-01  2.3280E-02  1.2866E+01
 -5.1138E-01  1.1428E-02 -8.6076E-01  2.3280E-02  1.2866E+01
  7.0769E-01 -1.3932E-01 -6.9448E-01  2.3280E-02  1.2866E+01
  9.8945E-01 -1.2124E-01  8.9459E-02  2.1787E-02  1.5696E+01
 -9.4797E-02  8.9189E-02  9.9202E-01  2.0058E-02  2.0115E+01
 -8.1387E-01  4.9361E-02  5.7942E-01  1.7969E-02  2.7981E+01
  6.8922E-01  1.0240E-01  7.1765E-01  1.7969E-02  2.7981E+01
  6.0344E-01 -1.4076E-01  7.8523E-01  1.7969E-02  2.7981E+01
